<TICKER>,<PER>,<DATE>,<TIME>,<OPEN>,<HIGH>,<LOW>,<CLOSE>,<VOL>,<OPENINT>
RBCN.US,60,20200914,170000,8.4668,8.509,8.425,8.509,2100,0
RBCN.US,60,20200914,210000,8.39,8.4182,8.39,8.4182,413,0
RBCN.US,60,20200915,160000,8.4,8.5,8.37,8.37,2025,0
RBCN.US,60,20200915,180000,8.5,8.5591,8.5,8.5591,1615,0
RBCN.US,60,20200915,190000,8.78,8.78,8.6049,8.6049,6700,0
RBCN.US,60,20200915,200000,8.56,8.56,8.56,8.56,100,0
RBCN.US,60,20200915,210000,8.545,8.545,8.545,8.545,100,0
RBCN.US,60,20200915,220000,8.4201,8.67,8.4201,8.545,1450,0
RBCN.US,60,20200916,160000,8.6,8.6,8.6,8.6,100,0
RBCN.US,60,20200916,190000,8.535,8.535,8.535,8.535,100,0
RBCN.US,60,20200916,200000,8.43,8.43,8.43,8.43,100,0
RBCN.US,60,20200916,210000,8.4902,8.4902,8.4902,8.4902,100,0
RBCN.US,60,20200916,220000,8.6,8.6,8.6,8.6,209,0
RBCN.US,60,20200917,190000,8.55,8.55,8.4718,8.4718,701,0
RBCN.US,60,20200917,220000,8.58,8.58,8.58,8.58,125,0
RBCN.US,60,20200918,160000,8.65,8.65,8.65,8.65,200,0
RBCN.US,60,20200918,180000,8.5585,8.5585,8.55,8.5536,800,0
RBCN.US,60,20200918,210000,8.65,8.75,8.65,8.75,2173,0
RBCN.US,60,20200918,220000,8.725,8.75,8.6221,8.6221,600,0
RBCN.US,60,20200921,160000,8.5354,8.55,8.5225,8.55,700,0
RBCN.US,60,20200921,170000,8.7,8.7,8.7,8.7,200,0
RBCN.US,60,20200921,180000,8.7,8.77,8.7,8.77,500,0
RBCN.US,60,20200921,190000,8.665,8.665,8.57,8.57,900,0
RBCN.US,60,20200921,200000,8.665,8.665,8.665,8.665,1100,0
RBCN.US,60,20200921,210000,8.605,8.625,8.5501,8.625,1530,0
RBCN.US,60,20200921,220000,8.625,8.7,8.625,8.7,1205,0
RBCN.US,60,20200922,160000,8.78,8.78,8.78,8.78,1569,0
RBCN.US,60,20200922,170000,8.6263,8.7465,8.6,8.74,1600,0
RBCN.US,60,20200922,190000,8.62,8.62,8.62,8.62,150,0
RBCN.US,60,20200922,200000,8.6,8.6,8.6,8.6,200,0
RBCN.US,60,20200922,210000,8.6,8.63,8.6,8.63,600,0
RBCN.US,60,20200922,220000,8.6,8.66,8.6,8.66,398,0
RBCN.US,60,20200923,190000,8.57,8.58,8.56,8.58,400,0
RBCN.US,60,20200923,210000,8.55,8.55,8.5,8.5,3928,0
RBCN.US,60,20200923,220000,8.645,8.65,8.5898,8.5898,871,0
RBCN.US,60,20200924,160000,8.5038,8.5038,8.5,8.5,850,0
RBCN.US,60,20200924,180000,8.5,8.6209,8.5,8.6209,239,0
RBCN.US,60,20200924,200000,8.52,8.52,8.5,8.5,698,0
RBCN.US,60,20200924,220000,8.595,8.595,8.595,8.595,600,0
RBCN.US,60,20200925,180000,8.545,8.545,8.545,8.545,111,0
RBCN.US,60,20200925,220000,8.5,8.5,8.5,8.5,100,0
RBCN.US,60,20200928,160000,8.641,8.641,8.641,8.641,1199,0
RBCN.US,60,20200928,180000,8.51,8.51,8.51,8.51,200,0
RBCN.US,60,20200928,210000,8.51,8.51,8.51,8.51,100,0
RBCN.US,60,20200930,170000,8.53,8.53,8.53,8.53,200,0
RBCN.US,60,20200930,190000,8.53,8.53,8.53,8.53,100,0
RBCN.US,60,20200930,200000,8.53,8.53,8.53,8.53,100,0
RBCN.US,60,20200930,210000,8.53,8.5321,8.5,8.5,4496,0
RBCN.US,60,20201001,160000,8.51,8.51,8.51,8.51,750,0
RBCN.US,60,20201001,170000,8.5,8.5,8.5,8.5,100,0
RBCN.US,60,20201001,180000,8.65,8.65,8.65,8.65,1500,0
RBCN.US,60,20201001,200000,8.66,8.66,8.66,8.66,100,0
RBCN.US,60,20201002,170000,8.69,8.69,8.646,8.646,366,0
RBCN.US,60,20201002,210000,8.65,8.65,8.65,8.65,200,0
RBCN.US,60,20201002,220000,8.65,8.65,8.645,8.65,505,0
RBCN.US,60,20201005,160000,8.69,8.69,8.69,8.69,129,0
RBCN.US,60,20201005,170000,8.53,8.53,8.53,8.53,100,0
RBCN.US,60,20201006,220000,8.69,8.7,8.54,8.54,1182,0
RBCN.US,60,20201007,160000,8.574,8.574,8.574,8.574,350,0
RBCN.US,60,20201007,170000,8.55,8.55,8.55,8.55,200,0
RBCN.US,60,20201007,200000,8.59,8.59,8.59,8.59,100,0
RBCN.US,60,20201007,220000,8.5899,8.59,8.5899,8.59,300,0
RBCN.US,60,20201008,170000,8.601,8.601,8.601,8.601,100,0
RBCN.US,60,20201008,180000,8.6,8.6,8.59,8.59,415,0
RBCN.US,60,20201008,190000,8.6245,8.6245,8.6245,8.6245,300,0
RBCN.US,60,20201008,210000,8.62,8.62,8.62,8.62,100,0
RBCN.US,60,20201009,180000,8.62,8.62,8.62,8.62,100,0
RBCN.US,60,20201009,190000,8.62,8.655,8.62,8.655,200,0
RBCN.US,60,20201009,220000,8.62,8.62,8.62,8.62,102,0
RBCN.US,60,20201012,170000,8.67,8.67,8.67,8.67,150,0
RBCN.US,60,20201012,180000,8.64,8.64,8.52,8.52,1196,0
RBCN.US,60,20201012,190000,8.5,8.5,8.5,8.5,826,0
RBCN.US,60,20201012,210000,8.5,8.56,8.5,8.56,1904,0
RBCN.US,60,20201012,220000,8.5,8.5,8.5,8.5,2906,0
RBCN.US,60,20201013,190000,8.39,8.39,8.39,8.39,200,0
RBCN.US,60,20201013,210000,8.4,8.4,8.4,8.4,100,0
RBCN.US,60,20201015,190000,8.5,8.5,8.5,8.5,100,0
RBCN.US,60,20201016,180000,8.5669,8.5669,8.5669,8.5669,475,0
RBCN.US,60,20201016,200000,8.5,8.5,8.5,8.5,100,0
RBCN.US,60,20201016,210000,8.5001,8.5001,8.5001,8.5001,100,0
RBCN.US,60,20201019,170000,8.49,8.5,8.4278,8.4278,1349,0
RBCN.US,60,20201020,210000,8.425,8.425,8.425,8.425,329,0
RBCN.US,60,20201022,170000,8.425,8.425,8.425,8.425,400,0
RBCN.US,60,20201022,220000,8.5,8.5,8.41,8.41,352,0
RBCN.US,60,20201023,160000,8.4,8.4,8.4,8.4,291,0
RBCN.US,60,20201023,210000,8.4579,8.4587,8.45,8.45,700,0
RBCN.US,60,20201023,220000,8.5,8.5,8.45,8.45,700,0
RBCN.US,60,20201026,150000,8.4,8.4,8.4,8.4,100,0
RBCN.US,60,20201026,210000,8.41,8.41,8.41,8.41,365,0
RBCN.US,60,20201027,170000,8.475,8.475,8.475,8.475,200,0
RBCN.US,60,20201027,180000,8.45,8.473,8.45,8.45,3615,0
RBCN.US,60,20201027,210000,8.46,8.46,8.46,8.46,320,0
RBCN.US,60,20201028,150000,8.45,8.4501,8.4,8.4,1361,0
RBCN.US,60,20201028,170000,8.5,8.5,8.4453,8.4453,480,0
RBCN.US,60,20201029,210000,8.5,8.5,8.5,8.5,200,0
RBCN.US,60,20201030,150000,8.5,8.5,8.5,8.5,500,0
RBCN.US,60,20201102,170000,8.45,8.45,8.4,8.4252,1234,0
RBCN.US,60,20201103,180000,8.473,8.473,8.437,8.45,700,0
RBCN.US,60,20201103,210000,8.49,8.5,8.49,8.5,1009,0
RBCN.US,60,20201103,220000,8.6,8.6,8.6,8.6,1190,0
RBCN.US,60,20201104,160000,8.51,8.51,8.51,8.51,250,0
RBCN.US,60,20201105,180000,8.58,8.5875,8.58,8.5875,470,0
RBCN.US,60,20201109,220000,8.42,8.42,8.42,8.42,100,0
RBCN.US,60,20201110,160000,8.41,8.41,8.41,8.41,100,0
RBCN.US,60,20201110,190000,8.58,8.65,8.58,8.65,2700,0
RBCN.US,60,20201110,210000,8.68,8.71,8.68,8.71,1382,0
RBCN.US,60,20201110,220000,8.65,8.78,8.65,8.78,1563,0
RBCN.US,60,20201111,160000,8.83,8.95,8.83,8.95,351,0
RBCN.US,60,20201111,180000,8.94,8.94,8.94,8.94,100,0
RBCN.US,60,20201111,220000,8.8,8.8,8.7,8.7,900,0
RBCN.US,60,20201112,180000,8.65,8.6507,8.65,8.6507,300,0
RBCN.US,60,20201112,220000,8.69,8.69,8.5303,8.5303,600,0
RBCN.US,60,20201113,200000,8.65,8.65,8.65,8.65,100,0
RBCN.US,60,20201116,210000,8.53,8.53,8.53,8.53,100,0
RBCN.US,60,20201116,220000,8.65,8.65,8.65,8.65,159,0
RBCN.US,60,20201117,160000,8.7,8.7,8.7,8.7,106,0
RBCN.US,60,20201117,180000,8.69,8.69,8.69,8.69,100,0
RBCN.US,60,20201117,190000,8.825,8.825,8.825,8.825,185,0
RBCN.US,60,20201118,200000,8.85,8.85,8.7,8.7,200,0
RBCN.US,60,20201119,160000,8.8,8.8,8.8,8.8,408,0
RBCN.US,60,20201119,190000,8.72,8.72,8.72,8.72,100,0
RBCN.US,60,20201120,170000,8.7662,8.7662,8.7662,8.7662,100,0
RBCN.US,60,20201120,180000,8.7,8.7807,8.7,8.7807,519,0
RBCN.US,60,20201120,190000,8.78,8.78,8.7323,8.7323,350,0
RBCN.US,60,20201120,210000,8.76,8.8,8.76,8.8,1100,0
RBCN.US,60,20201120,220000,8.8,8.8,8.8,8.8,100,0
RBCN.US,60,20201123,160000,8.9,8.9,8.9,8.9,217,0
RBCN.US,60,20201123,170000,8.85,8.9386,8.85,8.9386,669,0
RBCN.US,60,20201123,190000,8.93,8.9719,8.93,8.9719,1409,0
RBCN.US,60,20201123,200000,8.95,9,8.9455,8.96,784,0
RBCN.US,60,20201123,210000,8.9747,9,8.96,8.96,420,0
RBCN.US,60,20201123,220000,8.96,9,8.9,8.9,4711,0
RBCN.US,60,20201124,170000,8.85,8.9327,8.85,8.9327,1700,0
RBCN.US,60,20201124,180000,8.8665,8.8665,8.8665,8.8665,300,0
RBCN.US,60,20201124,200000,8.8,8.9224,8.8,8.9224,2213,0
RBCN.US,60,20201124,220000,8.72,8.72,8.72,8.72,170,0
RBCN.US,60,20201125,160000,8.88,8.88,8.88,8.88,101,0
RBCN.US,60,20201125,210000,8.75,8.75,8.75,8.75,100,0
RBCN.US,60,20201127,160000,8.8,8.8,8.8,8.8,100,0
RBCN.US,60,20201127,180000,8.91,8.91,8.91,8.91,141,0
RBCN.US,60,20201127,190000,8.8548,8.855,8.44,8.5425,12756,0
RBCN.US,60,20201130,160000,8.64,8.64,8.64,8.64,303,0
RBCN.US,60,20201130,170000,8.6387,8.6387,8.5,8.5,300,0
RBCN.US,60,20201130,180000,8.796,8.796,8.796,8.796,200,0
RBCN.US,60,20201130,190000,8.81,8.81,8.81,8.81,150,0
RBCN.US,60,20201201,160000,8.76,8.91,8.76,8.91,4833,0
RBCN.US,60,20201201,180000,8.85,8.9086,8.83,8.83,1400,0
RBCN.US,60,20201201,210000,8.91,9,8.91,8.9983,5289,0
RBCN.US,60,20201201,220000,8.97,9.0225,8.97,9.0225,3835,0
RBCN.US,60,20201202,170000,8.92,8.92,8.92,8.92,100,0
RBCN.US,60,20201202,190000,8.75,8.75,8.75,8.75,649,0
RBCN.US,60,20201202,200000,8.77,8.77,8.77,8.77,100,0
RBCN.US,60,20201202,220000,8.82,8.82,8.82,8.82,400,0
RBCN.US,60,20201203,160000,8.9,8.925,8.9,8.925,750,0
RBCN.US,60,20201203,180000,8.8591,8.8591,8.8591,8.8591,100,0
RBCN.US,60,20201203,190000,8.82,8.925,8.82,8.925,400,0
RBCN.US,60,20201203,220000,8.82,8.98,8.82,8.98,349,0
RBCN.US,60,20201204,190000,8.84,8.8675,8.8216,8.8216,700,0
RBCN.US,60,20201204,220000,8.98,8.98,8.85,8.8941,1020,0
RBCN.US,60,20201207,190000,8.95,8.95,8.9,8.9,220,0
RBCN.US,60,20201207,220000,8.9,8.92,8.9,8.91,1667,0
RBCN.US,60,20201208,180000,8.94,8.94,8.94,8.94,100,0
RBCN.US,60,20201208,190000,9.05,9.05,9.05,9.05,5400,0
RBCN.US,60,20201208,210000,9.05,9.05,9.05,9.05,100,0
RBCN.US,60,20201209,160000,9.05,9.05,9.05,9.05,964,0
RBCN.US,60,20201209,170000,9.0293,9.0293,9.02,9.02,330,0
RBCN.US,60,20201209,180000,9.02,9.02,9.02,9.02,251,0
RBCN.US,60,20201209,190000,9.05,9.05,9.0485,9.05,1600,0
RBCN.US,60,20201209,210000,9.05,9.05,9.05,9.05,100,0
RBCN.US,60,20201209,220000,9.02,9.02,9.02,9.02,364,0
RBCN.US,60,20201210,180000,9.03,9.03,9.03,9.03,200,0
RBCN.US,60,20201210,200000,9.01,9.027,9.01,9.027,875,0
RBCN.US,60,20201210,220000,9.02,9.05,9.0199,9.05,4336,0
RBCN.US,60,20201211,170000,9.065,9.065,9.065,9.065,200,0
RBCN.US,60,20201211,200000,9.1,9.1,9.06,9.06,1978,0
RBCN.US,60,20201211,220000,9.02,9.02,9.02,9.02,100,0
RBCN.US,60,20201214,160000,9.1,9.1,9.1,9.1,400,0
RBCN.US,60,20201214,180000,9.05,9.05,9.02,9.02,399,0
RBCN.US,60,20201214,200000,9.24,9.24,9.12,9.12,300,0
RBCN.US,60,20201214,220000,9.2348,9.2348,9.05,9.07,500,0
RBCN.US,60,20201215,160000,9.07,9.4,9.07,9.1127,300,0
RBCN.US,60,20201215,200000,9.11,9.11,9.11,9.11,100,0
RBCN.US,60,20201215,210000,9.1316,9.1316,9.1316,9.1316,150,0
RBCN.US,60,20201215,220000,9.1,9.41,9.025,9.41,1944,0
RBCN.US,60,20201216,160000,9.43,9.44,9.0759,9.44,995,0
RBCN.US,60,20201216,180000,9.3718,9.3718,9.07,9.07,204,0
RBCN.US,60,20201216,190000,9.1826,9.1826,9.0301,9.0301,271,0
RBCN.US,60,20201216,200000,9.0952,9.0952,9.0952,9.0952,100,0
RBCN.US,60,20201216,210000,9.1328,9.1328,9.1328,9.1328,900,0
RBCN.US,60,20201217,160000,9.2465,9.2465,9.2465,9.2465,100,0
RBCN.US,60,20201217,170000,9.59,9.6,9.49,9.53,667,0
RBCN.US,60,20201217,180000,9.49,9.59,9.49,9.5027,11603,0
RBCN.US,60,20201217,190000,9.49,9.49,9.49,9.49,300,0
RBCN.US,60,20201217,200000,9.5,9.59,9.18,9.18,2900,0
RBCN.US,60,20201217,220000,9.49,9.49,9.49,9.49,119,0
RBCN.US,60,20201218,160000,9.5,9.5,9.212,9.2537,5733,0
RBCN.US,60,20201218,170000,9.06,9.06,9.06,9.06,100,0
RBCN.US,60,20201218,190000,9.1185,9.1191,9.1185,9.1191,300,0
RBCN.US,60,20201218,220000,9.46,9.46,9.46,9.46,100,0
RBCN.US,60,20201221,160000,9.25,9.25,9.21,9.21,200,0
RBCN.US,60,20201221,170000,9.38,10,9.38,9.519,8125,0
RBCN.US,60,20201221,180000,9.6613,9.9947,9.6613,9.9947,2300,0
RBCN.US,60,20201221,190000,9.638,9.66,9.5642,9.65,6900,0
RBCN.US,60,20201221,200000,9.66,9.66,9.43,9.43,6000,0
RBCN.US,60,20201221,220000,9.265,9.48,9.265,9.48,510,0
RBCN.US,60,20201222,200000,9.5,9.6379,9.5,9.6379,600,0
RBCN.US,60,20201222,220000,9.56,9.56,9.56,9.56,100,0
RBCN.US,60,20201223,180000,9.62,9.62,9.5,9.53,1600,0
RBCN.US,60,20201223,190000,9.48,9.4999,9.48,9.49,300,0
RBCN.US,60,20201223,200000,9.3194,9.5,9.3194,9.5,7781,0
RBCN.US,60,20201223,220000,9.45,9.45,9.45,9.45,242,0
RBCN.US,60,20201224,160000,9.36,9.36,9.36,9.36,112,0
RBCN.US,60,20201224,170000,9.32,9.32,9.32,9.32,237,0
RBCN.US,60,20201224,190000,9.4,9.4,9.4,9.4,100,0
RBCN.US,60,20201228,170000,9.54,9.54,9.54,9.54,200,0
RBCN.US,60,20201228,180000,9.52,9.52,9.52,9.52,1100,0
RBCN.US,60,20201228,190000,9.415,9.415,9.415,9.415,115,0
RBCN.US,60,20201228,220000,9.33,9.33,9.2502,9.2502,370,0
RBCN.US,60,20201229,160000,9.45,9.45,9.45,9.45,110,0
RBCN.US,60,20201229,190000,9.4,9.4175,9.4,9.4175,500,0
RBCN.US,60,20201229,200000,9.4,9.4,9.4,9.4,180,0
RBCN.US,60,20201229,210000,9.25,9.25,9.25,9.25,100,0
RBCN.US,60,20201229,220000,9.16,9.33,9.16,9.33,201,0
RBCN.US,60,20201230,160000,9.26,9.26,9.26,9.26,418,0
RBCN.US,60,20201230,220000,9.2,9.2,9.2,9.2,100,0
RBCN.US,60,20201231,180000,9.27,9.3768,9.22,9.22,700,0
RBCN.US,60,20201231,190000,9.2,9.2,9.2,9.2,900,0
RBCN.US,60,20201231,200000,9.15,9.15,9.05,9.05,550,0
RBCN.US,60,20201231,210000,9.02,9.06,9.02,9.05,1850,0
RBCN.US,60,20201231,220000,9.05,9.05,9.05,9.05,133,0
RBCN.US,60,20210104,160000,9.19,9.19,9.19,9.19,277,0
RBCN.US,60,20210104,170000,9.26,9.3,9.26,9.3,200,0
RBCN.US,60,20210104,180000,9.4252,9.4252,9.4252,9.4252,600,0
RBCN.US,60,20210104,210000,9.22,9.26,9.22,9.26,300,0
RBCN.US,60,20210104,220000,9.22,9.22,9.22,9.22,169,0
RBCN.US,60,20210105,210000,9.48,9.5,9.48,9.5,1100,0
RBCN.US,60,20210105,220000,9.6,9.9,9.6,9.9,421,0
RBCN.US,60,20210106,160000,9.7753,9.7753,9.7753,9.7753,1000,0
RBCN.US,60,20210106,180000,9.602,9.602,9.602,9.602,900,0
RBCN.US,60,20210106,190000,9.76,9.79,9.52,9.52,1179,0
RBCN.US,60,20210106,210000,9.625,9.6399,9.575,9.62,6496,0
RBCN.US,60,20210106,220000,9.62,9.63,9.25,9.25,6596,0
RBCN.US,60,20210107,170000,9.5,9.5,9.5,9.5,300,0
RBCN.US,60,20210107,180000,9.499,9.499,9.499,9.499,153,0
RBCN.US,60,20210107,190000,9.4973,9.5,9.47,9.5,11392,0
RBCN.US,60,20210107,200000,9.6193,9.6193,9.6193,9.6193,100,0
RBCN.US,60,20210107,210000,9.65,9.65,9.65,9.65,200,0
RBCN.US,60,20210107,220000,9.725,9.8599,9.64,9.66,6045,0
RBCN.US,60,20210108,170000,9.69,9.7637,9.66,9.7637,1600,0
RBCN.US,60,20210108,200000,9.6999,9.6999,9.66,9.672,1258,0
RBCN.US,60,20210111,170000,9.71,9.71,9.71,9.71,1500,0
RBCN.US,60,20210111,190000,9.9,9.9,9.9,9.9,600,0
RBCN.US,60,20210111,200000,9.86,9.88,9.86,9.88,800,0
RBCN.US,60,20210111,210000,9.88,9.9,9.84,9.9,1200,0
RBCN.US,60,20210111,220000,9.805,9.81,9.8,9.8,400,0
RBCN.US,60,20210112,160000,9.8494,9.8494,9.8494,9.8494,100,0
RBCN.US,60,20210112,220000,9.99,10,9.85,9.85,5406,0
RBCN.US,60,20210113,160000,9.8,9.998,9.8,9.8,1875,0
RBCN.US,60,20210113,180000,9.82,9.82,9.8,9.8,766,0
RBCN.US,60,20210113,190000,9.81,9.87,9.81,9.87,700,0
RBCN.US,60,20210113,210000,9.905,10,9.905,10,2337,0
RBCN.US,60,20210113,220000,10,10,9.95,9.975,2200,0
RBCN.US,60,20210114,160000,10.07,10.07,9.99,10,3516,0
RBCN.US,60,20210114,170000,9.9998,9.9998,9.9998,9.9998,100,0
RBCN.US,60,20210114,180000,9.99,10,9.982,10,1311,0
RBCN.US,60,20210114,190000,10,10,10,10,100,0
RBCN.US,60,20210114,200000,9.994,9.994,9.994,9.994,800,0
RBCN.US,60,20210114,210000,9.99,9.9998,9.9801,9.99,3820,0
RBCN.US,60,20210114,220000,9.9801,9.9801,9.92,9.921,5759,0
RBCN.US,60,20210115,160000,9.93,9.93,9.925,9.925,2396,0
RBCN.US,60,20210115,170000,9.97,9.98,9.97,9.98,300,0
RBCN.US,60,20210115,200000,9.895,9.895,9.895,9.895,300,0
RBCN.US,60,20210115,210000,9.9899,9.9899,9.9899,9.9899,300,0
RBCN.US,60,20210115,220000,9.97,9.99,9.97,9.99,1201,0
RBCN.US,60,20210119,160000,9.99,9.99,9.95,9.95,1051,0
RBCN.US,60,20210119,200000,9.97,9.99,9.94,9.99,2249,0
RBCN.US,60,20210119,220000,10,10,10,10,400,0
RBCN.US,60,20210120,170000,9.95,9.97,9.95,9.97,3700,0
RBCN.US,60,20210120,180000,9.98,9.98,9.9,9.9,1446,0
RBCN.US,60,20210120,220000,9.81,9.81,9.81,9.81,181,0
RBCN.US,60,20210121,160000,9.94,9.94,9.8,9.8,400,0
RBCN.US,60,20210121,170000,9.865,9.865,9.8,9.8,2676,0
RBCN.US,60,20210121,180000,9.81,9.81,9.81,9.81,100,0
RBCN.US,60,20210121,190000,9.855,9.8627,9.855,9.8627,300,0
RBCN.US,60,20210121,210000,9.855,9.86,9.855,9.86,400,0
RBCN.US,60,20210121,220000,9.8595,9.86,9.855,9.86,4233,0
RBCN.US,60,20210122,160000,9.83,9.83,9.83,9.83,420,0
RBCN.US,60,20210122,180000,9.91,9.91,9.91,9.91,101,0
RBCN.US,60,20210122,190000,9.85,9.85,9.8216,9.8216,311,0
RBCN.US,60,20210122,210000,9.82,9.8472,9.82,9.8472,358,0
RBCN.US,60,20210125,160000,9.9,9.91,9.9,9.91,2953,0
RBCN.US,60,20210125,170000,9.982,9.982,9.91,9.91,505,0
RBCN.US,60,20210125,190000,9.935,9.935,9.935,9.935,500,0
RBCN.US,60,20210126,170000,10,10,10,10,100,0
RBCN.US,60,20210126,200000,9.87,9.911,9.87,9.911,565,0
RBCN.US,60,20210127,160000,9.93,9.93,9.93,9.93,100,0
RBCN.US,60,20210127,180000,9.9,9.9,9.9,9.9,222,0
RBCN.US,60,20210127,190000,9.9,9.9,9.9,9.9,150,0
RBCN.US,60,20210127,200000,10,10,10,10,150,0
RBCN.US,60,20210127,210000,9.9,9.9,9.9,9.9,100,0
RBCN.US,60,20210127,220000,9.8,9.88,9.8,9.88,1002,0
RBCN.US,60,20210128,170000,9.83,9.8773,9.83,9.8773,600,0
RBCN.US,60,20210128,220000,9.7473,9.7499,9.7465,9.7473,405,0
RBCN.US,60,20210201,170000,9.75,9.75,9.75,9.75,120,0
RBCN.US,60,20210201,190000,9.675,9.675,9.6,9.6,800,0
RBCN.US,60,20210201,200000,9.702,9.702,9.702,9.702,100,0
RBCN.US,60,20210201,220000,9.7,9.7,9.675,9.675,812,0
RBCN.US,60,20210202,160000,9.6,9.6815,9.6,9.6815,288,0
RBCN.US,60,20210202,180000,9.6747,9.6747,9.6747,9.6747,114,0
RBCN.US,60,20210202,200000,9.695,9.695,9.695,9.695,300,0
RBCN.US,60,20210202,220000,9.65,9.65,9.65,9.65,998,0
RBCN.US,60,20210203,160000,9.6,9.9,9.6,9.9,303,0
RBCN.US,60,20210203,170000,9.9,9.9001,9.9,9.9001,600,0
RBCN.US,60,20210203,180000,9.6401,9.65,9.6401,9.65,5500,0
RBCN.US,60,20210203,200000,9.65,9.65,9.65,9.65,300,0
RBCN.US,60,20210203,210000,9.66,9.66,9.66,9.66,200,0
RBCN.US,60,20210203,220000,9.67,9.75,9.66,9.75,1102,0
RBCN.US,60,20210204,160000,9.66,9.66,9.66,9.66,103,0
RBCN.US,60,20210204,170000,9.684,9.684,9.684,9.684,700,0
RBCN.US,60,20210204,180000,9.8726,9.8727,9.801,9.8243,924,0
RBCN.US,60,20210204,190000,9.735,9.735,9.735,9.735,920,0
RBCN.US,60,20210204,220000,9.79,9.79,9.7,9.7,300,0
RBCN.US,60,20210205,160000,9.66,9.85,9.66,9.85,204,0
RBCN.US,60,20210205,170000,9.85,9.94,9.85,9.85,1353,0
RBCN.US,60,20210205,180000,9.9499,9.9499,9.9499,9.9499,2000,0
RBCN.US,60,20210205,190000,9.94,10,9.94,10,3599,0
RBCN.US,60,20210205,200000,10,10,10,10,100,0
RBCN.US,60,20210205,210000,9.9999,10,9.9887,10,4242,0
RBCN.US,60,20210205,220000,9.93,10.05,9.93,9.95,6826,0
RBCN.US,60,20210208,160000,9.99,10,9.97,9.97,1098,0
RBCN.US,60,20210208,170000,9.99,10.335,9.98,10.335,5340,0
RBCN.US,60,20210208,180000,10.5653,10.59,10.34,10.59,1398,0
RBCN.US,60,20210208,190000,10.55,10.75,10.55,10.75,1840,0
RBCN.US,60,20210208,200000,10.74,10.74,10.6,10.74,1775,0
RBCN.US,60,20210208,210000,10.7,10.7,10.605,10.605,400,0
RBCN.US,60,20210208,220000,10.7207,10.7207,10.665,10.68,7448,0
RBCN.US,60,20210209,160000,10.75,10.75,10.7,10.7,1481,0
RBCN.US,60,20210209,170000,10.7,10.7,10.65,10.65,9044,0
RBCN.US,60,20210209,180000,10.7,10.7,10.69,10.7,979,0
RBCN.US,60,20210209,190000,10.6999,10.6999,10.67,10.67,1210,0
RBCN.US,60,20210209,200000,10.66,10.67,10.66,10.67,857,0
RBCN.US,60,20210209,210000,10.67,11.3281,10.67,11.3281,7498,0
RBCN.US,60,20210209,220000,11.196,11.3836,10.8198,11.03,3896,0
RBCN.US,60,20210210,160000,11.0108,11.155,10.9,10.9,1345,0
RBCN.US,60,20210210,170000,11.1499,11.1499,11.1499,11.1499,550,0
RBCN.US,60,20210210,180000,10.7601,10.85,10.75,10.75,2342,0
RBCN.US,60,20210210,200000,10.7729,10.7729,10.7729,10.7729,190,0
RBCN.US,60,20210210,210000,10.9268,10.9268,10.9268,10.9268,185,0
RBCN.US,60,20210210,220000,10.948,10.95,10.93,10.95,1925,0
RBCN.US,60,20210211,160000,11,11,11,11,260,0
RBCN.US,60,20210211,170000,10.835,10.94,10.835,10.835,1002,0
RBCN.US,60,20210211,180000,10.94,10.94,10.7597,10.7707,1936,0
RBCN.US,60,20210211,190000,10.824,10.9499,10.824,10.9287,1440,0
RBCN.US,60,20210211,200000,10.78,10.78,10.78,10.78,105,0
RBCN.US,60,20210211,220000,10.94,11.15,10.83,10.83,5008,0
RBCN.US,60,20210212,160000,10.72,10.72,10.72,10.72,200,0
RBCN.US,60,20210212,170000,10.79,10.8,10.79,10.8,418,0
RBCN.US,60,20210212,180000,10.95,10.95,10.95,10.95,500,0
RBCN.US,60,20210212,190000,10.91,11.1462,10.91,11.1462,2188,0
RBCN.US,60,20210212,200000,11.15,11.15,11.15,11.15,500,0
RBCN.US,60,20210212,210000,11.1492,11.1492,11.1492,11.1492,959,0
RBCN.US,60,20210212,220000,11.15,11.3085,11.15,11.26,4435,0
RBCN.US,60,20210216,160000,11.69,11.7,11.355,11.355,2266,0
RBCN.US,60,20210216,170000,11.45,11.45,11.3106,11.45,2255,0
RBCN.US,60,20210216,180000,11.43,11.5,11.43,11.5,1235,0
RBCN.US,60,20210216,190000,11.4101,11.4101,11.4101,11.4101,500,0
RBCN.US,60,20210216,200000,11.41,11.45,11.4,11.45,1500,0
RBCN.US,60,20210216,210000,11.45,11.45,11.45,11.45,500,0
RBCN.US,60,20210216,220000,11.45,11.45,11.45,11.45,400,0
RBCN.US,60,20210217,160000,11.26,11.3985,11.25,11.3985,2859,0
RBCN.US,60,20210217,170000,11.36,11.39,11.1403,11.38,1700,0
RBCN.US,60,20210217,180000,11.22,11.35,11.22,11.3499,841,0
RBCN.US,60,20210217,190000,11.3,11.3,11.06,11.19,1043,0
RBCN.US,60,20210217,200000,11.19,11.29,11.19,11.29,600,0
RBCN.US,60,20210217,210000,11.29,11.29,11.28,11.28,600,0
RBCN.US,60,20210217,220000,11.27,11.27,11.178,11.178,400,0
RBCN.US,60,20210218,160000,11.25,11.25,11.25,11.25,100,0
RBCN.US,60,20210218,170000,11.2212,11.2212,10.92,10.92,915,0
RBCN.US,60,20210218,180000,11.0163,11.0163,11.0163,11.0163,100,0
RBCN.US,60,20210218,190000,11.02,11.02,11.02,11.02,100,0
RBCN.US,60,20210218,210000,11.0177,11.0177,11.0177,11.0177,100,0
RBCN.US,60,20210218,220000,11.01,11.13,11.01,11.13,2600,0
RBCN.US,60,20210219,160000,11.06,11.07,10.87,10.895,1438,0
RBCN.US,60,20210219,170000,10.74,10.74,10.52,10.52,2245,0
RBCN.US,60,20210219,180000,10.57,10.7344,10.57,10.6,1335,0
RBCN.US,60,20210219,190000,10.59,10.59,10.56,10.56,700,0
RBCN.US,60,20210219,210000,10.576,10.74,10.576,10.74,8913,0
RBCN.US,60,20210219,220000,10.707,10.7263,10.685,10.7263,2200,0
RBCN.US,60,20210222,170000,11.1069,11.1069,10.8803,10.8803,285,0
RBCN.US,60,20210222,180000,10.915,10.915,10.9,10.9,1200,0
RBCN.US,60,20210222,190000,10.8827,11.08,10.8827,11.08,700,0
RBCN.US,60,20210222,200000,11.0583,11.07,11.0583,11.07,450,0
RBCN.US,60,20210222,220000,10.97,10.98,10.88,10.88,510,0
RBCN.US,60,20210223,160000,10.88,10.88,10.88,10.88,200,0
RBCN.US,60,20210223,170000,10.73,10.73,10.73,10.73,200,0
RBCN.US,60,20210223,180000,10.9574,10.9574,10.66,10.78,2543,0
RBCN.US,60,20210223,190000,10.93,10.93,10.93,10.93,110,0
RBCN.US,60,20210223,210000,10.8,10.8,10.8,10.8,832,0
RBCN.US,60,20210223,220000,10.7896,10.7896,10.7896,10.7896,500,0
RBCN.US,60,20210224,190000,10.6533,10.82,10.6533,10.82,2800,0
RBCN.US,60,20210224,200000,10.72,10.82,10.28,10.5,4678,0
RBCN.US,60,20210224,210000,10.29,10.29,10.25,10.25,796,0
RBCN.US,60,20210224,220000,10.27,10.3992,10.1501,10.1501,3010,0
RBCN.US,60,20210225,160000,10.57,10.82,10.57,10.82,1686,0
RBCN.US,60,20210225,170000,10.51,10.5528,10.51,10.5528,200,0
RBCN.US,60,20210225,220000,10.5,10.55,10.5,10.55,565,0
RBCN.US,60,20210226,160000,10.11,10.4,10.11,10.4,400,0
RBCN.US,60,20210226,190000,10.266,10.266,10.2216,10.2216,7344,0
RBCN.US,60,20210226,200000,10.4897,10.4897,10.4897,10.4897,100,0
RBCN.US,60,20210226,220000,10.065,10.1778,10.065,10.1778,800,0
RBCN.US,60,20210301,160000,10.12,10.77,10.12,10.77,507,0
RBCN.US,60,20210301,170000,10.59,10.59,10.57,10.57,376,0
RBCN.US,60,20210301,190000,10.71,10.92,10.71,10.92,200,0
RBCN.US,60,20210301,200000,10.96,10.96,10.7,10.7,2901,0
RBCN.US,60,20210301,220000,10.12,10.32,10.12,10.32,457,0
RBCN.US,60,20210302,160000,10.04,10.31,10.04,10.31,2411,0
RBCN.US,60,20210302,180000,11.0666,11.0666,10.87,10.87,200,0
RBCN.US,60,20210302,200000,10.7,10.7,10.7,10.7,100,0
RBCN.US,60,20210302,220000,10.25,10.25,10.25,10.25,100,0
RBCN.US,60,20210303,160000,10.32,10.32,10.32,10.32,482,0
RBCN.US,60,20210303,180000,10.378,10.378,10.378,10.378,143,0
RBCN.US,60,20210303,190000,10.195,10.195,10.195,10.195,100,0
RBCN.US,60,20210303,200000,9.91,9.9293,9.87,9.9293,390,0
RBCN.US,60,20210303,210000,9.95,9.95,9.95,9.95,100,0
RBCN.US,60,20210303,220000,10,10.15,10,10.06,785,0
RBCN.US,60,20210304,160000,9.95,9.95,9.95,9.95,294,0
RBCN.US,60,20210304,170000,9.98,9.98,9.98,9.98,100,0
RBCN.US,60,20210304,180000,10.14,10.14,10.14,10.14,100,0
RBCN.US,60,20210304,190000,10.14,10.14,9.8,9.8,2100,0
RBCN.US,60,20210304,200000,9.8,9.945,9.8,9.94,3096,0
RBCN.US,60,20210304,220000,10.03,10.03,9.9999,9.9999,300,0
RBCN.US,60,20210305,170000,10.16,10.16,10.16,10.16,2000,0
RBCN.US,60,20210305,180000,9.8328,9.845,9.8328,9.845,1250,0
RBCN.US,60,20210305,190000,9.81,9.9899,9.81,9.9899,300,0
RBCN.US,60,20210305,210000,9.97,9.97,9.9382,9.9382,1200,0
RBCN.US,60,20210305,220000,9.785,9.785,9.67,9.67,510,0
RBCN.US,60,20210308,160000,10.62,10.97,9.88,10.2,3136,0
RBCN.US,60,20210308,170000,10.1699,10.1699,10.03,10.03,1705,0
RBCN.US,60,20210308,180000,10.04,10.04,10.03,10.03,800,0
RBCN.US,60,20210308,200000,10.0114,10.0114,9.9077,9.9077,330,0
RBCN.US,60,20210308,220000,9.9433,10.03,9.9433,10.03,2389,0
RBCN.US,60,20210309,160000,10.26,10.29,10.26,10.29,200,0
RBCN.US,60,20210309,170000,10.5,10.6,10.5,10.585,600,0
RBCN.US,60,20210309,180000,10.46,10.5208,10.39,10.39,700,0
RBCN.US,60,20210309,190000,10.69,10.69,10.42,10.42,630,0
RBCN.US,60,20210309,200000,10.27,10.27,10.24,10.2419,500,0
RBCN.US,60,20210309,210000,10.32,10.32,10.32,10.32,100,0
RBCN.US,60,20210309,220000,10.52,10.52,10.36,10.36,234,0
RBCN.US,60,20210310,180000,10.3931,10.3931,10.3931,10.3931,135,0
RBCN.US,60,20210310,190000,10.28,10.28,10.28,10.28,200,0
RBCN.US,60,20210310,210000,10.35,10.35,10.32,10.32,380,0
RBCN.US,60,20210311,170000,10.4,10.4,10.4,10.4,100,0
RBCN.US,60,20210311,180000,10.6097,10.66,10.46,10.66,2550,0
RBCN.US,60,20210311,190000,10.46,10.66,10.46,10.66,200,0
RBCN.US,60,20210311,200000,10.5773,10.73,10.5773,10.65,900,0
RBCN.US,60,20210311,210000,10.6501,10.85,10.6501,10.7993,3254,0
RBCN.US,60,20210311,220000,10.75,10.75,10.55,10.55,207,0
RBCN.US,60,20210312,170000,10.65,10.65,10.61,10.61,356,0
RBCN.US,60,20210312,220000,10.26,10.34,10.26,10.34,300,0
RBCN.US,60,20210315,150000,10.5,10.5,10.27,10.27,205,0
RBCN.US,60,20210315,190000,10.52,10.52,10.52,10.52,100,0
RBCN.US,60,20210315,210000,10.65,10.65,10.65,10.65,100,0
RBCN.US,60,20210316,150000,10.65,10.65,10.5605,10.5605,1089,0
RBCN.US,60,20210316,160000,10.83,10.83,10.79,10.79,598,0
RBCN.US,60,20210316,170000,10.84,10.85,10.8399,10.8399,700,0
RBCN.US,60,20210316,180000,10.84,10.84,10.42,10.4201,800,0
RBCN.US,60,20210316,200000,10.44,10.45,10.44,10.45,201,0
RBCN.US,60,20210316,210000,10.77,10.81,10.77,10.81,400,0
RBCN.US,60,20210317,150000,10.52,10.52,10.45,10.45,1000,0
RBCN.US,60,20210317,160000,10.674,10.7285,10.2947,10.2947,420,0
RBCN.US,60,20210317,180000,10.7499,10.75,10.545,10.74,1498,0
RBCN.US,60,20210317,190000,10.74,10.74,10.72,10.72,1287,0
RBCN.US,60,20210317,200000,10.834,11,10.72,10.72,4625,0
RBCN.US,60,20210317,210000,10.82,10.83,10.69,10.69,902,0
RBCN.US,60,20210318,180000,10.4501,10.4501,10.4501,10.4501,100,0
RBCN.US,60,20210318,210000,10.605,10.85,10.605,10.81,528,0
RBCN.US,60,20210319,150000,10.84,10.84,10.84,10.84,498,0
RBCN.US,60,20210319,160000,10.81,10.8378,10.81,10.8378,820,0
RBCN.US,60,20210319,170000,10.8301,10.85,10.8301,10.835,620,0
RBCN.US,60,20210319,180000,10.82,10.82,10.82,10.82,100,0
RBCN.US,60,20210319,190000,10.82,10.85,10.82,10.85,1200,0
RBCN.US,60,20210322,150000,10.99,10.99,10.67,10.8403,2034,0
RBCN.US,60,20210322,160000,10.831,10.831,10.77,10.7994,960,0
RBCN.US,60,20210322,170000,10.77,10.77,10.77,10.77,3100,0
RBCN.US,60,20210322,180000,10.77,10.85,10.72,10.85,1701,0
RBCN.US,60,20210322,200000,10.85,11,10.85,11,2925,0
RBCN.US,60,20210322,210000,11.05,11.68,11.05,11.12,3870,0
RBCN.US,60,20210323,150000,11.13,11.13,11.13,11.13,522,0
RBCN.US,60,20210323,160000,11.2551,11.2551,11.2551,11.2551,100,0
RBCN.US,60,20210323,170000,11.1499,11.1499,10.7538,10.7538,200,0
RBCN.US,60,20210323,210000,11.06,11.12,11.03,11.049,1060,0
RBCN.US,60,20210324,160000,11.0885,11.11,11.0885,11.11,660,0
RBCN.US,60,20210324,190000,10.85,10.8521,10.85,10.8521,250,0
RBCN.US,60,20210324,210000,10.97,10.97,10.82,10.8225,400,0
RBCN.US,60,20210325,150000,10.8253,10.8253,10.8253,10.8253,100,0
RBCN.US,60,20210325,160000,10.92,10.9797,10.92,10.9391,625,0
RBCN.US,60,20210325,170000,10.5901,10.66,10.5901,10.66,625,0
RBCN.US,60,20210325,180000,10.5003,10.54,10.5003,10.54,500,0
RBCN.US,60,20210325,200000,10.53,10.6879,10.53,10.6879,1100,0
RBCN.US,60,20210325,210000,10.67,10.67,10.67,10.67,100,0
RBCN.US,60,20210326,150000,10.7,10.7,10.7,10.7,231,0
RBCN.US,60,20210326,170000,10.4155,10.4155,10.4155,10.4155,100,0
RBCN.US,60,20210329,180000,10.7237,10.7237,10.34,10.4402,1300,0
RBCN.US,60,20210330,170000,10.29,10.29,10.26,10.26,200,0
RBCN.US,60,20210330,190000,10.31,10.31,10.31,10.31,100,0
RBCN.US,60,20210330,220000,10.35,10.35,10.35,10.35,100,0
RBCN.US,60,20210331,160000,10.27,10.27,10.27,10.27,809,0
RBCN.US,60,20210331,170000,10.3,10.31,10.3,10.31,5465,0
RBCN.US,60,20210331,180000,10.4275,10.44,10.4275,10.44,1264,0
RBCN.US,60,20210331,190000,10.45,10.45,10.32,10.32,2058,0
RBCN.US,60,20210331,200000,10.32,10.3227,10.32,10.32,500,0
RBCN.US,60,20210331,220000,10.3,10.32,10.3,10.32,307,0
RBCN.US,60,20210401,160000,10.28,10.28,10.28,10.28,190,0
RBCN.US,60,20210401,180000,10.3,10.3,10.3,10.3,100,0
RBCN.US,60,20210401,210000,10.3215,10.3215,10.3215,10.3215,130,0
RBCN.US,60,20210401,220000,10.3,10.3,10.3,10.3,466,0
RBCN.US,60,20210405,160000,10.4898,10.5,10.48,10.49,1767,0
RBCN.US,60,20210405,180000,10.39,10.39,10.39,10.39,100,0
RBCN.US,60,20210405,200000,10.31,10.31,10.26,10.26,640,0
RBCN.US,60,20210406,160000,10.38,10.38,10.33,10.33,345,0
RBCN.US,60,20210406,190000,10.33,10.33,10.33,10.33,100,0
RBCN.US,60,20210407,170000,10.4147,10.4147,10.41,10.41,302,0
RBCN.US,60,20210408,160000,11.23,11.92,11.2039,11.645,4181,0
RBCN.US,60,20210408,170000,11.7099,11.9199,11.01,11.01,6923,0
RBCN.US,60,20210408,180000,11.1,11.1337,11,11,7018,0
RBCN.US,60,20210408,210000,11,11,10.8,10.8,400,0
RBCN.US,60,20210408,220000,10.99,11.18,10.59,11.18,1462,0
RBCN.US,60,20210409,160000,11.27,11.35,11.27,11.35,1503,0
RBCN.US,60,20210409,170000,10.74,11.35,10.74,11.35,600,0
RBCN.US,60,20210409,180000,11.075,11.09,11.07,11.07,500,0
RBCN.US,60,20210409,220000,10.725,10.725,10.725,10.725,840,0
RBCN.US,60,20210412,160000,10.65,10.65,10.26,10.65,1632,0
RBCN.US,60,20210412,170000,10.4576,10.4576,10.4576,10.4576,400,0
RBCN.US,60,20210412,180000,10.6193,10.65,10.538,10.65,919,0
RBCN.US,60,20210412,190000,10.65,10.65,10.6468,10.6468,5763,0
RBCN.US,60,20210412,210000,10.41,10.6499,10.41,10.525,1400,0
RBCN.US,60,20210412,220000,10.4001,10.43,10.4,10.43,1705,0
RBCN.US,60,20210413,160000,10.45,10.4632,10.45,10.4632,202,0
RBCN.US,60,20210413,170000,10.31,10.32,10.31,10.32,311,0
RBCN.US,60,20210413,180000,10.3135,10.38,10.31,10.38,1204,0
RBCN.US,60,20210413,210000,10.49,10.495,10.49,10.495,300,0
RBCN.US,60,20210414,180000,10.62,10.62,10.34,10.35,522,0
RBCN.US,60,20210414,210000,10.44,10.44,10.44,10.44,315,0
RBCN.US,60,20210415,160000,10.65,10.65,10.2601,10.2601,1775,0
RBCN.US,60,20210415,170000,10.3551,10.3551,10.3551,10.3551,299,0
RBCN.US,60,20210415,190000,10.6336,10.6336,10.6336,10.6336,222,0
RBCN.US,60,20210415,200000,10.71,10.71,10.71,10.71,100,0
RBCN.US,60,20210415,220000,10.665,10.67,10.66,10.66,500,0
RBCN.US,60,20210416,170000,10.3385,10.3385,10.31,10.31,318,0
RBCN.US,60,20210416,180000,10.318,10.318,10.318,10.318,100,0
RBCN.US,60,20210416,210000,10.6599,10.6599,10.31,10.44,1064,0
RBCN.US,60,20210416,220000,10.65,10.86,10.65,10.86,1000,0
RBCN.US,60,20210419,160000,10.68,10.68,10.68,10.68,481,0
RBCN.US,60,20210419,220000,10.69,10.69,10.53,10.53,379,0
RBCN.US,60,20210420,160000,10.3821,10.3821,10.3821,10.3821,100,0
RBCN.US,60,20210420,170000,10.4371,10.4371,10.4371,10.4371,100,0
RBCN.US,60,20210420,180000,10.36,10.36,10.3527,10.3527,680,0
RBCN.US,60,20210420,190000,10.76,10.76,10.76,10.76,300,0
RBCN.US,60,20210420,200000,10.6966,10.6966,10.6966,10.6966,150,0
RBCN.US,60,20210421,220000,10.51,10.51,10.51,10.51,168,0
RBCN.US,60,20210423,160000,10.6799,10.6799,10.6799,10.6799,4999,0
RBCN.US,60,20210423,180000,10.68,10.85,10.68,10.85,484,0
RBCN.US,60,20210423,220000,10.68,10.68,10.5,10.5,395,0
RBCN.US,60,20210426,180000,10.5135,10.55,10.5135,10.5155,10800,0
RBCN.US,60,20210426,220000,10.5676,10.5676,10.5676,10.5676,260,0
RBCN.US,60,20210427,170000,10.54,10.54,10.54,10.54,200,0
RBCN.US,60,20210427,190000,10.46,10.46,10.46,10.46,200,0
RBCN.US,60,20210427,210000,10.485,10.485,10.485,10.485,400,0
RBCN.US,60,20210428,160000,10.7614,10.7614,10.7614,10.7614,200,0
RBCN.US,60,20210428,170000,10.4189,10.4189,10.35,10.35,1198,0
RBCN.US,60,20210428,180000,10.3806,10.3806,10.3806,10.3806,800,0
RBCN.US,60,20210428,200000,10.59,10.59,10.59,10.59,200,0
RBCN.US,60,20210429,160000,10.5,10.5,10.5,10.5,712,0
RBCN.US,60,20210429,180000,10.67,10.67,10.67,10.67,200,0
RBCN.US,60,20210429,210000,10.7,10.7,10.7,10.7,270,0
RBCN.US,60,20210430,200000,10.71,10.71,10.71,10.71,864,0
RBCN.US,60,20210430,210000,10.4901,10.53,10.4901,10.53,434,0
RBCN.US,60,20210430,220000,10.35,10.35,10.35,10.35,600,0
RBCN.US,60,20210503,160000,10.4,10.4,10.4,10.4,163,0
RBCN.US,60,20210503,170000,10.35,10.35,10.35,10.35,1200,0
RBCN.US,60,20210503,220000,10.3888,10.52,10.3888,10.52,900,0
RBCN.US,60,20210504,180000,10.52,10.52,10.52,10.52,191,0
RBCN.US,60,20210504,190000,10.5201,10.5201,10.52,10.52,415,0
RBCN.US,60,20210504,220000,10.52,10.5674,10.52,10.5674,304,0
RBCN.US,60,20210505,160000,10.4001,10.4001,10.4001,10.4001,550,0
RBCN.US,60,20210505,170000,10.4,10.4,10.4,10.4,288,0
RBCN.US,60,20210505,200000,10.4165,10.4165,10.4165,10.4165,400,0
RBCN.US,60,20210505,220000,10.67,10.67,10.62,10.62,1592,0
RBCN.US,60,20210506,170000,10.41,10.41,10.41,10.41,100,0
RBCN.US,60,20210506,190000,10.52,10.52,10.52,10.52,200,0
RBCN.US,60,20210506,210000,10.5299,10.5299,10.5299,10.5299,200,0
RBCN.US,60,20210510,170000,10.695,10.695,10.645,10.645,1970,0
RBCN.US,60,20210510,210000,10.645,10.645,10.4286,10.4286,2020,0
RBCN.US,60,20210511,170000,10.52,10.52,10.425,10.425,200,0
RBCN.US,60,20210512,160000,10.35,10.35,10.35,10.35,100,0
RBCN.US,60,20210512,170000,10.4965,10.4965,10.45,10.4965,300,0
RBCN.US,60,20210512,180000,10.4873,10.49,10.4873,10.49,200,0
RBCN.US,60,20210512,200000,10.42,10.42,10.42,10.42,100,0
RBCN.US,60,20210513,190000,10.35,10.35,10.26,10.26,498,0
RBCN.US,60,20210513,200000,10.36,10.37,10.36,10.37,400,0
RBCN.US,60,20210513,210000,10.315,10.37,10.26,10.26,3471,0
RBCN.US,60,20210513,220000,10.26,10.26,10.26,10.26,181,0
RBCN.US,60,20210514,160000,10.3873,10.39,10.3873,10.39,200,0
RBCN.US,60,20210514,170000,10.26,10.26,10.26,10.26,100,0
RBCN.US,60,20210514,200000,10.3599,10.3599,10.26,10.2601,820,0
RBCN.US,60,20210514,210000,10.26,10.295,10.26,10.295,600,0
RBCN.US,60,20210514,220000,10.3265,10.35,10.26,10.26,831,0
RBCN.US,60,20210517,160000,10.3,10.3,10.3,10.3,100,0
RBCN.US,60,20210517,190000,10.26,10.26,10.26,10.26,600,0
RBCN.US,60,20210517,220000,10.26,10.26,10.26,10.26,180,0
RBCN.US,60,20210518,160000,10.25,10.3,9.85,9.85,10919,0
RBCN.US,60,20210518,170000,10,10,10,10,200,0
RBCN.US,60,20210518,180000,10.1344,10.1344,10,10,600,0
RBCN.US,60,20210518,200000,10.0541,10.0541,10.0541,10.0541,100,0
RBCN.US,60,20210518,220000,9.9991,9.9991,9.93,9.93,550,0
RBCN.US,60,20210519,160000,9.9,9.9,9.75,9.75,2259,0
RBCN.US,60,20210520,180000,10.0165,10.0165,9.82,9.84,900,0
RBCN.US,60,20210520,190000,9.78,9.8099,9.6862,9.78,1100,0
RBCN.US,60,20210520,210000,9.71,9.71,9.71,9.71,100,0
RBCN.US,60,20210521,160000,9.765,9.83,9.765,9.83,272,0
RBCN.US,60,20210521,170000,9.8359,9.8359,9.8359,9.8359,3000,0
RBCN.US,60,20210521,180000,9.84,9.84,9.8399,9.8399,6000,0
RBCN.US,60,20210524,210000,9.895,9.895,9.55,9.55,1445,0
RBCN.US,60,20210525,160000,9.65,9.65,9.65,9.65,301,0
RBCN.US,60,20210525,200000,9.4245,9.4245,9.4245,9.4245,640,0
RBCN.US,60,20210525,220000,9.604,9.604,9.55,9.55,1712,0
RBCN.US,60,20210526,170000,9.8,9.8,9.65,9.65,800,0
RBCN.US,60,20210527,190000,9.65,9.65,9.65,9.65,200,0
RBCN.US,60,20210527,210000,9.64,9.65,9.57,9.57,400,0
RBCN.US,60,20210527,220000,9.55,9.55,9.55,9.55,300,0
RBCN.US,60,20210528,180000,9.65,9.65,9.65,9.65,100,0
RBCN.US,60,20210528,190000,9.8499,9.85,9.82,9.85,650,0
RBCN.US,60,20210528,200000,9.7,9.7,9.7,9.7,500,0
RBCN.US,60,20210528,210000,9.7807,9.7807,9.7807,9.7807,300,0
RBCN.US,60,20210601,160000,9.78,9.78,9.78,9.78,220,0
RBCN.US,60,20210601,170000,9.7799,9.7799,9.7799,9.7799,100,0
RBCN.US,60,20210601,210000,9.6,9.6,9.6,9.6,100,0
RBCN.US,60,20210601,220000,9.6173,9.6173,9.6,9.6,662,0
RBCN.US,60,20210602,180000,9.82,9.8295,9.82,9.8295,201,0
RBCN.US,60,20210602,190000,9.8295,9.8295,9.8295,9.8295,100,0
RBCN.US,60,20210602,200000,9.82,9.82,9.8,9.8,626,0
RBCN.US,60,20210602,210000,9.65,9.65,9.65,9.65,100,0
RBCN.US,60,20210602,220000,9.65,9.65,9.65,9.65,100,0
RBCN.US,60,20210603,160000,9.6001,9.6001,9.6001,9.6001,780,0
RBCN.US,60,20210603,170000,9.65,9.65,9.65,9.65,100,0
RBCN.US,60,20210603,180000,9.66,9.66,9.66,9.66,170,0
RBCN.US,60,20210603,210000,9.7214,9.7214,9.7214,9.7214,100,0
RBCN.US,60,20210604,160000,9.6,9.6,9.6,9.6,100,0
RBCN.US,60,20210604,170000,9.7,9.9,9.7,9.9,2875,0
RBCN.US,60,20210604,180000,9.9,9.9,9.9,9.9,100,0
RBCN.US,60,20210604,190000,9.9999,10.7,9.9543,10.04,20746,0
RBCN.US,60,20210604,200000,10.3077,10.46,10.05,10.21,4288,0
RBCN.US,60,20210604,210000,10.18,10.18,10.04,10.04,650,0
RBCN.US,60,20210604,220000,10.1927,10.1927,10.1,10.1027,400,0
RBCN.US,60,20210607,160000,10.22,10.22,10.22,10.22,298,0
RBCN.US,60,20210607,190000,10.2441,10.2441,10.2441,10.2441,100,0
RBCN.US,60,20210607,210000,10.1939,10.1939,10.1939,10.1939,100,0
RBCN.US,60,20210607,220000,10.12,10.3,10.1001,10.22,550,0
RBCN.US,60,20210608,160000,10.22,10.22,10.0107,10.0107,1267,0
RBCN.US,60,20210608,170000,10,10,10,10,500,0
RBCN.US,60,20210608,180000,10.32,10.39,10.2405,10.39,1100,0
RBCN.US,60,20210608,190000,10.22,10.38,10.22,10.31,1400,0
RBCN.US,60,20210608,200000,10.22,10.32,10.22,10.32,1500,0
RBCN.US,60,20210608,210000,10.295,10.295,10.295,10.295,1100,0
RBCN.US,60,20210608,220000,10.22,10.22,10.22,10.22,131,0
RBCN.US,60,20210609,160000,10.22,10.22,10.2,10.2,622,0
RBCN.US,60,20210609,170000,10.2001,10.3448,10.2001,10.3448,4590,0
RBCN.US,60,20210609,180000,10.3,10.3,10.3,10.3,1500,0
RBCN.US,60,20210609,220000,10.3655,10.3655,10.3,10.3131,6394,0
RBCN.US,60,20210610,160000,10.25,10.25,10.25,10.25,101,0
RBCN.US,60,20210610,190000,10.22,10.22,10.22,10.22,200,0
RBCN.US,60,20210610,200000,10.2473,10.2473,10.2473,10.2473,100,0
RBCN.US,60,20210610,210000,10.22,10.22,10.22,10.22,458,0
RBCN.US,60,20210611,160000,10,10,10,10,100,0
RBCN.US,60,20210611,180000,9.82,9.82,9.82,9.82,936,0
RBCN.US,60,20210611,210000,9.85,9.85,9.85,9.85,490,0
RBCN.US,60,20210614,160000,9.925,9.925,9.925,9.925,460,0
RBCN.US,60,20210614,170000,9.9969,9.9969,9.9969,9.9969,200,0
RBCN.US,60,20210615,160000,9.92,9.92,9.85,9.85,445,0
RBCN.US,60,20210615,170000,9.85,9.85,9.85,9.85,100,0
RBCN.US,60,20210615,180000,9.9458,9.9458,9.8539,9.8539,2940,0
RBCN.US,60,20210616,220000,9.85,9.85,9.85,9.85,290,0
RBCN.US,60,20210617,170000,9.8,9.8,9.735,9.735,1000,0
RBCN.US,60,20210618,160000,9.7,9.7,9.7,9.7,100,0
RBCN.US,60,20210618,180000,9.8,9.8,9.7001,9.7001,272,0
RBCN.US,60,20210618,210000,9.89,9.8999,9.71,9.8999,450,0
RBCN.US,60,20210618,220000,9.84,9.84,9.84,9.84,348,0
RBCN.US,60,20210621,170000,9.85,9.85,9.85,9.85,200,0
RBCN.US,60,20210623,160000,9.88,9.88,9.87,9.87,219,0
RBCN.US,60,20210623,170000,9.94,9.94,9.94,9.94,100,0
RBCN.US,60,20210623,200000,9.9001,9.9001,9.9001,9.9001,411,0
RBCN.US,60,20210623,220000,9.9,9.9,9.9,9.9,121,0
RBCN.US,60,20210624,160000,10,10,9.98,10,1300,0
RBCN.US,60,20210624,170000,9.7001,9.79,9.7001,9.703,500,0
RBCN.US,60,20210625,180000,9.85,9.85,9.79,9.79,1265,0
RBCN.US,60,20210625,200000,9.85,9.85,9.84,9.84,443,0
RBCN.US,60,20210628,160000,9.99,9.99,9.845,9.845,2000,0
RBCN.US,60,20210628,170000,9.9296,9.9296,9.9296,9.9296,100,0
RBCN.US,60,20210628,190000,9.76,9.76,9.76,9.76,100,0
RBCN.US,60,20210628,200000,9.9214,9.9214,9.9214,9.9214,150,0
RBCN.US,60,20210628,220000,9.73,10,9.7,10,5269,0
RBCN.US,60,20210629,160000,10.04,10.1,10,10,1992,0
RBCN.US,60,20210629,170000,9.945,9.945,9.79,9.79,400,0
RBCN.US,60,20210629,180000,10.1215,10.1215,10.1215,10.1215,345,0
RBCN.US,60,20210629,190000,9.76,9.76,9.755,9.755,200,0
RBCN.US,60,20210629,210000,9.75,9.75,9.75,9.75,100,0
RBCN.US,60,20210630,170000,9.76,9.763,9.75,9.76,1382,0
RBCN.US,60,20210630,180000,9.7601,9.7601,9.7601,9.7601,300,0
RBCN.US,60,20210701,220000,9.5,9.5,9.5,9.5,306,0
RBCN.US,60,20210702,190000,9.5,9.5,9.5,9.5,1100,0
RBCN.US,60,20210702,200000,9.5,9.5,9.5,9.5,1000,0
RBCN.US,60,20210702,210000,9.5,9.5,9.5,9.5,2177,0
RBCN.US,60,20210702,220000,9.4001,9.4024,9.4,9.4024,1978,0
RBCN.US,60,20210706,170000,9.66,9.66,9.66,9.66,160,0
RBCN.US,60,20210706,180000,9.4681,9.4681,9.4681,9.4681,100,0
RBCN.US,60,20210706,220000,9.4,9.4,9.4,9.4,103,0
RBCN.US,60,20210707,200000,9.4,9.4,9.4,9.4,380,0
RBCN.US,60,20210708,170000,9.3899,9.4,9.3767,9.3877,5451,0
RBCN.US,60,20210708,180000,9.4,9.4,9.3988,9.3988,400,0
RBCN.US,60,20210708,200000,9.4,9.45,9.4,9.4,3414,0
RBCN.US,60,20210708,220000,9.4,9.4,9.4,9.4,500,0
RBCN.US,60,20210709,170000,9.65,9.65,9.65,9.65,200,0
RBCN.US,60,20210709,220000,9.4249,9.4249,9.4249,9.4249,900,0
