<TICKER>,<PER>,<DATE>,<TIME>,<OPEN>,<HIGH>,<LOW>,<CLOSE>,<VOL>,<OPENINT>
RVPHW.US,60,20200914,180000,0.48,0.49,0.465,0.48,15450,0
RVPHW.US,60,20200914,190000,0.58,0.58,0.58,0.58,1900,0
RVPHW.US,60,20200914,200000,0.58,0.58,0.58,0.58,100,0
RVPHW.US,60,20200914,220000,0.52,0.57,0.52,0.55,13450,0
RVPHW.US,60,20200915,160000,0.481,0.57,0.481,0.57,550,0
RVPHW.US,60,20200915,170000,0.57,0.57,0.57,0.57,5500,0
RVPHW.US,60,20200915,180000,0.5699,0.5699,0.56,0.56,1000,0
RVPHW.US,60,20200915,190000,0.57,0.57,0.57,0.57,369,0
RVPHW.US,60,20200915,200000,0.5528,0.56,0.55,0.56,3000,0
RVPHW.US,60,20200915,210000,0.57,0.57,0.55,0.56,3062,0
RVPHW.US,60,20200915,220000,0.5699,0.57,0.56,0.56,10235,0
RVPHW.US,60,20200916,170000,0.5628,0.5628,0.5599,0.56,30800,0
RVPHW.US,60,20200916,180000,0.56,0.58,0.56,0.58,7000,0
RVPHW.US,60,20200916,190000,0.5999,0.5999,0.5998,0.5998,300,0
RVPHW.US,60,20200916,200000,0.5998,0.5998,0.5799,0.5799,6900,0
RVPHW.US,60,20200916,220000,0.5799,0.5799,0.5799,0.5799,100,0
RVPHW.US,60,20200917,170000,0.59,0.5901,0.59,0.59,4200,0
RVPHW.US,60,20200917,180000,0.6,0.6,0.5999,0.5999,2100,0
RVPHW.US,60,20200917,200000,0.5999,0.5999,0.5999,0.5999,100,0
RVPHW.US,60,20200917,220000,0.6,0.6,0.6,0.6,400,0
RVPHW.US,60,20200918,160000,0.6,0.6,0.6,0.6,1200,0
RVPHW.US,60,20200918,180000,0.59,0.62,0.59,0.62,23800,0
RVPHW.US,60,20200918,190000,0.62,0.6799,0.62,0.659984,8601,0
RVPHW.US,60,20200918,200000,0.6799,0.6799,0.6799,0.6799,270,0
RVPHW.US,60,20200918,220000,0.66,0.66,0.6599,0.66,2200,0
RVPHW.US,60,20200921,160000,0.6499,0.65,0.6499,0.65,500,0
RVPHW.US,60,20200921,170000,0.63,0.63,0.63,0.63,900,0
RVPHW.US,60,20200921,180000,0.6499,0.65,0.61,0.62001,2200,0
RVPHW.US,60,20200921,190000,0.6212,0.6212,0.6212,0.6212,100,0
RVPHW.US,60,20200921,210000,0.61,0.613,0.57515,0.57515,7500,0
RVPHW.US,60,20200922,180000,0.576001,0.576001,0.576001,0.576001,100,0
RVPHW.US,60,20200922,190000,0.59,0.6,0.5871,0.5971,1000,0
RVPHW.US,60,20200922,200000,0.59993,0.59993,0.5999,0.5999,300,0
RVPHW.US,60,20200922,210000,0.5999,0.5999,0.57,0.5999,1310,0
RVPHW.US,60,20200922,220000,0.57,0.57,0.57,0.57,1094,0
RVPHW.US,60,20200923,180000,0.56,0.56001,0.51,0.51,4200,0
RVPHW.US,60,20200923,190000,0.55,0.55,0.55,0.55,500,0
RVPHW.US,60,20200923,210000,0.5499,0.5499,0.5062,0.5062,500,0
RVPHW.US,60,20200923,220000,0.54,0.5999,0.54,0.5899,19100,0
RVPHW.US,60,20200924,180000,0.53,0.5699,0.53,0.55,2000,0
RVPHW.US,60,20200924,210000,0.5698,0.5698,0.5698,0.5698,100,0
RVPHW.US,60,20200924,220000,0.49,0.5698,0.4101,0.5698,698,0
RVPHW.US,60,20200925,160000,0.58,0.58,0.58,0.58,1000,0
RVPHW.US,60,20200925,170000,0.49,0.49,0.4879,0.4879,2000,0
RVPHW.US,60,20200928,180000,0.5699,0.5699,0.487499,0.5026,1500,0
RVPHW.US,60,20200928,190000,0.5699,0.5699,0.5699,0.5699,500,0
RVPHW.US,60,20200928,210000,0.48,0.5698,0.48,0.5698,200,0
RVPHW.US,60,20200929,160000,0.5699,0.58,0.5675,0.5776,2400,0
RVPHW.US,60,20200929,170000,0.58,0.58,0.58,0.58,200,0
RVPHW.US,60,20200929,180000,0.52,0.58,0.52,0.58,4700,0
RVPHW.US,60,20200929,190000,0.57,0.57,0.5675,0.5675,8200,0
RVPHW.US,60,20200929,200000,0.57,0.57,0.57,0.57,700,0
RVPHW.US,60,20200929,210000,0.579,0.579,0.5,0.5025,1481,0
RVPHW.US,60,20200930,160000,0.5799,0.58,0.5799,0.58,200,0
RVPHW.US,60,20200930,170000,0.5,0.5299,0.45,0.5299,2299,0
RVPHW.US,60,20200930,180000,0.489899,0.49,0.489851,0.49,700,0
RVPHW.US,60,20200930,190000,0.5,0.5,0.5,0.5,100,0
RVPHW.US,60,20200930,200000,0.51,0.5298,0.51,0.5298,200,0
RVPHW.US,60,20200930,210000,0.510101,0.510101,0.510101,0.510101,3323,0
RVPHW.US,60,20201001,170000,0.5799,0.5799,0.57,0.57,200,0
RVPHW.US,60,20201001,180000,0.514,0.5166,0.48,0.4824,1000,0
RVPHW.US,60,20201001,190000,0.5299,0.5299,0.5299,0.5299,100,0
RVPHW.US,60,20201001,220000,0.5399,0.5399,0.48,0.48,4200,0
RVPHW.US,60,20201002,180000,0.480101,0.520001,0.48,0.48,4800,0
RVPHW.US,60,20201002,190000,0.5588,0.5589,0.5588,0.5589,200,0
RVPHW.US,60,20201002,200000,0.49,0.544,0.471,0.5417,8936,0
RVPHW.US,60,20201002,220000,0.507001,0.507001,0.507001,0.507001,200,0
RVPHW.US,60,20201005,160000,0.53,0.53,0.53,0.53,1000,0
RVPHW.US,60,20201005,170000,0.5,0.5296,0.46,0.5296,2300,0
RVPHW.US,60,20201007,160000,0.4816,0.5279,0.4816,0.5279,1150,0
RVPHW.US,60,20201007,170000,0.47,0.47,0.47,0.47,100,0
RVPHW.US,60,20201007,180000,0.45,0.5278,0.45,0.5199,1050,0
RVPHW.US,60,20201007,220000,0.480101,0.5199,0.46,0.4799,12500,0
RVPHW.US,60,20201008,160000,0.46,0.5197,0.46,0.5197,1000,0
RVPHW.US,60,20201008,200000,0.490101,0.490101,0.49,0.49,7800,0
RVPHW.US,60,20201008,210000,0.5095,0.5095,0.49,0.49,1000,0
RVPHW.US,60,20201009,170000,0.4899,0.4899,0.4899,0.4899,1100,0
RVPHW.US,60,20201009,180000,0.49,0.49,0.49,0.49,1000,0
RVPHW.US,60,20201012,160000,0.5165,0.5165,0.5165,0.5165,100,0
RVPHW.US,60,20201012,190000,0.4899,0.49,0.4899,0.49,200,0
RVPHW.US,60,20201012,210000,0.47,0.47,0.47,0.47,10000,0
RVPHW.US,60,20201012,220000,0.4899,0.4899,0.4899,0.4899,100,0
RVPHW.US,60,20201013,180000,0.4693,0.4899,0.45,0.4501,3500,0
RVPHW.US,60,20201013,190000,0.4898,0.489802,0.47,0.4701,3400,0
RVPHW.US,60,20201013,210000,0.41,0.4418,0.4,0.4418,1700,0
RVPHW.US,60,20201013,220000,0.4898,0.4898,0.4895,0.4895,400,0
RVPHW.US,60,20201015,160000,0.451,0.4511,0.4,0.4,2150,0
RVPHW.US,60,20201015,170000,0.4799,0.4799,0.4799,0.4799,200,0
RVPHW.US,60,20201015,180000,0.4799,0.4879,0.4799,0.4799,2600,0
RVPHW.US,60,20201016,220000,0.45,0.45,0.41,0.4284,8800,0
RVPHW.US,60,20201019,160000,0.4699,0.4699,0.4699,0.4699,100,0
RVPHW.US,60,20201019,190000,0.4696,0.47,0.4696,0.4699,2129,0
RVPHW.US,60,20201019,210000,0.4699,0.47,0.4698,0.47,1800,0
RVPHW.US,60,20201019,220000,0.4798,0.479837,0.47,0.47,8100,0
RVPHW.US,60,20201021,170000,0.45,0.45,0.45,0.45,4800,0
RVPHW.US,60,20201021,180000,0.43,0.43,0.4103,0.4103,5300,0
RVPHW.US,60,20201021,200000,0.43,0.43,0.43,0.43,200,0
RVPHW.US,60,20201021,210000,0.4299,0.4299,0.42,0.425001,1100,0
RVPHW.US,60,20201021,220000,0.4299,0.4798,0.39,0.4583,29620,0
RVPHW.US,60,20201022,170000,0.3901,0.4698,0.3711,0.4599,2550,0
RVPHW.US,60,20201023,220000,0.3701,0.4576,0.3701,0.4576,1100,0
RVPHW.US,60,20201026,160000,0.4499,0.4499,0.4499,0.4499,200,0
RVPHW.US,60,20201026,170000,0.4491,0.4491,0.4491,0.4491,100,0
RVPHW.US,60,20201026,200000,0.3701,0.4399,0.3701,0.4399,850,0
RVPHW.US,60,20201026,210000,0.44,0.44,0.44,0.44,300,0
RVPHW.US,60,20201028,200000,0.3814,0.3814,0.3814,0.3814,800,0
RVPHW.US,60,20201028,210000,0.4199,0.4199,0.3814,0.3999,1000,0
RVPHW.US,60,20201029,160000,0.37,0.37,0.364999,0.37,11900,0
RVPHW.US,60,20201029,170000,0.37,0.37,0.36,0.37,6501,0
RVPHW.US,60,20201029,180000,0.3949,0.3949,0.3949,0.3949,200,0
RVPHW.US,60,20201029,200000,0.3777,0.3777,0.373,0.373,1000,0
RVPHW.US,60,20201029,210000,0.3949,0.395,0.365,0.395,2160,0
RVPHW.US,60,20201030,200000,0.4348,0.4348,0.4299,0.4299,200,0
RVPHW.US,60,20201030,210000,0.4299,0.4299,0.4099,0.4099,8300,0
RVPHW.US,60,20201103,170000,0.4299,0.4299,0.4298,0.429834,800,0
RVPHW.US,60,20201103,210000,0.4298,0.4298,0.4297,0.4297,200,0
RVPHW.US,60,20201106,220000,0.3988,0.3988,0.3988,0.3988,100,0
RVPHW.US,60,20201109,180000,0.4399,0.44,0.4399,0.44,700,0
RVPHW.US,60,20201109,190000,0.4399,0.44,0.4399,0.4399,500,0
RVPHW.US,60,20201109,200000,0.4399,0.4399,0.4398,0.4398,4800,0
RVPHW.US,60,20201109,210000,0.4398,0.4398,0.4394,0.439402,300,0
RVPHW.US,60,20201109,220000,0.415,0.415,0.415,0.415,400,0
RVPHW.US,60,20201110,170000,0.4394,0.4394,0.4394,0.4394,100,0
RVPHW.US,60,20201110,180000,0.4299,0.4299,0.4299,0.4299,400,0
RVPHW.US,60,20201110,210000,0.415001,0.415001,0.415001,0.415001,150,0
RVPHW.US,60,20201111,160000,0.42,0.42,0.42,0.42,500,0
RVPHW.US,60,20201111,180000,0.4199,0.4199,0.4048,0.4048,2150,0
RVPHW.US,60,20201112,170000,0.387501,0.387501,0.387501,0.387501,100,0
RVPHW.US,60,20201112,180000,0.3937,0.3937,0.3937,0.3937,250,0
RVPHW.US,60,20201112,210000,0.3949,0.3949,0.3949,0.3949,1000,0
RVPHW.US,60,20201113,180000,0.3949,0.3949,0.3818,0.3818,500,0
RVPHW.US,60,20201116,190000,0.4074,0.41,0.4074,0.41,200,0
RVPHW.US,60,20201116,210000,0.405,0.4097,0.405,0.4097,1100,0
RVPHW.US,60,20201117,170000,0.41,0.43,0.395,0.4299,20400,0
RVPHW.US,60,20201117,220000,0.43,0.43,0.4299,0.43,8400,0
RVPHW.US,60,20201119,190000,0.4225,0.4225,0.4225,0.4225,100,0
RVPHW.US,60,20201119,200000,0.4081,0.4081,0.4081,0.4081,200,0
RVPHW.US,60,20201119,210000,0.424899,0.425,0.423875,0.423875,9428,0
RVPHW.US,60,20201119,220000,0.4296,0.45,0.4295,0.439585,7400,0
RVPHW.US,60,20201120,170000,0.49,0.49,0.4625,0.4625,7300,0
RVPHW.US,60,20201120,210000,0.426,0.4625,0.426,0.4409,7599,0
RVPHW.US,60,20201120,220000,0.4598,0.4625,0.44,0.44,3400,0
RVPHW.US,60,20201123,160000,0.5002,0.5002,0.5,0.5,1100,0
RVPHW.US,60,20201123,170000,0.49995,0.5,0.4999,0.4999,20200,0
RVPHW.US,60,20201123,180000,0.4999,0.4999,0.4701,0.48,6700,0
RVPHW.US,60,20201123,190000,0.48,0.55,0.48,0.48,21500,0
RVPHW.US,60,20201123,200000,0.5253,0.6899,0.5253,0.5767,37000,0
RVPHW.US,60,20201123,210000,0.5633,0.679,0.5632,0.6789,3755,0
RVPHW.US,60,20201123,220000,0.6789,0.6789,0.61,0.669,2182,0
RVPHW.US,60,20201124,170000,0.67,0.68,0.58,0.58,9050,0
RVPHW.US,60,20201124,180000,0.65,0.66,0.6499,0.65,2300,0
RVPHW.US,60,20201124,200000,0.65,0.6501,0.4601,0.65,8053,0
RVPHW.US,60,20201124,210000,0.6498,0.6498,0.5121,0.6399,800,0
RVPHW.US,60,20201125,170000,0.6349,0.6349,0.4811,0.5289,2701,0
RVPHW.US,60,20201125,180000,0.5289,0.6399,0.5,0.6399,19900,0
RVPHW.US,60,20201125,190000,0.6398,0.6398,0.6398,0.6398,450,0
RVPHW.US,60,20201125,210000,0.62,0.62,0.62,0.62,200,0
RVPHW.US,60,20201125,220000,0.59,0.59,0.59,0.59,7000,0
RVPHW.US,60,20201127,160000,0.65,0.68,0.65,0.65,11308,0
RVPHW.US,60,20201127,170000,0.65,0.65,0.573011,0.573011,650,0
RVPHW.US,60,20201130,160000,0.59,0.65,0.59,0.649926,9709,0
RVPHW.US,60,20201130,170000,0.647499,0.647499,0.6,0.63,20498,0
RVPHW.US,60,20201130,180000,0.64,0.64,0.63,0.639899,3898,0
RVPHW.US,60,20201130,190000,0.63,0.63,0.63,0.63,606,0
RVPHW.US,60,20201130,200000,0.62,0.62,0.62,0.62,10000,0
RVPHW.US,60,20201130,220000,0.64,0.65,0.62,0.65,4138,0
RVPHW.US,60,20201201,160000,0.65,0.66,0.65,0.66,2090,0
RVPHW.US,60,20201201,170000,0.66,0.6601,0.64,0.644501,3020,0
RVPHW.US,60,20201201,180000,0.62,0.62,0.5917,0.5917,3996,0
RVPHW.US,60,20201201,210000,0.62,0.62,0.5917,0.5917,4900,0
RVPHW.US,60,20201201,220000,0.555,0.555,0.5012,0.52,6599,0
RVPHW.US,60,20201202,170000,0.55,0.55,0.55,0.55,100,0
RVPHW.US,60,20201202,180000,0.56265,0.56265,0.56265,0.56265,1700,0
RVPHW.US,60,20201202,190000,0.549,0.55,0.5,0.5,8600,0
RVPHW.US,60,20201202,200000,0.4813,0.4813,0.4813,0.4813,449,0
RVPHW.US,60,20201203,180000,0.519,0.519,0.501,0.51,23400,0
RVPHW.US,60,20201203,220000,0.63,0.6308,0.56,0.56,8200,0
RVPHW.US,60,20201204,160000,0.59,0.65,0.579999,0.65,1780,0
RVPHW.US,60,20201204,170000,0.63,0.63,0.56,0.56,6524,0
RVPHW.US,60,20201204,190000,0.62,0.649899,0.62,0.62,2700,0
RVPHW.US,60,20201204,200000,0.619999,0.62,0.61,0.62,42590,0
RVPHW.US,60,20201204,210000,0.62,0.62,0.619851,0.62,11100,0
RVPHW.US,60,20201204,220000,0.6199,0.67,0.61,0.67,73314,0
RVPHW.US,60,20201207,160000,0.93,0.9616,0.92,0.9354,50628,0
RVPHW.US,60,20201207,170000,0.94,1.24,0.9,1.223,95578,0
RVPHW.US,60,20201207,180000,1.23,1.46,1.195,1.2886,180261,0
RVPHW.US,60,20201207,190000,1.274,1.34,1,1,78344,0
RVPHW.US,60,20201207,200000,1,1.06,0.95,0.99,82539,0
RVPHW.US,60,20201207,210000,1,1,0.8,0.8,47226,0
RVPHW.US,60,20201207,220000,0.81,0.91,0.81,0.9,14833,0
RVPHW.US,60,20201208,160000,1.17,1.17,0.94,0.94,21618,0
RVPHW.US,60,20201208,170000,0.9549,0.955,0.8,0.850001,25129,0
RVPHW.US,60,20201208,180000,0.856799,0.8656,0.81,0.85,11748,0
RVPHW.US,60,20201208,190000,0.847499,0.865,0.8123,0.865,3275,0
RVPHW.US,60,20201208,200000,0.845,0.845,0.62,0.65,20938,0
RVPHW.US,60,20201208,210000,0.775,0.8,0.75,0.789899,9945,0
RVPHW.US,60,20201208,220000,0.79,0.84,0.7502,0.84,14457,0
RVPHW.US,60,20201209,160000,0.88,0.93991,0.859999,0.916,8557,0
RVPHW.US,60,20201209,170000,0.899,0.979999,0.8001,0.82,59427,0
RVPHW.US,60,20201209,180000,0.824,0.824,0.7601,0.7602,24668,0
RVPHW.US,60,20201209,190000,0.7602,0.8,0.7125,0.796,18020,0
RVPHW.US,60,20201209,200000,0.794999,0.8568,0.794999,0.8568,5127,0
RVPHW.US,60,20201209,210000,0.8568,0.98,0.8567,0.87,8600,0
RVPHW.US,60,20201209,220000,0.8565,0.98,0.8001,0.98,1900,0
RVPHW.US,60,20201210,160000,0.909,0.909,0.9,0.9,1250,0
RVPHW.US,60,20201210,170000,0.9009,0.96,0.86,0.940101,13795,0
RVPHW.US,60,20201210,180000,0.92,1.03,0.9,0.99,27100,0
RVPHW.US,60,20201210,190000,0.98,0.98,0.9101,0.9101,19630,0
RVPHW.US,60,20201210,200000,0.9101,0.9101,0.86,0.8651,16600,0
RVPHW.US,60,20201210,210000,0.8651,0.9091,0.86,0.9,4050,0
RVPHW.US,60,20201210,220000,0.9,0.92,0.78,0.7888,10251,0
RVPHW.US,60,20201211,160000,0.8,0.8887,0.8,0.8602,27313,0
RVPHW.US,60,20201211,170000,0.8602,0.8888,0.8,0.86,19568,0
RVPHW.US,60,20201211,180000,0.8301,0.8301,0.7901,0.7905,17546,0
RVPHW.US,60,20201211,190000,0.8,0.8,0.7301,0.7301,22596,0
RVPHW.US,60,20201211,200000,0.759999,0.7762,0.7587,0.76,34100,0
RVPHW.US,60,20201211,210000,0.76,0.76,0.7579,0.76,4200,0
RVPHW.US,60,20201211,220000,0.76,0.7706,0.735,0.735,9700,0
RVPHW.US,60,20201214,160000,0.99,1,0.81,0.81,33660,0
RVPHW.US,60,20201214,170000,0.85,0.85,0.65,0.7,23960,0
RVPHW.US,60,20201214,180000,0.73,0.7301,0.64,0.6525,43813,0
RVPHW.US,60,20201214,190000,0.6503,0.73,0.6503,0.73,12200,0
RVPHW.US,60,20201214,200000,0.705,0.705,0.6512,0.6587,8051,0
RVPHW.US,60,20201214,210000,0.66,0.7,0.655101,0.7,8800,0
RVPHW.US,60,20201214,220000,0.7,0.72,0.68,0.72,8700,0
RVPHW.US,60,20201215,160000,0.760001,0.760001,0.611,0.624999,650,0
RVPHW.US,60,20201215,170000,0.62,0.69,0.6012,0.69,11000,0
RVPHW.US,60,20201215,180000,0.69,0.69,0.65,0.65,4600,0
RVPHW.US,60,20201215,190000,0.65,0.65,0.65,0.65,700,0
RVPHW.US,60,20201215,200000,0.73,0.73,0.73,0.73,100,0
RVPHW.US,60,20201215,210000,0.699,0.73,0.699,0.73,4000,0
RVPHW.US,60,20201216,160000,0.615,0.72,0.521,0.72,7189,0
RVPHW.US,60,20201216,170000,0.6199,0.65,0.558,0.59,36856,0
RVPHW.US,60,20201216,180000,0.65,0.65,0.5525,0.57,34769,0
RVPHW.US,60,20201216,190000,0.582,0.62,0.582,0.615,2899,0
RVPHW.US,60,20201216,200000,0.615,0.615,0.612,0.615,700,0
RVPHW.US,60,20201216,210000,0.602,0.602,0.5825,0.6,20100,0
RVPHW.US,60,20201216,220000,0.5821,0.6249,0.5821,0.6001,2800,0
RVPHW.US,60,20201217,160000,0.631,0.631,0.61,0.61,1200,0
RVPHW.US,60,20201217,170000,0.62,0.62,0.55,0.58,12844,0
RVPHW.US,60,20201217,180000,0.58,0.58,0.551,0.58,10800,0
RVPHW.US,60,20201217,190000,0.58,0.609899,0.58,0.590001,39785,0
RVPHW.US,60,20201217,200000,0.57,0.595,0.57,0.595,20900,0
RVPHW.US,60,20201217,210000,0.5701,0.5701,0.565,0.565,700,0
RVPHW.US,60,20201217,220000,0.55,0.58,0.55,0.58,14043,0
RVPHW.US,60,20201218,160000,0.6,0.6,0.6,0.6,470,0
RVPHW.US,60,20201218,170000,0.625,0.625,0.6,0.6,1849,0
RVPHW.US,60,20201218,180000,0.6,0.607301,0.5801,0.5801,25693,0
RVPHW.US,60,20201218,200000,0.58,0.5801,0.58,0.5801,1922,0
RVPHW.US,60,20201218,210000,0.5801,0.5801,0.58,0.5801,1900,0
RVPHW.US,60,20201218,220000,0.58,0.58,0.5594,0.5594,2239,0
RVPHW.US,60,20201221,160000,0.64,0.64,0.64,0.64,400,0
RVPHW.US,60,20201221,170000,0.61,0.61,0.55,0.55,13707,0
RVPHW.US,60,20201221,180000,0.51,0.57,0.378,0.57,11464,0
RVPHW.US,60,20201221,190000,0.5116,0.53,0.5016,0.506601,7000,0
RVPHW.US,60,20201221,200000,0.53,0.57,0.53,0.5575,5200,0
RVPHW.US,60,20201221,210000,0.5575,0.5575,0.4851,0.497501,35433,0
RVPHW.US,60,20201221,220000,0.51,0.51,0.451,0.4694,24105,0
RVPHW.US,60,20201222,160000,0.53,0.614486,0.53,0.6,16414,0
RVPHW.US,60,20201222,170000,0.625001,0.73,0.61,0.71,23664,0
RVPHW.US,60,20201222,180000,0.69,0.69,0.61,0.65,13865,0
RVPHW.US,60,20201222,190000,0.64,0.7,0.63,0.685,6519,0
RVPHW.US,60,20201222,200000,0.6703,0.6703,0.62,0.62,15705,0
RVPHW.US,60,20201222,210000,0.62,0.66,0.61,0.6501,34411,0
RVPHW.US,60,20201222,220000,0.65,0.65,0.6,0.6001,17106,0
RVPHW.US,60,20201223,160000,0.66,0.72,0.65,0.65,11251,0
RVPHW.US,60,20201223,170000,0.65,0.65,0.63,0.65,4135,0
RVPHW.US,60,20201223,180000,0.65,0.88,0.6101,0.717536,27643,0
RVPHW.US,60,20201223,190000,0.75,0.78,0.67,0.67,41580,0
RVPHW.US,60,20201223,200000,0.66,0.7207,0.65,0.7207,7855,0
RVPHW.US,60,20201223,210000,0.662301,0.662301,0.6622,0.6622,1120,0
RVPHW.US,60,20201223,220000,0.70765,0.70765,0.70765,0.70765,500,0
RVPHW.US,60,20201224,160000,0.6901,0.7,0.6158,0.654401,3100,0
RVPHW.US,60,20201224,170000,0.58,0.627,0.58,0.627,26046,0
RVPHW.US,60,20201224,180000,0.6552,0.6552,0.6001,0.6156,5893,0
RVPHW.US,60,20201228,160000,0.6977,0.6977,0.66,0.67,5719,0
RVPHW.US,60,20201228,170000,0.670001,0.670001,0.66,0.669799,3810,0
RVPHW.US,60,20201228,180000,0.6699,0.7,0.6699,0.6708,22534,0
RVPHW.US,60,20201228,190000,0.6303,0.65,0.6303,0.6447,6250,0
RVPHW.US,60,20201228,200000,0.65,0.65,0.6468,0.649999,500,0
RVPHW.US,60,20201228,210000,0.6446,0.6446,0.6446,0.6446,1000,0
RVPHW.US,60,20201228,220000,0.642501,0.65,0.635101,0.640499,3249,0
RVPHW.US,60,20201229,160000,0.67,0.67,0.640501,0.66,3716,0
RVPHW.US,60,20201229,170000,0.640601,0.640601,0.6405,0.6405,11800,0
RVPHW.US,60,20201229,180000,0.65,0.6512,0.65,0.65,6827,0
RVPHW.US,60,20201229,190000,0.6405,0.6405,0.6405,0.6405,700,0
RVPHW.US,60,20201229,200000,0.6511,0.6511,0.6511,0.6511,100,0
RVPHW.US,60,20201229,220000,0.6511,0.6511,0.6511,0.6511,250,0
RVPHW.US,60,20201230,160000,0.6511,0.6511,0.61,0.61,1200,0
RVPHW.US,60,20201230,170000,0.5603,0.607,0.52,0.6033,10004,0
RVPHW.US,60,20201230,180000,0.6,0.6,0.5602,0.5602,1800,0
RVPHW.US,60,20201230,190000,0.6,0.61,0.57,0.61,12166,0
RVPHW.US,60,20201230,200000,0.59,0.61,0.59,0.604999,4400,0
RVPHW.US,60,20201230,210000,0.61,0.677203,0.61,0.677203,1781,0
RVPHW.US,60,20201230,220000,0.675,0.675,0.675,0.675,100,0
RVPHW.US,60,20201231,180000,0.634999,0.652501,0.634999,0.6483,6300,0
RVPHW.US,60,20201231,190000,0.63,0.635,0.61,0.6105,7500,0
RVPHW.US,60,20201231,200000,0.62,0.635,0.62,0.635,1000,0
RVPHW.US,60,20201231,210000,0.64,0.64,0.64,0.64,100,0
RVPHW.US,60,20201231,220000,0.655,0.675,0.655,0.675,1900,0
RVPHW.US,60,20210104,160000,0.665,0.665,0.665,0.665,2300,0
RVPHW.US,60,20210104,170000,0.62,0.65,0.61,0.65,9500,0
RVPHW.US,60,20210104,180000,0.65,0.7,0.65,0.65,1296,0
RVPHW.US,60,20210104,190000,0.66,0.66,0.66,0.66,900,0
RVPHW.US,60,20210104,200000,0.66,0.67,0.66,0.67,2800,0
RVPHW.US,60,20210104,210000,0.67,0.67,0.67,0.67,300,0
RVPHW.US,60,20210104,220000,0.67,0.68,0.67,0.67,5616,0
RVPHW.US,60,20210105,170000,0.669899,0.77,0.48,0.77,92739,0
RVPHW.US,60,20210105,180000,0.77,0.845,0.55,0.79,28015,0
RVPHW.US,60,20210105,190000,0.82,0.82,0.79,0.79,7999,0
RVPHW.US,60,20210105,200000,0.795,0.825,0.7675,0.78,26349,0
RVPHW.US,60,20210105,210000,0.799999,0.84,0.78,0.78,28554,0
RVPHW.US,60,20210105,220000,0.78,0.78,0.6101,0.7613,30296,0
RVPHW.US,60,20210106,170000,0.695,0.7,0.695,0.7,400,0
RVPHW.US,60,20210106,180000,0.66,0.66,0.64,0.64,2713,0
RVPHW.US,60,20210106,190000,0.72,0.72,0.72,0.72,100,0
RVPHW.US,60,20210106,200000,0.66,0.6601,0.66,0.66,2366,0
RVPHW.US,60,20210106,210000,0.72,0.72,0.64,0.7,10140,0
RVPHW.US,60,20210106,220000,0.67,0.685,0.65,0.6601,10784,0
RVPHW.US,60,20210107,160000,0.64,0.64,0.63,0.63,300,0
RVPHW.US,60,20210107,170000,0.6701,0.6701,0.63,0.630601,2300,0
RVPHW.US,60,20210107,180000,0.649999,0.688251,0.649999,0.66,3875,0
RVPHW.US,60,20210107,190000,0.66,0.669001,0.66,0.669001,900,0
RVPHW.US,60,20210107,200000,0.685,0.685,0.685,0.685,1250,0
RVPHW.US,60,20210107,210000,0.685,0.685,0.685,0.685,6200,0
RVPHW.US,60,20210107,220000,0.685,0.7,0.685,0.7,4500,0
RVPHW.US,60,20210108,160000,0.622,0.622,0.622,0.622,1000,0
RVPHW.US,60,20210108,170000,0.68,0.69,0.68,0.69,5049,0
RVPHW.US,60,20210108,180000,0.69,0.69,0.69,0.69,1162,0
RVPHW.US,60,20210108,190000,0.68,0.69,0.68,0.69,7099,0
RVPHW.US,60,20210108,200000,0.69,0.69,0.69,0.69,150,0
RVPHW.US,60,20210108,210000,0.68,0.69,0.675,0.675,21751,0
RVPHW.US,60,20210108,220000,0.68,0.68,0.68,0.68,500,0
RVPHW.US,60,20210111,200000,0.649899,0.649899,0.649899,0.649899,100,0
RVPHW.US,60,20210111,210000,0.645199,0.645199,0.6202,0.6202,2900,0
RVPHW.US,60,20210111,220000,0.620101,0.76,0.620101,0.76,34662,0
RVPHW.US,60,20210112,160000,0.75,0.75,0.660101,0.660101,2000,0
RVPHW.US,60,20210112,170000,0.7,0.78,0.7,0.7799,10510,0
RVPHW.US,60,20210112,180000,0.791499,0.84,0.78,0.8,10514,0
RVPHW.US,60,20210112,190000,0.8004,0.8004,0.8004,0.8004,1500,0
RVPHW.US,60,20210112,200000,0.8399,0.84,0.81,0.82,10516,0
RVPHW.US,60,20210112,210000,0.82,0.82,0.82,0.82,150,0
RVPHW.US,60,20210112,220000,0.81,0.82,0.81,0.81,948,0
RVPHW.US,60,20210113,160000,0.72,0.79,0.72,0.79,3250,0
RVPHW.US,60,20210113,170000,0.8,0.8,0.8,0.8,1831,0
RVPHW.US,60,20210113,180000,0.807,0.807,0.78,0.78,1937,0
RVPHW.US,60,20210113,200000,0.77,0.77,0.7,0.77,6200,0
RVPHW.US,60,20210113,210000,0.68,0.7,0.68,0.7,4400,0
RVPHW.US,60,20210113,220000,0.7,0.72,0.7,0.7,15149,0
RVPHW.US,60,20210114,160000,0.7,0.7,0.6801,0.6801,2500,0
RVPHW.US,60,20210114,190000,0.732751,0.732751,0.732751,0.732751,2502,0
RVPHW.US,60,20210114,200000,0.7,0.72,0.7,0.72,1230,0
RVPHW.US,60,20210114,210000,0.720101,0.720101,0.720101,0.720101,1100,0
RVPHW.US,60,20210114,220000,0.7655,0.8399,0.7654,0.8399,21040,0
RVPHW.US,60,20210115,160000,0.83495,0.83495,0.83495,0.83495,1300,0
RVPHW.US,60,20210115,170000,0.8299,0.8299,0.8,0.8,2098,0
RVPHW.US,60,20210115,180000,0.72,0.74,0.72,0.72,14200,0
RVPHW.US,60,20210115,190000,0.72,0.72,0.72,0.72,1000,0
RVPHW.US,60,20210115,220000,0.73,0.73,0.7,0.7,5149,0
RVPHW.US,60,20210119,160000,0.8,0.8,0.72,0.72,550,0
RVPHW.US,60,20210119,170000,0.72,0.72,0.7,0.7,1945,0
RVPHW.US,60,20210119,180000,0.789899,0.789899,0.71,0.71,1400,0
RVPHW.US,60,20210119,190000,0.71,0.71,0.71,0.71,100,0
RVPHW.US,60,20210119,220000,0.724999,0.725,0.71,0.725,3100,0
RVPHW.US,60,20210120,160000,0.7,0.7,0.7,0.7,300,0
RVPHW.US,60,20210120,170000,0.7118,0.7118,0.7,0.7001,14214,0
RVPHW.US,60,20210120,190000,0.7,0.7,0.699899,0.699899,1200,0
RVPHW.US,60,20210120,220000,0.7,0.7,0.6999,0.7,111155,0
RVPHW.US,60,20210121,170000,0.7,0.7,0.69,0.69,681,0
RVPHW.US,60,20210121,210000,0.6666,0.6898,0.6666,0.6898,6600,0
RVPHW.US,60,20210122,160000,0.6666,0.6666,0.66,0.66,7500,0
RVPHW.US,60,20210122,170000,0.6,0.634999,0.6,0.634999,1927,0
RVPHW.US,60,20210122,180000,0.62,0.635001,0.55,0.62,91023,0
RVPHW.US,60,20210122,190000,0.62,0.62,0.62,0.62,1100,0
RVPHW.US,60,20210122,200000,0.595,0.595,0.55,0.56,20625,0
RVPHW.US,60,20210122,210000,0.5506,0.6,0.5317,0.6,104574,0
RVPHW.US,60,20210122,220000,0.6,0.68,0.58,0.68,29500,0
RVPHW.US,60,20210125,160000,0.62,0.74,0.62,0.74,4045,0
RVPHW.US,60,20210125,170000,0.6,0.73,0.6,0.73,731,0
RVPHW.US,60,20210125,180000,0.715,0.7301,0.715,0.73,7646,0
RVPHW.US,60,20210125,200000,0.63,0.63,0.63,0.63,100,0
RVPHW.US,60,20210125,220000,0.66,0.66,0.66,0.66,370,0
RVPHW.US,60,20210126,160000,0.66,0.66,0.66,0.66,800,0
RVPHW.US,60,20210126,180000,0.659899,0.659899,0.615,0.6426,6800,0
RVPHW.US,60,20210126,210000,0.58,0.5801,0.58,0.58,1000,0
RVPHW.US,60,20210126,220000,0.65,0.66,0.65,0.66,4391,0
RVPHW.US,60,20210127,160000,0.66,0.66,0.66,0.66,900,0
RVPHW.US,60,20210127,190000,0.560101,0.560101,0.560101,0.560101,200,0
RVPHW.US,60,20210127,200000,0.62,0.62,0.62,0.62,500,0
RVPHW.US,60,20210127,210000,0.59,0.59,0.59,0.59,670,0
RVPHW.US,60,20210127,220000,0.59,0.59,0.57,0.57,5911,0
RVPHW.US,60,20210128,170000,0.5744,0.5744,0.5713,0.5713,694,0
RVPHW.US,60,20210128,180000,0.58,0.58,0.57,0.58,2926,0
RVPHW.US,60,20210128,200000,0.58,0.58,0.58,0.58,1226,0
RVPHW.US,60,20210128,220000,0.6,0.6,0.57,0.57,1500,0
RVPHW.US,60,20210129,160000,0.53,0.53,0.53,0.53,6245,0
RVPHW.US,60,20210129,170000,0.55,0.55,0.53,0.53,900,0
RVPHW.US,60,20210129,220000,0.62,0.63,0.56,0.56,2124,0
RVPHW.US,60,20210201,170000,0.65,0.65,0.5959,0.6,13600,0
RVPHW.US,60,20210201,190000,0.58045,0.58045,0.58045,0.58045,400,0
RVPHW.US,60,20210201,210000,0.5934,0.6,0.585,0.585,6600,0
RVPHW.US,60,20210201,220000,0.585,0.585,0.585,0.585,1266,0
RVPHW.US,60,20210202,160000,0.6996,0.6996,0.6996,0.6996,100,0
RVPHW.US,60,20210202,170000,0.6799,0.6799,0.65,0.6698,2060,0
RVPHW.US,60,20210202,180000,0.6498,0.6501,0.52,0.57495,6035,0
RVPHW.US,60,20210202,190000,0.619,0.66,0.61616,0.66,8086,0
RVPHW.US,60,20210202,200000,0.66995,0.66995,0.64,0.64,3600,0
RVPHW.US,60,20210202,210000,0.6299,0.6299,0.62,0.62,2797,0
RVPHW.US,60,20210202,220000,0.6299,0.63,0.61,0.61,17550,0
RVPHW.US,60,20210203,170000,0.63,0.65,0.63,0.6499,7590,0
RVPHW.US,60,20210203,180000,0.640049,0.640049,0.6361,0.6361,1200,0
RVPHW.US,60,20210203,190000,0.6402,0.6403,0.6402,0.6403,872,0
RVPHW.US,60,20210203,200000,0.645,0.645,0.642701,0.642701,1500,0
RVPHW.US,60,20210203,210000,0.645,0.65,0.64,0.64,4100,0
RVPHW.US,60,20210203,220000,0.6351,0.6351,0.63,0.63,10996,0
RVPHW.US,60,20210204,160000,0.71,0.720548,0.7099,0.7199,31606,0
RVPHW.US,60,20210204,170000,0.72,0.7419,0.6927,0.7223,10006,0
RVPHW.US,60,20210204,180000,0.7225,0.735,0.7171,0.7171,6500,0
RVPHW.US,60,20210204,190000,0.712,0.712,0.680201,0.680201,16429,0
RVPHW.US,60,20210204,200000,0.69,0.7003,0.69,0.7002,2726,0
RVPHW.US,60,20210204,210000,0.7262,0.749,0.7201,0.74,20805,0
RVPHW.US,60,20210204,220000,0.7489,0.7489,0.7391,0.7478,5000,0
RVPHW.US,60,20210205,160000,0.76,0.8,0.7599,0.7999,26104,0
RVPHW.US,60,20210205,170000,0.7601,0.7999,0.7069,0.7699,16600,0
RVPHW.US,60,20210205,180000,0.7452,0.77,0.7069,0.72,30318,0
RVPHW.US,60,20210205,190000,0.72,0.7699,0.719676,0.7698,31616,0
RVPHW.US,60,20210205,200000,0.7698,0.7698,0.768649,0.768649,450,0
RVPHW.US,60,20210205,210000,0.7687,0.7687,0.72,0.74,7751,0
RVPHW.US,60,20210205,220000,0.7401,0.7743,0.72,0.76,19695,0
RVPHW.US,60,20210208,160000,0.7799,0.78,0.767,0.767,28900,0
RVPHW.US,60,20210208,170000,0.772449,0.7799,0.765,0.765,5402,0
RVPHW.US,60,20210208,180000,0.765,0.7797,0.7649,0.775,12008,0
RVPHW.US,60,20210208,190000,0.775101,0.775121,0.7625,0.775,6128,0
RVPHW.US,60,20210208,200000,0.7749,0.78,0.7748,0.78,26200,0
RVPHW.US,60,20210208,210000,0.7799,0.78,0.774999,0.78,17100,0
RVPHW.US,60,20210208,220000,0.7799,0.78,0.779751,0.78,19700,0
RVPHW.US,60,20210209,160000,0.7899,0.79,0.76,0.76,2500,0
RVPHW.US,60,20210209,170000,0.76,0.79,0.7594,0.7594,6300,0
RVPHW.US,60,20210209,180000,0.7594,0.7594,0.7539,0.7539,4900,0
RVPHW.US,60,20210209,190000,0.7539,0.7539,0.745,0.745,3400,0
RVPHW.US,60,20210209,200000,0.745,0.745,0.745,0.745,2800,0
RVPHW.US,60,20210209,210000,0.745,0.7598,0.7,0.7,10772,0
RVPHW.US,60,20210209,220000,0.7,0.759799,0.7,0.75,15470,0
RVPHW.US,60,20210210,160000,0.72,0.744951,0.685,0.744951,12408,0
RVPHW.US,60,20210210,170000,0.73,0.76,0.73,0.73,29771,0
RVPHW.US,60,20210210,180000,0.73,0.7998,0.73,0.73,25499,0
RVPHW.US,60,20210210,190000,0.73,0.77,0.73,0.77,3988,0
RVPHW.US,60,20210210,200000,0.77,0.8002,0.77,0.7701,36738,0
RVPHW.US,60,20210210,210000,0.7702,0.7703,0.77,0.77,4023,0
RVPHW.US,60,20210210,220000,0.77,0.8075,0.76,0.76,53884,0
RVPHW.US,60,20210211,160000,0.76,0.809899,0.76,0.809899,1200,0
RVPHW.US,60,20210211,170000,0.7852,0.8,0.7852,0.7989,10000,0
RVPHW.US,60,20210211,180000,0.799899,0.8,0.76,0.78,8150,0
RVPHW.US,60,20210211,190000,0.7521,0.75995,0.748,0.7599,3000,0
RVPHW.US,60,20210211,200000,0.76,0.765,0.742,0.742,3497,0
RVPHW.US,60,20210211,210000,0.7372,0.7553,0.73,0.7553,11800,0
RVPHW.US,60,20210211,220000,0.7433,0.750199,0.680001,0.690001,15910,0
RVPHW.US,60,20210212,160000,0.67,0.7094,0.67,0.705863,5100,0
RVPHW.US,60,20210212,170000,0.711101,0.711101,0.711101,0.711101,300,0
RVPHW.US,60,20210212,180000,0.7699,0.7699,0.695,0.695,14126,0
RVPHW.US,60,20210212,190000,0.69,0.708636,0.6281,0.6871,41876,0
RVPHW.US,60,20210212,200000,0.6788,0.6788,0.668,0.6681,2100,0
RVPHW.US,60,20210212,210000,0.6793,0.69,0.6793,0.684731,6367,0
RVPHW.US,60,20210212,220000,0.69,0.69,0.69,0.69,6700,0
RVPHW.US,60,20210216,160000,0.77,0.77,0.71,0.7103,8443,0
RVPHW.US,60,20210216,170000,0.71,0.71,0.71,0.71,9046,0
RVPHW.US,60,20210216,180000,0.71,0.71,0.67,0.6705,5200,0
RVPHW.US,60,20210216,190000,0.6801,0.7,0.6801,0.6801,4000,0
RVPHW.US,60,20210216,200000,0.68,0.7599,0.67,0.67,4200,0
RVPHW.US,60,20210216,210000,0.69,0.7608,0.69,0.69,5085,0
RVPHW.US,60,20210216,220000,0.6902,0.6902,0.67,0.68,9015,0
RVPHW.US,60,20210217,160000,0.68,0.68,0.68,0.68,340,0
RVPHW.US,60,20210217,170000,0.68,0.714901,0.68,0.714901,1600,0
RVPHW.US,60,20210217,180000,0.7,0.7,0.7,0.7,200,0
RVPHW.US,60,20210217,190000,0.7,0.7298,0.7,0.7298,700,0
RVPHW.US,60,20210217,200000,0.6951,0.6951,0.695,0.695,300,0
RVPHW.US,60,20210217,220000,0.7,0.74,0.7,0.7101,8224,0
RVPHW.US,60,20210218,170000,0.710101,0.710101,0.71,0.71,300,0
RVPHW.US,60,20210218,180000,0.71,0.71,0.71,0.71,8352,0
RVPHW.US,60,20210218,200000,0.699799,0.6999,0.6996,0.6999,3100,0
RVPHW.US,60,20210218,210000,0.6999,0.7,0.68,0.68,7862,0
RVPHW.US,60,20210218,220000,0.675,0.700101,0.675,0.675,17596,0
RVPHW.US,60,20210219,170000,0.71,0.71,0.71,0.71,5000,0
RVPHW.US,60,20210219,180000,0.709899,0.71,0.670401,0.670401,2095,0
RVPHW.US,60,20210219,200000,0.690101,0.690101,0.690101,0.690101,2000,0
RVPHW.US,60,20210219,210000,0.7,0.7,0.7,0.7,400,0
RVPHW.US,60,20210219,220000,0.69,0.69,0.6705,0.6705,3349,0
RVPHW.US,60,20210222,170000,0.67,0.6701,0.67,0.6701,12000,0
RVPHW.US,60,20210222,180000,0.671,0.671,0.671,0.671,200,0
RVPHW.US,60,20210222,190000,0.7,0.7,0.6965,0.6999,8550,0
RVPHW.US,60,20210222,200000,0.7,0.7,0.6999,0.6999,1300,0
RVPHW.US,60,20210222,210000,0.6999,0.6999,0.6999,0.6999,200,0
RVPHW.US,60,20210222,220000,0.6999,0.6999,0.6999,0.6999,288,0
RVPHW.US,60,20210223,160000,0.67,0.6701,0.639,0.639,9938,0
RVPHW.US,60,20210223,170000,0.6399,0.6598,0.6399,0.65,6997,0
RVPHW.US,60,20210223,180000,0.67,0.67,0.6603,0.6603,1300,0
RVPHW.US,60,20210223,200000,0.642,0.642,0.6306,0.6306,495,0
RVPHW.US,60,20210223,210000,0.6999,0.6999,0.69,0.69,2950,0
RVPHW.US,60,20210223,220000,0.6995,0.6995,0.6995,0.6995,500,0
RVPHW.US,60,20210224,170000,0.7012,0.7012,0.7002,0.7002,600,0
RVPHW.US,60,20210224,180000,0.7369,0.7369,0.7369,0.7369,4000,0
RVPHW.US,60,20210224,190000,0.71905,0.71905,0.71905,0.71905,1000,0
RVPHW.US,60,20210224,200000,0.701301,0.7107,0.701301,0.7107,5692,0
RVPHW.US,60,20210224,210000,0.7012,0.7012,0.67,0.67,6497,0
RVPHW.US,60,20210224,220000,0.67,0.67,0.67,0.67,200,0
RVPHW.US,60,20210225,160000,0.64,0.6401,0.64,0.6401,996,0
RVPHW.US,60,20210225,170000,0.71085,0.71085,0.71085,0.71085,1199,0
RVPHW.US,60,20210225,180000,0.7017,0.77,0.68,0.77,25204,0
RVPHW.US,60,20210225,190000,0.7676,0.76766,0.7302,0.7302,2300,0
RVPHW.US,60,20210225,200000,0.72,0.72,0.7001,0.7001,1967,0
RVPHW.US,60,20210225,210000,0.7001,0.7001,0.7001,0.7001,2300,0
RVPHW.US,60,20210225,220000,0.749899,0.7676,0.72,0.72,8502,0
RVPHW.US,60,20210226,160000,0.76,0.77,0.76,0.77,14813,0
RVPHW.US,60,20210226,170000,0.77,0.77,0.7304,0.7304,26407,0
RVPHW.US,60,20210226,180000,0.75,0.75,0.7175,0.7475,20309,0
RVPHW.US,60,20210226,190000,0.7699,0.7699,0.7699,0.7699,906,0
RVPHW.US,60,20210226,200000,0.75,0.75,0.734999,0.734999,6000,0
RVPHW.US,60,20210226,210000,0.72,0.72,0.719899,0.72,12700,0
RVPHW.US,60,20210226,220000,0.7301,0.769799,0.7301,0.74,7350,0
RVPHW.US,60,20210301,170000,0.7202,0.7202,0.7202,0.7202,100,0
RVPHW.US,60,20210301,180000,0.73,0.73,0.73,0.73,1000,0
RVPHW.US,60,20210301,220000,0.730101,0.730101,0.73,0.7301,1623,0
RVPHW.US,60,20210302,170000,0.72,0.72,0.72,0.72,950,0
RVPHW.US,60,20210302,180000,0.75,0.75,0.75,0.75,900,0
RVPHW.US,60,20210302,190000,0.7201,0.7201,0.72,0.72,2600,0
RVPHW.US,60,20210302,200000,0.709999,0.715,0.705,0.705,2859,0
RVPHW.US,60,20210302,210000,0.705,0.705123,0.705,0.705123,1800,0
RVPHW.US,60,20210302,220000,0.7,0.700076,0.690101,0.690101,10100,0
RVPHW.US,60,20210303,160000,0.66,0.66,0.640101,0.640101,18038,0
RVPHW.US,60,20210303,170000,0.646999,0.65,0.64,0.6499,19744,0
RVPHW.US,60,20210303,180000,0.6499,0.6798,0.6499,0.6798,10300,0
RVPHW.US,60,20210303,190000,0.65,0.6575,0.64,0.64,30258,0
RVPHW.US,60,20210303,200000,0.639,0.639,0.56,0.62,23299,0
RVPHW.US,60,20210303,210000,0.575,0.5781,0.550101,0.550101,14739,0
RVPHW.US,60,20210303,220000,0.606,0.6346,0.6,0.63,14864,0
RVPHW.US,60,20210304,160000,0.58,0.58,0.555,0.555,1962,0
RVPHW.US,60,20210304,170000,0.5502,0.5698,0.510101,0.5698,14347,0
RVPHW.US,60,20210304,180000,0.570101,0.575,0.57,0.574901,4900,0
RVPHW.US,60,20210304,190000,0.5824,0.582471,0.5654,0.5654,18753,0
RVPHW.US,60,20210304,200000,0.5654,0.5654,0.5654,0.5654,1648,0
RVPHW.US,60,20210304,210000,0.57,0.57,0.530201,0.530201,3290,0
RVPHW.US,60,20210304,220000,0.530301,0.5699,0.5301,0.5302,16900,0
RVPHW.US,60,20210305,160000,0.55,0.55,0.55,0.55,1800,0
RVPHW.US,60,20210305,170000,0.55,0.55,0.55,0.55,5055,0
RVPHW.US,60,20210305,180000,0.5503,0.5503,0.55,0.55,5200,0
RVPHW.US,60,20210305,200000,0.55025,0.55025,0.55025,0.55025,100,0
RVPHW.US,60,20210305,210000,0.55,0.55,0.522,0.522,6772,0
RVPHW.US,60,20210308,160000,0.54,0.54,0.54,0.54,500,0
RVPHW.US,60,20210308,170000,0.57,0.57,0.57,0.57,200,0
RVPHW.US,60,20210308,180000,0.57,0.57,0.57,0.57,3100,0
RVPHW.US,60,20210308,190000,0.5999,0.65,0.5998,0.65,10000,0
RVPHW.US,60,20210308,200000,0.6187,0.619799,0.6187,0.619799,2000,0
RVPHW.US,60,20210308,220000,0.57,0.57,0.54,0.54,30110,0
RVPHW.US,60,20210309,180000,0.55,0.55,0.55,0.55,580,0
RVPHW.US,60,20210309,210000,0.6288,0.6288,0.6238,0.628799,3400,0
RVPHW.US,60,20210309,220000,0.5945,0.5945,0.5945,0.5945,400,0
RVPHW.US,60,20210310,180000,0.6001,0.6001,0.6,0.6,438,0
RVPHW.US,60,20210310,190000,0.6,0.6,0.6,0.6,100,0
RVPHW.US,60,20210310,200000,0.6,0.6,0.6,0.6,1600,0
RVPHW.US,60,20210310,210000,0.6001,0.6001,0.6001,0.6001,100,0
RVPHW.US,60,20210310,220000,0.6289,0.65,0.6001,0.6001,15520,0
RVPHW.US,60,20210311,160000,0.65,0.65,0.62,0.62,26000,0
RVPHW.US,60,20210311,170000,0.635,0.68,0.6349,0.68,16149,0
RVPHW.US,60,20210311,190000,0.68,0.68,0.66,0.66,6950,0
RVPHW.US,60,20210311,200000,0.66,0.66,0.6599,0.66,8274,0
RVPHW.US,60,20210311,210000,0.66,0.66,0.66,0.66,160,0
RVPHW.US,60,20210311,220000,0.67,0.69,0.67,0.6899,14550,0
RVPHW.US,60,20210312,160000,0.6402,0.6402,0.6401,0.6401,200,0
RVPHW.US,60,20210312,170000,0.65,0.65,0.65,0.65,2000,0
RVPHW.US,60,20210312,210000,0.6501,0.6501,0.6491,0.6491,1998,0
RVPHW.US,60,20210312,220000,0.65,0.65,0.649899,0.649899,1100,0
RVPHW.US,60,20210315,150000,0.6401,0.6401,0.6401,0.6401,200,0
RVPHW.US,60,20210315,160000,0.649999,0.65,0.64,0.64,7129,0
RVPHW.US,60,20210315,170000,0.6401,0.6401,0.6401,0.6401,100,0
RVPHW.US,60,20210315,180000,0.65,0.65,0.64,0.64,12037,0
RVPHW.US,60,20210315,190000,0.6401,0.65,0.63,0.65,14030,0
RVPHW.US,60,20210315,210000,0.65,0.65,0.65,0.65,1958,0
RVPHW.US,60,20210316,150000,0.65,0.65,0.65,0.65,2000,0
RVPHW.US,60,20210316,180000,0.65,0.65,0.6499,0.6499,2000,0
RVPHW.US,60,20210317,160000,0.635,0.635,0.63,0.635,414,0
RVPHW.US,60,20210317,210000,0.65,0.65,0.647499,0.65,5900,0
RVPHW.US,60,20210318,160000,0.6499,0.65,0.6499,0.65,6000,0
RVPHW.US,60,20210318,190000,0.65,0.65,0.65,0.65,500,0
RVPHW.US,60,20210319,150000,0.65,0.65,0.65,0.65,153,0
RVPHW.US,60,20210319,160000,0.6499,0.6499,0.6499,0.6499,350,0
RVPHW.US,60,20210319,180000,0.6499,0.6499,0.6498,0.6499,3998,0
RVPHW.US,60,20210319,190000,0.5512,0.595601,0.55,0.5512,1800,0
RVPHW.US,60,20210322,150000,0.5601,0.5601,0.5601,0.5601,190,0
RVPHW.US,60,20210322,160000,0.60545,0.6499,0.5702,0.5702,1101,0
RVPHW.US,60,20210322,170000,0.63,0.63,0.60045,0.60045,1305,0
RVPHW.US,60,20210322,180000,0.6295,0.6399,0.6295,0.6398,5978,0
RVPHW.US,60,20210322,200000,0.6,0.6,0.5755,0.5755,3512,0
RVPHW.US,60,20210322,210000,0.5755,0.5755,0.561,0.57,9455,0
RVPHW.US,60,20210323,160000,0.57,0.57,0.57,0.57,500,0
RVPHW.US,60,20210323,170000,0.55505,0.55505,0.4301,0.4301,14522,0
RVPHW.US,60,20210323,180000,0.56,0.56,0.4801,0.4801,1400,0
RVPHW.US,60,20210323,190000,0.4801,0.4801,0.4301,0.44,25675,0
RVPHW.US,60,20210323,200000,0.44,0.44,0.4,0.4,61785,0
RVPHW.US,60,20210323,210000,0.395,0.515,0.395,0.45,50646,0
RVPHW.US,60,20210324,150000,0.4701,0.4701,0.4701,0.4701,800,0
RVPHW.US,60,20210324,160000,0.4701,0.4701,0.43,0.4301,11300,0
RVPHW.US,60,20210324,170000,0.45,0.4504,0.45,0.450101,25796,0
RVPHW.US,60,20210324,190000,0.460949,0.460949,0.460949,0.460949,450,0
RVPHW.US,60,20210324,200000,0.4506,0.4794,0.435,0.4794,28400,0
RVPHW.US,60,20210324,210000,0.4794,0.4794,0.4409,0.4409,9189,0
RVPHW.US,60,20210325,150000,0.45,0.45,0.44,0.44,17693,0
RVPHW.US,60,20210325,160000,0.439899,0.439899,0.42,0.42,2167,0
RVPHW.US,60,20210325,170000,0.42,0.42,0.41,0.42,1932,0
RVPHW.US,60,20210325,180000,0.415,0.42,0.4,0.4,22800,0
RVPHW.US,60,20210325,190000,0.38,0.41,0.361,0.361,17098,0
RVPHW.US,60,20210325,200000,0.367,0.3671,0.367,0.367,6950,0
RVPHW.US,60,20210325,210000,0.37,0.44,0.37,0.44,12498,0
RVPHW.US,60,20210326,170000,0.42,0.42,0.42,0.42,4263,0
RVPHW.US,60,20210326,180000,0.4201,0.4201,0.4,0.4,2000,0
RVPHW.US,60,20210326,200000,0.410001,0.410001,0.41,0.41,7799,0
RVPHW.US,60,20210326,210000,0.4101,0.4101,0.41,0.41,2201,0
RVPHW.US,60,20210329,170000,0.4201,0.4201,0.4,0.4001,5900,0
RVPHW.US,60,20210329,180000,0.43,0.4498,0.42,0.42,1196,0
RVPHW.US,60,20210329,220000,0.432,0.432,0.4143,0.4143,1950,0
RVPHW.US,60,20210330,160000,0.45,0.45,0.4499,0.45,3585,0
RVPHW.US,60,20210330,170000,0.44,0.4499,0.4143,0.4143,17000,0
RVPHW.US,60,20210330,180000,0.4143,0.42,0.41,0.42,996,0
RVPHW.US,60,20210330,190000,0.4255,0.4255,0.4255,0.4255,300,0
RVPHW.US,60,20210331,160000,0.52,0.52,0.443,0.443,11052,0
RVPHW.US,60,20210331,170000,0.4425,0.443,0.4425,0.4425,894,0
RVPHW.US,60,20210331,180000,0.47,0.5,0.47,0.5,300,0
RVPHW.US,60,20210331,220000,0.46,0.46,0.46,0.46,800,0
RVPHW.US,60,20210401,170000,0.48,0.48,0.48,0.48,100,0
RVPHW.US,60,20210401,180000,0.4999,0.4999,0.48,0.49,704,0
RVPHW.US,60,20210401,200000,0.4949,0.49495,0.4949,0.49495,2000,0
RVPHW.US,60,20210405,160000,0.55,0.55,0.52,0.52,9580,0
RVPHW.US,60,20210405,170000,0.52,0.52,0.4821,0.49,9066,0
RVPHW.US,60,20210405,180000,0.491,0.5299,0.49,0.5,5364,0
RVPHW.US,60,20210405,190000,0.5199,0.53,0.505,0.5296,31153,0
RVPHW.US,60,20210405,200000,0.5299,0.5299,0.5299,0.5299,4000,0
RVPHW.US,60,20210405,220000,0.49,0.4999,0.49,0.4999,764,0
RVPHW.US,60,20210406,160000,0.52,0.52,0.5054,0.5054,1100,0
RVPHW.US,60,20210406,170000,0.5054,0.5199,0.4999,0.5,11098,0
RVPHW.US,60,20210406,180000,0.5,0.5,0.5,0.5,1295,0
RVPHW.US,60,20210406,190000,0.5,0.515,0.48,0.48,13258,0
RVPHW.US,60,20210406,210000,0.475,0.478223,0.4726,0.4726,12500,0
RVPHW.US,60,20210406,220000,0.4726,0.4726,0.4726,0.4726,1200,0
RVPHW.US,60,20210407,160000,0.461,0.461,0.45,0.45,6241,0
RVPHW.US,60,20210407,170000,0.4501,0.4998,0.42,0.4201,18947,0
RVPHW.US,60,20210407,180000,0.4333,0.4333,0.4333,0.4333,562,0
RVPHW.US,60,20210407,190000,0.4912,0.4912,0.4912,0.4912,100,0
RVPHW.US,60,20210407,200000,0.45,0.45,0.4329,0.433,9723,0
RVPHW.US,60,20210407,210000,0.4329,0.4329,0.4329,0.4329,2579,0
RVPHW.US,60,20210407,220000,0.4329,0.4329,0.4002,0.42,6421,0
RVPHW.US,60,20210408,160000,0.45,0.45,0.45,0.45,600,0
RVPHW.US,60,20210408,170000,0.47495,0.47495,0.43,0.4498,1681,0
RVPHW.US,60,20210408,190000,0.45,0.45,0.4201,0.4201,2801,0
RVPHW.US,60,20210408,200000,0.45,0.4675,0.45,0.4675,2200,0
RVPHW.US,60,20210408,220000,0.42,0.4699,0.42,0.44,447,0
RVPHW.US,60,20210409,170000,0.44,0.44,0.427549,0.427549,7264,0
RVPHW.US,60,20210409,180000,0.44,0.44,0.4251,0.4251,1398,0
RVPHW.US,60,20210409,190000,0.4252,0.4252,0.415,0.415,4843,0
RVPHW.US,60,20210409,200000,0.42,0.42,0.41,0.41,7090,0
RVPHW.US,60,20210409,220000,0.419899,0.42,0.419899,0.42,4000,0
RVPHW.US,60,20210412,160000,0.4,0.4639,0.4,0.4639,1755,0
RVPHW.US,60,20210412,170000,0.4639,0.4639,0.4619,0.4619,1988,0
RVPHW.US,60,20210412,180000,0.4011,0.4011,0.4,0.4,4929,0
RVPHW.US,60,20210412,220000,0.4003,0.4499,0.4001,0.4499,11043,0
RVPHW.US,60,20210413,160000,0.5,0.5,0.48,0.4986,10443,0
RVPHW.US,60,20210413,170000,0.4407,0.4407,0.3801,0.3801,20443,0
RVPHW.US,60,20210413,180000,0.37,0.4001,0.3631,0.3999,11346,0
RVPHW.US,60,20210413,190000,0.4,0.4,0.4,0.4,450,0
RVPHW.US,60,20210413,200000,0.3859,0.4,0.3859,0.399501,6216,0
RVPHW.US,60,20210413,220000,0.401,0.401,0.401,0.401,900,0
RVPHW.US,60,20210414,180000,0.4057,0.406,0.4057,0.4057,5044,0
RVPHW.US,60,20210414,190000,0.4057,0.4057,0.4057,0.4057,100,0
RVPHW.US,60,20210414,200000,0.4057,0.4057,0.3618,0.3619,19045,0
RVPHW.US,60,20210414,210000,0.362,0.362,0.362,0.362,3200,0
RVPHW.US,60,20210415,160000,0.3752,0.3752,0.3752,0.3752,200,0
RVPHW.US,60,20210415,170000,0.3752,0.3752,0.371,0.372,1900,0
RVPHW.US,60,20210415,180000,0.371,0.3744,0.3621,0.3621,7204,0
RVPHW.US,60,20210415,190000,0.374,0.385,0.35,0.385,11399,0
RVPHW.US,60,20210415,200000,0.35,0.3501,0.34,0.3403,3250,0
RVPHW.US,60,20210415,210000,0.35,0.35,0.35,0.35,1000,0
RVPHW.US,60,20210415,220000,0.35,0.382,0.35,0.3819,917,0
RVPHW.US,60,20210416,160000,0.353,0.390801,0.35,0.390801,3584,0
RVPHW.US,60,20210416,180000,0.352,0.352,0.352,0.352,183,0
RVPHW.US,60,20210416,200000,0.3605,0.3605,0.3605,0.3605,187,0
RVPHW.US,60,20210416,220000,0.3605,0.3899,0.3604,0.3899,2208,0
RVPHW.US,60,20210419,170000,0.38,0.38,0.38,0.38,1000,0
RVPHW.US,60,20210419,180000,0.3201,0.3201,0.3201,0.3201,100,0
RVPHW.US,60,20210419,190000,0.3699,0.37,0.33,0.33,5700,0
RVPHW.US,60,20210419,200000,0.34995,0.369799,0.330101,0.3679,4000,0
RVPHW.US,60,20210419,220000,0.3301,0.3301,0.3,0.3,8133,0
RVPHW.US,60,20210420,170000,0.346,0.346,0.3011,0.3011,1838,0
RVPHW.US,60,20210420,180000,0.301,0.342,0.3,0.341,714,0
RVPHW.US,60,20210420,190000,0.339,0.339,0.339,0.339,600,0
RVPHW.US,60,20210420,200000,0.339,0.339,0.339,0.339,2736,0
RVPHW.US,60,20210420,220000,0.3001,0.3001,0.284902,0.29,15399,0
RVPHW.US,60,20210421,160000,0.302,0.302,0.3,0.3,9027,0
RVPHW.US,60,20210421,170000,0.3,0.343,0.3,0.343,8468,0
RVPHW.US,60,20210421,180000,0.3429,0.3429,0.327,0.3428,5761,0
RVPHW.US,60,20210421,210000,0.3001,0.339,0.3001,0.332193,1849,0
RVPHW.US,60,20210421,220000,0.3319,0.3319,0.3318,0.3318,1101,0
RVPHW.US,60,20210422,160000,0.3318,0.3318,0.3318,0.3318,100,0
RVPHW.US,60,20210422,170000,0.3318,0.3318,0.28,0.28,2761,0
RVPHW.US,60,20210422,180000,0.33,0.33,0.33,0.33,2902,0
RVPHW.US,60,20210422,190000,0.3301,0.3599,0.33,0.3599,7390,0
RVPHW.US,60,20210422,220000,0.331,0.331,0.331,0.331,1100,0
RVPHW.US,60,20210423,180000,0.34,0.34,0.34,0.34,674,0
RVPHW.US,60,20210423,190000,0.34,0.34,0.34,0.34,379,0
RVPHW.US,60,20210423,200000,0.36175,0.36175,0.3617,0.3617,546,0
RVPHW.US,60,20210423,210000,0.361,0.361,0.361,0.361,800,0
RVPHW.US,60,20210423,220000,0.3617,0.3617,0.3617,0.3617,200,0
RVPHW.US,60,20210426,160000,0.4315,0.549,0.4313,0.48,197965,0
RVPHW.US,60,20210426,170000,0.49,0.7,0.49,0.5807,962074,0
RVPHW.US,60,20210426,180000,0.5825,0.79,0.5501,0.7405,944836,0
RVPHW.US,60,20210426,190000,0.7404,0.9,0.71,0.8999,1130376,0
RVPHW.US,60,20210426,200000,0.87,1.15,0.732015,0.80505,1049486,0
RVPHW.US,60,20210426,210000,0.8,0.83,0.75,0.810101,215324,0
RVPHW.US,60,20210426,220000,0.81,0.91,0.8,0.865601,681938,0
RVPHW.US,60,20210427,160000,0.6505,0.6797,0.6,0.61,199630,0
RVPHW.US,60,20210427,170000,0.6004,0.7549,0.5951,0.73,189964,0
RVPHW.US,60,20210427,180000,0.6999,0.72,0.6701,0.6701,49416,0
RVPHW.US,60,20210427,190000,0.6719,0.6899,0.65,0.664999,29470,0
RVPHW.US,60,20210427,200000,0.670001,0.68,0.65,0.655,58542,0
RVPHW.US,60,20210427,210000,0.6724,0.6971,0.665,0.6651,47994,0
RVPHW.US,60,20210427,220000,0.6651,0.71,0.665,0.71,52430,0
RVPHW.US,60,20210428,160000,0.71,0.71,0.6501,0.696,29190,0
RVPHW.US,60,20210428,170000,0.6702,0.6702,0.58,0.6199,238130,0
RVPHW.US,60,20210428,180000,0.61,0.61,0.58,0.5906,126916,0
RVPHW.US,60,20210428,190000,0.59,0.592,0.59,0.59,19254,0
RVPHW.US,60,20210428,200000,0.59995,0.59995,0.59,0.59,83000,0
RVPHW.US,60,20210428,210000,0.59,0.60495,0.55665,0.60495,60730,0
RVPHW.US,60,20210428,220000,0.6098,0.626,0.587451,0.626,48644,0
RVPHW.US,60,20210429,160000,0.56,0.6699,0.56,0.65,66294,0
RVPHW.US,60,20210429,170000,0.6002,0.61,0.522,0.540101,157380,0
RVPHW.US,60,20210429,180000,0.55995,0.56,0.468,0.4701,153642,0
RVPHW.US,60,20210429,190000,0.495,0.505,0.4401,0.4701,145888,0
RVPHW.US,60,20210429,200000,0.4968,0.4977,0.4701,0.4849,27358,0
RVPHW.US,60,20210429,210000,0.4801,0.4998,0.48,0.4899,11682,0
RVPHW.US,60,20210429,220000,0.49,0.5423,0.49,0.5,41910,0
RVPHW.US,60,20210430,160000,0.459811,0.5399,0.459811,0.5399,80978,0
RVPHW.US,60,20210430,170000,0.48995,0.48995,0.470201,0.470201,1014,0
RVPHW.US,60,20210430,180000,0.5,0.5049,0.5,0.5024,19264,0
RVPHW.US,60,20210430,190000,0.5,0.5024,0.49,0.49,11272,0
RVPHW.US,60,20210430,200000,0.48,0.5098,0.4705,0.5085,21816,0
RVPHW.US,60,20210430,210000,0.4975,0.4975,0.4799,0.4799,3600,0
RVPHW.US,60,20210430,220000,0.48,0.494899,0.48,0.494699,8600,0
RVPHW.US,60,20210503,160000,0.4922,0.4922,0.4922,0.4922,100,0
RVPHW.US,60,20210503,170000,0.4922,0.4968,0.489151,0.4946,4673,0
RVPHW.US,60,20210503,180000,0.48,0.48,0.4149,0.45,42894,0
RVPHW.US,60,20210503,190000,0.47,0.515,0.47,0.515,4400,0
RVPHW.US,60,20210503,200000,0.500101,0.53,0.5,0.53,4540,0
RVPHW.US,60,20210503,210000,0.53,0.53,0.53,0.53,200,0
RVPHW.US,60,20210503,220000,0.51,0.51,0.47,0.47,16709,0
RVPHW.US,60,20210504,170000,0.47,0.47,0.43,0.4474,6085,0
RVPHW.US,60,20210504,180000,0.43,0.4787,0.4201,0.44745,19448,0
RVPHW.US,60,20210504,190000,0.4699,0.4699,0.4699,0.4699,12350,0
RVPHW.US,60,20210504,220000,0.4699,0.4899,0.4695,0.47,30648,0
RVPHW.US,60,20210505,160000,0.47,0.47,0.46,0.46,9917,0
RVPHW.US,60,20210505,170000,0.489951,0.489951,0.46,0.46,10149,0
RVPHW.US,60,20210505,180000,0.5,0.51,0.5,0.51,19900,0
RVPHW.US,60,20210505,190000,0.46,0.46,0.46,0.46,3500,0
RVPHW.US,60,20210505,200000,0.479899,0.479899,0.479899,0.479899,1362,0
RVPHW.US,60,20210505,210000,0.4787,0.48,0.459294,0.4798,53157,0
RVPHW.US,60,20210505,220000,0.45,0.45,0.44,0.44,14999,0
RVPHW.US,60,20210506,160000,0.435,0.435,0.41,0.41,8300,0
RVPHW.US,60,20210506,180000,0.42,0.42,0.4199,0.42,10083,0
RVPHW.US,60,20210506,190000,0.4101,0.4199,0.4101,0.412001,13950,0
RVPHW.US,60,20210506,200000,0.42,0.43,0.41992,0.43,10250,0
RVPHW.US,60,20210506,210000,0.4275,0.4275,0.42,0.42,9941,0
RVPHW.US,60,20210506,220000,0.415999,0.42,0.41,0.41,11075,0
RVPHW.US,60,20210507,170000,0.41,0.41,0.41,0.41,679,0
RVPHW.US,60,20210507,180000,0.43,0.43,0.43,0.43,600,0
RVPHW.US,60,20210507,200000,0.4302,0.432,0.4302,0.432,754,0
RVPHW.US,60,20210507,210000,0.449,0.45,0.448,0.45,5200,0
RVPHW.US,60,20210510,180000,0.4205,0.4205,0.42,0.42,11500,0
RVPHW.US,60,20210510,200000,0.4351,0.4351,0.4351,0.4351,800,0
RVPHW.US,60,20210510,210000,0.42,0.42,0.42,0.42,300,0
RVPHW.US,60,20210511,170000,0.399799,0.399799,0.37,0.385,15500,0
RVPHW.US,60,20210511,180000,0.39,0.39,0.39,0.39,200,0
RVPHW.US,60,20210511,190000,0.3899,0.3899,0.3899,0.3899,600,0
RVPHW.US,60,20210511,200000,0.3761,0.3991,0.37,0.3991,7659,0
RVPHW.US,60,20210511,210000,0.38,0.380127,0.38,0.380127,1797,0
RVPHW.US,60,20210511,220000,0.38,0.3943,0.38,0.38,6877,0
RVPHW.US,60,20210512,160000,0.36,0.36,0.36,0.36,454,0
RVPHW.US,60,20210512,170000,0.39,0.39,0.39,0.39,990,0
RVPHW.US,60,20210512,190000,0.39,0.39,0.361,0.361,3300,0
RVPHW.US,60,20210512,210000,0.37,0.37,0.37,0.37,397,0
RVPHW.US,60,20210512,220000,0.37,0.4,0.365,0.365,16016,0
RVPHW.US,60,20210513,160000,0.37,0.37,0.36,0.36,1046,0
RVPHW.US,60,20210513,170000,0.3599,0.36,0.3598,0.36,24200,0
RVPHW.US,60,20210514,160000,0.36,0.36,0.35,0.35,11496,0
RVPHW.US,60,20210514,210000,0.4,0.4,0.4,0.4,426,0
RVPHW.US,60,20210514,220000,0.397,0.397,0.397,0.397,2990,0
RVPHW.US,60,20210517,160000,0.360001,0.360001,0.360001,0.360001,1500,0
RVPHW.US,60,20210517,180000,0.3999,0.3999,0.3999,0.3999,200,0
RVPHW.US,60,20210517,220000,0.3999,0.3999,0.3999,0.3999,500,0
RVPHW.US,60,20210518,180000,0.360201,0.37,0.360201,0.37,1249,0
RVPHW.US,60,20210518,220000,0.3889,0.3899,0.3889,0.3898,1800,0
RVPHW.US,60,20210519,160000,0.37,0.37,0.37,0.37,296,0
RVPHW.US,60,20210519,170000,0.36,0.3601,0.36,0.3601,1400,0
RVPHW.US,60,20210519,180000,0.3598,0.3599,0.355,0.355,8100,0
RVPHW.US,60,20210519,190000,0.3599,0.3881,0.355,0.3881,8374,0
RVPHW.US,60,20210519,220000,0.3899,0.3999,0.38745,0.399799,1566,0
RVPHW.US,60,20210520,160000,0.3805,0.3805,0.3805,0.3805,100,0
RVPHW.US,60,20210520,170000,0.3899,0.39,0.3899,0.39,300,0
RVPHW.US,60,20210520,180000,0.3999,0.3999,0.37,0.3987,20696,0
RVPHW.US,60,20210521,160000,0.4,0.4,0.4,0.4,3356,0
RVPHW.US,60,20210521,170000,0.4,0.4,0.4,0.4,300,0
RVPHW.US,60,20210521,190000,0.4,0.4001,0.4,0.400001,1300,0
RVPHW.US,60,20210521,210000,0.4296,0.4296,0.4296,0.4296,5000,0
RVPHW.US,60,20210521,220000,0.429699,0.45,0.427,0.45,62008,0
RVPHW.US,60,20210524,160000,0.45,0.45,0.45,0.45,900,0
RVPHW.US,60,20210524,170000,0.4501,0.450271,0.4198,0.4199,16059,0
RVPHW.US,60,20210524,190000,0.420001,0.420001,0.420001,0.420001,100,0
RVPHW.US,60,20210525,180000,0.42,0.42,0.3712,0.399,5100,0
RVPHW.US,60,20210526,170000,0.38,0.38,0.38,0.38,200,0
RVPHW.US,60,20210526,180000,0.3898,0.3898,0.37,0.3799,6998,0
RVPHW.US,60,20210526,190000,0.3799,0.3799,0.3799,0.3799,815,0
RVPHW.US,60,20210526,220000,0.389,0.4399,0.389,0.41,20167,0
RVPHW.US,60,20210527,160000,0.3701,0.45,0.3639,0.45,31539,0
RVPHW.US,60,20210527,170000,0.4098,0.4288,0.3801,0.3801,5607,0
RVPHW.US,60,20210527,180000,0.43,0.45,0.43,0.45,12902,0
RVPHW.US,60,20210527,190000,0.44,0.44,0.44,0.44,400,0
RVPHW.US,60,20210527,200000,0.439899,0.45,0.4281,0.4303,26890,0
RVPHW.US,60,20210527,210000,0.4304,0.45,0.4005,0.437499,26345,0
RVPHW.US,60,20210527,220000,0.437499,0.437499,0.4255,0.4302,20115,0
RVPHW.US,60,20210528,160000,0.467,0.467,0.4261,0.4262,4625,0
RVPHW.US,60,20210528,170000,0.4402,0.46,0.4402,0.46,51239,0
RVPHW.US,60,20210528,180000,0.4636,0.4636,0.4201,0.4312,25806,0
RVPHW.US,60,20210528,220000,0.4259,0.44,0.4259,0.44,1349,0
RVPHW.US,60,20210601,170000,0.4305,0.4305,0.4305,0.4305,100,0
RVPHW.US,60,20210601,190000,0.4305,0.4648,0.4305,0.453775,3139,0
RVPHW.US,60,20210601,210000,0.4537,0.4537,0.4537,0.4537,300,0
RVPHW.US,60,20210601,220000,0.4374,0.4374,0.425199,0.4298,900,0
RVPHW.US,60,20210603,170000,0.45145,0.4644,0.45145,0.46,1086,0
RVPHW.US,60,20210603,180000,0.459999,0.459999,0.459999,0.459999,1000,0
RVPHW.US,60,20210603,190000,0.4402,0.4402,0.44,0.44,569,0
RVPHW.US,60,20210603,200000,0.4551,0.4551,0.4551,0.4551,400,0
RVPHW.US,60,20210603,210000,0.4599,0.46,0.4599,0.46,2614,0
RVPHW.US,60,20210603,220000,0.4647,0.49,0.4647,0.49,17603,0
RVPHW.US,60,20210604,170000,0.4556,0.489,0.4556,0.489,6950,0
RVPHW.US,60,20210604,180000,0.476,0.49,0.476,0.49,22905,0
RVPHW.US,60,20210604,200000,0.4899,0.4899,0.4897,0.4899,600,0
RVPHW.US,60,20210604,210000,0.48985,0.48985,0.487,0.4885,6000,0
RVPHW.US,60,20210604,220000,0.4885,0.4885,0.4885,0.4885,1000,0
RVPHW.US,60,20210607,180000,0.430201,0.430201,0.430201,0.430201,1000,0
RVPHW.US,60,20210607,200000,0.456,0.456,0.456,0.456,500,0
RVPHW.US,60,20210607,220000,0.48,0.4884,0.469899,0.469899,3000,0
RVPHW.US,60,20210608,160000,0.49,0.49,0.49,0.49,350,0
RVPHW.US,60,20210608,170000,0.49,0.49,0.47989,0.4799,3800,0
RVPHW.US,60,20210608,200000,0.479899,0.479899,0.479899,0.479899,100,0
RVPHW.US,60,20210608,210000,0.4778,0.4778,0.4699,0.4699,6367,0
RVPHW.US,60,20210608,220000,0.47,0.47285,0.4697,0.47285,2097,0
RVPHW.US,60,20210609,170000,0.472899,0.472899,0.472899,0.472899,400,0
RVPHW.US,60,20210609,180000,0.4729,0.4859,0.4729,0.4859,800,0
RVPHW.US,60,20210609,220000,0.48,0.48,0.4502,0.474109,1150,0
RVPHW.US,60,20210610,170000,0.4701,0.4701,0.46,0.46,500,0
RVPHW.US,60,20210610,180000,0.479799,0.479799,0.4601,0.46015,3250,0
RVPHW.US,60,20210610,190000,0.4602,0.4603,0.4602,0.4603,700,0
RVPHW.US,60,20210611,170000,0.45,0.45,0.41,0.4111,3472,0
RVPHW.US,60,20210611,180000,0.4399,0.44,0.4399,0.44,700,0
RVPHW.US,60,20210611,210000,0.4603,0.4697,0.4603,0.4697,298,0
RVPHW.US,60,20210611,220000,0.4697,0.4698,0.45,0.45,12991,0
RVPHW.US,60,20210614,190000,0.514949,0.529899,0.4071,0.497499,7200,0
RVPHW.US,60,20210614,200000,0.497499,0.515101,0.488799,0.4951,21623,0
RVPHW.US,60,20210614,210000,0.48,0.48,0.4535,0.4743,1500,0
RVPHW.US,60,20210614,220000,0.495,0.5,0.495,0.495,12625,0
RVPHW.US,60,20210615,160000,0.4951,0.4951,0.47,0.47,7911,0
RVPHW.US,60,20210615,170000,0.47,0.4899,0.45,0.4899,4862,0
RVPHW.US,60,20210615,180000,0.479799,0.479799,0.479799,0.479799,100,0
RVPHW.US,60,20210615,200000,0.47,0.47,0.43,0.43,2100,0
RVPHW.US,60,20210615,210000,0.4791,0.4791,0.479,0.479,632,0
RVPHW.US,60,20210615,220000,0.46,0.46,0.45,0.45,200,0
RVPHW.US,60,20210616,170000,0.47,0.4701,0.47,0.470099,1900,0
RVPHW.US,60,20210616,180000,0.4701,0.4701,0.450301,0.450301,9998,0
RVPHW.US,60,20210616,190000,0.469975,0.469975,0.46875,0.46875,1100,0
RVPHW.US,60,20210616,200000,0.465,0.465,0.46,0.46,200,0
RVPHW.US,60,20210617,180000,0.5,0.509699,0.5,0.5001,1200,0
RVPHW.US,60,20210617,190000,0.4899,0.49,0.4898,0.4898,5000,0
RVPHW.US,60,20210617,200000,0.47,0.47,0.47,0.47,500,0
RVPHW.US,60,20210617,210000,0.4702,0.4704,0.459899,0.46,9798,0
RVPHW.US,60,20210617,220000,0.4599,0.51,0.4599,0.4901,52764,0
RVPHW.US,60,20210618,180000,0.5099,0.5099,0.5001,0.5001,1500,0
RVPHW.US,60,20210618,190000,0.5001,0.5001,0.499,0.499,2800,0
RVPHW.US,60,20210618,200000,0.4997,0.5,0.4997,0.4999,4480,0
RVPHW.US,60,20210618,210000,0.4999,0.5,0.4999,0.499993,932,0
RVPHW.US,60,20210618,220000,0.4996,0.4997,0.499,0.4997,4051,0
RVPHW.US,60,20210621,160000,0.49,0.49,0.49,0.49,100,0
RVPHW.US,60,20210621,170000,0.49,0.49,0.489799,0.489799,6563,0
RVPHW.US,60,20210621,190000,0.480198,0.480198,0.480198,0.480198,300,0
RVPHW.US,60,20210621,210000,0.4801,0.4801,0.4801,0.4801,300,0
RVPHW.US,60,20210622,170000,0.49,0.49,0.4899,0.49,1599,0
RVPHW.US,60,20210622,180000,0.49,0.49,0.49,0.49,2398,0
RVPHW.US,60,20210622,190000,0.49,0.49,0.49,0.49,1500,0
RVPHW.US,60,20210622,200000,0.4899,0.4899,0.4899,0.4899,200,0
RVPHW.US,60,20210622,220000,0.4899,0.49,0.4899,0.49,2300,0
RVPHW.US,60,20210623,160000,0.4904,0.4904,0.48,0.48,10263,0
RVPHW.US,60,20210623,170000,0.49,0.49,0.4899,0.4899,200,0
RVPHW.US,60,20210623,220000,0.4827,0.4827,0.4827,0.4827,192,0
RVPHW.US,60,20210624,160000,0.49,0.49,0.489899,0.489899,500,0
RVPHW.US,60,20210624,180000,0.489899,0.489899,0.489899,0.489899,100,0
RVPHW.US,60,20210624,190000,0.480801,0.49,0.4808,0.4855,5000,0
RVPHW.US,60,20210625,170000,0.489899,0.489899,0.489899,0.489899,100,0
RVPHW.US,60,20210625,180000,0.49,0.49,0.4899,0.4899,598,0
RVPHW.US,60,20210625,190000,0.489899,0.4899,0.489899,0.4899,400,0
RVPHW.US,60,20210628,160000,0.48,0.49,0.48,0.49,5100,0
RVPHW.US,60,20210628,170000,0.4914,0.512,0.4914,0.512,1941,0
RVPHW.US,60,20210628,180000,0.512,0.512,0.5101,0.5101,350,0
RVPHW.US,60,20210628,220000,0.512,0.512,0.509999,0.509999,600,0
RVPHW.US,60,20210629,170000,0.51,0.5223,0.4817,0.4817,39598,0
RVPHW.US,60,20210629,220000,0.4847,0.4847,0.4847,0.4847,200,0
RVPHW.US,60,20210630,160000,0.501,0.501,0.5,0.5,10427,0
RVPHW.US,60,20210630,170000,0.5,0.5,0.494999,0.494999,1199,0
RVPHW.US,60,20210630,180000,0.4998,0.5221,0.495,0.5112,17876,0
RVPHW.US,60,20210630,190000,0.5,0.5,0.5,0.5,1200,0
RVPHW.US,60,20210630,200000,0.5197,0.5198,0.5099,0.51,5283,0
RVPHW.US,60,20210630,210000,0.5005,0.515,0.5005,0.515,2400,0
RVPHW.US,60,20210630,220000,0.5005,0.5149,0.5002,0.5078,8153,0
RVPHW.US,60,20210701,160000,0.5199,0.52,0.51634,0.5197,17900,0
RVPHW.US,60,20210701,170000,0.513801,0.5198,0.5078,0.51,10800,0
RVPHW.US,60,20210701,200000,0.5078,0.5078,0.5078,0.5078,304,0
RVPHW.US,60,20210702,160000,0.5089,0.5089,0.5089,0.5089,300,0
RVPHW.US,60,20210702,170000,0.5078,0.5078,0.500101,0.500101,1026,0
RVPHW.US,60,20210702,180000,0.51,0.51,0.5094,0.51,6686,0
RVPHW.US,60,20210702,190000,0.519799,0.519799,0.514599,0.514599,3601,0
RVPHW.US,60,20210706,160000,0.52,0.52,0.5146,0.5146,8000,0
RVPHW.US,60,20210706,170000,0.5152,0.5598,0.499899,0.5,37213,0
RVPHW.US,60,20210706,180000,0.51,0.51,0.51,0.51,300,0
RVPHW.US,60,20210706,190000,0.51,0.51,0.51,0.51,500,0
RVPHW.US,60,20210706,200000,0.546,0.5599,0.546,0.5599,19850,0
RVPHW.US,60,20210706,210000,0.569599,0.5698,0.5649,0.5698,8013,0
RVPHW.US,60,20210707,160000,0.6499,0.6499,0.6499,0.6499,100,0
RVPHW.US,60,20210707,170000,0.501201,0.5899,0.501201,0.5896,1200,0
RVPHW.US,60,20210707,190000,0.550601,0.550601,0.550601,0.550601,200,0
RVPHW.US,60,20210707,200000,0.5702,0.5896,0.5622,0.5896,5582,0
RVPHW.US,60,20210707,220000,0.589699,0.5898,0.57,0.57,3513,0
RVPHW.US,60,20210708,170000,0.6051,0.6051,0.5803,0.5803,3200,0
RVPHW.US,60,20210708,180000,0.5701,0.5926,0.5701,0.5926,9400,0
RVPHW.US,60,20210708,190000,0.580101,0.5803,0.58,0.58,4200,0
RVPHW.US,60,20210708,200000,0.58,0.58,0.58,0.58,100,0
RVPHW.US,60,20210708,210000,0.58,0.58,0.58,0.58,1700,0
RVPHW.US,60,20210708,220000,0.58,0.58,0.57,0.57,300,0
RVPHW.US,60,20210709,190000,0.6198,0.62,0.59875,0.607201,4310,0
RVPHW.US,60,20210709,210000,0.5432,0.5432,0.54,0.54,1400,0
