<TICKER>,<PER>,<DATE>,<TIME>,<OPEN>,<HIGH>,<LOW>,<CLOSE>,<VOL>,<OPENINT>
TH.US,60,20200914,160000,1.23,1.23,1.2,1.2005,25799,0
TH.US,60,20200914,170000,1.2066,1.22,1.2,1.2,14786,0
TH.US,60,20200914,180000,1.2,1.21,1.2,1.21,4300,0
TH.US,60,20200914,190000,1.21,1.21,1.2,1.2,8901,0
TH.US,60,20200914,200000,1.2,1.23,1.2,1.22,8068,0
TH.US,60,20200914,210000,1.225,1.245,1.225,1.24,7260,0
TH.US,60,20200914,220000,1.24,1.25,1.2,1.24,49241,0
TH.US,60,20200915,160000,1.24,1.26,1.21,1.225,2401,0
TH.US,60,20200915,170000,1.225,1.2495,1.22,1.235,2449,0
TH.US,60,20200915,180000,1.235,1.249,1.21,1.249,3400,0
TH.US,60,20200915,190000,1.22,1.24,1.22,1.22,1725,0
TH.US,60,20200915,200000,1.24,1.25,1.23,1.24,1286,0
TH.US,60,20200915,210000,1.24,1.25,1.24,1.24,1900,0
TH.US,60,20200915,220000,1.24,1.25,1.22,1.23,12887,0
TH.US,60,20200916,160000,1.24,1.2493,1.22,1.23,3523,0
TH.US,60,20200916,170000,1.23,1.25,1.228,1.23,9228,0
TH.US,60,20200916,180000,1.23,1.24,1.22,1.22,8828,0
TH.US,60,20200916,190000,1.23,1.23,1.22,1.23,4774,0
TH.US,60,20200916,200000,1.22,1.23,1.22,1.23,14050,0
TH.US,60,20200916,210000,1.225,1.25,1.22,1.23,16329,0
TH.US,60,20200916,220000,1.23,1.25,1.23,1.23,21310,0
TH.US,60,20200917,160000,1.28,1.3,1.25,1.2507,24546,0
TH.US,60,20200917,170000,1.2793,1.28,1.25,1.26,4997,0
TH.US,60,20200917,180000,1.26,1.28,1.26,1.265,4527,0
TH.US,60,20200917,190000,1.26,1.29,1.26,1.2701,15915,0
TH.US,60,20200917,200000,1.26,1.28,1.26,1.265,1100,0
TH.US,60,20200917,210000,1.27,1.27,1.26,1.27,5542,0
TH.US,60,20200917,220000,1.27,1.33,1.265,1.33,24882,0
TH.US,60,20200918,160000,1.35,1.35,1.29,1.3,46761,0
TH.US,60,20200918,170000,1.3,1.3386,1.29,1.29,4565,0
TH.US,60,20200918,180000,1.28,1.3,1.26,1.28,7101,0
TH.US,60,20200918,190000,1.275,1.28,1.25,1.25,10910,0
TH.US,60,20200918,200000,1.25,1.2695,1.24,1.24,11887,0
TH.US,60,20200918,210000,1.24,1.26,1.23,1.25,8204,0
TH.US,60,20200918,220000,1.24,1.3624,1.24,1.35,159796,0
TH.US,60,20200921,160000,1.35,1.35,1.2782,1.2782,2479,0
TH.US,60,20200921,170000,1.3,1.3311,1.28,1.28,1911,0
TH.US,60,20200921,180000,1.275,1.275,1.21,1.23,12496,0
TH.US,60,20200921,190000,1.26,1.26,1.23,1.25,6890,0
TH.US,60,20200921,200000,1.25,1.26,1.25,1.25,3942,0
TH.US,60,20200921,210000,1.25,1.26,1.25,1.26,5996,0
TH.US,60,20200921,220000,1.26,1.31,1.25,1.28,42301,0
TH.US,60,20200922,160000,1.28,1.28,1.23,1.25,1767,0
TH.US,60,20200922,170000,1.25,1.265,1.25,1.255,9300,0
TH.US,60,20200922,180000,1.25,1.27,1.25,1.265,5240,0
TH.US,60,20200922,190000,1.26,1.27,1.26,1.26,1701,0
TH.US,60,20200922,200000,1.27,1.3,1.26,1.26,22608,0
TH.US,60,20200922,210000,1.26,1.27,1.26,1.265,4312,0
TH.US,60,20200922,220000,1.27,1.27,1.26,1.26,28035,0
TH.US,60,20200923,160000,1.26,1.27,1.26,1.26,2555,0
TH.US,60,20200923,170000,1.26,1.265,1.225,1.225,10953,0
TH.US,60,20200923,180000,1.225,1.225,1.2,1.2,6417,0
TH.US,60,20200923,190000,1.2,1.21,1.2,1.2,10247,0
TH.US,60,20200923,200000,1.2078,1.21,1.2,1.2,13505,0
TH.US,60,20200923,210000,1.2,1.205,1.175,1.1911,26322,0
TH.US,60,20200923,220000,1.2,1.2,1.17,1.18,47366,0
TH.US,60,20200924,160000,1.18,1.18,1.17,1.18,12392,0
TH.US,60,20200924,170000,1.18,1.21,1.18,1.195,5084,0
TH.US,60,20200924,180000,1.19,1.21,1.17,1.18,12593,0
TH.US,60,20200924,190000,1.21,1.24,1.18,1.21,18260,0
TH.US,60,20200924,200000,1.1967,1.25,1.19,1.2,12518,0
TH.US,60,20200924,210000,1.23,1.23,1.2,1.21,11663,0
TH.US,60,20200924,220000,1.21,1.25,1.21,1.23,29706,0
TH.US,60,20200925,160000,1.22,1.24,1.2,1.21,3198,0
TH.US,60,20200925,170000,1.23,1.24,1.2,1.23,5315,0
TH.US,60,20200925,180000,1.23,1.23,1.1943,1.2,4700,0
TH.US,60,20200925,190000,1.2,1.22,1.2,1.21,5714,0
TH.US,60,20200925,200000,1.2,1.2152,1.2,1.205,5045,0
TH.US,60,20200925,210000,1.205,1.23,1.2,1.23,8565,0
TH.US,60,20200925,220000,1.22,1.23,1.21,1.21,19869,0
TH.US,60,20200928,160000,1.24,1.3,1.21,1.2422,21944,0
TH.US,60,20200928,170000,1.26,1.27,1.25,1.25,2190,0
TH.US,60,20200928,180000,1.25,1.261,1.25,1.25,1432,0
TH.US,60,20200928,190000,1.25,1.26,1.24,1.24,16351,0
TH.US,60,20200928,200000,1.24,1.25,1.21,1.21,6620,0
TH.US,60,20200928,210000,1.23,1.24,1.21,1.23,4916,0
TH.US,60,20200928,220000,1.23,1.24,1.21,1.22,17051,0
TH.US,60,20200929,160000,1.21,1.2585,1.19,1.23,1377,0
TH.US,60,20200929,170000,1.24,1.24,1.17,1.19,7137,0
TH.US,60,20200929,180000,1.19,1.21,1.17,1.21,25825,0
TH.US,60,20200929,190000,1.22,1.22,1.17,1.17,4920,0
TH.US,60,20200929,200000,1.17,1.185,1.15,1.15,14577,0
TH.US,60,20200929,210000,1.165,1.18,1.16,1.18,7970,0
TH.US,60,20200929,220000,1.18,1.21,1.18,1.2,10079,0
TH.US,60,20200930,160000,1.23,1.32,1.22,1.29,44685,0
TH.US,60,20200930,170000,1.285,1.285,1.17,1.23,44383,0
TH.US,60,20200930,180000,1.23,1.24,1.225,1.23,4772,0
TH.US,60,20200930,190000,1.2225,1.2299,1.2225,1.2299,1000,0
TH.US,60,20200930,200000,1.225,1.23,1.21,1.21,6513,0
TH.US,60,20200930,210000,1.2178,1.22,1.2091,1.22,5916,0
TH.US,60,20200930,220000,1.2,1.23,1.2,1.22,12910,0
TH.US,60,20201001,160000,1.22,1.2313,1.18,1.18,5753,0
TH.US,60,20201001,170000,1.19,1.19,1.18,1.185,5050,0
TH.US,60,20201001,180000,1.185,1.19,1.18,1.185,20906,0
TH.US,60,20201001,190000,1.185,1.19,1.18,1.185,7195,0
TH.US,60,20201001,200000,1.185,1.19,1.18,1.18,14678,0
TH.US,60,20201001,210000,1.18,1.19,1.18,1.185,15434,0
TH.US,60,20201001,220000,1.19,1.19,1.17,1.18,46694,0
TH.US,60,20201002,160000,1.17,1.2,1.17,1.173,8430,0
TH.US,60,20201002,170000,1.19,1.19,1.18,1.19,1991,0
TH.US,60,20201002,180000,1.18,1.2,1.17,1.17,6066,0
TH.US,60,20201002,190000,1.18,1.2099,1.18,1.19,1220,0
TH.US,60,20201002,200000,1.21,1.2199,1.1952,1.1952,7466,0
TH.US,60,20201002,210000,1.2,1.2166,1.2,1.21,11073,0
TH.US,60,20201002,220000,1.21,1.23,1.21,1.23,21021,0
TH.US,60,20201005,160000,1.26,1.3,1.26,1.26,5223,0
TH.US,60,20201005,170000,1.2689,1.2689,1.2416,1.26,5990,0
TH.US,60,20201005,180000,1.2599,1.26,1.24,1.26,3740,0
TH.US,60,20201005,190000,1.2511,1.255,1.24,1.24,1575,0
TH.US,60,20201005,200000,1.25,1.26,1.25,1.25,1366,0
TH.US,60,20201005,210000,1.2582,1.26,1.25,1.25,4004,0
TH.US,60,20201005,220000,1.2511,1.27,1.25,1.26,16028,0
TH.US,60,20201006,160000,1.27,1.3,1.25,1.25,5013,0
TH.US,60,20201006,170000,1.26,1.27,1.24,1.24,7163,0
TH.US,60,20201006,180000,1.24,1.25,1.24,1.245,1892,0
TH.US,60,20201006,190000,1.245,1.27,1.24,1.27,3242,0
TH.US,60,20201006,200000,1.27,1.27,1.26,1.2699,12131,0
TH.US,60,20201006,210000,1.27,1.27,1.23,1.23,5662,0
TH.US,60,20201006,220000,1.25,1.255,1.21,1.22,26068,0
TH.US,60,20201007,160000,1.22,1.25,1.2001,1.25,885,0
TH.US,60,20201007,170000,1.23,1.24,1.21,1.23,4908,0
TH.US,60,20201007,180000,1.2201,1.24,1.2201,1.24,924,0
TH.US,60,20201007,190000,1.24,1.25,1.24,1.2465,1800,0
TH.US,60,20201007,200000,1.24,1.25,1.23,1.235,5498,0
TH.US,60,20201007,210000,1.24,1.25,1.23,1.245,3418,0
TH.US,60,20201007,220000,1.245,1.25,1.2,1.23,25875,0
TH.US,60,20201008,160000,1.25,1.2555,1.25,1.25,2598,0
TH.US,60,20201008,170000,1.2533,1.27,1.2501,1.265,14424,0
TH.US,60,20201008,180000,1.26,1.265,1.25,1.25,3710,0
TH.US,60,20201008,190000,1.26,1.26,1.255,1.255,789,0
TH.US,60,20201008,200000,1.25,1.26,1.25,1.26,3597,0
TH.US,60,20201008,210000,1.26,1.27,1.25,1.27,1979,0
TH.US,60,20201008,220000,1.262,1.32,1.26,1.3,31271,0
TH.US,60,20201009,160000,1.32,1.32,1.2927,1.293,3496,0
TH.US,60,20201009,170000,1.298,1.32,1.27,1.28,10733,0
TH.US,60,20201009,180000,1.31,1.31,1.265,1.27,17772,0
TH.US,60,20201009,190000,1.27,1.29,1.27,1.27,5630,0
TH.US,60,20201009,200000,1.29,1.29,1.27,1.27,3864,0
TH.US,60,20201009,210000,1.28,1.29,1.26,1.27,4416,0
TH.US,60,20201009,220000,1.28,1.3,1.26,1.27,22475,0
TH.US,60,20201012,170000,1.3,1.3,1.25,1.25,5821,0
TH.US,60,20201012,180000,1.265,1.265,1.25,1.25,1100,0
TH.US,60,20201012,190000,1.25,1.255,1.24,1.24,16146,0
TH.US,60,20201012,200000,1.24,1.25,1.23,1.25,505,0
TH.US,60,20201012,210000,1.2488,1.25,1.24,1.24,5998,0
TH.US,60,20201012,220000,1.26,1.27,1.235,1.25,26144,0
TH.US,60,20201013,160000,1.26,1.26,1.2472,1.2472,1648,0
TH.US,60,20201013,170000,1.28,1.28,1.28,1.28,100,0
TH.US,60,20201013,180000,1.255,1.26,1.2501,1.2501,650,0
TH.US,60,20201013,190000,1.2679,1.27,1.21,1.23,28162,0
TH.US,60,20201013,200000,1.24,1.25,1.21,1.24,1700,0
TH.US,60,20201013,210000,1.24,1.24,1.2,1.23,11078,0
TH.US,60,20201013,220000,1.24,1.24,1.22,1.23,32502,0
TH.US,60,20201014,160000,1.22,1.28,1.22,1.24,4136,0
TH.US,60,20201014,170000,1.24,1.26,1.23,1.24,7400,0
TH.US,60,20201014,180000,1.25,1.255,1.24,1.255,800,0
TH.US,60,20201014,190000,1.22,1.25,1.22,1.22,600,0
TH.US,60,20201014,200000,1.25,1.25,1.235,1.25,1160,0
TH.US,60,20201014,210000,1.2201,1.25,1.22,1.23,1608,0
TH.US,60,20201014,220000,1.25,1.25,1.21,1.22,27869,0
TH.US,60,20201015,160000,1.19,1.22,1.19,1.2,1219,0
TH.US,60,20201015,170000,1.214,1.214,1.19,1.195,13147,0
TH.US,60,20201015,180000,1.195,1.2099,1.19,1.2099,5378,0
TH.US,60,20201015,190000,1.21,1.21,1.2,1.21,3895,0
TH.US,60,20201015,200000,1.2,1.21,1.2,1.2,515,0
TH.US,60,20201015,210000,1.1946,1.22,1.18,1.205,18953,0
TH.US,60,20201015,220000,1.19,1.25,1.19,1.23,13003,0
TH.US,60,20201016,160000,1.19,1.2251,1.19,1.2198,8013,0
TH.US,60,20201016,170000,1.2001,1.23,1.19,1.23,4786,0
TH.US,60,20201016,180000,1.23,1.23,1.2101,1.2101,718,0
TH.US,60,20201016,190000,1.23,1.23,1.23,1.23,600,0
TH.US,60,20201016,200000,1.2319,1.2319,1.18,1.18,19609,0
TH.US,60,20201016,210000,1.1999,1.2,1.18,1.2,4900,0
TH.US,60,20201016,220000,1.2099,1.21,1.18,1.2,6425,0
TH.US,60,20201019,160000,1.21,1.24,1.2,1.2,2336,0
TH.US,60,20201019,170000,1.214,1.22,1.19,1.2082,12486,0
TH.US,60,20201019,180000,1.22,1.23,1.22,1.22,2690,0
TH.US,60,20201019,190000,1.23,1.24,1.22,1.22,17376,0
TH.US,60,20201019,200000,1.22,1.22,1.21,1.21,1400,0
TH.US,60,20201019,210000,1.22,1.22,1.2,1.2,900,0
TH.US,60,20201019,220000,1.19,1.19,1.16,1.165,44093,0
TH.US,60,20201020,160000,1.19,1.22,1.1684,1.2099,9283,0
TH.US,60,20201020,170000,1.18,1.21,1.18,1.195,7130,0
TH.US,60,20201020,180000,1.19,1.1989,1.17,1.18,8434,0
TH.US,60,20201020,190000,1.185,1.19,1.17,1.17,13400,0
TH.US,60,20201020,200000,1.18,1.19,1.17,1.17,29200,0
TH.US,60,20201020,210000,1.17,1.18,1.16,1.16,6426,0
TH.US,60,20201020,220000,1.165,1.18,1.16,1.18,6697,0
TH.US,60,20201021,160000,1.18,1.1899,1.18,1.1868,873,0
TH.US,60,20201021,170000,1.1722,1.1887,1.1701,1.1887,2968,0
TH.US,60,20201021,180000,1.1834,1.2,1.17,1.18,16808,0
TH.US,60,20201021,190000,1.18,1.18,1.18,1.18,630,0
TH.US,60,20201021,200000,1.18,1.18,1.175,1.175,1234,0
TH.US,60,20201021,210000,1.18,1.18,1.18,1.18,1283,0
TH.US,60,20201021,220000,1.1787,1.19,1.17,1.18,18509,0
TH.US,60,20201022,160000,1.2,1.2,1.2,1.2,440,0
TH.US,60,20201022,170000,1.2,1.2,1.17,1.19,1520,0
TH.US,60,20201022,180000,1.19,1.19,1.1801,1.1801,1200,0
TH.US,60,20201022,190000,1.19,1.19,1.18,1.19,4774,0
TH.US,60,20201022,200000,1.19,1.19,1.18,1.18,2021,0
TH.US,60,20201022,210000,1.19,1.19,1.18,1.18,4952,0
TH.US,60,20201022,220000,1.185,1.19,1.18,1.18,22499,0
TH.US,60,20201023,160000,1.2,1.22,1.2,1.21,432,0
TH.US,60,20201023,170000,1.1915,1.2,1.1915,1.2,7531,0
TH.US,60,20201023,180000,1.2048,1.2048,1.19,1.19,1517,0
TH.US,60,20201023,190000,1.19,1.19,1.17,1.17,44581,0
TH.US,60,20201023,200000,1.17,1.19,1.16,1.17,9859,0
TH.US,60,20201023,210000,1.165,1.18,1.16,1.1744,5815,0
TH.US,60,20201023,220000,1.17,1.18,1.16,1.16,12378,0
TH.US,60,20201026,150000,1.18,1.18,1.18,1.18,401,0
TH.US,60,20201026,160000,1.16,1.16,1.15,1.16,14773,0
TH.US,60,20201026,170000,1.1684,1.1684,1.1,1.11,24555,0
TH.US,60,20201026,180000,1.11,1.11,1.09,1.11,12977,0
TH.US,60,20201026,190000,1.1149,1.1149,1.09,1.1,28903,0
TH.US,60,20201026,200000,1.08,1.1,1.07,1.0874,26048,0
TH.US,60,20201026,210000,1.08,1.08,1.06,1.075,14216,0
TH.US,60,20201027,150000,1.08,1.12,1.06,1.06,8319,0
TH.US,60,20201027,160000,1.05,1.05,0.98,0.9901,76366,0
TH.US,60,20201027,170000,0.9902,1,0.983,0.9847,58685,0
TH.US,60,20201027,180000,0.9811,1,0.9363,0.94,58205,0
TH.US,60,20201027,190000,0.94,0.947418,0.94,0.94705,7520,0
TH.US,60,20201027,200000,0.947051,0.9471,0.94,0.9435,23256,0
TH.US,60,20201027,210000,0.940428,0.947,0.9201,0.9415,51694,0
TH.US,60,20201028,150000,0.9186,0.96,0.9186,0.9401,30425,0
TH.US,60,20201028,160000,0.9401,0.945,0.88,0.88,21295,0
TH.US,60,20201028,170000,0.882,0.9195,0.8531,0.8601,174328,0
TH.US,60,20201028,180000,0.87983,0.88,0.85,0.87,85758,0
TH.US,60,20201028,190000,0.8675,0.8675,0.85,0.8501,25288,0
TH.US,60,20201028,200000,0.8491,0.8491,0.842,0.8421,7806,0
TH.US,60,20201028,210000,0.8421,0.8421,0.82,0.825,50570,0
TH.US,60,20201029,150000,0.85,0.8825,0.8401,0.8468,24628,0
TH.US,60,20201029,160000,0.846825,0.846825,0.8251,0.8301,27472,0
TH.US,60,20201029,170000,0.8298,0.8308,0.8276,0.83,38904,0
TH.US,60,20201029,180000,0.8298,0.8304,0.82945,0.83005,15488,0
TH.US,60,20201029,190000,0.83,0.85,0.83,0.8452,24687,0
TH.US,60,20201029,200000,0.8404,0.85,0.8404,0.8471,13485,0
TH.US,60,20201029,210000,0.85,0.85,0.83,0.83015,20792,0
TH.US,60,20201030,150000,0.89,0.91,0.84,0.88145,26957,0
TH.US,60,20201030,160000,0.88145,0.89,0.865,0.89,6869,0
TH.US,60,20201030,170000,0.8806,0.89,0.871,0.871,5335,0
TH.US,60,20201030,180000,0.87,0.889454,0.865,0.875146,7475,0
TH.US,60,20201030,190000,0.875,0.8838,0.8673,0.8744,3606,0
TH.US,60,20201030,200000,0.865,0.88145,0.85,0.85,3735,0
TH.US,60,20201030,210000,0.85,0.9017,0.85,0.8701,150906,0
TH.US,60,20201102,160000,0.9136,0.945,0.88545,0.9,14141,0
TH.US,60,20201102,170000,0.91,0.925,0.874,0.878,15360,0
TH.US,60,20201102,180000,0.8701,0.9154,0.8701,0.9101,9029,0
TH.US,60,20201102,190000,0.919677,0.9199,0.89,0.9,2700,0
TH.US,60,20201102,200000,0.89,0.91,0.89,0.8975,2363,0
TH.US,60,20201102,210000,0.89,0.919099,0.89,0.8972,5338,0
TH.US,60,20201102,220000,0.89,0.92,0.89,0.91,17799,0
TH.US,60,20201103,160000,0.93,0.98,0.93,0.98,10374,0
TH.US,60,20201103,170000,0.96,0.96,0.9405,0.9502,7642,0
TH.US,60,20201103,180000,0.95505,0.9575,0.9501,0.9503,7329,0
TH.US,60,20201103,190000,0.9501,0.9638,0.9501,0.9625,8459,0
TH.US,60,20201103,200000,0.96,0.98,0.96,0.98,3370,0
TH.US,60,20201103,210000,0.97,0.98,0.97,0.9703,1400,0
TH.US,60,20201103,220000,0.9701,1.05,0.9701,1.03,52516,0
TH.US,60,20201104,160000,1.02,1.05,1,1.00495,3812,0
TH.US,60,20201104,170000,0.992399,0.9999,0.937,0.98,3538,0
TH.US,60,20201104,180000,0.9973,1.01,0.96,1,4535,0
TH.US,60,20201104,190000,0.99,1.0463,0.99,1.04,28013,0
TH.US,60,20201104,200000,1.0202,1.0202,0.99,1,4187,0
TH.US,60,20201104,210000,0.99,0.99,0.952,0.9706,829,0
TH.US,60,20201104,220000,0.9849,0.9849,0.93,0.9419,27109,0
TH.US,60,20201105,160000,1.01,1.05,0.971,0.9772,58651,0
TH.US,60,20201105,170000,0.9711,1.3894,0.9711,1.28,1045961,0
TH.US,60,20201105,180000,1.28,1.51,1.27,1.41,1398389,0
TH.US,60,20201105,190000,1.41,1.5,1.39,1.3913,704440,0
TH.US,60,20201105,200000,1.39,1.42,1.35,1.41,202746,0
TH.US,60,20201105,210000,1.43,1.46,1.38,1.39,213113,0
TH.US,60,20201105,220000,1.39,1.44,1.36,1.4,274330,0
TH.US,60,20201106,160000,1.37,1.4171,1.36,1.361,62453,0
TH.US,60,20201106,170000,1.3634,1.43,1.36,1.4,58514,0
TH.US,60,20201106,180000,1.4,1.41,1.39,1.4,25500,0
TH.US,60,20201106,190000,1.4,1.405,1.38,1.38,57923,0
TH.US,60,20201106,200000,1.3828,1.39,1.36,1.36,28115,0
TH.US,60,20201106,210000,1.37,1.37,1.35,1.35,31662,0
TH.US,60,20201106,220000,1.355,1.39,1.34,1.385,101955,0
TH.US,60,20201109,160000,1.45,1.7127,1.4296,1.4296,121029,0
TH.US,60,20201109,170000,1.4667,1.51,1.41,1.44,88493,0
TH.US,60,20201109,180000,1.45,1.46,1.35,1.3989,78656,0
TH.US,60,20201109,190000,1.4,1.42,1.36,1.37,56847,0
TH.US,60,20201109,200000,1.3745,1.42,1.3745,1.4,23686,0
TH.US,60,20201109,210000,1.4,1.42,1.39,1.4,38269,0
TH.US,60,20201109,220000,1.4108,1.45,1.41,1.42,64071,0
TH.US,60,20201110,160000,1.47,1.47,1.4,1.41,37794,0
TH.US,60,20201110,170000,1.4111,1.42,1.385,1.39,12272,0
TH.US,60,20201110,180000,1.3999,1.3999,1.28,1.34,141615,0
TH.US,60,20201110,190000,1.3328,1.37,1.3328,1.3577,9146,0
TH.US,60,20201110,200000,1.36,1.38,1.35,1.36,29405,0
TH.US,60,20201110,210000,1.37,1.43,1.36,1.424,18697,0
TH.US,60,20201110,220000,1.4289,1.43,1.41,1.43,39609,0
TH.US,60,20201111,160000,1.42,1.42,1.37,1.39,11684,0
TH.US,60,20201111,170000,1.39,1.42,1.39,1.42,4400,0
TH.US,60,20201111,180000,1.4,1.43,1.4,1.42,2964,0
TH.US,60,20201111,190000,1.43,1.43,1.4,1.405,7639,0
TH.US,60,20201111,200000,1.41,1.41,1.4,1.4073,1140,0
TH.US,60,20201111,210000,1.405,1.41,1.39,1.4011,8688,0
TH.US,60,20201111,220000,1.41,1.43,1.4,1.42,43905,0
TH.US,60,20201112,160000,1.44,1.44,1.39,1.4,6994,0
TH.US,60,20201112,170000,1.4,1.42,1.39,1.3955,7741,0
TH.US,60,20201112,180000,1.4,1.4,1.39,1.4,7355,0
TH.US,60,20201112,190000,1.4,1.4,1.38,1.39,14594,0
TH.US,60,20201112,200000,1.385,1.385,1.37,1.38,4494,0
TH.US,60,20201112,210000,1.38,1.38,1.36,1.37,10432,0
TH.US,60,20201112,220000,1.36,1.39,1.36,1.37,37063,0
TH.US,60,20201113,160000,1.38,1.39,1.37,1.3831,16466,0
TH.US,60,20201113,170000,1.38,1.39,1.375,1.375,14114,0
TH.US,60,20201113,180000,1.38,1.38,1.37,1.3794,3372,0
TH.US,60,20201113,190000,1.3794,1.395,1.37,1.395,17566,0
TH.US,60,20201113,200000,1.4,1.4,1.395,1.395,1501,0
TH.US,60,20201113,210000,1.391,1.4,1.39,1.4,5270,0
TH.US,60,20201113,220000,1.39,1.41,1.38,1.4,30523,0
TH.US,60,20201116,160000,1.41,1.43,1.41,1.4201,27428,0
TH.US,60,20201116,170000,1.42,1.424,1.4,1.42,13773,0
TH.US,60,20201116,180000,1.4177,1.42,1.41,1.42,5826,0
TH.US,60,20201116,190000,1.42,1.42,1.41,1.42,14743,0
TH.US,60,20201116,200000,1.42,1.4211,1.41,1.41,7690,0
TH.US,60,20201116,210000,1.4002,1.41,1.39,1.41,15471,0
TH.US,60,20201116,220000,1.4,1.42,1.4,1.42,30154,0
TH.US,60,20201117,160000,1.41,1.415,1.4,1.413,8533,0
TH.US,60,20201117,170000,1.405,1.41,1.405,1.405,11940,0
TH.US,60,20201117,180000,1.41,1.42,1.405,1.4189,10916,0
TH.US,60,20201117,190000,1.4141,1.42,1.4,1.405,14021,0
TH.US,60,20201117,200000,1.4099,1.41,1.4,1.4,2171,0
TH.US,60,20201117,210000,1.41,1.43,1.41,1.4211,8266,0
TH.US,60,20201117,220000,1.43,1.44,1.42,1.42,17836,0
TH.US,60,20201118,160000,1.44,1.45,1.44,1.45,6361,0
TH.US,60,20201118,170000,1.45,1.48,1.44,1.4721,10100,0
TH.US,60,20201118,180000,1.4755,1.51,1.4755,1.48,40525,0
TH.US,60,20201118,190000,1.49,1.6211,1.485,1.6197,135884,0
TH.US,60,20201118,200000,1.6101,1.7178,1.61,1.7171,51957,0
TH.US,60,20201118,210000,1.72,1.99,1.72,1.735,299789,0
TH.US,60,20201118,220000,1.75,1.75,1.68,1.71,98218,0
TH.US,60,20201119,160000,1.7462,1.97,1.73,1.81,60446,0
TH.US,60,20201119,170000,1.815,1.8378,1.71,1.7401,55261,0
TH.US,60,20201119,180000,1.7301,1.7389,1.6,1.63,61399,0
TH.US,60,20201119,190000,1.63,1.64,1.52,1.53,66394,0
TH.US,60,20201119,200000,1.53,1.57,1.52,1.54,25421,0
TH.US,60,20201119,210000,1.54,1.5701,1.54,1.5701,17033,0
TH.US,60,20201119,220000,1.56,1.57,1.53,1.57,21316,0
TH.US,60,20201120,160000,1.51,1.565,1.51,1.5584,23694,0
TH.US,60,20201120,170000,1.5537,1.5537,1.54,1.5473,7356,0
TH.US,60,20201120,180000,1.545,1.55,1.53,1.53,10861,0
TH.US,60,20201120,190000,1.535,1.54,1.51,1.51,13955,0
TH.US,60,20201120,200000,1.515,1.53,1.51,1.52,3346,0
TH.US,60,20201120,210000,1.5215,1.53,1.515,1.5278,3000,0
TH.US,60,20201120,220000,1.5227,1.5227,1.5,1.52,44264,0
TH.US,60,20201123,160000,1.55,1.62,1.53,1.61,37500,0
TH.US,60,20201123,170000,1.615,1.71,1.615,1.69,106364,0
TH.US,60,20201123,180000,1.69,1.7327,1.68,1.69,46417,0
TH.US,60,20201123,190000,1.69,1.69,1.66,1.67,14816,0
TH.US,60,20201123,200000,1.6792,1.68,1.65,1.665,14123,0
TH.US,60,20201123,210000,1.67,1.6974,1.65,1.66,29617,0
TH.US,60,20201123,220000,1.655,1.69,1.65,1.66,68822,0
TH.US,60,20201124,160000,1.84,1.85,1.75,1.78,52347,0
TH.US,60,20201124,170000,1.78,1.83,1.78,1.79,33150,0
TH.US,60,20201124,180000,1.8,1.805,1.78,1.79,14417,0
TH.US,60,20201124,190000,1.79,1.8095,1.78,1.79,25866,0
TH.US,60,20201124,200000,1.7813,1.79,1.76,1.7657,24575,0
TH.US,60,20201124,210000,1.76,1.77,1.74,1.77,11667,0
TH.US,60,20201124,220000,1.7616,1.7927,1.76,1.76,63229,0
TH.US,60,20201125,160000,1.76,1.77,1.75,1.75,12264,0
TH.US,60,20201125,170000,1.74,1.75,1.69,1.7,33898,0
TH.US,60,20201125,180000,1.69,1.7593,1.69,1.7493,6311,0
TH.US,60,20201125,190000,1.76,1.78,1.7545,1.77,8214,0
TH.US,60,20201125,200000,1.77,1.79,1.765,1.79,5542,0
TH.US,60,20201125,210000,1.78,1.79,1.67,1.69,67069,0
TH.US,60,20201125,220000,1.71,1.71,1.56,1.58,141971,0
TH.US,60,20201127,160000,1.58,1.63,1.5589,1.6212,32530,0
TH.US,60,20201127,170000,1.62,1.66,1.62,1.66,27516,0
TH.US,60,20201127,180000,1.64,1.65,1.635,1.65,3834,0
TH.US,60,20201127,190000,1.64,1.65,1.64,1.64,7492,0
TH.US,60,20201127,200000,1.65,1.65,1.65,1.65,4676,0
TH.US,60,20201130,160000,1.66,1.68,1.65,1.65,10809,0
TH.US,60,20201130,170000,1.6,1.635,1.57,1.61,12456,0
TH.US,60,20201130,180000,1.585,1.61,1.585,1.61,1613,0
TH.US,60,20201130,190000,1.61,1.61,1.6,1.6,5643,0
TH.US,60,20201130,200000,1.6,1.6,1.5705,1.58,2601,0
TH.US,60,20201130,210000,1.585,1.5961,1.55,1.57,5826,0
TH.US,60,20201130,220000,1.555,1.6,1.55,1.58,39525,0
TH.US,60,20201201,160000,1.63,1.64,1.59,1.59,8317,0
TH.US,60,20201201,170000,1.6047,1.6344,1.58,1.595,8231,0
TH.US,60,20201201,180000,1.61,1.61,1.58,1.58,1624,0
TH.US,60,20201201,190000,1.57,1.57,1.55,1.55,7394,0
TH.US,60,20201201,200000,1.55,1.57,1.53,1.55,13935,0
TH.US,60,20201201,210000,1.56,1.56,1.51,1.54,11172,0
TH.US,60,20201201,220000,1.53,1.56,1.52,1.53,35570,0
TH.US,60,20201202,160000,1.54,1.56,1.53,1.53,1420,0
TH.US,60,20201202,170000,1.545,1.56,1.545,1.55,3258,0
TH.US,60,20201202,180000,1.55,1.55,1.54,1.55,10483,0
TH.US,60,20201202,190000,1.55,1.58,1.55,1.58,14713,0
TH.US,60,20201202,200000,1.57,1.58,1.56,1.575,4169,0
TH.US,60,20201202,210000,1.575,1.6,1.57,1.59,17225,0
TH.US,60,20201202,220000,1.59,1.61,1.58,1.6,19927,0
TH.US,60,20201203,160000,1.62,1.62,1.57,1.57,9754,0
TH.US,60,20201203,170000,1.575,1.59,1.57,1.59,10617,0
TH.US,60,20201203,180000,1.6093,1.63,1.6042,1.63,7888,0
TH.US,60,20201203,190000,1.63,1.64,1.61,1.63,18212,0
TH.US,60,20201203,200000,1.6169,1.65,1.6169,1.64,6216,0
TH.US,60,20201203,210000,1.65,1.65,1.63,1.63,7935,0
TH.US,60,20201203,220000,1.6351,1.64,1.57,1.59,17818,0
TH.US,60,20201204,160000,1.5929,1.63,1.5801,1.63,6752,0
TH.US,60,20201204,170000,1.65,1.6634,1.63,1.6634,10563,0
TH.US,60,20201204,180000,1.68,1.68,1.62,1.63,18117,0
TH.US,60,20201204,190000,1.6,1.6386,1.6,1.6201,10749,0
TH.US,60,20201204,200000,1.63,1.67,1.63,1.66,7804,0
TH.US,60,20201204,210000,1.66,1.7,1.66,1.7,29908,0
TH.US,60,20201204,220000,1.7,1.7,1.66,1.69,34428,0
TH.US,60,20201207,160000,1.7,1.73,1.66,1.6846,47009,0
TH.US,60,20201207,170000,1.6855,1.7069,1.66,1.68,27341,0
TH.US,60,20201207,180000,1.68,1.7198,1.68,1.715,11285,0
TH.US,60,20201207,190000,1.715,1.8,1.7,1.7899,30303,0
TH.US,60,20201207,200000,1.76,1.8,1.74,1.7843,18214,0
TH.US,60,20201207,210000,1.775,1.7812,1.69,1.69,21948,0
TH.US,60,20201207,220000,1.7144,1.7199,1.67,1.68,52987,0
TH.US,60,20201208,160000,1.7,1.76,1.7,1.7482,16122,0
TH.US,60,20201208,170000,1.73,1.78,1.72,1.78,28555,0
TH.US,60,20201208,180000,1.7601,1.8099,1.74,1.8,53275,0
TH.US,60,20201208,190000,1.8099,1.82,1.809,1.81,4987,0
TH.US,60,20201208,200000,1.8021,1.81,1.78,1.78,4102,0
TH.US,60,20201208,210000,1.7899,1.79,1.77,1.78,14075,0
TH.US,60,20201208,220000,1.78,1.89,1.77,1.86,62331,0
TH.US,60,20201209,160000,1.9,1.92,1.8601,1.865,24267,0
TH.US,60,20201209,170000,1.8999,2.06,1.875,1.9699,103480,0
TH.US,60,20201209,180000,1.97,1.97,1.9,1.92,49317,0
TH.US,60,20201209,190000,1.91,1.91,1.79,1.79,20402,0
TH.US,60,20201209,200000,1.8,1.83,1.7901,1.8101,13277,0
TH.US,60,20201209,210000,1.81,1.8204,1.8001,1.8204,1530,0
TH.US,60,20201209,220000,1.81,1.84,1.8,1.81,44416,0
TH.US,60,20201210,160000,1.84,1.9128,1.82,1.89,8686,0
TH.US,60,20201210,170000,1.89,1.91,1.86,1.8801,10842,0
TH.US,60,20201210,180000,1.89,1.9,1.8818,1.9,9144,0
TH.US,60,20201210,190000,1.89,1.9,1.8801,1.9,1960,0
TH.US,60,20201210,200000,1.89,1.96,1.89,1.95,12332,0
TH.US,60,20201210,210000,1.96,1.98,1.92,1.92,8953,0
TH.US,60,20201210,220000,1.95,2.01,1.93,1.99,46481,0
TH.US,60,20201211,160000,2,2.0001,1.8995,1.8995,18327,0
TH.US,60,20201211,170000,1.8707,1.92,1.8601,1.9125,13691,0
TH.US,60,20201211,180000,1.91,1.92,1.85,1.88,23379,0
TH.US,60,20201211,190000,1.86,1.87,1.82,1.87,9558,0
TH.US,60,20201211,200000,1.88,1.88,1.8051,1.813,30863,0
TH.US,60,20201211,210000,1.8046,1.82,1.7871,1.7871,17535,0
TH.US,60,20201211,220000,1.79,1.79,1.75,1.79,39447,0
TH.US,60,20201214,160000,1.83,1.8502,1.8,1.8409,12772,0
TH.US,60,20201214,170000,1.82,1.83,1.76,1.77,15610,0
TH.US,60,20201214,180000,1.78,1.78,1.7627,1.78,4596,0
TH.US,60,20201214,190000,1.77,1.79,1.77,1.79,7806,0
TH.US,60,20201214,200000,1.79,1.79,1.7858,1.7869,2797,0
TH.US,60,20201214,210000,1.78,1.79,1.75,1.755,22584,0
TH.US,60,20201214,220000,1.76,1.76,1.68,1.68,39771,0
TH.US,60,20201215,160000,1.69,1.76,1.69,1.6973,5791,0
TH.US,60,20201215,170000,1.6911,1.73,1.69,1.6918,22398,0
TH.US,60,20201215,180000,1.695,1.7,1.685,1.7,3973,0
TH.US,60,20201215,190000,1.7,1.7299,1.695,1.7299,3885,0
TH.US,60,20201215,200000,1.73,1.79,1.73,1.79,21421,0
TH.US,60,20201215,210000,1.78,1.82,1.77,1.7987,37670,0
TH.US,60,20201215,220000,1.81,1.86,1.81,1.83,22943,0
TH.US,60,20201216,160000,1.82,1.8731,1.7921,1.795,7618,0
TH.US,60,20201216,170000,1.805,1.807,1.77,1.7789,7191,0
TH.US,60,20201216,180000,1.77,1.7999,1.76,1.7999,7583,0
TH.US,60,20201216,190000,1.78,1.7978,1.7502,1.79,4659,0
TH.US,60,20201216,200000,1.78,1.8,1.77,1.786,4978,0
TH.US,60,20201216,210000,1.7856,1.8,1.77,1.79,3476,0
TH.US,60,20201216,220000,1.8,1.84,1.8,1.82,30551,0
TH.US,60,20201217,160000,1.85,1.8609,1.82,1.8309,7262,0
TH.US,60,20201217,170000,1.83,1.84,1.79,1.82,4900,0
TH.US,60,20201217,180000,1.8,1.82,1.8,1.804,6913,0
TH.US,60,20201217,190000,1.8127,1.8127,1.78,1.78,2217,0
TH.US,60,20201217,200000,1.78,1.81,1.78,1.8,11490,0
TH.US,60,20201217,210000,1.805,1.805,1.78,1.7801,3469,0
TH.US,60,20201217,220000,1.8,1.8,1.78,1.8,16130,0
TH.US,60,20201218,160000,1.83,1.84,1.78,1.81,91216,0
TH.US,60,20201218,170000,1.798,1.8098,1.79,1.8,3222,0
TH.US,60,20201218,180000,1.792,1.7922,1.765,1.77,21826,0
TH.US,60,20201218,190000,1.775,1.79,1.7702,1.775,3808,0
TH.US,60,20201218,200000,1.78,1.78,1.76,1.77,7236,0
TH.US,60,20201218,210000,1.77,1.79,1.76,1.775,23423,0
TH.US,60,20201218,220000,1.78,1.945,1.78,1.83,111982,0
TH.US,60,20201221,160000,1.8,1.87,1.74,1.74,18649,0
TH.US,60,20201221,170000,1.74,1.78,1.69,1.78,39142,0
TH.US,60,20201221,180000,1.76,1.7695,1.7207,1.7437,13600,0
TH.US,60,20201221,190000,1.73,1.75,1.72,1.72,5424,0
TH.US,60,20201221,200000,1.75,1.75,1.72,1.732,1354,0
TH.US,60,20201221,210000,1.72,1.75,1.71,1.7194,6958,0
TH.US,60,20201221,220000,1.71,1.71,1.6,1.68,48126,0
TH.US,60,20201222,160000,1.66,1.68,1.65,1.65,17687,0
TH.US,60,20201222,170000,1.6599,1.6599,1.6101,1.635,6883,0
TH.US,60,20201222,180000,1.6307,1.64,1.58,1.5999,43081,0
TH.US,60,20201222,190000,1.59,1.6196,1.56,1.585,62360,0
TH.US,60,20201222,200000,1.58,1.6,1.56,1.57,11806,0
TH.US,60,20201222,210000,1.565,1.57,1.55,1.56,22475,0
TH.US,60,20201222,220000,1.5699,1.57,1.54,1.56,35945,0
TH.US,60,20201223,160000,1.6,1.6,1.58,1.5984,6173,0
TH.US,60,20201223,170000,1.595,1.66,1.59,1.61,16795,0
TH.US,60,20201223,180000,1.61,1.617,1.61,1.61,1029,0
TH.US,60,20201223,190000,1.615,1.615,1.61,1.61,5821,0
TH.US,60,20201223,200000,1.61,1.625,1.61,1.62,4208,0
TH.US,60,20201223,210000,1.62,1.62,1.5675,1.5992,10651,0
TH.US,60,20201223,220000,1.6,1.6,1.58,1.6,22373,0
TH.US,60,20201224,160000,1.6,1.612,1.575,1.59,10156,0
TH.US,60,20201224,170000,1.6,1.6,1.58,1.59,1981,0
TH.US,60,20201224,180000,1.5826,1.6,1.5826,1.6,769,0
TH.US,60,20201224,190000,1.59,1.62,1.59,1.61,16419,0
TH.US,60,20201224,200000,1.61,1.61,1.61,1.61,5635,0
TH.US,60,20201228,160000,1.66,1.72,1.6299,1.6615,9651,0
TH.US,60,20201228,170000,1.655,1.67,1.61,1.665,22309,0
TH.US,60,20201228,180000,1.6625,1.7,1.6583,1.69,17549,0
TH.US,60,20201228,190000,1.7,1.7,1.6536,1.67,6790,0
TH.US,60,20201228,200000,1.68,1.7,1.67,1.69,6300,0
TH.US,60,20201228,210000,1.6837,1.7,1.6802,1.7,4615,0
TH.US,60,20201228,220000,1.71,1.71,1.6892,1.69,12986,0
TH.US,60,20201229,160000,1.7,1.7,1.631,1.6377,9004,0
TH.US,60,20201229,170000,1.6256,1.64,1.59,1.59,8177,0
TH.US,60,20201229,180000,1.605,1.63,1.6,1.6088,4466,0
TH.US,60,20201229,190000,1.6026,1.6026,1.6026,1.6026,100,0
TH.US,60,20201229,200000,1.6178,1.62,1.605,1.61,2188,0
TH.US,60,20201229,210000,1.61,1.61,1.58,1.5899,12324,0
TH.US,60,20201229,220000,1.595,1.62,1.595,1.61,12722,0
TH.US,60,20201230,160000,1.62,1.63,1.59,1.63,2240,0
TH.US,60,20201230,170000,1.61,1.62,1.61,1.615,1260,0
TH.US,60,20201230,180000,1.6101,1.62,1.61,1.62,2298,0
TH.US,60,20201230,190000,1.615,1.615,1.615,1.615,100,0
TH.US,60,20201230,200000,1.61,1.61,1.5975,1.5975,7086,0
TH.US,60,20201230,210000,1.5968,1.5968,1.58,1.585,2450,0
TH.US,60,20201230,220000,1.59,1.6,1.58,1.6,32078,0
TH.US,60,20201231,160000,1.58,1.5909,1.55,1.5698,6723,0
TH.US,60,20201231,170000,1.56,1.62,1.55,1.62,18270,0
TH.US,60,20201231,180000,1.59,1.63,1.585,1.615,9640,0
TH.US,60,20201231,190000,1.6093,1.63,1.56,1.59,7021,0
TH.US,60,20201231,200000,1.5864,1.59,1.585,1.59,4999,0
TH.US,60,20201231,210000,1.6092,1.62,1.6092,1.62,900,0
TH.US,60,20201231,220000,1.6,1.61,1.56,1.58,43181,0
TH.US,60,20210104,160000,1.6,1.605,1.56,1.6,15370,0
TH.US,60,20210104,170000,1.61,1.69,1.58,1.59,11029,0
TH.US,60,20210104,180000,1.5863,1.61,1.5863,1.595,7234,0
TH.US,60,20210104,190000,1.61,1.61,1.56,1.59,4754,0
TH.US,60,20210104,200000,1.5801,1.64,1.58,1.61,23630,0
TH.US,60,20210104,210000,1.615,1.63,1.6091,1.63,724,0
TH.US,60,20210104,220000,1.6201,1.65,1.6,1.62,32977,0
TH.US,60,20210105,160000,1.63,1.64,1.6007,1.63,5115,0
TH.US,60,20210105,170000,1.63,1.63,1.6,1.6,5392,0
TH.US,60,20210105,180000,1.6,1.62,1.6,1.62,3324,0
TH.US,60,20210105,190000,1.61,1.66,1.61,1.63,2390,0
TH.US,60,20210105,200000,1.65,1.67,1.64,1.67,5136,0
TH.US,60,20210105,210000,1.6604,1.695,1.66,1.6802,22772,0
TH.US,60,20210105,220000,1.6802,1.72,1.66,1.67,50751,0
TH.US,60,20210106,160000,1.7,1.71,1.68,1.71,2496,0
TH.US,60,20210106,170000,1.72,1.72,1.69,1.715,6308,0
TH.US,60,20210106,180000,1.71,1.75,1.68,1.7301,10515,0
TH.US,60,20210106,190000,1.75,1.75,1.7,1.74,31410,0
TH.US,60,20210106,200000,1.73,1.745,1.7002,1.71,20131,0
TH.US,60,20210106,210000,1.7,1.76,1.7,1.7,10427,0
TH.US,60,20210106,220000,1.7,1.76,1.6727,1.72,25032,0
TH.US,60,20210107,160000,1.85,1.85,1.74,1.75,10612,0
TH.US,60,20210107,170000,1.75,1.84,1.75,1.78,42435,0
TH.US,60,20210107,180000,1.78,1.78,1.72,1.7252,9381,0
TH.US,60,20210107,190000,1.72,1.8,1.7,1.8,13513,0
TH.US,60,20210107,200000,1.79,1.79,1.7,1.74,19263,0
TH.US,60,20210107,210000,1.75,1.77,1.7,1.75,3400,0
TH.US,60,20210107,220000,1.75,1.76,1.71,1.74,41041,0
TH.US,60,20210108,160000,1.74,1.79,1.7201,1.73,6468,0
TH.US,60,20210108,170000,1.7443,1.7443,1.66,1.6659,10691,0
TH.US,60,20210108,180000,1.69,1.69,1.63,1.6499,23753,0
TH.US,60,20210108,190000,1.64,1.65,1.6,1.61,23163,0
TH.US,60,20210108,200000,1.6,1.6128,1.58,1.6,19247,0
TH.US,60,20210108,210000,1.6,1.65,1.6,1.6,10799,0
TH.US,60,20210108,220000,1.6,1.65,1.6,1.64,39442,0
TH.US,60,20210111,160000,1.65,1.69,1.64,1.66,8701,0
TH.US,60,20210111,170000,1.6699,1.68,1.66,1.68,2754,0
TH.US,60,20210111,180000,1.65,1.6505,1.62,1.6282,6880,0
TH.US,60,20210111,190000,1.62,1.64,1.605,1.63,7216,0
TH.US,60,20210111,200000,1.6387,1.66,1.6354,1.65,11851,0
TH.US,60,20210111,210000,1.645,1.65,1.62,1.62,7796,0
TH.US,60,20210111,220000,1.61,1.61,1.57,1.59,42821,0
TH.US,60,20210112,160000,1.58,1.62,1.58,1.62,2582,0
TH.US,60,20210112,170000,1.61,1.61,1.58,1.6,18943,0
TH.US,60,20210112,180000,1.595,1.6,1.59,1.6,8311,0
TH.US,60,20210112,190000,1.5901,1.6,1.59,1.6,9727,0
TH.US,60,20210112,200000,1.588,1.6,1.58,1.595,5233,0
TH.US,60,20210112,210000,1.6,1.61,1.59,1.6,3600,0
TH.US,60,20210112,220000,1.615,1.62,1.59,1.6,22219,0
TH.US,60,20210113,160000,1.62,1.62,1.56,1.58,11310,0
TH.US,60,20210113,170000,1.6,1.63,1.58,1.62,26655,0
TH.US,60,20210113,180000,1.625,1.65,1.62,1.629,14102,0
TH.US,60,20210113,190000,1.64,1.64,1.63,1.635,1073,0
TH.US,60,20210113,200000,1.6319,1.645,1.6319,1.64,3159,0
TH.US,60,20210113,210000,1.64,1.64,1.63,1.63,4650,0
TH.US,60,20210113,220000,1.63,1.63,1.58,1.6,23191,0
TH.US,60,20210114,160000,1.6,1.615,1.58,1.59,8519,0
TH.US,60,20210114,170000,1.59,1.64,1.58,1.61,41038,0
TH.US,60,20210114,180000,1.58,1.6,1.58,1.595,7483,0
TH.US,60,20210114,190000,1.59,1.6199,1.59,1.594,10876,0
TH.US,60,20210114,200000,1.59,1.6,1.585,1.59,16045,0
TH.US,60,20210114,210000,1.5949,1.6,1.59,1.595,25675,0
TH.US,60,20210114,220000,1.6,1.6,1.58,1.6,30648,0
TH.US,60,20210115,160000,1.62,1.62,1.59,1.59,17093,0
TH.US,60,20210115,170000,1.5899,1.605,1.57,1.58,28267,0
TH.US,60,20210115,180000,1.59,1.6,1.56,1.5699,11542,0
TH.US,60,20210115,190000,1.565,1.59,1.56,1.585,9691,0
TH.US,60,20210115,200000,1.57,1.6098,1.56,1.5801,3288,0
TH.US,60,20210115,210000,1.59,1.6,1.58,1.6,1476,0
TH.US,60,20210115,220000,1.58,1.5805,1.56,1.57,26970,0
TH.US,60,20210119,160000,1.58,1.61,1.58,1.5986,16124,0
TH.US,60,20210119,170000,1.58,1.5801,1.53,1.55,33263,0
TH.US,60,20210119,180000,1.5595,1.57,1.55,1.5537,7140,0
TH.US,60,20210119,190000,1.56,1.597,1.55,1.58,16474,0
TH.US,60,20210119,200000,1.5801,1.585,1.53,1.5689,56040,0
TH.US,60,20210119,210000,1.5693,1.57,1.55,1.5548,6249,0
TH.US,60,20210119,220000,1.56,1.58,1.55,1.56,23564,0
TH.US,60,20210120,160000,1.57,1.59,1.57,1.57,13330,0
TH.US,60,20210120,170000,1.56,1.58,1.56,1.56,4910,0
TH.US,60,20210120,180000,1.5636,1.57,1.55,1.55,12805,0
TH.US,60,20210120,190000,1.5668,1.57,1.565,1.565,1091,0
TH.US,60,20210120,200000,1.57,1.57,1.56,1.565,2467,0
TH.US,60,20210120,210000,1.569,1.569,1.56,1.56,3317,0
TH.US,60,20210120,220000,1.555,1.58,1.55,1.57,20611,0
TH.US,60,20210121,160000,1.59,1.59,1.552,1.567,5650,0
TH.US,60,20210121,170000,1.55,1.57,1.55,1.5501,13499,0
TH.US,60,20210121,180000,1.5599,1.568,1.55,1.568,6030,0
TH.US,60,20210121,190000,1.55,1.568,1.55,1.568,1262,0
TH.US,60,20210121,200000,1.57,1.57,1.55,1.56,7058,0
TH.US,60,20210121,210000,1.555,1.56,1.55,1.55,4242,0
TH.US,60,20210121,220000,1.55,1.57,1.55,1.55,27811,0
TH.US,60,20210122,160000,1.55,1.55,1.55,1.55,1791,0
TH.US,60,20210122,170000,1.56,1.57,1.55,1.57,6800,0
TH.US,60,20210122,180000,1.5598,1.57,1.55,1.57,16245,0
TH.US,60,20210122,190000,1.56,1.58,1.56,1.57,1084,0
TH.US,60,20210122,200000,1.57,1.58,1.5636,1.57,1730,0
TH.US,60,20210122,210000,1.56,1.58,1.56,1.575,6530,0
TH.US,60,20210122,220000,1.57,1.58,1.55,1.58,47741,0
TH.US,60,20210125,160000,1.59,1.59,1.53,1.56,23450,0
TH.US,60,20210125,170000,1.57,1.58,1.56,1.58,23919,0
TH.US,60,20210125,180000,1.565,1.57,1.55,1.55,16018,0
TH.US,60,20210125,190000,1.56,1.57,1.55,1.56,7191,0
TH.US,60,20210125,200000,1.5601,1.58,1.55,1.5799,6753,0
TH.US,60,20210125,210000,1.585,1.59,1.57,1.57,7635,0
TH.US,60,20210125,220000,1.57,1.59,1.57,1.57,15940,0
TH.US,60,20210126,160000,1.57,1.59,1.56,1.59,5736,0
TH.US,60,20210126,170000,1.57,1.57,1.57,1.57,1033,0
TH.US,60,20210126,180000,1.57,1.57,1.51,1.52,13092,0
TH.US,60,20210126,190000,1.53,1.5499,1.5276,1.5469,7041,0
TH.US,60,20210126,200000,1.55,1.55,1.54,1.55,2686,0
TH.US,60,20210126,210000,1.545,1.5799,1.54,1.5678,23556,0
TH.US,60,20210126,220000,1.56,1.59,1.56,1.57,21840,0
TH.US,60,20210127,160000,1.52,1.5699,1.5,1.5,19521,0
TH.US,60,20210127,170000,1.51,1.67,1.5,1.6,68376,0
TH.US,60,20210127,180000,1.6,1.67,1.6,1.63,50713,0
TH.US,60,20210127,190000,1.63,1.6475,1.62,1.621,19180,0
TH.US,60,20210127,200000,1.65,1.68,1.63,1.6576,56075,0
TH.US,60,20210127,210000,1.65,1.66,1.58,1.6039,16478,0
TH.US,60,20210127,220000,1.6059,1.65,1.58,1.64,38105,0
TH.US,60,20210128,160000,1.73,1.89,1.68,1.6862,59147,0
TH.US,60,20210128,170000,1.69,1.745,1.68,1.7111,38726,0
TH.US,60,20210128,180000,1.715,1.72,1.6642,1.67,31807,0
TH.US,60,20210128,190000,1.68,1.73,1.67,1.7173,12300,0
TH.US,60,20210128,200000,1.7001,1.72,1.69,1.7032,12657,0
TH.US,60,20210128,210000,1.7255,1.73,1.6901,1.7199,7265,0
TH.US,60,20210128,220000,1.72,1.79,1.69,1.74,70551,0
TH.US,60,20210129,160000,1.81,1.85,1.7511,1.85,42964,0
TH.US,60,20210129,170000,1.85,1.95,1.815,1.92,55359,0
TH.US,60,20210129,180000,1.9155,1.94,1.85,1.94,60184,0
TH.US,60,20210129,190000,1.94,1.94,1.7501,1.7999,67210,0
TH.US,60,20210129,200000,1.8,1.85,1.7558,1.84,14229,0
TH.US,60,20210129,210000,1.7963,1.9,1.67,1.81,63419,0
TH.US,60,20210129,220000,1.83,1.84,1.72,1.77,66511,0
TH.US,60,20210201,160000,1.85,1.88,1.77,1.775,36658,0
TH.US,60,20210201,170000,1.775,1.86,1.77,1.8201,31554,0
TH.US,60,20210201,180000,1.84,1.86,1.83,1.86,19230,0
TH.US,60,20210201,190000,1.86,1.89,1.85,1.89,31506,0
TH.US,60,20210201,200000,1.885,1.9,1.86,1.88,21692,0
TH.US,60,20210201,210000,1.88,1.92,1.8568,1.8802,17870,0
TH.US,60,20210201,220000,1.881,1.92,1.88,1.88,37045,0
TH.US,60,20210202,160000,1.88,1.9,1.88,1.88,7559,0
TH.US,60,20210202,170000,1.885,1.95,1.88,1.94,51181,0
TH.US,60,20210202,180000,1.94,1.95,1.902,1.93,33162,0
TH.US,60,20210202,190000,1.94,1.94,1.87,1.8701,23214,0
TH.US,60,20210202,200000,1.88,1.88,1.78,1.8,33590,0
TH.US,60,20210202,210000,1.83,1.9,1.82,1.9,16109,0
TH.US,60,20210202,220000,1.9,1.93,1.84,1.88,34924,0
TH.US,60,20210203,160000,1.86,1.8797,1.83,1.835,6356,0
TH.US,60,20210203,170000,1.83,1.86,1.83,1.85,22700,0
TH.US,60,20210203,180000,1.85,1.85,1.83,1.84,14681,0
TH.US,60,20210203,190000,1.84,1.85,1.83,1.84,2870,0
TH.US,60,20210203,200000,1.83,1.84,1.82,1.82,10548,0
TH.US,60,20210203,210000,1.82,1.84,1.76,1.79,41172,0
TH.US,60,20210203,220000,1.8,1.8,1.78,1.78,47907,0
TH.US,60,20210204,160000,1.8,1.81,1.79,1.79,10090,0
TH.US,60,20210204,170000,1.7901,1.8,1.78,1.7999,19894,0
TH.US,60,20210204,180000,1.79,1.8,1.79,1.7999,13488,0
TH.US,60,20210204,190000,1.7999,1.82,1.79,1.817,13182,0
TH.US,60,20210204,200000,1.82,1.82,1.79,1.8,9685,0
TH.US,60,20210204,210000,1.79,1.8,1.78,1.79,6460,0
TH.US,60,20210204,220000,1.79,1.8,1.78,1.8,22238,0
TH.US,60,20210205,160000,1.88,1.88,1.815,1.83,19908,0
TH.US,60,20210205,170000,1.8399,1.84,1.81,1.825,16528,0
TH.US,60,20210205,180000,1.8201,1.8201,1.795,1.8099,14590,0
TH.US,60,20210205,190000,1.805,1.825,1.805,1.82,13579,0
TH.US,60,20210205,200000,1.825,1.83,1.81,1.8102,10790,0
TH.US,60,20210205,210000,1.815,1.8201,1.81,1.8201,3296,0
TH.US,60,20210205,220000,1.82,1.83,1.81,1.82,26770,0
TH.US,60,20210208,160000,1.86,1.89,1.7902,1.82,16116,0
TH.US,60,20210208,170000,1.825,1.93,1.82,1.93,38035,0
TH.US,60,20210208,180000,1.9102,1.93,1.91,1.92,17507,0
TH.US,60,20210208,190000,1.9201,1.93,1.92,1.92,6202,0
TH.US,60,20210208,200000,1.925,1.9414,1.92,1.93,20683,0
TH.US,60,20210208,210000,1.937,2,1.9202,1.99,93734,0
TH.US,60,20210208,220000,1.9899,2.08,1.9801,2.06,179557,0
TH.US,60,20210209,160000,2.17,2.21,2.08,2.13,63323,0
TH.US,60,20210209,170000,2.14,2.2596,2.14,2.24,74029,0
TH.US,60,20210209,180000,2.25,2.25,2.185,2.2,82927,0
TH.US,60,20210209,190000,2.2022,2.24,2.2,2.24,20950,0
TH.US,60,20210209,200000,2.225,2.38,2.2211,2.3303,38605,0
TH.US,60,20210209,210000,2.3595,2.3595,2.2788,2.2788,26843,0
TH.US,60,20210209,220000,2.27,2.33,2.2204,2.27,81979,0
TH.US,60,20210210,160000,2.34,2.36,2.26,2.26,33116,0
TH.US,60,20210210,170000,2.25,2.3,2.101,2.17,97468,0
TH.US,60,20210210,180000,2.2,2.2293,2.17,2.17,41397,0
TH.US,60,20210210,190000,2.1704,2.2171,2.11,2.21,55914,0
TH.US,60,20210210,200000,2.21,2.26,2.2,2.2101,11349,0
TH.US,60,20210210,210000,2.2331,2.27,2.21,2.25,14488,0
TH.US,60,20210210,220000,2.27,2.277,2.21,2.22,34702,0
TH.US,60,20210211,160000,2.25,2.25,2.1749,2.22,10463,0
TH.US,60,20210211,170000,2.22,2.22,2.18,2.18,8627,0
TH.US,60,20210211,180000,2.18,2.2,2.1701,2.18,6435,0
TH.US,60,20210211,190000,2.175,2.18,2.1,2.12,23133,0
TH.US,60,20210211,200000,2.14,2.14,2.12,2.13,7937,0
TH.US,60,20210211,210000,2.135,2.17,2.12,2.1411,15957,0
TH.US,60,20210211,220000,2.14,2.17,2.14,2.17,11530,0
TH.US,60,20210212,160000,2.15,2.185,2.09,2.1256,20735,0
TH.US,60,20210212,170000,2.1,2.14,2.1,2.13,12928,0
TH.US,60,20210212,180000,2.11,2.16,2.1,2.155,12328,0
TH.US,60,20210212,190000,2.1501,2.2,2.15,2.2,9207,0
TH.US,60,20210212,200000,2.1978,2.2,2.17,2.1701,5475,0
TH.US,60,20210212,210000,2.1701,2.2,2.17,2.19,9064,0
TH.US,60,20210212,220000,2.1868,2.1997,2.14,2.18,16757,0
TH.US,60,20210216,160000,2.26,2.26,2.16,2.24,71843,0
TH.US,60,20210216,170000,2.2599,2.5913,2.21,2.41,200634,0
TH.US,60,20210216,180000,2.4026,2.57,2.39,2.5401,106120,0
TH.US,60,20210216,190000,2.54,2.5935,2.48,2.49,65174,0
TH.US,60,20210216,200000,2.485,2.49,2.46,2.49,17693,0
TH.US,60,20210216,210000,2.4899,2.49,2.45,2.49,33856,0
TH.US,60,20210216,220000,2.45,2.47,2.35,2.38,102014,0
TH.US,60,20210217,160000,2.4,2.4,2.3,2.34,47971,0
TH.US,60,20210217,170000,2.34,2.3799,2.27,2.29,22292,0
TH.US,60,20210217,180000,2.3087,2.3087,2.19,2.2,52109,0
TH.US,60,20210217,190000,2.2138,2.2446,2.2,2.24,8636,0
TH.US,60,20210217,200000,2.24,2.25,2.22,2.23,10488,0
TH.US,60,20210217,210000,2.23,2.24,2.22,2.23,13089,0
TH.US,60,20210217,220000,2.2299,2.25,2.22,2.25,58434,0
TH.US,60,20210218,160000,2.28,2.28,2.16,2.1908,21925,0
TH.US,60,20210218,170000,2.18,2.21,2.16,2.17,23059,0
TH.US,60,20210218,180000,2.155,2.155,2,2.02,73824,0
TH.US,60,20210218,190000,2.03,2.06,2.03,2.04,53958,0
TH.US,60,20210218,200000,2.04,2.05,2.01,2.01,30425,0
TH.US,60,20210218,210000,2.01,2.02,1.98,1.985,16423,0
TH.US,60,20210218,220000,1.9873,1.9873,1.885,1.9,123295,0
TH.US,60,20210219,160000,1.93,1.9496,1.91,1.94,20888,0
TH.US,60,20210219,170000,1.92,2.03,1.92,2,74813,0
TH.US,60,20210219,180000,2.01,2.0185,2,2.0002,22689,0
TH.US,60,20210219,190000,2.005,2.005,1.965,1.985,22622,0
TH.US,60,20210219,200000,1.9726,1.997,1.97,1.973,6233,0
TH.US,60,20210219,210000,1.97,1.9875,1.97,1.98,4983,0
TH.US,60,20210219,220000,1.975,1.98,1.92,1.95,39690,0
TH.US,60,20210222,160000,2.03,2.06,2.01,2.03,72829,0
TH.US,60,20210222,170000,2.0398,2.04,1.99,2.005,71410,0
TH.US,60,20210222,180000,2.0011,2.06,2.0011,2.03,29866,0
TH.US,60,20210222,190000,2.0382,2.04,2.02,2.02,11349,0
TH.US,60,20210222,200000,2.02,2.03,2.005,2.01,36033,0
TH.US,60,20210222,210000,2.01,2.02,2,2.005,18388,0
TH.US,60,20210222,220000,2.005,2.0399,1.96,1.99,92716,0
TH.US,60,20210223,160000,1.94,1.9438,1.7801,1.86,27804,0
TH.US,60,20210223,170000,1.84,1.9189,1.8301,1.9051,29428,0
TH.US,60,20210223,180000,1.9,1.91,1.84,1.84,20186,0
TH.US,60,20210223,190000,1.84,1.87,1.83,1.83,20114,0
TH.US,60,20210223,200000,1.83,1.8598,1.83,1.85,17387,0
TH.US,60,20210223,210000,1.85,1.875,1.84,1.85,29724,0
TH.US,60,20210223,220000,1.84,2.03,1.84,2.01,67224,0
TH.US,60,20210224,160000,2,2.05,1.98,1.9975,19401,0
TH.US,60,20210224,170000,1.995,2.01,1.97,1.99,25897,0
TH.US,60,20210224,180000,2,2.02,1.99,1.99,39255,0
TH.US,60,20210224,190000,1.99,2,1.97,1.977,30142,0
TH.US,60,20210224,200000,1.9786,1.98,1.94,1.94,23320,0
TH.US,60,20210224,210000,1.9401,1.945,1.92,1.93,13919,0
TH.US,60,20210224,220000,1.93,1.94,1.8928,1.91,86816,0
TH.US,60,20210225,160000,1.96,1.99,1.92,1.92,36064,0
TH.US,60,20210225,170000,1.9,1.95,1.85,1.899,39060,0
TH.US,60,20210225,180000,1.885,1.9,1.85,1.85,14605,0
TH.US,60,20210225,190000,1.8699,1.89,1.85,1.89,34050,0
TH.US,60,20210225,200000,1.87,1.88,1.86,1.87,12263,0
TH.US,60,20210225,210000,1.87,1.89,1.87,1.87,45917,0
TH.US,60,20210225,220000,1.87,1.87,1.79,1.79,58735,0
TH.US,60,20210226,160000,1.72,1.88,1.7,1.7,22686,0
TH.US,60,20210226,170000,1.7,1.7269,1.6508,1.6981,58853,0
TH.US,60,20210226,180000,1.695,1.74,1.69,1.7,40927,0
TH.US,60,20210226,190000,1.714,1.72,1.68,1.6967,27412,0
TH.US,60,20210226,200000,1.68,1.7,1.68,1.68,6635,0
TH.US,60,20210226,210000,1.697,1.7,1.67,1.675,9595,0
TH.US,60,20210226,220000,1.6799,1.68,1.62,1.64,83182,0
TH.US,60,20210301,160000,1.7,1.725,1.68,1.69,19790,0
TH.US,60,20210301,170000,1.713,1.74,1.68,1.69,25009,0
TH.US,60,20210301,180000,1.69,1.705,1.68,1.68,27249,0
TH.US,60,20210301,190000,1.68,1.69,1.67,1.67,12610,0
TH.US,60,20210301,200000,1.67,1.7,1.66,1.69,15559,0
TH.US,60,20210301,210000,1.695,1.7,1.675,1.675,12015,0
TH.US,60,20210301,220000,1.6896,1.7,1.65,1.7,59759,0
TH.US,60,20210302,160000,1.73,1.73,1.67,1.705,12130,0
TH.US,60,20210302,170000,1.7,1.708,1.66,1.68,12806,0
TH.US,60,20210302,180000,1.68,1.6896,1.65,1.6689,43701,0
TH.US,60,20210302,190000,1.6638,1.67,1.65,1.6698,6825,0
TH.US,60,20210302,200000,1.665,1.68,1.64,1.68,17204,0
TH.US,60,20210302,210000,1.68,1.69,1.63,1.64,63724,0
TH.US,60,20210302,220000,1.6481,1.66,1.63,1.64,61315,0
TH.US,60,20210303,160000,1.65,1.695,1.65,1.69,13678,0
TH.US,60,20210303,170000,1.683,1.69,1.65,1.66,20726,0
TH.US,60,20210303,180000,1.66,1.69,1.655,1.67,21034,0
TH.US,60,20210303,190000,1.68,1.68,1.64,1.655,12367,0
TH.US,60,20210303,200000,1.65,1.66,1.65,1.66,34726,0
TH.US,60,20210303,210000,1.655,1.6658,1.635,1.6658,14798,0
TH.US,60,20210303,220000,1.66,1.67,1.63,1.65,51704,0
TH.US,60,20210304,160000,1.65,1.67,1.58,1.6,54564,0
TH.US,60,20210304,170000,1.5861,1.59,1.51,1.5399,68116,0
TH.US,60,20210304,180000,1.54,1.6,1.53,1.595,62994,0
TH.US,60,20210304,190000,1.595,1.6,1.58,1.6,54822,0
TH.US,60,20210304,200000,1.595,1.6,1.53,1.53,36410,0
TH.US,60,20210304,210000,1.54,1.6,1.53,1.581,88573,0
TH.US,60,20210304,220000,1.6,1.62,1.56,1.62,196859,0
TH.US,60,20210305,160000,1.63,1.6453,1.59,1.6,29513,0
TH.US,60,20210305,170000,1.59,1.61,1.56,1.575,82279,0
TH.US,60,20210305,180000,1.565,1.58,1.54,1.58,20345,0
TH.US,60,20210305,190000,1.581,1.59,1.57,1.5894,205856,0
TH.US,60,20210305,200000,1.595,1.61,1.59,1.5999,46966,0
TH.US,60,20210305,210000,1.59,1.65,1.59,1.642,53433,0
TH.US,60,20210305,220000,1.64,1.69,1.63,1.68,65057,0
TH.US,60,20210308,160000,1.63,1.7083,1.61,1.685,42602,0
TH.US,60,20210308,170000,1.677,1.78,1.675,1.74,39032,0
TH.US,60,20210308,180000,1.735,1.74,1.71,1.7298,11691,0
TH.US,60,20210308,190000,1.71,1.76,1.71,1.7552,11843,0
TH.US,60,20210308,200000,1.76,1.76,1.72,1.72,6942,0
TH.US,60,20210308,210000,1.72,1.78,1.7101,1.78,11993,0
TH.US,60,20210308,220000,1.7784,1.78,1.74,1.76,23188,0
TH.US,60,20210309,160000,1.9,1.95,1.73,1.92,80460,0
TH.US,60,20210309,170000,1.91,2.08,1.8901,2.075,157136,0
TH.US,60,20210309,180000,2.0794,2.09,1.87,1.88,129709,0
TH.US,60,20210309,190000,1.88,1.96,1.87,1.915,57049,0
TH.US,60,20210309,200000,1.915,1.95,1.9119,1.945,26934,0
TH.US,60,20210309,210000,1.945,1.96,1.9,1.9101,61411,0
TH.US,60,20210309,220000,1.92,1.94,1.8921,1.93,120079,0
TH.US,60,20210310,160000,2,2,1.94,1.945,18007,0
TH.US,60,20210310,170000,1.945,1.95,1.83,1.855,100162,0
TH.US,60,20210310,180000,1.85,1.85,1.74,1.77,50911,0
TH.US,60,20210310,190000,1.7701,1.79,1.74,1.76,33966,0
TH.US,60,20210310,200000,1.76,1.805,1.75,1.77,15706,0
TH.US,60,20210310,210000,1.79,1.81,1.77,1.79,11272,0
TH.US,60,20210310,220000,1.785,1.79,1.75,1.79,74093,0
TH.US,60,20210311,160000,1.73,1.755,1.71,1.75,55794,0
TH.US,60,20210311,170000,1.75,1.75,1.72,1.73,37091,0
TH.US,60,20210311,180000,1.74,1.74,1.71,1.72,65772,0
TH.US,60,20210311,190000,1.7175,1.767,1.7101,1.76,13469,0
TH.US,60,20210311,200000,1.755,1.76,1.74,1.76,44501,0
TH.US,60,20210311,210000,1.769,1.8,1.765,1.7883,67712,0
TH.US,60,20210311,220000,1.7889,1.91,1.785,1.88,123546,0
TH.US,60,20210312,160000,1.86,1.87,1.8301,1.87,11984,0
TH.US,60,20210312,170000,1.87,1.91,1.87,1.883,18803,0
TH.US,60,20210312,180000,1.88,1.8931,1.87,1.8931,7054,0
TH.US,60,20210312,190000,1.9,1.9099,1.86,1.86,14408,0
TH.US,60,20210312,200000,1.86,1.89,1.85,1.85,12212,0
TH.US,60,20210312,210000,1.86,1.86,1.84,1.85,6081,0
TH.US,60,20210312,220000,1.85,1.89,1.845,1.89,22328,0
TH.US,60,20210315,150000,1.9,1.94,1.9,1.94,11905,0
TH.US,60,20210315,160000,1.93,1.95,1.9201,1.94,13225,0
TH.US,60,20210315,170000,1.95,1.9778,1.91,1.9134,20704,0
TH.US,60,20210315,180000,1.92,1.92,1.9,1.91,3253,0
TH.US,60,20210315,190000,1.92,1.94,1.9199,1.9311,7162,0
TH.US,60,20210315,200000,1.9399,1.94,1.93,1.93,9111,0
TH.US,60,20210315,210000,1.935,1.97,1.93,1.96,39078,0
TH.US,60,20210316,150000,1.99,1.99,1.855,1.87,10641,0
TH.US,60,20210316,160000,1.89,1.9499,1.85,1.89,58351,0
TH.US,60,20210316,170000,1.8899,1.8999,1.87,1.88,9549,0
TH.US,60,20210316,180000,1.875,1.9,1.87,1.8799,20235,0
TH.US,60,20210316,190000,1.88,1.89,1.873,1.89,5730,0
TH.US,60,20210316,200000,1.885,1.91,1.88,1.9019,9555,0
TH.US,60,20210316,210000,1.9001,1.99,1.9001,1.94,49035,0
TH.US,60,20210317,150000,1.91,1.93,1.89,1.89,6589,0
TH.US,60,20210317,160000,1.9,1.92,1.9,1.9,2897,0
TH.US,60,20210317,170000,1.93,1.935,1.9,1.93,11216,0
TH.US,60,20210317,180000,1.93,1.94,1.93,1.935,5181,0
TH.US,60,20210317,190000,1.935,1.97,1.932,1.97,4418,0
TH.US,60,20210317,200000,1.96,1.98,1.94,1.9711,9013,0
TH.US,60,20210317,210000,1.96,1.98,1.95,1.97,13015,0
TH.US,60,20210318,150000,1.94,1.98,1.89,1.9,25995,0
TH.US,60,20210318,160000,1.95,1.95,1.91,1.937,5022,0
TH.US,60,20210318,170000,1.91,1.97,1.91,1.97,3656,0
TH.US,60,20210318,180000,1.96,2,1.96,1.96,18726,0
TH.US,60,20210318,190000,1.965,1.99,1.965,1.9892,8788,0
TH.US,60,20210318,200000,1.9889,1.9894,1.925,1.95,8137,0
TH.US,60,20210318,210000,1.965,1.99,1.94,1.95,24951,0
TH.US,60,20210319,150000,1.95,1.985,1.81,1.855,161476,0
TH.US,60,20210319,160000,1.855,1.93,1.85,1.9,38099,0
TH.US,60,20210319,170000,1.89,1.92,1.89,1.9,6547,0
TH.US,60,20210319,180000,1.9234,1.99,1.92,1.95,101057,0
TH.US,60,20210319,190000,1.9501,1.97,1.94,1.9672,19224,0
TH.US,60,20210319,200000,1.96,1.96,1.91,1.945,14846,0
TH.US,60,20210319,210000,1.94,1.95,1.85,1.86,210655,0
TH.US,60,20210322,150000,1.93,1.97,1.87,1.873,41717,0
TH.US,60,20210322,160000,1.875,1.88,1.83,1.83,25291,0
TH.US,60,20210322,170000,1.825,1.83,1.81,1.83,9355,0
TH.US,60,20210322,180000,1.8273,1.84,1.8273,1.8389,11839,0
TH.US,60,20210322,190000,1.83,1.84,1.82,1.83,6730,0
TH.US,60,20210322,200000,1.8201,1.8201,1.81,1.81,11592,0
TH.US,60,20210322,210000,1.8119,1.85,1.8119,1.84,27057,0
TH.US,60,20210323,150000,1.82,1.84,1.81,1.8136,12683,0
TH.US,60,20210323,160000,1.815,1.83,1.8,1.8168,18889,0
TH.US,60,20210323,170000,1.82,1.83,1.8,1.82,35810,0
TH.US,60,20210323,180000,1.83,1.83,1.81,1.81,4732,0
TH.US,60,20210323,190000,1.815,1.82,1.8,1.8,6955,0
TH.US,60,20210323,200000,1.8,1.805,1.76,1.79,45677,0
TH.US,60,20210323,210000,1.79,1.81,1.78,1.79,34837,0
TH.US,60,20210324,150000,1.82,1.89,1.8,1.88,12836,0
TH.US,60,20210324,160000,1.865,1.97,1.865,1.94,48887,0
TH.US,60,20210324,170000,1.97,1.97,1.9,1.91,4220,0
TH.US,60,20210324,180000,1.8925,1.92,1.8925,1.92,9513,0
TH.US,60,20210324,190000,1.92,1.95,1.9101,1.95,17648,0
TH.US,60,20210324,200000,1.95,1.96,1.92,1.95,27400,0
TH.US,60,20210324,210000,1.95,1.96,1.92,1.93,54564,0
TH.US,60,20210325,150000,1.9,1.9095,1.8105,1.8185,46827,0
TH.US,60,20210325,160000,1.8352,1.87,1.81,1.81,43299,0
TH.US,60,20210325,170000,1.81,1.84,1.81,1.8338,29636,0
TH.US,60,20210325,180000,1.84,1.85,1.81,1.81,14020,0
TH.US,60,20210325,190000,1.84,1.84,1.82,1.83,5962,0
TH.US,60,20210325,200000,1.82,1.84,1.82,1.83,8721,0
TH.US,60,20210325,210000,1.84,1.87,1.83,1.86,21709,0
TH.US,60,20210326,150000,1.87,1.93,1.86,1.93,8958,0
TH.US,60,20210326,160000,1.91,2.02,1.91,2,100586,0
TH.US,60,20210326,170000,2.0036,2.25,2.0036,2.15,235092,0
TH.US,60,20210326,180000,2.1499,2.235,2.09,2.2,148552,0
TH.US,60,20210326,190000,2.19,2.21,2.11,2.1585,80966,0
TH.US,60,20210326,200000,2.16,2.25,2.1001,2.24,120802,0
TH.US,60,20210326,210000,2.23,2.46,2.19,2.33,413388,0
TH.US,60,20210329,160000,2.27,2.4799,2.11,2.36,257378,0
TH.US,60,20210329,170000,2.41,2.75,2.36,2.625,495640,0
TH.US,60,20210329,180000,2.611,2.69,2.47,2.55,233526,0
TH.US,60,20210329,190000,2.565,2.58,2.32,2.36,156882,0
TH.US,60,20210329,200000,2.37,2.5,2.33,2.33,97407,0
TH.US,60,20210329,210000,2.3321,2.41,2.2973,2.32,69595,0
TH.US,60,20210329,220000,2.32,2.43,2.31,2.35,126185,0
TH.US,60,20210330,160000,2.35,2.54,2.153,2.28,200593,0
TH.US,60,20210330,170000,2.26,2.3,2.15,2.1638,92650,0
TH.US,60,20210330,180000,2.19,2.1999,2.11,2.135,95765,0
TH.US,60,20210330,190000,2.14,2.16,2.13,2.15,25668,0
TH.US,60,20210330,200000,2.1473,2.15,2.12,2.15,37758,0
TH.US,60,20210330,210000,2.15,2.16,2.13,2.15,13795,0
TH.US,60,20210330,220000,2.14,2.28,2.14,2.2,133538,0
TH.US,60,20210331,160000,2.24,2.46,2.16,2.4563,67932,0
TH.US,60,20210331,170000,2.46,2.5,2.39,2.49,122749,0
TH.US,60,20210331,180000,2.4674,2.55,2.45,2.45,100442,0
TH.US,60,20210331,190000,2.442,2.5,2.4,2.4699,36199,0
TH.US,60,20210331,200000,2.46,2.52,2.43,2.48,135975,0
TH.US,60,20210331,210000,2.48,2.5,2.43,2.47,134786,0
TH.US,60,20210331,220000,2.475,2.56,2.46,2.53,201731,0
TH.US,60,20210401,160000,2.4935,2.7471,2.4935,2.6101,160211,0
TH.US,60,20210401,170000,2.62,2.63,2.57,2.575,69231,0
TH.US,60,20210401,180000,2.5701,2.58,2.46,2.48,105328,0
TH.US,60,20210401,190000,2.49,2.49,2.42,2.43,32623,0
TH.US,60,20210401,200000,2.42,2.45,2.31,2.355,127163,0
TH.US,60,20210401,210000,2.36,2.4,2.19,2.2199,237293,0
TH.US,60,20210401,220000,2.21,2.23,2.125,2.17,268202,0
TH.US,60,20210405,160000,2.27,2.5,2.27,2.39,114646,0
TH.US,60,20210405,170000,2.415,2.8,2.4112,2.77,366878,0
TH.US,60,20210405,180000,2.77,2.78,2.4201,2.4327,282754,0
TH.US,60,20210405,190000,2.43,2.5,2.41,2.49,67405,0
TH.US,60,20210405,200000,2.49,2.59,2.4601,2.5261,62939,0
TH.US,60,20210405,210000,2.5192,2.71,2.51,2.63,100895,0
TH.US,60,20210405,220000,2.63,2.6373,2.57,2.6,151269,0
TH.US,60,20210406,160000,2.61,3.75,2.6,3.4798,5982464,0
TH.US,60,20210406,170000,3.4899,3.6,2.94,3.1418,5648422,0
TH.US,60,20210406,180000,3.1488,3.47,3.07,3.22,5616560,0
TH.US,60,20210406,190000,3.23,3.39,3.16,3.23,3544344,0
TH.US,60,20210406,200000,3.2279,3.46,3.13,3.27,2424864,0
TH.US,60,20210406,210000,3.2681,3.29,3.08,3.095,989557,0
TH.US,60,20210406,220000,3.1,3.28,3.02,3.23,1096747,0
TH.US,60,20210407,160000,3.28,4.2,3.2,3.5998,6898100,0
TH.US,60,20210407,170000,3.5984,3.72,3.29,3.3668,1982418,0
TH.US,60,20210407,180000,3.3608,3.43,3.3,3.41,434145,0
TH.US,60,20210407,190000,3.42,3.45,3.34,3.39,220729,0
TH.US,60,20210407,200000,3.3815,3.55,3.3,3.45,1153476,0
TH.US,60,20210407,210000,3.44,3.58,3.3567,3.485,619491,0
TH.US,60,20210407,220000,3.485,3.67,3.451,3.64,812191,0
TH.US,60,20210408,160000,3.63,3.66,3.16,3.23,934343,0
TH.US,60,20210408,170000,3.23,3.438,3.11,3.32,559249,0
TH.US,60,20210408,180000,3.325,3.33,3.2,3.24,150641,0
TH.US,60,20210408,190000,3.2301,3.24,3.16,3.18,237309,0
TH.US,60,20210408,200000,3.185,3.2,3.17,3.175,71249,0
TH.US,60,20210408,210000,3.18,3.3,3.17,3.3,83247,0
TH.US,60,20210408,220000,3.3,3.4,3.25,3.36,302086,0
TH.US,60,20210409,160000,3.26,3.3499,3.21,3.3001,163907,0
TH.US,60,20210409,170000,3.3099,3.35,3.26,3.33,98212,0
TH.US,60,20210409,180000,3.34,3.35,3.2184,3.2184,82171,0
TH.US,60,20210409,190000,3.2108,3.24,3.2,3.2086,72295,0
TH.US,60,20210409,200000,3.205,3.22,3.16,3.17,81591,0
TH.US,60,20210409,210000,3.1669,3.22,3.0592,3.175,114426,0
TH.US,60,20210409,220000,3.1724,3.19,3.1003,3.125,166059,0
TH.US,60,20210412,160000,3.14,3.68,3.1,3.67,802574,0
TH.US,60,20210412,170000,3.68,3.69,3.33,3.45,736817,0
TH.US,60,20210412,180000,3.45,3.55,3.42,3.48,212728,0
TH.US,60,20210412,190000,3.4705,3.49,3.42,3.455,169955,0
TH.US,60,20210412,200000,3.455,3.48,3.41,3.43,157014,0
TH.US,60,20210412,210000,3.43,3.55,3.3584,3.36,290161,0
TH.US,60,20210412,220000,3.36,3.42,3.3,3.42,332711,0
TH.US,60,20210413,160000,3.29,3.3,3.1172,3.17,196344,0
TH.US,60,20210413,170000,3.17,3.24,3.1,3.19,197196,0
TH.US,60,20210413,180000,3.19,3.34,3.18,3.31,68234,0
TH.US,60,20210413,190000,3.3041,3.3746,3.28,3.29,37595,0
TH.US,60,20210413,200000,3.2922,3.35,3.25,3.25,46366,0
TH.US,60,20210413,210000,3.26,3.3592,3.25,3.35,44253,0
TH.US,60,20210413,220000,3.35,3.44,3.35,3.39,119046,0
TH.US,60,20210414,160000,3.4,3.46,3.3,3.43,83781,0
TH.US,60,20210414,170000,3.4388,3.5099,3.38,3.47,92997,0
TH.US,60,20210414,180000,3.47,3.475,3.4134,3.43,76169,0
TH.US,60,20210414,190000,3.43,3.44,3.3902,3.4,40707,0
TH.US,60,20210414,200000,3.4,3.44,3.3301,3.35,52907,0
TH.US,60,20210414,210000,3.33,3.34,3.2,3.25,102159,0
TH.US,60,20210414,220000,3.2524,3.29,3.215,3.23,69544,0
TH.US,60,20210415,160000,3.26,3.3779,3.2231,3.2401,75609,0
TH.US,60,20210415,170000,3.27,3.41,3.2696,3.39,151385,0
TH.US,60,20210415,180000,3.37,3.445,3.37,3.4001,74960,0
TH.US,60,20210415,190000,3.405,3.405,3.26,3.305,123290,0
TH.US,60,20210415,200000,3.31,3.35,3.27,3.33,47682,0
TH.US,60,20210415,210000,3.34,3.36,3.285,3.29,24746,0
TH.US,60,20210415,220000,3.2913,3.34,3.25,3.26,81887,0
TH.US,60,20210416,160000,3.26,3.2773,3.13,3.13,110512,0
TH.US,60,20210416,170000,3.14,3.27,3.13,3.21,61270,0
TH.US,60,20210416,180000,3.2009,3.2009,2.96,3.0084,258601,0
TH.US,60,20210416,190000,3.0001,3.05,2.81,2.91,209836,0
TH.US,60,20210416,200000,2.92,2.94,2.86,2.91,80986,0
TH.US,60,20210416,210000,2.8999,2.94,2.895,2.94,23480,0
TH.US,60,20210416,220000,2.9301,2.94,2.74,2.79,216669,0
TH.US,60,20210419,160000,2.8,2.97,2.79,2.91,171167,0
TH.US,60,20210419,170000,2.9,2.98,2.83,2.96,103730,0
TH.US,60,20210419,180000,2.95,3.08,2.93,3.01,179361,0
TH.US,60,20210419,190000,3.0001,3.0599,2.99,3.03,40954,0
TH.US,60,20210419,200000,3.03,3.03,3,3.0272,34337,0
TH.US,60,20210419,210000,3.0201,3.06,3.0201,3.045,53582,0
TH.US,60,20210419,220000,3.05,3.05,3.0001,3.01,116466,0
TH.US,60,20210420,160000,3.01,3.02,2.84,2.85,77369,0
TH.US,60,20210420,170000,2.8505,2.855,2.66,2.6705,76816,0
TH.US,60,20210420,180000,2.68,2.72,2.65,2.72,97825,0
TH.US,60,20210420,190000,2.7199,2.79,2.7,2.79,36802,0
TH.US,60,20210420,200000,2.785,2.79,2.72,2.72,18970,0
TH.US,60,20210420,210000,2.7295,2.7295,2.67,2.695,22573,0
TH.US,60,20210420,220000,2.7,2.73,2.65,2.65,235233,0
TH.US,60,20210421,160000,2.55,2.78,2.5,2.7478,93638,0
TH.US,60,20210421,170000,2.745,2.86,2.72,2.77,93575,0
TH.US,60,20210421,180000,2.77,2.92,2.765,2.87,94110,0
TH.US,60,20210421,190000,2.86,2.86,2.76,2.77,12845,0
TH.US,60,20210421,200000,2.7799,2.825,2.775,2.82,23010,0
TH.US,60,20210421,210000,2.825,2.915,2.825,2.91,81432,0
TH.US,60,20210421,220000,2.905,2.905,2.81,2.82,47650,0
TH.US,60,20210422,160000,2.82,2.85,2.72,2.7873,46190,0
TH.US,60,20210422,170000,2.77,2.81,2.71,2.791,32780,0
TH.US,60,20210422,180000,2.8,2.8212,2.77,2.8009,53733,0
TH.US,60,20210422,190000,2.8,2.8,2.74,2.795,38679,0
TH.US,60,20210422,200000,2.7976,2.8,2.745,2.7681,59855,0
TH.US,60,20210422,210000,2.76,2.77,2.74,2.7669,26070,0
TH.US,60,20210422,220000,2.76,2.77,2.74,2.75,55778,0
TH.US,60,20210423,160000,2.75,2.89,2.695,2.84,35101,0
TH.US,60,20210423,170000,2.84,2.9199,2.79,2.79,47517,0
TH.US,60,20210423,180000,2.815,2.8631,2.815,2.855,15951,0
TH.US,60,20210423,190000,2.87,2.895,2.84,2.84,11751,0
TH.US,60,20210423,200000,2.84,2.89,2.82,2.885,11781,0
TH.US,60,20210423,210000,2.88,2.905,2.84,2.8914,30612,0
TH.US,60,20210423,220000,2.9,2.91,2.88,2.88,85833,0
TH.US,60,20210426,160000,3,3.05,3,3.03,64054,0
TH.US,60,20210426,170000,3.02,3.04,2.93,3,79078,0
TH.US,60,20210426,180000,2.99,3.05,2.99,3.0199,54482,0
TH.US,60,20210426,190000,3.02,3.02,2.9984,2.9999,50380,0
TH.US,60,20210426,200000,2.995,3.03,2.97,3.02,66446,0
TH.US,60,20210426,210000,3.03,3.09,3.0101,3.07,176002,0
TH.US,60,20210426,220000,3.08,3.11,2.95,2.97,373480,0
TH.US,60,20210427,160000,2.96,2.9904,2.85,2.95,95796,0
TH.US,60,20210427,170000,2.95,2.95,2.7101,2.91,237068,0
TH.US,60,20210427,180000,2.93,2.93,2.81,2.83,65044,0
TH.US,60,20210427,190000,2.84,2.905,2.81,2.82,119320,0
TH.US,60,20210427,200000,2.83,2.861,2.805,2.8188,28066,0
TH.US,60,20210427,210000,2.81,2.87,2.78,2.8516,74756,0
TH.US,60,20210427,220000,2.855,2.9,2.82,2.87,230648,0
TH.US,60,20210428,160000,2.88,2.9101,2.83,2.86,92732,0
TH.US,60,20210428,170000,2.86,2.9467,2.77,2.9376,114472,0
TH.US,60,20210428,180000,2.94,2.94,2.85,2.85,55218,0
TH.US,60,20210428,190000,2.84,2.92,2.84,2.91,19106,0
TH.US,60,20210428,200000,2.91,2.91,2.84,2.84,31620,0
TH.US,60,20210428,210000,2.86,2.93,2.84,2.86,50220,0
TH.US,60,20210428,220000,2.85,2.9199,2.82,2.89,80588,0
TH.US,60,20210429,160000,2.94,2.95,2.885,2.94,62004,0
TH.US,60,20210429,170000,2.93,2.99,2.85,2.99,173734,0
TH.US,60,20210429,180000,3,3.05,2.92,2.97,105834,0
TH.US,60,20210429,190000,2.9528,3.0399,2.94,3.03,91184,0
TH.US,60,20210429,200000,3.03,3.1,3.02,3.04,139782,0
TH.US,60,20210429,210000,3.05,3.1,3.03,3.0412,77292,0
TH.US,60,20210429,220000,3.0467,3.08,3,3.07,107752,0
TH.US,60,20210430,160000,3.04,3.099,2.89,2.89,81094,0
TH.US,60,20210430,170000,2.92,2.955,2.85,2.8729,127342,0
TH.US,60,20210430,180000,2.8799,2.9199,2.85,2.8877,22514,0
TH.US,60,20210430,190000,2.92,2.9299,2.88,2.91,33672,0
TH.US,60,20210430,200000,2.91,2.92,2.8,2.82,179728,0
TH.US,60,20210430,210000,2.8,2.85,2.8,2.83,38526,0
TH.US,60,20210430,220000,2.83,2.8302,2.75,2.775,146100,0
TH.US,60,20210503,160000,2.84,2.91,2.75,2.84,66145,0
TH.US,60,20210503,170000,2.83,2.91,2.81,2.91,46340,0
TH.US,60,20210503,180000,2.91,2.97,2.8967,2.903,84669,0
TH.US,60,20210503,190000,2.9,2.93,2.8838,2.8914,9485,0
TH.US,60,20210503,200000,2.9,2.97,2.8999,2.9401,16288,0
TH.US,60,20210503,210000,2.95,3,2.94,2.995,15798,0
TH.US,60,20210503,220000,2.99,3.005,2.94,2.96,85909,0
TH.US,60,20210504,160000,2.9,2.9,2.75,2.78,58685,0
TH.US,60,20210504,170000,2.8099,2.87,2.77,2.85,28942,0
TH.US,60,20210504,180000,2.8633,2.9,2.86,2.88,12977,0
TH.US,60,20210504,190000,2.88,2.92,2.88,2.88,17539,0
TH.US,60,20210504,200000,2.88,2.91,2.88,2.89,6208,0
TH.US,60,20210504,210000,2.88,2.91,2.855,2.9,28077,0
TH.US,60,20210504,220000,2.9,2.9,2.85,2.86,21026,0
TH.US,60,20210505,160000,2.9,2.9,2.82,2.8524,11334,0
TH.US,60,20210505,170000,2.85,2.85,2.77,2.82,17320,0
TH.US,60,20210505,180000,2.79,2.83,2.79,2.8077,13798,0
TH.US,60,20210505,190000,2.8,2.83,2.76,2.78,16769,0
TH.US,60,20210505,200000,2.78,2.79,2.75,2.77,26099,0
TH.US,60,20210505,210000,2.78,2.82,2.78,2.8,10161,0
TH.US,60,20210505,220000,2.79,2.83,2.75,2.8,42674,0
TH.US,60,20210506,160000,2.79,2.79,2.72,2.72,45522,0
TH.US,60,20210506,170000,2.7001,2.73,2.65,2.6945,41123,0
TH.US,60,20210506,180000,2.72,2.72,2.65,2.71,21820,0
TH.US,60,20210506,190000,2.71,2.71,2.64,2.65,15366,0
TH.US,60,20210506,200000,2.64,2.66,2.6101,2.6101,18507,0
TH.US,60,20210506,210000,2.6161,2.63,2.5535,2.5684,22956,0
TH.US,60,20210506,220000,2.57,2.63,2.56,2.62,49626,0
TH.US,60,20210507,160000,2.62,2.77,2.6151,2.7202,79114,0
TH.US,60,20210507,170000,2.73,2.91,2.727,2.785,212408,0
TH.US,60,20210507,180000,2.775,2.81,2.74,2.77,56158,0
TH.US,60,20210507,190000,2.76,2.78,2.745,2.78,22118,0
TH.US,60,20210507,200000,2.7863,2.7958,2.75,2.75,9231,0
TH.US,60,20210507,210000,2.75,2.79,2.745,2.76,11442,0
TH.US,60,20210507,220000,2.77,2.8,2.755,2.79,31589,0
TH.US,60,20210510,160000,2.69,2.77,2.69,2.765,17101,0
TH.US,60,20210510,170000,2.745,2.79,2.72,2.7201,11393,0
TH.US,60,20210510,180000,2.735,2.75,2.65,2.66,57796,0
TH.US,60,20210510,190000,2.6538,2.71,2.6501,2.71,29354,0
TH.US,60,20210510,200000,2.7,2.77,2.69,2.76,5868,0
TH.US,60,20210510,210000,2.7525,2.77,2.685,2.7,25067,0
TH.US,60,20210510,220000,2.71,2.76,2.69,2.69,85081,0
TH.US,60,20210511,160000,2.61,2.65,2.58,2.6201,31653,0
TH.US,60,20210511,170000,2.645,2.645,2.43,2.5,139680,0
TH.US,60,20210511,180000,2.48,2.54,2.46,2.47,30185,0
TH.US,60,20210511,190000,2.46,2.5,2.45,2.483,63343,0
TH.US,60,20210511,200000,2.485,2.52,2.46,2.48,15850,0
TH.US,60,20210511,210000,2.47,2.55,2.46,2.5,91758,0
TH.US,60,20210511,220000,2.5156,2.5257,2.47,2.48,72525,0
TH.US,60,20210512,160000,2.45,2.52,2.45,2.5138,33602,0
TH.US,60,20210512,170000,2.5,2.53,2.47,2.52,61469,0
TH.US,60,20210512,180000,2.52,2.59,2.47,2.47,23542,0
TH.US,60,20210512,190000,2.47,2.5399,2.47,2.52,18120,0
TH.US,60,20210512,200000,2.52,2.58,2.51,2.525,15869,0
TH.US,60,20210512,210000,2.525,2.5299,2.46,2.46,7425,0
TH.US,60,20210512,220000,2.46,2.47,2.39,2.41,137804,0
TH.US,60,20210513,160000,2.43,2.43,2.37,2.4,52438,0
TH.US,60,20210513,170000,2.3945,2.4576,2.3401,2.42,133104,0
TH.US,60,20210513,180000,2.41,2.41,2.34,2.34,47242,0
TH.US,60,20210513,190000,2.3401,2.39,2.33,2.3357,27349,0
TH.US,60,20210513,200000,2.33,2.36,2.23,2.275,97246,0
TH.US,60,20210513,210000,2.275,2.315,2.27,2.29,76327,0
TH.US,60,20210513,220000,2.2927,2.31,2.28,2.3,80004,0
TH.US,60,20210514,160000,2.35,2.55,2.3,2.5499,33307,0
TH.US,60,20210514,170000,2.5499,2.66,2.54,2.66,76897,0
TH.US,60,20210514,180000,2.66,2.6898,2.61,2.6668,32081,0
TH.US,60,20210514,190000,2.6702,2.7728,2.6702,2.74,33912,0
TH.US,60,20210514,200000,2.7042,2.7316,2.67,2.725,30791,0
TH.US,60,20210514,210000,2.7243,2.82,2.7243,2.76,67275,0
TH.US,60,20210514,220000,2.7614,2.79,2.71,2.77,80619,0
TH.US,60,20210517,160000,2.7,2.77,2.65,2.72,43099,0
TH.US,60,20210517,170000,2.72,2.76,2.69,2.7401,51743,0
TH.US,60,20210517,180000,2.74,2.77,2.69,2.69,35454,0
TH.US,60,20210517,190000,2.705,2.71,2.66,2.68,6388,0
TH.US,60,20210517,200000,2.68,2.71,2.65,2.68,5435,0
TH.US,60,20210517,210000,2.67,2.69,2.66,2.69,3873,0
TH.US,60,20210517,220000,2.68,2.74,2.67,2.74,18303,0
TH.US,60,20210518,160000,2.74,2.83,2.71,2.775,24264,0
TH.US,60,20210518,170000,2.77,2.7758,2.7,2.73,15905,0
TH.US,60,20210518,180000,2.72,2.73,2.68,2.7119,10079,0
TH.US,60,20210518,190000,2.71,2.79,2.71,2.79,15233,0
TH.US,60,20210518,200000,2.77,2.78,2.751,2.76,3360,0
TH.US,60,20210518,210000,2.77,2.81,2.76,2.77,9428,0
TH.US,60,20210518,220000,2.775,2.8,2.75,2.75,14512,0
TH.US,60,20210519,160000,2.72,2.73,2.66,2.7,40656,0
TH.US,60,20210519,170000,2.7,2.7,2.63,2.6767,20205,0
TH.US,60,20210519,180000,2.6767,2.73,2.67,2.7,7736,0
TH.US,60,20210519,190000,2.695,2.7053,2.69,2.7,1430,0
TH.US,60,20210519,200000,2.7,2.72,2.66,2.66,4561,0
TH.US,60,20210519,210000,2.68,2.69,2.63,2.69,16893,0
TH.US,60,20210519,220000,2.7,2.72,2.67,2.7,19832,0
TH.US,60,20210520,160000,2.7,2.7,2.64,2.66,9104,0
TH.US,60,20210520,170000,2.67,2.77,2.65,2.77,41190,0
TH.US,60,20210520,180000,2.76,2.81,2.7548,2.79,12575,0
TH.US,60,20210520,190000,2.79,2.8,2.75,2.75,12414,0
TH.US,60,20210520,200000,2.76,2.77,2.74,2.7501,9300,0
TH.US,60,20210520,210000,2.75,2.76,2.72,2.76,7595,0
TH.US,60,20210520,220000,2.77,2.82,2.77,2.81,22518,0
TH.US,60,20210521,160000,2.87,2.87,2.8,2.85,19223,0
TH.US,60,20210521,170000,2.81,2.87,2.78,2.87,14874,0
TH.US,60,20210521,180000,2.86,2.88,2.845,2.85,13411,0
TH.US,60,20210521,190000,2.8583,2.96,2.85,2.95,34098,0
TH.US,60,20210521,200000,2.95,2.95,2.93,2.93,7073,0
TH.US,60,20210521,210000,2.925,2.94,2.9,2.93,26590,0
TH.US,60,20210521,220000,2.9266,3,2.83,2.9,101112,0
TH.US,60,20210524,160000,3.02,3.04,2.9138,2.93,36476,0
TH.US,60,20210524,170000,2.93,3,2.85,2.97,115456,0
TH.US,60,20210524,180000,2.96,2.99,2.87,2.875,37423,0
TH.US,60,20210524,190000,2.87,2.93,2.83,2.9,22166,0
TH.US,60,20210524,200000,2.91,2.915,2.8601,2.8824,5045,0
TH.US,60,20210524,210000,2.89,2.92,2.8582,2.9,20251,0
TH.US,60,20210524,220000,2.89,2.98,2.89,2.94,38372,0
TH.US,60,20210525,160000,2.99,3.1,2.95,3.1,58126,0
TH.US,60,20210525,170000,3.1,3.1997,3.03,3.16,63413,0
TH.US,60,20210525,180000,3.16,3.17,3.09,3.105,53418,0
TH.US,60,20210525,190000,3.105,3.17,3.095,3.16,24435,0
TH.US,60,20210525,200000,3.16,3.205,3.14,3.195,41800,0
TH.US,60,20210525,210000,3.195,3.195,3.13,3.16,32595,0
TH.US,60,20210525,220000,3.15,3.2,3.14,3.14,54146,0
TH.US,60,20210526,160000,3.15,3.21,3.14,3.18,32949,0
TH.US,60,20210526,170000,3.18,3.27,3.1401,3.23,67451,0
TH.US,60,20210526,180000,3.23,3.265,3.22,3.22,47274,0
TH.US,60,20210526,190000,3.22,3.2341,3.205,3.21,11086,0
TH.US,60,20210526,200000,3.2,3.25,3.2,3.24,11403,0
TH.US,60,20210526,210000,3.25,3.26,3.24,3.25,21358,0
TH.US,60,20210526,220000,3.24,3.26,3.22,3.24,60085,0
TH.US,60,20210527,160000,3.42,3.7,3.415,3.65,183973,0
TH.US,60,20210527,170000,3.6499,3.77,3.55,3.74,166038,0
TH.US,60,20210527,180000,3.74,4.19,3.7027,4.03,735086,0
TH.US,60,20210527,190000,4.0285,4.03,3.624,3.6899,341607,0
TH.US,60,20210527,200000,3.69,3.85,3.65,3.75,115330,0
TH.US,60,20210527,210000,3.76,3.8899,3.7352,3.81,72537,0
TH.US,60,20210527,220000,3.821,3.8743,3.7,3.7,236445,0
TH.US,60,20210528,160000,3.8452,3.99,3.72,3.97,166667,0
TH.US,60,20210528,170000,3.98,4.05,3.72,3.76,168899,0
TH.US,60,20210528,180000,3.7529,3.81,3.7,3.7971,44015,0
TH.US,60,20210528,190000,3.795,3.88,3.795,3.86,36500,0
TH.US,60,20210528,200000,3.865,3.87,3.75,3.8,27899,0
TH.US,60,20210528,210000,3.8,3.865,3.77,3.845,21883,0
TH.US,60,20210528,220000,3.85,3.885,3.84,3.85,67839,0
TH.US,60,20210601,160000,3.78,3.9271,3.7651,3.8171,97031,0
TH.US,60,20210601,170000,3.8417,4.04,3.84,4.02,179882,0
TH.US,60,20210601,180000,4.02,4.02,3.92,3.95,51512,0
TH.US,60,20210601,190000,3.96,3.99,3.88,3.88,58015,0
TH.US,60,20210601,200000,3.88,4.01,3.8735,4.0015,61072,0
TH.US,60,20210601,210000,4.005,4.1,3.98,4.0999,152830,0
TH.US,60,20210601,220000,4.1,4.2,4.06,4.1,199451,0
TH.US,60,20210602,160000,4.1,4.1,3.77,3.7972,201023,0
TH.US,60,20210602,170000,3.825,4,3.81,3.981,43648,0
TH.US,60,20210602,180000,4,4.07,3.99,4.0119,38064,0
TH.US,60,20210602,190000,4.015,4.0499,3.98,4,35001,0
TH.US,60,20210602,200000,3.99,4.02,3.9002,3.9002,41002,0
TH.US,60,20210602,210000,3.912,3.9699,3.9,3.933,9376,0
TH.US,60,20210602,220000,3.96,3.99,3.93,3.95,61569,0
TH.US,60,20210603,160000,3.832,3.945,3.7,3.795,79088,0
TH.US,60,20210603,170000,3.795,3.9,3.75,3.88,63999,0
TH.US,60,20210603,180000,3.8747,3.88,3.8,3.88,8324,0
TH.US,60,20210603,190000,3.89,3.95,3.873,3.95,20949,0
TH.US,60,20210603,200000,3.9487,3.99,3.9487,3.985,10902,0
TH.US,60,20210603,210000,3.9701,4,3.88,3.885,42181,0
TH.US,60,20210603,220000,3.86,3.91,3.77,3.77,67926,0
TH.US,60,20210604,160000,3.79,3.94,3.79,3.8599,15034,0
TH.US,60,20210604,170000,3.83,3.91,3.827,3.89,14903,0
TH.US,60,20210604,180000,3.9048,3.91,3.8205,3.87,16622,0
TH.US,60,20210604,190000,3.84,3.91,3.82,3.91,19240,0
TH.US,60,20210604,200000,3.8954,3.96,3.85,3.88,42486,0
TH.US,60,20210604,210000,3.89,3.94,3.84,3.84,43637,0
TH.US,60,20210604,220000,3.845,3.89,3.69,3.73,94567,0
TH.US,60,20210607,160000,3.78,4,3.78,4,82886,0
TH.US,60,20210607,170000,3.995,4,3.9438,3.96,38831,0
TH.US,60,20210607,180000,3.96,4.1,3.955,4.08,126291,0
TH.US,60,20210607,190000,4.07,4.09,4.04,4.09,30966,0
TH.US,60,20210607,200000,4.0845,4.15,4.0627,4.12,39679,0
TH.US,60,20210607,210000,4.135,4.4,4.135,4.26,290337,0
TH.US,60,20210607,220000,4.3,4.45,4.2777,4.44,113183,0
TH.US,60,20210608,160000,4.41,4.42,4.1502,4.2185,93005,0
TH.US,60,20210608,170000,4.2,4.3321,4.2,4.2505,46887,0
TH.US,60,20210608,180000,4.25,4.25,4.04,4.09,68072,0
TH.US,60,20210608,190000,4.1,4.13,4.08,4.1,28276,0
TH.US,60,20210608,200000,4.11,4.15,4.09,4.09,26027,0
TH.US,60,20210608,210000,4.1132,4.14,4.08,4.117,11844,0
TH.US,60,20210608,220000,4.1399,4.18,4.11,4.13,53988,0
TH.US,60,20210609,160000,4.16,4.2799,4.155,4.1871,36022,0
TH.US,60,20210609,170000,4.18,4.3,4.18,4.25,63943,0
TH.US,60,20210609,180000,4.25,4.3,4.2276,4.25,42496,0
TH.US,60,20210609,190000,4.241,4.36,4.2201,4.36,22312,0
TH.US,60,20210609,200000,4.36,4.36,4.2501,4.26,14080,0
TH.US,60,20210609,210000,4.27,4.31,4.23,4.23,18346,0
TH.US,60,20210609,220000,4.23,4.235,4.13,4.14,52790,0
TH.US,60,20210610,160000,4.16,4.18,4.06,4.1,27428,0
TH.US,60,20210610,170000,4.1,4.11,3.93,4.0272,46219,0
TH.US,60,20210610,180000,4.02,4.025,3.97,4,26168,0
TH.US,60,20210610,190000,3.99,4,3.92,4,9841,0
TH.US,60,20210610,200000,3.9994,4.04,3.99,4.03,6304,0
TH.US,60,20210610,210000,4.03,4.07,4.02,4.07,11555,0
TH.US,60,20210610,220000,4.08,4.09,4,4,36056,0
TH.US,60,20210611,160000,4.03,4.18,4.01,4.085,10298,0
TH.US,60,20210611,170000,4.0833,4.09,4,4.0613,6733,0
TH.US,60,20210611,180000,4.02,4.08,4.02,4.06,7318,0
TH.US,60,20210611,190000,4.06,4.09,4.055,4.08,10093,0
TH.US,60,20210611,200000,4.08,4.143,4.0464,4.143,8287,0
TH.US,60,20210611,210000,4.135,4.135,4.0469,4.06,30356,0
TH.US,60,20210611,220000,4.07,4.13,4.06,4.13,17405,0
TH.US,60,20210614,160000,4.15,4.2,4.1,4.13,6651,0
TH.US,60,20210614,170000,4.1215,4.17,4.1086,4.15,10667,0
TH.US,60,20210614,180000,4.13,4.15,4.1,4.1161,9643,0
TH.US,60,20210614,190000,4.1,4.14,4.06,4.09,6277,0
TH.US,60,20210614,200000,4.0701,4.1,4.0701,4.09,2453,0
TH.US,60,20210614,210000,4.1,4.1548,4.06,4.06,7944,0
TH.US,60,20210614,220000,4.07,4.09,4.03,4.07,17467,0
TH.US,60,20210615,160000,4.08,4.1401,4.0107,4.11,13196,0
TH.US,60,20210615,170000,4.085,4.11,3.95,4.03,104670,0
TH.US,60,20210615,180000,4.027,4.05,3.96,3.96,35699,0
TH.US,60,20210615,190000,3.96,4,3.9378,3.99,9260,0
TH.US,60,20210615,200000,3.97,3.99,3.96,3.97,28491,0
TH.US,60,20210615,210000,4,4.03,3.9678,4.03,22323,0
TH.US,60,20210615,220000,4.015,4.03,3.975,4,39085,0
TH.US,60,20210616,160000,4.02,4.08,3.895,3.895,12388,0
TH.US,60,20210616,170000,3.8932,4,3.8801,3.99,16970,0
TH.US,60,20210616,180000,3.94,4.03,3.93,4.03,5250,0
TH.US,60,20210616,190000,3.9991,3.9991,3.94,3.9651,11833,0
TH.US,60,20210616,200000,3.95,3.98,3.91,3.975,10575,0
TH.US,60,20210616,210000,3.97,3.98,3.91,3.97,6793,0
TH.US,60,20210616,220000,3.97,3.99,3.91,3.97,39530,0
TH.US,60,20210617,160000,3.94,4.0199,3.9,3.97,8440,0
TH.US,60,20210617,170000,3.97,4,3.77,3.89,21221,0
TH.US,60,20210617,180000,3.875,3.8899,3.82,3.84,21863,0
TH.US,60,20210617,190000,3.84,3.87,3.75,3.85,33365,0
TH.US,60,20210617,200000,3.85,3.91,3.78,3.8,17201,0
TH.US,60,20210617,210000,3.79,3.82,3.66,3.7,28706,0
TH.US,60,20210617,220000,3.705,3.71,3.58,3.62,116246,0
TH.US,60,20210618,160000,3.61,3.7126,3.58,3.65,57670,0
TH.US,60,20210618,170000,3.6558,3.84,3.65,3.82,19241,0
TH.US,60,20210618,180000,3.825,3.849,3.77,3.8405,7236,0
TH.US,60,20210618,190000,3.8,3.81,3.76,3.765,9524,0
TH.US,60,20210618,200000,3.785,3.81,3.74,3.81,63262,0
TH.US,60,20210618,210000,3.85,3.87,3.74,3.77,16422,0
TH.US,60,20210618,220000,3.8139,3.86,3.76,3.8,32483,0
TH.US,60,20210621,160000,3.84,3.8829,3.78,3.8101,14099,0
TH.US,60,20210621,170000,3.815,3.89,3.78,3.8,14092,0
TH.US,60,20210621,180000,3.8,3.8547,3.79,3.802,11486,0
TH.US,60,20210621,190000,3.8012,3.83,3.7728,3.83,14137,0
TH.US,60,20210621,200000,3.84,3.91,3.82,3.89,12040,0
TH.US,60,20210621,210000,3.88,3.91,3.85,3.89,15773,0
TH.US,60,20210621,220000,3.89,3.9099,3.845,3.9,53733,0
TH.US,60,20210622,160000,3.98,3.98,3.82,3.9068,11459,0
TH.US,60,20210622,170000,3.92,3.93,3.85,3.8683,19667,0
TH.US,60,20210622,180000,3.875,3.905,3.84,3.84,12309,0
TH.US,60,20210622,190000,3.84,3.87,3.84,3.86,5004,0
TH.US,60,20210622,200000,3.84,3.8897,3.84,3.865,15708,0
TH.US,60,20210622,210000,3.85,3.88,3.84,3.85,8458,0
TH.US,60,20210622,220000,3.85,3.9,3.85,3.88,74015,0
TH.US,60,20210623,160000,4.16,4.49,4.01,4.15,294536,0
TH.US,60,20210623,170000,4.15,4.22,4.1,4.19,93664,0
TH.US,60,20210623,180000,4.19,4.37,4.176,4.3053,124169,0
TH.US,60,20210623,190000,4.32,4.46,4.31,4.46,145613,0
TH.US,60,20210623,200000,4.46,4.56,4.42,4.485,161073,0
TH.US,60,20210623,210000,4.4951,4.65,4.44,4.555,194859,0
TH.US,60,20210623,220000,4.555,4.605,4.47,4.54,195904,0
TH.US,60,20210624,160000,4.53,4.7,4.5079,4.56,138321,0
TH.US,60,20210624,170000,4.56,4.56,4.16,4.28,125961,0
TH.US,60,20210624,180000,4.28,4.31,4.2,4.24,66397,0
TH.US,60,20210624,190000,4.24,4.37,4.24,4.32,25945,0
TH.US,60,20210624,200000,4.31,4.31,4.25,4.3,21710,0
TH.US,60,20210624,210000,4.31,4.4099,4.31,4.3301,35968,0
TH.US,60,20210624,220000,4.3304,4.39,4.28,4.37,125592,0
TH.US,60,20210625,160000,4.37,4.3785,4.28,4.28,37249,0
TH.US,60,20210625,170000,4.2701,4.32,4.26,4.28,20275,0
TH.US,60,20210625,180000,4.28,4.3,4.21,4.24,33094,0
TH.US,60,20210625,190000,4.2452,4.31,4.17,4.29,55996,0
TH.US,60,20210625,200000,4.27,4.29,4.21,4.21,4963,0
TH.US,60,20210625,210000,4.21,4.22,4.164,4.2,23895,0
TH.US,60,20210625,220000,4.21,4.22,4.15,4.16,605541,0
TH.US,60,20210628,160000,4.13,4.17,3.91,4.01,81531,0
TH.US,60,20210628,170000,4.02,4.08,4,4.08,36765,0
TH.US,60,20210628,180000,4.08,4.1424,4.06,4.09,38927,0
TH.US,60,20210628,190000,4.07,4.09,4,4.02,38964,0
TH.US,60,20210628,200000,4.02,4.0599,4,4.04,14317,0
TH.US,60,20210628,210000,4.02,4.08,4.02,4.04,17251,0
TH.US,60,20210628,220000,4.04,4.06,3.95,4.05,151098,0
TH.US,60,20210629,160000,3.98,4.07,3.91,4.0001,50741,0
TH.US,60,20210629,170000,4.025,4.0361,3.95,3.98,23731,0
TH.US,60,20210629,180000,3.98,3.99,3.8752,3.93,93440,0
TH.US,60,20210629,190000,3.9236,3.9236,3.85,3.89,15817,0
TH.US,60,20210629,200000,3.89,3.89,3.86,3.865,19415,0
TH.US,60,20210629,210000,3.86,3.88,3.81,3.87,28441,0
TH.US,60,20210629,220000,3.8601,3.87,3.78,3.8,51963,0
TH.US,60,20210630,160000,3.76,3.89,3.75,3.81,27081,0
TH.US,60,20210630,170000,3.82,3.87,3.75,3.75,32225,0
TH.US,60,20210630,180000,3.77,3.83,3.75,3.78,32666,0
TH.US,60,20210630,190000,3.78,3.8448,3.77,3.84,20089,0
TH.US,60,20210630,200000,3.83,3.8493,3.775,3.805,28129,0
TH.US,60,20210630,210000,3.81,3.815,3.725,3.725,26737,0
TH.US,60,20210630,220000,3.74,3.76,3.7,3.71,67177,0
TH.US,60,20210701,160000,3.77,3.84,3.73,3.81,18267,0
TH.US,60,20210701,170000,3.82,3.92,3.8,3.9,26222,0
TH.US,60,20210701,180000,3.89,3.91,3.823,3.85,22496,0
TH.US,60,20210701,190000,3.86,3.88,3.83,3.8684,19048,0
TH.US,60,20210701,200000,3.87,3.96,3.87,3.94,45141,0
TH.US,60,20210701,210000,3.94,4,3.91,3.94,43596,0
TH.US,60,20210701,220000,3.93,4,3.93,3.99,43076,0
TH.US,60,20210702,160000,4,4,3.86,3.9099,17324,0
TH.US,60,20210702,170000,3.85,3.9,3.8133,3.84,16026,0
TH.US,60,20210702,180000,3.83,3.92,3.83,3.89,11717,0
TH.US,60,20210702,190000,3.89,3.92,3.8581,3.92,12636,0
TH.US,60,20210702,200000,3.92,3.96,3.6,3.75,174695,0
TH.US,60,20210702,210000,3.77,3.81,3.74,3.8,14956,0
TH.US,60,20210702,220000,3.8,3.8011,3.73,3.74,75348,0
TH.US,60,20210706,160000,3.74,3.76,3.62,3.63,21826,0
TH.US,60,20210706,170000,3.63,3.65,3.54,3.56,66991,0
TH.US,60,20210706,180000,3.58,3.63,3.57,3.57,24844,0
TH.US,60,20210706,190000,3.5752,3.59,3.5477,3.5747,19410,0
TH.US,60,20210706,200000,3.59,3.6127,3.57,3.6127,13531,0
TH.US,60,20210706,210000,3.6152,3.66,3.61,3.63,14666,0
TH.US,60,20210706,220000,3.63,3.66,3.6,3.61,40528,0
TH.US,60,20210707,160000,3.59,3.65,3.45,3.49,22619,0
TH.US,60,20210707,170000,3.515,3.53,3.35,3.38,63392,0
TH.US,60,20210707,180000,3.375,3.5,3.36,3.5,39234,0
TH.US,60,20210707,190000,3.485,3.54,3.4774,3.525,13078,0
TH.US,60,20210707,200000,3.53,3.53,3.4803,3.5,4400,0
TH.US,60,20210707,210000,3.51,3.51,3.46,3.4698,5540,0
TH.US,60,20210707,220000,3.47,3.5,3.465,3.48,15576,0
TH.US,60,20210708,160000,3.31,3.45,3.31,3.38,20459,0
TH.US,60,20210708,170000,3.38,3.49,3.38,3.425,27096,0
TH.US,60,20210708,180000,3.425,3.5,3.36,3.495,7686,0
TH.US,60,20210708,190000,3.52,3.52,3.46,3.48,5678,0
TH.US,60,20210708,200000,3.47,3.47,3.43,3.45,3291,0
TH.US,60,20210708,210000,3.45,3.47,3.42,3.42,4336,0
TH.US,60,20210708,220000,3.42,3.45,3.4,3.42,32929,0
TH.US,60,20210709,160000,3.49,3.52,3.41,3.52,5161,0
TH.US,60,20210709,170000,3.545,3.62,3.53,3.539,28292,0
TH.US,60,20210709,180000,3.5439,3.57,3.5,3.5486,13664,0
TH.US,60,20210709,190000,3.5699,3.64,3.56,3.62,17070,0
TH.US,60,20210709,200000,3.62,3.63,3.5548,3.6,7339,0
TH.US,60,20210709,210000,3.58,3.61,3.55,3.56,5089,0
TH.US,60,20210709,220000,3.56,3.69,3.55,3.66,56360,0
