<TICKER>,<PER>,<DATE>,<TIME>,<OPEN>,<HIGH>,<LOW>,<CLOSE>,<VOL>,<OPENINT>
VIGI.US,D,20160303,000000,48.161,50.612,47.414,47.86,29345,0
VIGI.US,D,20160304,000000,47.882,48.445,47.882,48.095,21524,0
VIGI.US,D,20160307,000000,48.227,48.255,47.617,48.1,19772,0
VIGI.US,D,20160308,000000,48.034,48.034,47.68,47.68,10659,0
VIGI.US,D,20160309,000000,48.112,48.161,47.784,48.003,7744,0
VIGI.US,D,20160310,000000,48.389,48.389,47.612,47.891,22224,0
VIGI.US,D,20160311,000000,48.531,48.814,48.454,48.768,14361,0
VIGI.US,D,20160314,000000,48.569,48.749,48.538,48.695,13342,0
VIGI.US,D,20160315,000000,48.455,48.455,48.095,48.29,20028,0
VIGI.US,D,20160316,000000,48.255,48.952,48.095,48.952,12831,0
VIGI.US,D,20160317,000000,49.57,49.57,48.842,49.21,26050,0
VIGI.US,D,20160318,000000,49.33,49.462,49.267,49.32,14056,0
VIGI.US,D,20160321,000000,50.008,50.008,49.311,49.353,13608,0
VIGI.US,D,20160322,000000,49.485,49.485,48.983,49.353,25293,0
VIGI.US,D,20160323,000000,49.466,49.466,48.924,49.006,29369,0
VIGI.US,D,20160324,000000,48.829,48.829,48.561,48.791,14661,0
VIGI.US,D,20160328,000000,48.919,49.031,48.844,48.902,10270,0
VIGI.US,D,20160329,000000,48.782,49.528,48.604,49.503,18815,0
VIGI.US,D,20160330,000000,49.695,50.135,49.695,49.87,20863,0
VIGI.US,D,20160331,000000,49.86,49.935,49.658,49.666,32479,0
VIGI.US,D,20160401,000000,48.874,49.494,48.786,49.447,17854,0
VIGI.US,D,20160404,000000,49.797,49.797,49.412,49.446,14922,0
VIGI.US,D,20160405,000000,48.983,48.983,48.708,48.791,13978,0
VIGI.US,D,20160406,000000,49.132,49.658,49.085,49.522,20095,0
VIGI.US,D,20160407,000000,49.546,49.546,49.049,49.121,16096,0
VIGI.US,D,20160408,000000,49.769,49.769,49.419,49.428,20312,0
VIGI.US,D,20160411,000000,50.1,50.175,49.797,49.815,42283,0
VIGI.US,D,20160412,000000,49.815,50.359,49.64,50.277,24577,0
VIGI.US,D,20160413,000000,50.684,50.706,50.53,50.702,14643,0
VIGI.US,D,20160414,000000,50.976,50.976,50.746,50.822,24681,0
VIGI.US,D,20160415,000000,50.914,50.914,50.721,50.735,22591,0
VIGI.US,D,20160418,000000,50.876,51.244,50.638,51.19,68383,0
VIGI.US,D,20160419,000000,51.954,51.982,51.759,51.936,16825,0
VIGI.US,D,20160420,000000,51.732,51.845,51.445,51.64,27110,0
VIGI.US,D,20160421,000000,51.455,51.455,51.126,51.217,19969,0
VIGI.US,D,20160422,000000,50.812,51.225,50.812,51.046,14009,0
VIGI.US,D,20160425,000000,50.803,50.803,50.684,50.721,13327,0
VIGI.US,D,20160426,000000,50.922,50.958,50.721,50.787,29000,0
VIGI.US,D,20160427,000000,50.794,51.013,50.691,50.968,13665,0
VIGI.US,D,20160428,000000,50.784,51.023,50.532,50.603,92594,0
VIGI.US,D,20160429,000000,50.398,50.655,50.267,50.434,20890,0
VIGI.US,D,20160502,000000,50.822,50.822,50.571,50.746,15549,0
VIGI.US,D,20160503,000000,50.398,50.398,49.834,49.88,25291,0
VIGI.US,D,20160504,000000,49.787,49.787,49.17,49.279,20678,0
VIGI.US,D,20160505,000000,50.794,50.794,49.049,49.18,25392,0
VIGI.US,D,20160506,000000,49.123,49.261,49.002,49.261,22138,0
VIGI.US,D,20160509,000000,49.86,49.86,49.334,49.405,14816,0
VIGI.US,D,20160510,000000,49.917,50.135,49.805,50.135,20216,0
VIGI.US,D,20160511,000000,50.092,50.161,49.887,49.907,30407,0
VIGI.US,D,20160512,000000,50.193,50.193,49.598,49.761,19929,0
VIGI.US,D,20160513,000000,49.631,49.658,49.217,49.343,21271,0
VIGI.US,D,20160516,000000,49.65,50.029,49.65,49.945,34413,0
VIGI.US,D,20160517,000000,49.797,49.925,49.58,49.58,9295,0
VIGI.US,D,20160518,000000,49.593,49.92,49.332,49.428,13189,0
VIGI.US,D,20160519,000000,49.343,49.343,48.769,49.012,22411,0
VIGI.US,D,20160520,000000,49.419,49.447,49.284,49.353,17713,0
VIGI.US,D,20160523,000000,49.447,49.457,49.205,49.297,15064,0
VIGI.US,D,20160524,000000,49.565,49.887,49.565,49.88,8960,0
VIGI.US,D,20160525,000000,50.378,50.577,50.321,50.544,22800,0
VIGI.US,D,20160526,000000,50.721,50.858,50.589,50.765,19845,0
VIGI.US,D,20160527,000000,50.968,51.003,50.803,50.88,48848,0
VIGI.US,D,20160531,000000,51.106,51.161,50.721,50.816,17787,0
VIGI.US,D,20160601,000000,50.941,50.959,50.727,50.959,38180,0
VIGI.US,D,20160602,000000,50.803,51.078,50.765,51.068,27936,0
VIGI.US,D,20160603,000000,51.474,51.596,51.271,51.559,50734,0
VIGI.US,D,20160606,000000,51.854,52.022,51.797,51.977,22102,0
VIGI.US,D,20160607,000000,52.334,52.405,52.284,52.334,24833,0
VIGI.US,D,20160608,000000,52.536,52.554,52.34,52.369,18163,0
VIGI.US,D,20160609,000000,51.982,51.982,51.65,51.759,91353,0
VIGI.US,D,20160610,000000,51.135,51.135,50.459,50.571,76191,0
VIGI.US,D,20160613,000000,49.954,50.398,49.887,49.964,34843,0
VIGI.US,D,20160614,000000,49.656,49.723,49.213,49.367,20828,0
VIGI.US,D,20160615,000000,49.896,50.026,49.703,49.703,72638,0
VIGI.US,D,20160616,000000,49.213,49.76,48.776,49.732,106025,0
VIGI.US,D,20160617,000000,49.823,49.953,49.534,49.803,139987,0
VIGI.US,D,20160620,000000,51.12,51.12,50.647,50.647,47474,0
VIGI.US,D,20160621,000000,50.897,51.164,50.675,50.943,17686,0
VIGI.US,D,20160622,000000,51.192,51.258,50.997,50.997,12757,0
VIGI.US,D,20160623,000000,51.738,51.882,51.554,51.882,14948,0
VIGI.US,D,20160624,000000,49.053,50.281,49.053,49.435,173693,0
VIGI.US,D,20160627,000000,49.425,49.425,48.574,48.97,66107,0
VIGI.US,D,20160628,000000,49.741,50.212,49.741,50.197,70134,0
VIGI.US,D,20160629,000000,51.033,51.165,50.842,51.12,30920,0
VIGI.US,D,20160630,000000,51.139,51.812,51.139,51.682,19719,0
VIGI.US,D,20160701,000000,52.09,52.146,51.812,52.1,26442,0
VIGI.US,D,20160705,000000,51.62,51.655,51.321,51.46,44213,0
VIGI.US,D,20160706,000000,51.051,51.521,50.833,51.498,35623,0
VIGI.US,D,20160707,000000,51.784,51.784,51.228,51.386,38752,0
VIGI.US,D,20160708,000000,51.709,51.968,51.602,51.946,56612,0
VIGI.US,D,20160711,000000,52.257,52.324,51.961,52.2,37452,0
VIGI.US,D,20160712,000000,52.6,52.704,52.386,52.617,30473,0
VIGI.US,D,20160713,000000,52.849,52.849,52.498,52.581,40932,0
VIGI.US,D,20160714,000000,52.998,52.998,52.817,52.901,30282,0
VIGI.US,D,20160715,000000,52.739,52.739,52.43,52.478,14888,0
VIGI.US,D,20160718,000000,52.739,52.775,52.45,52.748,18665,0
VIGI.US,D,20160719,000000,52.441,52.441,52.267,52.359,35907,0
VIGI.US,D,20160720,000000,53.406,53.406,52.562,52.814,16433,0
VIGI.US,D,20160721,000000,52.823,52.823,52.441,52.544,26236,0
VIGI.US,D,20160722,000000,52.766,52.775,52.6,52.756,28174,0
VIGI.US,D,20160725,000000,52.884,52.884,52.498,52.626,24404,0
VIGI.US,D,20160726,000000,53.017,53.017,52.673,52.866,36874,0
VIGI.US,D,20160727,000000,52.866,52.989,52.581,52.875,34141,0
VIGI.US,D,20160728,000000,52.673,53.036,52.673,52.866,19578,0
VIGI.US,D,20160729,000000,52.998,53.226,52.845,53.201,9723,0
VIGI.US,D,20160801,000000,53.312,53.312,52.933,52.962,43389,0
VIGI.US,D,20160802,000000,53.173,53.173,52.673,52.818,13268,0
VIGI.US,D,20160803,000000,52.636,52.726,52.514,52.634,40301,0
VIGI.US,D,20160804,000000,52.627,52.814,52.535,52.739,17855,0
VIGI.US,D,20160805,000000,52.775,52.804,52.627,52.775,20622,0
VIGI.US,D,20160808,000000,52.756,52.756,52.572,52.617,13848,0
VIGI.US,D,20160809,000000,53.015,53.146,52.942,52.989,19507,0
VIGI.US,D,20160810,000000,53.173,53.173,52.833,52.904,12779,0
VIGI.US,D,20160811,000000,53.341,53.486,53.251,53.442,19468,0
VIGI.US,D,20160812,000000,53.579,53.579,53.227,53.304,54608,0
VIGI.US,D,20160815,000000,53.663,53.663,53.561,53.617,35940,0
VIGI.US,D,20160816,000000,53.663,53.663,53.498,53.498,33434,0
VIGI.US,D,20160817,000000,53.47,53.47,53.072,53.415,66242,0
VIGI.US,D,20160818,000000,53.542,53.748,53.442,53.748,21957,0
VIGI.US,D,20160819,000000,53.389,53.389,52.989,53.246,72575,0
VIGI.US,D,20160822,000000,53.146,53.256,53.036,53.227,21784,0
VIGI.US,D,20160823,000000,53.626,53.626,53.241,53.256,13788,0
VIGI.US,D,20160824,000000,53.274,53.274,52.968,52.989,32117,0
VIGI.US,D,20160825,000000,52.989,52.989,52.794,52.84,34570,0
VIGI.US,D,20160826,000000,53.053,53.356,52.315,52.478,42973,0
VIGI.US,D,20160829,000000,52.431,52.73,52.412,52.679,38215,0
VIGI.US,D,20160830,000000,52.884,52.884,52.543,52.624,28409,0
VIGI.US,D,20160831,000000,52.459,52.459,51.987,52.166,21250,0
VIGI.US,D,20160901,000000,52.238,52.383,52.136,52.348,8646,0
VIGI.US,D,20160902,000000,53.053,53.173,52.952,53.137,22650,0
VIGI.US,D,20160906,000000,53.7,54.005,53.649,53.957,31592,0
VIGI.US,D,20160907,000000,54.015,54.015,53.732,53.784,21397,0
VIGI.US,D,20160908,000000,53.802,53.82,53.589,53.72,21624,0
VIGI.US,D,20160909,000000,53.156,53.156,52.386,52.386,60057,0
VIGI.US,D,20160912,000000,52.267,52.924,51.997,52.894,23356,0
VIGI.US,D,20160913,000000,52.526,52.526,51.831,51.987,19191,0
VIGI.US,D,20160914,000000,52.175,52.248,51.96,51.987,13322,0
VIGI.US,D,20160915,000000,52.183,52.628,52.117,52.519,23819,0
VIGI.US,D,20160916,000000,52.536,52.536,51.95,52.081,48287,0
VIGI.US,D,20160919,000000,52.618,52.618,52.238,52.248,15764,0
VIGI.US,D,20160920,000000,52.702,52.762,52.479,52.526,14987,0
VIGI.US,D,20160921,000000,52.806,53.159,52.489,53.13,13843,0
VIGI.US,D,20160922,000000,53.455,53.684,53.455,53.52,13999,0
VIGI.US,D,20160923,000000,53.511,53.511,53.169,53.219,18887,0
VIGI.US,D,20160926,000000,53.13,53.13,52.684,52.712,15140,0
VIGI.US,D,20160927,000000,52.896,53.112,52.702,53.009,15288,0
VIGI.US,D,20160928,000000,53.245,53.45,52.896,53.401,16689,0
VIGI.US,D,20160929,000000,53.325,53.325,52.654,52.758,32210,0
VIGI.US,D,20160930,000000,52.944,53.082,52.693,52.906,10926,0
VIGI.US,D,20161003,000000,52.916,53.007,52.777,52.964,26313,0
VIGI.US,D,20161004,000000,53.139,53.139,52.47,52.554,32355,0
VIGI.US,D,20161005,000000,52.926,52.926,52.653,52.768,20493,0
VIGI.US,D,20161006,000000,52.554,52.554,52.267,52.422,17720,0
VIGI.US,D,20161007,000000,52.573,52.573,51.783,52.136,33416,0
VIGI.US,D,20161010,000000,52.469,52.553,52.351,52.36,8965,0
VIGI.US,D,20161011,000000,52.2,52.2,51.6,51.619,12937,0
VIGI.US,D,20161012,000000,51.628,51.699,51.514,51.662,14170,0
VIGI.US,D,20161013,000000,51.227,51.501,50.894,51.374,16509,0
VIGI.US,D,20161014,000000,51.542,51.83,51.374,51.374,18999,0
VIGI.US,D,20161017,000000,51.43,51.43,51.181,51.209,10784,0
VIGI.US,D,20161018,000000,51.925,51.925,51.727,51.793,11055,0
VIGI.US,D,20161019,000000,52.005,52.022,51.85,51.942,15270,0
VIGI.US,D,20161020,000000,51.942,51.95,51.727,51.793,16911,0
VIGI.US,D,20161021,000000,51.562,51.591,51.42,51.591,12620,0
VIGI.US,D,20161024,000000,51.774,51.774,51.439,51.524,34122,0
VIGI.US,D,20161025,000000,51.136,51.32,51.136,51.172,10926,0
VIGI.US,D,20161026,000000,51.107,51.107,50.801,50.922,17139,0
VIGI.US,D,20161027,000000,51.256,51.256,50.952,50.976,10148,0
VIGI.US,D,20161028,000000,50.914,50.914,50.672,50.726,29823,0
VIGI.US,D,20161031,000000,50.763,50.801,50.541,50.734,20690,0
VIGI.US,D,20161101,000000,50.885,50.885,50.365,50.606,8516,0
VIGI.US,D,20161102,000000,50.569,50.672,50.282,50.319,22548,0
VIGI.US,D,20161103,000000,50.345,50.37,50.011,50.103,30183,0
VIGI.US,D,20161104,000000,50.078,50.078,49.726,49.761,30103,0
VIGI.US,D,20161107,000000,50.413,50.476,50.243,50.421,27512,0
VIGI.US,D,20161108,000000,50.56,50.734,50.345,50.55,12724,0
VIGI.US,D,20161109,000000,50.744,50.744,50.17,50.56,124412,0
VIGI.US,D,20161110,000000,50.262,50.262,49.503,49.575,42899,0
VIGI.US,D,20161111,000000,49.41,49.41,48.538,48.777,39816,0
VIGI.US,D,20161114,000000,48.591,48.591,48.107,48.212,52369,0
VIGI.US,D,20161115,000000,47.998,48.462,47.998,48.462,26342,0
VIGI.US,D,20161116,000000,48.296,48.34,48.185,48.27,56461,0
VIGI.US,D,20161117,000000,48.528,48.611,48.348,48.379,50480,0
VIGI.US,D,20161118,000000,48.251,48.261,48.074,48.107,26113,0
VIGI.US,D,20161121,000000,48.331,48.414,48.173,48.368,47390,0
VIGI.US,D,20161122,000000,48.482,48.482,48.185,48.368,20001,0
VIGI.US,D,20161123,000000,48.074,48.149,47.785,48.1,40757,0
VIGI.US,D,20161125,000000,48.305,48.509,48.305,48.5,8588,0
VIGI.US,D,20161128,000000,48.657,48.657,48.35,48.35,19700,0
VIGI.US,D,20161129,000000,48.547,48.657,48.348,48.591,28164,0
VIGI.US,D,20161130,000000,48.88,48.888,48.52,48.647,40324,0
VIGI.US,D,20161201,000000,48.547,48.547,48.222,48.241,31383,0
VIGI.US,D,20161202,000000,48.241,48.381,48.138,48.298,36312,0
VIGI.US,D,20161205,000000,48.777,48.777,48.406,48.657,59046,0
VIGI.US,D,20161206,000000,48.519,48.629,48.391,48.601,25252,0
VIGI.US,D,20161207,000000,48.591,48.843,48.482,48.814,72349,0
VIGI.US,D,20161208,000000,48.777,48.787,48.509,48.675,56237,0
VIGI.US,D,20161209,000000,48.675,49.073,48.675,48.981,64929,0
VIGI.US,D,20161212,000000,48.99,49.102,48.916,48.99,25335,0
VIGI.US,D,20161213,000000,49.503,49.667,49.342,49.613,37557,0
VIGI.US,D,20161214,000000,49.651,49.651,48.633,48.633,113247,0
VIGI.US,D,20161215,000000,48.666,48.694,48.5,48.647,24888,0
VIGI.US,D,20161216,000000,48.721,48.721,48.434,48.547,43780,0
VIGI.US,D,20161219,000000,48.556,48.703,48.434,48.519,91274,0
VIGI.US,D,20161220,000000,48.591,48.788,48.591,48.749,36356,0
VIGI.US,D,20161221,000000,48.62,48.809,48.62,48.695,36203,0
VIGI.US,D,20161222,000000,48.547,48.712,48.547,48.604,35076,0
VIGI.US,D,20161223,000000,48.443,48.637,48.443,48.601,37379,0
VIGI.US,D,20161227,000000,48.601,48.821,48.601,48.662,73786,0
VIGI.US,D,20161228,000000,48.714,48.828,48.647,48.693,50672,0
VIGI.US,D,20161229,000000,48.861,49.25,48.861,49.207,66724,0
VIGI.US,D,20161230,000000,49.671,49.671,49.123,49.142,52277,0
VIGI.US,D,20170103,000000,49.45,49.45,49.254,49.355,74539,0
VIGI.US,D,20170104,000000,49.748,49.85,49.523,49.841,60670,0
VIGI.US,D,20170105,000000,50.239,50.547,50.234,50.454,81005,0
VIGI.US,D,20170106,000000,50.428,50.428,50.073,50.212,129575,0
VIGI.US,D,20170109,000000,50.305,50.351,50.136,50.315,135210,0
VIGI.US,D,20170110,000000,50.471,50.602,50.341,50.454,86151,0
VIGI.US,D,20170111,000000,50.391,50.632,50.221,50.519,75299,0
VIGI.US,D,20170112,000000,50.538,50.538,50.268,50.481,75474,0
VIGI.US,D,20170113,000000,50.698,50.698,50.428,50.593,73485,0
VIGI.US,D,20170117,000000,50.603,50.78,50.593,50.65,89280,0
VIGI.US,D,20170118,000000,50.698,50.698,50.324,50.324,38747,0
VIGI.US,D,20170119,000000,50.371,50.371,50.146,50.278,29120,0
VIGI.US,D,20170120,000000,50.381,50.401,50.22,50.288,55822,0
VIGI.US,D,20170123,000000,50.305,50.566,50.236,50.538,36344,0
VIGI.US,D,20170124,000000,50.446,50.845,50.446,50.698,89458,0
VIGI.US,D,20170125,000000,51.047,51.21,50.897,51.086,85505,0
VIGI.US,D,20170126,000000,50.864,51.022,50.864,50.883,50603,0
VIGI.US,D,20170127,000000,51.116,51.116,50.88,50.93,60260,0
VIGI.US,D,20170130,000000,50.818,50.818,50.585,50.698,61789,0
VIGI.US,D,20170131,000000,50.575,50.992,50.575,50.984,53799,0
VIGI.US,D,20170201,000000,51.32,51.33,50.872,51.077,95860,0
VIGI.US,D,20170202,000000,51.18,51.216,50.93,51.057,55522,0
VIGI.US,D,20170203,000000,51.273,51.371,51.112,51.328,64796,0
VIGI.US,D,20170206,000000,51.135,51.167,50.967,51.038,86292,0
VIGI.US,D,20170207,000000,51.047,51.047,50.828,50.948,38455,0
VIGI.US,D,20170208,000000,51.116,51.151,50.883,51.086,50524,0
VIGI.US,D,20170209,000000,51.374,51.498,51.273,51.384,56508,0
VIGI.US,D,20170210,000000,51.458,51.628,51.336,51.563,61781,0
VIGI.US,D,20170213,000000,51.755,51.755,51.569,51.709,72426,0
VIGI.US,D,20170214,000000,51.662,51.662,51.292,51.525,64621,0
VIGI.US,D,20170215,000000,51.629,51.933,51.572,51.907,41604,0
VIGI.US,D,20170216,000000,51.962,52.195,51.962,52.111,34900,0
VIGI.US,D,20170217,000000,52.251,52.336,52.111,52.195,37130,0
VIGI.US,D,20170221,000000,52.241,52.365,52.139,52.28,75483,0
VIGI.US,D,20170222,000000,52.299,52.426,52.213,52.372,32893,0
VIGI.US,D,20170223,000000,52.659,52.676,52.426,52.436,95498,0
VIGI.US,D,20170224,000000,52.241,52.28,52.111,52.149,69290,0
VIGI.US,D,20170227,000000,52.129,52.207,52.037,52.093,73489,0
VIGI.US,D,20170228,000000,52.083,52.102,51.803,51.833,47877,0
VIGI.US,D,20170301,000000,52.222,52.447,52.063,52.326,57518,0
VIGI.US,D,20170302,000000,52.231,52.231,52.037,52.047,97511,0
VIGI.US,D,20170303,000000,52.318,52.401,52.065,52.29,46277,0
VIGI.US,D,20170306,000000,52.382,52.455,52.131,52.304,50414,0
VIGI.US,D,20170307,000000,52.308,52.326,52.059,52.149,58010,0
VIGI.US,D,20170308,000000,52.12,52.213,51.803,51.803,52434,0
VIGI.US,D,20170309,000000,51.728,52.017,51.728,51.971,42457,0
VIGI.US,D,20170310,000000,52.464,52.499,52.19,52.455,47289,0
VIGI.US,D,20170313,000000,52.717,52.865,52.659,52.746,77083,0
VIGI.US,D,20170314,000000,52.689,52.689,52.455,52.455,70509,0
VIGI.US,D,20170315,000000,52.717,53.415,52.473,53.312,49956,0
VIGI.US,D,20170316,000000,53.461,53.91,53.461,53.536,164543,0
VIGI.US,D,20170317,000000,53.778,53.814,53.576,53.637,62095,0
VIGI.US,D,20170320,000000,53.871,53.898,53.664,53.768,77833,0
VIGI.US,D,20170321,000000,54.091,54.158,53.275,53.285,70772,0
VIGI.US,D,20170322,000000,53.154,53.575,53.154,53.416,63014,0
VIGI.US,D,20170323,000000,53.519,53.806,53.38,53.435,53783,0
VIGI.US,D,20170324,000000,53.77,53.864,53.611,53.611,56525,0
VIGI.US,D,20170327,000000,53.874,54.022,53.634,53.909,90525,0
VIGI.US,D,20170328,000000,54.095,54.266,53.995,54.104,52185,0
VIGI.US,D,20170329,000000,54.123,54.277,53.855,54.142,91796,0
VIGI.US,D,20170330,000000,54.172,54.219,53.806,53.806,43366,0
VIGI.US,D,20170331,000000,53.9,53.947,53.674,53.722,97095,0
VIGI.US,D,20170403,000000,53.939,53.985,53.536,53.742,76539,0
VIGI.US,D,20170404,000000,53.864,54.142,53.742,54.142,188253,0
VIGI.US,D,20170405,000000,54.23,54.308,53.806,53.806,103620,0
VIGI.US,D,20170406,000000,54.031,54.031,53.787,53.846,77996,0
VIGI.US,D,20170407,000000,53.881,54.04,53.806,53.919,117225,0
VIGI.US,D,20170410,000000,54.386,54.386,53.9,54.004,89523,0
VIGI.US,D,20170411,000000,54.724,54.724,53.871,54.22,61826,0
VIGI.US,D,20170412,000000,54.405,54.546,54.187,54.546,48109,0
VIGI.US,D,20170413,000000,54.778,54.778,54.132,54.192,48384,0
VIGI.US,D,20170417,000000,54.405,54.612,54.405,54.612,63307,0
VIGI.US,D,20170418,000000,54.23,54.323,54.014,54.323,59481,0
VIGI.US,D,20170419,000000,54.366,54.366,53.855,53.947,45821,0
VIGI.US,D,20170420,000000,54.277,54.565,54.243,54.423,80077,0
VIGI.US,D,20170421,000000,54.331,54.36,54.07,54.305,72951,0
VIGI.US,D,20170424,000000,55.641,55.641,55.043,55.267,78446,0
VIGI.US,D,20170425,000000,55.564,55.632,55.342,55.409,87823,0
VIGI.US,D,20170426,000000,55.435,55.501,55.217,55.321,116893,0
VIGI.US,D,20170427,000000,55.409,55.613,55.303,55.584,67907,0
VIGI.US,D,20170428,000000,55.409,55.59,55.339,55.452,131522,0
VIGI.US,D,20170501,000000,56.407,56.407,55.426,55.623,118275,0
VIGI.US,D,20170502,000000,55.911,56.108,55.677,56.083,90491,0
VIGI.US,D,20170503,000000,55.893,56.099,55.795,55.996,66420,0
VIGI.US,D,20170504,000000,55.921,56.191,55.755,56.054,84086,0
VIGI.US,D,20170505,000000,56.125,56.677,55.931,56.677,69742,0
VIGI.US,D,20170508,000000,56.5,56.5,56.125,56.378,147543,0
VIGI.US,D,20170509,000000,56.473,56.481,56.236,56.424,74869,0
VIGI.US,D,20170510,000000,56.424,56.594,56.351,56.584,84018,0
VIGI.US,D,20170511,000000,56.341,56.553,56.223,56.538,70608,0
VIGI.US,D,20170512,000000,56.716,56.941,56.619,56.883,99823,0
VIGI.US,D,20170515,000000,57.268,57.268,57.06,57.202,174253,0
VIGI.US,D,20170516,000000,57.705,57.705,57.466,57.584,133493,0
VIGI.US,D,20170517,000000,57.322,57.499,56.892,57.014,101567,0
VIGI.US,D,20170518,000000,56.658,57.095,56.528,57.062,131629,0
VIGI.US,D,20170519,000000,57.322,57.679,57.322,57.679,67468,0
VIGI.US,D,20170522,000000,58.044,58.044,57.735,57.929,118348,0
VIGI.US,D,20170523,000000,58.156,58.156,57.703,57.773,114423,0
VIGI.US,D,20170524,000000,57.977,57.977,57.594,57.874,140846,0
VIGI.US,D,20170525,000000,58.156,58.24,57.959,58.09,72574,0
VIGI.US,D,20170526,000000,57.902,58.054,57.828,58.054,113533,0
VIGI.US,D,20170530,000000,57.874,58.076,57.846,57.902,77541,0
VIGI.US,D,20170531,000000,58.314,58.314,57.902,58.073,60552,0
VIGI.US,D,20170601,000000,58.295,58.566,58.207,58.566,88661,0
VIGI.US,D,20170602,000000,58.65,58.837,58.517,58.837,66239,0
VIGI.US,D,20170605,000000,58.921,58.921,58.486,58.632,171695,0
VIGI.US,D,20170606,000000,58.556,58.67,58.323,58.547,199328,0
VIGI.US,D,20170607,000000,58.456,58.52,58.069,58.24,53860,0
VIGI.US,D,20170608,000000,58.147,58.2,57.792,58.073,216715,0
VIGI.US,D,20170609,000000,57.764,58.062,57.581,57.686,45837,0
VIGI.US,D,20170612,000000,57.642,57.782,57.341,57.623,97000,0
VIGI.US,D,20170613,000000,57.856,58.099,57.856,58.09,62727,0
VIGI.US,D,20170614,000000,58.249,58.591,57.92,58.128,119974,0
VIGI.US,D,20170615,000000,57.92,57.92,57.28,57.669,72329,0
VIGI.US,D,20170616,000000,57.939,58.194,57.809,58.147,71879,0
VIGI.US,D,20170619,000000,58.734,58.734,58.343,58.476,84041,0
VIGI.US,D,20170620,000000,58.436,58.436,57.968,58.054,55173,0
VIGI.US,D,20170621,000000,57.977,58.106,57.893,58.081,104401,0
VIGI.US,D,20170622,000000,58.118,58.466,58.118,58.436,56906,0
VIGI.US,D,20170623,000000,58.267,58.623,58.165,58.538,98339,0
VIGI.US,D,20170626,000000,58.912,59.019,58.67,58.67,71922,0
VIGI.US,D,20170627,000000,58.79,58.79,58.486,58.547,100862,0
VIGI.US,D,20170628,000000,58.633,58.934,58.494,58.84,212066,0
VIGI.US,D,20170629,000000,58.455,58.905,57.718,57.992,124072,0
VIGI.US,D,20170630,000000,58.095,58.274,57.85,58.153,74649,0
VIGI.US,D,20170703,000000,58.445,58.445,57.776,58.143,114100,0
VIGI.US,D,20170705,000000,58.475,58.475,57.312,57.718,177197,0
VIGI.US,D,20170706,000000,57.681,57.681,57.2,57.399,116522,0
VIGI.US,D,20170707,000000,57.218,57.491,57.115,57.435,118633,0
VIGI.US,D,20170710,000000,57.615,57.662,57.491,57.615,52200,0
VIGI.US,D,20170711,000000,57.481,57.757,57.37,57.698,72238,0
VIGI.US,D,20170712,000000,58.312,58.538,58.229,58.494,82095,0
VIGI.US,D,20170713,000000,58.445,58.651,58.417,58.566,87766,0
VIGI.US,D,20170714,000000,59.198,59.198,58.82,59.057,90201,0
VIGI.US,D,20170717,000000,59.641,59.641,58.83,58.954,82507,0
VIGI.US,D,20170718,000000,58.915,59.028,58.736,58.924,76607,0
VIGI.US,D,20170719,000000,59.151,59.501,59.151,59.388,112259,0
VIGI.US,D,20170720,000000,59.451,59.63,59.368,59.556,59205,0
VIGI.US,D,20170721,000000,59.471,59.651,59.244,59.442,135349,0
VIGI.US,D,20170724,000000,59.565,59.565,59.176,59.378,92785,0
VIGI.US,D,20170725,000000,59.603,59.723,59.339,59.425,80069,0
VIGI.US,D,20170726,000000,59.388,59.801,59.244,59.679,178063,0
VIGI.US,D,20170727,000000,59.755,59.913,59.151,59.378,85932,0
VIGI.US,D,20170728,000000,59.254,59.51,59.224,59.471,86428,0
VIGI.US,D,20170731,000000,59.66,59.859,59.481,59.54,93241,0
VIGI.US,D,20170801,000000,59.942,60.158,59.764,59.859,220800,0
VIGI.US,D,20170802,000000,59.914,60.085,59.67,59.831,128059,0
VIGI.US,D,20170803,000000,59.594,59.984,59.521,59.67,114075,0
VIGI.US,D,20170804,000000,59.641,59.801,59.416,59.594,86286,0
VIGI.US,D,20170807,000000,59.651,59.755,59.54,59.67,78649,0
VIGI.US,D,20170808,000000,59.622,59.859,59.416,59.481,120250,0
VIGI.US,D,20170809,000000,59.33,59.54,59.244,59.442,106521,0
VIGI.US,D,20170810,000000,59.254,59.433,58.633,58.764,104240,0
VIGI.US,D,20170811,000000,58.624,58.877,58.485,58.633,158873,0
VIGI.US,D,20170814,000000,59.057,59.289,59.047,59.095,62824,0
VIGI.US,D,20170815,000000,59.612,59.612,58.727,58.981,156755,0
VIGI.US,D,20170816,000000,59.214,59.603,59.131,59.548,214742,0
VIGI.US,D,20170817,000000,59.398,59.52,58.83,58.964,102152,0
VIGI.US,D,20170818,000000,58.915,59.082,58.801,58.973,89480,0
VIGI.US,D,20170821,000000,58.99,59.155,58.886,59.067,105757,0
VIGI.US,D,20170822,000000,59.234,59.53,59.234,59.398,61483,0
VIGI.US,D,20170823,000000,59.284,59.706,59.284,59.622,43202,0
VIGI.US,D,20170824,000000,59.612,59.706,59.453,59.54,84428,0
VIGI.US,D,20170825,000000,59.66,59.868,59.54,59.84,100851,0
VIGI.US,D,20170828,000000,59.811,59.811,59.622,59.706,72505,0
VIGI.US,D,20170829,000000,59.388,59.64,59.388,59.632,89453,0
VIGI.US,D,20170830,000000,59.407,59.612,59.302,59.491,53508,0
VIGI.US,D,20170831,000000,59.706,60.056,59.655,60.007,93573,0
VIGI.US,D,20170901,000000,60.207,60.36,59.99,60.076,111180,0
VIGI.US,D,20170905,000000,59.962,59.962,59.32,59.556,80492,0
VIGI.US,D,20170906,000000,59.706,60.085,59.706,60.046,46891,0
VIGI.US,D,20170907,000000,60.273,60.51,60.142,60.368,61239,0
VIGI.US,D,20170908,000000,60.472,60.737,60.292,60.31,49484,0
VIGI.US,D,20170911,000000,60.746,60.875,60.658,60.802,56252,0
VIGI.US,D,20170912,000000,61.141,61.141,60.722,60.839,92314,0
VIGI.US,D,20170913,000000,60.668,60.905,60.413,60.502,64128,0
VIGI.US,D,20170914,000000,60.422,60.616,60.328,60.575,61838,0
VIGI.US,D,20170915,000000,60.603,60.631,60.502,60.621,43987,0
VIGI.US,D,20170918,000000,60.886,61.121,60.616,60.765,86908,0
VIGI.US,D,20170919,000000,60.831,60.938,60.658,60.849,79592,0
VIGI.US,D,20170920,000000,60.914,61.111,60.338,60.658,81480,0
VIGI.US,D,20170921,000000,60.943,60.943,60.432,60.621,97534,0
VIGI.US,D,20170922,000000,60.677,61.01,60.482,60.585,61104,0
VIGI.US,D,20170925,000000,60.462,60.603,60.178,60.309,59344,0
VIGI.US,D,20170926,000000,60.196,60.416,59.921,60.187,134812,0
VIGI.US,D,20170927,000000,59.876,59.976,59.714,59.79,69164,0
VIGI.US,D,20170928,000000,59.799,60.065,59.772,60.006,86384,0
VIGI.US,D,20170929,000000,60.093,60.413,59.987,60.367,78352,0
VIGI.US,D,20171002,000000,60.492,60.517,60.301,60.357,74126,0
VIGI.US,D,20171003,000000,60.547,60.692,60.385,60.648,47774,0
VIGI.US,D,20171004,000000,60.687,60.84,60.642,60.697,61303,0
VIGI.US,D,20171005,000000,60.658,60.788,60.631,60.687,97257,0
VIGI.US,D,20171006,000000,60.462,60.568,60.272,60.492,71379,0
VIGI.US,D,20171009,000000,60.612,60.696,60.462,60.529,58195,0
VIGI.US,D,20171010,000000,60.981,60.981,60.747,60.925,55098,0
VIGI.US,D,20171011,000000,61.065,61.151,60.958,61.132,92008,0
VIGI.US,D,20171012,000000,61.122,61.208,61.029,61.112,60599,0
VIGI.US,D,20171013,000000,61.407,61.734,61.407,61.566,67323,0
VIGI.US,D,20171016,000000,61.604,61.877,61.443,61.443,57774,0
VIGI.US,D,20171017,000000,61.255,61.46,61.203,61.416,58891,0
VIGI.US,D,20171018,000000,61.47,61.531,61.318,61.49,74980,0
VIGI.US,D,20171019,000000,61.216,61.367,61.126,61.293,75682,0
VIGI.US,D,20171020,000000,61.122,61.265,60.925,61,69684,0
VIGI.US,D,20171023,000000,61.537,61.537,60.648,60.668,98466,0
VIGI.US,D,20171024,000000,60.755,60.839,60.605,60.677,162021,0
VIGI.US,D,20171025,000000,60.585,60.658,59.997,60.196,84562,0
VIGI.US,D,20171026,000000,60.452,60.452,60.141,60.169,69959,0
VIGI.US,D,20171027,000000,60.309,60.631,60.169,60.631,67031,0
VIGI.US,D,20171030,000000,60.462,60.664,60.462,60.557,60182,0
VIGI.US,D,20171031,000000,60.755,60.99,60.612,60.831,96992,0
VIGI.US,D,20171101,000000,61.18,61.225,60.906,60.973,59480,0
VIGI.US,D,20171102,000000,61.122,61.122,60.84,61.018,79294,0
VIGI.US,D,20171103,000000,61.018,61.128,60.84,61.055,64358,0
VIGI.US,D,20171106,000000,61.303,61.541,61.152,61.5,50204,0
VIGI.US,D,20171107,000000,61.407,61.497,61.226,61.265,62678,0
VIGI.US,D,20171108,000000,61.367,61.5,61.347,61.49,61841,0
VIGI.US,D,20171109,000000,61.028,61.274,60.85,61.274,144331,0
VIGI.US,D,20171110,000000,61.094,61.094,60.868,61.01,96820,0
VIGI.US,D,20171113,000000,60.687,60.96,60.569,60.793,168587,0
VIGI.US,D,20171114,000000,60.737,60.877,60.621,60.859,42742,0
VIGI.US,D,20171115,000000,60.737,60.802,60.54,60.737,89513,0
VIGI.US,D,20171116,000000,61.065,61.387,61.025,61.377,62294,0
VIGI.US,D,20171117,000000,61.347,61.584,61.321,61.547,37077,0
VIGI.US,D,20171120,000000,61.916,62.031,61.877,61.964,95659,0
VIGI.US,D,20171121,000000,62.406,62.498,62.311,62.493,73668,0
VIGI.US,D,20171122,000000,62.493,62.604,62.192,62.493,100954,0
VIGI.US,D,20171124,000000,62.719,62.774,62.635,62.774,22543,0
VIGI.US,D,20171127,000000,62.738,62.738,62.325,62.397,75835,0
VIGI.US,D,20171128,000000,62.774,62.823,62.546,62.813,62419,0
VIGI.US,D,20171129,000000,62.606,62.644,62.077,62.077,80929,0
VIGI.US,D,20171130,000000,62.774,62.774,62.084,62.19,86829,0
VIGI.US,D,20171201,000000,62.011,62.17,61.689,61.982,76379,0
VIGI.US,D,20171204,000000,62.719,62.719,61.699,61.728,101929,0
VIGI.US,D,20171205,000000,61.737,61.985,61.546,61.547,124909,0
VIGI.US,D,20171206,000000,61.49,61.587,61.311,61.48,85979,0
VIGI.US,D,20171207,000000,61.48,61.83,61.48,61.689,235877,0
VIGI.US,D,20171208,000000,61.858,62.239,61.782,62.067,123612,0
VIGI.US,D,20171211,000000,62.239,62.303,62.114,62.256,91307,0
VIGI.US,D,20171212,000000,61.974,62.129,61.82,62.086,97824,0
VIGI.US,D,20171213,000000,62.18,62.535,62.086,62.388,89039,0
VIGI.US,D,20171214,000000,62.114,62.33,61.877,62.123,96102,0
VIGI.US,D,20171215,000000,62.397,62.397,61.689,61.784,98239,0
VIGI.US,D,20171218,000000,62.303,62.609,62.152,62.36,81942,0
VIGI.US,D,20171219,000000,62.151,62.425,61.933,62.02,85425,0
VIGI.US,D,20171220,000000,62.208,62.208,61.884,61.884,67979,0
VIGI.US,D,20171221,000000,62.151,62.563,62.049,62.364,128797,0
VIGI.US,D,20171222,000000,62.416,62.547,62.293,62.547,90675,0
VIGI.US,D,20171226,000000,62.425,62.682,62.399,62.597,96434,0
VIGI.US,D,20171227,000000,62.645,62.776,62.597,62.682,89715,0
VIGI.US,D,20171228,000000,63.002,63.002,62.825,62.873,96782,0
VIGI.US,D,20171229,000000,63.224,63.273,62.883,62.883,157202,0
VIGI.US,D,20180102,000000,63.299,63.508,63.153,63.498,139131,0
VIGI.US,D,20180103,000000,63.651,63.865,63.576,63.802,226476,0
VIGI.US,D,20180104,000000,64.076,64.227,63.926,64.133,207263,0
VIGI.US,D,20180105,000000,64.475,64.598,64.307,64.588,279136,0
VIGI.US,D,20180108,000000,64.426,64.485,64.305,64.485,150726,0
VIGI.US,D,20180109,000000,64.485,64.495,64.257,64.426,133499,0
VIGI.US,D,20180110,000000,64.257,64.257,63.865,63.972,137925,0
VIGI.US,D,20180111,000000,63.792,64.028,63.782,64.028,163395,0
VIGI.US,D,20180112,000000,64.028,64.53,64.028,64.53,174679,0
VIGI.US,D,20180116,000000,64.752,64.834,64.435,64.504,163831,0
VIGI.US,D,20180117,000000,64.844,65.176,64.695,64.929,113147,0
VIGI.US,D,20180118,000000,64.732,64.872,64.588,64.769,193210,0
VIGI.US,D,20180119,000000,65.205,65.237,65.01,65.205,97430,0
VIGI.US,D,20180122,000000,65.32,65.54,65.241,65.531,146585,0
VIGI.US,D,20180123,000000,65.745,65.945,65.588,65.907,122105,0
VIGI.US,D,20180124,000000,66.343,66.467,65.927,66.201,143416,0
VIGI.US,D,20180125,000000,66.437,66.446,65.861,65.965,162736,0
VIGI.US,D,20180126,000000,66.477,66.762,66.401,66.762,116349,0
VIGI.US,D,20180129,000000,66.314,66.314,65.976,66.059,189037,0
VIGI.US,D,20180130,000000,65.754,65.774,65.387,65.441,109893,0
VIGI.US,D,20180131,000000,65.708,65.815,65.103,65.339,181138,0
VIGI.US,D,20180201,000000,65.045,65.25,64.921,65.045,105633,0
VIGI.US,D,20180202,000000,64.475,64.495,63.669,63.762,162457,0
VIGI.US,D,20180205,000000,63.071,63.211,61.25,61.456,321801,0
VIGI.US,D,20180206,000000,60.69,62.513,60.464,62.34,230620,0
VIGI.US,D,20180207,000000,61.677,62.103,61.393,61.476,207217,0
VIGI.US,D,20180208,000000,61.431,61.431,59.808,59.808,238286,0
VIGI.US,D,20180209,000000,60.405,60.596,58.946,60.369,176532,0
VIGI.US,D,20180212,000000,60.844,61.421,60.624,61.25,153716,0
VIGI.US,D,20180213,000000,60.967,61.27,60.845,61.137,86863,0
VIGI.US,D,20180214,000000,61.05,62.256,60.891,62.256,78061,0
VIGI.US,D,20180215,000000,62.645,62.91,62.36,62.795,53555,0
VIGI.US,D,20180216,000000,62.785,63.309,62.721,63.022,66959,0
VIGI.US,D,20180220,000000,62.321,62.405,61.923,62.066,83982,0
VIGI.US,D,20180221,000000,62.397,62.915,61.914,61.914,66702,0
VIGI.US,D,20180222,000000,62.284,62.62,62.146,62.276,55764,0
VIGI.US,D,20180223,000000,62.529,62.949,62.482,62.949,57397,0
VIGI.US,D,20180226,000000,62.893,63.386,62.865,63.309,73294,0
VIGI.US,D,20180227,000000,62.815,62.835,62.122,62.122,57256,0
VIGI.US,D,20180228,000000,62.169,62.184,61.327,61.327,157820,0
VIGI.US,D,20180301,000000,61.212,61.542,60.512,60.806,123236,0
VIGI.US,D,20180302,000000,60.559,61.299,60.484,61.107,50857,0
VIGI.US,D,20180305,000000,60.891,61.772,60.891,61.772,54666,0
VIGI.US,D,20180306,000000,62.169,62.169,61.753,61.856,69662,0
VIGI.US,D,20180307,000000,61.667,61.981,61.448,61.904,67142,0
VIGI.US,D,20180308,000000,61.933,62.156,61.865,62.131,46156,0
VIGI.US,D,20180309,000000,62.406,62.749,62.249,62.7,44977,0
VIGI.US,D,20180312,000000,62.7,62.915,62.607,62.873,82173,0
VIGI.US,D,20180313,000000,63.012,63.052,62.266,62.388,76971,0
VIGI.US,D,20180314,000000,62.73,62.853,62.284,62.48,97205,0
VIGI.US,D,20180315,000000,62.529,62.698,62.196,62.34,104391,0
VIGI.US,D,20180316,000000,62.455,62.455,62.02,62.04,42712,0
VIGI.US,D,20180319,000000,61.904,61.904,61.373,61.601,92443,0
VIGI.US,D,20180320,000000,61.431,61.938,61.431,61.753,40802,0
VIGI.US,D,20180321,000000,61.667,62.085,61.667,61.914,45766,0
VIGI.US,D,20180322,000000,61.221,61.299,60.559,60.559,83384,0
VIGI.US,D,20180323,000000,60.634,60.881,59.857,59.857,95530,0
VIGI.US,D,20180326,000000,60.664,61.215,60.323,61.102,49811,0
VIGI.US,D,20180327,000000,61.093,61.54,60.476,60.542,54570,0
VIGI.US,D,20180328,000000,60.752,61.224,60.571,60.874,64802,0
VIGI.US,D,20180329,000000,61.017,61.569,60.924,61.284,57377,0
VIGI.US,D,20180402,000000,61.008,61.274,60.104,60.312,64034,0
VIGI.US,D,20180403,000000,60.961,61.064,60.598,61.064,37202,0
VIGI.US,D,20180404,000000,60.189,61.368,60.189,61.284,56436,0
VIGI.US,D,20180405,000000,61.702,61.981,61.684,61.881,38836,0
VIGI.US,D,20180406,000000,61.645,62.055,61.226,61.451,56402,0
VIGI.US,D,20180409,000000,62.017,62.291,61.683,61.881,41702,0
VIGI.US,D,20180410,000000,62.444,62.596,62.206,62.395,44751,0
VIGI.US,D,20180411,000000,62.226,62.476,62.144,62.226,58769,0
VIGI.US,D,20180412,000000,62.386,62.643,62.313,62.566,40281,0
VIGI.US,D,20180413,000000,62.474,62.652,62.139,62.301,37805,0
VIGI.US,D,20180416,000000,62.415,62.537,62.309,62.454,37251,0
VIGI.US,D,20180417,000000,62.691,63.042,62.532,62.795,35328,0
VIGI.US,D,20180418,000000,62.959,63.119,62.861,63.043,93022,0
VIGI.US,D,20180419,000000,62.91,62.99,62.406,62.529,53822,0
VIGI.US,D,20180420,000000,62.395,62.395,62.112,62.264,37014,0
VIGI.US,D,20180423,000000,62.301,62.301,61.702,61.768,56480,0
VIGI.US,D,20180424,000000,62.216,62.264,61.481,61.673,46853,0
VIGI.US,D,20180425,000000,61.55,61.64,61.274,61.54,71411,0
VIGI.US,D,20180426,000000,61.901,62.167,61.878,62.149,31395,0
VIGI.US,D,20180427,000000,62.386,62.464,62.158,62.328,30527,0
VIGI.US,D,20180430,000000,62.556,62.563,62.207,62.264,47421,0
VIGI.US,D,20180501,000000,62.196,62.196,61.626,62.055,34684,0
VIGI.US,D,20180502,000000,62.139,62.434,61.866,61.96,35754,0
VIGI.US,D,20180503,000000,62.007,62.046,61.368,61.872,69159,0
VIGI.US,D,20180504,000000,61.75,62.405,61.663,62.291,53928,0
VIGI.US,D,20180507,000000,62.348,62.513,62.216,62.216,81038,0
VIGI.US,D,20180508,000000,62.236,62.503,62.226,62.437,49653,0
VIGI.US,D,20180509,000000,62.644,62.893,62.561,62.845,121658,0
VIGI.US,D,20180510,000000,63.188,63.376,62.985,63.32,37956,0
VIGI.US,D,20180511,000000,63.568,63.654,63.264,63.462,33964,0
VIGI.US,D,20180514,000000,63.625,63.751,63.557,63.587,36669,0
VIGI.US,D,20180515,000000,63.082,63.082,62.691,62.939,162888,0
VIGI.US,D,20180516,000000,63.072,63.533,63.072,63.49,92242,0
VIGI.US,D,20180517,000000,63.31,63.51,63.169,63.292,98611,0
VIGI.US,D,20180518,000000,63.159,63.274,63.061,63.153,39558,0
VIGI.US,D,20180521,000000,63.31,63.548,63.31,63.51,37226,0
VIGI.US,D,20180522,000000,63.681,63.733,63.33,63.416,76999,0
VIGI.US,D,20180523,000000,62.74,63.082,62.52,62.986,48389,0
VIGI.US,D,20180524,000000,63.053,63.216,62.777,63.043,69975,0
VIGI.US,D,20180525,000000,63.072,63.178,62.959,63.119,39744,0
VIGI.US,D,20180529,000000,62.606,62.606,61.854,62.12,77736,0
VIGI.US,D,20180530,000000,62.358,63.053,62.358,62.903,35152,0
VIGI.US,D,20180531,000000,62.865,62.941,62.513,62.845,27533,0
VIGI.US,D,20180601,000000,63.179,63.32,62.975,63.188,44507,0
VIGI.US,D,20180604,000000,63.425,63.625,63.396,63.406,37728,0
VIGI.US,D,20180605,000000,63.625,63.737,63.365,63.48,49542,0
VIGI.US,D,20180606,000000,63.765,64.08,63.625,64.08,68913,0
VIGI.US,D,20180607,000000,63.815,63.829,63.292,63.328,55618,0
VIGI.US,D,20180608,000000,63.32,63.654,63.217,63.587,30912,0
VIGI.US,D,20180611,000000,63.558,63.9,63.51,63.765,31034,0
VIGI.US,D,20180612,000000,63.9,63.91,63.548,63.672,34713,0
VIGI.US,D,20180613,000000,64.212,64.212,63.681,63.863,47309,0
VIGI.US,D,20180614,000000,63.718,63.862,63.462,63.558,37633,0
VIGI.US,D,20180615,000000,63.48,63.51,63.082,63.32,54416,0
VIGI.US,D,20180618,000000,62.681,62.815,62.343,62.74,50861,0
VIGI.US,D,20180619,000000,61.702,62.21,61.607,62.007,112219,0
VIGI.US,D,20180620,000000,62.358,62.606,62.206,62.226,73285,0
VIGI.US,D,20180621,000000,62.139,62.225,61.978,61.997,49103,0
VIGI.US,D,20180622,000000,62.865,62.865,62.534,62.672,33170,0
VIGI.US,D,20180625,000000,62.264,62.264,61.655,61.758,67168,0
VIGI.US,D,20180626,000000,61.92,61.978,61.654,61.806,51822,0
VIGI.US,D,20180627,000000,61.872,62.073,61.141,61.141,49370,0
VIGI.US,D,20180628,000000,61.189,61.41,60.982,61.36,44361,0
VIGI.US,D,20180629,000000,61.947,62.359,61.947,62.148,46510,0
VIGI.US,D,20180702,000000,61.37,61.611,61.129,61.504,98680,0
VIGI.US,D,20180703,000000,62.119,62.138,61.726,61.726,38891,0
VIGI.US,D,20180705,000000,62.329,62.349,61.852,62.115,43656,0
VIGI.US,D,20180706,000000,62.138,62.629,62.119,62.569,46770,0
VIGI.US,D,20180709,000000,63.099,63.099,62.781,63.069,38799,0
VIGI.US,D,20180710,000000,62.965,63.109,62.89,63.099,44186,0
VIGI.US,D,20180711,000000,62.54,62.839,62.269,62.32,28677,0
VIGI.US,D,20180712,000000,62.907,63.206,62.877,63.069,113646,0
VIGI.US,D,20180713,000000,63.01,63.243,63.01,63.147,32876,0
VIGI.US,D,20180716,000000,63.147,63.251,63.099,63.224,33610,0
VIGI.US,D,20180717,000000,63.147,63.337,63.069,63.32,39140,0
VIGI.US,D,20180718,000000,63.243,63.472,63.167,63.356,44338,0
VIGI.US,D,20180719,000000,62.695,63.162,62.695,63.03,34170,0
VIGI.US,D,20180720,000000,63.253,63.579,63.253,63.579,85696,0
VIGI.US,D,20180723,000000,63.31,63.579,63.167,63.196,25830,0
VIGI.US,D,20180724,000000,63.501,63.759,63.445,63.455,45682,0
VIGI.US,D,20180725,000000,63.481,64.23,63.445,63.952,44571,0
VIGI.US,D,20180726,000000,63.886,64.042,63.749,63.858,59088,0
VIGI.US,D,20180727,000000,64.048,64.057,63.647,63.809,37340,0
VIGI.US,D,20180730,000000,64.096,64.259,63.627,63.627,29712,0
VIGI.US,D,20180731,000000,63.809,63.915,63.703,63.725,37275,0
VIGI.US,D,20180801,000000,63.675,63.883,63.376,63.597,38743,0
VIGI.US,D,20180802,000000,62.771,63.137,62.656,63.117,29607,0
VIGI.US,D,20180803,000000,63.127,63.366,63.127,63.31,39490,0
VIGI.US,D,20180806,000000,62.945,63.298,62.945,63.089,44330,0
VIGI.US,D,20180807,000000,63.491,63.684,63.281,63.56,35561,0
VIGI.US,D,20180808,000000,63.435,63.675,63.243,63.617,34211,0
VIGI.US,D,20180809,000000,63.597,63.597,63.337,63.337,41754,0
VIGI.US,D,20180810,000000,62.396,62.485,62.138,62.211,65702,0
VIGI.US,D,20180813,000000,62.071,62.071,61.621,61.841,46760,0
VIGI.US,D,20180814,000000,61.878,62.136,61.85,61.898,36932,0
VIGI.US,D,20180815,000000,61.083,61.16,60.5,60.882,45472,0
VIGI.US,D,20180816,000000,61.121,61.35,60.959,61.16,47420,0
VIGI.US,D,20180817,000000,60.988,61.842,60.988,61.784,180552,0
VIGI.US,D,20180820,000000,61.878,62.178,61.878,62.025,45643,0
VIGI.US,D,20180821,000000,62.349,62.739,62.192,62.579,81010,0
VIGI.US,D,20180822,000000,62.753,62.86,62.648,62.86,47460,0
VIGI.US,D,20180823,000000,62.734,62.837,62.378,62.396,42632,0
VIGI.US,D,20180824,000000,62.589,63.253,62.589,63.1,42336,0
VIGI.US,D,20180827,000000,63.234,63.961,63.234,63.848,91782,0
VIGI.US,D,20180828,000000,63.991,63.991,63.647,63.661,96834,0
VIGI.US,D,20180829,000000,63.702,63.991,63.702,63.961,39599,0
VIGI.US,D,20180830,000000,63.711,63.711,63.147,63.273,75988,0
VIGI.US,D,20180831,000000,62.744,63.137,62.629,62.85,40749,0
VIGI.US,D,20180904,000000,62.025,62.053,61.807,61.957,51823,0
VIGI.US,D,20180905,000000,61.504,61.668,61.063,61.35,54971,0
VIGI.US,D,20180906,000000,61.141,61.295,60.739,61.017,47325,0
VIGI.US,D,20180907,000000,60.679,60.964,60.518,60.669,37903,0
VIGI.US,D,20180910,000000,60.844,61.015,60.669,60.739,57839,0
VIGI.US,D,20180911,000000,60.46,60.757,60.242,60.679,97771,0
VIGI.US,D,20180912,000000,60.679,61.295,60.679,61.131,59368,0
VIGI.US,D,20180913,000000,61.474,61.873,61.474,61.668,43933,0
VIGI.US,D,20180914,000000,61.812,61.932,61.494,61.504,73171,0
VIGI.US,D,20180917,000000,61.419,61.568,61.342,61.38,61009,0
VIGI.US,D,20180918,000000,61.611,61.898,61.524,61.774,36634,0
VIGI.US,D,20180919,000000,61.63,61.878,61.606,61.802,65627,0
VIGI.US,D,20180920,000000,62.274,62.647,62.254,62.54,36798,0
VIGI.US,D,20180921,000000,62.416,62.568,62.356,62.426,24600,0
VIGI.US,D,20180924,000000,61.976,62.378,61.957,61.957,36890,0
VIGI.US,D,20180925,000000,62.291,62.339,62.069,62.32,36542,0
VIGI.US,D,20180926,000000,62.138,62.725,62.138,62.329,36287,0
VIGI.US,D,20180927,000000,62.264,62.691,62.158,62.323,39271,0
VIGI.US,D,20180928,000000,61.946,62.148,61.773,61.984,51403,0
VIGI.US,D,20181001,000000,62.264,62.282,62.07,62.148,42742,0
VIGI.US,D,20181002,000000,61.579,61.676,61.512,61.589,55987,0
VIGI.US,D,20181003,000000,61.522,61.562,61.167,61.273,63555,0
VIGI.US,D,20181004,000000,60.675,60.675,59.827,60.118,64612,0
VIGI.US,D,20181005,000000,59.82,60.05,59.309,59.647,62226,0
VIGI.US,D,20181008,000000,59.079,59.453,59.059,59.427,104596,0
VIGI.US,D,20181009,000000,58.896,59.387,58.714,59.216,171462,0
VIGI.US,D,20181010,000000,58.751,58.779,57.434,57.462,185627,0
VIGI.US,D,20181011,000000,57.443,57.916,56.78,57.203,313477,0
VIGI.US,D,20181012,000000,57.762,57.952,57.172,57.819,80689,0
VIGI.US,D,20181015,000000,57.54,57.838,57.376,57.51,113970,0
VIGI.US,D,20181016,000000,58.3,58.823,58.256,58.756,70317,0
VIGI.US,D,20181017,000000,58.204,58.339,57.771,58.013,52218,0
VIGI.US,D,20181018,000000,57.567,57.664,56.597,56.885,61330,0
VIGI.US,D,20181019,000000,57.396,57.582,57.156,57.291,53991,0
VIGI.US,D,20181022,000000,57.627,57.627,57.02,57.156,39207,0
VIGI.US,D,20181023,000000,56.116,56.865,55.88,56.683,106521,0
VIGI.US,D,20181024,000000,56.481,56.693,55.155,55.173,68601,0
VIGI.US,D,20181025,000000,55.692,56.347,55.585,56.191,55809,0
VIGI.US,D,20181026,000000,55.337,56.012,54.955,55.617,108411,0
VIGI.US,D,20181029,000000,55.847,56.036,54.606,55.125,88155,0
VIGI.US,D,20181030,000000,55.125,55.894,55.125,55.702,590317,0
VIGI.US,D,20181031,000000,56.356,56.683,56.323,56.433,182714,0
VIGI.US,D,20181101,000000,56.894,57.291,56.614,57.291,127404,0
VIGI.US,D,20181102,000000,57.712,58.131,57.097,57.587,70324,0
VIGI.US,D,20181105,000000,57.3,57.617,57.273,57.366,108597,0
VIGI.US,D,20181106,000000,57.452,57.647,57.407,57.637,79393,0
VIGI.US,D,20181107,000000,58.377,58.646,58.155,58.568,121081,0
VIGI.US,D,20181108,000000,58.262,58.281,57.577,57.7,65359,0
VIGI.US,D,20181109,000000,57.434,57.452,56.916,57.317,123229,0
VIGI.US,D,20181112,000000,56.732,57.001,56.173,56.239,203005,0
VIGI.US,D,20181113,000000,56.463,57.127,56.433,56.683,96844,0
VIGI.US,D,20181114,000000,57.117,57.376,56.736,57.021,114998,0
VIGI.US,D,20181115,000000,56.962,57.627,56.693,57.326,124803,0
VIGI.US,D,20181116,000000,57.203,57.702,56.991,57.642,88776,0
VIGI.US,D,20181119,000000,57.5,57.656,56.996,57.193,104594,0
VIGI.US,D,20181120,000000,56.375,56.597,56.048,56.183,103278,0
VIGI.US,D,20181121,000000,56.643,57.097,56.567,56.885,107835,0
VIGI.US,D,20181123,000000,56.567,56.86,56.46,56.828,31610,0
VIGI.US,D,20181126,000000,57.336,57.471,57.049,57.386,66584,0
VIGI.US,D,20181127,000000,57.107,57.356,57.019,57.356,89320,0
VIGI.US,D,20181128,000000,57.558,58.502,57.337,58.485,85502,0
VIGI.US,D,20181129,000000,58.214,58.536,57.993,58.271,90150,0
VIGI.US,D,20181130,000000,58.07,58.07,57.732,58.06,72923,0
VIGI.US,D,20181203,000000,58.808,58.891,58.428,58.714,114831,0
VIGI.US,D,20181204,000000,58.686,58.761,57.396,57.54,92034,0
VIGI.US,D,20181206,000000,56.703,57.156,56.045,57.088,188176,0
VIGI.US,D,20181207,000000,57.029,57.327,56.248,56.418,181447,0
VIGI.US,D,20181210,000000,55.895,56.098,55.115,55.789,180873,0
VIGI.US,D,20181211,000000,56.5,56.639,55.762,56.125,138052,0
VIGI.US,D,20181212,000000,56.914,57.396,56.693,56.875,149575,0
VIGI.US,D,20181213,000000,56.8,57.193,56.663,56.761,343965,0
VIGI.US,D,20181214,000000,56.308,56.344,55.905,55.981,126897,0
VIGI.US,D,20181217,000000,55.799,55.94,55.211,55.318,200370,0
VIGI.US,D,20181218,000000,55.933,56.125,55.577,55.692,281733,0
VIGI.US,D,20181219,000000,56.05,56.403,54.895,55.144,174417,0
VIGI.US,D,20181220,000000,55.752,55.771,54.964,55.26,289624,0
VIGI.US,D,20181221,000000,55.018,55.196,54.24,54.369,224942,0
VIGI.US,D,20181224,000000,54.181,54.636,53.736,53.736,266362,0
VIGI.US,D,20181226,000000,54.007,55.118,53.717,54.626,373764,0
VIGI.US,D,20181227,000000,54.345,55.293,54.131,55.293,710525,0
VIGI.US,D,20181228,000000,55.631,55.776,55.274,55.612,412505,0
VIGI.US,D,20181231,000000,55.592,56.026,55.455,55.641,262567,0
VIGI.US,D,20190102,000000,55.061,55.622,55.012,55.485,108290,0
VIGI.US,D,20190103,000000,55.051,55.367,54.676,54.696,50408,0
VIGI.US,D,20190104,000000,55.602,56.566,55.39,56.462,88805,0
VIGI.US,D,20190107,000000,56.306,56.721,56.237,56.509,159917,0
VIGI.US,D,20190108,000000,56.934,57.04,56.742,56.925,74792,0
VIGI.US,D,20190109,000000,57.503,57.792,57.46,57.668,100301,0
VIGI.US,D,20190110,000000,57.474,57.862,57.386,57.824,81887,0
VIGI.US,D,20190111,000000,57.503,57.616,57.323,57.552,109619,0
VIGI.US,D,20190114,000000,57.002,57.302,56.886,56.992,41062,0
VIGI.US,D,20190115,000000,57.369,57.533,57.186,57.533,86463,0
VIGI.US,D,20190116,000000,57.379,57.696,57.379,57.523,107136,0
VIGI.US,D,20190117,000000,57.31,58.018,57.114,57.919,116865,0
VIGI.US,D,20190118,000000,58.307,58.432,58.141,58.278,72851,0
VIGI.US,D,20190122,000000,58.008,58.008,57.528,57.716,87594,0
VIGI.US,D,20190123,000000,57.939,58.181,57.668,57.862,238008,0
VIGI.US,D,20190124,000000,57.949,58.297,57.949,58.2,143365,0
VIGI.US,D,20190125,000000,58.712,58.779,58.499,58.499,55052,0
VIGI.US,D,20190128,000000,58.151,58.383,58.018,58.383,74743,0
VIGI.US,D,20190129,000000,58.684,58.75,58.455,58.566,196642,0
VIGI.US,D,20190130,000000,58.846,59.368,58.586,59.213,115693,0
VIGI.US,D,20190131,000000,59.195,59.494,59.108,59.445,74279,0
VIGI.US,D,20190201,000000,59.418,59.58,59.315,59.475,76307,0
VIGI.US,D,20190204,000000,59.408,59.619,59.26,59.561,63300,0
VIGI.US,D,20190205,000000,59.91,60.278,59.91,60.203,61840,0
VIGI.US,D,20190206,000000,60.161,60.22,59.835,59.891,60781,0
VIGI.US,D,20190207,000000,59.368,59.697,59.195,59.388,125938,0
VIGI.US,D,20190208,000000,59.147,59.408,59.01,59.408,123513,0
VIGI.US,D,20190211,000000,59.408,59.408,59.098,59.157,66137,0
VIGI.US,D,20190212,000000,59.668,59.83,59.57,59.716,76157,0
VIGI.US,D,20190213,000000,59.901,59.901,59.535,59.553,621391,0
VIGI.US,D,20190214,000000,59.59,59.705,59.338,59.545,78521,0
VIGI.US,D,20190215,000000,59.881,60.044,59.756,60.02,95325,0
VIGI.US,D,20190219,000000,59.833,60.276,59.736,60.161,54239,0
VIGI.US,D,20190220,000000,60.354,60.761,60.354,60.547,55436,0
VIGI.US,D,20190221,000000,60.732,60.732,60.373,60.538,64287,0
VIGI.US,D,20190222,000000,60.732,60.844,60.597,60.712,76393,0
VIGI.US,D,20190225,000000,61.107,61.146,60.925,60.974,96392,0
VIGI.US,D,20190226,000000,60.992,61.311,60.983,61.166,39066,0
VIGI.US,D,20190227,000000,60.896,60.906,60.643,60.643,42115,0
VIGI.US,D,20190228,000000,60.712,60.876,60.596,60.672,45620,0
VIGI.US,D,20190301,000000,61.04,61.068,60.818,61.068,44320,0
VIGI.US,D,20190304,000000,61.185,61.185,60.596,60.847,41934,0
VIGI.US,D,20190305,000000,61.078,61.338,61.059,61.252,77265,0
VIGI.US,D,20190306,000000,61.338,61.338,61.02,61.097,35556,0
VIGI.US,D,20190307,000000,60.964,60.964,60.373,60.519,48197,0
VIGI.US,D,20190308,000000,60.247,60.373,60.084,60.373,107914,0
VIGI.US,D,20190311,000000,60.461,61.048,60.461,60.992,51384,0
VIGI.US,D,20190312,000000,61.04,61.242,60.979,61.242,57768,0
VIGI.US,D,20190313,000000,61.398,61.59,61.371,61.537,48856,0
VIGI.US,D,20190314,000000,61.542,61.58,61.394,61.512,78264,0
VIGI.US,D,20190315,000000,61.938,62.323,61.919,62.277,62488,0
VIGI.US,D,20190318,000000,62.46,62.545,62.292,62.545,84599,0
VIGI.US,D,20190319,000000,62.625,62.745,62.42,62.47,64034,0
VIGI.US,D,20190320,000000,62.575,63.053,62.248,62.749,44994,0
VIGI.US,D,20190321,000000,62.42,62.797,62.42,62.787,55441,0
VIGI.US,D,20190322,000000,62.097,62.216,61.552,61.629,59901,0
VIGI.US,D,20190325,000000,61.59,61.741,61.472,61.725,51150,0
VIGI.US,D,20190326,000000,62.112,62.273,61.996,61.996,32975,0
VIGI.US,D,20190327,000000,62.045,62.199,61.61,62.073,66233,0
VIGI.US,D,20190328,000000,62.064,62.151,61.863,62.141,64462,0
VIGI.US,D,20190329,000000,62.421,62.576,62.273,62.451,62837,0
VIGI.US,D,20190401,000000,62.897,63.187,62.887,63.108,78280,0
VIGI.US,D,20190402,000000,63.108,63.21,62.892,63.21,64648,0
VIGI.US,D,20190403,000000,63.418,63.745,63.418,63.495,43882,0
VIGI.US,D,20190404,000000,63.292,63.408,63.254,63.388,86115,0
VIGI.US,D,20190405,000000,63.408,63.688,63.408,63.611,65247,0
VIGI.US,D,20190408,000000,63.583,63.583,63.331,63.545,64427,0
VIGI.US,D,20190409,000000,63.485,63.485,63.255,63.358,52907,0
VIGI.US,D,20190410,000000,63.322,63.683,63.322,63.583,52816,0
VIGI.US,D,20190411,000000,63.641,63.641,63.361,63.583,45429,0
VIGI.US,D,20190412,000000,63.785,63.785,63.574,63.574,37594,0
VIGI.US,D,20190415,000000,63.678,63.688,63.574,63.669,30976,0
VIGI.US,D,20190416,000000,63.882,63.997,63.805,63.942,58745,0
VIGI.US,D,20190417,000000,64.152,64.152,63.819,63.834,44646,0
VIGI.US,D,20190418,000000,63.805,63.997,63.76,63.997,58042,0
VIGI.US,D,20190422,000000,63.631,63.678,63.515,63.651,43304,0
VIGI.US,D,20190423,000000,63.641,63.836,63.515,63.775,62094,0
VIGI.US,D,20190424,000000,63.901,63.94,63.626,63.688,85503,0
VIGI.US,D,20190425,000000,63.535,63.653,63.348,63.611,66387,0
VIGI.US,D,20190426,000000,63.892,64.045,63.749,64.045,43264,0
VIGI.US,D,20190429,000000,64.123,64.296,64.045,64.268,94412,0
VIGI.US,D,20190430,000000,64.268,64.501,64.106,64.471,67279,0
VIGI.US,D,20190501,000000,64.501,64.742,64.026,64.054,111380,0
VIGI.US,D,20190502,000000,64.142,64.142,63.805,63.949,41838,0
VIGI.US,D,20190503,000000,64.365,64.694,64.212,64.694,62668,0
VIGI.US,D,20190506,000000,63.348,63.901,63.194,63.868,52799,0
VIGI.US,D,20190507,000000,63.408,63.408,62.566,62.897,89344,0
VIGI.US,D,20190508,000000,62.838,63.233,62.838,63.04,119914,0
VIGI.US,D,20190509,000000,62.364,62.736,62.016,62.596,55719,0
VIGI.US,D,20190510,000000,62.596,63.02,62.141,62.897,63859,0
VIGI.US,D,20190513,000000,61.842,61.909,61.476,61.725,88622,0
VIGI.US,D,20190514,000000,62.229,62.537,62.093,62.334,65836,0
VIGI.US,D,20190515,000000,62.016,62.624,62.016,62.606,57902,0
VIGI.US,D,20190516,000000,62.653,63.274,62.653,62.838,49803,0
VIGI.US,D,20190517,000000,62.51,62.983,62.51,62.798,39293,0
VIGI.US,D,20190520,000000,62.596,62.678,62.355,62.663,31485,0
VIGI.US,D,20190521,000000,62.897,62.906,62.701,62.808,37583,0
VIGI.US,D,20190522,000000,62.818,62.99,62.776,62.907,45814,0
VIGI.US,D,20190523,000000,62.401,62.441,62.141,62.277,43802,0
VIGI.US,D,20190524,000000,62.76,62.983,62.731,62.858,59650,0
VIGI.US,D,20190528,000000,63.089,63.089,62.451,62.451,75024,0
VIGI.US,D,20190529,000000,62.258,62.273,61.977,62.238,59265,0
VIGI.US,D,20190530,000000,62.451,62.741,62.392,62.741,47843,0
VIGI.US,D,20190531,000000,62.102,62.382,61.938,62.258,42944,0
VIGI.US,D,20190603,000000,62.769,63.196,62.721,63.196,54246,0
VIGI.US,D,20190604,000000,63.099,63.32,62.808,63.283,70263,0
VIGI.US,D,20190605,000000,63.631,63.631,63.278,63.388,36765,0
VIGI.US,D,20190606,000000,63.601,63.711,63.456,63.592,64937,0
VIGI.US,D,20190607,000000,64.094,64.538,63.931,64.287,42794,0
VIGI.US,D,20190610,000000,64.511,64.616,64.336,64.384,60532,0
VIGI.US,D,20190611,000000,64.857,65.032,64.656,64.694,112969,0
VIGI.US,D,20190612,000000,64.557,64.587,64.326,64.336,56523,0
VIGI.US,D,20190613,000000,64.346,64.471,64.209,64.326,45825,0
VIGI.US,D,20190614,000000,64.482,64.588,64.356,64.588,33668,0
VIGI.US,D,20190617,000000,64.082,64.218,64.011,64.033,41992,0
VIGI.US,D,20190618,000000,64.793,65.152,64.73,65.144,64912,0
VIGI.US,D,20190619,000000,65.056,65.504,65.056,65.359,85793,0
VIGI.US,D,20190620,000000,66.42,66.42,65.934,66.216,107869,0
VIGI.US,D,20190621,000000,65.797,66.031,65.725,65.826,73025,0
VIGI.US,D,20190624,000000,65.982,66.069,65.846,65.884,101682,0
VIGI.US,D,20190625,000000,66.127,66.206,65.611,65.641,82335,0
VIGI.US,D,20190626,000000,65.952,65.952,65.705,65.709,58224,0
VIGI.US,D,20190627,000000,65.826,65.943,65.803,65.918,52449,0
VIGI.US,D,20190628,000000,66.196,66.263,66.07,66.259,100139,0
VIGI.US,D,20190701,000000,66.691,66.781,66.336,66.488,74657,0
VIGI.US,D,20190702,000000,66.653,66.798,66.615,66.798,52944,0
VIGI.US,D,20190703,000000,66.888,67.072,66.878,67.072,34246,0
VIGI.US,D,20190705,000000,66.555,66.555,66.132,66.498,62367,0
VIGI.US,D,20190708,000000,66.098,66.117,65.987,66.069,79751,0
VIGI.US,D,20190709,000000,65.777,65.933,65.641,65.903,66886,0
VIGI.US,D,20190710,000000,66.322,66.371,66.051,66.196,94459,0
VIGI.US,D,20190711,000000,66.439,66.439,66.051,66.147,103497,0
VIGI.US,D,20190712,000000,66.274,66.274,66.06,66.236,93886,0
VIGI.US,D,20190715,000000,66.236,66.478,66.236,66.429,159183,0
VIGI.US,D,20190716,000000,66.42,66.469,66.226,66.266,59563,0
VIGI.US,D,20190717,000000,66.429,66.565,66.303,66.322,80149,0
VIGI.US,D,20190718,000000,66.585,66.593,66.127,66.585,76691,0
VIGI.US,D,20190719,000000,66.528,66.555,66.127,66.127,69229,0
VIGI.US,D,20190722,000000,66.186,66.221,65.982,66.051,70838,0
VIGI.US,D,20190723,000000,66.469,66.469,66.099,66.236,62326,0
VIGI.US,D,20190724,000000,66.206,66.381,66.137,66.332,69211,0
VIGI.US,D,20190725,000000,66.216,66.216,65.599,65.836,62523,0
VIGI.US,D,20190726,000000,66.079,66.145,66.012,66.06,34646,0
VIGI.US,D,20190729,000000,66.127,66.137,65.982,66.079,79622,0
VIGI.US,D,20190730,000000,65.632,65.632,65.34,65.504,81603,0
VIGI.US,D,20190731,000000,65.484,65.528,64.598,64.989,84183,0
VIGI.US,D,20190801,000000,65.221,65.66,64.598,64.726,123038,0
VIGI.US,D,20190802,000000,64.53,64.569,63.963,64.238,103418,0
VIGI.US,D,20190805,000000,63.109,63.109,62.135,62.339,82977,0
VIGI.US,D,20190806,000000,62.934,63.039,62.467,62.797,83006,0
VIGI.US,D,20190807,000000,62.632,63.401,62.487,63.401,79501,0
VIGI.US,D,20190808,000000,63.702,64.169,63.587,64.062,109793,0
VIGI.US,D,20190809,000000,63.956,63.956,63.509,63.879,70965,0
VIGI.US,D,20190812,000000,63.411,63.569,63.148,63.208,60759,0
VIGI.US,D,20190813,000000,63.02,63.889,62.827,63.606,55472,0
VIGI.US,D,20190814,000000,62.623,62.717,62.135,62.135,56933,0
VIGI.US,D,20190815,000000,62.368,62.446,62.086,62.349,61883,0
VIGI.US,D,20190816,000000,62.613,63.105,62.613,63.01,51783,0
VIGI.US,D,20190819,000000,63.578,63.655,63.386,63.421,70063,0
VIGI.US,D,20190820,000000,63.538,63.538,63.266,63.401,45719,0
VIGI.US,D,20190821,000000,64.111,64.111,63.879,63.879,53565,0
VIGI.US,D,20190822,000000,63.626,63.626,63.178,63.341,52566,0
VIGI.US,D,20190823,000000,63.411,63.801,62.753,62.758,77597,0
VIGI.US,D,20190826,000000,63.246,63.256,62.954,63.1,159013,0
VIGI.US,D,20190827,000000,63.578,63.578,63.314,63.519,133383,0
VIGI.US,D,20190828,000000,63.118,63.333,62.929,63.236,85370,0
VIGI.US,D,20190829,000000,63.674,63.811,63.538,63.646,77584,0
VIGI.US,D,20190830,000000,64.111,64.111,63.664,63.889,50357,0
VIGI.US,D,20190903,000000,63.421,63.64,63.341,63.616,71630,0
VIGI.US,D,20190904,000000,64.268,64.638,64.268,64.549,80061,0
VIGI.US,D,20190905,000000,65.017,65.096,64.831,64.9,63437,0
VIGI.US,D,20190906,000000,65.134,65.231,65.056,65.076,64014,0
VIGI.US,D,20190909,000000,65.116,65.116,64.897,64.97,58657,0
VIGI.US,D,20190910,000000,64.511,64.756,64.313,64.756,84448,0
VIGI.US,D,20190911,000000,64.91,65.076,64.746,64.998,76058,0
VIGI.US,D,20190912,000000,65.3,65.514,65.067,65.389,81312,0
VIGI.US,D,20190913,000000,65.474,65.585,65.359,65.418,70992,0
VIGI.US,D,20190916,000000,64.765,64.774,64.549,64.559,75597,0
VIGI.US,D,20190917,000000,64.588,65.221,64.549,65.221,80756,0
VIGI.US,D,20190918,000000,64.93,64.995,64.53,64.889,51870,0
VIGI.US,D,20190919,000000,65.076,65.193,64.985,64.989,40268,0
VIGI.US,D,20190920,000000,65.35,65.412,64.998,64.998,50600,0
VIGI.US,D,20190923,000000,64.91,65.32,64.91,65.221,71275,0
VIGI.US,D,20190924,000000,65.495,65.633,65.124,65.173,70605,0
VIGI.US,D,20190925,000000,64.695,64.842,64.45,64.842,45192,0
VIGI.US,D,20190926,000000,65.116,65.227,64.959,65.203,71175,0
VIGI.US,D,20190927,000000,65.203,65.203,64.645,64.801,41440,0
VIGI.US,D,20190930,000000,64.909,65.129,64.895,65.007,76919,0
VIGI.US,D,20191001,000000,64.792,64.792,64.214,64.333,78229,0
VIGI.US,D,20191002,000000,63.601,63.601,63.039,63.376,96600,0
VIGI.US,D,20191003,000000,63.494,63.846,63.29,63.807,278520,0
VIGI.US,D,20191004,000000,63.991,64.51,63.904,64.51,77651,0
VIGI.US,D,20191007,000000,64.225,64.391,63.981,63.981,51521,0
VIGI.US,D,20191008,000000,63.836,63.943,63.606,63.651,71959,0
VIGI.US,D,20191009,000000,64.099,64.285,63.971,64.205,81065,0
VIGI.US,D,20191010,000000,64.255,64.665,64.128,64.616,81282,0
VIGI.US,D,20191011,000000,65.34,65.71,65.183,65.183,98963,0
VIGI.US,D,20191014,000000,65.096,65.315,65.096,65.3,35723,0
VIGI.US,D,20191015,000000,65.428,65.885,65.337,65.701,190071,0
VIGI.US,D,20191016,000000,65.819,65.886,65.623,65.852,59170,0
VIGI.US,D,20191017,000000,66.239,66.249,65.969,66.004,125518,0
VIGI.US,D,20191018,000000,66.014,66.087,65.799,66.014,121126,0
VIGI.US,D,20191021,000000,66.13,66.208,66.034,66.13,68791,0
VIGI.US,D,20191022,000000,66.12,66.306,66.014,66.044,61989,0
VIGI.US,D,20191023,000000,65.819,66.088,65.819,66.053,47197,0
VIGI.US,D,20191024,000000,66.277,66.277,66.111,66.268,90224,0
VIGI.US,D,20191025,000000,66.17,66.463,66.12,66.453,73401,0
VIGI.US,D,20191028,000000,66.793,66.843,66.648,66.745,176453,0
VIGI.US,D,20191029,000000,66.648,66.873,66.569,66.793,82222,0
VIGI.US,D,20191030,000000,67.017,67.37,66.793,67.312,74073,0
VIGI.US,D,20191031,000000,67.361,67.361,67.047,67.263,119518,0
VIGI.US,D,20191101,000000,67.79,67.927,67.751,67.917,114505,0
VIGI.US,D,20191104,000000,68.289,68.357,68.161,68.199,116892,0
VIGI.US,D,20191105,000000,68.279,68.337,68.094,68.219,85544,0
VIGI.US,D,20191106,000000,68.299,68.367,68.176,68.279,193019,0
VIGI.US,D,20191107,000000,68.543,68.633,68.455,68.455,148108,0
VIGI.US,D,20191108,000000,68.123,68.181,67.98,68.181,126527,0
VIGI.US,D,20191111,000000,67.897,68.149,67.869,68.089,70433,0
VIGI.US,D,20191112,000000,68.035,68.113,67.859,67.878,66064,0
VIGI.US,D,20191113,000000,67.741,68.022,67.673,67.869,177114,0
VIGI.US,D,20191114,000000,67.713,67.907,67.673,67.878,68209,0
VIGI.US,D,20191115,000000,68.133,68.318,68.103,68.318,92447,0
VIGI.US,D,20191118,000000,68.299,68.455,68.148,68.376,78652,0
VIGI.US,D,20191119,000000,68.679,68.679,68.314,68.426,93217,0
VIGI.US,D,20191120,000000,68.318,68.405,67.991,68.166,70142,0
VIGI.US,D,20191121,000000,68.015,68.025,67.795,67.967,157970,0
VIGI.US,D,20191122,000000,68.161,68.161,67.89,67.947,175245,0
VIGI.US,D,20191125,000000,68.347,68.679,68.347,68.664,103157,0
VIGI.US,D,20191126,000000,68.61,68.724,68.554,68.702,80382,0
VIGI.US,D,20191127,000000,68.749,68.884,68.64,68.825,91351,0
VIGI.US,D,20191129,000000,68.367,68.455,68.259,68.279,55632,0
VIGI.US,D,20191202,000000,68.229,68.229,67.732,68.084,102332,0
VIGI.US,D,20191203,000000,67.38,67.644,67.26,67.604,130066,0
VIGI.US,D,20191204,000000,68.065,68.318,68.009,68.318,88612,0
VIGI.US,D,20191205,000000,68.279,68.396,68.075,68.171,69616,0
VIGI.US,D,20191206,000000,68.63,68.689,68.535,68.689,109399,0
VIGI.US,D,20191209,000000,68.533,68.584,68.327,68.333,114040,0
VIGI.US,D,20191210,000000,68.337,68.545,68.209,68.416,84283,0
VIGI.US,D,20191211,000000,68.543,68.953,68.533,68.953,164596,0
VIGI.US,D,20191212,000000,68.884,69.479,68.881,69.454,94241,0
VIGI.US,D,20191213,000000,69.723,70.027,69.578,69.812,179482,0
VIGI.US,D,20191216,000000,70.377,70.505,70.32,70.402,157583,0
VIGI.US,D,20191217,000000,70.329,70.387,70.242,70.32,101248,0
VIGI.US,D,20191218,000000,70.452,70.501,70.275,70.353,264875,0
VIGI.US,D,20191219,000000,70.315,70.471,70.243,70.407,166416,0
VIGI.US,D,20191220,000000,70.776,70.776,70.61,70.669,149713,0
VIGI.US,D,20191223,000000,70.786,70.816,70.708,70.776,168542,0
VIGI.US,D,20191224,000000,70.748,70.748,70.617,70.649,58482,0
VIGI.US,D,20191226,000000,70.728,70.924,70.728,70.894,57122,0
VIGI.US,D,20191227,000000,71.358,71.358,71.206,71.23,100416,0
VIGI.US,D,20191230,000000,71.338,71.338,70.728,70.758,189875,0
VIGI.US,D,20191231,000000,70.846,70.974,70.586,70.954,99811,0
VIGI.US,D,20200102,000000,71.428,71.624,71.201,71.564,199740,0
VIGI.US,D,20200103,000000,70.786,71.112,70.678,70.766,91079,0
VIGI.US,D,20200106,000000,70.541,70.925,70.501,70.925,102490,0
VIGI.US,D,20200107,000000,70.886,70.898,70.718,70.757,123586,0
VIGI.US,D,20200108,000000,70.816,71.309,70.796,71.279,130444,0
VIGI.US,D,20200109,000000,71.457,71.555,71.368,71.555,127089,0
VIGI.US,D,20200110,000000,71.752,71.869,71.535,71.555,117977,0
VIGI.US,D,20200113,000000,71.772,72.087,71.668,72.074,108796,0
VIGI.US,D,20200114,000000,71.918,72.129,71.815,72.067,138030,0
VIGI.US,D,20200115,000000,72.155,72.237,72.047,72.097,234501,0
VIGI.US,D,20200116,000000,72.371,72.559,72.322,72.535,230226,0
VIGI.US,D,20200117,000000,72.874,72.964,72.752,72.935,170015,0
VIGI.US,D,20200121,000000,72.234,72.332,72.027,72.037,168890,0
VIGI.US,D,20200122,000000,72.51,72.516,72.234,72.283,151554,0
VIGI.US,D,20200123,000000,71.908,72.098,71.536,72.057,185414,0
VIGI.US,D,20200124,000000,72.293,72.293,71.634,71.918,140304,0
VIGI.US,D,20200127,000000,70.246,70.501,70,70.295,211605,0
VIGI.US,D,20200128,000000,70.521,70.836,70.356,70.786,155674,0
VIGI.US,D,20200129,000000,71.112,71.24,70.886,70.925,159153,0
VIGI.US,D,20200130,000000,70.343,70.876,70.161,70.876,129481,0
VIGI.US,D,20200131,000000,70.077,70.077,69.289,69.536,219346,0
VIGI.US,D,20200203,000000,69.92,70.338,69.92,70.052,177557,0
VIGI.US,D,20200204,000000,71.269,71.473,71.141,71.388,276570,0
VIGI.US,D,20200205,000000,72.146,72.146,71.811,71.997,112529,0
VIGI.US,D,20200206,000000,72.224,72.253,71.997,72.243,171402,0
VIGI.US,D,20200207,000000,71.644,71.644,71.388,71.44,168460,0
VIGI.US,D,20200210,000000,71.447,71.841,71.447,71.791,145062,0
VIGI.US,D,20200211,000000,72.283,72.43,72.027,72.027,155232,0
VIGI.US,D,20200212,000000,72.5,72.617,72.309,72.549,233685,0
VIGI.US,D,20200213,000000,71.977,72.242,71.854,72.155,351570,0
VIGI.US,D,20200214,000000,72.253,72.253,71.913,72.136,190356,0
VIGI.US,D,20200218,000000,71.634,71.796,71.545,71.614,125245,0
VIGI.US,D,20200219,000000,72.057,72.251,72.047,72.224,98171,0
VIGI.US,D,20200220,000000,71.713,71.775,71.151,71.477,156200,0
VIGI.US,D,20200221,000000,71.328,71.371,71.043,71.073,104371,0
VIGI.US,D,20200224,000000,68.512,68.966,68.266,68.542,248865,0
VIGI.US,D,20200225,000000,69.104,69.104,67.547,67.626,266473,0
VIGI.US,D,20200226,000000,68.187,68.61,67.665,67.725,215213,0
VIGI.US,D,20200227,000000,66.888,67.222,65.912,65.912,376192,0
VIGI.US,D,20200228,000000,64.288,65.463,63.718,65.332,369195,0
VIGI.US,D,20200302,000000,65.342,66.336,64.859,66.336,301165,0
VIGI.US,D,20200303,000000,67.005,67.655,65.72,66.119,211313,0
VIGI.US,D,20200304,000000,67.242,67.916,66.689,67.901,111458,0
VIGI.US,D,20200305,000000,66.729,67.063,65.939,66.297,174823,0
VIGI.US,D,20200306,000000,65.302,65.656,64.818,65.43,202604,0
VIGI.US,D,20200309,000000,62.121,62.959,61.344,61.5,754611,0
VIGI.US,D,20200310,000000,63.58,63.697,61.698,63.619,395468,0
VIGI.US,D,20200311,000000,61.894,62.151,60.111,60.508,362143,0
VIGI.US,D,20200312,000000,56.223,56.606,53.846,54.579,876922,0
VIGI.US,D,20200313,000000,58.587,59.138,55.255,58.627,715354,0
VIGI.US,D,20200316,000000,54.145,54.471,52.187,52.433,1042534,0
VIGI.US,D,20200317,000000,53.339,55.14,52.433,54.649,855953,0
VIGI.US,D,20200318,000000,51.271,52.597,49.775,51.616,726258,0
VIGI.US,D,20200319,000000,51.606,53.163,50.641,52.069,388936,0
VIGI.US,D,20200320,000000,53.861,54.255,51.596,51.596,449549,0
VIGI.US,D,20200323,000000,51.209,51.861,50.075,50.321,626309,0
VIGI.US,D,20200324,000000,53.508,54.24,52.973,54.043,654312,0
VIGI.US,D,20200325,000000,54.723,56.875,54.145,55.929,463667,0
VIGI.US,D,20200326,000000,57.053,59.225,56.758,58.751,378444,0
VIGI.US,D,20200327,000000,56.628,57.868,55.948,56.885,415519,0
VIGI.US,D,20200330,000000,56.955,58.012,56.637,58.012,333818,0
VIGI.US,D,20200331,000000,57.43,58.169,57.191,57.577,329245,0
VIGI.US,D,20200401,000000,55.79,56.274,55.049,55.138,294604,0
VIGI.US,D,20200402,000000,55.573,56.425,55.317,56.372,346258,0
VIGI.US,D,20200403,000000,56.007,56.027,55,55.395,228371,0
VIGI.US,D,20200406,000000,57.162,58.365,57.083,58.002,592786,0
VIGI.US,D,20200407,000000,60.085,60.085,58.239,58.525,391167,0
VIGI.US,D,20200408,000000,58.939,59.433,58.446,59.265,392219,0
VIGI.US,D,20200409,000000,59.985,60.381,59.606,59.926,385330,0
VIGI.US,D,20200413,000000,59.887,59.887,58.907,59.542,300839,0
VIGI.US,D,20200414,000000,60.796,61.274,60.657,60.884,308395,0
VIGI.US,D,20200415,000000,59.255,59.551,58.979,59.136,411895,0
VIGI.US,D,20200416,000000,59.858,59.858,59.067,59.581,696592,0
VIGI.US,D,20200417,000000,61.072,61.141,60.52,61.102,241415,0
VIGI.US,D,20200420,000000,60.44,61.309,60.302,60.322,331021,0
VIGI.US,D,20200421,000000,59.314,59.733,58.87,59.057,305135,0
VIGI.US,D,20200422,000000,60.4,60.511,60.008,60.213,208703,0
VIGI.US,D,20200423,000000,60.45,61.062,59.838,59.897,156095,0
VIGI.US,D,20200424,000000,60.232,60.539,59.838,60.49,212318,0
VIGI.US,D,20200427,000000,60.854,61.279,60.717,61.161,244370,0
VIGI.US,D,20200428,000000,62.247,62.247,61.495,61.525,140163,0
VIGI.US,D,20200429,000000,62.434,62.898,62.107,62.76,163477,0
VIGI.US,D,20200430,000000,62.267,62.296,61.224,61.473,391653,0
VIGI.US,D,20200501,000000,60.302,60.627,59.848,60.075,252433,0
VIGI.US,D,20200504,000000,59.818,60.292,59.64,60.292,1007371,0
VIGI.US,D,20200505,000000,60.49,60.689,60.144,60.154,192662,0
VIGI.US,D,20200506,000000,60.617,60.617,59.926,59.966,172279,0
VIGI.US,D,20200507,000000,60.737,60.984,60.49,60.717,133066,0
VIGI.US,D,20200508,000000,61.515,61.792,61.348,61.753,171596,0
VIGI.US,D,20200511,000000,61.309,61.871,61.22,61.723,163951,0
VIGI.US,D,20200512,000000,61.852,62.187,61.22,61.22,175734,0
VIGI.US,D,20200513,000000,61.495,61.595,60.346,60.588,143696,0
VIGI.US,D,20200514,000000,59.413,60.358,59.087,60.302,540241,0
VIGI.US,D,20200515,000000,59.848,60.129,59.532,59.926,298311,0
VIGI.US,D,20200518,000000,61.181,62.185,61.171,62,153820,0
VIGI.US,D,20200519,000000,61.615,61.832,61.229,61.229,182322,0
VIGI.US,D,20200520,000000,62.444,62.789,62.345,62.533,226731,0
VIGI.US,D,20200521,000000,62.384,62.503,61.753,61.915,555642,0
VIGI.US,D,20200522,000000,61.338,61.545,61.082,61.515,156140,0
VIGI.US,D,20200526,000000,62.928,63.135,62.612,62.71,199649,0
VIGI.US,D,20200527,000000,63.026,63.026,62.348,62.899,136086,0
VIGI.US,D,20200528,000000,63.698,64.349,63.639,63.678,159090,0
VIGI.US,D,20200529,000000,63.973,64.181,63.323,64.003,114035,0
VIGI.US,D,20200601,000000,64.448,65.179,64.448,65.179,372906,0
VIGI.US,D,20200602,000000,65.624,66.019,65.407,66.019,351408,0
VIGI.US,D,20200603,000000,66.295,67.247,66.295,66.994,239108,0
VIGI.US,D,20200604,000000,66.65,67.034,66.478,66.679,108504,0
VIGI.US,D,20200605,000000,67.519,67.835,67.35,67.509,195967,0
VIGI.US,D,20200608,000000,67.153,67.681,66.994,67.656,174258,0
VIGI.US,D,20200609,000000,67.024,67.372,66.827,67.262,178271,0
VIGI.US,D,20200610,000000,67.519,67.884,67.133,67.43,154911,0
VIGI.US,D,20200611,000000,65.919,66.05,64.003,64.083,195930,0
VIGI.US,D,20200612,000000,65.86,65.979,64.407,65.189,150638,0
VIGI.US,D,20200615,000000,64.398,65.724,64.142,65.454,115656,0
VIGI.US,D,20200616,000000,66.63,66.728,65.614,66.039,148296,0
VIGI.US,D,20200617,000000,66.64,66.877,66.515,66.542,141633,0
VIGI.US,D,20200618,000000,66.403,66.65,66.146,66.423,90015,0
VIGI.US,D,20200619,000000,67.37,67.37,66.344,66.433,119050,0
VIGI.US,D,20200622,000000,66.986,67.373,66.728,67.314,93059,0
VIGI.US,D,20200623,000000,68.018,68.138,67.552,67.591,123362,0
VIGI.US,D,20200624,000000,67.046,67.155,65.956,66.154,337013,0
VIGI.US,D,20200625,000000,66.144,67.046,66.026,66.986,171284,0
VIGI.US,D,20200626,000000,66.996,66.996,66.158,66.224,142579,0
VIGI.US,D,20200629,000000,66.491,66.768,66.064,66.64,116991,0
VIGI.US,D,20200630,000000,66.184,66.748,66.124,66.521,166444,0
VIGI.US,D,20200701,000000,66.61,67.433,66.61,67.036,151880,0
VIGI.US,D,20200702,000000,68.008,68.311,67.77,67.83,95400,0
VIGI.US,D,20200706,000000,68.871,69.198,68.871,69.198,135390,0
VIGI.US,D,20200707,000000,68.713,68.941,68.346,68.375,111596,0
VIGI.US,D,20200708,000000,68.613,69.109,68.451,69.07,88362,0
VIGI.US,D,20200709,000000,69.416,69.416,68.256,68.703,119606,0
VIGI.US,D,20200710,000000,68.891,69.1,68.613,69.09,109067,0
VIGI.US,D,20200713,000000,69.347,69.659,68.445,68.524,243719,0
VIGI.US,D,20200714,000000,68.216,69.1,68.128,68.931,162333,0
VIGI.US,D,20200715,000000,69.833,70.237,69.545,69.723,190477,0
VIGI.US,D,20200716,000000,69.139,69.451,69.119,69.257,182827,0
VIGI.US,D,20200717,000000,69.555,69.684,69.342,69.674,104458,0
VIGI.US,D,20200720,000000,69.803,70.289,69.743,70.279,93541,0
VIGI.US,D,20200721,000000,70.785,70.914,70.477,70.537,141246,0
VIGI.US,D,20200722,000000,70.537,70.725,70.393,70.637,116884,0
VIGI.US,D,20200723,000000,70.607,70.855,70.002,70.08,134451,0
VIGI.US,D,20200724,000000,69.625,69.862,69.445,69.743,97028,0
VIGI.US,D,20200727,000000,70.309,70.695,70.264,70.527,137982,0
VIGI.US,D,20200728,000000,70.477,70.656,70.259,70.289,130578,0
VIGI.US,D,20200729,000000,70.676,71.088,70.558,70.914,121954,0
VIGI.US,D,20200730,000000,69.704,70.324,69.257,70.269,155812,0
VIGI.US,D,20200731,000000,69.942,69.982,68.534,68.931,205995,0
VIGI.US,D,20200803,000000,69.407,69.714,69.237,69.664,123424,0
VIGI.US,D,20200804,000000,69.465,70.002,69.314,70.002,103135,0
VIGI.US,D,20200805,000000,70.458,70.651,70.18,70.21,117258,0
VIGI.US,D,20200806,000000,70.14,70.471,69.912,70.388,79183,0
VIGI.US,D,20200807,000000,69.694,69.902,69.52,69.892,136315,0
VIGI.US,D,20200810,000000,69.674,69.743,69.317,69.714,149132,0
VIGI.US,D,20200811,000000,70.627,70.702,69.887,69.932,198585,0
VIGI.US,D,20200812,000000,71.063,71.538,71.003,71.32,203722,0
VIGI.US,D,20200813,000000,71.33,71.44,70.958,71.152,92973,0
VIGI.US,D,20200814,000000,70.725,70.914,70.641,70.855,129925,0
VIGI.US,D,20200817,000000,71.122,71.43,71.122,71.42,108177,0
VIGI.US,D,20200818,000000,71.846,71.868,71.36,71.628,135024,0
VIGI.US,D,20200819,000000,71.895,71.935,71.196,71.261,140599,0
VIGI.US,D,20200820,000000,70.725,71.4,70.606,71.36,105325,0
VIGI.US,D,20200821,000000,70.785,71.33,70.685,71.261,91908,0
VIGI.US,D,20200824,000000,72.421,72.421,71.971,72.144,192355,0
VIGI.US,D,20200825,000000,72.49,72.49,71.955,72.352,98822,0
VIGI.US,D,20200826,000000,72.411,72.857,72.342,72.807,142537,0
VIGI.US,D,20200827,000000,73.076,73.076,72.009,72.262,114843,0
VIGI.US,D,20200828,000000,72.55,72.669,72.272,72.669,70088,0
VIGI.US,D,20200831,000000,72.124,72.246,71.756,71.826,122938,0
VIGI.US,D,20200901,000000,72.212,72.342,71.994,72.342,133040,0
VIGI.US,D,20200902,000000,73.006,73.452,72.729,73.432,178811,0
VIGI.US,D,20200903,000000,73.105,73.155,71.379,71.578,267775,0
VIGI.US,D,20200904,000000,71.618,71.8,70.269,71.46,177568,0
VIGI.US,D,20200908,000000,70.597,71.212,70.24,70.557,226291,0
VIGI.US,D,20200909,000000,71.698,72.185,71.62,72.004,100558,0
VIGI.US,D,20200910,000000,72.312,72.42,71.172,71.281,131782,0
VIGI.US,D,20200911,000000,72.252,72.41,71.752,72.114,152897,0
VIGI.US,D,20200914,000000,72.779,72.851,72.531,72.54,94840,0
VIGI.US,D,20200915,000000,73.403,73.472,73.086,73.224,89789,0
VIGI.US,D,20200916,000000,73.572,73.722,73.135,73.195,99593,0
VIGI.US,D,20200917,000000,72.669,73.328,72.669,73.185,163941,0
VIGI.US,D,20200918,000000,73.175,73.175,72.579,72.769,82057,0
VIGI.US,D,20200921,000000,71.261,71.39,70.537,71.33,200715,0
VIGI.US,D,20200922,000000,71.162,71.261,70.617,71.252,167299,0
VIGI.US,D,20200923,000000,71.5,71.519,70.527,70.567,99122,0
VIGI.US,D,20200924,000000,70.22,70.875,69.942,70.487,116895,0
VIGI.US,D,20200925,000000,69.99,70.856,69.801,70.856,265383,0
VIGI.US,D,20200928,000000,71.642,71.682,71.386,71.632,134733,0
VIGI.US,D,20200929,000000,71.78,71.985,71.552,71.771,146262,0
VIGI.US,D,20200930,000000,71.761,72.079,71.515,71.642,142889,0
VIGI.US,D,20201001,000000,72.387,72.526,72.026,72.487,137789,0
VIGI.US,D,20201002,000000,71.662,72.362,71.632,72.158,154366,0
VIGI.US,D,20201005,000000,72.646,73.144,72.646,73.144,104652,0
VIGI.US,D,20201006,000000,73.044,73.119,72.238,72.387,99294,0
VIGI.US,D,20201007,000000,72.815,73.054,72.656,72.885,140954,0
VIGI.US,D,20201008,000000,73.164,73.333,73.069,73.303,151666,0
VIGI.US,D,20201009,000000,73.811,74.248,73.731,74.219,192910,0
VIGI.US,D,20201012,000000,74.343,74.74,74.343,74.705,88322,0
VIGI.US,D,20201013,000000,74.209,74.318,73.99,74.129,112215,0
VIGI.US,D,20201014,000000,74.397,74.544,74.02,74.02,105861,0
VIGI.US,D,20201015,000000,72.447,73.203,72.378,73.064,164229,0
VIGI.US,D,20201016,000000,73.512,73.83,73.343,73.512,114697,0
VIGI.US,D,20201019,000000,73.9,73.99,73.184,73.253,180067,0
VIGI.US,D,20201020,000000,73.791,74.159,73.751,73.771,136620,0
VIGI.US,D,20201021,000000,73.432,73.806,73.263,73.263,134896,0
VIGI.US,D,20201022,000000,73.164,73.349,72.793,73.194,170693,0
VIGI.US,D,20201023,000000,73.432,73.631,73.124,73.631,111531,0
VIGI.US,D,20201026,000000,72.318,72.387,71.602,72.009,145947,0
VIGI.US,D,20201027,000000,72.198,72.198,71.82,71.91,146738,0
VIGI.US,D,20201028,000000,70.219,70.592,69.949,69.99,218279,0
VIGI.US,D,20201029,000000,70.049,70.517,69.691,70.288,128735,0
VIGI.US,D,20201030,000000,69.95,69.95,69.393,69.86,218731,0
VIGI.US,D,20201102,000000,70.288,70.458,69.92,70.328,137876,0
VIGI.US,D,20201103,000000,71.264,71.85,71.194,71.662,90578,0
VIGI.US,D,20201104,000000,72.517,73.771,72.412,73.233,127288,0
VIGI.US,D,20201105,000000,75.044,75.21,74.626,75.113,184223,0
VIGI.US,D,20201106,000000,75.293,75.706,75.143,75.482,150796,0
VIGI.US,D,20201109,000000,78.188,78.218,76.606,76.696,175781,0
VIGI.US,D,20201110,000000,76.825,77.023,76.397,76.686,172268,0
VIGI.US,D,20201111,000000,77.163,77.401,76.97,77.401,127015,0
VIGI.US,D,20201112,000000,77.083,77.143,76.228,76.298,216643,0
VIGI.US,D,20201113,000000,76.993,77.441,76.815,77.401,97786,0
VIGI.US,D,20201116,000000,77.889,78.019,77.562,77.969,143312,0
VIGI.US,D,20201117,000000,77.591,77.884,77.397,77.7,113492,0
VIGI.US,D,20201118,000000,77.909,77.969,77.362,77.362,155633,0
VIGI.US,D,20201119,000000,77.202,77.75,77.103,77.73,99961,0
VIGI.US,D,20201120,000000,77.71,77.929,77.581,77.829,147370,0
VIGI.US,D,20201123,000000,78.009,78.009,77.262,77.421,143644,0
VIGI.US,D,20201124,000000,77.819,78.216,77.731,78.208,153905,0
VIGI.US,D,20201125,000000,77.75,78.068,77.602,77.959,107808,0
VIGI.US,D,20201127,000000,78.247,78.656,78.247,78.656,71667,0
VIGI.US,D,20201130,000000,78.367,78.417,77.362,77.601,161602,0
VIGI.US,D,20201201,000000,78.646,79.073,78.576,78.924,279988,0
VIGI.US,D,20201202,000000,78.646,79.004,78.536,78.914,283304,0
VIGI.US,D,20201203,000000,79.103,79.362,78.914,78.994,109706,0
VIGI.US,D,20201204,000000,79.203,79.422,79.173,79.362,154834,0
VIGI.US,D,20201207,000000,79.093,79.313,79.004,79.123,174201,0
VIGI.US,D,20201208,000000,78.994,79.442,78.948,79.402,149136,0
VIGI.US,D,20201209,000000,79.591,79.67,78.884,79.283,151055,0
VIGI.US,D,20201210,000000,79.123,79.65,79.03,79.531,123385,0
VIGI.US,D,20201211,000000,79.203,79.382,79.044,79.322,191276,0
VIGI.US,D,20201214,000000,79.61,79.721,79.034,79.253,146216,0
VIGI.US,D,20201215,000000,79.492,79.879,79.362,79.859,118995,0
VIGI.US,D,20201216,000000,79.958,80.292,79.829,80.167,152194,0
VIGI.US,D,20201217,000000,80.944,81.118,80.864,80.894,186806,0
VIGI.US,D,20201218,000000,80.794,80.794,80.496,80.655,149891,0
VIGI.US,D,20201221,000000,78.91,79.739,78.595,79.55,209367,0
VIGI.US,D,20201222,000000,79.52,79.54,79.26,79.42,97546,0
VIGI.US,D,20201223,000000,80.199,80.249,79.959,80.159,180296,0
VIGI.US,D,20201224,000000,80.199,80.269,80.011,80.239,96020,0
VIGI.US,D,20201228,000000,80.939,81.029,80.549,80.689,406083,0
VIGI.US,D,20201229,000000,81.699,81.779,81.469,81.519,177430,0
VIGI.US,D,20201230,000000,82.159,82.253,81.894,81.909,160891,0
VIGI.US,D,20201231,000000,81.869,81.869,81.219,81.359,117190,0
VIGI.US,D,20210104,000000,82.858,82.858,81.489,81.919,232325,0
VIGI.US,D,20210105,000000,82.019,82.671,81.919,82.608,207737,0
VIGI.US,D,20210106,000000,81.859,82.703,81.809,82.179,275802,0
VIGI.US,D,20210107,000000,81.969,82.147,81.679,82.099,214074,0
VIGI.US,D,20210108,000000,82.768,83.338,82.648,83.278,228701,0
VIGI.US,D,20210111,000000,82.328,82.728,82.169,82.588,206894,0
VIGI.US,D,20210112,000000,82.628,82.878,82.338,82.848,202931,0
VIGI.US,D,20210113,000000,82.548,82.808,82.398,82.648,204961,0
VIGI.US,D,20210114,000000,82.918,83.348,82.918,83.098,241977,0
VIGI.US,D,20210115,000000,82.448,82.563,81.989,82.288,211910,0
VIGI.US,D,20210119,000000,83.208,83.208,82.789,83.128,286225,0
VIGI.US,D,20210120,000000,83.568,84.018,83.418,83.988,238601,0
VIGI.US,D,20210121,000000,84.078,84.148,83.678,84.088,195504,0
VIGI.US,D,20210122,000000,83.458,83.958,83.381,83.918,175631,0
VIGI.US,D,20210125,000000,83.958,83.994,83.078,83.988,194650,0
VIGI.US,D,20210126,000000,83.788,83.85,83.518,83.808,164003,0
VIGI.US,D,20210127,000000,82.358,82.608,81.689,81.759,311230,0
VIGI.US,D,20210128,000000,81.959,82.821,81.914,82.468,233974,0
VIGI.US,D,20210129,000000,81.299,81.429,80.241,80.649,257228,0
VIGI.US,D,20210201,000000,81.989,82.308,81.809,82.238,253674,0
VIGI.US,D,20210202,000000,82.938,83.323,82.688,83.268,267855,0
VIGI.US,D,20210203,000000,83.128,83.128,82.718,83.038,370820,0
VIGI.US,D,20210204,000000,83.038,83.348,82.753,83.318,196962,0
VIGI.US,D,20210205,000000,83.628,83.828,83.406,83.828,113755,0
VIGI.US,D,20210208,000000,84.218,84.328,83.94,84.138,171316,0
VIGI.US,D,20210209,000000,84.428,84.987,84.238,84.847,186697,0
VIGI.US,D,20210210,000000,85.177,85.187,84.358,84.598,236242,0
VIGI.US,D,20210211,000000,85.227,85.428,85.057,85.427,210176,0
VIGI.US,D,20210212,000000,85.287,85.837,85.237,85.827,145513,0
VIGI.US,D,20210216,000000,86.027,86.062,85.647,85.757,168501,0
VIGI.US,D,20210217,000000,85.207,85.297,84.813,85.207,162478,0
VIGI.US,D,20210218,000000,84.748,84.969,84.258,84.837,127697,0
VIGI.US,D,20210219,000000,85.247,85.257,84.768,84.827,171806,0
VIGI.US,D,20210222,000000,83.968,84.278,83.768,83.828,155394,0
VIGI.US,D,20210223,000000,83.539,84.218,83.081,83.868,169261,0
VIGI.US,D,20210224,000000,83.268,84.068,82.918,84.068,156270,0
VIGI.US,D,20210225,000000,83.918,84.038,82.278,82.518,163093,0
VIGI.US,D,20210226,000000,82.119,82.119,81.219,81.489,474584,0
VIGI.US,D,20210301,000000,82.508,83.318,82.508,83.258,138164,0
VIGI.US,D,20210302,000000,83.208,83.562,83.037,83.268,142668,0
VIGI.US,D,20210303,000000,83.398,83.403,82.758,82.818,185060,0
VIGI.US,D,20210304,000000,82.673,83.017,81.236,81.649,148791,0
VIGI.US,D,20210305,000000,82.159,82.209,80.889,82.109,160435,0
VIGI.US,D,20210308,000000,81.419,81.853,81.139,81.239,195457,0
VIGI.US,D,20210309,000000,82.578,83.088,82.538,82.868,291673,0
VIGI.US,D,20210310,000000,83.328,83.328,82.786,83.138,183372,0
VIGI.US,D,20210311,000000,83.978,84.351,83.748,84.248,168381,0
VIGI.US,D,20210312,000000,83.078,83.498,82.768,83.458,112339,0
VIGI.US,D,20210315,000000,83.188,83.622,82.908,83.578,119387,0
VIGI.US,D,20210316,000000,83.788,83.989,83.708,83.868,285827,0
VIGI.US,D,20210317,000000,83.388,84.338,83.208,84.158,138452,0
VIGI.US,D,20210318,000000,83.448,83.807,82.988,83.008,158606,0
VIGI.US,D,20210319,000000,83.288,83.663,82.878,83.518,174767,0
VIGI.US,D,20210322,000000,83.38,83.78,83.21,83.54,215796,0
VIGI.US,D,20210323,000000,83.13,83.35,82.57,82.76,248275,0
VIGI.US,D,20210324,000000,82.25,82.5093,81.96,82.01,187764,0
VIGI.US,D,20210325,000000,82.03,82.45,81.7994,82.38,153088,0
VIGI.US,D,20210326,000000,82.7,83.43,82.535,83.42,270253,0
VIGI.US,D,20210329,000000,83.12,83.395,82.96,83.27,108399,0
VIGI.US,D,20210330,000000,82.86,83.09,82.66,82.96,186699,0
VIGI.US,D,20210331,000000,82.81,83.14,82.73,82.83,207324,0
VIGI.US,D,20210401,000000,83.39,84.07,83.39,83.95,165966,0
VIGI.US,D,20210405,000000,84.4,84.7668,84.05,84.75,214833,0
VIGI.US,D,20210406,000000,84.18,84.469,84.05,84.29,163132,0
VIGI.US,D,20210407,000000,83.51,83.72,83.38,83.67,231136,0
VIGI.US,D,20210408,000000,84.5,84.74,84.48,84.62,148347,0
VIGI.US,D,20210409,000000,84.58,84.8762,84.48,84.85,136400,0
VIGI.US,D,20210412,000000,84.12,84.15,83.965,84.12,147758,0
VIGI.US,D,20210413,000000,84.21,84.54,84.06,84.48,116825,0
VIGI.US,D,20210414,000000,84.65,84.9414,84.47,84.47,234812,0
VIGI.US,D,20210415,000000,85.15,85.49,85.15,85.46,213443,0
VIGI.US,D,20210416,000000,85.64,85.942,85.5,85.91,105696,0
VIGI.US,D,20210419,000000,85.69,85.69,85.1963,85.46,96401,0
VIGI.US,D,20210420,000000,84.87,84.93,84.2739,84.45,231824,0
VIGI.US,D,20210421,000000,84.31,85.14,84.25,85.14,102124,0
VIGI.US,D,20210422,000000,85.53,85.5499,84.95,85.12,137458,0
VIGI.US,D,20210423,000000,85.44,85.89,85.36,85.78,153484,0
VIGI.US,D,20210426,000000,85.46,85.5296,85.2401,85.42,172644,0
VIGI.US,D,20210427,000000,85.18,85.355,85.0995,85.34,152796,0
VIGI.US,D,20210428,000000,85.3933,85.78,85.3,85.62,178587,0
VIGI.US,D,20210429,000000,85.8,85.9,85.2454,85.71,165817,0
VIGI.US,D,20210430,000000,85.24,85.4511,84.49,84.63,116173,0
VIGI.US,D,20210503,000000,85.16,85.45,85.05,85.34,95408,0
VIGI.US,D,20210504,000000,84.58,84.63,83.83,84.35,283677,0
VIGI.US,D,20210505,000000,85.14,85.36,84.89,85.21,87830,0
VIGI.US,D,20210506,000000,85.26,85.68,85.03,85.5,118343,0
VIGI.US,D,20210507,000000,86.1,86.7434,85.96,86.6,131917,0
VIGI.US,D,20210510,000000,86.53,86.53,85.79,85.92,164868,0
VIGI.US,D,20210511,000000,84.49,85.07,84.29,84.89,149909,0
VIGI.US,D,20210512,000000,84.35,84.57,83.3282,83.34,259816,0
VIGI.US,D,20210513,000000,83.58,84.2,83.58,84.03,252803,0
VIGI.US,D,20210514,000000,85.04,85.63,84.937,85.59,244607,0
VIGI.US,D,20210517,000000,85.21,85.5946,85.21,85.49,96417,0
VIGI.US,D,20210518,000000,85.89,86.1821,85.78,85.78,125370,0
VIGI.US,D,20210519,000000,85.16,85.6738,84.83,85.43,182568,0
VIGI.US,D,20210520,000000,85.9,86.5293,85.9,86.38,114750,0
VIGI.US,D,20210521,000000,86.71,86.71,86.09,86.35,96356,0
VIGI.US,D,20210524,000000,86.48,86.979,86.48,86.85,111938,0
VIGI.US,D,20210525,000000,87.45,87.4922,87.16,87.28,77798,0
VIGI.US,D,20210526,000000,87.52,87.72,87.42,87.64,199214,0
VIGI.US,D,20210527,000000,87.57,87.64,87.29,87.48,106453,0
VIGI.US,D,20210528,000000,87.78,88.05,87.6457,87.78,128560,0
VIGI.US,D,20210601,000000,88.26,88.36,87.84,87.89,321335,0
VIGI.US,D,20210602,000000,87.88,88.073,87.76,87.89,151125,0
VIGI.US,D,20210603,000000,87.44,87.62,87.24,87.41,91551,0
VIGI.US,D,20210604,000000,88.03,88.258,87.96,88.23,83617,0
VIGI.US,D,20210607,000000,88.34,88.449,88.13,88.41,75351,0
VIGI.US,D,20210608,000000,88.64,88.64,88.205,88.41,139534,0
VIGI.US,D,20210609,000000,88.5,88.6,88.36,88.36,103096,0
VIGI.US,D,20210610,000000,88.61,89,88.5575,88.91,118308,0
VIGI.US,D,20210611,000000,89.06,89.11,88.76,88.96,94280,0
VIGI.US,D,20210614,000000,89.24,89.3257,89.1,89.29,125529,0
VIGI.US,D,20210615,000000,89.4,89.449,89.18,89.28,96478,0
VIGI.US,D,20210616,000000,89.52,89.599,88.39,88.73,175134,0
VIGI.US,D,20210617,000000,88.36,88.52,88.07,88.35,193633,0
VIGI.US,D,20210618,000000,87.77,87.77,87.315,87.4,113208,0
VIGI.US,D,20210621,000000,87.15,87.96,87.03,87.96,91503,0
VIGI.US,D,20210622,000000,87.33,87.8629,87.22,87.68,92489,0
VIGI.US,D,20210623,000000,87.93,87.93,87.41,87.5,130448,0
VIGI.US,D,20210624,000000,88.01,88.08,87.8044,88.05,159190,0
VIGI.US,D,20210625,000000,88.25,88.3225,87.94,88.18,126235,0
VIGI.US,D,20210628,000000,88.06,88.07,87.841,87.95,108773,0
VIGI.US,D,20210629,000000,88.1,88.14,87.9175,88.14,123744,0
VIGI.US,D,20210630,000000,87.6,87.81,87.2506,87.48,121685,0
VIGI.US,D,20210701,000000,87.21,87.48,87.05,87.48,160334,0
VIGI.US,D,20210702,000000,87.56,87.9,87.37,87.78,122834,0
VIGI.US,D,20210706,000000,87.56,87.56,86.87,87.21,165913,0
VIGI.US,D,20210707,000000,87.68,87.88,87.335,87.88,108881,0
VIGI.US,D,20210708,000000,86.59,87.04,86.4597,86.73,141660,0
VIGI.US,D,20210709,000000,87.43,87.81,87.32,87.81,115777,0
