<TICKER>,<PER>,<DATE>,<TIME>,<OPEN>,<HIGH>,<LOW>,<CLOSE>,<VOL>,<OPENINT>
CLDL.US,D,20210112,000000,25.58,26.62,25.3599,26.0297,38305,0
CLDL.US,D,20210113,000000,25.81,26.22,25.81,26.18,10069,0
CLDL.US,D,20210114,000000,25.97,26.995,25.48,25.6343,86022,0
CLDL.US,D,20210115,000000,25.62,25.86,25.055,25.055,26455,0
CLDL.US,D,20210119,000000,25.505,25.61,25.1199,25.537,17180,0
CLDL.US,D,20210120,000000,25.845,26.43,25.845,26.3478,9384,0
CLDL.US,D,20210121,000000,25.74,26.27,25.74,26.07,9686,0
CLDL.US,D,20210122,000000,25.6,26.24,25.6,26.2014,6746,0
CLDL.US,D,20210125,000000,26.74,27.2,25.15,25.74,35372,0
CLDL.US,D,20210126,000000,25.66,25.68,25.04,25.0449,15139,0
CLDL.US,D,20210127,000000,24.42,24.515,23.24,23.5539,32391,0
CLDL.US,D,20210128,000000,23.76,25.18,23.76,24.6153,35926,0
CLDL.US,D,20210129,000000,24.51,24.51,23.75,24.1228,19275,0
CLDL.US,D,20210201,000000,24.58,25.48,24.39,25.48,17887,0
CLDL.US,D,20210202,000000,25.66,27.27,25.66,27.2575,73858,0
CLDL.US,D,20210203,000000,27.36,27.42,26.57,26.72,12783,0
CLDL.US,D,20210204,000000,27.09,27.81,26.9219,27.7917,42755,0
CLDL.US,D,20210205,000000,28.24,29.17,28.2399,28.975,35578,0
CLDL.US,D,20210208,000000,29.5,30.18,29.12,29.29,37941,0
CLDL.US,D,20210209,000000,29.63,30.14,29.52,30.1,20132,0
CLDL.US,D,20210210,000000,30.74,30.8,29.71,30.33,31539,0
CLDL.US,D,20210211,000000,30.46,30.47,29.65,30.15,36616,0
CLDL.US,D,20210212,000000,30.11,30.81,29.78,30.81,20310,0
CLDL.US,D,20210216,000000,31.1,31.15,29.52,29.91,39103,0
CLDL.US,D,20210217,000000,29.53,29.53,28.16,29.22,25889,0
CLDL.US,D,20210218,000000,28.37,30.02,28.37,29.895,18209,0
CLDL.US,D,20210219,000000,30.29,30.5,29.845,29.925,14154,0
CLDL.US,D,20210222,000000,29.34,29.34,27.47,27.5414,37634,0
CLDL.US,D,20210223,000000,25.92,26.8305,24.44,26.8305,38319,0
CLDL.US,D,20210224,000000,25.99,27.31,25.9,27.31,22982,0
CLDL.US,D,20210225,000000,27.1951,27.1951,24.58,24.86,29469,0
CLDL.US,D,20210226,000000,25.2501,25.6,24.0309,25.093,40602,0
CLDL.US,D,20210301,000000,25.935,26.88,25.89,26.83,27477,0
CLDL.US,D,20210302,000000,26.5,26.75,25.54,25.62,54543,0
CLDL.US,D,20210303,000000,25.1,25.1,22.62,22.74,34672,0
CLDL.US,D,20210304,000000,22.34,22.62,20.675,21.25,30883,0
CLDL.US,D,20210305,000000,21.42,21.57,19.38,21.5171,29688,0
CLDL.US,D,20210308,000000,21.52,21.79,19.96,20.01,44180,0
CLDL.US,D,20210309,000000,20.8,22.55,20.8,22.2667,29292,0
CLDL.US,D,20210310,000000,23.28,23.28,21.81,21.93,38176,0
CLDL.US,D,20210311,000000,22.33,23.64,22.33,23.518,47269,0
CLDL.US,D,20210312,000000,22.62,22.89,22.08,22.89,47437,0
CLDL.US,D,20210315,000000,22.44,22.9993,22.32,22.9993,17838,0
CLDL.US,D,20210316,000000,23.55,23.68,22.28,22.7,40480,0
CLDL.US,D,20210317,000000,22.15,23.12,21.66,22.72,20974,0
CLDL.US,D,20210318,000000,22.08,22.09,20.8331,20.8973,23562,0
CLDL.US,D,20210319,000000,20.91,21.54,20.8,21.276,10906,0
CLDL.US,D,20210322,000000,21.55,22.24,21.55,22.04,8391,0
CLDL.US,D,20210323,000000,22.09,22.35,21.74,21.76,16688,0
CLDL.US,D,20210324,000000,21.96,21.96,20.2,20.3153,28497,0
CLDL.US,D,20210325,000000,19.79,20.03,19.32,20.03,23514,0
CLDL.US,D,20210326,000000,20.11,20.48,19.69,20.48,4056,0
CLDL.US,D,20210329,000000,20.3511,20.6,19.62,19.93,5797,0
CLDL.US,D,20210330,000000,19.57,19.845,19.1,19.8,14909,0
CLDL.US,D,20210331,000000,19.92,21.2922,19.92,21.16,15002,0
CLDL.US,D,20210401,000000,21.75,22.486,21.75,22.0893,25073,0
CLDL.US,D,20210405,000000,22.66,22.66,21.9271,22.24,11013,0
CLDL.US,D,20210406,000000,21.99,22.94,21.99,22.64,6300,0
CLDL.US,D,20210407,000000,22.75,22.75,22.05,22.05,5404,0
CLDL.US,D,20210408,000000,22.76,23.6099,22.76,23.25,24379,0
CLDL.US,D,20210409,000000,23.25,23.42,22.595,23.26,18019,0
CLDL.US,D,20210412,000000,23.24,23.6239,23.02,23.4361,12101,0
CLDL.US,D,20210413,000000,24.02,24.87,23.2601,24.83,30459,0
CLDL.US,D,20210414,000000,25.116,25.47,24.01,24.01,36414,0
CLDL.US,D,20210415,000000,24.77,25.2469,24.7166,25.14,20732,0
CLDL.US,D,20210416,000000,24.95,24.98,24.602,24.81,13192,0
CLDL.US,D,20210419,000000,24.64,24.98,23.89,23.94,12396,0
CLDL.US,D,20210420,000000,24.1,24.3512,23.24,23.33,6310,0
CLDL.US,D,20210421,000000,23.1,23.76,23.1,23.76,3298,0
CLDL.US,D,20210422,000000,24,24.95,23.9,24.02,15454,0
CLDL.US,D,20210423,000000,24.61,24.831,24.48,24.72,15585,0
CLDL.US,D,20210426,000000,25.46,25.7,24.82,25.64,30290,0
CLDL.US,D,20210427,000000,25.99,25.99,25.4,25.46,6556,0
CLDL.US,D,20210428,000000,25.93,25.93,25.0624,25.53,3787,0
CLDL.US,D,20210429,000000,25.63,25.63,23.9,24.4,29955,0
CLDL.US,D,20210430,000000,24.05,24.62,23.8,23.9,5462,0
CLDL.US,D,20210503,000000,24.18,24.18,22.99,23.04,10441,0
CLDL.US,D,20210504,000000,22.48,22.48,20.9001,21.5408,24025,0
CLDL.US,D,20210505,000000,21.79,21.79,21.16,21.2081,7910,0
CLDL.US,D,20210506,000000,21.1,21.1,20,20.3999,27233,0
CLDL.US,D,20210507,000000,21.25,21.56,20.67,20.92,20691,0
CLDL.US,D,20210510,000000,20.38,20.38,20,20.0714,14713,0
CLDL.US,D,20210511,000000,18.7,20.79,18.58,20.63,57821,0
CLDL.US,D,20210512,000000,20.13,20.13,19.07,19.26,14796,0
CLDL.US,D,20210513,000000,19.51,20.07,18.53,18.85,19782,0
CLDL.US,D,20210514,000000,19.51,20.1299,19.36,20.08,9565,0
CLDL.US,D,20210517,000000,20.05,20.05,19.27,19.7347,13730,0
CLDL.US,D,20210518,000000,19.92,20.38,19.92,20.1276,5698,0
CLDL.US,D,20210519,000000,19.21,19.9899,19.19,19.9899,2918,0
CLDL.US,D,20210520,000000,21.16,21.41,21.03,21.25,16244,0
CLDL.US,D,20210521,000000,21.54,21.54,21.01,21.1,15504,0
CLDL.US,D,20210524,000000,21.27,21.83,21.27,21.6759,11823,0
CLDL.US,D,20210525,000000,21.77,21.86,21.53,21.5552,16068,0
CLDL.US,D,20210526,000000,22.3,22.38,22.21,22.245,7475,0
CLDL.US,D,20210527,000000,21.45,22.33,21.35,21.9214,11082,0
CLDL.US,D,20210528,000000,22.39,22.99,22.36,22.4487,12819,0
CLDL.US,D,20210601,000000,22.5,22.69,21.96,22.2,19841,0
CLDL.US,D,20210602,000000,22.22,22.43,22.02,22.245,15489,0
CLDL.US,D,20210603,000000,21.5,21.67,21.29,21.3545,6750,0
CLDL.US,D,20210604,000000,21.42,22.22,21.42,22.1319,5200,0
CLDL.US,D,20210607,000000,22.48,22.84,22.16,22.84,3609,0
CLDL.US,D,20210608,000000,23,23.24,22.6,22.9681,18205,0
CLDL.US,D,20210609,000000,23.06,23.13,22.715,22.715,6373,0
CLDL.US,D,20210610,000000,22.75,23.99,22.75,23.63,18556,0
CLDL.US,D,20210611,000000,24.02,24.97,23.78,24.48,16168,0
CLDL.US,D,20210614,000000,24.7,25.24,24.67,25.0734,37385,0
CLDL.US,D,20210615,000000,24.94,25.064,24,24.28,32719,0
CLDL.US,D,20210616,000000,23.87,24.59,23.56,24.13,4978,0
CLDL.US,D,20210617,000000,24.92,25.505,24.84,25.13,31210,0
CLDL.US,D,20210618,000000,25.19,26.26,25.19,25.91,38056,0
CLDL.US,D,20210621,000000,25.52,26.23,24.91,25.7976,19238,0
CLDL.US,D,20210622,000000,26.37,26.99,26.155,26.77,35752,0
CLDL.US,D,20210623,000000,27.02,27.402,26.7,26.83,30674,0
CLDL.US,D,20210624,000000,27.22,27.665,26.76,26.91,15982,0
CLDL.US,D,20210625,000000,27.1301,27.3486,26.58,27.08,16573,0
CLDL.US,D,20210628,000000,28,28,27.5301,27.775,23004,0
CLDL.US,D,20210629,000000,27.93,28.17,27.6915,27.9996,9246,0
CLDL.US,D,20210630,000000,28.24,28.24,26.5601,27.08,25049,0
CLDL.US,D,20210701,000000,27,27.24,26.45,27.1,17021,0
CLDL.US,D,20210702,000000,27.799,27.85,27.3247,27.725,15072,0
CLDL.US,D,20210706,000000,28.2,28.74,28.03,28.58,31795,0
CLDL.US,D,20210707,000000,29,29.21,28.15,28.805,16866,0
CLDL.US,D,20210708,000000,28.03,28.4,26.31,28.17,28242,0
CLDL.US,D,20210709,000000,27.99,28.635,27.88,28.635,4980,0
