<TICKER>,<PER>,<DATE>,<TIME>,<OPEN>,<HIGH>,<LOW>,<CLOSE>,<VOL>,<OPENINT>
SZNE.US,D,20180725,000000,24.224,24.32,24.222,24.32,1139,0
SZNE.US,D,20180726,000000,24.593,24.593,24.497,24.503,1200,0
SZNE.US,D,20180727,000000,24.446,24.446,24.446,24.446,127,0
SZNE.US,D,20180731,000000,24.426,24.502,24.426,24.446,6473,0
SZNE.US,D,20180801,000000,24.436,24.436,24.398,24.398,1660,0
SZNE.US,D,20180802,000000,24.544,24.583,24.529,24.583,672,0
SZNE.US,D,20180803,000000,24.901,24.901,24.901,24.901,101,0
SZNE.US,D,20180806,000000,24.893,24.929,24.883,24.883,855,0
SZNE.US,D,20180807,000000,24.775,24.785,24.745,24.755,4463,0
SZNE.US,D,20180808,000000,24.698,24.726,24.688,24.698,2762,0
SZNE.US,D,20180810,000000,24.534,24.553,24.485,24.485,1580,0
SZNE.US,D,20180816,000000,24.795,24.873,24.795,24.873,1477,0
SZNE.US,D,20180822,000000,24.967,24.967,24.948,24.948,620,0
SZNE.US,D,20180824,000000,24.969,24.986,24.969,24.986,1735,0
SZNE.US,D,20180828,000000,25.103,25.103,25.044,25.047,1866,0
SZNE.US,D,20180830,000000,25.133,25.133,25.054,25.064,1014,0
SZNE.US,D,20180831,000000,25.094,25.094,25.094,25.094,101,0
SZNE.US,D,20180906,000000,25.173,25.173,25.173,25.173,186,0
SZNE.US,D,20180912,000000,25.238,25.238,25.238,25.238,101,0
SZNE.US,D,20180914,000000,25.369,25.369,25.369,25.369,674,0
SZNE.US,D,20180918,000000,25.277,25.277,25.277,25.277,3880,0
SZNE.US,D,20180920,000000,25.315,25.364,25.315,25.364,3777,0
SZNE.US,D,20180924,000000,25.49,26.003,25.49,25.49,2379,0
SZNE.US,D,20180926,000000,25.452,25.452,25.452,25.452,1963,0
SZNE.US,D,20180928,000000,25.384,25.384,25.384,25.384,196,0
SZNE.US,D,20181001,000000,25.455,25.455,25.455,25.455,619,0
SZNE.US,D,20181004,000000,25.053,25.053,25.053,25.053,202,0
SZNE.US,D,20181009,000000,25.181,25.191,25.181,25.191,2582,0
SZNE.US,D,20181011,000000,24.337,24.337,24.337,24.337,196,0
SZNE.US,D,20181012,000000,24.346,24.346,24.346,24.346,1751,0
SZNE.US,D,20181015,000000,24.346,24.346,24.346,24.346,855,0
SZNE.US,D,20181022,000000,24.566,24.566,24.566,24.566,274,0
SZNE.US,D,20181024,000000,24.28,24.28,24.28,24.28,267,0
SZNE.US,D,20181029,000000,24.071,24.071,24.071,24.071,517,0
SZNE.US,D,20181030,000000,24.126,24.126,24.126,24.126,1032,0
SZNE.US,D,20181031,000000,24.26,24.26,24.26,24.26,518,0
SZNE.US,D,20181101,000000,24.581,24.581,24.581,24.581,2067,0
SZNE.US,D,20181102,000000,24.901,24.901,24.784,24.823,16776,0
SZNE.US,D,20181105,000000,24.784,24.882,24.734,24.862,827,0
SZNE.US,D,20181106,000000,25.023,25.023,24.985,24.985,2272,0
SZNE.US,D,20181107,000000,25.162,25.461,25.162,25.461,56293,0
SZNE.US,D,20181108,000000,25.49,25.528,25.451,25.471,9467,0
SZNE.US,D,20181109,000000,25.2,25.2,25.112,25.122,1887,0
SZNE.US,D,20181113,000000,24.97,24.97,24.97,24.97,224,0
SZNE.US,D,20181114,000000,24.907,24.907,24.813,24.823,1018,0
SZNE.US,D,20181116,000000,24.842,24.842,24.842,24.842,111,0
SZNE.US,D,20181119,000000,24.798,24.799,24.505,24.505,580,0
SZNE.US,D,20181120,000000,24.173,24.173,24.173,24.173,383,0
SZNE.US,D,20181126,000000,24.551,24.551,24.551,24.551,153,0
SZNE.US,D,20181129,000000,24.827,24.976,24.784,24.976,2774,0
SZNE.US,D,20181130,000000,24.985,24.985,24.928,24.928,2841,0
SZNE.US,D,20181203,000000,25.432,25.432,25.432,25.432,413,0
SZNE.US,D,20181204,000000,25.122,25.122,24.679,24.679,837,0
SZNE.US,D,20181206,000000,24.066,24.119,23.997,24.057,7273,0
SZNE.US,D,20181207,000000,23.834,23.834,23.834,23.834,207,0
SZNE.US,D,20181210,000000,23.759,23.759,23.759,23.759,50,0
SZNE.US,D,20181211,000000,23.756,23.756,23.675,23.675,101,0
SZNE.US,D,20181212,000000,23.857,23.857,23.857,23.857,1,0
SZNE.US,D,20181213,000000,23.625,23.625,23.625,23.625,2,0
SZNE.US,D,20181214,000000,23.428,23.428,23.35,23.35,1031,0
SZNE.US,D,20181217,000000,22.845,22.845,22.845,22.845,1,0
SZNE.US,D,20181218,000000,23.077,23.157,22.991,23.001,5249,0
SZNE.US,D,20181219,000000,23.206,23.206,22.559,22.559,417,0
SZNE.US,D,20181220,000000,22.556,22.556,22.11,22.11,831,0
SZNE.US,D,20181221,000000,21.758,21.758,21.758,21.758,1,0
SZNE.US,D,20181224,000000,21.607,21.607,21.303,21.303,7595,0
SZNE.US,D,20181226,000000,21.324,22.251,21.286,22.251,208,0
SZNE.US,D,20181227,000000,21.997,22.434,21.997,22.434,2524,0
SZNE.US,D,20181228,000000,22.589,22.589,22.408,22.408,2244,0
SZNE.US,D,20181231,000000,22.537,22.537,22.537,22.537,2,0
SZNE.US,D,20190102,000000,22.773,22.773,22.704,22.704,3094,0
SZNE.US,D,20190103,000000,22.121,22.239,22.093,22.093,450,0
SZNE.US,D,20190104,000000,22.739,22.926,22.739,22.926,340,0
SZNE.US,D,20190107,000000,23.378,23.397,23.234,23.234,3259,0
SZNE.US,D,20190108,000000,23.42,23.495,23.42,23.465,3198,0
SZNE.US,D,20190109,000000,23.641,23.641,23.641,23.641,411,0
SZNE.US,D,20190110,000000,23.513,23.774,23.475,23.774,372,0
SZNE.US,D,20190111,000000,23.65,23.805,23.641,23.805,421,0
SZNE.US,D,20190114,000000,23.698,23.698,23.66,23.662,1529,0
SZNE.US,D,20190115,000000,23.623,23.679,23.623,23.674,434,0
SZNE.US,D,20190116,000000,23.67,23.746,23.67,23.685,1538,0
SZNE.US,D,20190117,000000,24,24,23.954,23.954,214,0
SZNE.US,D,20190118,000000,24.418,24.418,24.358,24.358,842,0
SZNE.US,D,20190122,000000,23.982,23.982,23.914,23.914,121,0
SZNE.US,D,20190123,000000,23.909,23.909,23.909,23.909,19,0
SZNE.US,D,20190124,000000,24.064,24.087,24.064,24.087,309,0
SZNE.US,D,20190125,000000,24.482,24.482,24.482,24.482,19,0
SZNE.US,D,20190128,000000,24.239,24.339,24.239,24.339,1400,0
SZNE.US,D,20190129,000000,24.448,24.448,24.448,24.448,19,0
SZNE.US,D,20190130,000000,24.545,24.786,24.536,24.786,1954,0
SZNE.US,D,20190131,000000,24.866,24.866,24.866,24.866,1,0
SZNE.US,D,20190201,000000,24.93,24.955,24.93,24.955,1423,0
SZNE.US,D,20190204,000000,24.906,25.102,24.906,25.102,382,0
SZNE.US,D,20190205,000000,25.267,25.267,25.267,25.267,25,0
SZNE.US,D,20190206,000000,25.362,25.362,25.311,25.311,282,0
SZNE.US,D,20190207,000000,25.029,25.074,25.006,25.074,834,0
SZNE.US,D,20190208,000000,25.09,25.09,25.09,25.09,25,0
SZNE.US,D,20190211,000000,25.213,25.213,25.213,25.213,25,0
SZNE.US,D,20190212,000000,25.644,25.644,25.619,25.619,103,0
SZNE.US,D,20190213,000000,25.742,25.785,25.674,25.736,4091,0
SZNE.US,D,20190214,000000,25.693,25.699,25.665,25.665,1293,0
SZNE.US,D,20190215,000000,25.848,25.848,25.848,25.848,2,0
SZNE.US,D,20190219,000000,25.923,25.923,25.923,25.923,2,0
SZNE.US,D,20190220,000000,26.097,26.097,26.097,26.097,40,0
SZNE.US,D,20190221,000000,26.267,26.267,26.005,26.043,19757,0
SZNE.US,D,20190222,000000,26.233,26.233,26.233,26.233,515,0
SZNE.US,D,20190225,000000,26.414,26.414,26.295,26.295,1665,0
SZNE.US,D,20190226,000000,26.306,26.306,26.237,26.237,101,0
SZNE.US,D,20190227,000000,26.189,26.22,26.189,26.22,518,0
SZNE.US,D,20190228,000000,26.122,26.122,26.066,26.066,629,0
SZNE.US,D,20190301,000000,26.404,26.404,26.151,26.222,1238,0
SZNE.US,D,20190304,000000,26.102,26.141,26.102,26.141,56085,0
SZNE.US,D,20190305,000000,26.102,26.112,26.061,26.061,6385,0
SZNE.US,D,20190306,000000,25.936,25.936,25.882,25.882,205,0
SZNE.US,D,20190307,000000,25.975,25.975,25.628,25.636,30740,0
SZNE.US,D,20190308,000000,25.47,25.575,25.46,25.575,960,0
SZNE.US,D,20190311,000000,25.844,25.921,25.836,25.921,672,0
SZNE.US,D,20190312,000000,25.975,26.014,25.94,25.944,6138,0
SZNE.US,D,20190313,000000,26.209,26.209,26.093,26.093,11453,0
SZNE.US,D,20190314,000000,26.082,26.082,25.956,25.967,4404,0
SZNE.US,D,20190315,000000,26.112,26.112,26.006,26.006,1166,0
SZNE.US,D,20190318,000000,26.151,26.204,26.033,26.204,3685,0
SZNE.US,D,20190319,000000,26.333,26.347,26.166,26.166,2889,0
SZNE.US,D,20190320,000000,25.975,26.082,25.975,26.002,472,0
SZNE.US,D,20190321,000000,26.316,26.429,26.316,26.428,515,0
SZNE.US,D,20190322,000000,26.316,26.316,25.754,25.754,2131,0
SZNE.US,D,20190325,000000,25.723,25.771,25.723,25.76,676,0
SZNE.US,D,20190326,000000,26.034,26.034,25.932,25.932,514,0
SZNE.US,D,20190327,000000,26.034,26.034,25.916,25.931,1436,0
SZNE.US,D,20190328,000000,26.179,26.179,26.137,26.137,572,0
SZNE.US,D,20190329,000000,26.298,26.355,26.298,26.335,2134,0
SZNE.US,D,20190401,000000,26.755,26.808,26.755,26.808,656,0
SZNE.US,D,20190402,000000,26.815,26.815,26.815,26.815,198,0
SZNE.US,D,20190403,000000,27.048,27.106,27.012,27.012,607,0
SZNE.US,D,20190404,000000,27.042,27.136,27.042,27.136,3179,0
SZNE.US,D,20190405,000000,27.292,27.292,27.246,27.246,527,0
SZNE.US,D,20190408,000000,27.287,27.287,27.287,27.287,1,0
SZNE.US,D,20190409,000000,27.183,27.183,26.962,26.962,432,0
SZNE.US,D,20190410,000000,27,27.091,27,27.091,1245,0
SZNE.US,D,20190411,000000,27.169,27.188,27.169,27.188,514,0
SZNE.US,D,20190412,000000,27.437,27.437,27.437,27.437,36,0
SZNE.US,D,20190415,000000,27.38,27.38,27.375,27.375,120,0
SZNE.US,D,20190416,000000,27.427,27.496,27.387,27.495,4333,0
SZNE.US,D,20190417,000000,27.477,27.477,27.452,27.452,1088,0
SZNE.US,D,20190418,000000,27.518,27.545,27.506,27.521,3503,0
SZNE.US,D,20190422,000000,27.417,27.433,27.377,27.377,11604,0
SZNE.US,D,20190423,000000,27.624,27.672,27.614,27.638,1799,0
SZNE.US,D,20190424,000000,27.672,27.672,27.633,27.633,1532,0
SZNE.US,D,20190425,000000,27.368,27.368,27.252,27.258,4603,0
SZNE.US,D,20190426,000000,27.351,27.398,27.116,27.362,10274,0
SZNE.US,D,20190429,000000,27.437,27.447,27.397,27.397,3794,0
SZNE.US,D,20190430,000000,27.477,27.506,27.455,27.486,134522,0
SZNE.US,D,20190501,000000,27.321,27.401,27.154,27.154,6498,0
SZNE.US,D,20190502,000000,27.16,27.267,27.048,27.267,18182,0
SZNE.US,D,20190503,000000,27.476,27.585,27.432,27.555,18532,0
SZNE.US,D,20190506,000000,27.408,27.669,27.389,27.669,32107,0
SZNE.US,D,20190507,000000,27.555,27.555,27.134,27.302,22953,0
SZNE.US,D,20190508,000000,27.213,27.427,27.213,27.29,28759,0
SZNE.US,D,20190509,000000,27.066,27.323,27.056,27.323,17331,0
SZNE.US,D,20190510,000000,27.312,27.333,26.826,27.333,12804,0
SZNE.US,D,20190513,000000,26.951,26.951,26.882,26.923,9028,0
SZNE.US,D,20190514,000000,27.151,27.213,27.119,27.119,53284,0
SZNE.US,D,20190515,000000,26.872,27.262,26.872,27.218,51067,0
SZNE.US,D,20190516,000000,27.331,27.525,27.319,27.325,5744,0
SZNE.US,D,20190517,000000,27.36,27.398,27.305,27.305,672,0
SZNE.US,D,20190520,000000,27.116,27.298,27.116,27.208,11677,0
SZNE.US,D,20190521,000000,27.359,27.408,27.308,27.315,4183,0
SZNE.US,D,20190522,000000,27.282,27.456,27.282,27.437,4739,0
SZNE.US,D,20190523,000000,27.232,27.243,27.103,27.243,7003,0
SZNE.US,D,20190524,000000,27.272,27.312,27.182,27.265,6722,0
SZNE.US,D,20190528,000000,27.282,27.282,26.825,26.825,36894,0
SZNE.US,D,20190529,000000,26.737,26.737,26.405,26.505,14253,0
SZNE.US,D,20190530,000000,26.645,26.645,26.509,26.563,4443,0
SZNE.US,D,20190531,000000,26.395,26.395,26.291,26.321,35193,0
SZNE.US,D,20190603,000000,26.424,26.604,26.424,26.603,6596,0
SZNE.US,D,20190604,000000,26.852,26.999,26.837,26.999,13839,0
SZNE.US,D,20190605,000000,27.144,27.315,27.144,27.315,7930,0
SZNE.US,D,20190606,000000,27.467,27.496,27.418,27.475,20276,0
SZNE.US,D,20190607,000000,27.729,27.816,27.709,27.762,30949,0
SZNE.US,D,20190610,000000,27.856,27.856,27.749,27.799,4214,0
SZNE.US,D,20190611,000000,27.846,27.846,27.756,27.798,14591,0
SZNE.US,D,20190612,000000,27.826,27.826,27.779,27.812,1168,0
SZNE.US,D,20190613,000000,27.944,27.944,27.802,27.836,5119,0
SZNE.US,D,20190614,000000,27.876,27.876,27.798,27.799,5876,0
SZNE.US,D,20190617,000000,27.798,27.806,27.737,27.79,13669,0
SZNE.US,D,20190618,000000,27.973,27.973,27.81,27.83,8166,0
SZNE.US,D,20190619,000000,27.886,28.081,27.826,28.081,9181,0
SZNE.US,D,20190620,000000,28.207,28.207,28.111,28.189,127903,0
SZNE.US,D,20190621,000000,28.022,28.236,28.008,28.179,19646,0
SZNE.US,D,20190624,000000,28.15,28.15,28.072,28.072,7399,0
SZNE.US,D,20190625,000000,28.072,28.198,28.062,28.076,4686,0
SZNE.US,D,20190626,000000,27.759,27.816,27.695,27.753,15616,0
SZNE.US,D,20190627,000000,27.788,27.848,27.769,27.847,1575,0
SZNE.US,D,20190628,000000,27.879,28.062,27.872,28.062,23684,0
SZNE.US,D,20190701,000000,28.304,28.304,27.983,28.14,32908,0
SZNE.US,D,20190702,000000,28.101,28.208,28.101,28.202,6400,0
SZNE.US,D,20190703,000000,28.441,28.588,28.39,28.586,16048,0
SZNE.US,D,20190705,000000,28.501,28.501,28.314,28.428,10841,0
SZNE.US,D,20190708,000000,28.358,28.358,28.236,28.349,12225,0
SZNE.US,D,20190709,000000,28.294,28.294,28.18,28.259,19196,0
SZNE.US,D,20190710,000000,28.383,28.415,28.314,28.37,3407,0
SZNE.US,D,20190711,000000,28.423,28.423,28.246,28.364,11560,0
SZNE.US,D,20190712,000000,28.423,28.423,28.266,28.333,9750,0
SZNE.US,D,20190715,000000,28.403,28.403,28.227,28.336,17364,0
SZNE.US,D,20190716,000000,28.292,28.314,28.233,28.28,28870,0
SZNE.US,D,20190717,000000,28.256,28.294,28.245,28.245,24019,0
SZNE.US,D,20190718,000000,28.304,28.452,28.218,28.424,5705,0
SZNE.US,D,20190719,000000,28.423,28.428,28.246,28.246,1780,0
SZNE.US,D,20190722,000000,28.285,28.285,28.14,28.14,6270,0
SZNE.US,D,20190723,000000,28.881,28.881,28.246,28.334,1881,0
SZNE.US,D,20190724,000000,28.344,28.352,28.222,28.352,2735,0
SZNE.US,D,20190725,000000,28.294,28.294,28.139,28.176,5606,0
SZNE.US,D,20190726,000000,28.339,28.418,28.324,28.418,3002,0
SZNE.US,D,20190729,000000,28.481,28.55,28.423,28.55,3669,0
SZNE.US,D,20190730,000000,28.52,28.52,28.481,28.501,18546,0
SZNE.US,D,20190731,000000,28.51,28.51,28.157,28.157,13068,0
SZNE.US,D,20190801,000000,28.374,28.479,28.101,28.202,8907,0
SZNE.US,D,20190802,000000,27.995,28.062,27.914,28.007,22563,0
SZNE.US,D,20190805,000000,27.769,27.769,27.241,27.318,9937,0
SZNE.US,D,20190806,000000,27.379,27.524,27.241,27.524,12744,0
SZNE.US,D,20190807,000000,27.085,27.686,27.053,27.686,4283,0
SZNE.US,D,20190808,000000,27.699,28.002,27.69,28.002,15478,0
SZNE.US,D,20190809,000000,27.935,27.95,27.749,27.923,7946,0
SZNE.US,D,20190812,000000,27.836,27.836,27.652,27.666,9177,0
SZNE.US,D,20190813,000000,28.13,28.13,27.973,27.986,4660,0
SZNE.US,D,20190814,000000,27.68,27.69,27.349,27.358,7103,0
SZNE.US,D,20190815,000000,27.379,27.594,27.35,27.554,23578,0
SZNE.US,D,20190816,000000,27.788,27.871,27.769,27.869,6272,0
SZNE.US,D,20190819,000000,28.092,28.218,28.091,28.183,8058,0
SZNE.US,D,20190820,000000,28.082,28.082,27.866,27.866,12072,0
SZNE.US,D,20190821,000000,28.012,28.042,27.983,28.02,13912,0
SZNE.US,D,20190822,000000,28.15,28.15,27.968,28.076,9538,0
SZNE.US,D,20190823,000000,28.022,28.059,27.34,27.373,13793,0
SZNE.US,D,20190826,000000,27.68,27.719,27.6,27.696,20326,0
SZNE.US,D,20190827,000000,27.789,27.789,27.512,27.512,11731,0
SZNE.US,D,20190828,000000,27.56,27.741,27.56,27.741,8211,0
SZNE.US,D,20190829,000000,27.899,27.973,27.749,27.898,13928,0
SZNE.US,D,20190830,000000,28.025,28.025,27.879,27.966,22281,0
SZNE.US,D,20190903,000000,27.769,27.955,27.719,27.925,20778,0
SZNE.US,D,20190904,000000,28.13,28.13,27.945,28.037,22571,0
SZNE.US,D,20190905,000000,28.16,28.227,28.12,28.147,27614,0
SZNE.US,D,20190906,000000,28.294,28.314,28.251,28.251,5843,0
SZNE.US,D,20190909,000000,28.304,28.304,28.143,28.199,14268,0
SZNE.US,D,20190910,000000,28.026,28.235,27.963,28.235,28708,0
SZNE.US,D,20190911,000000,28.354,28.47,28.354,28.47,7203,0
SZNE.US,D,20190912,000000,28.617,28.617,28.483,28.483,22282,0
SZNE.US,D,20190913,000000,28.51,28.57,28.379,28.4,8487,0
SZNE.US,D,20190916,000000,28.294,28.403,28.294,28.39,13139,0
SZNE.US,D,20190917,000000,28.423,28.501,28.423,28.432,6277,0
SZNE.US,D,20190918,000000,28.383,28.383,28.227,28.359,6835,0
SZNE.US,D,20190919,000000,28.413,28.472,28.385,28.385,7620,0
SZNE.US,D,20190920,000000,28.586,28.594,28.47,28.487,7702,0
SZNE.US,D,20190923,000000,28.481,28.481,28.398,28.398,15509,0
SZNE.US,D,20190924,000000,28.472,28.472,28.192,28.295,8448,0
SZNE.US,D,20190925,000000,28.344,28.344,28.218,28.277,25447,0
SZNE.US,D,20190926,000000,28.246,28.285,28.143,28.215,3937,0
SZNE.US,D,20190927,000000,28.285,28.285,28.042,28.111,7075,0
SZNE.US,D,20190930,000000,28.11,28.433,28.11,28.341,1296,0
SZNE.US,D,20191001,000000,28.256,28.274,28.076,28.12,17759,0
SZNE.US,D,20191002,000000,27.934,27.934,27.619,27.64,4044,0
SZNE.US,D,20191003,000000,27.592,27.8,27.512,27.776,11870,0
SZNE.US,D,20191004,000000,28.003,28.169,27.899,28.169,7868,0
SZNE.US,D,20191007,000000,28.1,28.146,28.021,28.044,6647,0
SZNE.US,D,20191008,000000,27.669,27.717,27.543,27.574,2235,0
SZNE.US,D,20191009,000000,27.747,27.815,27.716,27.771,2754,0
SZNE.US,D,20191010,000000,27.815,27.922,27.795,27.862,1901,0
SZNE.US,D,20191011,000000,28.001,28.208,28.001,28.052,18353,0
SZNE.US,D,20191014,000000,28.016,28.036,27.954,27.978,9326,0
SZNE.US,D,20191015,000000,28.159,28.159,28.124,28.134,888,0
SZNE.US,D,20191016,000000,28.165,28.198,28.095,28.112,12686,0
SZNE.US,D,20191017,000000,28.266,28.364,28.262,28.311,20505,0
SZNE.US,D,20191018,000000,28.34,28.34,28.308,28.308,3708,0
SZNE.US,D,20191021,000000,28.379,28.433,28.372,28.378,1866,0
SZNE.US,D,20191022,000000,28.56,28.56,28.364,28.373,15214,0
SZNE.US,D,20191023,000000,28.472,28.491,28.423,28.469,5482,0
SZNE.US,D,20191024,000000,28.442,28.474,28.391,28.474,41739,0
SZNE.US,D,20191025,000000,28.452,28.462,28.359,28.427,5944,0
SZNE.US,D,20191028,000000,28.51,28.57,28.51,28.544,14325,0
SZNE.US,D,20191029,000000,28.54,28.823,28.54,28.747,19408,0
SZNE.US,D,20191030,000000,28.697,28.823,28.668,28.802,14792,0
SZNE.US,D,20191031,000000,28.794,28.794,28.631,28.739,30610,0
SZNE.US,D,20191101,000000,29.096,29.352,29.096,29.225,112001,0
SZNE.US,D,20191104,000000,29.44,29.685,29.382,29.47,391278,0
SZNE.US,D,20191105,000000,29.567,29.695,29.558,29.596,50503,0
SZNE.US,D,20191106,000000,29.498,29.513,29.391,29.513,33548,0
SZNE.US,D,20191107,000000,29.743,29.832,29.607,29.62,111212,0
SZNE.US,D,20191108,000000,29.607,29.701,29.547,29.701,20107,0
SZNE.US,D,20191111,000000,29.567,29.675,29.567,29.66,11063,0
SZNE.US,D,20191112,000000,29.743,29.783,29.577,29.695,39500,0
SZNE.US,D,20191113,000000,29.538,29.577,29.471,29.552,6589,0
SZNE.US,D,20191114,000000,29.498,29.675,29.498,29.675,20867,0
SZNE.US,D,20191115,000000,29.861,29.861,29.734,29.799,20803,0
SZNE.US,D,20191118,000000,29.793,29.793,29.675,29.786,31991,0
SZNE.US,D,20191119,000000,29.695,29.743,29.597,29.711,8031,0
SZNE.US,D,20191120,000000,29.617,29.625,29.326,29.362,38945,0
SZNE.US,D,20191121,000000,29.344,29.428,29.324,29.33,18565,0
SZNE.US,D,20191122,000000,29.449,29.498,29.369,29.498,44210,0
SZNE.US,D,20191125,000000,29.617,29.789,29.617,29.789,19352,0
SZNE.US,D,20191126,000000,29.743,29.901,29.743,29.901,42526,0
SZNE.US,D,20191127,000000,29.939,30.008,29.92,29.949,34385,0
SZNE.US,D,20191129,000000,29.93,29.93,29.833,29.858,15075,0
SZNE.US,D,20191202,000000,29.793,29.812,29.542,29.542,24174,0
SZNE.US,D,20191203,000000,29.195,29.254,29.025,29.254,16667,0
SZNE.US,D,20191204,000000,29.4,29.827,29.357,29.39,27365,0
SZNE.US,D,20191205,000000,29.498,29.597,29.41,29.503,41899,0
SZNE.US,D,20191206,000000,29.817,29.846,29.78,29.784,38713,0
SZNE.US,D,20191209,000000,29.812,29.826,29.725,29.753,10331,0
SZNE.US,D,20191210,000000,29.724,29.773,29.607,29.641,62755,0
SZNE.US,D,20191211,000000,29.645,29.851,29.645,29.828,21047,0
SZNE.US,D,20191212,000000,29.871,30.291,29.871,30.266,17513,0
SZNE.US,D,20191213,000000,30.272,30.4,30.086,30.16,14499,0
SZNE.US,D,20191216,000000,30.39,30.399,30.228,30.237,19275,0
SZNE.US,D,20191217,000000,30.321,30.35,30.252,30.35,34794,0
SZNE.US,D,20191218,000000,30.38,30.38,30.263,30.33,15701,0
SZNE.US,D,20191219,000000,30.39,30.418,30.301,30.418,43556,0
SZNE.US,D,20191220,000000,30.575,30.605,30.487,30.577,17412,0
SZNE.US,D,20191223,000000,30.731,30.731,30.526,30.597,16596,0
SZNE.US,D,20191224,000000,30.673,30.673,30.605,30.623,34064,0
SZNE.US,D,20191226,000000,30.683,30.712,30.585,30.705,19717,0
SZNE.US,D,20191227,000000,30.82,30.82,30.644,30.65,27503,0
SZNE.US,D,20191230,000000,30.673,30.673,30.516,30.517,29823,0
SZNE.US,D,20191231,000000,30.487,30.634,30.487,30.585,14219,0
SZNE.US,D,20200102,000000,30.761,30.85,30.585,30.777,28561,0
SZNE.US,D,20200103,000000,30.461,30.654,30.42,30.502,156687,0
SZNE.US,D,20200106,000000,30.359,30.457,30.296,30.457,35447,0
SZNE.US,D,20200107,000000,30.467,30.536,30.426,30.477,32659,0
SZNE.US,D,20200108,000000,30.409,30.693,30.409,30.545,19573,0
SZNE.US,D,20200109,000000,30.731,30.731,30.591,30.703,19616,0
SZNE.US,D,20200110,000000,30.683,30.741,30.492,30.575,42382,0
SZNE.US,D,20200113,000000,30.634,30.87,30.632,30.87,723406,0
SZNE.US,D,20200114,000000,30.88,30.959,30.81,30.89,24245,0
SZNE.US,D,20200115,000000,30.921,30.971,30.82,30.875,43008,0
SZNE.US,D,20200116,000000,31.056,31.263,31.056,31.263,44222,0
SZNE.US,D,20200117,000000,31.283,31.33,31.232,31.33,28032,0
SZNE.US,D,20200121,000000,31.071,31.155,31.026,31.071,37328,0
SZNE.US,D,20200122,000000,31.105,31.18,30.959,30.959,23785,0
SZNE.US,D,20200123,000000,30.81,31.174,30.703,31.174,85177,0
SZNE.US,D,20200124,000000,31.253,31.253,30.595,30.82,17428,0
SZNE.US,D,20200127,000000,30.202,30.369,30.113,30.231,46281,0
SZNE.US,D,20200128,000000,30.359,30.624,30.359,30.516,26160,0
SZNE.US,D,20200129,000000,30.673,30.673,30.47,30.474,21481,0
SZNE.US,D,20200130,000000,30.231,30.467,30.063,30.445,20661,0
SZNE.US,D,20200131,000000,30.104,30.104,29.699,29.771,21877,0
SZNE.US,D,20200203,000000,29.928,30.172,29.928,30.054,41521,0
SZNE.US,D,20200204,000000,30.516,30.741,30.516,30.703,36051,0
SZNE.US,D,20200205,000000,30.997,31.134,30.811,31.097,15194,0
SZNE.US,D,20200206,000000,31.273,31.273,31.055,31.115,53519,0
SZNE.US,D,20200207,000000,30.949,30.949,30.644,30.678,122414,0
SZNE.US,D,20200210,000000,30.741,30.826,30.716,30.825,13002,0
SZNE.US,D,20200211,000000,31.017,31.146,30.994,31.026,15182,0
SZNE.US,D,20200212,000000,31.233,31.33,31.194,31.328,33641,0
SZNE.US,D,20200213,000000,31.223,31.253,31.026,31.154,33182,0
SZNE.US,D,20200214,000000,31.223,31.223,31.036,31.134,27993,0
SZNE.US,D,20200218,000000,30.979,31.031,30.83,30.939,71784,0
SZNE.US,D,20200219,000000,31.115,31.184,31.105,31.125,52549,0
SZNE.US,D,20200220,000000,31.036,31.283,30.84,31.154,71208,0
SZNE.US,D,20200221,000000,31.026,31.026,30.741,30.815,28196,0
SZNE.US,D,20200224,000000,29.888,29.937,29.652,29.838,29013,0
SZNE.US,D,20200225,000000,29.908,29.908,28.643,28.71,47963,0
SZNE.US,D,20200226,000000,28.807,29.122,28.398,28.437,22739,0
SZNE.US,D,20200227,000000,27.805,28.248,27.236,27.246,157791,0
SZNE.US,D,20200228,000000,26.413,27.138,26.344,27.138,90662,0
SZNE.US,D,20200302,000000,27.187,27.971,26.815,27.967,142734,0
SZNE.US,D,20200303,000000,27.757,28.277,27.078,27.326,169482,0
SZNE.US,D,20200304,000000,27.45,28.26,27.325,28.26,50379,0
SZNE.US,D,20200305,000000,27.482,27.531,26.638,27.149,128074,0
SZNE.US,D,20200306,000000,26.413,26.83,26.156,26.692,331925,0
SZNE.US,D,20200309,000000,24.577,25.268,23.83,24.409,59079,0
SZNE.US,D,20200310,000000,25.283,25.654,24.282,25.554,690646,0
SZNE.US,D,20200311,000000,24.762,24.762,24.007,24.263,16583,0
SZNE.US,D,20200312,000000,22.219,23.102,21.473,21.65,164282,0
SZNE.US,D,20200313,000000,22.976,23.29,21.68,23.29,93092,0
SZNE.US,D,20200316,000000,20.098,21.64,20.098,20.305,42391,0
SZNE.US,D,20200317,000000,20.815,21.365,19.922,21.365,18862,0
SZNE.US,D,20200318,000000,19.824,20.321,18.35,19.763,69569,0
SZNE.US,D,20200319,000000,19.587,20.453,19.578,20.273,20921,0
SZNE.US,D,20200320,000000,20.492,20.62,19.078,19.37,40470,0
SZNE.US,D,20200323,000000,19.373,19.373,17.646,18.865,57867,0
SZNE.US,D,20200324,000000,20.027,20.956,20.027,20.956,25131,0
SZNE.US,D,20200325,000000,21.926,22.476,20.474,21.574,15261,0
SZNE.US,D,20200326,000000,22.12,22.854,21.861,22.814,51373,0
SZNE.US,D,20200327,000000,22.13,22.13,21.673,21.762,17031,0
SZNE.US,D,20200330,000000,22.1,22.279,21.798,22.279,62504,0
SZNE.US,D,20200331,000000,22.179,22.432,21.847,21.867,44115,0
SZNE.US,D,20200401,000000,21.168,21.194,19.988,20.804,108973,0
SZNE.US,D,20200402,000000,20.781,21.336,20.613,20.979,48529,0
SZNE.US,D,20200403,000000,21.138,21.138,20.395,20.616,7702,0
SZNE.US,D,20200406,000000,21.535,22.434,21.535,22.434,8510,0
SZNE.US,D,20200407,000000,23.449,23.499,22.748,22.748,28418,0
SZNE.US,D,20200408,000000,22.964,23.658,22.814,23.578,12751,0
SZNE.US,D,20200409,000000,24.094,24.61,24.094,24.16,8570,0
SZNE.US,D,20200413,000000,24.044,24.044,23.389,23.588,11167,0
SZNE.US,D,20200414,000000,24.193,24.36,23.936,24.169,8864,0
SZNE.US,D,20200415,000000,23.439,23.439,23.121,23.279,6242,0
SZNE.US,D,20200416,000000,23.419,23.419,22.953,23.341,11073,0
SZNE.US,D,20200417,000000,24.004,24.177,23.886,24.177,28142,0
SZNE.US,D,20200420,000000,23.726,24.04,23.529,23.634,22135,0
SZNE.US,D,20200421,000000,23.042,23.191,22.854,22.854,6751,0
SZNE.US,D,20200422,000000,23.211,23.436,23.151,23.436,5334,0
SZNE.US,D,20200423,000000,23.736,23.872,23.459,23.511,14765,0
SZNE.US,D,20200424,000000,23.549,23.928,23.482,23.907,6059,0
SZNE.US,D,20200427,000000,24.14,24.639,24.1,24.606,8305,0
SZNE.US,D,20200428,000000,25.066,25.156,24.917,25.016,8927,0
SZNE.US,D,20200429,000000,25.453,25.821,25.453,25.671,39942,0
SZNE.US,D,20200430,000000,25.393,25.393,24.946,25.043,23443,0
SZNE.US,D,20200501,000000,24.669,24.738,24.411,24.441,12057,0
SZNE.US,D,20200504,000000,24.411,24.571,24.253,24.571,26781,0
SZNE.US,D,20200505,000000,24.738,24.986,24.738,24.787,23495,0
SZNE.US,D,20200506,000000,24.797,24.86,24.625,24.625,42092,0
SZNE.US,D,20200507,000000,24.937,24.937,24.649,24.664,12625,0
SZNE.US,D,20200508,000000,25.026,25.074,24.879,25.074,19472,0
SZNE.US,D,20200511,000000,24.898,25.328,24.898,25.255,22069,0
SZNE.US,D,20200512,000000,25.304,25.343,24.891,24.891,4840,0
SZNE.US,D,20200513,000000,24.798,24.828,24.293,24.441,12716,0
SZNE.US,D,20200514,000000,24.243,24.551,24.074,24.551,10830,0
SZNE.US,D,20200515,000000,24.521,24.719,24.461,24.65,10649,0
SZNE.US,D,20200518,000000,25.196,25.284,25.136,25.2,16635,0
SZNE.US,D,20200519,000000,25.146,25.146,24.9,24.914,26351,0
SZNE.US,D,20200520,000000,25.106,25.225,25.043,25.152,28977,0
SZNE.US,D,20200521,000000,25.016,25.016,24.748,24.838,42798,0
SZNE.US,D,20200522,000000,24.888,25.026,24.848,25.026,4544,0
SZNE.US,D,20200526,000000,25.294,25.368,25.136,25.146,6108,0
SZNE.US,D,20200527,000000,25.363,25.671,25.126,25.671,20527,0
SZNE.US,D,20200528,000000,25.908,26.068,25.84,25.887,15163,0
SZNE.US,D,20200529,000000,25.88,26.053,25.65,26.053,35200,0
SZNE.US,D,20200601,000000,26.038,26.212,26.038,26.159,5425,0
SZNE.US,D,20200602,000000,26.128,26.236,26.098,26.236,7597,0
SZNE.US,D,20200603,000000,26.396,26.426,26.266,26.266,43428,0
SZNE.US,D,20200604,000000,26.216,26.346,26.053,26.177,61526,0
SZNE.US,D,20200605,000000,26.533,26.772,26.533,26.633,6251,0
SZNE.US,D,20200608,000000,26.593,27.069,26.593,27.021,12419,0
SZNE.US,D,20200609,000000,26.901,26.901,26.607,26.653,6694,0
SZNE.US,D,20200610,000000,26.623,26.623,26.306,26.306,12355,0
SZNE.US,D,20200611,000000,25.866,25.866,25.006,25.041,21357,0
SZNE.US,D,20200612,000000,25.601,25.601,24.966,25.185,16324,0
SZNE.US,D,20200615,000000,24.719,25.413,24.719,25.413,15469,0
SZNE.US,D,20200616,000000,25.928,26.088,25.701,25.978,25034,0
SZNE.US,D,20200617,000000,26.008,26.107,25.833,25.891,14513,0
SZNE.US,D,20200618,000000,25.701,25.943,25.701,25.915,18337,0
SZNE.US,D,20200619,000000,26.235,26.236,25.86,26.007,14891,0
SZNE.US,D,20200622,000000,25.844,25.942,25.745,25.903,10277,0
SZNE.US,D,20200623,000000,26.053,26.152,25.954,25.954,18232,0
SZNE.US,D,20200624,000000,25.795,25.795,25.159,25.307,13845,0
SZNE.US,D,20200625,000000,25.189,25.46,25.187,25.46,29925,0
SZNE.US,D,20200626,000000,25.327,25.327,25.004,25.047,7013,0
SZNE.US,D,20200629,000000,25.238,25.427,25.238,25.384,9369,0
SZNE.US,D,20200630,000000,25.437,25.755,25.417,25.755,6649,0
SZNE.US,D,20200701,000000,25.746,25.903,25.746,25.834,5460,0
SZNE.US,D,20200702,000000,26.148,26.148,25.971,25.971,46592,0
SZNE.US,D,20200706,000000,26.172,26.221,26.073,26.153,18138,0
SZNE.US,D,20200707,000000,26.073,26.202,26.023,26.023,6781,0
SZNE.US,D,20200708,000000,25.943,25.98,25.835,25.98,7342,0
SZNE.US,D,20200709,000000,25.58,25.81,25.566,25.756,7604,0
SZNE.US,D,20200710,000000,25.725,25.998,25.725,25.998,8663,0
SZNE.US,D,20200713,000000,26.15,26.348,25.894,25.934,10941,0
SZNE.US,D,20200714,000000,25.864,26.515,25.864,26.515,27552,0
SZNE.US,D,20200715,000000,26.778,26.907,26.748,26.876,7675,0
SZNE.US,D,20200716,000000,26.862,26.882,26.768,26.828,14744,0
SZNE.US,D,20200717,000000,26.962,27.174,26.962,27.166,9790,0
SZNE.US,D,20200720,000000,27.086,27.086,26.897,26.957,9590,0
SZNE.US,D,20200721,000000,27.086,27.322,27.027,27.11,6261,0
SZNE.US,D,20200722,000000,27.175,27.364,27.168,27.359,5020,0
SZNE.US,D,20200723,000000,27.592,27.592,27.335,27.384,20061,0
SZNE.US,D,20200724,000000,27.195,27.218,27.096,27.218,1330,0
SZNE.US,D,20200727,000000,27.245,27.464,27.126,27.434,7109,0
SZNE.US,D,20200728,000000,27.364,27.498,27.34,27.36,2047,0
SZNE.US,D,20200729,000000,27.573,27.653,27.573,27.63,3820,0
SZNE.US,D,20200730,000000,27.503,27.513,27.444,27.488,7219,0
SZNE.US,D,20200731,000000,27.424,27.424,27.096,27.384,1789,0
SZNE.US,D,20200803,000000,27.533,27.643,27.473,27.618,14993,0
SZNE.US,D,20200804,000000,27.558,27.692,27.558,27.683,7814,0
SZNE.US,D,20200805,000000,27.792,27.792,27.689,27.721,10772,0
SZNE.US,D,20200806,000000,27.643,27.643,27.444,27.543,23727,0
SZNE.US,D,20200807,000000,27.573,27.702,27.573,27.702,2946,0
SZNE.US,D,20200810,000000,27.672,27.732,27.672,27.724,19828,0
SZNE.US,D,20200811,000000,27.653,27.789,27.493,27.532,7295,0
SZNE.US,D,20200812,000000,27.871,28,27.861,27.936,5520,0
SZNE.US,D,20200813,000000,27.911,27.948,27.851,27.891,6635,0
SZNE.US,D,20200814,000000,27.802,27.961,27.802,27.862,11872,0
SZNE.US,D,20200817,000000,28.08,28.091,27.98,27.994,4070,0
SZNE.US,D,20200818,000000,28.01,28.09,27.938,28.021,9092,0
SZNE.US,D,20200819,000000,28.072,28.081,27.891,27.891,5377,0
SZNE.US,D,20200820,000000,27.742,27.805,27.707,27.726,12438,0
SZNE.US,D,20200821,000000,27.647,27.732,27.634,27.697,5712,0
SZNE.US,D,20200824,000000,27.811,27.812,27.687,27.762,4703,0
SZNE.US,D,20200825,000000,27.861,27.881,27.832,27.876,3454,0
SZNE.US,D,20200826,000000,27.745,27.899,27.702,27.877,6940,0
SZNE.US,D,20200827,000000,27.811,28.08,27.811,27.931,27272,0
SZNE.US,D,20200828,000000,27.941,28.05,27.851,28.03,13513,0
SZNE.US,D,20200831,000000,28.067,28.209,28.051,28.15,6025,0
SZNE.US,D,20200901,000000,28.06,28.075,27.811,27.897,35647,0
SZNE.US,D,20200902,000000,28.04,28.616,27.975,28.546,13285,0
SZNE.US,D,20200903,000000,28.487,28.487,27.682,27.853,21845,0
SZNE.US,D,20200904,000000,27.921,27.921,27.404,27.721,9618,0
SZNE.US,D,20200908,000000,27.294,27.419,27.126,27.206,4853,0
SZNE.US,D,20200909,000000,27.265,27.753,27.265,27.605,8658,0
SZNE.US,D,20200910,000000,27.563,27.643,27.265,27.298,4125,0
SZNE.US,D,20200911,000000,27.311,27.404,27.281,27.306,3939,0
SZNE.US,D,20200914,000000,27.653,27.692,27.598,27.629,3383,0
SZNE.US,D,20200915,000000,27.712,27.772,27.563,27.563,6075,0
SZNE.US,D,20200916,000000,27.682,27.817,27.513,27.513,5934,0
SZNE.US,D,20200917,000000,27.454,27.454,27.22,27.406,5958,0
SZNE.US,D,20200918,000000,27.346,27.346,27.037,27.17,6172,0
SZNE.US,D,20200921,000000,26.611,26.733,26.487,26.733,18370,0
SZNE.US,D,20200922,000000,26.846,26.861,26.82,26.82,10068,0
SZNE.US,D,20200923,000000,26.826,26.836,26.372,26.372,11806,0
SZNE.US,D,20200924,000000,26.247,26.576,26.247,26.416,9436,0
SZNE.US,D,20200925,000000,26.377,26.762,26.377,26.762,2703,0
SZNE.US,D,20200928,000000,27.067,27.155,27.054,27.054,6352,0
SZNE.US,D,20200929,000000,27.171,27.171,26.94,26.98,2062,0
SZNE.US,D,20200930,000000,27.213,27.414,27.206,27.351,2863,0
SZNE.US,D,20201001,000000,27.384,27.384,27.204,27.244,3537,0
SZNE.US,D,20201002,000000,27.06,27.331,27.06,27.222,14434,0
SZNE.US,D,20201005,000000,27.374,27.613,27.374,27.574,2421,0
SZNE.US,D,20201006,000000,27.733,27.733,27.374,27.383,5001,0
SZNE.US,D,20201007,000000,27.523,27.823,27.523,27.813,2175,0
SZNE.US,D,20201008,000000,27.852,27.982,27.852,27.979,4956,0
SZNE.US,D,20201009,000000,28.244,28.244,28.093,28.162,9638,0
SZNE.US,D,20201012,000000,28.47,28.521,28.404,28.404,18851,0
SZNE.US,D,20201013,000000,28.351,28.394,28.266,28.336,6199,0
SZNE.US,D,20201014,000000,28.201,28.225,28.112,28.225,6601,0
SZNE.US,D,20201015,000000,28.092,28.212,28.092,28.174,5442,0
SZNE.US,D,20201016,000000,28.231,28.372,28.181,28.181,9722,0
SZNE.US,D,20201019,000000,28.351,28.351,27.793,27.796,7958,0
SZNE.US,D,20201020,000000,27.988,28.103,27.911,27.911,1900,0
SZNE.US,D,20201021,000000,27.802,27.972,27.763,27.763,7204,0
SZNE.US,D,20201022,000000,27.902,28.121,27.882,28.121,7246,0
SZNE.US,D,20201023,000000,28.236,28.281,28.141,28.221,10761,0
SZNE.US,D,20201026,000000,27.972,27.972,27.613,27.798,167160,0
SZNE.US,D,20201027,000000,27.852,27.952,27.693,27.693,14025,0
SZNE.US,D,20201028,000000,27.105,27.359,26.813,26.813,4448,0
SZNE.US,D,20201029,000000,26.721,26.905,26.596,26.783,2950,0
SZNE.US,D,20201030,000000,26.665,26.665,26.407,26.587,8269,0
SZNE.US,D,20201102,000000,27.244,27.244,27.059,27.204,8555,0
SZNE.US,D,20201103,000000,27.493,27.914,27.493,27.914,14694,0
SZNE.US,D,20201104,000000,28.002,28.201,27.676,27.774,9593,0
SZNE.US,D,20201105,000000,28.191,28.62,28.191,28.517,7139,0
SZNE.US,D,20201106,000000,28.52,28.58,28.426,28.541,14762,0
SZNE.US,D,20201109,000000,29.946,30.384,29.422,29.422,7757,0
SZNE.US,D,20201110,000000,29.532,29.559,29.415,29.427,3815,0
SZNE.US,D,20201111,000000,29.318,29.487,29.292,29.402,13351,0
SZNE.US,D,20201112,000000,29.188,29.188,28.747,28.868,2960,0
SZNE.US,D,20201113,000000,29.383,29.597,29.298,29.593,21596,0
SZNE.US,D,20201116,000000,30.065,30.23,30.055,30.19,4735,0
SZNE.US,D,20201117,000000,29.866,30.246,29.866,30.183,2632,0
SZNE.US,D,20201118,000000,30.374,30.404,30.049,30.049,3719,0
SZNE.US,D,20201119,000000,29.976,30.184,29.961,30.184,5058,0
SZNE.US,D,20201120,000000,30.021,30.09,30.021,30.04,6326,0
SZNE.US,D,20201123,000000,30.298,30.434,30.298,30.43,7645,0
SZNE.US,D,20201124,000000,30.723,31.206,30.723,31.182,10432,0
SZNE.US,D,20201125,000000,30.903,30.943,30.878,30.893,2711,0
SZNE.US,D,20201127,000000,30.953,30.958,30.893,30.958,1960,0
SZNE.US,D,20201130,000000,30.992,30.992,30.604,30.707,3305,0
SZNE.US,D,20201201,000000,31.082,31.107,30.947,30.967,3471,0
SZNE.US,D,20201202,000000,30.903,30.903,30.783,30.844,4517,0
SZNE.US,D,20201203,000000,30.911,31.207,30.911,30.974,1547,0
SZNE.US,D,20201204,000000,31.186,31.511,31.186,31.506,4977,0
SZNE.US,D,20201207,000000,31.361,31.371,31.341,31.366,3202,0
SZNE.US,D,20201208,000000,31.512,31.533,31.494,31.494,5160,0
SZNE.US,D,20201209,000000,31.581,31.676,31.381,31.457,1853,0
SZNE.US,D,20201210,000000,31.292,31.351,31.212,31.329,3213,0
SZNE.US,D,20201211,000000,31.027,31.182,30.933,31.178,3400,0
SZNE.US,D,20201214,000000,31.491,31.491,30.932,30.983,5881,0
SZNE.US,D,20201215,000000,31.152,31.401,31.067,31.371,1450,0
SZNE.US,D,20201216,000000,31.401,31.446,31.297,31.405,3151,0
SZNE.US,D,20201217,000000,31.65,31.65,31.521,31.625,7504,0
SZNE.US,D,20201218,000000,31.8,31.8,31.491,31.773,5727,0
SZNE.US,D,20201221,000000,31.09,31.5416,31.09,31.4701,2837,0
SZNE.US,D,20201222,000000,31.37,31.48,31.28,31.3749,6229,0
SZNE.US,D,20201223,000000,31.47,31.6707,31.47,31.5382,2676,0
SZNE.US,D,20201224,000000,31.4503,31.5614,31.4503,31.5614,2228,0
SZNE.US,D,20201228,000000,31.86,31.86,31.6095,31.6095,1239,0
SZNE.US,D,20201229,000000,31.49,31.49,31.2997,31.3964,1051,0
SZNE.US,D,20201230,000000,31.6831,31.723,31.62,31.6982,1794,0
SZNE.US,D,20201231,000000,31.7,31.8177,31.7,31.8177,1623,0
SZNE.US,D,20210104,000000,32.01,32.01,31.12,31.3,3465,0
SZNE.US,D,20210105,000000,31.4172,31.64,31.4172,31.63,2209,0
SZNE.US,D,20210106,000000,32.5,32.68,32.2504,32.4714,88857,0
SZNE.US,D,20210107,000000,32.95,32.955,32.8958,32.9503,10052,0
SZNE.US,D,20210108,000000,32.89,32.97,32.695,32.91,6909,0
SZNE.US,D,20210111,000000,32.9354,33.035,32.91,32.967,4125,0
SZNE.US,D,20210112,000000,33.0689,33.3848,33.0689,33.3594,6076,0
SZNE.US,D,20210113,000000,33.1377,33.1737,32.961,33.031,2244,0
SZNE.US,D,20210114,000000,33.242,33.2999,33.0738,33.0738,1572,0
SZNE.US,D,20210115,000000,32.6296,32.8,32.6296,32.7061,4124,0
SZNE.US,D,20210119,000000,32.84,32.95,32.83,32.84,7256,0
SZNE.US,D,20210120,000000,32.94,33.13,32.94,33.07,5456,0
SZNE.US,D,20210121,000000,33.1073,33.1138,32.991,33.0729,3646,0
SZNE.US,D,20210122,000000,32.9033,32.92,32.835,32.9172,3742,0
SZNE.US,D,20210125,000000,32.9,32.9,32.385,32.6737,7315,0
SZNE.US,D,20210126,000000,32.685,32.685,32.3655,32.3677,4301,0
SZNE.US,D,20210127,000000,31.86,31.885,31.35,31.43,5010,0
SZNE.US,D,20210128,000000,31.73,32.1019,31.73,31.916,3027,0
SZNE.US,D,20210129,000000,31.86,31.86,31.31,31.324,2928,0
SZNE.US,D,20210201,000000,31.61,31.83,31.58,31.83,4144,0
SZNE.US,D,20210202,000000,32.11,32.39,32.11,32.31,41424,0
SZNE.US,D,20210203,000000,32.26,32.42,32.26,32.3462,6191,0
SZNE.US,D,20210204,000000,32.45,32.67,32.3927,32.66,14158,0
SZNE.US,D,20210205,000000,32.9662,32.9739,32.91,32.965,7280,0
SZNE.US,D,20210208,000000,33.21,33.46,33.02,33.46,7781,0
SZNE.US,D,20210209,000000,33.3,33.44,33.28,33.3,8807,0
SZNE.US,D,20210210,000000,33.52,33.52,33.2805,33.29,7356,0
SZNE.US,D,20210211,000000,33.55,33.55,33.32,33.52,12902,0
SZNE.US,D,20210212,000000,33.39,33.6664,33.39,33.6664,4137,0
SZNE.US,D,20210216,000000,33.81,33.81,33.62,33.62,31143,0
SZNE.US,D,20210217,000000,33.5,33.5994,33.33,33.52,8449,0
SZNE.US,D,20210218,000000,33.29,33.4262,33.15,33.31,3589,0
SZNE.US,D,20210219,000000,33.53,33.8905,33.48,33.8281,9248,0
SZNE.US,D,20210222,000000,33.69,34.02,33.69,33.72,4458,0
SZNE.US,D,20210223,000000,33.405,33.875,33.32,33.8002,3317,0
SZNE.US,D,20210224,000000,33.9691,34.4446,33.9691,34.4446,4550,0
SZNE.US,D,20210225,000000,34.1566,34.1566,33.4771,33.4771,3918,0
SZNE.US,D,20210226,000000,33.585,33.59,33.471,33.4845,1541,0
SZNE.US,D,20210301,000000,33.78,34.325,33.78,34.1861,1335,0
SZNE.US,D,20210302,000000,34.16,34.26,34.02,34.02,4850,0
SZNE.US,D,20210303,000000,34.1142,34.2202,33.8668,33.8668,4313,0
SZNE.US,D,20210304,000000,33.7,33.7,32.92,32.96,7354,0
SZNE.US,D,20210305,000000,33.11,33.849,32.69,33.8322,4620,0
SZNE.US,D,20210308,000000,33.88,34.6,33.88,34.1619,9692,0
SZNE.US,D,20210309,000000,34.4107,34.5599,34.3334,34.3334,20806,0
SZNE.US,D,20210310,000000,34.38,34.8539,34.38,34.6728,6315,0
SZNE.US,D,20210311,000000,34.74,35.13,34.74,34.9301,3637,0
SZNE.US,D,20210312,000000,34.9933,35.12,34.9933,35.0713,6417,0
SZNE.US,D,20210315,000000,35.15,35.41,35.015,35.41,6101,0
SZNE.US,D,20210316,000000,35.2791,35.2791,35,35.0953,1278,0
SZNE.US,D,20210317,000000,35.0681,35.4,35.0681,35.3878,2270,0
SZNE.US,D,20210318,000000,35.341,35.665,35.0408,35.0408,5436,0
SZNE.US,D,20210319,000000,35.04,35.1677,34.91,35.0419,1308,0
SZNE.US,D,20210322,000000,34.92,35.14,34.795,35.0128,5591,0
SZNE.US,D,20210323,000000,34.92,34.92,34.2515,34.2515,3686,0
SZNE.US,D,20210324,000000,34.63,34.775,34.2665,34.2665,2429,0
SZNE.US,D,20210325,000000,33.89,34.7757,33.89,34.7757,4338,0
SZNE.US,D,20210326,000000,34.9246,35.499,34.9246,35.499,1325,0
SZNE.US,D,20210329,000000,35.4035,35.4035,35.3189,35.3189,1068,0
SZNE.US,D,20210330,000000,35.16,35.38,35.16,35.3782,6617,0
SZNE.US,D,20210331,000000,35.55,35.6389,35.371,35.5071,1583,0
SZNE.US,D,20210401,000000,35.57,35.8026,35.57,35.8026,7282,0
SZNE.US,D,20210405,000000,36.11,36.43,36.11,36.405,4776,0
SZNE.US,D,20210406,000000,36.31,36.465,36.27,36.3569,21742,0
SZNE.US,D,20210407,000000,36.29,36.29,36.05,36.0806,6702,0
SZNE.US,D,20210408,000000,36.2006,36.27,36.18,36.2604,6069,0
SZNE.US,D,20210409,000000,36.23,36.52,36.23,36.52,6023,0
SZNE.US,D,20210412,000000,36.49,36.6697,36.4795,36.5847,8179,0
SZNE.US,D,20210413,000000,36.5,36.5007,36.301,36.44,12067,0
SZNE.US,D,20210414,000000,36.57,36.73,36.47,36.5002,4744,0
SZNE.US,D,20210415,000000,36.63,36.8,36.61,36.7679,6362,0
SZNE.US,D,20210416,000000,37.02,37.15,36.9341,36.9844,4810,0
SZNE.US,D,20210419,000000,36.725,36.74,36.687,36.7128,761,0
SZNE.US,D,20210420,000000,36.74,36.74,36.171,36.3466,6044,0
SZNE.US,D,20210421,000000,36.79,36.9324,36.7701,36.895,4856,0
SZNE.US,D,20210422,000000,37.04,37.115,36.6116,36.6867,3021,0
SZNE.US,D,20210423,000000,37,37.1947,36.95,37.1947,6273,0
SZNE.US,D,20210426,000000,37.42,37.46,37.3084,37.3084,27543,0
SZNE.US,D,20210427,000000,37.31,37.4999,37.31,37.4741,2230,0
SZNE.US,D,20210428,000000,37.4,37.479,37.3733,37.3733,5606,0
SZNE.US,D,20210429,000000,37.54,37.62,37.26,37.5501,4098,0
SZNE.US,D,20210430,000000,37.3401,37.36,37.155,37.1695,5218,0
SZNE.US,D,20210503,000000,37.37,37.58,37.32,37.4706,9837,0
SZNE.US,D,20210504,000000,37.36,37.415,37.23,37.3434,6808,0
SZNE.US,D,20210505,000000,37.18,37.449,37.18,37.44,10920,0
SZNE.US,D,20210506,000000,37.34,37.75,37.34,37.75,46967,0
SZNE.US,D,20210507,000000,37.92,37.92,37.76,37.8877,1444,0
SZNE.US,D,20210510,000000,38.04,38.25,38.02,38.0396,34382,0
SZNE.US,D,20210511,000000,38.04,38.04,37.56,37.66,24536,0
SZNE.US,D,20210512,000000,37.6,37.6,37.07,37.1335,24824,0
SZNE.US,D,20210513,000000,37.15,37.6403,37.15,37.49,15132,0
SZNE.US,D,20210514,000000,37.86,37.86,37.7335,37.7355,4448,0
SZNE.US,D,20210517,000000,37.74,37.74,37.582,37.6063,3137,0
SZNE.US,D,20210518,000000,37.52,37.68,37.41,37.41,12137,0
SZNE.US,D,20210519,000000,37.2,37.3565,37.09,37.3565,6518,0
SZNE.US,D,20210520,000000,37.51,37.93,37.41,37.86,6972,0
SZNE.US,D,20210521,000000,38.01,38.1,37.8536,37.8536,8257,0
SZNE.US,D,20210524,000000,38.06,38.085,37.89,37.8945,20746,0
SZNE.US,D,20210525,000000,37.79,37.92,37.79,37.92,12029,0
SZNE.US,D,20210526,000000,37.91,37.91,37.7,37.7341,36423,0
SZNE.US,D,20210527,000000,37.8096,37.84,37.6517,37.6517,7414,0
SZNE.US,D,20210528,000000,37.76,37.96,37.76,37.76,5385,0
SZNE.US,D,20210601,000000,38.03,38.03,37.55,37.605,20719,0
SZNE.US,D,20210602,000000,37.57,37.71,37.57,37.6164,3130,0
SZNE.US,D,20210603,000000,37.41,37.79,37.41,37.7702,7495,0
SZNE.US,D,20210604,000000,37.99,38.02,37.84,37.84,7229,0
SZNE.US,D,20210607,000000,38.04,38.04,37.88,37.9584,3092,0
SZNE.US,D,20210608,000000,38.1,38.1,37.76,37.8636,6422,0
SZNE.US,D,20210609,000000,37.82,37.93,37.72,37.72,12181,0
SZNE.US,D,20210610,000000,37.89,38.24,37.89,38.2001,6708,0
SZNE.US,D,20210611,000000,38.21,38.21,37.94,38.03,7388,0
SZNE.US,D,20210614,000000,38.18,38.18,37.88,38.1135,5950,0
SZNE.US,D,20210615,000000,38.04,38.06,37.97,38.0104,4255,0
SZNE.US,D,20210616,000000,38.04,38.04,37.6999,37.7704,5502,0
SZNE.US,D,20210617,000000,37.58,37.93,37.58,37.82,7851,0
SZNE.US,D,20210618,000000,37.74,37.74,37.38,37.38,4123,0
SZNE.US,D,20210621,000000,37.49,37.7,37.41,37.6853,8200,0
SZNE.US,D,20210622,000000,37.755,37.85,37.725,37.7598,8365,0
SZNE.US,D,20210623,000000,37.67,37.67,37.5858,37.5858,1051,0
SZNE.US,D,20210624,000000,37.65,37.72,37.57,37.57,5989,0
SZNE.US,D,20210625,000000,37.76,37.9427,37.74,37.9427,5635,0
SZNE.US,D,20210628,000000,37.93,38.0599,37.86,38.0599,7344,0
SZNE.US,D,20210629,000000,38.03,38.05,37.89,37.945,14048,0
SZNE.US,D,20210630,000000,37.89,38.01,37.89,38.0059,2667,0
SZNE.US,D,20210701,000000,38.08,38.169,38.0341,38.12,4940,0
SZNE.US,D,20210702,000000,38.139,38.2331,38.139,38.2331,264,0
SZNE.US,D,20210706,000000,38.09,38.1455,37.949,38.1455,2900,0
SZNE.US,D,20210707,000000,38.25,38.3589,38.2499,38.3589,3439,0
SZNE.US,D,20210708,000000,38.07,38.17,38.06,38.1208,3966,0
SZNE.US,D,20210709,000000,38.359,38.369,38.26,38.3234,3576,0
