<TICKER>,<PER>,<DATE>,<TIME>,<OPEN>,<HIGH>,<LOW>,<CLOSE>,<VOL>,<OPENINT>
KAR.US,60,20200914,160000,15.9,16.1,15.81,15.96,85190,0
KAR.US,60,20200914,170000,15.96,16,15.785,15.82,181652,0
KAR.US,60,20200914,180000,15.815,15.95,15.805,15.89,129036,0
KAR.US,60,20200914,190000,15.89,16.05,15.88,16.025,171081,0
KAR.US,60,20200914,200000,16.03,16.04,15.89,15.935,164552,0
KAR.US,60,20200914,210000,15.93,15.95,15.8637,15.915,194999,0
KAR.US,60,20200914,220000,15.92,15.99,15.84,15.89,484769,0
KAR.US,60,20200915,160000,15.95,16.1,15.77,15.78,71231,0
KAR.US,60,20200915,170000,15.78,15.8027,15.59,15.8,118133,0
KAR.US,60,20200915,180000,15.8011,15.82,15.655,15.655,87337,0
KAR.US,60,20200915,190000,15.655,15.655,15.51,15.56,63110,0
KAR.US,60,20200915,200000,15.565,15.595,15.45,15.45,65986,0
KAR.US,60,20200915,210000,15.45,15.4697,15.355,15.38,105207,0
KAR.US,60,20200915,220000,15.38,15.38,15.21,15.23,386860,0
KAR.US,60,20200916,160000,15.27,15.4,14.915,15.19,78929,0
KAR.US,60,20200916,170000,15.2,15.41,15.15,15.21,172362,0
KAR.US,60,20200916,180000,15.21,15.5,15.21,15.46,130918,0
KAR.US,60,20200916,190000,15.45,15.58,15.45,15.54,102405,0
KAR.US,60,20200916,200000,15.54,15.555,15.465,15.485,56395,0
KAR.US,60,20200916,210000,15.48,15.635,15.45,15.5511,161924,0
KAR.US,60,20200916,220000,15.55,15.57,15.36,15.47,755918,0
KAR.US,60,20200917,160000,15.22,15.22,14.92,15.15,51316,0
KAR.US,60,20200917,170000,15.155,15.37,15.15,15.32,109534,0
KAR.US,60,20200917,180000,15.32,15.38,15.295,15.335,50454,0
KAR.US,60,20200917,190000,15.335,15.335,15.225,15.28,52922,0
KAR.US,60,20200917,200000,15.28,15.28,15.205,15.27,50522,0
KAR.US,60,20200917,210000,15.275,15.33,15.23,15.295,67784,0
KAR.US,60,20200917,220000,15.29,15.31,15.06,15.17,517245,0
KAR.US,60,20200918,160000,15.29,15.317,15.02,15.03,306125,0
KAR.US,60,20200918,170000,15.025,15.225,14.99,15.14,204086,0
KAR.US,60,20200918,180000,15.14,15.25,15.07,15.09,71734,0
KAR.US,60,20200918,190000,15.09,15.1,14.99,15.04,101299,0
KAR.US,60,20200918,200000,15.035,15.08,14.865,14.965,84375,0
KAR.US,60,20200918,210000,14.965,15.08,14.94,15.05,133611,0
KAR.US,60,20200918,220000,15.05,15.14,14.99,15.05,1484910,0
KAR.US,60,20200921,160000,14.61,14.63,14.32,14.435,94326,0
KAR.US,60,20200921,170000,14.43,14.45,14.075,14.2,83676,0
KAR.US,60,20200921,180000,14.19,14.23,14.09,14.185,99337,0
KAR.US,60,20200921,190000,14.18,14.28,14.165,14.28,139169,0
KAR.US,60,20200921,200000,14.28,14.45,14.28,14.375,190164,0
KAR.US,60,20200921,210000,14.37,14.54,14.36,14.481,156167,0
KAR.US,60,20200921,220000,14.48,14.73,14.48,14.69,672584,0
KAR.US,60,20200922,160000,14.68,15.12,14.64,14.85,64360,0
KAR.US,60,20200922,170000,14.85,15.02,14.82,14.835,115146,0
KAR.US,60,20200922,180000,14.84,14.92,14.75,14.895,108987,0
KAR.US,60,20200922,190000,14.89,14.95,14.85,14.94,72360,0
KAR.US,60,20200922,200000,14.95,15.05,14.91,15.045,81036,0
KAR.US,60,20200922,210000,15.045,15.13,15.045,15.12,121371,0
KAR.US,60,20200922,220000,15.12,15.22,15.11,15.18,432056,0
KAR.US,60,20200923,160000,15.28,15.44,15.19,15.32,49102,0
KAR.US,60,20200923,170000,15.31,15.345,15.02,15.095,64152,0
KAR.US,60,20200923,180000,15.105,15.16,15.01,15.025,80287,0
KAR.US,60,20200923,190000,15.02,15.04,14.91,14.94,65388,0
KAR.US,60,20200923,200000,14.9475,15.01,14.875,14.88,70704,0
KAR.US,60,20200923,210000,14.88,14.88,14.6,14.635,121927,0
KAR.US,60,20200923,220000,14.635,14.635,14.4,14.41,757586,0
KAR.US,60,20200924,160000,14.31,14.37,13.94,14.085,96003,0
KAR.US,60,20200924,170000,14.1,14.22,13.89,13.95,92918,0
KAR.US,60,20200924,180000,13.93,13.965,13.8399,13.905,143744,0
KAR.US,60,20200924,190000,13.91,13.95,13.8,13.89,112464,0
KAR.US,60,20200924,200000,13.895,14.065,13.87,13.975,87466,0
KAR.US,60,20200924,210000,13.98,13.99,13.66,13.66,187339,0
KAR.US,60,20200924,220000,13.67,13.83,13.625,13.75,774390,0
KAR.US,60,20200925,160000,13.66,14.01,13.65,14.01,118535,0
KAR.US,60,20200925,170000,13.995,14.01,13.7,13.8799,227635,0
KAR.US,60,20200925,180000,13.875,13.9,13.76,13.785,150608,0
KAR.US,60,20200925,190000,13.785,13.98,13.775,13.95,121354,0
KAR.US,60,20200925,200000,13.955,14.06,13.94,13.965,126698,0
KAR.US,60,20200925,210000,13.97,14,13.91,13.99,133415,0
KAR.US,60,20200925,220000,13.995,14.11,13.95,14.01,714155,0
KAR.US,60,20200928,160000,14.31,14.52,14.27,14.34,52812,0
KAR.US,60,20200928,170000,14.34,14.42,14.27,14.38,99334,0
KAR.US,60,20200928,180000,14.385,14.415,14.273,14.295,94454,0
KAR.US,60,20200928,190000,14.3,14.385,14.28,14.37,90884,0
KAR.US,60,20200928,200000,14.37,14.445,14.305,14.325,60364,0
KAR.US,60,20200928,210000,14.32,14.41,14.31,14.375,151143,0
KAR.US,60,20200928,220000,14.37,14.41,14.33,14.35,865771,0
KAR.US,60,20200929,160000,14.38,14.54,14.3,14.47,91914,0
KAR.US,60,20200929,170000,14.48,14.66,14.4,14.44,82857,0
KAR.US,60,20200929,180000,14.43,14.43,14.205,14.27,77665,0
KAR.US,60,20200929,190000,14.27,14.385,14.255,14.35,51526,0
KAR.US,60,20200929,200000,14.35,14.44,14.3,14.42,79804,0
KAR.US,60,20200929,210000,14.42,14.44,14.36,14.42,90002,0
KAR.US,60,20200929,220000,14.43,14.455,14.33,14.33,312105,0
KAR.US,60,20200930,160000,14.33,14.523,14.33,14.5,32812,0
KAR.US,60,20200930,170000,14.5,14.57,14.43,14.45,108225,0
KAR.US,60,20200930,180000,14.44,14.44,14.29,14.31,239193,0
KAR.US,60,20200930,190000,14.32,14.44,14.3,14.435,232260,0
KAR.US,60,20200930,200000,14.43,14.56,14.39,14.505,185128,0
KAR.US,60,20200930,210000,14.51,14.565,14.28,14.42,315774,0
KAR.US,60,20200930,220000,14.41,14.46,14.255,14.4,697359,0
KAR.US,60,20201001,160000,14.97,15.35,14.8715,14.88,238637,0
KAR.US,60,20201001,170000,14.88,14.95,14.72,14.86,205486,0
KAR.US,60,20201001,180000,14.86,15.24,14.82,15.2,313829,0
KAR.US,60,20201001,190000,15.19,15.2401,15.08,15.09,127128,0
KAR.US,60,20201001,200000,15.095,15.24,15.085,15.12,162389,0
KAR.US,60,20201001,210000,15.12,15.18,15.01,15.12,245578,0
KAR.US,60,20201001,220000,15.12,15.21,15.06,15.13,582103,0
KAR.US,60,20201002,160000,14.81,15.08,14.72,14.96,71077,0
KAR.US,60,20201002,170000,14.96,15.2,14.95,15.09,85244,0
KAR.US,60,20201002,180000,15.09,15.25,15.02,15.15,111176,0
KAR.US,60,20201002,190000,15.15,15.56,15.15,15.46,153797,0
KAR.US,60,20201002,200000,15.47,15.53,15.29,15.295,127601,0
KAR.US,60,20201002,210000,15.3,15.475,15.29,15.39,177061,0
KAR.US,60,20201002,220000,15.38,15.5,15.365,15.41,490973,0
KAR.US,60,20201005,160000,15.56,15.79,15.55,15.65,47614,0
KAR.US,60,20201005,170000,15.65,15.7499,15.5201,15.7001,86362,0
KAR.US,60,20201005,180000,15.72,15.785,15.68,15.755,112424,0
KAR.US,60,20201005,190000,15.76,15.805,15.7,15.7001,137379,0
KAR.US,60,20201005,200000,15.705,15.7201,15.63,15.655,84086,0
KAR.US,60,20201005,210000,15.65,15.71,15.61,15.69,158201,0
KAR.US,60,20201005,220000,15.695,15.81,15.65,15.79,418447,0
KAR.US,60,20201006,160000,16.04,16.1,15.91,16.01,88111,0
KAR.US,60,20201006,170000,16.005,16.25,16,16.22,312887,0
KAR.US,60,20201006,180000,16.215,16.22,16.095,16.12,135093,0
KAR.US,60,20201006,190000,16.13,16.25,16.11,16.25,75985,0
KAR.US,60,20201006,200000,16.25,16.36,16.25,16.2775,127397,0
KAR.US,60,20201006,210000,16.275,16.395,15.93,16.01,278527,0
KAR.US,60,20201006,220000,16,16.11,15.85,15.95,1246881,0
KAR.US,60,20201007,160000,16.205,16.255,16.11,16.155,54655,0
KAR.US,60,20201007,170000,16.1451,16.49,16.135,16.23,368068,0
KAR.US,60,20201007,180000,16.24,16.25,16.01,16.17,216878,0
KAR.US,60,20201007,190000,16.17,16.19,16.1,16.135,71542,0
KAR.US,60,20201007,200000,16.135,16.17,16.0236,16.125,171601,0
KAR.US,60,20201007,210000,16.125,16.255,16.11,16.23,140295,0
KAR.US,60,20201007,220000,16.235,16.27,16.16,16.19,492402,0
KAR.US,60,20201008,160000,16.4,16.46,16.32,16.42,43884,0
KAR.US,60,20201008,170000,16.43,16.51,16.34,16.42,88076,0
KAR.US,60,20201008,180000,16.4,16.45,16.315,16.36,60470,0
KAR.US,60,20201008,190000,16.36,16.475,16.3,16.45,59606,0
KAR.US,60,20201008,200000,16.46,16.5,16.4,16.455,89688,0
KAR.US,60,20201008,210000,16.46,16.47,16.31,16.34,101046,0
KAR.US,60,20201008,220000,16.345,16.52,16.315,16.47,338515,0
KAR.US,60,20201009,160000,16.68,16.8,16.61,16.76,89520,0
KAR.US,60,20201009,170000,16.76,16.76,16.56,16.595,99954,0
KAR.US,60,20201009,180000,16.6,16.88,16.6,16.87,74429,0
KAR.US,60,20201009,190000,16.87,16.97,16.82,16.97,126553,0
KAR.US,60,20201009,200000,16.97,16.99,16.86,16.89,203207,0
KAR.US,60,20201009,210000,16.89,16.89,16.8,16.835,107451,0
KAR.US,60,20201009,220000,16.835,16.86,16.8,16.82,647914,0
KAR.US,60,20201012,160000,16.85,16.86,16.63,16.82,54633,0
KAR.US,60,20201012,170000,16.83,17.1,16.75,16.97,200112,0
KAR.US,60,20201012,180000,16.96,17.205,16.96,17.195,137078,0
KAR.US,60,20201012,190000,17.21,17.3,17.17,17.195,127002,0
KAR.US,60,20201012,200000,17.2,17.2,17.07,17.125,196755,0
KAR.US,60,20201012,210000,17.12,17.26,17.11,17.25,256307,0
KAR.US,60,20201012,220000,17.26,17.42,17.245,17.4,640081,0
KAR.US,60,20201013,160000,17.12,17.3,16.9601,17.15,124634,0
KAR.US,60,20201013,170000,17.16,17.24,16.79,16.93,425447,0
KAR.US,60,20201013,180000,16.92,17.045,16.89,16.96,149897,0
KAR.US,60,20201013,190000,16.95,17.0193,16.9,16.99,184517,0
KAR.US,60,20201013,200000,17,17.07,16.96,16.98,189890,0
KAR.US,60,20201013,210000,16.97,17.02,16.93,16.98,184082,0
KAR.US,60,20201013,220000,16.975,17.08,16.96,16.99,921869,0
KAR.US,60,20201014,160000,16.76,16.85,16.51,16.5999,90927,0
KAR.US,60,20201014,170000,16.58,16.7,16.54,16.58,77275,0
KAR.US,60,20201014,180000,16.565,16.63,16.38,16.38,143226,0
KAR.US,60,20201014,190000,16.39,16.47,16.18,16.36,300971,0
KAR.US,60,20201014,200000,16.36,16.425,16.33,16.36,57460,0
KAR.US,60,20201014,210000,16.355,16.38,16.13,16.15,115680,0
KAR.US,60,20201014,220000,16.15,16.24,16.11,16.14,390996,0
KAR.US,60,20201015,160000,15.99,16.15,15.9,16.03,74971,0
KAR.US,60,20201015,170000,16.02,16.24,15.93,16.24,134498,0
KAR.US,60,20201015,180000,16.22,16.62,16.21,16.46,152028,0
KAR.US,60,20201015,190000,16.44,16.62,16.43,16.6178,129931,0
KAR.US,60,20201015,200000,16.6091,16.735,16.57,16.66,89991,0
KAR.US,60,20201015,210000,16.66,16.74,16.65,16.71,163419,0
KAR.US,60,20201015,220000,16.72,16.91,16.7,16.89,488058,0
KAR.US,60,20201016,160000,16.92,17.05,16.89,17.03,89197,0
KAR.US,60,20201016,170000,17.035,17.12,16.91,17.01,118671,0
KAR.US,60,20201016,180000,17,17.15,16.97,17.145,71206,0
KAR.US,60,20201016,190000,17.145,17.15,16.89,16.96,102385,0
KAR.US,60,20201016,200000,16.96,17.005,16.925,16.99,50839,0
KAR.US,60,20201016,210000,16.985,17.03,16.96,16.99,65591,0
KAR.US,60,20201016,220000,16.99,17.005,16.93,16.96,318946,0
KAR.US,60,20201019,160000,17.05,17.07,16.73,16.73,251023,0
KAR.US,60,20201019,170000,16.73,16.81,16.55,16.7007,171868,0
KAR.US,60,20201019,180000,16.71,16.73,16.5,16.5,213417,0
KAR.US,60,20201019,190000,16.49,16.495,16.37,16.37,135761,0
KAR.US,60,20201019,200000,16.36,16.365,16.14,16.275,155915,0
KAR.US,60,20201019,210000,16.27,16.29,16,16,128586,0
KAR.US,60,20201019,220000,16.02,16.07,15.9,15.95,234508,0
KAR.US,60,20201020,160000,16.16,16.16,15.93,16.01,202785,0
KAR.US,60,20201020,170000,16.02,16.02,15.735,15.735,415872,0
KAR.US,60,20201020,180000,15.73,15.78,15.62,15.625,222336,0
KAR.US,60,20201020,190000,15.63,15.65,15.43,15.495,199347,0
KAR.US,60,20201020,200000,15.49,15.5,15.41,15.46,191576,0
KAR.US,60,20201020,210000,15.455,15.49,15.345,15.37,128575,0
KAR.US,60,20201020,220000,15.37,15.42,15.15,15.33,858798,0
KAR.US,60,20201021,160000,15.33,15.64,15.2,15.31,220892,0
KAR.US,60,20201021,170000,15.3,15.3,14.94,15,208550,0
KAR.US,60,20201021,180000,15,15.14,14.98,15.02,104359,0
KAR.US,60,20201021,190000,15.02,15.095,14.94,15,222431,0
KAR.US,60,20201021,200000,15,15.1,14.95,15.0522,126837,0
KAR.US,60,20201021,210000,15.06,15.195,15.06,15.175,324541,0
KAR.US,60,20201021,220000,15.175,15.18,14.95,14.96,933988,0
KAR.US,60,20201022,160000,15.02,15.21,15.02,15.06,56072,0
KAR.US,60,20201022,170000,15.04,15.08,14.56,14.8,327544,0
KAR.US,60,20201022,180000,14.79,15.11,14.725,14.97,228204,0
KAR.US,60,20201022,190000,14.97,14.98,14.775,14.87,246009,0
KAR.US,60,20201022,200000,14.88,15.13,14.85,15.09,528911,0
KAR.US,60,20201022,210000,15.11,15.13,14.95,14.99,253507,0
KAR.US,60,20201022,220000,14.99,15,14.795,14.9,1015204,0
KAR.US,60,20201023,160000,15.11,15.18,14.86,14.86,115062,0
KAR.US,60,20201023,170000,14.88,15.1,14.78,14.8,288278,0
KAR.US,60,20201023,180000,14.78,14.8866,14.66,14.8866,743486,0
KAR.US,60,20201023,190000,14.88,14.89,14.665,14.69,142100,0
KAR.US,60,20201023,200000,14.685,14.84,14.655,14.795,656252,0
KAR.US,60,20201023,210000,14.8,15.1,14.755,15.07,603988,0
KAR.US,60,20201023,220000,15.07,15.23,15.07,15.19,437740,0
KAR.US,60,20201026,150000,15.01,15.04,14.69,14.78,116406,0
KAR.US,60,20201026,160000,14.76,14.83,14.53,14.54,56265,0
KAR.US,60,20201026,170000,14.5376,14.62,14.39,14.43,113691,0
KAR.US,60,20201026,180000,14.42,14.42,14.23,14.27,109304,0
KAR.US,60,20201026,190000,14.265,14.325,14.1,14.31,115710,0
KAR.US,60,20201026,200000,14.31,14.53,14.31,14.46,116240,0
KAR.US,60,20201026,210000,14.47,14.525,14.33,14.44,387262,0
KAR.US,60,20201027,150000,14.36,14.395,14.3,14.31,20902,0
KAR.US,60,20201027,160000,14.3,14.36,14.21,14.22,62809,0
KAR.US,60,20201027,170000,14.23,14.35,14.21,14.35,69679,0
KAR.US,60,20201027,180000,14.36,14.4,14.245,14.27,49983,0
KAR.US,60,20201027,190000,14.265,14.42,14.22,14.4,62666,0
KAR.US,60,20201027,200000,14.42,14.48,14.36,14.375,84109,0
KAR.US,60,20201027,210000,14.38,14.495,14.35,14.36,382670,0
KAR.US,60,20201028,150000,13.87,14.13,13.87,14.03,115942,0
KAR.US,60,20201028,160000,14.03,14.05,13.835,13.92,217113,0
KAR.US,60,20201028,170000,13.91,14.065,13.89,14.06,270794,0
KAR.US,60,20201028,180000,14.065,14.0746,13.79,13.828,216137,0
KAR.US,60,20201028,190000,13.83,13.83,13.68,13.79,229392,0
KAR.US,60,20201028,200000,13.78,13.88,13.71,13.87,182304,0
KAR.US,60,20201028,210000,13.8799,13.9694,13.7,13.7,676588,0
KAR.US,60,20201029,150000,13.69,13.91,13.69,13.8,64201,0
KAR.US,60,20201029,160000,13.8,14.14,13.72,14.05,128233,0
KAR.US,60,20201029,170000,14.05,14.11,13.97,14.095,113290,0
KAR.US,60,20201029,180000,14.08,14.095,14,14.05,139295,0
KAR.US,60,20201029,190000,14.05,14.19,13.95,14.19,101916,0
KAR.US,60,20201029,200000,14.19,14.33,14.19,14.28,235236,0
KAR.US,60,20201029,210000,14.28,14.32,14.17,14.2,860449,0
KAR.US,60,20201030,150000,14.17,14.395,14.17,14.38,57440,0
KAR.US,60,20201030,160000,14.35,14.41,14.09,14.1,109184,0
KAR.US,60,20201030,170000,14.12,14.37,14.12,14.37,114228,0
KAR.US,60,20201030,180000,14.35,14.41,14.32,14.34,91588,0
KAR.US,60,20201030,190000,14.34,14.51,14.26,14.475,219147,0
KAR.US,60,20201030,200000,14.47,14.69,14.47,14.54,228677,0
KAR.US,60,20201030,210000,14.54,14.59,14.47,14.56,856979,0
KAR.US,60,20201102,160000,14.71,14.83,14.48,14.8,77686,0
KAR.US,60,20201102,170000,14.815,15.12,14.73,15.06,287922,0
KAR.US,60,20201102,180000,15.06,15.3,15.05,15.275,198923,0
KAR.US,60,20201102,190000,15.28,15.48,15.27,15.455,277229,0
KAR.US,60,20201102,200000,15.46,15.47,15.19,15.34,211203,0
KAR.US,60,20201102,210000,15.35,15.55,15.3,15.39,289426,0
KAR.US,60,20201102,220000,15.395,15.5,15.325,15.48,666109,0
KAR.US,60,20201103,160000,15.83,16.06,15.68,15.95,119443,0
KAR.US,60,20201103,170000,15.95,16.215,15.93,16.18,194650,0
KAR.US,60,20201103,180000,16.18,16.33,16.15,16.2,208141,0
KAR.US,60,20201103,190000,16.23,16.385,16.18,16.34,176664,0
KAR.US,60,20201103,200000,16.33,16.34,16.11,16.17,119278,0
KAR.US,60,20201103,210000,16.1764,16.335,16.15,16.29,151651,0
KAR.US,60,20201103,220000,16.29,16.5,16.24,16.31,740211,0
KAR.US,60,20201104,160000,16.21,16.62,15.53,16.54,216861,0
KAR.US,60,20201104,170000,16.575,17.06,16.575,16.92,227364,0
KAR.US,60,20201104,180000,16.92,16.92,16.54,16.735,137155,0
KAR.US,60,20201104,190000,16.735,16.83,16.425,16.4637,228507,0
KAR.US,60,20201104,200000,16.45,16.54,16.25,16.53,173176,0
KAR.US,60,20201104,210000,16.51,16.5799,16.23,16.33,197972,0
KAR.US,60,20201104,220000,16.33,16.47,16.21,16.41,498402,0
KAR.US,60,20201105,160000,16.87,17.11,16.71,16.785,165777,0
KAR.US,60,20201105,170000,16.8,16.96,16.78,16.94,207944,0
KAR.US,60,20201105,180000,16.93,17.01,16.85,16.955,129597,0
KAR.US,60,20201105,190000,16.94,16.965,16.72,16.84,167427,0
KAR.US,60,20201105,200000,16.85,16.93,16.84,16.9,111909,0
KAR.US,60,20201105,210000,16.885,16.915,16.82,16.845,109777,0
KAR.US,60,20201105,220000,16.845,16.88,16.68,16.75,528330,0
KAR.US,60,20201106,160000,16.84,16.84,16.6801,16.79,68221,0
KAR.US,60,20201106,170000,16.79,17.04,16.76,16.8,280137,0
KAR.US,60,20201106,180000,16.81,16.9,16.64,16.67,127693,0
KAR.US,60,20201106,190000,16.67,16.7622,16.62,16.62,95371,0
KAR.US,60,20201106,200000,16.615,16.64,16.47,16.57,207936,0
KAR.US,60,20201106,210000,16.57,16.615,16.47,16.525,242430,0
KAR.US,60,20201106,220000,16.525,16.67,16.5,16.5,850697,0
KAR.US,60,20201109,160000,17.84,18.885,17.84,18.39,143965,0
KAR.US,60,20201109,170000,18.39,18.59,18.25,18.48,223434,0
KAR.US,60,20201109,180000,18.48,18.5,18.34,18.425,196975,0
KAR.US,60,20201109,190000,18.42,18.5,18.405,18.485,242546,0
KAR.US,60,20201109,200000,18.49,18.73,18.43,18.68,192401,0
KAR.US,60,20201109,210000,18.68,18.705,18.28,18.32,296478,0
KAR.US,60,20201109,220000,18.32,18.43,17.99,18.02,770349,0
KAR.US,60,20201110,160000,18.11,18.11,17.79,17.97,51638,0
KAR.US,60,20201110,170000,17.96,17.98,17.49,17.58,89442,0
KAR.US,60,20201110,180000,17.58,17.7399,17.545,17.69,133089,0
KAR.US,60,20201110,190000,17.68,17.87,17.68,17.85,133168,0
KAR.US,60,20201110,200000,17.845,17.905,17.73,17.89,139789,0
KAR.US,60,20201110,210000,17.88,18.25,17.88,18.185,333188,0
KAR.US,60,20201110,220000,18.185,18.185,18.01,18.05,786989,0
KAR.US,60,20201111,160000,18.14,18.17,17.79,17.805,56719,0
KAR.US,60,20201111,170000,17.81,17.96,17.74,17.8,65244,0
KAR.US,60,20201111,180000,17.805,17.94,17.78,17.87,94788,0
KAR.US,60,20201111,190000,17.87,17.9,17.74,17.825,58486,0
KAR.US,60,20201111,200000,17.83,17.87,17.765,17.78,61594,0
KAR.US,60,20201111,210000,17.77,17.805,17.66,17.745,70137,0
KAR.US,60,20201111,220000,17.74,17.88,17.67,17.87,337374,0
KAR.US,60,20201112,160000,17.57,17.82,17.4319,17.51,83745,0
KAR.US,60,20201112,170000,17.525,17.75,17.39,17.75,128788,0
KAR.US,60,20201112,180000,17.74,17.81,17.65,17.69,80614,0
KAR.US,60,20201112,190000,17.695,17.695,17.45,17.455,79826,0
KAR.US,60,20201112,200000,17.46,17.55,17.3,17.49,299138,0
KAR.US,60,20201112,210000,17.49,17.55,17.38,17.41,169452,0
KAR.US,60,20201112,220000,17.41,17.64,17.39,17.58,945298,0
KAR.US,60,20201113,160000,17.99,18.15,17.76,18.12,32460,0
KAR.US,60,20201113,170000,18.1,18.11,17.84,17.84,82339,0
KAR.US,60,20201113,180000,17.85,18.07,17.8,17.88,243597,0
KAR.US,60,20201113,190000,17.87,17.97,17.81,17.97,69010,0
KAR.US,60,20201113,200000,17.97,17.97,17.84,17.87,98024,0
KAR.US,60,20201113,210000,17.865,18.08,17.865,18.05,90648,0
KAR.US,60,20201113,220000,18.03,18.135,17.95,18.08,246598,0
KAR.US,60,20201116,160000,18.59,18.6,18.07,18.175,74186,0
KAR.US,60,20201116,170000,18.16,18.735,18.14,18.725,139027,0
KAR.US,60,20201116,180000,18.725,19.09,18.71,19.085,233730,0
KAR.US,60,20201116,190000,19.09,19.21,18.91,18.96,216543,0
KAR.US,60,20201116,200000,18.96,18.99,18.73,18.79,158526,0
KAR.US,60,20201116,210000,18.79,18.815,18.64,18.7,199175,0
KAR.US,60,20201116,220000,18.7,18.72,18.61,18.64,814433,0
KAR.US,60,20201117,160000,17.11,17.8,17.1,17.62,238139,0
KAR.US,60,20201117,170000,17.64,17.71,17.29,17.335,211977,0
KAR.US,60,20201117,180000,17.3301,17.63,17.29,17.52,293838,0
KAR.US,60,20201117,190000,17.52,17.73,17.51,17.66,90807,0
KAR.US,60,20201117,200000,17.65,17.65,17.435,17.505,102577,0
KAR.US,60,20201117,210000,17.51,17.545,17.345,17.355,136754,0
KAR.US,60,20201117,220000,17.355,17.43,17.27,17.4,643557,0
KAR.US,60,20201118,160000,17.5,18.11,17.495,18.095,116763,0
KAR.US,60,20201118,170000,18.11,18.18,17.975,18.14,267173,0
KAR.US,60,20201118,180000,18.15,18.45,18.15,18.35,120402,0
KAR.US,60,20201118,190000,18.36,18.375,18.24,18.355,91623,0
KAR.US,60,20201118,200000,18.355,18.38,18.24,18.26,89733,0
KAR.US,60,20201118,210000,18.2675,18.2875,17.975,18.05,227392,0
KAR.US,60,20201118,220000,18.0475,18.09,17.74,17.75,681008,0
KAR.US,60,20201119,160000,17.59,17.93,17.59,17.79,48693,0
KAR.US,60,20201119,170000,17.79,17.85,17.59,17.6,151957,0
KAR.US,60,20201119,180000,17.59,17.67,17.53,17.565,128463,0
KAR.US,60,20201119,190000,17.565,17.61,17.54,17.605,65499,0
KAR.US,60,20201119,200000,17.61,17.68,17.59,17.62,88449,0
KAR.US,60,20201119,210000,17.62,17.765,17.585,17.705,132927,0
KAR.US,60,20201119,220000,17.71,17.8,17.7,17.78,348723,0
KAR.US,60,20201120,160000,17.71,17.8,17.57,17.595,85934,0
KAR.US,60,20201120,170000,17.595,17.67,17.39,17.475,199034,0
KAR.US,60,20201120,180000,17.475,17.475,17.25,17.325,150823,0
KAR.US,60,20201120,190000,17.32,17.55,17.31,17.5,144325,0
KAR.US,60,20201120,200000,17.5,17.6,17.48,17.525,106813,0
KAR.US,60,20201120,210000,17.53,17.53,17.34,17.36,132666,0
KAR.US,60,20201120,220000,17.35,17.41,17.27,17.34,552158,0
KAR.US,60,20201123,160000,17.46,17.76,17.46,17.72,53171,0
KAR.US,60,20201123,170000,17.725,17.84,17.57,17.78,103863,0
KAR.US,60,20201123,180000,17.77,17.8,17.585,17.61,85772,0
KAR.US,60,20201123,190000,17.6,17.765,17.58,17.74,97370,0
KAR.US,60,20201123,200000,17.745,17.79,17.695,17.77,64483,0
KAR.US,60,20201123,210000,17.77,17.79,17.655,17.72,125590,0
KAR.US,60,20201123,220000,17.725,17.765,17.58,17.63,370145,0
KAR.US,60,20201124,160000,17.97,18.26,17.78,18.24,60412,0
KAR.US,60,20201124,170000,18.24,18.34,18.18,18.2,145276,0
KAR.US,60,20201124,180000,18.19,18.32,18.115,18.27,74120,0
KAR.US,60,20201124,190000,18.275,18.43,18.2411,18.38,76290,0
KAR.US,60,20201124,200000,18.38,18.53,18.375,18.48,114804,0
KAR.US,60,20201124,210000,18.47,18.48,18.29,18.37,107305,0
KAR.US,60,20201124,220000,18.37,18.44,18.275,18.44,954307,0
KAR.US,60,20201125,160000,18.29,18.42,18.03,18.12,38900,0
KAR.US,60,20201125,170000,18.11,18.54,18.06,18.38,92257,0
KAR.US,60,20201125,180000,18.38,18.6,18.38,18.6,65878,0
KAR.US,60,20201125,190000,18.62,18.65,18.42,18.455,51434,0
KAR.US,60,20201125,200000,18.455,18.52,18.43,18.46,44422,0
KAR.US,60,20201125,210000,18.46,18.62,18.32,18.6,88299,0
KAR.US,60,20201125,220000,18.6,18.635,18.5,18.62,535764,0
KAR.US,60,20201127,160000,18.61,18.66,18.355,18.455,37410,0
KAR.US,60,20201127,170000,18.455,18.49,18.38,18.475,96342,0
KAR.US,60,20201127,180000,18.475,18.475,18.2,18.295,72796,0
KAR.US,60,20201127,190000,18.295,18.58,18.26,18.53,262489,0
KAR.US,60,20201127,200000,18.54,18.54,18.54,18.54,53302,0
KAR.US,60,20201130,160000,18.27,18.57,18.27,18.415,33790,0
KAR.US,60,20201130,170000,18.43,18.45,18.13,18.34,77074,0
KAR.US,60,20201130,180000,18.34,18.43,18.265,18.315,62812,0
KAR.US,60,20201130,190000,18.31,18.39,18.17,18.195,63967,0
KAR.US,60,20201130,200000,18.195,18.27,18.195,18.205,34450,0
KAR.US,60,20201130,210000,18.195,18.245,18.16,18.22,56543,0
KAR.US,60,20201130,220000,18.23,18.245,17.99,18.05,751582,0
KAR.US,60,20201201,160000,18.35,18.59,18.3,18.57,48013,0
KAR.US,60,20201201,170000,18.58,18.775,18.38,18.45,156071,0
KAR.US,60,20201201,180000,18.45,18.56,18.44,18.49,115640,0
KAR.US,60,20201201,190000,18.47,18.66,18.47,18.595,94632,0
KAR.US,60,20201201,200000,18.6,18.65,18.545,18.65,62689,0
KAR.US,60,20201201,210000,18.65,18.755,18.605,18.625,93336,0
KAR.US,60,20201201,220000,18.61,18.67,18.505,18.64,618205,0
KAR.US,60,20201202,160000,18.52,18.57,18.29,18.395,82244,0
KAR.US,60,20201202,170000,18.36,18.39,18.19,18.23,98795,0
KAR.US,60,20201202,180000,18.24,18.48,18.24,18.265,99442,0
KAR.US,60,20201202,190000,18.275,18.45,18.275,18.43,66377,0
KAR.US,60,20201202,200000,18.43,18.45,18.34,18.34,55335,0
KAR.US,60,20201202,210000,18.34,18.57,18.32,18.555,94836,0
KAR.US,60,20201202,220000,18.54,18.56,18.38,18.45,823757,0
KAR.US,60,20201203,160000,18.43,18.64,18.36,18.49,70267,0
KAR.US,60,20201203,170000,18.51,18.55,18.31,18.515,87054,0
KAR.US,60,20201203,180000,18.53,18.62,18.5,18.58,88970,0
KAR.US,60,20201203,190000,18.5788,18.61,18.45,18.51,64504,0
KAR.US,60,20201203,200000,18.515,18.515,18.34,18.34,76320,0
KAR.US,60,20201203,210000,18.36,18.49,18.36,18.39,72984,0
KAR.US,60,20201203,220000,18.39,18.44,18.16,18.22,302369,0
KAR.US,60,20201204,160000,18.49,18.62,18.425,18.57,89225,0
KAR.US,60,20201204,170000,18.55,18.71,18.48,18.65,161873,0
KAR.US,60,20201204,180000,18.67,18.98,18.67,18.78,107930,0
KAR.US,60,20201204,190000,18.75,18.94,18.745,18.85,137929,0
KAR.US,60,20201204,200000,18.87,18.89,18.79,18.86,47377,0
KAR.US,60,20201204,210000,18.85,18.92,18.8462,18.89,55110,0
KAR.US,60,20201204,220000,18.88,18.95,18.8,18.95,343733,0
KAR.US,60,20201207,160000,18.98,19.11,18.86,18.95,74285,0
KAR.US,60,20201207,170000,18.94,19.155,18.86,19.1,80771,0
KAR.US,60,20201207,180000,19.085,19.0999,18.85,18.91,42966,0
KAR.US,60,20201207,190000,18.92,18.9538,18.9,18.9,30642,0
KAR.US,60,20201207,200000,18.89,18.89,18.69,18.7,46260,0
KAR.US,60,20201207,210000,18.7,18.71,18.62,18.7,57803,0
KAR.US,60,20201207,220000,18.705,18.775,18.675,18.75,263244,0
KAR.US,60,20201208,160000,18.53,18.885,18.53,18.85,21233,0
KAR.US,60,20201208,170000,18.81,19.04,18.7,18.98,45876,0
KAR.US,60,20201208,180000,18.99,19.055,18.92,18.98,77413,0
KAR.US,60,20201208,190000,19,19.11,18.93,19.08,60947,0
KAR.US,60,20201208,200000,19.08,19.14,19.04,19.06,40202,0
KAR.US,60,20201208,210000,19.06,19.08,19.01,19.02,81096,0
KAR.US,60,20201208,220000,19.02,19.17,18.995,19.11,324446,0
KAR.US,60,20201209,160000,19.24,19.58,19.24,19.44,59221,0
KAR.US,60,20201209,170000,19.45,19.575,19.38,19.38,122322,0
KAR.US,60,20201209,180000,19.37,19.54,19.36,19.51,63991,0
KAR.US,60,20201209,190000,19.54,19.66,19.505,19.595,86577,0
KAR.US,60,20201209,200000,19.58,19.59,19.435,19.445,143158,0
KAR.US,60,20201209,210000,19.45,19.635,19.45,19.635,60665,0
KAR.US,60,20201209,220000,19.635,19.64,19.51,19.62,453825,0
KAR.US,60,20201210,160000,19.37,19.48,19.03,19.03,74853,0
KAR.US,60,20201210,170000,19.04,19.205,19.02,19.09,40313,0
KAR.US,60,20201210,180000,19.09,19.14,18.89,18.96,207112,0
KAR.US,60,20201210,190000,18.97,19.14,18.91,19,109285,0
KAR.US,60,20201210,200000,18.99,19.09,18.96,19.085,73180,0
KAR.US,60,20201210,210000,19.11,19.11,18.94,19.05,144432,0
KAR.US,60,20201210,220000,19.05,19.24,19.035,19.06,440508,0
KAR.US,60,20201211,160000,18.79,19.14,18.765,19.0675,19178,0
KAR.US,60,20201211,170000,19.11,19.27,19.08,19.11,80210,0
KAR.US,60,20201211,180000,19.12,19.12,19,19.065,653593,0
KAR.US,60,20201211,190000,19.065,19.08,18.76,18.89,204769,0
KAR.US,60,20201211,200000,18.9,19.01,18.87,18.99,50328,0
KAR.US,60,20201211,210000,19.005,19.11,18.9877,19.015,196658,0
KAR.US,60,20201211,220000,19.01,19.075,18.745,18.75,1174862,0
KAR.US,60,20201214,160000,19,19.07,18.74,18.74,51340,0
KAR.US,60,20201214,170000,18.775,18.78,18.45,18.47,220095,0
KAR.US,60,20201214,180000,18.47,18.615,18.4,18.46,186422,0
KAR.US,60,20201214,190000,18.465,18.47,18.345,18.375,96187,0
KAR.US,60,20201214,200000,18.375,18.385,18.195,18.235,151026,0
KAR.US,60,20201214,210000,18.245,18.27,18.095,18.27,123694,0
KAR.US,60,20201214,220000,18.265,18.385,18.24,18.33,853516,0
KAR.US,60,20201215,160000,18.58,18.68,18.45,18.53,42800,0
KAR.US,60,20201215,170000,18.55,18.79,18.54,18.79,147797,0
KAR.US,60,20201215,180000,18.79,18.98,18.705,18.91,230268,0
KAR.US,60,20201215,190000,18.91,18.95,18.835,18.94,56237,0
KAR.US,60,20201215,200000,18.94,19.14,18.935,19.105,155564,0
KAR.US,60,20201215,210000,19.11,19.195,19.1,19.11,97376,0
KAR.US,60,20201215,220000,19.105,19.31,19.075,19.31,538486,0
KAR.US,60,20201216,160000,19.35,19.64,19.18,19.61,57114,0
KAR.US,60,20201216,170000,19.59,19.595,19.21,19.265,134881,0
KAR.US,60,20201216,180000,19.26,19.275,19.07,19.135,140231,0
KAR.US,60,20201216,190000,19.14,19.19,19.08,19.17,101929,0
KAR.US,60,20201216,200000,19.17,19.17,18.975,19.03,65077,0
KAR.US,60,20201216,210000,19.09,19.09,18.9131,19.05,63504,0
KAR.US,60,20201216,220000,19.05,19.095,18.97,19.02,920753,0
KAR.US,60,20201217,160000,19.19,19.19,18.9,19.01,25601,0
KAR.US,60,20201217,170000,18.995,19.2,18.98,19.06,95924,0
KAR.US,60,20201217,180000,19.06,19.1,19.01,19.04,117512,0
KAR.US,60,20201217,190000,19.05,19.08,18.99,19.035,138017,0
KAR.US,60,20201217,200000,19.02,19.06,18.88,18.92,124501,0
KAR.US,60,20201217,210000,18.91,18.96,18.82,18.835,156061,0
KAR.US,60,20201217,220000,18.835,18.93,18.82,18.92,582760,0
KAR.US,60,20201218,160000,18.98,19.415,18.94,19.04,458545,0
KAR.US,60,20201218,170000,19.02,19.125,18.94,18.96,74733,0
KAR.US,60,20201218,180000,18.96,18.99,18.72,18.73,80096,0
KAR.US,60,20201218,190000,18.72,18.775,18.63,18.645,79379,0
KAR.US,60,20201218,200000,18.64,18.71,18.61,18.635,65795,0
KAR.US,60,20201218,210000,18.635,18.64,18.41,18.435,119021,0
KAR.US,60,20201218,220000,18.44,18.5,18.26,18.35,1273019,0
KAR.US,60,20201221,160000,17.95,18.18,17.945,17.96,78089,0
KAR.US,60,20201221,170000,17.955,17.98,17.63,17.88,70308,0
KAR.US,60,20201221,180000,17.87,18.07,17.87,18,90694,0
KAR.US,60,20201221,190000,18.01,18.145,17.99,18.12,58110,0
KAR.US,60,20201221,200000,18.11,18.135,18.02,18.025,47665,0
KAR.US,60,20201221,210000,18.02,18.13,18,18.07,45640,0
KAR.US,60,20201221,220000,18.08,18.12,17.995,18.09,297662,0
KAR.US,60,20201222,160000,18.04,18.16,17.89,17.93,31159,0
KAR.US,60,20201222,170000,17.93,18.14,17.93,18.09,55287,0
KAR.US,60,20201222,180000,18.11,18.16,17.8022,17.83,43947,0
KAR.US,60,20201222,190000,17.82,17.935,17.77,17.915,99417,0
KAR.US,60,20201222,200000,17.92,17.93,17.845,17.91,55226,0
KAR.US,60,20201222,210000,17.92,18.01,17.89,18.005,91740,0
KAR.US,60,20201222,220000,18.005,18.12,18.005,18.1,369638,0
KAR.US,60,20201223,160000,18.11,18.61,18.105,18.49,57633,0
KAR.US,60,20201223,170000,18.48,18.484,18.285,18.42,53173,0
KAR.US,60,20201223,180000,18.415,18.49,18.39,18.45,65302,0
KAR.US,60,20201223,190000,18.445,18.475,18.36,18.37,65954,0
KAR.US,60,20201223,200000,18.37,18.43,18.36,18.38,35305,0
KAR.US,60,20201223,210000,18.385,18.44,18.2599,18.27,94033,0
KAR.US,60,20201223,220000,18.26,18.305,18.2,18.27,528893,0
KAR.US,60,20201224,160000,18.2,18.27,18.12,18.225,21359,0
KAR.US,60,20201224,170000,18.21,18.21,17.99,18.1,62108,0
KAR.US,60,20201224,180000,18.11,18.15,18.03,18.15,36280,0
KAR.US,60,20201224,190000,18.14,18.21,18.08,18.17,67834,0
KAR.US,60,20201224,200000,18.18,18.18,18.18,18.18,35612,0
KAR.US,60,20201228,160000,18.43,18.49,18.23,18.415,31900,0
KAR.US,60,20201228,170000,18.415,18.44,18.215,18.25,103873,0
KAR.US,60,20201228,180000,18.23,18.27,18.175,18.27,65223,0
KAR.US,60,20201228,190000,18.27,18.37,18.27,18.35,57164,0
KAR.US,60,20201228,200000,18.35,18.39,18.331,18.38,79087,0
KAR.US,60,20201228,210000,18.38,18.475,18.38,18.425,42076,0
KAR.US,60,20201228,220000,18.425,18.425,18.22,18.33,397230,0
KAR.US,60,20201229,160000,18.44,18.5,18.1,18.24,43387,0
KAR.US,60,20201229,170000,18.2522,18.43,18.06,18.1,62457,0
KAR.US,60,20201229,180000,18.08,18.235,18.02,18.17,50539,0
KAR.US,60,20201229,190000,18.19,18.245,18.11,18.13,91701,0
KAR.US,60,20201229,200000,18.14,18.195,18.13,18.16,72328,0
KAR.US,60,20201229,210000,18.165,18.19,18.085,18.15,97655,0
KAR.US,60,20201229,220000,18.145,18.285,18.145,18.19,287713,0
KAR.US,60,20201230,160000,18.3,18.62,18.275,18.5552,50875,0
KAR.US,60,20201230,170000,18.55,18.62,18.465,18.52,42179,0
KAR.US,60,20201230,180000,18.52,18.57,18.42,18.43,116344,0
KAR.US,60,20201230,190000,18.44,18.58,18.43,18.515,75895,0
KAR.US,60,20201230,200000,18.515,18.53,18.48,18.48,40218,0
KAR.US,60,20201230,210000,18.48,18.49,18.31,18.3625,86582,0
KAR.US,60,20201230,220000,18.3625,18.415,18.305,18.38,673148,0
KAR.US,60,20201231,160000,18.37,18.47,18.24,18.42,40818,0
KAR.US,60,20201231,170000,18.42,18.51,18.41,18.49,56432,0
KAR.US,60,20201231,180000,18.49,18.665,18.49,18.65,47290,0
KAR.US,60,20201231,190000,18.655,18.75,18.54,18.66,131413,0
KAR.US,60,20201231,200000,18.6675,18.68,18.61,18.645,36189,0
KAR.US,60,20201231,210000,18.65,18.755,18.63,18.7,71951,0
KAR.US,60,20201231,220000,18.695,18.745,18.59,18.61,545698,0
KAR.US,60,20210104,160000,18.99,19.11,18.78,18.845,70057,0
KAR.US,60,20210104,170000,18.85,18.955,18.44,18.52,165347,0
KAR.US,60,20210104,180000,18.52,18.61,18.372,18.42,321408,0
KAR.US,60,20210104,190000,18.4287,18.46,18.31,18.43,68430,0
KAR.US,60,20210104,200000,18.45,18.69,18.41,18.67,65366,0
KAR.US,60,20210104,210000,18.67,18.67,18.39,18.42,72178,0
KAR.US,60,20210104,220000,18.4,18.515,18.275,18.4,437868,0
KAR.US,60,20210105,160000,18.45,18.85,18.45,18.52,41312,0
KAR.US,60,20210105,170000,18.56,18.75,18.55,18.6683,67856,0
KAR.US,60,20210105,180000,18.67,18.78,18.62,18.705,72264,0
KAR.US,60,20210105,190000,18.705,18.8978,18.69,18.895,71941,0
KAR.US,60,20210105,200000,18.895,18.895,18.795,18.865,60580,0
KAR.US,60,20210105,210000,18.87,18.97,18.84,18.895,66250,0
KAR.US,60,20210105,220000,18.89,18.93,18.805,18.83,297238,0
KAR.US,60,20210106,160000,19.21,19.56,19.01,19.555,150433,0
KAR.US,60,20210106,170000,19.555,19.98,19.555,19.77,316404,0
KAR.US,60,20210106,180000,19.75,19.9,19.71,19.84,108008,0
KAR.US,60,20210106,190000,19.84,20.13,19.82,20.1,87358,0
KAR.US,60,20210106,200000,20.1,20.26,20.08,20.15,93401,0
KAR.US,60,20210106,210000,20.16,20.27,19.7,19.87,117482,0
KAR.US,60,20210106,220000,19.86,19.96,19.745,19.95,741919,0
KAR.US,60,20210107,160000,19.98,20.15,19.76,19.91,32318,0
KAR.US,60,20210107,170000,19.975,20.05,19.79,19.81,55590,0
KAR.US,60,20210107,180000,19.82,19.8995,19.72,19.8,44725,0
KAR.US,60,20210107,190000,19.81,19.87,19.75,19.85,48917,0
KAR.US,60,20210107,200000,19.86,19.98,19.85,19.955,47924,0
KAR.US,60,20210107,210000,19.96,19.99,19.93,19.97,61774,0
KAR.US,60,20210107,220000,19.975,20.05,19.94,20,311106,0
KAR.US,60,20210108,160000,20.04,20.27,19.93,20.15,56419,0
KAR.US,60,20210108,170000,20.17,20.187,19.97,20.15,107911,0
KAR.US,60,20210108,180000,20.15,20.2,20.1,20.1966,68857,0
KAR.US,60,20210108,190000,20.195,20.335,20.13,20.13,46549,0
KAR.US,60,20210108,200000,20.14,20.175,19.9,19.92,88720,0
KAR.US,60,20210108,210000,19.95,20.13,19.935,20.09,85084,0
KAR.US,60,20210108,220000,20.11,20.27,20.05,20.08,390190,0
KAR.US,60,20210111,160000,19.71,20.06,19.7,19.96,45187,0
KAR.US,60,20210111,170000,19.945,20.09,19.85,20.08,54210,0
KAR.US,60,20210111,180000,20.08,20.14,19.935,20.075,102790,0
KAR.US,60,20210111,190000,20.09,20.17,20.08,20.11,55633,0
KAR.US,60,20210111,200000,20.1,20.16,20.01,20.095,79211,0
KAR.US,60,20210111,210000,20.09,20.13,20.05,20.07,74883,0
KAR.US,60,20210111,220000,20.075,20.09,19.8,19.8,973589,0
KAR.US,60,20210112,160000,19.85,20.26,19.78,20.2075,175369,0
KAR.US,60,20210112,170000,20.2167,20.84,20.11,20.77,802146,0
KAR.US,60,20210112,180000,20.77,20.8478,20.47,20.54,99794,0
KAR.US,60,20210112,190000,20.5649,20.71,20.42,20.67,193781,0
KAR.US,60,20210112,200000,20.6,20.62,20.47,20.54,72067,0
KAR.US,60,20210112,210000,20.53,20.66,20.4889,20.585,95283,0
KAR.US,60,20210112,220000,20.585,20.76,20.57,20.75,561553,0
KAR.US,60,20210113,160000,20.58,20.58,20.27,20.48,221376,0
KAR.US,60,20210113,170000,20.45,20.475,19.97,20,272015,0
KAR.US,60,20210113,180000,20.015,20.09,19.6,19.6324,398751,0
KAR.US,60,20210113,190000,19.63,19.7,19.44,19.66,384856,0
KAR.US,60,20210113,200000,19.655,19.67,19.47,19.57,174478,0
KAR.US,60,20210113,210000,19.58,19.6,19.305,19.32,189074,0
KAR.US,60,20210113,220000,19.3146,19.47,19.17,19.22,848165,0
KAR.US,60,20210114,160000,19.5,19.5,18.84,18.855,184860,0
KAR.US,60,20210114,170000,18.86,18.955,18.77,18.95,486728,0
KAR.US,60,20210114,180000,18.95,19.1099,18.895,19.015,168181,0
KAR.US,60,20210114,190000,19.017,19.075,18.89,19.065,135701,0
KAR.US,60,20210114,200000,19.06,19.42,19.06,19.34,182729,0
KAR.US,60,20210114,210000,19.345,19.39,19.2,19.22,195095,0
KAR.US,60,20210114,220000,19.225,19.28,19.04,19.06,421824,0
KAR.US,60,20210115,160000,18.81,19.05,18.53,18.538,139401,0
KAR.US,60,20210115,170000,18.53,18.55,18.245,18.28,166722,0
KAR.US,60,20210115,180000,18.27,18.33,18.17,18.3,178306,0
KAR.US,60,20210115,190000,18.3,18.47,18.25,18.26,192737,0
KAR.US,60,20210115,200000,18.25,18.44,18.16,18.34,221053,0
KAR.US,60,20210115,210000,18.32,18.37,18.19,18.335,82470,0
KAR.US,60,20210115,220000,18.34,18.4301,18.21,18.26,648612,0
KAR.US,60,20210119,160000,18.36,18.46,18.16,18.2,81659,0
KAR.US,60,20210119,170000,18.17,18.31,18.05,18.26,112819,0
KAR.US,60,20210119,180000,18.25,18.255,18.08,18.1336,92153,0
KAR.US,60,20210119,190000,18.14,18.21,18.06,18.16,111104,0
KAR.US,60,20210119,200000,18.18,18.25,18.17,18.21,82333,0
KAR.US,60,20210119,210000,18.22,18.235,18.15,18.16,70193,0
KAR.US,60,20210119,220000,18.15,18.235,18.05,18.09,760337,0
KAR.US,60,20210120,160000,18.06,18.2,18.02,18.08,168031,0
KAR.US,60,20210120,170000,18.09,18.22,17.925,18.2,809712,0
KAR.US,60,20210120,180000,18.21,18.29,18.16,18.22,113192,0
KAR.US,60,20210120,190000,18.2,18.27,18.12,18.25,136561,0
KAR.US,60,20210120,200000,18.25,18.27,18.16,18.21,132417,0
KAR.US,60,20210120,210000,18.22,18.33,18.2,18.27,192565,0
KAR.US,60,20210120,220000,18.27,18.34,18.24,18.32,541841,0
KAR.US,60,20210121,160000,18.33,18.41,18.11,18.3,47764,0
KAR.US,60,20210121,170000,18.295,18.515,18.265,18.44,340259,0
KAR.US,60,20210121,180000,18.44,18.45,18.22,18.23,111567,0
KAR.US,60,20210121,190000,18.23,18.35,18.21,18.325,97800,0
KAR.US,60,20210121,200000,18.32,18.41,18.27,18.35,97289,0
KAR.US,60,20210121,210000,18.36,18.42,18.28,18.41,227963,0
KAR.US,60,20210121,220000,18.41,18.61,18.37,18.59,785070,0
KAR.US,60,20210122,160000,18.32,18.48,18.12,18.14,140937,0
KAR.US,60,20210122,170000,18.135,18.39,18.13,18.3822,94920,0
KAR.US,60,20210122,180000,18.39,18.47,18.35,18.44,82966,0
KAR.US,60,20210122,190000,18.45,18.49,18.23,18.23,166753,0
KAR.US,60,20210122,200000,18.22,18.32,18.18,18.27,123780,0
KAR.US,60,20210122,210000,18.285,18.39,18.24,18.385,99929,0
KAR.US,60,20210122,220000,18.38,18.56,18.32,18.56,577404,0
KAR.US,60,20210125,160000,18.4,18.48,18.19,18.25,150787,0
KAR.US,60,20210125,170000,18.25,18.54,18.01,18.02,303911,0
KAR.US,60,20210125,180000,18,18.13,17.88,18.1,268267,0
KAR.US,60,20210125,190000,18.11,18.14,18.02,18.11,134264,0
KAR.US,60,20210125,200000,18.105,18.215,18.09,18.15,150122,0
KAR.US,60,20210125,210000,18.15,18.28,18.11,18.235,172791,0
KAR.US,60,20210125,220000,18.23,18.33,18.15,18.28,423175,0
KAR.US,60,20210126,160000,18.41,18.63,18.27,18.55,62060,0
KAR.US,60,20210126,170000,18.535,18.59,18.42,18.46,97384,0
KAR.US,60,20210126,180000,18.47,18.53,18.38,18.47,166491,0
KAR.US,60,20210126,190000,18.47,18.52,18.4261,18.49,69603,0
KAR.US,60,20210126,200000,18.48,18.51,18.44,18.475,88062,0
KAR.US,60,20210126,210000,18.475,18.58,18.47,18.58,79984,0
KAR.US,60,20210126,220000,18.58,18.85,18.58,18.84,600045,0
KAR.US,60,20210127,160000,18.42,18.49,18.16,18.43,69641,0
KAR.US,60,20210127,170000,18.435,18.7,18.32,18.7,197342,0
KAR.US,60,20210127,180000,18.7,18.78,18.31,18.365,279136,0
KAR.US,60,20210127,190000,18.365,18.75,18.36,18.66,145284,0
KAR.US,60,20210127,200000,18.68,18.88,18.53,18.88,125587,0
KAR.US,60,20210127,210000,18.88,19,18.67,18.865,594155,0
KAR.US,60,20210127,220000,18.85,19.26,18.82,19.09,1134399,0
KAR.US,60,20210128,160000,19.39,19.44,19.1213,19.405,67914,0
KAR.US,60,20210128,170000,19.415,19.53,18.99,19.03,583847,0
KAR.US,60,20210128,180000,19.01,19.17,18.87,18.945,107181,0
KAR.US,60,20210128,190000,18.96,19.09,18.9,18.91,93140,0
KAR.US,60,20210128,200000,18.93,19.01,18.62,18.69,425805,0
KAR.US,60,20210128,210000,18.69,18.865,18.615,18.73,261164,0
KAR.US,60,20210128,220000,18.72,18.76,18.44,18.46,559248,0
KAR.US,60,20210129,160000,18.5,18.5,18.22,18.33,51935,0
KAR.US,60,20210129,170000,18.33,18.37,18.23,18.32,57495,0
KAR.US,60,20210129,180000,18.29,18.31,17.9,17.98,151016,0
KAR.US,60,20210129,190000,17.99,18.03,17.6346,17.73,126775,0
KAR.US,60,20210129,200000,17.735,18.21,17.66,18.175,273007,0
KAR.US,60,20210129,210000,18.18,18.37,18.16,18.31,244328,0
KAR.US,60,20210129,220000,18.31,18.68,18.31,18.45,722902,0
KAR.US,60,20210201,160000,18.68,18.79,18.525,18.715,61200,0
KAR.US,60,20210201,170000,18.72,18.98,18.6671,18.83,62555,0
KAR.US,60,20210201,180000,18.81,18.95,18.75,18.92,61791,0
KAR.US,60,20210201,190000,18.93,18.98,18.86,18.8977,41285,0
KAR.US,60,20210201,200000,18.9,19.13,18.89,19.12,55514,0
KAR.US,60,20210201,210000,19.12,19.32,19.11,19.24,66344,0
KAR.US,60,20210201,220000,19.25,19.32,19.09,19.12,340976,0
KAR.US,60,20210202,160000,19.42,19.54,18.94,18.94,36190,0
KAR.US,60,20210202,170000,18.94,19.06,18.7,18.88,103193,0
KAR.US,60,20210202,180000,18.88,19.08,18.865,18.91,57658,0
KAR.US,60,20210202,190000,18.9,19.14,18.89,19.12,64113,0
KAR.US,60,20210202,200000,19.12,19.18,18.99,19.035,59083,0
KAR.US,60,20210202,210000,19.035,19.32,19,19.315,152249,0
KAR.US,60,20210202,220000,19.31,19.34,19.23,19.24,239074,0
KAR.US,60,20210203,160000,19.15,19.29,19.06,19.16,28323,0
KAR.US,60,20210203,170000,19.14,19.22,18.96,18.96,43275,0
KAR.US,60,20210203,180000,18.97,18.98,18.74,18.84,78836,0
KAR.US,60,20210203,190000,18.84,18.84,18.68,18.74,43539,0
KAR.US,60,20210203,200000,18.74,19.04,18.74,19.01,68835,0
KAR.US,60,20210203,210000,19.01,19.05,18.99,19.03,40758,0
KAR.US,60,20210203,220000,19.02,19.09,18.99,19.06,217857,0
KAR.US,60,20210204,160000,19.17,19.35,19.09,19.13,42893,0
KAR.US,60,20210204,170000,19.13,19.41,19.11,19.2,130835,0
KAR.US,60,20210204,180000,19.205,19.385,19.13,19.385,170184,0
KAR.US,60,20210204,190000,19.385,19.4189,19.17,19.2,41326,0
KAR.US,60,20210204,200000,19.185,19.36,19.17,19.36,26435,0
KAR.US,60,20210204,210000,19.35,19.35,19.28,19.29,53261,0
KAR.US,60,20210204,220000,19.29,19.47,19.28,19.46,329734,0
KAR.US,60,20210205,160000,19.74,19.86,19.51,19.7,237771,0
KAR.US,60,20210205,170000,19.72,19.88,19.4,19.77,201867,0
KAR.US,60,20210205,180000,19.76,19.84,19.68,19.76,32903,0
KAR.US,60,20210205,190000,19.76,19.79,19.61,19.62,47854,0
KAR.US,60,20210205,200000,19.62,19.74,19.58,19.695,107707,0
KAR.US,60,20210205,210000,19.682,19.72,19.66,19.69,31940,0
KAR.US,60,20210205,220000,19.68,19.82,19.645,19.8,424255,0
KAR.US,60,20210208,160000,19.81,19.98,19.73,19.87,60345,0
KAR.US,60,20210208,170000,19.85,20.06,19.75,19.935,140986,0
KAR.US,60,20210208,180000,19.935,19.99,19.85,19.935,69262,0
KAR.US,60,20210208,190000,19.94,20.04,19.83,19.83,283154,0
KAR.US,60,20210208,200000,19.83,19.91,19.74,19.87,71145,0
KAR.US,60,20210208,210000,19.87,19.88,19.79,19.845,189179,0
KAR.US,60,20210208,220000,19.845,19.86,19.74,19.81,441266,0
KAR.US,60,20210209,160000,19.77,19.92,19.38,19.43,58740,0
KAR.US,60,20210209,170000,19.43,19.47,19.24,19.255,102147,0
KAR.US,60,20210209,180000,19.25,19.31,19.2,19.29,89999,0
KAR.US,60,20210209,190000,19.29,19.31,19.09,19.095,155486,0
KAR.US,60,20210209,200000,19.11,19.17,18.96,19.17,367308,0
KAR.US,60,20210209,210000,19.17,19.21,19.02,19.075,433261,0
KAR.US,60,20210209,220000,19.065,19.46,19.02,19.06,521167,0
KAR.US,60,20210210,160000,19.18,19.31,18.85,18.85,68730,0
KAR.US,60,20210210,170000,18.89,19.18,18.85,19.14,84784,0
KAR.US,60,20210210,180000,19.14,19.15,19.02,19.065,68125,0
KAR.US,60,20210210,190000,19.06,19.21,18.98,19.18,81634,0
KAR.US,60,20210210,200000,19.18,19.24,19.15,19.185,69739,0
KAR.US,60,20210210,210000,19.19,19.255,19.14,19.195,120567,0
KAR.US,60,20210210,220000,19.195,19.2,19,19.11,459853,0
KAR.US,60,20210211,160000,19.26,19.39,19.145,19.175,46704,0
KAR.US,60,20210211,170000,19.2,19.245,19.02,19.05,79491,0
KAR.US,60,20210211,180000,19.0717,19.0717,18.94,19.02,76305,0
KAR.US,60,20210211,190000,19.03,19.04,18.79,18.93,123176,0
KAR.US,60,20210211,200000,18.93,19.11,18.86,19.0775,315368,0
KAR.US,60,20210211,210000,19.08,19.23,19.015,19.21,315451,0
KAR.US,60,20210211,220000,19.2075,19.31,19.15,19.3,636329,0
KAR.US,60,20210212,160000,19.15,19.33,19.04,19.1,34595,0
KAR.US,60,20210212,170000,19.1,19.37,18.99,19.32,92939,0
KAR.US,60,20210212,180000,19.33,19.33,19.13,19.235,80479,0
KAR.US,60,20210212,190000,19.24,19.29,19.13,19.14,70084,0
KAR.US,60,20210212,200000,19.14,19.17,19.08,19.11,86426,0
KAR.US,60,20210212,210000,19.11,19.1595,18.98,19,136406,0
KAR.US,60,20210212,220000,19,19.2,18.99,19.19,510270,0
KAR.US,60,20210216,160000,19.3,19.52,19.13,19.14,88609,0
KAR.US,60,20210216,170000,19.15,19.33,19.03,19.1,241738,0
KAR.US,60,20210216,180000,19.095,19.2,19.01,19.095,164983,0
KAR.US,60,20210216,190000,19.095,19.12,18.71,18.75,150216,0
KAR.US,60,20210216,200000,18.76,18.7875,18.52,18.57,197383,0
KAR.US,60,20210216,210000,18.57,18.7,18.49,18.6,203042,0
KAR.US,60,20210216,220000,18.6,18.68,18.42,18.46,682419,0
KAR.US,60,20210217,160000,14.11,14.9,13.83,14.1798,3140931,0
KAR.US,60,20210217,170000,14.18,14.5746,14.1,14.28,2629487,0
KAR.US,60,20210217,180000,14.275,14.84,14.19,14.525,1783447,0
KAR.US,60,20210217,190000,14.53,15.06,14.5,14.8399,1053386,0
KAR.US,60,20210217,200000,14.83,15.62,14.83,15.495,1671654,0
KAR.US,60,20210217,210000,15.5,16.05,15.35,15.66,1662558,0
KAR.US,60,20210217,220000,15.65,15.97,15.64,15.93,2732437,0
KAR.US,60,20210218,160000,15.35,15.52,15,15.24,1233509,0
KAR.US,60,20210218,170000,15.2419,15.39,15.02,15.18,1098013,0
KAR.US,60,20210218,180000,15.16,15.17,14.71,14.76,838264,0
KAR.US,60,20210218,190000,14.755,14.99,14.7,14.945,632490,0
KAR.US,60,20210218,200000,14.945,14.985,14.875,14.955,395224,0
KAR.US,60,20210218,210000,14.955,14.99,14.7801,14.845,560371,0
KAR.US,60,20210218,220000,14.845,15,14.78,14.8,2022993,0
KAR.US,60,20210219,160000,14.8,15.1,14.485,15.02,303610,0
KAR.US,60,20210219,170000,15,15.1728,14.73,14.74,195759,0
KAR.US,60,20210219,180000,14.7311,14.93,14.725,14.8901,156610,0
KAR.US,60,20210219,190000,14.895,14.94,14.78,14.8,145996,0
KAR.US,60,20210219,200000,14.8,14.8382,14.71,14.83,105222,0
KAR.US,60,20210219,210000,14.835,14.84,14.73,14.745,165331,0
KAR.US,60,20210219,220000,14.745,14.83,14.73,14.78,627946,0
KAR.US,60,20210222,160000,14.63,14.69,14.41,14.49,390802,0
KAR.US,60,20210222,170000,14.5,14.75,14.335,14.55,991731,0
KAR.US,60,20210222,180000,14.5516,14.71,14.46,14.625,750184,0
KAR.US,60,20210222,190000,14.63,14.82,14.52,14.71,239177,0
KAR.US,60,20210222,200000,14.71,14.72,14.52,14.58,182910,0
KAR.US,60,20210222,210000,14.58,14.65,14.565,14.61,207294,0
KAR.US,60,20210222,220000,14.605,14.65,14.53,14.58,881032,0
KAR.US,60,20210223,160000,14.5,14.62,14.19,14.2099,124073,0
KAR.US,60,20210223,170000,14.21,14.5,14.2,14.298,293046,0
KAR.US,60,20210223,180000,14.3,14.55,14.3,14.38,261676,0
KAR.US,60,20210223,190000,14.37,14.41,14.24,14.36,402398,0
KAR.US,60,20210223,200000,14.35,14.63,14.3,14.59,379966,0
KAR.US,60,20210223,210000,14.58,14.63,14.519,14.63,162320,0
KAR.US,60,20210223,220000,14.63,14.91,14.63,14.87,1160886,0
KAR.US,60,20210224,160000,15,15.03,14.71,14.79,200754,0
KAR.US,60,20210224,170000,14.79,14.79,14.556,14.745,226474,0
KAR.US,60,20210224,180000,14.76,14.995,14.73,14.99,192211,0
KAR.US,60,20210224,190000,14.99,15.0789,14.91,15.07,246982,0
KAR.US,60,20210224,200000,15.07,15.15,15.04,15.085,148579,0
KAR.US,60,20210224,210000,15.09,15.09,14.95,15,329388,0
KAR.US,60,20210224,220000,14.995,15.095,14.995,15.03,800076,0
KAR.US,60,20210225,160000,14.81,14.98,14.54,14.7,177956,0
KAR.US,60,20210225,170000,14.72,14.785,14.61,14.66,264065,0
KAR.US,60,20210225,180000,14.66,14.66,14.45,14.46,199258,0
KAR.US,60,20210225,190000,14.46,14.48,14.26,14.325,345101,0
KAR.US,60,20210225,200000,14.325,14.58,14.24,14.44,197167,0
KAR.US,60,20210225,210000,14.445,14.525,14.34,14.35,93457,0
KAR.US,60,20210225,220000,14.34,14.37,14.1,14.25,812874,0
KAR.US,60,20210226,160000,14.26,14.44,14.16,14.22,81011,0
KAR.US,60,20210226,170000,14.22,14.421,14.08,14.38,186548,0
KAR.US,60,20210226,180000,14.39,14.39,14.075,14.21,141788,0
KAR.US,60,20210226,190000,14.21,14.37,14.05,14.078,271013,0
KAR.US,60,20210226,200000,14.07,14.225,14.04,14.06,232422,0
KAR.US,60,20210226,210000,14.06,14.095,13.96,13.99,404147,0
KAR.US,60,20210226,220000,13.99,14.12,13.91,13.91,2186714,0
KAR.US,60,20210301,160000,14.22,14.441,14.17,14.31,133609,0
KAR.US,60,20210301,170000,14.29,14.32,14.115,14.21,214185,0
KAR.US,60,20210301,180000,14.21,14.31,14.18,14.19,251443,0
KAR.US,60,20210301,190000,14.2,14.27,14.19,14.24,217731,0
KAR.US,60,20210301,200000,14.235,14.345,14.18,14.3,324810,0
KAR.US,60,20210301,210000,14.3,14.39,14.29,14.355,364764,0
KAR.US,60,20210301,220000,14.345,14.475,14.3,14.31,1139791,0
KAR.US,60,20210302,160000,14.37,14.5,14.3,14.44,104775,0
KAR.US,60,20210302,170000,14.42,14.445,14.25,14.33,294324,0
KAR.US,60,20210302,180000,14.33,14.355,14.2,14.25,264734,0
KAR.US,60,20210302,190000,14.245,14.301,14.19,14.225,230479,0
KAR.US,60,20210302,200000,14.225,14.25,14.105,14.115,279270,0
KAR.US,60,20210302,210000,14.115,14.23,14.03,14.09,336892,0
KAR.US,60,20210302,220000,14.09,14.14,13.98,13.99,762654,0
KAR.US,60,20210303,160000,13.99,14.115,13.88,13.93,115807,0
KAR.US,60,20210303,170000,13.93,14.06,13.89,13.99,213302,0
KAR.US,60,20210303,180000,13.99,14.35,13.97,14.335,873574,0
KAR.US,60,20210303,190000,14.33,14.37,14.18,14.22,243051,0
KAR.US,60,20210303,200000,14.21,14.27,14.05,14.125,171604,0
KAR.US,60,20210303,210000,14.13,14.19,13.99,14.17,488626,0
KAR.US,60,20210303,220000,14.165,14.17,14.01,14.03,605611,0
KAR.US,60,20210304,160000,14.03,14.12,13.88,13.95,99281,0
KAR.US,60,20210304,170000,13.97,14.025,13.74,13.98,243936,0
KAR.US,60,20210304,180000,14,14.155,13.88,14.07,201315,0
KAR.US,60,20210304,190000,14.09,14.16,13.65,13.7,250077,0
KAR.US,60,20210304,200000,13.71,13.8,13.55,13.56,290643,0
KAR.US,60,20210304,210000,13.58,13.9099,13.58,13.8911,238611,0
KAR.US,60,20210304,220000,13.89,13.9,13.68,13.81,535408,0
KAR.US,60,20210305,160000,14.04,14.16,13.86,13.88,283895,0
KAR.US,60,20210305,170000,13.91,13.95,13.72,13.87,194973,0
KAR.US,60,20210305,180000,13.89,14,13.68,14,271121,0
KAR.US,60,20210305,190000,14.01,14.2,13.98,14.1041,303547,0
KAR.US,60,20210305,200000,14.1,14.34,14.08,14.315,268101,0
KAR.US,60,20210305,210000,14.32,14.522,14.25,14.45,358007,0
KAR.US,60,20210305,220000,14.45,14.47,14.21,14.25,1036197,0
KAR.US,60,20210308,160000,14.23,14.515,14.12,14.43,158114,0
KAR.US,60,20210308,170000,14.44,14.76,14.42,14.71,334357,0
KAR.US,60,20210308,180000,14.71,14.9,14.695,14.7,416164,0
KAR.US,60,20210308,190000,14.7,15.08,14.685,15.055,229549,0
KAR.US,60,20210308,200000,15.06,15.24,14.69,14.7247,424791,0
KAR.US,60,20210308,210000,14.725,14.97,14.715,14.845,357948,0
KAR.US,60,20210308,220000,14.845,14.845,14.68,14.7,710656,0
KAR.US,60,20210309,160000,14.89,15,14.79,14.965,180319,0
KAR.US,60,20210309,170000,14.98,14.99,14.765,14.94,506353,0
KAR.US,60,20210309,180000,14.94,15.01,14.75,14.865,656913,0
KAR.US,60,20210309,190000,14.87,14.96,14.835,14.835,130896,0
KAR.US,60,20210309,200000,14.84,15.14,14.84,15.115,280187,0
KAR.US,60,20210309,210000,15.115,15.235,15.02,15.235,360968,0
KAR.US,60,20210309,220000,15.23,15.39,15.05,15.07,763124,0
KAR.US,60,20210310,160000,15.2,15.54,15.18,15.54,148902,0
KAR.US,60,20210310,170000,15.54,15.68,15.47,15.49,628913,0
KAR.US,60,20210310,180000,15.49,16.14,15.48,15.84,587276,0
KAR.US,60,20210310,190000,15.84,16.01,15.79,15.86,494841,0
KAR.US,60,20210310,200000,15.86,15.9,15.715,15.8,431317,0
KAR.US,60,20210310,210000,15.805,16.05,15.8,16.05,408718,0
KAR.US,60,20210310,220000,16.04,16.14,16,16.05,917253,0
KAR.US,60,20210311,160000,16.02,16.31,15.8,16.3,235476,0
KAR.US,60,20210311,170000,16.29,16.41,16.206,16.255,389588,0
KAR.US,60,20210311,180000,16.26,16.515,16.245,16.375,338436,0
KAR.US,60,20210311,190000,16.38,16.415,16.13,16.255,292060,0
KAR.US,60,20210311,200000,16.255,16.345,16.21,16.345,300794,0
KAR.US,60,20210311,210000,16.35,16.47,16.21,16.25,602137,0
KAR.US,60,20210311,220000,16.25,16.35,16.13,16.18,1740171,0
KAR.US,60,20210312,160000,16.15,16.54,16.15,16.52,185399,0
KAR.US,60,20210312,170000,16.53,16.58,16.41,16.58,263174,0
KAR.US,60,20210312,180000,16.58,16.69,16.5,16.555,264638,0
KAR.US,60,20210312,190000,16.555,16.56,16.4,16.45,431455,0
KAR.US,60,20210312,200000,16.45,16.47,16.37,16.405,322265,0
KAR.US,60,20210312,210000,16.41,16.515,16.4,16.485,344766,0
KAR.US,60,20210312,220000,16.48,16.53,16.315,16.33,1288378,0
KAR.US,60,20210315,150000,16.34,16.43,15.81,16.23,159866,0
KAR.US,60,20210315,160000,16.22,16.3,16.05,16.15,255058,0
KAR.US,60,20210315,170000,16.14,16.18,16.08,16.11,225293,0
KAR.US,60,20210315,180000,16.1,16.41,16.045,16.4,154516,0
KAR.US,60,20210315,190000,16.395,16.395,16.22,16.33,402713,0
KAR.US,60,20210315,200000,16.31,16.37,16.2,16.34,330177,0
KAR.US,60,20210315,210000,16.34,16.47,16.272,16.41,796187,0
KAR.US,60,20210316,150000,16.45,16.52,16.32,16.39,75027,0
KAR.US,60,20210316,160000,16.39,16.455,16.265,16.295,134794,0
KAR.US,60,20210316,170000,16.29,16.35,16.21,16.28,112945,0
KAR.US,60,20210316,180000,16.28,16.3,16.16,16.17,70659,0
KAR.US,60,20210316,190000,16.17,16.24,16.13,16.135,104949,0
KAR.US,60,20210316,200000,16.12,16.2,16.04,16.195,97156,0
KAR.US,60,20210316,210000,16.2,16.29,16.14,16.18,652259,0
KAR.US,60,20210317,150000,16.12,16.25,16.04,16.0773,46395,0
KAR.US,60,20210317,160000,16.075,16.075,15.72,15.735,121148,0
KAR.US,60,20210317,170000,15.735,15.97,15.73,15.92,208935,0
KAR.US,60,20210317,180000,15.92,16,15.875,15.97,108230,0
KAR.US,60,20210317,190000,15.97,16,15.9,15.95,70509,0
KAR.US,60,20210317,200000,15.96,16.235,15.96,16.17,64843,0
KAR.US,60,20210317,210000,16.17,16.33,16.17,16.28,485621,0
KAR.US,60,20210318,150000,16.15,16.31,16.08,16.2399,188414,0
KAR.US,60,20210318,160000,16.23,16.27,16.11,16.22,287024,0
KAR.US,60,20210318,170000,16.22,16.3699,16.2,16.24,157220,0
KAR.US,60,20210318,180000,16.24,16.275,16.02,16.04,216695,0
KAR.US,60,20210318,190000,16.04,16.135,15.945,15.985,181297,0
KAR.US,60,20210318,200000,15.98,15.99,15.7701,15.83,124112,0
KAR.US,60,20210318,210000,15.83,15.835,15.39,15.395,706020,0
KAR.US,60,20210319,150000,15.47,15.47,14.96,15.13,658008,0
KAR.US,60,20210319,160000,15.115,15.36,14.99,15.3485,196735,0
KAR.US,60,20210319,170000,15.3492,15.49,15.315,15.36,197300,0
KAR.US,60,20210319,180000,15.355,15.56,15.295,15.5,185958,0
KAR.US,60,20210319,190000,15.49,15.52,15.385,15.49,112489,0
KAR.US,60,20210319,200000,15.5,15.5,15.35,15.42,130706,0
KAR.US,60,20210319,210000,15.43,15.46,15.22,15.26,1417782,0
KAR.US,60,20210322,150000,15.19,15.24,15.02,15.14,102300,0
KAR.US,60,20210322,160000,15.15,15.18,15.035,15.04,110149,0
KAR.US,60,20210322,170000,15.045,15.085,14.9554,15.075,148890,0
KAR.US,60,20210322,180000,15.075,15.09,15,15.02,107022,0
KAR.US,60,20210322,190000,15.0175,15.15,14.99,15.0975,402252,0
KAR.US,60,20210322,200000,15.09,15.37,15.06,15.26,603930,0
KAR.US,60,20210322,210000,15.265,15.36,15.255,15.33,779863,0
KAR.US,60,20210323,150000,15.15,15.28,14.55,15.05,526468,0
KAR.US,60,20210323,160000,15.05,15.12,14.81,14.91,214061,0
KAR.US,60,20210323,170000,14.91,14.96,14.8201,14.87,143932,0
KAR.US,60,20210323,180000,14.87,14.995,14.85,14.975,109522,0
KAR.US,60,20210323,190000,14.98,14.99,14.84,14.94,171164,0
KAR.US,60,20210323,200000,14.935,15.02,14.62,14.635,338374,0
KAR.US,60,20210323,210000,14.64,14.72,14.56,14.68,876969,0
KAR.US,60,20210324,150000,14.84,15.16,14.7,14.95,232295,0
KAR.US,60,20210324,160000,14.93,15.21,14.92,15.12,241571,0
KAR.US,60,20210324,170000,15.12,15.135,14.97,15.06,205717,0
KAR.US,60,20210324,180000,15.06,15.105,15.04,15.08,206028,0
KAR.US,60,20210324,190000,15.075,15.15,14.99,15.09,229480,0
KAR.US,60,20210324,200000,15.084,15.1,14.835,14.9,342221,0
KAR.US,60,20210324,210000,14.895,14.94,14.78,14.79,643587,0
KAR.US,60,20210325,150000,14.65,14.73,14.29,14.515,139334,0
KAR.US,60,20210325,160000,14.515,14.6,14.29,14.345,193144,0
KAR.US,60,20210325,170000,14.34,14.75,14.31,14.75,131784,0
KAR.US,60,20210325,180000,14.74,14.91,14.69,14.86,104484,0
KAR.US,60,20210325,190000,14.85,14.91,14.805,14.81,93011,0
KAR.US,60,20210325,200000,14.82,14.945,14.75,14.915,111905,0
KAR.US,60,20210325,210000,14.91,15.01,14.88,14.94,403400,0
KAR.US,60,20210326,150000,15.08,15.1,14.89,15.04,100406,0
KAR.US,60,20210326,160000,15.015,15.2175,15.015,15.13,126141,0
KAR.US,60,20210326,170000,15.13,15.25,14.97,15.24,165988,0
KAR.US,60,20210326,180000,15.245,15.425,15.21,15.25,94745,0
KAR.US,60,20210326,190000,15.245,15.3,15.11,15.15,73938,0
KAR.US,60,20210326,200000,15.15,15.275,15.06,15.26,105235,0
KAR.US,60,20210326,210000,15.26,15.49,15.24,15.48,367752,0
KAR.US,60,20210329,160000,15.4,15.81,15.37,15.62,109682,0
KAR.US,60,20210329,170000,15.62,15.63,15.2,15.24,117595,0
KAR.US,60,20210329,180000,15.23,15.28,14.94,15.06,258391,0
KAR.US,60,20210329,190000,15.07,15.125,14.97,15.085,85845,0
KAR.US,60,20210329,200000,15.085,15.14,14.965,14.965,101309,0
KAR.US,60,20210329,210000,14.96,15.03,14.81,14.83,166412,0
KAR.US,60,20210329,220000,14.82,14.88,14.61,14.64,821750,0
KAR.US,60,20210330,160000,14.66,14.88,14.65,14.85,89538,0
KAR.US,60,20210330,170000,14.85,14.9901,14.815,14.9901,136043,0
KAR.US,60,20210330,180000,15,15.06,14.92,14.99,84828,0
KAR.US,60,20210330,190000,14.99,15.17,14.96,15.17,91938,0
KAR.US,60,20210330,200000,15.18,15.18,14.99,15.01,136997,0
KAR.US,60,20210330,210000,15.01,15.145,14.99,15.14,124258,0
KAR.US,60,20210330,220000,15.13,15.16,14.99,15.05,389164,0
KAR.US,60,20210331,160000,15.14,15.18,14.96,14.96,71023,0
KAR.US,60,20210331,170000,14.96,15.145,14.94,15.12,81399,0
KAR.US,60,20210331,180000,15.12,15.14,14.96,15.03,60190,0
KAR.US,60,20210331,190000,15.03,15.175,15.03,15.14,76956,0
KAR.US,60,20210331,200000,15.135,15.135,15.04,15.075,55295,0
KAR.US,60,20210331,210000,15.08,15.225,15.04,15.175,100571,0
KAR.US,60,20210331,220000,15.175,15.175,14.95,15,677816,0
KAR.US,60,20210401,160000,14.94,15.22,14.85,15.05,192300,0
KAR.US,60,20210401,170000,15.02,15.215,14.99,15.18,357168,0
KAR.US,60,20210401,180000,15.19,15.285,15.14,15.25,105167,0
KAR.US,60,20210401,190000,15.255,15.34,15.25,15.29,83638,0
KAR.US,60,20210401,200000,15.3,15.315,15.215,15.25,72006,0
KAR.US,60,20210401,210000,15.245,15.3,15.24,15.275,52562,0
KAR.US,60,20210401,220000,15.275,15.28,15.19,15.26,492384,0
KAR.US,60,20210405,160000,15.5,15.5,15.17,15.21,176773,0
KAR.US,60,20210405,170000,15.225,15.225,15.08,15.08,240238,0
KAR.US,60,20210405,180000,15.08,15.37,15.06,15.32,204544,0
KAR.US,60,20210405,190000,15.33,15.36,15.22,15.235,86143,0
KAR.US,60,20210405,200000,15.235,15.3,15.17,15.295,94399,0
KAR.US,60,20210405,210000,15.295,15.38,15.28,15.29,119647,0
KAR.US,60,20210405,220000,15.285,15.39,15.285,15.35,412848,0
KAR.US,60,20210406,160000,15.19,15.46,15.19,15.37,104713,0
KAR.US,60,20210406,170000,15.38,15.48,15.28,15.39,123636,0
KAR.US,60,20210406,180000,15.36,15.43,15.33,15.33,105907,0
KAR.US,60,20210406,190000,15.32,15.36,15.23,15.25,101359,0
KAR.US,60,20210406,200000,15.26,15.345,15.245,15.25,68148,0
KAR.US,60,20210406,210000,15.25,15.29,15.195,15.2,124079,0
KAR.US,60,20210406,220000,15.21,15.27,15.19,15.22,595714,0
KAR.US,60,20210407,160000,15.24,15.32,15.16,15.22,191908,0
KAR.US,60,20210407,170000,15.21,15.23,15.1,15.19,91018,0
KAR.US,60,20210407,180000,15.18,15.22,15.11,15.195,145979,0
KAR.US,60,20210407,190000,15.2,15.265,15.195,15.25,65141,0
KAR.US,60,20210407,200000,15.25,15.265,15.19,15.225,151629,0
KAR.US,60,20210407,210000,15.23,15.325,15.23,15.28,108238,0
KAR.US,60,20210407,220000,15.29,15.31,15.2,15.25,486305,0
KAR.US,60,20210408,160000,15.25,15.31,15.03,15.12,106681,0
KAR.US,60,20210408,170000,15.12,15.26,15.07,15.23,145530,0
KAR.US,60,20210408,180000,15.23,15.36,15.225,15.3,115380,0
KAR.US,60,20210408,190000,15.3,15.35,15.25,15.265,108772,0
KAR.US,60,20210408,200000,15.27,15.28,15.155,15.16,148643,0
KAR.US,60,20210408,210000,15.16,15.235,15.145,15.21,147637,0
KAR.US,60,20210408,220000,15.21,15.27,15.2,15.24,405430,0
KAR.US,60,20210409,160000,15.26,15.44,15.23,15.44,58464,0
KAR.US,60,20210409,170000,15.44,15.46,15.35,15.37,79389,0
KAR.US,60,20210409,180000,15.38,15.4,15.275,15.29,127327,0
KAR.US,60,20210409,190000,15.29,15.32,15.265,15.29,106934,0
KAR.US,60,20210409,200000,15.29,15.295,15.235,15.28,80699,0
KAR.US,60,20210409,210000,15.285,15.285,15.23,15.266,100132,0
KAR.US,60,20210409,220000,15.265,15.6,15.265,15.6,1032960,0
KAR.US,60,20210412,160000,15.61,15.66,15.28,15.29,79926,0
KAR.US,60,20210412,170000,15.3,15.33,15.245,15.33,99702,0
KAR.US,60,20210412,180000,15.325,15.43,15.25,15.39,116363,0
KAR.US,60,20210412,190000,15.385,15.42,15.27,15.28,107502,0
KAR.US,60,20210412,200000,15.27,15.29,15.24,15.275,89812,0
KAR.US,60,20210412,210000,15.28,15.285,15.22,15.265,75571,0
KAR.US,60,20210412,220000,15.265,15.305,15.21,15.21,680924,0
KAR.US,60,20210413,160000,15.18,15.27,15.06,15.195,108166,0
KAR.US,60,20210413,170000,15.21,15.38,15.17,15.19,76140,0
KAR.US,60,20210413,180000,15.2,15.23,15.16,15.165,83528,0
KAR.US,60,20210413,190000,15.165,15.18,15.04,15.05,109683,0
KAR.US,60,20210413,200000,15.045,15.165,15.04,15.155,174491,0
KAR.US,60,20210413,210000,15.16,15.17,15.13,15.15,102510,0
KAR.US,60,20210413,220000,15.155,15.265,15.09,15.13,655868,0
KAR.US,60,20210414,160000,15.18,15.29,15.13,15.2,123461,0
KAR.US,60,20210414,170000,15.21,15.28,15.09,15.1,208274,0
KAR.US,60,20210414,180000,15.09,15.18,15.07,15.11,275617,0
KAR.US,60,20210414,190000,15.11,15.12,14.985,15.06,207722,0
KAR.US,60,20210414,200000,15.065,15.24,15.04,15.21,295094,0
KAR.US,60,20210414,210000,15.21,15.26,15.11,15.17,319291,0
KAR.US,60,20210414,220000,15.17,15.21,15.095,15.18,707822,0
KAR.US,60,20210415,160000,15.33,15.345,15.07,15.14,104599,0
KAR.US,60,20210415,170000,15.145,15.15,14.87,15.01,301102,0
KAR.US,60,20210415,180000,14.995,15.04,14.97,15,279163,0
KAR.US,60,20210415,190000,15,15.03,14.94,14.955,269107,0
KAR.US,60,20210415,200000,14.955,15.04,14.945,15.03,266830,0
KAR.US,60,20210415,210000,15.04,15.09,15.02,15.02,194232,0
KAR.US,60,20210415,220000,15.025,15.1,14.985,15.09,679463,0
KAR.US,60,20210416,160000,15.27,15.4,15.15,15.29,133625,0
KAR.US,60,20210416,170000,15.29,15.41,15.1975,15.38,132475,0
KAR.US,60,20210416,180000,15.375,15.48,15.36,15.435,129575,0
KAR.US,60,20210416,190000,15.435,15.45,15.3275,15.36,148957,0
KAR.US,60,20210416,200000,15.35,15.525,15.35,15.51,149267,0
KAR.US,60,20210416,210000,15.512,15.545,15.435,15.455,146746,0
KAR.US,60,20210416,220000,15.455,15.5,15.395,15.46,583370,0
KAR.US,60,20210419,160000,15.47,15.72,15.35,15.37,85502,0
KAR.US,60,20210419,170000,15.35,15.46,15.2,15.22,85535,0
KAR.US,60,20210419,180000,15.21,15.36,15.18,15.245,95743,0
KAR.US,60,20210419,190000,15.245,15.4,15.24,15.34,83294,0
KAR.US,60,20210419,200000,15.34,15.42,15.33,15.41,71322,0
KAR.US,60,20210419,210000,15.4,15.475,15.395,15.43,65557,0
KAR.US,60,20210419,220000,15.435,15.465,15.355,15.45,641308,0
KAR.US,60,20210420,160000,15.34,15.38,15.08,15.1,91835,0
KAR.US,60,20210420,170000,15.1,15.14,14.89,15.05,241733,0
KAR.US,60,20210420,180000,15.035,15.07,14.98,15.01,209502,0
KAR.US,60,20210420,190000,15.015,15.1,14.99,15.0989,136375,0
KAR.US,60,20210420,200000,15.095,15.095,14.96,14.995,95548,0
KAR.US,60,20210420,210000,15,15.065,14.975,14.99,114474,0
KAR.US,60,20210420,220000,15,15.16,14.995,15.15,430219,0
KAR.US,60,20210421,160000,15.23,15.39,15.1,15.35,93641,0
KAR.US,60,20210421,170000,15.36,15.47,15.32,15.435,156173,0
KAR.US,60,20210421,180000,15.43,15.5,15.31,15.405,91233,0
KAR.US,60,20210421,190000,15.405,15.56,15.405,15.56,91379,0
KAR.US,60,20210421,200000,15.56,15.645,15.54,15.64,80650,0
KAR.US,60,20210421,210000,15.64,15.665,15.605,15.625,66891,0
KAR.US,60,20210421,220000,15.63,15.68,15.56,15.59,545887,0
KAR.US,60,20210422,160000,15.49,15.57,15.405,15.498,61105,0
KAR.US,60,20210422,170000,15.495,15.495,15.24,15.34,209543,0
KAR.US,60,20210422,180000,15.335,15.575,15.33,15.56,101176,0
KAR.US,60,20210422,190000,15.555,15.65,15.53,15.62,67090,0
KAR.US,60,20210422,200000,15.615,15.635,15.21,15.23,169726,0
KAR.US,60,20210422,210000,15.22,15.31,15.18,15.26,127724,0
KAR.US,60,20210422,220000,15.26,15.3,15.17,15.2,432559,0
KAR.US,60,20210423,160000,15.36,15.42,15.22,15.42,59297,0
KAR.US,60,20210423,170000,15.45,15.63,15.4334,15.545,108709,0
KAR.US,60,20210423,180000,15.55,15.61,15.525,15.6,80431,0
KAR.US,60,20210423,190000,15.6,15.655,15.57,15.58,99640,0
KAR.US,60,20210423,200000,15.59,15.74,15.58,15.71,93548,0
KAR.US,60,20210423,210000,15.715,15.765,15.63,15.66,138280,0
KAR.US,60,20210423,220000,15.66,15.735,15.62,15.63,478266,0
KAR.US,60,20210426,160000,15.71,15.71,15.45,15.57,61280,0
KAR.US,60,20210426,170000,15.57,15.67,15.46,15.62,191462,0
KAR.US,60,20210426,180000,15.61,15.71,15.605,15.68,178184,0
KAR.US,60,20210426,190000,15.68,15.68,15.55,15.57,137090,0
KAR.US,60,20210426,200000,15.57,15.655,15.57,15.6,171528,0
KAR.US,60,20210426,210000,15.61,15.615,15.54,15.555,90902,0
KAR.US,60,20210426,220000,15.56,15.575,15.43,15.45,499866,0
KAR.US,60,20210427,160000,15.46,15.52,15.39,15.44,127638,0
KAR.US,60,20210427,170000,15.45,15.6945,15.42,15.645,269118,0
KAR.US,60,20210427,180000,15.65,15.73,15.63,15.71,129238,0
KAR.US,60,20210427,190000,15.72,15.78,15.62,15.63,184236,0
KAR.US,60,20210427,200000,15.635,15.775,15.63,15.75,142116,0
KAR.US,60,20210427,210000,15.75,15.78,15.68,15.73,230018,0
KAR.US,60,20210427,220000,15.73,15.745,15.62,15.64,761450,0
KAR.US,60,20210428,160000,15.4,15.47,14.98,15.1999,420812,0
KAR.US,60,20210428,170000,15.19,15.4,15.15,15.35,275102,0
KAR.US,60,20210428,180000,15.35,15.35,15.2,15.21,418444,0
KAR.US,60,20210428,190000,15.21,15.25,15.135,15.235,382246,0
KAR.US,60,20210428,200000,15.24,15.28,15.21,15.23,183116,0
KAR.US,60,20210428,210000,15.23,15.365,15.2,15.35,297368,0
KAR.US,60,20210428,220000,15.35,15.39,15.29,15.31,970746,0
KAR.US,60,20210429,160000,15.43,15.6,15.33,15.49,184836,0
KAR.US,60,20210429,170000,15.4746,15.55,15.36,15.36,209038,0
KAR.US,60,20210429,180000,15.36,15.42,15.165,15.165,421470,0
KAR.US,60,20210429,190000,15.16,15.19,15.06,15.155,733304,0
KAR.US,60,20210429,200000,15.15,15.17,15.095,15.095,312740,0
KAR.US,60,20210429,210000,15.095,15.25,15.085,15.24,2214202,0
KAR.US,60,20210429,220000,15.24,15.26,15.115,15.19,2095756,0
KAR.US,60,20210430,160000,15.03,15.15,14.92,14.97,247848,0
KAR.US,60,20210430,170000,14.98,15.14,14.89,14.97,803604,0
KAR.US,60,20210430,180000,14.96,15.065,14.93,15.04,391928,0
KAR.US,60,20210430,190000,15.04,15.055,14.95,14.975,231672,0
KAR.US,60,20210430,200000,14.98,15.025,14.865,14.87,385934,0
KAR.US,60,20210430,210000,14.865,14.995,14.84,14.95,404250,0
KAR.US,60,20210430,220000,14.955,15.03,14.8701,14.99,1357666,0
KAR.US,60,20210503,160000,15.15,15.16,15.01,15.12,123832,0
KAR.US,60,20210503,170000,15.12,15.275,15.02,15.23,1037598,0
KAR.US,60,20210503,180000,15.24,15.31,15.15,15.16,581827,0
KAR.US,60,20210503,190000,15.17,15.26,15.15,15.15,286613,0
KAR.US,60,20210503,200000,15.15,15.18,14.95,15.08,614879,0
KAR.US,60,20210503,210000,15.0899,15.165,15.085,15.125,407585,0
KAR.US,60,20210503,220000,15.12,15.12,14.82,14.9,1372926,0
KAR.US,60,20210504,160000,14.82,14.95,14.34,14.385,165913,0
KAR.US,60,20210504,170000,14.385,14.4288,14.32,14.41,406183,0
KAR.US,60,20210504,180000,14.4,14.52,14.34,14.43,642442,0
KAR.US,60,20210504,190000,14.435,14.46,14.215,14.375,512548,0
KAR.US,60,20210504,200000,14.37,14.5,14.35,14.38,984274,0
KAR.US,60,20210504,210000,14.375,14.47,14.36,14.435,400871,0
KAR.US,60,20210504,220000,14.43,14.535,14.4,14.51,1172002,0
KAR.US,60,20210505,160000,16.11,17.25,15.8,17.04,1721371,0
KAR.US,60,20210505,170000,17,17.14,16.48,17,1761748,0
KAR.US,60,20210505,180000,16.99,17.2,16.8,16.99,764396,0
KAR.US,60,20210505,190000,16.995,17.01,16.72,16.88,506117,0
KAR.US,60,20210505,200000,16.88,17.26,16.86,17.1986,470784,0
KAR.US,60,20210505,210000,17.2,17.48,16.97,17.01,811658,0
KAR.US,60,20210505,220000,17.01,17.02,16.8,16.83,1471191,0
KAR.US,60,20210506,160000,16.85,16.85,16.24,16.44,223630,0
KAR.US,60,20210506,170000,16.42,16.58,16.09,16.145,484306,0
KAR.US,60,20210506,180000,16.145,16.56,16.145,16.495,378965,0
KAR.US,60,20210506,190000,16.5,16.535,16.28,16.3,462825,0
KAR.US,60,20210506,200000,16.295,16.49,16.295,16.43,222277,0
KAR.US,60,20210506,210000,16.4,16.57,16.345,16.56,237643,0
KAR.US,60,20210506,220000,16.552,16.77,16.49,16.72,738453,0
KAR.US,60,20210507,160000,16.6,16.94,16.53,16.89,138133,0
KAR.US,60,20210507,170000,16.9,17.15,16.9,16.91,330469,0
KAR.US,60,20210507,180000,16.91,16.95,16.795,16.95,257213,0
KAR.US,60,20210507,190000,16.95,17.09,16.943,17,319804,0
KAR.US,60,20210507,200000,17.005,17.07,16.99,17,125129,0
KAR.US,60,20210507,210000,17,17.02,16.92,16.95,205228,0
KAR.US,60,20210507,220000,16.9401,17.11,16.91,16.98,1081941,0
KAR.US,60,20210510,160000,17,17.51,16.935,17.51,193157,0
KAR.US,60,20210510,170000,17.5164,17.83,17.5,17.745,765455,0
KAR.US,60,20210510,180000,17.74,18.04,17.735,18.005,359656,0
KAR.US,60,20210510,190000,18.01,18.075,17.94,18.02,294843,0
KAR.US,60,20210510,200000,18.015,18.28,18.01,18.25,332132,0
KAR.US,60,20210510,210000,18.245,18.31,17.98,18.025,194897,0
KAR.US,60,20210510,220000,18.025,18.05,17.92,17.94,801866,0
KAR.US,60,20210511,160000,17.5,18.06,17.42,18.04,227829,0
KAR.US,60,20210511,170000,18.04,18.04,17.66,17.94,477699,0
KAR.US,60,20210511,180000,17.94,18.065,17.87,17.97,395999,0
KAR.US,60,20210511,190000,17.98,18.02,17.8,17.895,273545,0
KAR.US,60,20210511,200000,17.9,18.065,17.9,17.995,241816,0
KAR.US,60,20210511,210000,18,18.02,17.61,17.66,611515,0
KAR.US,60,20210511,220000,17.655,17.811,17.56,17.59,1034400,0
KAR.US,60,20210512,160000,17.34,17.51,17.25,17.37,112487,0
KAR.US,60,20210512,170000,17.36,17.46,17.17,17.27,274437,0
KAR.US,60,20210512,180000,17.261,17.535,17.25,17.35,297033,0
KAR.US,60,20210512,190000,17.35,17.3725,17.25,17.3,214288,0
KAR.US,60,20210512,200000,17.3,17.39,17.29,17.31,180479,0
KAR.US,60,20210512,210000,17.32,17.435,17.15,17.36,335578,0
KAR.US,60,20210512,220000,17.35,17.35,16.97,17.01,767818,0
KAR.US,60,20210513,160000,17.15,17.7,17.1,17.66,180456,0
KAR.US,60,20210513,170000,17.67,17.815,17.67,17.795,172920,0
KAR.US,60,20210513,180000,17.79,17.87,17.69,17.82,326061,0
KAR.US,60,20210513,190000,17.825,18.005,17.81,17.91,339350,0
KAR.US,60,20210513,200000,17.91,18.01,17.72,17.985,391614,0
KAR.US,60,20210513,210000,17.99,18.1,17.93,18,318173,0
KAR.US,60,20210513,220000,18.005,18.07,17.97,17.99,725596,0
KAR.US,60,20210514,160000,18.17,18.415,18.1,18.29,224389,0
KAR.US,60,20210514,170000,18.29,18.33,18.13,18.275,208484,0
KAR.US,60,20210514,180000,18.275,18.43,18.18,18.395,181197,0
KAR.US,60,20210514,190000,18.4,18.535,18.39,18.44,263754,0
KAR.US,60,20210514,200000,18.45,18.52,18.375,18.385,148185,0
KAR.US,60,20210514,210000,18.385,18.49,18.33,18.475,168843,0
KAR.US,60,20210514,220000,18.48,18.62,18.465,18.5,767010,0
KAR.US,60,20210517,160000,18.35,18.73,18.15,18.2,270198,0
KAR.US,60,20210517,170000,18.2,18.35,18.06,18.265,227866,0
KAR.US,60,20210517,180000,18.265,18.31,18.13,18.19,136748,0
KAR.US,60,20210517,190000,18.19,18.27,18.175,18.23,52016,0
KAR.US,60,20210517,200000,18.2378,18.255,18.085,18.135,92035,0
KAR.US,60,20210517,210000,18.13,18.33,18.12,18.31,116914,0
KAR.US,60,20210517,220000,18.31,18.47,18.28,18.28,652409,0
KAR.US,60,20210518,160000,18.22,18.3,18.04,18.155,82405,0
KAR.US,60,20210518,170000,18.15,18.15,17.98,18.09,84474,0
KAR.US,60,20210518,180000,18.09,18.145,18.03,18.12,70366,0
KAR.US,60,20210518,190000,18.11,18.11,18.025,18.03,49286,0
KAR.US,60,20210518,200000,18.025,18.045,17.925,17.98,234545,0
KAR.US,60,20210518,210000,17.975,18.05,17.96,18.025,279195,0
KAR.US,60,20210518,220000,18.025,18.07,17.86,17.91,453626,0
KAR.US,60,20210519,160000,17.56,17.84,17.5115,17.79,98689,0
KAR.US,60,20210519,170000,17.8,17.85,17.62,17.85,198894,0
KAR.US,60,20210519,180000,17.85,17.945,17.77,17.94,186003,0
KAR.US,60,20210519,190000,17.94,18,17.875,18,126582,0
KAR.US,60,20210519,200000,17.995,18.06,17.95,17.995,121481,0
KAR.US,60,20210519,210000,17.995,18.04,17.835,17.95,227384,0
KAR.US,60,20210519,220000,17.94,18.04,17.885,18.03,818235,0
KAR.US,60,20210520,160000,18.12,18.24,17.86,18,83405,0
KAR.US,60,20210520,170000,17.99,18.035,17.88,18.005,145687,0
KAR.US,60,20210520,180000,18.01,18.0402,17.94,18.01,135673,0
KAR.US,60,20210520,190000,18.01,18.015,17.86,17.87,135891,0
KAR.US,60,20210520,200000,17.87,17.94,17.8,17.81,126696,0
KAR.US,60,20210520,210000,17.81,17.9423,17.8,17.84,233511,0
KAR.US,60,20210520,220000,17.845,17.96,17.75,17.76,820523,0
KAR.US,60,20210521,160000,18.72,18.93,18.51,18.805,309772,0
KAR.US,60,20210521,170000,18.81,18.91,18.64,18.89,245738,0
KAR.US,60,20210521,180000,18.89,19.11,18.87,19,522953,0
KAR.US,60,20210521,190000,19,19.07,18.89,19.03,203150,0
KAR.US,60,20210521,200000,19.0299,19.12,19.02,19.105,189884,0
KAR.US,60,20210521,210000,19.1082,19.12,19.03,19.085,241392,0
KAR.US,60,20210521,220000,19.08,19.08,18.99,19.06,684687,0
KAR.US,60,20210524,160000,19.24,19.53,19.07,19.5187,201661,0
KAR.US,60,20210524,170000,19.52,19.56,19.37,19.37,225339,0
KAR.US,60,20210524,180000,19.37,19.42,19.1824,19.19,105094,0
KAR.US,60,20210524,190000,19.18,19.32,19.18,19.315,126422,0
KAR.US,60,20210524,200000,19.315,19.54,19.315,19.47,188620,0
KAR.US,60,20210524,210000,19.47,19.475,19.195,19.225,199550,0
KAR.US,60,20210524,220000,19.22,19.295,19.11,19.13,541454,0
KAR.US,60,20210525,160000,19.15,19.16,18.8,18.81,101738,0
KAR.US,60,20210525,170000,18.81,18.82,18.61,18.63,187937,0
KAR.US,60,20210525,180000,18.63,18.71,18.555,18.63,172760,0
KAR.US,60,20210525,190000,18.635,18.68,18.5999,18.68,92832,0
KAR.US,60,20210525,200000,18.68,18.685,18.52,18.525,73801,0
KAR.US,60,20210525,210000,18.52,18.565,18.34,18.34,208565,0
KAR.US,60,20210525,220000,18.34,18.37,18.12,18.12,1539612,0
KAR.US,60,20210526,160000,18.2,18.35,18.08,18.25,135486,0
KAR.US,60,20210526,170000,18.25,18.28,18.03,18.06,88243,0
KAR.US,60,20210526,180000,18.075,18.105,17.93,17.95,232193,0
KAR.US,60,20210526,190000,17.95,18.11,17.95,18.065,112983,0
KAR.US,60,20210526,200000,18.06,18.18,18.05,18.085,71023,0
KAR.US,60,20210526,210000,18.085,18.13,18.06,18.105,97721,0
KAR.US,60,20210526,220000,18.1,18.2,18.07,18.19,418111,0
KAR.US,60,20210527,160000,18.41,18.41,18.07,18.07,89037,0
KAR.US,60,20210527,170000,18.07,18.305,18,18.275,149536,0
KAR.US,60,20210527,180000,18.28,18.28,18.19,18.22,76937,0
KAR.US,60,20210527,190000,18.215,18.225,18.105,18.105,75887,0
KAR.US,60,20210527,200000,18.1007,18.155,18.06,18.115,52649,0
KAR.US,60,20210527,210000,18.11,18.11,18.025,18.09,73995,0
KAR.US,60,20210527,220000,18.08,18.08,17.96,17.96,376674,0
KAR.US,60,20210528,160000,18.02,18.085,17.8,18.02,127553,0
KAR.US,60,20210528,170000,18.02,18.02,17.85,17.965,185515,0
KAR.US,60,20210528,180000,17.965,18.025,17.94,18,139782,0
KAR.US,60,20210528,190000,18,18.045,17.995,18,114077,0
KAR.US,60,20210528,200000,18.005,18.035,17.995,18.01,81130,0
KAR.US,60,20210528,210000,18.005,18.02,18,18,150682,0
KAR.US,60,20210528,220000,18,18.01,17.905,17.94,694873,0
KAR.US,60,20210601,160000,18.05,18.12,17.98,18.015,124802,0
KAR.US,60,20210601,170000,18.04,18.06,17.905,17.99,155313,0
KAR.US,60,20210601,180000,18.01,18.045,17.98,18.005,61333,0
KAR.US,60,20210601,190000,18.01,18.045,18,18.01,47257,0
KAR.US,60,20210601,200000,18.015,18.07,17.99,18.045,70001,0
KAR.US,60,20210601,210000,18.04,18.055,18,18.05,69393,0
KAR.US,60,20210601,220000,18.05,18.05,17.94,18,374518,0
KAR.US,60,20210602,160000,17.99,18.045,17.84,17.8601,228589,0
KAR.US,60,20210602,170000,17.875,18,17.8,17.955,252438,0
KAR.US,60,20210602,180000,17.96,18,17.94,17.98,137545,0
KAR.US,60,20210602,190000,17.985,18.01,17.88,17.99,135642,0
KAR.US,60,20210602,200000,18,18.01,17.95,17.97,91982,0
KAR.US,60,20210602,210000,17.98,18.019,17.9,18.01,176209,0
KAR.US,60,20210602,220000,18.01,18.13,17.975,18.13,531903,0
KAR.US,60,20210603,160000,18.04,18.14,17.95,18,97507,0
KAR.US,60,20210603,170000,18.01,18.38,17.99,18.365,138170,0
KAR.US,60,20210603,180000,18.36,18.36,18.21,18.245,111483,0
KAR.US,60,20210603,190000,18.25,18.33,18.25,18.295,51534,0
KAR.US,60,20210603,200000,18.29,18.305,18.2,18.25,77787,0
KAR.US,60,20210603,210000,18.25,18.295,18.19,18.215,67161,0
KAR.US,60,20210603,220000,18.21,18.39,18.21,18.39,405472,0
KAR.US,60,20210604,160000,18.46,18.475,18.14,18.19,61137,0
KAR.US,60,20210604,170000,18.205,18.32,18.15,18.31,63198,0
KAR.US,60,20210604,180000,18.305,18.305,18.195,18.21,44546,0
KAR.US,60,20210604,190000,18.21,18.25,18.21,18.245,53613,0
KAR.US,60,20210604,200000,18.245,18.3501,18.21,18.328,49456,0
KAR.US,60,20210604,210000,18.33,18.365,18.29,18.335,57475,0
KAR.US,60,20210604,220000,18.335,18.335,18.23,18.23,350908,0
KAR.US,60,20210607,160000,18.2,18.29,18.01,18.06,131968,0
KAR.US,60,20210607,170000,18.06,18.11,17.88,17.93,199149,0
KAR.US,60,20210607,180000,17.94,18.06,17.93,18.055,176993,0
KAR.US,60,20210607,190000,18.06,18.1,18.06,18.095,26855,0
KAR.US,60,20210607,200000,18.095,18.205,18.085,18.2016,76724,0
KAR.US,60,20210607,210000,18.21,18.24,18.145,18.145,70195,0
KAR.US,60,20210607,220000,18.15,18.23,18.06,18.06,491638,0
KAR.US,60,20210608,160000,18.09,18.16,17.98,18.055,67666,0
KAR.US,60,20210608,170000,18.06,18.195,18.045,18.18,104122,0
KAR.US,60,20210608,180000,18.19,18.205,18.04,18.16,56851,0
KAR.US,60,20210608,190000,18.16,18.19,18.105,18.11,26416,0
KAR.US,60,20210608,200000,18.11,18.22,18.11,18.22,30340,0
KAR.US,60,20210608,210000,18.22,18.23,18.14,18.155,44950,0
KAR.US,60,20210608,220000,18.155,18.18,18.06,18.06,237524,0
KAR.US,60,20210609,160000,18.11,18.19,18,18.14,103911,0
KAR.US,60,20210609,170000,18.13,18.19,18.095,18.125,82062,0
KAR.US,60,20210609,180000,18.12,18.15,18.05,18.07,54405,0
KAR.US,60,20210609,190000,18.06,18.11,18.03,18.0799,70939,0
KAR.US,60,20210609,200000,18.08,18.09,18.035,18.045,84222,0
KAR.US,60,20210609,210000,18.045,18.08,18.01,18.035,112239,0
KAR.US,60,20210609,220000,18.03,18.06,18,18.03,334158,0
KAR.US,60,20210610,160000,18.13,18.14,17.94,18.01,98966,0
KAR.US,60,20210610,170000,18.01,18.08,17.87,17.895,458022,0
KAR.US,60,20210610,180000,17.9,18,17.76,17.79,255398,0
KAR.US,60,20210610,190000,17.79,17.94,17.75,17.935,116990,0
KAR.US,60,20210610,200000,17.94,17.95,17.875,17.945,123570,0
KAR.US,60,20210610,210000,17.95,17.95,17.86,17.91,135720,0
KAR.US,60,20210610,220000,17.905,17.925,17.75,17.78,472261,0
KAR.US,60,20210611,160000,17.95,18.05,17.87,17.9,176368,0
KAR.US,60,20210611,170000,17.92,18.015,17.825,18.005,216098,0
KAR.US,60,20210611,180000,18,18.02,17.96,17.99,72641,0
KAR.US,60,20210611,190000,17.98,18.01,17.96,17.99,66406,0
KAR.US,60,20210611,200000,17.99,18.05,17.975,18.03,146631,0
KAR.US,60,20210611,210000,18.03,18.045,18,18.005,86224,0
KAR.US,60,20210611,220000,18.005,18.11,18,18.06,492736,0
KAR.US,60,20210614,160000,18.06,18.06,17.86,17.875,100427,0
KAR.US,60,20210614,170000,17.875,17.93,17.84,17.91,198399,0
KAR.US,60,20210614,180000,17.91,17.915,17.77,17.815,182075,0
KAR.US,60,20210614,190000,17.82,17.84,17.77,17.805,62189,0
KAR.US,60,20210614,200000,17.805,17.875,17.795,17.86,102289,0
KAR.US,60,20210614,210000,17.855,17.88,17.85,17.865,168300,0
KAR.US,60,20210614,220000,17.86,17.97,17.84,17.94,596377,0
KAR.US,60,20210615,160000,17.89,17.95,17.695,17.8,87635,0
KAR.US,60,20210615,170000,17.8,17.865,17.71,17.76,283106,0
KAR.US,60,20210615,180000,17.75,17.81,17.725,17.78,124858,0
KAR.US,60,20210615,190000,17.79,17.935,17.79,17.875,90427,0
KAR.US,60,20210615,200000,17.88,17.93,17.845,17.92,66085,0
KAR.US,60,20210615,210000,17.93,17.99,17.915,17.94,87679,0
KAR.US,60,20210615,220000,17.94,17.955,17.78,17.84,445468,0
KAR.US,60,20210616,160000,17.83,17.85,17.61,17.725,64190,0
KAR.US,60,20210616,170000,17.72,17.76,17.6475,17.6899,148850,0
KAR.US,60,20210616,180000,17.685,17.82,17.67,17.8,101340,0
KAR.US,60,20210616,190000,17.8,17.805,17.64,17.68,82852,0
KAR.US,60,20210616,200000,17.685,17.685,17.585,17.655,120995,0
KAR.US,60,20210616,210000,17.65,17.67,17.44,17.585,156427,0
KAR.US,60,20210616,220000,17.575,17.655,17.56,17.59,350060,0
KAR.US,60,20210617,160000,17.68,17.72,17.45,17.47,79195,0
KAR.US,60,20210617,170000,17.45,17.51,17.29,17.295,115383,0
KAR.US,60,20210617,180000,17.29,17.315,17.18,17.205,109951,0
KAR.US,60,20210617,190000,17.19,17.33,17.155,17.325,144001,0
KAR.US,60,20210617,200000,17.32,17.54,17.315,17.54,106244,0
KAR.US,60,20210617,210000,17.535,17.535,17.44,17.505,152927,0
KAR.US,60,20210617,220000,17.5,17.665,17.475,17.64,663168,0
KAR.US,60,20210618,160000,17.36,17.46,17.26,17.28,289905,0
KAR.US,60,20210618,170000,17.28,17.39,17.1728,17.28,152110,0
KAR.US,60,20210618,180000,17.27,17.555,17.26,17.495,109955,0
KAR.US,60,20210618,190000,17.495,17.595,17.49,17.54,134542,0
KAR.US,60,20210618,200000,17.54,17.54,17.36,17.38,84234,0
KAR.US,60,20210618,210000,17.38,17.52,17.365,17.48,135376,0
KAR.US,60,20210618,220000,17.475,17.59,17.45,17.46,1347860,0
KAR.US,60,20210621,160000,17.63,17.7,17.47,17.61,62858,0
KAR.US,60,20210621,170000,17.61,17.86,17.54,17.82,162887,0
KAR.US,60,20210621,180000,17.825,17.95,17.775,17.85,253716,0
KAR.US,60,20210621,190000,17.85,17.9,17.82,17.9,105488,0
KAR.US,60,20210621,200000,17.9,17.925,17.82,17.915,75171,0
KAR.US,60,20210621,210000,17.91,17.95,17.84,17.925,136580,0
KAR.US,60,20210621,220000,17.93,18.04,17.89,17.98,584048,0
KAR.US,60,20210622,160000,18.03,18.03,17.6575,17.725,66195,0
KAR.US,60,20210622,170000,17.73,17.84,17.66,17.835,83246,0
KAR.US,60,20210622,180000,17.831,17.98,17.83,17.895,64280,0
KAR.US,60,20210622,190000,17.9,17.945,17.84,17.84,52087,0
KAR.US,60,20210622,200000,17.84,17.9,17.82,17.82,37417,0
KAR.US,60,20210622,210000,17.825,17.875,17.805,17.85,55908,0
KAR.US,60,20210622,220000,17.855,17.99,17.855,17.96,424506,0
KAR.US,60,20210623,160000,17.96,17.96,17.84,17.87,36429,0
KAR.US,60,20210623,170000,17.87,17.96,17.86,17.96,49048,0
KAR.US,60,20210623,180000,17.97,17.98,17.86,17.89,49143,0
KAR.US,60,20210623,190000,17.9,17.96,17.88,17.92,54015,0
KAR.US,60,20210623,200000,17.92,18.03,17.92,17.99,28173,0
KAR.US,60,20210623,210000,18,18.03,17.945,17.945,93096,0
KAR.US,60,20210623,220000,17.95,17.965,17.84,17.87,288289,0
KAR.US,60,20210624,160000,17.99,17.99,17.755,17.83,53406,0
KAR.US,60,20210624,170000,17.85,17.885,17.79,17.855,27284,0
KAR.US,60,20210624,180000,17.86,17.89,17.815,17.815,41587,0
KAR.US,60,20210624,190000,17.815,17.87,17.715,17.87,49620,0
KAR.US,60,20210624,200000,17.87,17.91,17.83,17.84,29334,0
KAR.US,60,20210624,210000,17.845,17.975,17.845,17.955,53302,0
KAR.US,60,20210624,220000,17.955,18.01,17.93,18,243542,0
KAR.US,60,20210625,160000,18.17,18.4,18,18.37,103519,0
KAR.US,60,20210625,170000,18.37,18.54,18.32,18.33,161276,0
KAR.US,60,20210625,180000,18.32,18.42,18.27,18.42,82289,0
KAR.US,60,20210625,190000,18.4123,18.44,18.32,18.36,64402,0
KAR.US,60,20210625,200000,18.36,18.36,18.25,18.3,70382,0
KAR.US,60,20210625,210000,18.29,18.37,18.285,18.32,178586,0
KAR.US,60,20210625,220000,18.33,18.41,18.22,18.22,1988263,0
KAR.US,60,20210628,160000,18.18,18.31,17.6008,17.735,148844,0
KAR.US,60,20210628,170000,17.73,17.73,17.48,17.605,132722,0
KAR.US,60,20210628,180000,17.6,17.67,17.47,17.475,126243,0
KAR.US,60,20210628,190000,17.47,17.62,17.455,17.6,102367,0
KAR.US,60,20210628,200000,17.6,17.665,17.5,17.665,87976,0
KAR.US,60,20210628,210000,17.66,17.72,17.62,17.67,81482,0
KAR.US,60,20210628,220000,17.67,17.76,17.615,17.74,401720,0
KAR.US,60,20210629,160000,17.77,17.96,17.62,17.86,39727,0
KAR.US,60,20210629,170000,17.85,17.99,17.8,17.845,66720,0
KAR.US,60,20210629,180000,17.85,17.93,17.79,17.81,41760,0
KAR.US,60,20210629,190000,17.81,17.82,17.7,17.715,35445,0
KAR.US,60,20210629,200000,17.715,17.75,17.67,17.745,52158,0
KAR.US,60,20210629,210000,17.745,17.745,17.655,17.675,45575,0
KAR.US,60,20210629,220000,17.68,17.8,17.67,17.76,291369,0
KAR.US,60,20210630,160000,17.67,17.7,17.55,17.645,30983,0
KAR.US,60,20210630,170000,17.65,17.665,17.5,17.625,78265,0
KAR.US,60,20210630,180000,17.63,17.78,17.625,17.7,169859,0
KAR.US,60,20210630,190000,17.7,17.755,17.65,17.65,54961,0
KAR.US,60,20210630,200000,17.65,17.685,17.615,17.655,46647,0
KAR.US,60,20210630,210000,17.655,17.695,17.635,17.685,55666,0
KAR.US,60,20210630,220000,17.685,17.69,17.55,17.55,281966,0
KAR.US,60,20210701,160000,17.7,17.85,17.69,17.73,57061,0
KAR.US,60,20210701,170000,17.74,17.845,17.695,17.71,355978,0
KAR.US,60,20210701,180000,17.7026,17.755,17.63,17.665,1150949,0
KAR.US,60,20210701,190000,17.66,17.69,17.615,17.675,697092,0
KAR.US,60,20210701,200000,17.675,17.72,17.645,17.67,182216,0
KAR.US,60,20210701,210000,17.665,17.82,17.625,17.78,545239,0
KAR.US,60,20210701,220000,17.79,17.87,17.76,17.83,863592,0
KAR.US,60,20210702,160000,17.8,17.86,17.295,17.3,145499,0
KAR.US,60,20210702,170000,17.305,17.535,17.29,17.46,176694,0
KAR.US,60,20210702,180000,17.455,17.455,17.275,17.3,168191,0
KAR.US,60,20210702,190000,17.3,17.31,17.255,17.31,42429,0
KAR.US,60,20210702,200000,17.315,17.47,17.315,17.43,54983,0
KAR.US,60,20210702,210000,17.43,17.45,17.375,17.38,74426,0
KAR.US,60,20210702,220000,17.38,17.41,17.3,17.3,425882,0
KAR.US,60,20210706,160000,17.19,17.26,17.06,17.16,68663,0
KAR.US,60,20210706,170000,17.155,17.16,16.965,16.995,185004,0
KAR.US,60,20210706,180000,17,17.385,17,17.35,242217,0
KAR.US,60,20210706,190000,17.35,17.35,17.21,17.34,121492,0
KAR.US,60,20210706,200000,17.345,17.425,17.34,17.405,81822,0
KAR.US,60,20210706,210000,17.405,17.545,17.405,17.53,203366,0
KAR.US,60,20210706,220000,17.53,17.55,17.3,17.31,508912,0
KAR.US,60,20210707,160000,17.19,17.44,17.12,17.33,140589,0
KAR.US,60,20210707,170000,17.325,17.385,17.115,17.19,148779,0
KAR.US,60,20210707,180000,17.19,17.38,17.185,17.305,104550,0
KAR.US,60,20210707,190000,17.305,17.44,17.28,17.375,220458,0
KAR.US,60,20210707,200000,17.37,17.4,17.265,17.31,89339,0
KAR.US,60,20210707,210000,17.31,17.355,17.185,17.255,85028,0
KAR.US,60,20210707,220000,17.255,17.31,17.22,17.24,350089,0
KAR.US,60,20210708,160000,16.91,16.95,16.68,16.8,62432,0
KAR.US,60,20210708,170000,16.81,16.92,16.73,16.835,93927,0
KAR.US,60,20210708,180000,16.84,16.955,16.78,16.935,167025,0
KAR.US,60,20210708,190000,16.935,17.03,16.86,16.975,58071,0
KAR.US,60,20210708,200000,16.97,16.9725,16.755,16.755,47530,0
KAR.US,60,20210708,210000,16.755,16.76,16.57,16.605,76778,0
KAR.US,60,20210708,220000,16.605,16.715,16.55,16.63,484859,0
KAR.US,60,20210709,160000,16.79,16.92,16.61,16.855,77971,0
KAR.US,60,20210709,170000,16.87,16.981,16.84,16.855,108993,0
KAR.US,60,20210709,180000,16.855,16.88,16.7708,16.78,131342,0
KAR.US,60,20210709,190000,16.775,16.82,16.725,16.775,86879,0
KAR.US,60,20210709,200000,16.78,16.78,16.715,16.765,46031,0
KAR.US,60,20210709,210000,16.765,16.83,16.76,16.82,73500,0
KAR.US,60,20210709,220000,16.815,16.865,16.77,16.77,377081,0
