<TICKER>,<PER>,<DATE>,<TIME>,<OPEN>,<HIGH>,<LOW>,<CLOSE>,<VOL>,<OPENINT>
KIM_M.US,60,20200914,160000,26.18,26.18,26.18,26.18,361,0
KIM_M.US,60,20200914,170000,26.332,26.332,26.332,26.332,1000,0
KIM_M.US,60,20200914,180000,26.135,26.15,26.135,26.15,25125,0
KIM_M.US,60,20200914,190000,26.25,26.25,26.17,26.17,2848,0
KIM_M.US,60,20200914,200000,26.35,26.35,26.27,26.27,338,0
KIM_M.US,60,20200914,210000,26.246,26.2756,26.18,26.18,2950,0
KIM_M.US,60,20200914,220000,26.37,26.37,26.37,26.37,396,0
KIM_M.US,60,20200915,160000,26.44,26.44,26.44,26.44,438,0
KIM_M.US,60,20200915,170000,26.19,26.2457,26.19,26.2457,273,0
KIM_M.US,60,20200915,180000,26.31,26.32,26.31,26.31,500,0
KIM_M.US,60,20200915,190000,26.29,26.4192,26.29,26.4192,240,0
KIM_M.US,60,20200915,200000,26.3,26.33,26.29,26.29,500,0
KIM_M.US,60,20200915,210000,26.29,26.3,26.29,26.29,700,0
KIM_M.US,60,20200915,220000,26.29,26.525,26.25,26.25,3433,0
KIM_M.US,60,20200916,160000,26.39,26.39,26.3,26.3,1101,0
KIM_M.US,60,20200916,170000,26.3656,26.4584,26.21,26.45,521,0
KIM_M.US,60,20200916,180000,26.45,26.45,26.45,26.45,137,0
KIM_M.US,60,20200916,190000,26.5,26.5,26.5,26.5,100,0
KIM_M.US,60,20200916,200000,26.59,26.59,26.46,26.46,400,0
KIM_M.US,60,20200916,210000,26.58,26.63,26.46,26.49,3519,0
KIM_M.US,60,20200916,220000,26.49,26.62,26.4,26.4,2260,0
KIM_M.US,60,20200917,160000,26.05,26.4,26.05,26.4,1572,0
KIM_M.US,60,20200917,170000,25.98,25.98,25.98,25.98,200,0
KIM_M.US,60,20200917,180000,26.095,26.095,25.98,26.04,646,0
KIM_M.US,60,20200917,190000,26.11,26.11,26.11,26.11,200,0
KIM_M.US,60,20200917,200000,26.1,26.17,26.1,26.17,318,0
KIM_M.US,60,20200917,210000,26.11,26.24,26.1,26.1,585,0
KIM_M.US,60,20200917,220000,26.1,26.2,26.1,26.1,2540,0
KIM_M.US,60,20200918,160000,26.3,26.3,26.3,26.3,795,0
KIM_M.US,60,20200918,180000,26.3,26.34,26.102,26.225,984,0
KIM_M.US,60,20200918,190000,26.34,26.35,26.21,26.3,8253,0
KIM_M.US,60,20200918,200000,26.3,26.31,26.16,26.21,2015,0
KIM_M.US,60,20200918,210000,26.17,26.3,26.17,26.3,2120,0
KIM_M.US,60,20200918,220000,26.285,26.35,26.26,26.35,3623,0
KIM_M.US,60,20200921,160000,26.27,26.27,26.27,26.27,441,0
KIM_M.US,60,20200921,170000,26.11,26.11,25.98,26.035,500,0
KIM_M.US,60,20200921,180000,26.08,26.085,26.08,26.085,200,0
KIM_M.US,60,20200921,190000,26.2,26.35,26.2,26.35,400,0
KIM_M.US,60,20200921,200000,26.35,26.36,26.22,26.35,800,0
KIM_M.US,60,20200921,210000,26.35,26.46,26.2713,26.41,1004,0
KIM_M.US,60,20200921,220000,26.43,26.46,26.38,26.46,3599,0
KIM_M.US,60,20200922,160000,26.46,26.46,26.46,26.46,623,0
KIM_M.US,60,20200922,170000,26.5,26.53,26.5,26.53,1000,0
KIM_M.US,60,20200922,180000,26.62,26.62,26.545,26.62,1000,0
KIM_M.US,60,20200922,190000,26.35,26.7099,26.35,26.6,91737,0
KIM_M.US,60,20200922,200000,26.72,26.76,26.68,26.68,1100,0
KIM_M.US,60,20200922,210000,26.53,26.8,26.53,26.8,94905,0
KIM_M.US,60,20200922,220000,26.74,26.74,26.68,26.74,2250,0
KIM_M.US,60,20200923,160000,26.78,26.86,26.7741,26.86,929,0
KIM_M.US,60,20200923,180000,26.64,26.78,26.64,26.77,419,0
KIM_M.US,60,20200923,190000,26.685,26.74,26.65,26.6895,1405,0
KIM_M.US,60,20200923,200000,26.705,26.77,26.62,26.65,7340,0
KIM_M.US,60,20200923,210000,26.635,26.65,26.35,26.35,3464,0
KIM_M.US,60,20200923,220000,26.36,26.36,26.14,26.18,3700,0
KIM_M.US,60,20200924,160000,26,26.2,25.97,26.18,1056,0
KIM_M.US,60,20200924,170000,26.28,26.28,25.96,25.96,900,0
KIM_M.US,60,20200924,180000,26.07,26.07,26.07,26.07,200,0
KIM_M.US,60,20200924,190000,26.09,26.1,26.09,26.1,2200,0
KIM_M.US,60,20200924,220000,26.06,26.06,26.06,26.06,241,0
KIM_M.US,60,20200925,160000,26.38,26.38,26.38,26.38,701,0
KIM_M.US,60,20200925,170000,26.48,26.48,26.48,26.48,100,0
KIM_M.US,60,20200925,180000,26.67,26.7775,26.5836,26.69,3322,0
KIM_M.US,60,20200925,190000,26.74,26.76,26.47,26.5495,6810,0
KIM_M.US,60,20200925,210000,26.73,26.73,26.73,26.73,100,0
KIM_M.US,60,20200925,220000,26.75,26.75,26.4,26.4,2319,0
KIM_M.US,60,20200928,160000,26.69,26.99,26.69,26.99,2892,0
KIM_M.US,60,20200928,170000,27.01,27.12,26.95,27.045,6003,0
KIM_M.US,60,20200928,180000,27.1,27.1,27.04,27.04,1328,0
KIM_M.US,60,20200928,190000,27.035,27.036,26.83,26.9,4102,0
KIM_M.US,60,20200928,200000,26.83,27.0899,26.79,26.86,1306,0
KIM_M.US,60,20200928,210000,26.86,27.0441,26.81,26.88,2786,0
KIM_M.US,60,20200928,220000,26.84,26.94,26.83,26.83,1529,0
KIM_M.US,60,20200929,160000,26.83,27.0216,26.83,26.92,2329,0
KIM_M.US,60,20200929,170000,26.9,26.97,26.82,26.86,1588,0
KIM_M.US,60,20200929,180000,26.85,26.9,26.83,26.83,1500,0
KIM_M.US,60,20200929,190000,26.83,26.86,26.83,26.85,600,0
KIM_M.US,60,20200929,200000,26.84,26.86,26.84,26.86,1100,0
KIM_M.US,60,20200929,210000,26.85,26.9072,26.84,26.86,1506,0
KIM_M.US,60,20200929,220000,26.85,26.95,26.85,26.93,3212,0
KIM_M.US,60,20200930,160000,26.63,26.63,26.63,26.63,1093,0
KIM_M.US,60,20200930,170000,26.57,26.58,26.55,26.55,1669,0
KIM_M.US,60,20200930,180000,26.616,26.616,26.52,26.565,1710,0
KIM_M.US,60,20200930,190000,26.555,26.56,26.47,26.495,3375,0
KIM_M.US,60,20200930,200000,26.48,26.49,26.48,26.49,1000,0
KIM_M.US,60,20200930,210000,26.47,26.4866,26.34,26.34,2798,0
KIM_M.US,60,20200930,220000,26.47,26.4898,26.26,26.34,10575,0
KIM_M.US,60,20201001,160000,26.56,26.56,26.56,26.56,478,0
KIM_M.US,60,20201001,170000,26.5524,26.5524,26.24,26.3,1230,0
KIM_M.US,60,20201001,180000,26.26,26.49,26.24,26.27,3554,0
KIM_M.US,60,20201001,190000,26.32,26.44,26.3,26.35,800,0
KIM_M.US,60,20201001,200000,26.39,26.52,26.37,26.38,11327,0
KIM_M.US,60,20201001,210000,26.4,26.52,26.3,26.32,2710,0
KIM_M.US,60,20201001,220000,26.39,26.459,26.32,26.32,4696,0
KIM_M.US,60,20201002,160000,26.12,26.12,26.12,26.12,554,0
KIM_M.US,60,20201002,170000,26.325,26.39,26.11,26.17,3800,0
KIM_M.US,60,20201002,180000,26.17,26.25,26.14,26.25,1300,0
KIM_M.US,60,20201002,190000,26.15,26.25,26.11,26.12,1700,0
KIM_M.US,60,20201002,200000,26.15,26.3899,26.13,26.2886,4335,0
KIM_M.US,60,20201002,210000,26.16,26.26,26.14,26.19,6422,0
KIM_M.US,60,20201002,220000,26.25,26.25,25.94,26.08,12272,0
KIM_M.US,60,20201005,160000,26.2,26.2,26.2,26.2,466,0
KIM_M.US,60,20201005,170000,26.055,26.055,26.05,26.05,46000,0
KIM_M.US,60,20201005,180000,26.19,26.19,26.136,26.136,1624,0
KIM_M.US,60,20201005,200000,26.14,26.1887,26.14,26.1887,984,0
KIM_M.US,60,20201005,210000,26.19,26.19,26.19,26.19,200,0
KIM_M.US,60,20201005,220000,26.14,26.1899,26.13,26.1301,7939,0
KIM_M.US,60,20201006,160000,26.29,26.29,26.29,26.29,578,0
KIM_M.US,60,20201006,170000,26.28,26.29,26.13,26.29,1090,0
KIM_M.US,60,20201006,180000,26.293,26.293,26.14,26.14,619,0
KIM_M.US,60,20201006,190000,26.23,26.23,26.23,26.23,200,0
KIM_M.US,60,20201006,200000,26.3058,26.3183,26.19,26.3183,968,0
KIM_M.US,60,20201006,210000,26.315,26.315,26.18,26.18,815,0
KIM_M.US,60,20201006,220000,26.21,26.29,26.21,26.29,245,0
KIM_M.US,60,20201007,160000,26.36,26.36,26.36,26.36,343,0
KIM_M.US,60,20201007,170000,26.225,26.32,26.225,26.32,262,0
KIM_M.US,60,20201007,180000,26.32,26.39,26.2401,26.25,3100,0
KIM_M.US,60,20201007,190000,26.295,26.295,26.295,26.295,100,0
KIM_M.US,60,20201007,200000,26.34,26.34,26.24,26.295,894,0
KIM_M.US,60,20201007,210000,26.317,26.317,26.273,26.279,776,0
KIM_M.US,60,20201007,220000,26.28,26.37,26.28,26.31,705,0
KIM_M.US,60,20201008,160000,26.39,26.39,26.39,26.39,659,0
KIM_M.US,60,20201008,170000,26.32,26.32,26.32,26.32,517,0
KIM_M.US,60,20201008,180000,26.3,26.41,26.3,26.4,40200,0
KIM_M.US,60,20201008,190000,26.3485,26.3485,26.3485,26.3485,181,0
KIM_M.US,60,20201008,200000,26.38,26.4099,26.34,26.345,1254,0
KIM_M.US,60,20201008,210000,26.36,26.36,26.35,26.35,300,0
KIM_M.US,60,20201008,220000,26.42,26.5,26.35,26.35,7129,0
KIM_M.US,60,20201009,160000,26.44,26.49,26.32,26.49,1105,0
KIM_M.US,60,20201009,180000,26.36,26.36,26.29,26.3192,986,0
KIM_M.US,60,20201009,190000,26.27,26.44,26.1,26.14,8337,0
KIM_M.US,60,20201009,200000,26.11,26.13,26.09,26.09,7210,0
KIM_M.US,60,20201009,210000,26.1,26.41,26.07,26.24,2941,0
KIM_M.US,60,20201009,220000,26.2791,26.32,26.21,26.32,463,0
KIM_M.US,60,20201012,160000,26.33,26.33,26.33,26.33,755,0
KIM_M.US,60,20201012,170000,26.34,26.34,26.26,26.26,226,0
KIM_M.US,60,20201012,180000,26.378,26.378,26.26,26.26,600,0
KIM_M.US,60,20201012,190000,26.3328,26.335,26.28,26.335,1421,0
KIM_M.US,60,20201012,200000,26.18,26.185,26.14,26.185,300,0
KIM_M.US,60,20201012,210000,26.19,26.24,26.19,26.23,400,0
KIM_M.US,60,20201012,220000,26.23,26.3238,26.03,26.1,13424,0
KIM_M.US,60,20201013,170000,26.197,26.3,26.01,26.3,1111,0
KIM_M.US,60,20201013,180000,26.1692,26.1865,26.1,26.1865,2328,0
KIM_M.US,60,20201013,190000,26.2032,26.25,26.09,26.25,1580,0
KIM_M.US,60,20201013,200000,26.14,26.21,26.1,26.205,7900,0
KIM_M.US,60,20201013,210000,26.13,26.185,26.08,26.1,1800,0
KIM_M.US,60,20201013,220000,26.21,26.21,26.12,26.19,3527,0
KIM_M.US,60,20201014,160000,26.23,26.295,26.23,26.295,338,0
KIM_M.US,60,20201014,170000,26.115,26.115,26.115,26.115,114,0
KIM_M.US,60,20201014,180000,26.246,26.246,26.246,26.246,114,0
KIM_M.US,60,20201014,190000,26.0464,26.0464,26.0464,26.0464,1200,0
KIM_M.US,60,20201014,200000,26.035,26.035,26.035,26.035,104,0
KIM_M.US,60,20201014,210000,26.0464,26.0464,26.0464,26.0464,101,0
KIM_M.US,60,20201015,160000,26.04,26.04,25.81,25.81,1731,0
KIM_M.US,60,20201015,170000,25.8932,25.934,25.8932,25.934,800,0
KIM_M.US,60,20201015,180000,25.89,25.945,25.89,25.945,2344,0
KIM_M.US,60,20201015,190000,25.965,25.97,25.93,25.97,492,0
KIM_M.US,60,20201015,200000,25.96,25.9698,25.87,25.87,1607,0
KIM_M.US,60,20201015,210000,25.93,25.93,25.93,25.93,100,0
KIM_M.US,60,20201015,220000,25.93,25.93,25.87,25.87,1118,0
KIM_M.US,60,20201016,160000,26.08,26.08,25.94,26,5642,0
KIM_M.US,60,20201016,170000,26.04,26.04,26,26,500,0
KIM_M.US,60,20201016,180000,26,26.014,26,26,2699,0
KIM_M.US,60,20201016,190000,25.93,25.97,25.78,25.9054,2390,0
KIM_M.US,60,20201016,200000,25.8,25.8574,25.8,25.8574,877,0
KIM_M.US,60,20201016,210000,25.866,25.866,25.76,25.8256,859,0
KIM_M.US,60,20201016,220000,25.78,25.78,25.53,25.57,10655,0
KIM_M.US,60,20201019,160000,25.74,25.74,25.74,25.74,448,0
KIM_M.US,60,20201019,170000,25.6902,25.6902,25.6824,25.6824,274,0
KIM_M.US,60,20201019,180000,25.73,25.75,25.68,25.74,3569,0
KIM_M.US,60,20201019,200000,25.64,25.699,25.64,25.6984,1458,0
KIM_M.US,60,20201019,210000,25.7,25.7,25.6848,25.6848,3429,0
KIM_M.US,60,20201019,220000,25.71,25.74,25.6778,25.71,19837,0
KIM_M.US,60,20201020,160000,25.78,25.78,25.78,25.78,378,0
KIM_M.US,60,20201020,170000,25.84,25.845,25.805,25.845,2442,0
KIM_M.US,60,20201020,180000,25.845,25.845,25.8425,25.8425,280,0
KIM_M.US,60,20201020,190000,25.895,25.9992,25.83,25.83,852,0
KIM_M.US,60,20201020,200000,25.9741,25.9741,25.9741,25.9741,211,0
KIM_M.US,60,20201020,210000,25.885,25.885,25.885,25.885,295,0
KIM_M.US,60,20201020,220000,25.95,26,25.94,25.94,2562,0
KIM_M.US,60,20201021,160000,26,26.23,26,26.23,421,0
KIM_M.US,60,20201021,170000,26.05,26.05,25.98,25.98,200,0
KIM_M.US,60,20201021,180000,25.86,25.98,25.86,25.9282,47884,0
KIM_M.US,60,20201021,190000,25.95,25.98,25.945,25.945,55595,0
KIM_M.US,60,20201021,200000,25.945,26,25.9285,25.9285,2200,0
KIM_M.US,60,20201021,210000,25.99,26.03,25.88,25.9554,4677,0
KIM_M.US,60,20201021,220000,25.9343,25.9343,25.87,25.87,655,0
KIM_M.US,60,20201022,160000,26.03,26.05,25.948,25.948,1181,0
KIM_M.US,60,20201022,170000,25.95,26.0599,25.83,26.0599,1000,0
KIM_M.US,60,20201022,180000,26.02,26.04,25.925,25.925,357,0
KIM_M.US,60,20201022,200000,25.7901,25.7901,25.7901,25.7901,207,0
KIM_M.US,60,20201022,210000,25.9896,25.9896,25.9896,25.9896,130,0
KIM_M.US,60,20201022,220000,26.03,26.17,26.01,26.17,3601,0
KIM_M.US,60,20201023,160000,26.22,26.22,26.21,26.21,754,0
KIM_M.US,60,20201023,170000,26.25,26.29,26.145,26.25,4801,0
KIM_M.US,60,20201023,190000,26.26,26.28,26.24,26.24,1300,0
KIM_M.US,60,20201023,200000,26.3,26.3,26.2905,26.2905,322,0
KIM_M.US,60,20201023,210000,26.33,26.41,26.33,26.41,791,0
KIM_M.US,60,20201023,220000,26.43,26.62,26.43,26.62,8292,0
KIM_M.US,60,20201026,150000,26.55,26.55,26.4,26.41,995,0
KIM_M.US,60,20201026,160000,26.41,26.495,26.41,26.495,1703,0
KIM_M.US,60,20201026,170000,26.5,26.5,26.44,26.44,2935,0
KIM_M.US,60,20201026,180000,26.34,26.35,26.305,26.305,3006,0
KIM_M.US,60,20201027,150000,26.4,26.4,26.4,26.4,490,0
KIM_M.US,60,20201027,160000,26.2926,26.4,26.2926,26.4,380,0
KIM_M.US,60,20201027,170000,26.31,26.42,26.31,26.42,534,0
KIM_M.US,60,20201027,180000,26.362,26.365,26.31,26.365,1100,0
KIM_M.US,60,20201027,190000,26.31,26.3788,26.31,26.36,3425,0
KIM_M.US,60,20201027,200000,26.42,26.44,26.3796,26.3796,3968,0
KIM_M.US,60,20201027,210000,26.2995,26.44,26.2995,26.44,682,0
KIM_M.US,60,20201028,150000,26.23,26.25,26.01,26.25,3531,0
KIM_M.US,60,20201028,160000,26.35,26.35,26.07,26.07,9322,0
KIM_M.US,60,20201028,170000,26.07,26.07,26.04,26.05,400,0
KIM_M.US,60,20201028,190000,26.115,26.15,26.115,26.14,800,0
KIM_M.US,60,20201028,200000,26.2115,26.2115,26.2115,26.2115,266,0
KIM_M.US,60,20201028,210000,26.14,26.14,26.09,26.09,4660,0
KIM_M.US,60,20201029,150000,26.05,26.05,25.88,25.88,1017,0
KIM_M.US,60,20201029,160000,26.15,26.22,26.0175,26.22,1041,0
KIM_M.US,60,20201029,170000,26.228,26.228,26.04,26.04,628,0
KIM_M.US,60,20201029,180000,26.035,26.035,26.035,26.035,172,0
KIM_M.US,60,20201029,190000,25.86,25.99,25.86,25.99,527,0
KIM_M.US,60,20201029,200000,26.0244,26.0244,25.9605,25.9605,1155,0
KIM_M.US,60,20201029,210000,26.02,26.02,25.97,25.97,2460,0
KIM_M.US,60,20201030,150000,26.15,26.15,26.04,26.04,647,0
KIM_M.US,60,20201030,160000,25.91,26.11,25.87,26.11,1700,0
KIM_M.US,60,20201030,170000,25.86,25.8619,25.85,25.8619,2976,0
KIM_M.US,60,20201030,190000,25.9328,25.9328,25.9328,25.9328,187,0
KIM_M.US,60,20201030,200000,25.925,25.925,25.925,25.925,100,0
KIM_M.US,60,20201030,210000,25.86,25.89,25.56,25.63,39966,0
KIM_M.US,60,20201102,160000,25.78,25.865,25.74,25.8,621,0
KIM_M.US,60,20201102,170000,25.8407,25.8407,25.78,25.78,1392,0
KIM_M.US,60,20201102,180000,25.78,25.78,25.78,25.78,200,0
KIM_M.US,60,20201102,190000,25.78,25.8358,25.78,25.8358,700,0
KIM_M.US,60,20201102,200000,25.79,25.8614,25.79,25.84,3473,0
KIM_M.US,60,20201102,210000,25.86,25.88,25.86,25.88,1966,0
KIM_M.US,60,20201102,220000,25.86,25.88,25.8,25.88,1075,0
KIM_M.US,60,20201103,160000,25.88,25.88,25.88,25.88,2955,0
KIM_M.US,60,20201103,170000,25.95,26.002,25.905,25.905,1500,0
KIM_M.US,60,20201103,180000,25.83,25.88,25.83,25.88,1143,0
KIM_M.US,60,20201103,210000,25.98,25.98,25.98,25.98,900,0
KIM_M.US,60,20201103,220000,25.9431,25.9526,25.7,25.7,3892,0
KIM_M.US,60,20201104,160000,25.78,25.85,25.78,25.82,1903,0
KIM_M.US,60,20201104,170000,25.9917,25.9917,25.8907,25.97,478,0
KIM_M.US,60,20201104,180000,25.915,25.9403,25.915,25.9403,258,0
KIM_M.US,60,20201104,190000,26.03,26.03,26.03,26.03,200,0
KIM_M.US,60,20201104,200000,25.9357,25.9357,25.9357,25.9357,500,0
KIM_M.US,60,20201104,210000,25.899,25.899,25.899,25.899,500,0
KIM_M.US,60,20201104,220000,25.955,25.955,25.89,25.91,747,0
KIM_M.US,60,20201105,160000,26.02,26.03,25.955,25.97,2115,0
KIM_M.US,60,20201105,170000,25.955,26.03,25.955,25.97,946,0
KIM_M.US,60,20201105,180000,25.9716,26,25.93,25.9401,2085,0
KIM_M.US,60,20201105,190000,26.02,26.03,26.02,26.03,370,0
KIM_M.US,60,20201105,210000,26.005,26.005,26.005,26.005,123,0
KIM_M.US,60,20201105,220000,26.05,26.05,26.05,26.05,172,0
KIM_M.US,60,20201106,160000,26.05,26.05,25.83,25.83,1289,0
KIM_M.US,60,20201106,170000,25.9038,25.9038,25.9038,25.9038,228,0
KIM_M.US,60,20201106,180000,25.94,25.94,25.83,25.83,1748,0
KIM_M.US,60,20201106,190000,25.8778,25.884,25.83,25.83,1379,0
KIM_M.US,60,20201106,200000,25.83,25.8307,25.83,25.83,300,0
KIM_M.US,60,20201106,220000,25.78,25.82,25.78,25.82,1692,0
KIM_M.US,60,20201109,160000,25.995,26.2099,25.99,26.2,5100,0
KIM_M.US,60,20201109,170000,26.105,26.29,26.105,26.29,1814,0
KIM_M.US,60,20201109,180000,26.29,26.3577,26.29,26.3577,200,0
KIM_M.US,60,20201109,190000,26.367,26.49,26.367,26.435,1259,0
KIM_M.US,60,20201109,220000,26.27,26.27,26.24,26.24,1619,0
KIM_M.US,60,20201110,160000,26.24,26.24,26.24,26.24,403,0
KIM_M.US,60,20201110,170000,26.26,26.3999,26.24,26.3999,1201,0
KIM_M.US,60,20201110,180000,26.38,26.4,26.335,26.3989,1124,0
KIM_M.US,60,20201110,190000,26.45,26.45,26.4223,26.4223,300,0
KIM_M.US,60,20201110,200000,26.5,26.5,26.4225,26.485,2009,0
KIM_M.US,60,20201110,210000,26.4101,26.49,26.41,26.43,1641,0
KIM_M.US,60,20201110,220000,26.42,26.4427,26.12,26.12,2046,0
KIM_M.US,60,20201111,160000,26.44,26.49,26.44,26.45,6186,0
KIM_M.US,60,20201111,170000,26.45,26.56,26.45,26.52,2072,0
KIM_M.US,60,20201111,180000,26.555,26.58,26.53,26.5687,11000,0
KIM_M.US,60,20201111,190000,26.57,26.57,26.55,26.55,778,0
KIM_M.US,60,20201111,210000,26.49,26.5,26.415,26.5,1729,0
KIM_M.US,60,20201111,220000,26.5,26.5,26.49,26.49,900,0
KIM_M.US,60,20201112,170000,26.36,26.4,26.35,26.4,1180,0
KIM_M.US,60,20201112,180000,26.35,26.35,26.35,26.35,1000,0
KIM_M.US,60,20201112,190000,26.3256,26.3256,26.3256,26.3256,100,0
KIM_M.US,60,20201112,200000,26.33,26.415,26.16,26.16,5527,0
KIM_M.US,60,20201112,210000,26.49,26.49,26.49,26.49,200,0
KIM_M.US,60,20201112,220000,26.24,26.24,26.21,26.21,200,0
KIM_M.US,60,20201113,160000,26.2972,26.31,26.2622,26.31,1825,0
KIM_M.US,60,20201113,170000,26.36,26.44,26.33,26.33,1727,0
KIM_M.US,60,20201113,180000,26.4201,26.4201,26.34,26.3963,924,0
KIM_M.US,60,20201113,200000,26.37,26.37,26.37,26.37,400,0
KIM_M.US,60,20201113,210000,26.44,26.44,26.4173,26.44,728,0
KIM_M.US,60,20201113,220000,26.4618,26.49,26.41,26.4228,1906,0
KIM_M.US,60,20201116,160000,26.37,26.37,26.37,26.37,735,0
KIM_M.US,60,20201116,170000,26.29,26.46,26.29,26.37,1917,0
KIM_M.US,60,20201116,180000,26.43,26.48,26.4101,26.4796,1302,0
KIM_M.US,60,20201116,190000,26.395,26.47,26.395,26.47,959,0
KIM_M.US,60,20201116,210000,26.4567,26.49,26.25,26.47,4766,0
KIM_M.US,60,20201116,220000,26.46,26.4999,26.35,26.37,11411,0
KIM_M.US,60,20201117,160000,26.46,26.84,26.46,26.74,1788,0
KIM_M.US,60,20201117,170000,26.7,26.7,26.3813,26.65,797,0
KIM_M.US,60,20201117,180000,26.51,26.68,26.3674,26.438,2152,0
KIM_M.US,60,20201117,190000,26.46,26.46,26.46,26.46,1100,0
KIM_M.US,60,20201117,200000,26.575,26.575,26.575,26.575,157,0
KIM_M.US,60,20201117,220000,26.66,26.67,26.58,26.58,1574,0
KIM_M.US,60,20201118,160000,26.67,26.67,26.67,26.67,729,0
KIM_M.US,60,20201118,170000,26.69,26.77,26.67,26.77,896,0
KIM_M.US,60,20201118,180000,26.74,26.79,26.74,26.79,321,0
KIM_M.US,60,20201118,190000,26.79,26.87,26.7005,26.87,7122,0
KIM_M.US,60,20201118,200000,26.85,26.87,26.78,26.78,3200,0
KIM_M.US,60,20201118,210000,26.71,26.72,26.55,26.55,2725,0
KIM_M.US,60,20201118,220000,26.49,26.51,26.45,26.45,300,0
KIM_M.US,60,20201119,170000,26.565,26.5822,26.565,26.5822,306,0
KIM_M.US,60,20201119,190000,26.505,26.505,26.505,26.505,122,0
KIM_M.US,60,20201119,210000,26.58,26.58,26.53,26.53,1103,0
KIM_M.US,60,20201119,220000,26.58,26.58,26.5756,26.5756,1094,0
KIM_M.US,60,20201120,160000,26.7,26.7,26.7,26.7,1211,0
KIM_M.US,60,20201120,170000,26.5652,26.5652,26.5652,26.5652,945,0
KIM_M.US,60,20201120,180000,26.615,26.615,26.47,26.47,706,0
KIM_M.US,60,20201120,190000,26.69,26.69,26.69,26.69,153,0
KIM_M.US,60,20201120,200000,26.46,26.49,26.46,26.49,358,0
KIM_M.US,60,20201120,210000,26.58,26.58,26.58,26.58,570,0
KIM_M.US,60,20201120,220000,26.545,26.55,26.52,26.52,1502,0
KIM_M.US,60,20201123,160000,26.68,26.68,26.68,26.68,657,0
KIM_M.US,60,20201123,170000,26.7399,26.7399,26.63,26.6687,707,0
KIM_M.US,60,20201123,180000,26.66,26.74,26.66,26.74,220,0
KIM_M.US,60,20201123,190000,26.6749,26.6749,26.6749,26.6749,300,0
KIM_M.US,60,20201123,210000,26.675,26.68,26.6701,26.68,4448,0
KIM_M.US,60,20201123,220000,26.68,26.68,26.68,26.68,400,0
KIM_M.US,60,20201124,160000,26.9,26.9,26.9,26.9,775,0
KIM_M.US,60,20201124,170000,26.9176,26.9176,26.82,26.88,5800,0
KIM_M.US,60,20201124,180000,26.8205,26.8205,26.8205,26.8205,700,0
KIM_M.US,60,20201124,190000,26.82,26.85,26.82,26.85,1760,0
KIM_M.US,60,20201124,200000,26.8876,26.8876,26.84,26.84,2280,0
KIM_M.US,60,20201124,210000,26.84,26.84,26.7501,26.835,800,0
KIM_M.US,60,20201124,220000,26.835,26.835,26.66,26.66,860,0
KIM_M.US,60,20201125,160000,26.82,26.82,26.82,26.82,489,0
KIM_M.US,60,20201125,170000,26.74,26.74,26.69,26.7,1002,0
KIM_M.US,60,20201125,180000,26.67,26.689,26.63,26.68,5772,0
KIM_M.US,60,20201125,190000,26.69,26.69,26.6443,26.6443,2858,0
KIM_M.US,60,20201125,200000,26.6369,26.65,26.63,26.6342,4073,0
KIM_M.US,60,20201125,210000,26.64,26.65,26.63,26.65,476,0
KIM_M.US,60,20201125,220000,26.65,26.65,26.64,26.64,2809,0
KIM_M.US,60,20201127,160000,26.79,26.79,26.79,26.79,939,0
KIM_M.US,60,20201127,170000,26.82,26.84,26.79,26.7901,3400,0
KIM_M.US,60,20201127,180000,26.84,26.84,26.76,26.76,524,0
KIM_M.US,60,20201127,190000,26.8,26.83,26.8,26.82,2848,0
KIM_M.US,60,20201130,160000,26.8,26.8,26.7744,26.7744,1311,0
KIM_M.US,60,20201130,170000,26.7001,26.8,26.7001,26.77,9455,0
KIM_M.US,60,20201130,180000,26.8024,26.82,26.75,26.75,2704,0
KIM_M.US,60,20201130,190000,26.76,26.8,26.7501,26.77,800,0
KIM_M.US,60,20201130,200000,26.8,26.8,26.7601,26.7601,688,0
KIM_M.US,60,20201130,210000,26.81,26.8106,26.79,26.79,700,0
KIM_M.US,60,20201130,220000,26.725,26.785,26.61,26.61,9106,0
KIM_M.US,60,20201201,160000,26.82,26.83,26.81,26.82,703,0
KIM_M.US,60,20201201,170000,26.7601,26.85,26.7601,26.81,1306,0
KIM_M.US,60,20201201,180000,26.79,26.79,26.75,26.75,3177,0
KIM_M.US,60,20201201,200000,26.685,26.685,26.685,26.685,100,0
KIM_M.US,60,20201201,210000,26.69,26.69,26.69,26.69,181,0
KIM_M.US,60,20201201,220000,26.75,26.75,26.65,26.65,545,0
KIM_M.US,60,20201202,180000,26.6972,26.6972,26.6972,26.6972,400,0
KIM_M.US,60,20201202,200000,26.655,26.655,26.58,26.58,1100,0
KIM_M.US,60,20201202,220000,26.72,26.72,26.6979,26.71,7606,0
KIM_M.US,60,20201203,160000,26.78,26.78,26.78,26.78,776,0
KIM_M.US,60,20201203,170000,26.77,26.77,26.77,26.77,212,0
KIM_M.US,60,20201203,180000,26.71,26.73,26.71,26.71,600,0
KIM_M.US,60,20201203,190000,26.71,26.71,26.69,26.69,200,0
KIM_M.US,60,20201203,200000,26.68,26.73,26.6247,26.73,815,0
KIM_M.US,60,20201203,210000,26.655,26.685,26.655,26.685,352,0
KIM_M.US,60,20201203,220000,26.7,26.71,26.7,26.7,3538,0
KIM_M.US,60,20201204,160000,26.7,26.8,26.7,26.8,2000,0
KIM_M.US,60,20201204,170000,26.7104,26.72,26.71,26.71,1274,0
KIM_M.US,60,20201204,180000,26.72,26.79,26.69,26.79,942,0
KIM_M.US,60,20201204,200000,26.75,26.75,26.71,26.725,1646,0
KIM_M.US,60,20201204,210000,26.7302,26.75,26.7302,26.75,1351,0
KIM_M.US,60,20201204,220000,26.75,26.75,26.75,26.75,200,0
KIM_M.US,60,20201207,160000,26.59,26.59,26.59,26.59,375,0
KIM_M.US,60,20201207,170000,26.6458,26.65,26.6,26.635,6965,0
KIM_M.US,60,20201207,180000,26.63,26.64,26.63,26.64,400,0
KIM_M.US,60,20201207,190000,26.64,26.69,26.64,26.64,4634,0
KIM_M.US,60,20201207,200000,26.64,26.64,26.63,26.64,400,0
KIM_M.US,60,20201207,210000,26.58,26.639,26.58,26.639,699,0
KIM_M.US,60,20201207,220000,26.52,26.63,26.52,26.55,2524,0
KIM_M.US,60,20201208,160000,26.69,26.69,26.56,26.56,659,0
KIM_M.US,60,20201208,170000,26.685,26.685,26.63,26.68,1281,0
KIM_M.US,60,20201208,180000,26.67,26.74,26.67,26.7,800,0
KIM_M.US,60,20201208,190000,26.72,26.73,26.61,26.61,2975,0
KIM_M.US,60,20201208,200000,26.63,26.63,26.63,26.63,100,0
KIM_M.US,60,20201208,210000,26.62,26.63,26.62,26.63,200,0
KIM_M.US,60,20201208,220000,26.62,26.68,26.61,26.62,536,0
KIM_M.US,60,20201209,160000,26.8,26.8,26.8,26.8,318,0
KIM_M.US,60,20201209,170000,26.7893,26.7893,26.7893,26.7893,111,0
KIM_M.US,60,20201209,180000,26.72,26.72,26.6501,26.71,1952,0
KIM_M.US,60,20201209,190000,26.65,26.6772,26.65,26.67,400,0
KIM_M.US,60,20201209,200000,26.68,26.68,26.65,26.65,700,0
KIM_M.US,60,20201209,210000,26.65,26.68,26.62,26.62,5903,0
KIM_M.US,60,20201209,220000,26.63,26.74,26.63,26.74,2342,0
KIM_M.US,60,20201210,160000,26.74,26.74,26.74,26.74,172,0
KIM_M.US,60,20201210,170000,26.68,26.69,26.68,26.69,251,0
KIM_M.US,60,20201210,180000,26.74,26.74,26.74,26.74,100,0
KIM_M.US,60,20201210,190000,26.735,26.735,26.735,26.735,289,0
KIM_M.US,60,20201210,200000,26.665,26.7,26.63,26.63,5452,0
KIM_M.US,60,20201210,210000,26.61,26.63,26.51,26.51,2390,0
KIM_M.US,60,20201210,220000,26.57,26.7,26.525,26.53,1801,0
KIM_M.US,60,20201211,160000,26.65,26.65,26.65,26.65,200,0
KIM_M.US,60,20201211,170000,26.68,26.68,26.66,26.66,793,0
KIM_M.US,60,20201211,180000,26.68,26.68,26.67,26.68,1884,0
KIM_M.US,60,20201211,190000,26.54,26.605,26.54,26.55,500,0
KIM_M.US,60,20201211,200000,26.55,26.55,26.55,26.55,200,0
KIM_M.US,60,20201211,210000,26.53,26.54,26.53,26.54,400,0
KIM_M.US,60,20201211,220000,26.54,26.68,26.54,26.57,1613,0
KIM_M.US,60,20201214,160000,26.71,26.71,26.63,26.63,231,0
KIM_M.US,60,20201214,170000,26.61,26.63,26.61,26.6299,400,0
KIM_M.US,60,20201214,180000,26.615,26.63,26.59,26.605,5346,0
KIM_M.US,60,20201214,190000,26.59,26.63,26.58,26.6,600,0
KIM_M.US,60,20201214,200000,26.59,26.605,26.56,26.56,3925,0
KIM_M.US,60,20201214,210000,26.55,26.57,26.54,26.5672,1919,0
KIM_M.US,60,20201214,220000,26.54,26.57,26.53,26.53,2000,0
KIM_M.US,60,20201215,160000,26.63,26.63,26.63,26.63,306,0
KIM_M.US,60,20201215,170000,26.54,26.54,26.5001,26.5001,840,0
KIM_M.US,60,20201215,180000,26.535,26.535,26.52,26.52,1170,0
KIM_M.US,60,20201215,190000,26.5288,26.5288,26.5288,26.5288,457,0
KIM_M.US,60,20201215,200000,26.54,26.54,26.52,26.53,2330,0
KIM_M.US,60,20201215,210000,26.51,26.54,26.51,26.54,4946,0
KIM_M.US,60,20201215,220000,26.54,26.625,26.52,26.58,6147,0
KIM_M.US,60,20201216,160000,26.63,26.63,26.49,26.55,8189,0
KIM_M.US,60,20201216,180000,26.49,26.52,26.49,26.4957,975,0
KIM_M.US,60,20201216,190000,26.5101,26.5101,26.49,26.49,551,0
KIM_M.US,60,20201216,200000,26.49,26.55,26.48,26.55,1482,0
KIM_M.US,60,20201216,210000,26.5123,26.5123,26.49,26.49,680,0
KIM_M.US,60,20201216,220000,26.48,26.53,26.48,26.53,7748,0
KIM_M.US,60,20201217,160000,26.55,26.55,26.53,26.54,903,0
KIM_M.US,60,20201217,170000,26.54,26.54,26.4958,26.5,6570,0
KIM_M.US,60,20201217,180000,26.4958,26.5,26.486,26.495,2118,0
KIM_M.US,60,20201217,190000,26.5,26.5,26.5,26.5,476,0
KIM_M.US,60,20201217,200000,26.4786,26.4789,26.4786,26.4789,418,0
KIM_M.US,60,20201217,220000,26.5,26.5,26.4,26.5,3597,0
KIM_M.US,60,20201218,160000,26.49,26.49,26.49,26.49,1019,0
KIM_M.US,60,20201218,170000,26.4618,26.49,26.4618,26.49,301,0
KIM_M.US,60,20201218,180000,26.47,26.47,26.47,26.47,200,0
KIM_M.US,60,20201218,190000,26.49,26.49,26.49,26.49,300,0
KIM_M.US,60,20201218,200000,26.49,26.49,26.4845,26.49,2608,0
KIM_M.US,60,20201218,210000,26.49,26.49,26.4,26.427,3077,0
KIM_M.US,60,20201218,220000,26.56,26.69,26.47,26.69,10475,0
KIM_M.US,60,20201221,160000,26.67,26.67,26.5946,26.6104,9811,0
KIM_M.US,60,20201221,170000,26.61,26.62,26.565,26.565,767,0
KIM_M.US,60,20201221,180000,26.64,26.64,26.62,26.63,4775,0
KIM_M.US,60,20201221,190000,26.64,26.64,26.64,26.64,364,0
KIM_M.US,60,20201221,200000,26.62,26.62,26.5607,26.5607,710,0
KIM_M.US,60,20201221,210000,26.568,26.568,26.568,26.568,1000,0
KIM_M.US,60,20201221,220000,26.59,26.63,26.59,26.63,1201,0
KIM_M.US,60,20201222,160000,26.63,26.63,26.63,26.63,403,0
KIM_M.US,60,20201222,170000,26.74,26.75,26.73,26.73,5008,0
KIM_M.US,60,20201222,180000,26.751,26.765,26.7488,26.7488,2341,0
KIM_M.US,60,20201222,190000,26.73,26.745,26.73,26.73,964,0
KIM_M.US,60,20201222,200000,26.72,26.7306,26.69,26.69,2706,0
KIM_M.US,60,20201222,210000,26.69,26.69,26.69,26.69,1693,0
KIM_M.US,60,20201222,220000,26.6,26.67,26.6,26.67,985,0
KIM_M.US,60,20201223,160000,26.76,26.76,26.76,26.76,422,0
KIM_M.US,60,20201223,180000,26.63,26.63,26.63,26.63,200,0
KIM_M.US,60,20201223,210000,26.635,26.6375,26.62,26.6375,1088,0
KIM_M.US,60,20201223,220000,26.65,26.65,26.63,26.63,1200,0
KIM_M.US,60,20201224,160000,26.74,26.74,26.72,26.72,335,0
KIM_M.US,60,20201224,170000,26.576,26.72,26.576,26.709,1663,0
KIM_M.US,60,20201224,180000,26.7,26.7,26.67,26.7,1615,0
KIM_M.US,60,20201224,190000,26.685,26.8028,26.685,26.7,25531,0
KIM_M.US,60,20201228,160000,26.78,26.78,26.72,26.75,4002,0
KIM_M.US,60,20201228,170000,26.75,26.8,26.75,26.77,9200,0
KIM_M.US,60,20201228,180000,26.77,26.8,26.75,26.78,5386,0
KIM_M.US,60,20201228,190000,26.78,26.78,26.78,26.78,1600,0
KIM_M.US,60,20201228,200000,26.79,26.82,26.79,26.82,10194,0
KIM_M.US,60,20201228,210000,26.8,26.81,26.78,26.81,2350,0
KIM_M.US,60,20201228,220000,26.79,26.8,26.73,26.8,1000,0
KIM_M.US,60,20201229,160000,26.82,26.82,26.82,26.82,1726,0
KIM_M.US,60,20201229,170000,26.82,26.82,26.82,26.82,1854,0
KIM_M.US,60,20201229,180000,26.82,26.85,26.775,26.83,2863,0
KIM_M.US,60,20201229,190000,26.84,26.9,26.84,26.84,3325,0
KIM_M.US,60,20201229,200000,26.84,26.89,26.75,26.89,5539,0
KIM_M.US,60,20201229,210000,26.89,26.9,26.88,26.895,3985,0
KIM_M.US,60,20201229,220000,26.8014,26.91,26.8014,26.91,880,0
KIM_M.US,60,20201230,160000,26.91,26.91,26.91,26.91,774,0
KIM_M.US,60,20201230,170000,26.91,26.95,26.91,26.9475,1339,0
KIM_M.US,60,20201230,180000,26.96,26.96,26.9414,26.96,2820,0
KIM_M.US,60,20201230,190000,26.95,26.95,26.9252,26.93,3214,0
KIM_M.US,60,20201230,200000,26.93,27.02,26.93,27.02,2996,0
KIM_M.US,60,20201230,210000,27.04,27.06,27.03,27.03,2520,0
KIM_M.US,60,20201230,220000,27.06,27.06,27.06,27.06,686,0
KIM_M.US,60,20201231,160000,26.73,26.73,26.73,26.73,945,0
KIM_M.US,60,20201231,170000,26.87,26.87,26.87,26.87,300,0
KIM_M.US,60,20201231,180000,26.815,26.86,26.7708,26.86,808,0
KIM_M.US,60,20201231,190000,26.84,26.87,26.84,26.8561,1611,0
KIM_M.US,60,20201231,200000,26.87,26.87,26.82,26.8325,1145,0
KIM_M.US,60,20201231,220000,26.74,26.78,26.6,26.61,17834,0
KIM_M.US,60,20210104,160000,26.76,26.76,26.65,26.73,979,0
KIM_M.US,60,20210104,170000,26.73,26.73,26.5642,26.65,7715,0
KIM_M.US,60,20210104,180000,26.595,26.595,26.4681,26.55,1449,0
KIM_M.US,60,20210104,190000,26.505,26.505,26.505,26.505,141,0
KIM_M.US,60,20210104,200000,26.51,26.55,26.4972,26.5,4122,0
KIM_M.US,60,20210104,220000,26.5122,26.5122,26.44,26.44,938,0
KIM_M.US,60,20210105,160000,26.61,26.61,26.61,26.61,586,0
KIM_M.US,60,20210105,170000,26.58,26.58,26.5645,26.57,1193,0
KIM_M.US,60,20210105,180000,26.57,26.58,26.55,26.58,1116,0
KIM_M.US,60,20210105,190000,26.58,26.58,26.57,26.58,2214,0
KIM_M.US,60,20210105,200000,26.55,26.55,26.523,26.523,3381,0
KIM_M.US,60,20210105,210000,26.505,26.5459,26.505,26.5459,10311,0
KIM_M.US,60,20210105,220000,26.4792,26.553,26.4792,26.553,570,0
KIM_M.US,60,20210106,160000,26.64,26.64,26.64,26.64,295,0
KIM_M.US,60,20210106,170000,26.33,26.33,26.15,26.17,1000,0
KIM_M.US,60,20210106,180000,26.14,26.14,25.71,25.71,3763,0
KIM_M.US,60,20210106,200000,25.92,25.92,25.92,25.92,126,0
KIM_M.US,60,20210106,210000,26.01,26.01,26.01,26.01,200,0
KIM_M.US,60,20210106,220000,26.05,26.19,26.05,26.19,605,0
KIM_M.US,60,20210107,160000,26.14,26.14,25.808,25.86,4760,0
KIM_M.US,60,20210107,170000,25.86,25.96,25.81,25.81,7773,0
KIM_M.US,60,20210107,180000,25.745,25.79,25.745,25.75,2568,0
KIM_M.US,60,20210107,190000,25.8776,25.8776,25.8776,25.8776,141,0
KIM_M.US,60,20210107,200000,25.96,25.96,25.96,25.96,102,0
KIM_M.US,60,20210107,220000,25.8,25.8,25.79,25.79,450,0
KIM_M.US,60,20210108,160000,26.01,26.01,26.01,26.01,161,0
KIM_M.US,60,20210108,170000,25.83,25.92,25.83,25.92,202,0
KIM_M.US,60,20210108,180000,25.97,25.97,25.97,25.97,120,0
KIM_M.US,60,20210108,190000,25.82,25.97,25.8,25.88,2100,0
KIM_M.US,60,20210108,200000,25.885,25.885,25.885,25.885,400,0
KIM_M.US,60,20210108,220000,25.855,25.97,25.855,25.97,467,0
KIM_M.US,60,20210111,160000,25.97,25.97,25.7799,25.7799,857,0
KIM_M.US,60,20210111,170000,25.7,25.7,25.6999,25.6999,359,0
KIM_M.US,60,20210111,180000,25.66,25.687,25.66,25.687,365,0
KIM_M.US,60,20210111,190000,25.705,25.705,25.694,25.694,852,0
KIM_M.US,60,20210111,200000,25.695,25.695,25.695,25.695,145,0
KIM_M.US,60,20210111,210000,25.7,25.71,25.67,25.67,1514,0
KIM_M.US,60,20210111,220000,25.7,25.72,25.67,25.72,1299,0
KIM_M.US,60,20210112,160000,25.71,25.71,25.67,25.69,2439,0
KIM_M.US,60,20210112,170000,25.67,25.705,25.67,25.705,4408,0
KIM_M.US,60,20210112,180000,25.67,25.7149,25.67,25.67,5841,0
KIM_M.US,60,20210112,190000,25.68,25.71,25.67,25.71,4487,0
KIM_M.US,60,20210112,200000,25.71,25.71,25.56,25.66,1429,0
KIM_M.US,60,20210112,210000,25.67,25.695,25.66,25.67,2724,0
KIM_M.US,60,20210112,220000,25.72,25.76,25.72,25.76,2879,0
KIM_M.US,60,20210113,160000,25.87,25.87,25.7932,25.7932,516,0
KIM_M.US,60,20210113,170000,25.99,25.99,25.79,25.9,1329,0
KIM_M.US,60,20210113,180000,25.9188,25.9188,25.9188,25.9188,119,0
KIM_M.US,60,20210113,190000,26.05,26.05,26.05,26.05,100,0
KIM_M.US,60,20210113,200000,26.06,26.06,26.03,26.045,6988,0
KIM_M.US,60,20210113,210000,26.045,26.05,26.04,26.045,4600,0
KIM_M.US,60,20210113,220000,26.05,26.05,25.99,25.99,19682,0
KIM_M.US,60,20210114,160000,26.09,26.09,26.09,26.09,668,0
KIM_M.US,60,20210114,170000,25.9781,25.9781,25.9781,25.9781,522,0
KIM_M.US,60,20210114,180000,26.015,26.09,26.015,26.09,3724,0
KIM_M.US,60,20210114,190000,26.09,26.09,26.07,26.07,1461,0
KIM_M.US,60,20210114,200000,26.0519,26.0519,26.0519,26.0519,159,0
KIM_M.US,60,20210114,210000,26.02,26.02,26.0085,26.0085,313,0
KIM_M.US,60,20210114,220000,26.02,26.02,25.97,25.97,5714,0
KIM_M.US,60,20210115,160000,26.03,26.05,26.03,26.05,1361,0
KIM_M.US,60,20210115,170000,26,26.05,25.946,26.05,7376,0
KIM_M.US,60,20210115,180000,25.9528,26.0196,25.95,25.97,762,0
KIM_M.US,60,20210115,190000,25.96,25.96,25.96,25.96,1914,0
KIM_M.US,60,20210115,200000,25.93,25.95,25.93,25.94,864,0
KIM_M.US,60,20210115,210000,25.95,25.95,25.94,25.94,322,0
KIM_M.US,60,20210115,220000,25.91,25.9498,25.91,25.91,3055,0
KIM_M.US,60,20210119,160000,25.91,25.91,25.89,25.9007,1723,0
KIM_M.US,60,20210119,170000,25.84,25.84,25.84,25.84,194,0
KIM_M.US,60,20210119,190000,25.905,25.905,25.905,25.905,160,0
KIM_M.US,60,20210119,200000,25.96,25.96,25.905,25.905,352,0
KIM_M.US,60,20210119,210000,25.9132,25.9132,25.87,25.87,621,0
KIM_M.US,60,20210119,220000,25.85,25.91,25.83,25.91,5860,0
KIM_M.US,60,20210120,160000,25.96,25.96,25.96,25.96,660,0
KIM_M.US,60,20210120,170000,25.96,25.96,25.94,25.94,1300,0
KIM_M.US,60,20210120,180000,25.96,26.04,25.96,25.9916,691,0
KIM_M.US,60,20210120,190000,25.93,26.08,25.93,26.04,3157,0
KIM_M.US,60,20210120,200000,26.0103,26.0103,26.0103,26.0103,1204,0
KIM_M.US,60,20210120,210000,25.9758,25.9758,25.9758,25.9758,174,0
KIM_M.US,60,20210120,220000,26.01,26.01,25.975,26.01,842,0
KIM_M.US,60,20210121,160000,26.01,26.01,26.01,26.01,325,0
KIM_M.US,60,20210121,170000,25.9,25.96,25.9,25.96,4899,0
KIM_M.US,60,20210121,180000,25.955,25.999,25.955,25.999,219,0
KIM_M.US,60,20210121,190000,25.9663,26,25.9663,26,311,0
KIM_M.US,60,20210121,200000,26.01,26.07,26.01,26.0528,2189,0
KIM_M.US,60,20210121,210000,26.0401,26.05,26.04,26.04,1230,0
KIM_M.US,60,20210121,220000,25.92,26.06,25.92,26.06,3793,0
KIM_M.US,60,20210122,160000,26.06,26.06,26.06,26.06,460,0
KIM_M.US,60,20210122,170000,26.08,26.12,26.08,26.12,1034,0
KIM_M.US,60,20210122,180000,26.12,26.1535,26.12,26.1535,700,0
KIM_M.US,60,20210122,190000,26.18,26.18,26.17,26.17,1488,0
KIM_M.US,60,20210122,200000,26.1531,26.1531,26.1531,26.1531,250,0
KIM_M.US,60,20210122,210000,26.155,26.193,26.155,26.193,280,0
KIM_M.US,60,20210122,220000,26.18,26.18,26.107,26.17,2504,0
KIM_M.US,60,20210125,160000,26.22,26.22,26.22,26.22,347,0
KIM_M.US,60,20210125,170000,26.1476,26.1476,26.0742,26.0742,1191,0
KIM_M.US,60,20210125,180000,26.1352,26.14,26.1352,26.14,305,0
KIM_M.US,60,20210125,200000,26.21,26.21,26.21,26.21,115,0
KIM_M.US,60,20210125,210000,26.2,26.21,26.2,26.21,839,0
KIM_M.US,60,20210125,220000,26.15,26.18,26.15,26.18,2002,0
KIM_M.US,60,20210126,160000,26.28,26.28,26.28,26.28,162,0
KIM_M.US,60,20210126,170000,26.23,26.24,26.22,26.24,1029,0
KIM_M.US,60,20210126,180000,26.25,26.25,26.25,26.25,150,0
KIM_M.US,60,20210126,190000,26.24,26.24,26.15,26.16,1664,0
KIM_M.US,60,20210126,200000,26.19,26.19,26.19,26.19,200,0
KIM_M.US,60,20210126,210000,26.21,26.225,26.21,26.2103,2200,0
KIM_M.US,60,20210126,220000,26.2296,26.23,26.195,26.2,2985,0
KIM_M.US,60,20210127,160000,26.27,26.27,26.27,26.27,414,0
KIM_M.US,60,20210127,170000,26.1198,26.1198,26.1198,26.1198,148,0
KIM_M.US,60,20210127,180000,26.21,26.21,26.1427,26.18,767,0
KIM_M.US,60,20210127,190000,26.18,26.18,26.16,26.16,1300,0
KIM_M.US,60,20210127,200000,26.19,26.19,26.16,26.1621,1313,0
KIM_M.US,60,20210127,210000,26.14,26.15,26.08,26.08,1956,0
KIM_M.US,60,20210127,220000,26.08,26.19,26.05,26.1142,2941,0
KIM_M.US,60,20210128,160000,26.19,26.19,26.19,26.19,473,0
KIM_M.US,60,20210128,170000,26.105,26.1353,26.105,26.1353,374,0
KIM_M.US,60,20210128,190000,26.05,26.095,26.05,26.095,272,0
KIM_M.US,60,20210128,210000,26.05,26.16,26.05,26.16,330,0
KIM_M.US,60,20210128,220000,26.105,26.16,26.105,26.16,1626,0
KIM_M.US,60,20210129,170000,26.0708,26.0708,26.0708,26.0708,250,0
KIM_M.US,60,20210129,180000,26.12,26.12,26.1,26.1,600,0
KIM_M.US,60,20210129,190000,26.16,26.16,26.0949,26.0949,1132,0
KIM_M.US,60,20210129,200000,26.12,26.125,26.12,26.125,536,0
KIM_M.US,60,20210129,220000,26.12,26.155,25.99,26.09,12645,0
KIM_M.US,60,20210201,160000,26.19,26.19,26.13,26.1399,803,0
KIM_M.US,60,20210201,170000,26.138,26.138,26.13,26.13,300,0
KIM_M.US,60,20210201,180000,26.14,26.14,26.13,26.13,981,0
KIM_M.US,60,20210201,190000,26.2999,26.2999,26.22,26.22,236,0
KIM_M.US,60,20210201,200000,26.2101,26.2145,26.1693,26.1979,13951,0
KIM_M.US,60,20210201,210000,26.1797,26.2,26.1797,26.2,1229,0
KIM_M.US,60,20210201,220000,26.2261,26.2261,26.17,26.17,600,0
KIM_M.US,60,20210202,160000,26.23,26.23,26.23,26.23,304,0
KIM_M.US,60,20210202,170000,26.24,26.24,26.1707,26.24,1346,0
KIM_M.US,60,20210202,180000,26.36,26.36,26.36,26.36,100,0
KIM_M.US,60,20210202,190000,26.3,26.3,26.3,26.3,145,0
KIM_M.US,60,20210202,200000,26.3,26.3,26.3,26.3,100,0
KIM_M.US,60,20210202,210000,26.27,26.27,26.23,26.23,5078,0
KIM_M.US,60,20210202,220000,26.2316,26.2316,26.22,26.22,2079,0
KIM_M.US,60,20210203,160000,26.28,26.28,26.28,26.28,474,0
KIM_M.US,60,20210203,190000,26.26,26.26,26.26,26.26,173,0
KIM_M.US,60,20210203,200000,26.2,26.24,26.2,26.215,1271,0
KIM_M.US,60,20210203,210000,26.2268,26.26,26.2268,26.2595,1743,0
KIM_M.US,60,20210203,220000,26.2135,26.28,26.2,26.28,10910,0
KIM_M.US,60,20210204,160000,26.13,26.13,26.05,26.05,2283,0
KIM_M.US,60,20210204,170000,26.05,26.1474,26.05,26.1321,1461,0
KIM_M.US,60,20210204,180000,26.11,26.28,26.11,26.182,1183,0
KIM_M.US,60,20210204,190000,26.25,26.25,26.193,26.193,500,0
KIM_M.US,60,20210204,200000,26.2414,26.27,26.2414,26.27,458,0
KIM_M.US,60,20210204,210000,26.28,26.28,26.28,26.28,500,0
KIM_M.US,60,20210204,220000,26.255,26.32,26.21,26.32,1916,0
KIM_M.US,60,20210205,160000,26.32,26.32,26.205,26.205,546,0
KIM_M.US,60,20210205,170000,26.1904,26.32,26.1904,26.32,800,0
KIM_M.US,60,20210205,180000,26.19,26.19,26.19,26.19,203,0
KIM_M.US,60,20210205,190000,26.21,26.285,26.166,26.166,873,0
KIM_M.US,60,20210205,200000,26.1328,26.2395,26.1328,26.2395,536,0
KIM_M.US,60,20210205,210000,26.225,26.31,26.225,26.28,726,0
KIM_M.US,60,20210205,220000,26.285,26.41,26.18,26.34,1000,0
KIM_M.US,60,20210208,160000,26.42,26.42,26.4,26.4,313,0
KIM_M.US,60,20210208,170000,26.3,26.3,26.3,26.3,171,0
KIM_M.US,60,20210208,180000,26.3288,26.3405,26.3288,26.3405,846,0
KIM_M.US,60,20210208,190000,26.315,26.315,26.2657,26.2657,535,0
KIM_M.US,60,20210208,210000,26.33,26.33,26.28,26.28,335,0
KIM_M.US,60,20210208,220000,26.31,26.41,26.31,26.36,1317,0
KIM_M.US,60,20210209,160000,26.39,26.39,26.39,26.39,171,0
KIM_M.US,60,20210209,170000,26.2912,26.31,26.285,26.31,438,0
KIM_M.US,60,20210209,180000,26.38,26.41,26.31,26.4,1030,0
KIM_M.US,60,20210209,190000,26.345,26.345,26.29,26.29,300,0
KIM_M.US,60,20210209,200000,26.48,26.48,26.34,26.414,810,0
KIM_M.US,60,20210209,210000,26.405,26.425,26.405,26.425,728,0
KIM_M.US,60,20210209,220000,26.425,26.48,26.37,26.48,664,0
KIM_M.US,60,20210210,160000,26.48,26.48,26.48,26.48,493,0
KIM_M.US,60,20210210,170000,26.33,26.3342,26.33,26.33,1350,0
KIM_M.US,60,20210210,180000,26.39,26.39,26.39,26.39,104,0
KIM_M.US,60,20210210,190000,26.49,26.49,26.49,26.49,131,0
KIM_M.US,60,20210210,200000,26.3938,26.3982,26.3938,26.3982,813,0
KIM_M.US,60,20210210,210000,26.33,26.33,26.33,26.33,137,0
KIM_M.US,60,20210211,160000,26.41,26.41,26.41,26.41,143,0
KIM_M.US,60,20210211,170000,26.36,26.365,26.33,26.365,721,0
KIM_M.US,60,20210211,180000,26.37,26.37,26.348,26.355,771,0
KIM_M.US,60,20210211,190000,26.3664,26.3664,26.3664,26.3664,225,0
KIM_M.US,60,20210211,220000,26.2909,26.3576,26.2901,26.315,855,0
KIM_M.US,60,20210212,160000,26.35,26.35,26.35,26.35,300,0
KIM_M.US,60,20210212,170000,26.22,26.2599,26.22,26.22,667,0
KIM_M.US,60,20210212,180000,26.29,26.29,26.25,26.25,335,0
KIM_M.US,60,20210212,190000,26.25,26.2724,26.21,26.2476,4060,0
KIM_M.US,60,20210212,220000,26.33,26.33,26.31,26.31,1190,0
KIM_M.US,60,20210216,160000,26.26,26.26,26.26,26.26,370,0
KIM_M.US,60,20210216,170000,26.03,26.119,26.03,26.119,213,0
KIM_M.US,60,20210216,180000,26.1784,26.1784,26.1784,26.1784,339,0
KIM_M.US,60,20210216,190000,26.17,26.218,26.17,26.17,845,0
KIM_M.US,60,20210216,200000,26.1752,26.26,26.1752,26.26,256,0
KIM_M.US,60,20210216,210000,26.1284,26.1284,26.1284,26.1284,317,0
KIM_M.US,60,20210216,220000,26.1001,26.26,26.02,26.02,5511,0
KIM_M.US,60,20210217,160000,26.09,26.09,25.9,25.9,4609,0
KIM_M.US,60,20210217,170000,25.9,25.9,25.72,25.72,7893,0
KIM_M.US,60,20210217,180000,25.75,25.78,25.72,25.78,6042,0
KIM_M.US,60,20210217,190000,25.72,25.81,25.72,25.72,3343,0
KIM_M.US,60,20210217,200000,25.73,25.97,25.73,25.97,3990,0
KIM_M.US,60,20210217,210000,25.87,25.87,25.7,25.7,3842,0
KIM_M.US,60,20210217,220000,25.7,25.87,25.695,25.87,9315,0
KIM_M.US,60,20210218,160000,25.83,25.83,25.7,25.7,418,0
KIM_M.US,60,20210218,170000,25.74,25.74,25.7,25.72,1513,0
KIM_M.US,60,20210218,180000,25.775,25.775,25.775,25.775,104,0
KIM_M.US,60,20210218,190000,25.7777,25.7777,25.7777,25.7777,181,0
KIM_M.US,60,20210218,200000,25.85,25.85,25.85,25.85,578,0
KIM_M.US,60,20210218,210000,25.9,25.9,25.9,25.9,200,0
KIM_M.US,60,20210218,220000,25.92,25.92,25.92,25.92,773,0
KIM_M.US,60,20210219,170000,25.85,25.85,25.85,25.85,200,0
KIM_M.US,60,20210219,180000,25.85,25.8828,25.85,25.88,3218,0
KIM_M.US,60,20210219,190000,25.8754,25.8754,25.8754,25.8754,256,0
KIM_M.US,60,20210219,200000,25.87,25.8986,25.87,25.889,572,0
KIM_M.US,60,20210219,210000,25.92,25.92,25.92,25.92,133,0
KIM_M.US,60,20210219,220000,25.92,25.97,25.92,25.97,3365,0
KIM_M.US,60,20210222,160000,25.878,25.878,25.878,25.878,175,0
KIM_M.US,60,20210222,180000,25.935,25.935,25.935,25.935,124,0
KIM_M.US,60,20210222,190000,25.95,25.97,25.93,25.97,1500,0
KIM_M.US,60,20210222,200000,25.97,25.97,25.9547,25.97,1124,0
KIM_M.US,60,20210222,210000,25.9572,25.9572,25.955,25.955,279,0
KIM_M.US,60,20210222,220000,26.01,26.07,26.01,26.07,1602,0
KIM_M.US,60,20210223,170000,25.94,25.94,25.94,25.94,1100,0
KIM_M.US,60,20210223,180000,25.947,25.965,25.947,25.965,347,0
KIM_M.US,60,20210223,190000,25.975,25.975,25.975,25.975,200,0
KIM_M.US,60,20210223,210000,26.0194,26.0194,26.0194,26.0194,175,0
KIM_M.US,60,20210223,220000,25.94,26.06,25.94,26.06,1247,0
KIM_M.US,60,20210224,160000,25.95,25.95,25.78,25.78,809,0
KIM_M.US,60,20210224,170000,25.81,25.81,25.81,25.81,2900,0
KIM_M.US,60,20210224,180000,25.81,25.845,25.785,25.845,3756,0
KIM_M.US,60,20210224,190000,25.81,25.81,25.7609,25.7609,503,0
KIM_M.US,60,20210224,200000,25.823,25.85,25.823,25.85,447,0
KIM_M.US,60,20210224,210000,25.8075,25.8075,25.8075,25.8075,100,0
KIM_M.US,60,20210224,220000,25.79,25.93,25.76,25.93,1570,0
KIM_M.US,60,20210225,160000,25.83,25.83,25.7,25.7,1543,0
KIM_M.US,60,20210225,170000,25.6694,25.6694,25.62,25.62,700,0
KIM_M.US,60,20210225,180000,25.655,25.69,25.57,25.57,5488,0
KIM_M.US,60,20210225,190000,25.685,25.685,25.57,25.57,1425,0
KIM_M.US,60,20210225,200000,25.57,25.7588,25.57,25.7588,1404,0
KIM_M.US,60,20210225,210000,25.695,25.7,25.64,25.64,5400,0
KIM_M.US,60,20210225,220000,25.7,25.86,25.64,25.86,1517,0
KIM_M.US,60,20210226,160000,25.86,25.86,25.6554,25.6667,1505,0
KIM_M.US,60,20210226,170000,25.745,25.7521,25.74,25.7521,2300,0
KIM_M.US,60,20210226,180000,25.75,25.75,25.75,25.75,582,0
KIM_M.US,60,20210226,190000,25.7892,25.7892,25.7688,25.785,834,0
KIM_M.US,60,20210226,200000,25.7663,25.8,25.75,25.75,545,0
KIM_M.US,60,20210226,210000,25.75,25.75,25.75,25.75,1100,0
KIM_M.US,60,20210226,220000,25.83,25.83,25.69,25.69,5339,0
KIM_M.US,60,20210301,160000,25.71,25.71,25.71,25.71,163,0
KIM_M.US,60,20210301,180000,25.77,25.7854,25.75,25.775,1336,0
KIM_M.US,60,20210301,190000,25.789,25.8404,25.77,25.82,1666,0
KIM_M.US,60,20210301,200000,25.825,25.93,25.825,25.8987,2383,0
KIM_M.US,60,20210301,210000,25.8789,25.95,25.8789,25.95,1955,0
KIM_M.US,60,20210301,220000,25.95,26.02,25.922,26.02,1408,0
KIM_M.US,60,20210302,160000,26.02,26.02,26.02,26.02,204,0
KIM_M.US,60,20210302,180000,25.96,25.96,25.96,25.96,124,0
KIM_M.US,60,20210302,190000,25.99,26.03,25.99,26.03,1080,0
KIM_M.US,60,20210302,200000,26.03,26.13,26.03,26.13,806,0
KIM_M.US,60,20210302,210000,26.1169,26.1169,26.11,26.11,343,0
KIM_M.US,60,20210302,220000,26.065,26.065,26.01,26.01,324,0
KIM_M.US,60,20210303,160000,25.91,25.91,25.87,25.88,2572,0
KIM_M.US,60,20210303,170000,25.89,26.025,25.81,25.96,2054,0
KIM_M.US,60,20210303,180000,26.024,26.024,25.94,25.94,214,0
KIM_M.US,60,20210303,190000,25.91,25.91,25.91,25.91,100,0
KIM_M.US,60,20210303,200000,26.0357,26.05,26,26,1068,0
KIM_M.US,60,20210303,210000,26,26.0393,26,26.0393,431,0
KIM_M.US,60,20210303,220000,26.045,26.05,25.81,25.81,1180,0
KIM_M.US,60,20210304,160000,25.95,26.09,25.95,26.09,200,0
KIM_M.US,60,20210304,180000,26.09,26.09,26.09,26.09,104,0
KIM_M.US,60,20210304,190000,26.11,26.11,26.11,26.11,132,0
KIM_M.US,60,20210304,200000,26.11,26.11,26.05,26.05,15302,0
KIM_M.US,60,20210304,210000,26.05,26.12,25.98,25.98,2555,0
KIM_M.US,60,20210304,220000,26.053,26.07,25.98,26,3567,0
KIM_M.US,60,20210305,160000,26,26,25.94,25.95,1907,0
KIM_M.US,60,20210305,170000,25.99,25.99,25.99,25.99,100,0
KIM_M.US,60,20210305,180000,26.02,26.02,25.995,26.02,493,0
KIM_M.US,60,20210305,190000,25.97,26.13,25.96,26.1,1362,0
KIM_M.US,60,20210305,200000,26.03,26.11,26.03,26.11,1100,0
KIM_M.US,60,20210305,210000,26.11,26.11,26.0313,26.11,4989,0
KIM_M.US,60,20210305,220000,26.06,26.29,26.06,26.13,4690,0
KIM_M.US,60,20210308,160000,26.13,26.13,26.13,26.13,296,0
KIM_M.US,60,20210308,170000,26.096,26.15,26.096,26.15,1200,0
KIM_M.US,60,20210308,180000,26.1,26.1,26.1,26.1,300,0
KIM_M.US,60,20210308,190000,26.09,26.1234,26.08,26.08,757,0
KIM_M.US,60,20210308,210000,26.09,26.129,26.08,26.1,3274,0
KIM_M.US,60,20210308,220000,26.11,26.14,26.1,26.11,2561,0
KIM_M.US,60,20210309,160000,26.15,26.15,26.15,26.15,1814,0
KIM_M.US,60,20210309,170000,26.27,26.27,26.17,26.17,303,0
KIM_M.US,60,20210309,180000,26.19,26.19,26.17,26.19,400,0
KIM_M.US,60,20210309,190000,26.19,26.2899,26.16,26.16,683,0
KIM_M.US,60,20210309,200000,26.17,26.17,26.17,26.17,100,0
KIM_M.US,60,20210309,210000,26.17,26.29,26.17,26.17,919,0
KIM_M.US,60,20210309,220000,26.18,26.2191,26.16,26.16,472,0
KIM_M.US,60,20210310,160000,26.16,26.2048,26.16,26.2048,477,0
KIM_M.US,60,20210310,170000,26.19,26.21,26.18,26.21,400,0
KIM_M.US,60,20210310,180000,26.19,26.22,26.19,26.22,200,0
KIM_M.US,60,20210310,190000,26.24,26.27,26.18,26.19,600,0
KIM_M.US,60,20210310,200000,26.33,26.33,26.2,26.2,897,0
KIM_M.US,60,20210310,210000,26.26,26.26,26.19,26.19,240,0
KIM_M.US,60,20210310,220000,26.32,26.34,26.15,26.15,3000,0
KIM_M.US,60,20210311,160000,26.17,26.17,26.17,26.17,659,0
KIM_M.US,60,20210311,170000,26.2654,26.323,26.21,26.323,1250,0
KIM_M.US,60,20210311,180000,26.3,26.31,26.29,26.3,843,0
KIM_M.US,60,20210311,190000,26.32,26.32,26.25,26.315,632,0
KIM_M.US,60,20210311,200000,26.2908,26.2908,26.25,26.25,1000,0
KIM_M.US,60,20210311,210000,26.25,26.3276,26.25,26.26,506,0
KIM_M.US,60,20210311,220000,26.3,26.3075,26.19,26.19,1407,0
KIM_M.US,60,20210312,160000,26.12,26.12,26.12,26.12,123,0
KIM_M.US,60,20210312,170000,26.1302,26.26,26.12,26.12,1064,0
KIM_M.US,60,20210312,180000,26.216,26.216,26.13,26.13,400,0
KIM_M.US,60,20210312,190000,26.14,26.16,26.14,26.1501,313,0
KIM_M.US,60,20210312,200000,26.15,26.16,26.15,26.16,400,0
KIM_M.US,60,20210312,210000,26.16,26.1984,26.11,26.19,5716,0
KIM_M.US,60,20210312,220000,26.13,26.15,26.13,26.15,1117,0
KIM_M.US,60,20210315,150000,26.15,26.15,26.15,26.15,157,0
KIM_M.US,60,20210315,170000,26.25,26.25,26.245,26.245,3620,0
KIM_M.US,60,20210315,180000,26.24,26.24,26.21,26.21,1645,0
KIM_M.US,60,20210315,200000,26.3,26.3,26.3,26.3,1595,0
KIM_M.US,60,20210315,210000,26.2714,26.3,26.261,26.29,3906,0
KIM_M.US,60,20210316,150000,26.06,26.1,26.06,26.1,2824,0
KIM_M.US,60,20210316,160000,26.1862,26.21,26.1862,26.21,360,0
KIM_M.US,60,20210316,170000,26.25,26.29,26.2265,26.23,2961,0
KIM_M.US,60,20210316,180000,26.22,26.22,26.22,26.22,229,0
KIM_M.US,60,20210316,190000,26.36,26.361,26.34,26.355,2274,0
KIM_M.US,60,20210316,200000,26.37,26.37,26.355,26.356,4072,0
KIM_M.US,60,20210316,210000,26.38,26.48,26.37,26.4,3703,0
KIM_M.US,60,20210317,150000,26.48,26.48,26.45,26.45,872,0
KIM_M.US,60,20210317,160000,26.4521,26.4521,26.429,26.45,900,0
KIM_M.US,60,20210317,170000,26.45,26.45,26.38,26.41,4725,0
KIM_M.US,60,20210317,180000,26.44,26.44,26.42,26.42,399,0
KIM_M.US,60,20210317,190000,26.48,26.5,26.439,26.5,2489,0
KIM_M.US,60,20210317,210000,26.43,26.43,26.34,26.34,1646,0
KIM_M.US,60,20210318,150000,26.3,26.3,26.3,26.3,1073,0
KIM_M.US,60,20210318,160000,26.15,26.25,26.15,26.25,1912,0
KIM_M.US,60,20210318,170000,26.17,26.26,26.17,26.26,475,0
KIM_M.US,60,20210318,180000,26.215,26.26,26.1979,26.26,4437,0
KIM_M.US,60,20210318,190000,26.19,26.225,26.17,26.19,822,0
KIM_M.US,60,20210318,200000,26.2,26.2,26.19,26.195,1025,0
KIM_M.US,60,20210318,210000,26.1979,26.1979,26.15,26.15,4469,0
KIM_M.US,60,20210319,150000,26.24,26.24,26.17,26.17,315,0
KIM_M.US,60,20210319,160000,26.16,26.16,26.16,26.16,104,0
KIM_M.US,60,20210319,190000,26.2,26.2,26.2,26.2,100,0
KIM_M.US,60,20210319,200000,26.145,26.145,26.145,26.145,383,0
KIM_M.US,60,20210319,210000,26.179,26.2,26.179,26.2,1318,0
KIM_M.US,60,20210322,150000,26.22,26.25,26.22,26.23,2200,0
KIM_M.US,60,20210322,160000,26.32,26.325,26.29,26.325,569,0
KIM_M.US,60,20210322,170000,26.29,26.29,26.29,26.29,100,0
KIM_M.US,60,20210322,180000,26.36,26.369,26.36,26.369,225,0
KIM_M.US,60,20210322,190000,26.381,26.42,26.381,26.41,5458,0
KIM_M.US,60,20210322,200000,26.42,26.42,26.4034,26.4034,961,0
KIM_M.US,60,20210322,210000,26.5,26.5,26.4,26.4,2600,0
KIM_M.US,60,20210323,150000,26.31,26.31,26.27,26.3,1332,0
KIM_M.US,60,20210323,160000,26.3,26.35,26.3,26.33,1439,0
KIM_M.US,60,20210323,170000,26.3999,26.4,26.3999,26.4,444,0
KIM_M.US,60,20210323,180000,26.3736,26.3736,26.3736,26.3736,189,0
KIM_M.US,60,20210323,190000,26.35,26.35,26.35,26.35,178,0
KIM_M.US,60,20210323,200000,26.358,26.358,26.358,26.358,338,0
KIM_M.US,60,20210323,210000,26.408,26.408,26.4,26.4,389,0
KIM_M.US,60,20210324,150000,26.49,26.49,26.49,26.49,254,0
KIM_M.US,60,20210324,160000,26.5104,26.55,26.5104,26.53,503,0
KIM_M.US,60,20210324,170000,26.561,26.59,26.555,26.59,3159,0
KIM_M.US,60,20210324,180000,26.61,26.6699,26.61,26.64,801,0
KIM_M.US,60,20210324,200000,26.72,26.72,26.5101,26.5101,645,0
KIM_M.US,60,20210324,210000,26.7,26.7,26.49,26.49,1382,0
KIM_M.US,60,20210325,150000,26.49,26.49,26.49,26.49,1240,0
KIM_M.US,60,20210325,160000,26.58,26.58,26.58,26.58,500,0
KIM_M.US,60,20210325,170000,26.605,26.605,26.605,26.605,1038,0
KIM_M.US,60,20210325,180000,26.6006,26.66,26.6006,26.6427,3985,0
KIM_M.US,60,20210325,190000,26.66,26.66,26.65,26.65,3230,0
KIM_M.US,60,20210325,210000,26.665,26.68,26.665,26.68,723,0
KIM_M.US,60,20210326,150000,26.74,26.74,26.5646,26.5646,437,0
KIM_M.US,60,20210326,160000,26.6173,26.642,26.6003,26.642,860,0
KIM_M.US,60,20210326,170000,26.7,26.7,26.7,26.7,947,0
KIM_M.US,60,20210326,180000,26.74,26.75,26.74,26.75,525,0
KIM_M.US,60,20210326,190000,26.7321,26.7321,26.731,26.7321,500,0
KIM_M.US,60,20210326,200000,26.75,26.76,26.7,26.7,611,0
KIM_M.US,60,20210329,170000,26.6689,26.6689,26.6689,26.6689,254,0
KIM_M.US,60,20210329,180000,26.63,26.63,26.63,26.63,100,0
KIM_M.US,60,20210329,190000,26.64,26.67,26.64,26.67,200,0
KIM_M.US,60,20210329,210000,26.69,26.69,26.69,26.69,200,0
KIM_M.US,60,20210329,220000,26.62,26.7,26.62,26.7,429,0
KIM_M.US,60,20210330,160000,26.7,26.7,26.7,26.7,304,0
KIM_M.US,60,20210330,170000,26.64,26.7,26.64,26.685,845,0
KIM_M.US,60,20210330,180000,26.685,26.685,26.675,26.675,441,0
KIM_M.US,60,20210330,190000,26.7,26.7,26.7,26.7,127,0
KIM_M.US,60,20210330,200000,26.7,26.7,26.6888,26.7,458,0
KIM_M.US,60,20210330,210000,26.7,26.7,26.694,26.7,2477,0
KIM_M.US,60,20210330,220000,26.715,26.73,26.67,26.67,1887,0
KIM_M.US,60,20210331,160000,26.48,26.48,26.48,26.48,692,0
KIM_M.US,60,20210331,170000,26.505,26.505,26.46,26.46,1404,0
KIM_M.US,60,20210331,180000,26.51,26.51,26.51,26.51,123,0
KIM_M.US,60,20210331,190000,26.54,26.54,26.54,26.54,290,0
KIM_M.US,60,20210331,200000,26.56,26.56,26.525,26.5307,470,0
KIM_M.US,60,20210331,210000,26.54,26.54,26.53,26.53,823,0
KIM_M.US,60,20210331,220000,26.5577,26.62,26.33,26.33,18681,0
KIM_M.US,60,20210401,160000,26.4,26.62,26.4,26.61,548,0
KIM_M.US,60,20210401,170000,26.52,26.63,26.52,26.63,1294,0
KIM_M.US,60,20210401,190000,26.64,26.64,26.64,26.64,400,0
KIM_M.US,60,20210401,200000,26.61,26.61,26.61,26.61,216,0
KIM_M.US,60,20210401,220000,26.65,26.65,26.65,26.65,6476,0
KIM_M.US,60,20210405,160000,26.67,26.76,26.67,26.76,2148,0
KIM_M.US,60,20210405,180000,26.71,26.752,26.71,26.752,805,0
KIM_M.US,60,20210405,190000,26.748,26.7577,26.73,26.7577,585,0
KIM_M.US,60,20210405,210000,26.6725,26.7577,26.61,26.7577,2001,0
KIM_M.US,60,20210405,220000,26.75,26.7599,26.55,26.55,2812,0
KIM_M.US,60,20210406,160000,26.6,26.69,26.6,26.65,955,0
KIM_M.US,60,20210406,170000,26.75,26.75,26.655,26.655,274,0
KIM_M.US,60,20210406,180000,26.77,26.77,26.77,26.77,100,0
KIM_M.US,60,20210406,190000,26.71,26.781,26.71,26.77,2516,0
KIM_M.US,60,20210406,200000,26.715,26.88,26.631,26.724,14331,0
KIM_M.US,60,20210406,210000,26.7102,26.88,26.7102,26.79,17703,0
KIM_M.US,60,20210406,220000,26.77,26.86,26.66,26.66,4023,0
KIM_M.US,60,20210407,160000,26.75,26.87,26.75,26.76,1389,0
KIM_M.US,60,20210407,170000,26.78,26.86,26.77,26.805,3364,0
KIM_M.US,60,20210407,180000,26.8,26.84,26.67,26.775,2753,0
KIM_M.US,60,20210407,190000,26.71,26.745,26.65,26.65,767,0
KIM_M.US,60,20210407,200000,26.65,26.66,26.65,26.66,1000,0
KIM_M.US,60,20210407,210000,26.66,26.745,26.58,26.58,3733,0
KIM_M.US,60,20210407,220000,26.58,26.7,26.56,26.56,8014,0
KIM_M.US,60,20210408,160000,26.59,26.59,26.58,26.58,200,0
KIM_M.US,60,20210408,170000,26.58,26.6976,26.58,26.6976,219,0
KIM_M.US,60,20210408,180000,26.68,26.68,26.68,26.68,119,0
KIM_M.US,60,20210408,190000,26.6532,26.6532,26.6,26.62,488,0
KIM_M.US,60,20210408,200000,26.75,26.76,26.7,26.74,8346,0
KIM_M.US,60,20210408,210000,26.74,26.75,26.74,26.75,12804,0
KIM_M.US,60,20210408,220000,26.74,26.77,26.71,26.71,9149,0
KIM_M.US,60,20210409,160000,26.79,26.79,26.79,26.79,120,0
KIM_M.US,60,20210409,170000,26.57,26.79,26.56,26.67,2400,0
KIM_M.US,60,20210409,180000,26.57,26.715,26.56,26.6019,3649,0
KIM_M.US,60,20210409,200000,26.62,26.62,26.62,26.62,200,0
KIM_M.US,60,20210409,210000,26.61,26.62,26.6,26.62,823,0
KIM_M.US,60,20210409,220000,26.68,26.73,26.61,26.67,4770,0
KIM_M.US,60,20210412,160000,26.79,26.79,26.79,26.79,200,0
KIM_M.US,60,20210412,180000,26.73,26.79,26.73,26.79,800,0
KIM_M.US,60,20210412,190000,26.715,26.715,26.71,26.71,1100,0
KIM_M.US,60,20210412,200000,26.73,26.78,26.73,26.78,1086,0
KIM_M.US,60,20210412,210000,26.75,26.75,26.7,26.71,1226,0
KIM_M.US,60,20210412,220000,26.745,26.7641,26.72,26.7205,1927,0
KIM_M.US,60,20210413,160000,26.75,26.75,26.75,26.75,300,0
KIM_M.US,60,20210413,170000,26.688,26.688,26.688,26.688,231,0
KIM_M.US,60,20210413,190000,26.66,26.72,26.6583,26.72,318,0
KIM_M.US,60,20210413,200000,26.7748,26.8,26.76,26.77,2075,0
KIM_M.US,60,20210413,220000,26.79,26.8,26.65,26.65,1522,0
KIM_M.US,60,20210414,160000,26.69,26.79,26.67,26.79,902,0
KIM_M.US,60,20210414,170000,26.79,26.795,26.75,26.75,6064,0
KIM_M.US,60,20210414,180000,26.75,26.75,26.75,26.75,500,0
KIM_M.US,60,20210414,190000,26.745,26.745,26.7259,26.7259,357,0
KIM_M.US,60,20210414,200000,26.67,26.7278,26.67,26.7278,1191,0
KIM_M.US,60,20210414,210000,26.7546,26.7546,26.7546,26.7546,490,0
KIM_M.US,60,20210414,220000,26.75,26.75,26.68,26.68,742,0
KIM_M.US,60,20210415,160000,26.8,26.8,26.755,26.755,858,0
KIM_M.US,60,20210415,170000,26.691,26.7,26.691,26.7,300,0
KIM_M.US,60,20210415,180000,26.61,26.8019,26.61,26.8019,63178,0
KIM_M.US,60,20210415,190000,26.6468,26.8,26.6468,26.8,350,0
KIM_M.US,60,20210415,200000,26.8,26.8,26.64,26.64,200,0
KIM_M.US,60,20210415,210000,26.8184,26.8184,26.68,26.68,459,0
KIM_M.US,60,20210415,220000,26.71,26.71,26.7023,26.7023,268,0
KIM_M.US,60,20210416,160000,26.69,26.75,26.69,26.75,724,0
KIM_M.US,60,20210416,170000,26.75,26.7572,26.75,26.7572,370,0
KIM_M.US,60,20210416,210000,26.7983,26.7983,26.738,26.796,582,0
KIM_M.US,60,20210416,220000,26.7,26.71,26.69,26.7,8170,0
KIM_M.US,60,20210419,160000,26.69,26.69,26.69,26.69,677,0
KIM_M.US,60,20210419,170000,26.71,26.75,26.71,26.75,872,0
KIM_M.US,60,20210419,180000,26.7505,26.7505,26.7505,26.7505,121,0
KIM_M.US,60,20210419,190000,26.6285,26.6285,26.6285,26.6285,163,0
KIM_M.US,60,20210419,200000,26.65,26.65,26.65,26.65,100,0
KIM_M.US,60,20210419,220000,26.66,26.705,26.65,26.65,1065,0
KIM_M.US,60,20210420,170000,26.7,26.7999,26.62,26.62,1478,0
KIM_M.US,60,20210420,180000,26.6,26.63,26.6,26.63,1778,0
KIM_M.US,60,20210420,210000,26.64,26.7166,26.62,26.62,2087,0
KIM_M.US,60,20210420,220000,26.62,26.68,26.6,26.63,3520,0
KIM_M.US,60,20210421,170000,26.6504,26.8301,26.6504,26.8301,361,0
KIM_M.US,60,20210421,180000,26.747,26.8479,26.67,26.67,684,0
KIM_M.US,60,20210421,200000,26.7369,26.76,26.7369,26.76,362,0
KIM_M.US,60,20210421,210000,26.68,26.715,26.67,26.7,638,0
KIM_M.US,60,20210421,220000,26.72,26.74,26.72,26.74,3664,0
KIM_M.US,60,20210422,170000,26.75,26.75,26.75,26.75,780,0
KIM_M.US,60,20210422,180000,26.71,26.757,26.71,26.7487,883,0
KIM_M.US,60,20210422,190000,26.72,26.72,26.72,26.72,109,0
KIM_M.US,60,20210422,200000,26.7656,26.79,26.72,26.72,3708,0
KIM_M.US,60,20210422,210000,26.71,26.72,26.65,26.71,1208,0
KIM_M.US,60,20210422,220000,26.6772,26.75,26.6772,26.75,2191,0
KIM_M.US,60,20210423,160000,26.76,26.76,26.76,26.76,200,0
KIM_M.US,60,20210423,170000,26.75,26.76,26.75,26.76,1199,0
KIM_M.US,60,20210423,180000,26.8,26.8,26.8,26.8,300,0
KIM_M.US,60,20210423,190000,26.7999,26.7999,26.75,26.76,359,0
KIM_M.US,60,20210423,200000,26.8309,26.84,26.8309,26.835,954,0
KIM_M.US,60,20210423,210000,26.8301,26.8407,26.83,26.83,6019,0
KIM_M.US,60,20210423,220000,26.83,26.83,26.83,26.83,188,0
KIM_M.US,60,20210426,160000,26.79,26.84,26.79,26.84,393,0
KIM_M.US,60,20210426,170000,26.78,26.78,26.78,26.78,200,0
KIM_M.US,60,20210426,180000,26.76,26.791,26.75,26.75,3018,0
KIM_M.US,60,20210426,190000,26.75,26.75,26.73,26.732,7552,0
KIM_M.US,60,20210426,200000,26.7318,26.785,26.7318,26.75,3250,0
KIM_M.US,60,20210426,210000,26.75,26.76,26.7242,26.7242,7470,0
KIM_M.US,60,20210426,220000,26.7494,26.83,26.7494,26.75,4144,0
KIM_M.US,60,20210427,160000,26.75,26.76,26.75,26.76,436,0
KIM_M.US,60,20210427,170000,26.76,26.76,26.76,26.76,400,0
KIM_M.US,60,20210427,180000,26.8,26.8,26.726,26.76,1378,0
KIM_M.US,60,20210427,190000,26.8173,26.8173,26.8173,26.8173,214,0
KIM_M.US,60,20210427,200000,26.73,26.79,26.68,26.68,11044,0
KIM_M.US,60,20210427,210000,26.68,26.68,26.68,26.68,534,0
KIM_M.US,60,20210427,220000,26.65,26.66,26.6453,26.66,1412,0
KIM_M.US,60,20210428,160000,26.63,26.63,26.63,26.63,358,0
KIM_M.US,60,20210428,170000,26.74,26.74,26.74,26.74,262,0
KIM_M.US,60,20210428,180000,26.675,26.675,26.5406,26.5406,13792,0
KIM_M.US,60,20210428,190000,26.55,26.63,26.52,26.63,17310,0
KIM_M.US,60,20210428,200000,26.551,26.551,26.551,26.551,750,0
KIM_M.US,60,20210428,210000,26.64,26.64,26.55,26.55,400,0
KIM_M.US,60,20210428,220000,26.635,26.635,26.635,26.635,200,0
KIM_M.US,60,20210429,160000,26.57,26.57,26.57,26.57,1344,0
KIM_M.US,60,20210429,170000,26.56,26.6105,26.53,26.6105,1842,0
KIM_M.US,60,20210429,180000,26.53,26.53,26.53,26.53,200,0
KIM_M.US,60,20210429,190000,26.52,26.6078,26.52,26.6078,3796,0
KIM_M.US,60,20210429,200000,26.632,26.6644,26.61,26.61,2012,0
KIM_M.US,60,20210429,210000,26.62,26.62,26.62,26.62,600,0
KIM_M.US,60,20210429,220000,26.621,26.621,26.62,26.62,7422,0
KIM_M.US,60,20210430,160000,26.48,26.6,26.48,26.6,6328,0
KIM_M.US,60,20210430,170000,26.6,26.62,26.6,26.62,4210,0
KIM_M.US,60,20210430,180000,26.615,26.615,26.6,26.6,4652,0
KIM_M.US,60,20210430,190000,26.6,26.63,26.6,26.63,1000,0
KIM_M.US,60,20210430,200000,26.61,26.61,26.59,26.6,3594,0
KIM_M.US,60,20210430,210000,26.6,26.63,26.6,26.63,2462,0
KIM_M.US,60,20210430,220000,26.63,26.66,26.63,26.64,18716,0
KIM_M.US,60,20210503,160000,26.57,26.659,26.57,26.64,1302,0
KIM_M.US,60,20210503,190000,26.53,26.53,26.5,26.5,702,0
KIM_M.US,60,20210503,210000,26.596,26.596,26.596,26.596,149,0
KIM_M.US,60,20210503,220000,26.68,26.74,26.635,26.74,1981,0
KIM_M.US,60,20210504,160000,26.65,26.65,26.56,26.56,4872,0
KIM_M.US,60,20210504,170000,26.5697,26.6028,26.5697,26.6028,627,0
KIM_M.US,60,20210504,180000,26.655,26.75,26.655,26.7327,426,0
KIM_M.US,60,20210504,190000,26.66,26.7499,26.59,26.59,1027,0
KIM_M.US,60,20210504,200000,26.6862,26.711,26.6862,26.711,1480,0
KIM_M.US,60,20210504,210000,26.65,26.73,26.65,26.73,200,0
KIM_M.US,60,20210504,220000,26.675,26.71,26.65,26.66,1445,0
KIM_M.US,60,20210505,160000,26.66,26.675,26.66,26.675,1143,0
KIM_M.US,60,20210505,170000,26.67,26.67,26.67,26.67,447,0
KIM_M.US,60,20210505,180000,26.675,26.6756,26.675,26.6756,2014,0
KIM_M.US,60,20210505,190000,26.63,26.63,26.62,26.63,966,0
KIM_M.US,60,20210505,200000,26.5851,26.5851,26.56,26.56,1621,0
KIM_M.US,60,20210505,210000,26.57,26.6,26.57,26.57,300,0
KIM_M.US,60,20210505,220000,26.6634,26.6634,26.54,26.6064,3112,0
KIM_M.US,60,20210506,160000,26.53,26.53,26.53,26.53,716,0
KIM_M.US,60,20210506,170000,26.55,26.708,26.55,26.708,1275,0
KIM_M.US,60,20210506,180000,26.55,26.55,26.55,26.55,600,0
KIM_M.US,60,20210506,190000,26.55,26.55,26.55,26.55,700,0
KIM_M.US,60,20210506,210000,26.56,26.73,26.56,26.73,404,0
KIM_M.US,60,20210506,220000,26.7282,26.7282,26.5518,26.72,3059,0
KIM_M.US,60,20210507,160000,26.63,26.63,26.63,26.63,663,0
KIM_M.US,60,20210507,170000,26.6,26.6,26.6,26.6,100,0
KIM_M.US,60,20210507,180000,26.73,26.73,26.57,26.585,1366,0
KIM_M.US,60,20210507,190000,26.6,26.6,26.6,26.6,699,0
KIM_M.US,60,20210507,200000,26.6,26.65,26.6,26.65,400,0
KIM_M.US,60,20210507,210000,26.59,26.65,26.57,26.59,1000,0
KIM_M.US,60,20210507,220000,26.57,26.66,26.57,26.57,455,0
KIM_M.US,60,20210510,160000,26.57,26.57,26.57,26.57,683,0
KIM_M.US,60,20210510,170000,26.59,26.66,26.59,26.66,231,0
KIM_M.US,60,20210510,180000,26.66,26.66,26.6,26.6,614,0
KIM_M.US,60,20210510,190000,26.644,26.644,26.644,26.644,107,0
KIM_M.US,60,20210510,210000,26.6,26.6009,26.6,26.6009,389,0
KIM_M.US,60,20210510,220000,26.65,26.6806,26.63,26.65,1021,0
KIM_M.US,60,20210511,160000,26.42,26.42,26.42,26.42,800,0
KIM_M.US,60,20210511,170000,26.35,26.38,26.35,26.38,1806,0
KIM_M.US,60,20210511,180000,26.38,26.38,26.38,26.38,600,0
KIM_M.US,60,20210511,190000,26.53,26.53,26.53,26.53,151,0
KIM_M.US,60,20210511,200000,26.5481,26.5481,26.48,26.485,660,0
KIM_M.US,60,20210511,210000,26.53,26.53,26.53,26.53,100,0
KIM_M.US,60,20210511,220000,26.5,26.59,26.5,26.59,3610,0
KIM_M.US,60,20210512,160000,26.44,26.51,26.44,26.51,1320,0
KIM_M.US,60,20210512,170000,26.49,26.51,26.45,26.51,12093,0
KIM_M.US,60,20210512,180000,26.42,26.5,26.42,26.5,2600,0
KIM_M.US,60,20210512,190000,26.46,26.51,26.46,26.49,1568,0
KIM_M.US,60,20210512,200000,26.52,26.52,26.5,26.5,2315,0
KIM_M.US,60,20210512,210000,26.5,26.52,26.3512,26.52,2286,0
KIM_M.US,60,20210512,220000,26.44,26.5,26.25,26.5,6115,0
KIM_M.US,60,20210513,160000,26.5,26.52,26.5,26.52,3630,0
KIM_M.US,60,20210513,170000,26.49,26.59,26.49,26.55,3410,0
KIM_M.US,60,20210513,180000,26.565,26.565,26.5,26.5,1438,0
KIM_M.US,60,20210513,190000,26.59,26.59,26.4504,26.4504,490,0
KIM_M.US,60,20210513,200000,26.4672,26.4672,26.4672,26.4672,600,0
KIM_M.US,60,20210513,210000,26.444,26.444,26.444,26.444,157,0
KIM_M.US,60,20210513,220000,26.48,26.48,26.47,26.47,943,0
KIM_M.US,60,20210514,160000,26.55,26.55,26.55,26.55,557,0
KIM_M.US,60,20210514,170000,26.49,26.49,26.49,26.49,108,0
KIM_M.US,60,20210514,180000,26.5401,26.5401,26.5401,26.5401,150,0
KIM_M.US,60,20210514,190000,26.58,26.58,26.5542,26.5542,1237,0
KIM_M.US,60,20210514,200000,26.5568,26.5568,26.5568,26.5568,794,0
KIM_M.US,60,20210514,210000,26.588,26.5976,26.55,26.5542,5909,0
KIM_M.US,60,20210514,220000,26.555,26.65,26.55,26.65,4045,0
KIM_M.US,60,20210517,160000,26.54,26.54,26.47,26.54,2890,0
KIM_M.US,60,20210517,180000,26.45,26.45,26.45,26.45,100,0
KIM_M.US,60,20210517,200000,26.4517,26.46,26.4517,26.46,326,0
KIM_M.US,60,20210517,210000,26.48,26.48,26.46,26.46,260,0
KIM_M.US,60,20210517,220000,26.5,26.51,26.37,26.46,12729,0
KIM_M.US,60,20210518,160000,26.4,26.4,26.4,26.4,353,0
KIM_M.US,60,20210518,170000,26.44,26.45,26.42,26.42,4288,0
KIM_M.US,60,20210518,180000,26.43,26.55,26.42,26.42,1352,0
KIM_M.US,60,20210518,190000,26.41,26.48,26.41,26.41,700,0
KIM_M.US,60,20210518,210000,26.55,26.55,26.55,26.55,115,0
KIM_M.US,60,20210518,220000,26.46,26.5491,26.46,26.54,4503,0
KIM_M.US,60,20210519,160000,26.37,26.37,26.37,26.37,222,0
KIM_M.US,60,20210519,180000,26.34,26.36,26.33,26.33,25104,0
KIM_M.US,60,20210519,190000,26.37,26.37,26.31,26.3598,735,0
KIM_M.US,60,20210519,200000,26.335,26.3365,26.3,26.3,1597,0
KIM_M.US,60,20210519,210000,26.3,26.3,26.3,26.3,600,0
KIM_M.US,60,20210519,220000,26.33,26.33,26.24,26.25,1148,0
KIM_M.US,60,20210520,160000,26.25,26.25,26.25,26.25,130,0
KIM_M.US,60,20210520,170000,26.29,26.34,26.24,26.34,12855,0
KIM_M.US,60,20210520,180000,26.2641,26.2817,26.2641,26.2817,249,0
KIM_M.US,60,20210520,190000,26.2927,26.2927,26.2927,26.2927,231,0
KIM_M.US,60,20210520,200000,26.31,26.31,26.31,26.31,100,0
KIM_M.US,60,20210520,210000,26.375,26.375,26.26,26.3,1790,0
KIM_M.US,60,20210520,220000,26.26,26.34,26.26,26.34,2400,0
KIM_M.US,60,20210521,160000,26.35,26.35,26.3101,26.3101,368,0
KIM_M.US,60,20210521,170000,26.52,26.53,26.34,26.34,8287,0
KIM_M.US,60,20210521,180000,26.33,26.33,26.32,26.32,205,0
KIM_M.US,60,20210521,190000,26.34,26.34,26.34,26.34,45000,0
KIM_M.US,60,20210521,210000,26.34,26.34,26.31,26.31,1200,0
KIM_M.US,60,20210521,220000,26.33,26.359,26.31,26.31,1659,0
KIM_M.US,60,20210524,160000,26.37,26.37,26.34,26.34,2155,0
KIM_M.US,60,20210524,170000,26.32,26.34,26.31,26.31,1753,0
KIM_M.US,60,20210524,180000,26.3218,26.34,26.3218,26.34,342,0
KIM_M.US,60,20210524,190000,26.34,26.34,26.33,26.33,300,0
KIM_M.US,60,20210524,200000,26.33,26.34,26.33,26.33,436,0
KIM_M.US,60,20210524,210000,26.34,26.34,26.34,26.34,500,0
KIM_M.US,60,20210524,220000,26.34,26.34,26.33,26.33,9995,0
KIM_M.US,60,20210525,170000,26.3975,26.4299,26.27,26.39,2667,0
KIM_M.US,60,20210525,180000,26.37,26.4,26.28,26.4,27386,0
KIM_M.US,60,20210525,190000,26.31,26.35,26.27,26.27,1929,0
KIM_M.US,60,20210525,200000,26.28,26.28,26.28,26.28,100,0
KIM_M.US,60,20210525,210000,26.3,26.35,26.29,26.29,2582,0
KIM_M.US,60,20210525,220000,26.3258,26.3258,26.27,26.27,1161,0
KIM_M.US,60,20210526,160000,26.27,26.324,26.27,26.279,1188,0
KIM_M.US,60,20210526,170000,26.36,26.4349,26.28,26.4349,1073,0
KIM_M.US,60,20210526,180000,26.36,26.36,26.36,26.36,234,0
KIM_M.US,60,20210526,210000,26.37,26.37,26.3184,26.3184,300,0
KIM_M.US,60,20210526,220000,26.3454,26.3454,26.34,26.34,300,0
KIM_M.US,60,20210527,160000,26.25,26.25,26.25,26.25,134,0
KIM_M.US,60,20210527,170000,26.23,26.34,26.23,26.34,665,0
KIM_M.US,60,20210527,180000,26.4482,26.4482,26.335,26.335,280,0
KIM_M.US,60,20210527,190000,26.335,26.335,26.33,26.33,200,0
KIM_M.US,60,20210527,200000,26.335,26.335,26.3325,26.3325,700,0
KIM_M.US,60,20210527,210000,26.3,26.315,26.3,26.3,1523,0
KIM_M.US,60,20210527,220000,26.33,26.33,26.29,26.314,1498,0
KIM_M.US,60,20210528,170000,26.3402,26.3402,26.22,26.22,300,0
KIM_M.US,60,20210528,180000,26.27,26.329,26.2601,26.2601,453,0
KIM_M.US,60,20210528,190000,26.3502,26.3502,26.345,26.349,621,0
KIM_M.US,60,20210528,200000,26.325,26.3681,26.28,26.28,2180,0
KIM_M.US,60,20210528,210000,26.3,26.3,26.3,26.3,184,0
KIM_M.US,60,20210528,220000,26.27,26.4,26.15,26.21,28785,0
KIM_M.US,60,20210601,160000,26.21,26.29,26.13,26.2,2917,0
KIM_M.US,60,20210601,170000,26.34,26.34,26.34,26.34,120,0
KIM_M.US,60,20210601,180000,26.16,26.3666,26.16,26.296,1494,0
KIM_M.US,60,20210601,190000,26.26,26.28,26.26,26.28,200,0
KIM_M.US,60,20210601,200000,26.28,26.32,26.28,26.32,267,0
KIM_M.US,60,20210601,210000,26.28,26.28,26.26,26.28,603,0
KIM_M.US,60,20210601,220000,26.28,26.31,26.25,26.25,1899,0
KIM_M.US,60,20210602,170000,26.29,26.31,26.25,26.31,3416,0
KIM_M.US,60,20210602,180000,26.26,26.305,26.26,26.26,600,0
KIM_M.US,60,20210602,220000,26.31,26.36,26.28,26.28,2292,0
KIM_M.US,60,20210603,160000,26.22,26.22,26.22,26.22,211,0
KIM_M.US,60,20210603,170000,26.23,26.23,26.23,26.23,100,0
KIM_M.US,60,20210603,180000,26.23,26.36,26.23,26.23,414,0
KIM_M.US,60,20210603,190000,26.22,26.2774,26.22,26.24,900,0
KIM_M.US,60,20210603,200000,26.25,26.25,26.23,26.23,500,0
KIM_M.US,60,20210603,210000,26.23,26.3432,26.23,26.23,1100,0
KIM_M.US,60,20210603,220000,26.24,26.33,26.22,26.33,2675,0
KIM_M.US,60,20210604,160000,26.3,26.3,26.3,26.3,100,0
KIM_M.US,60,20210604,170000,26.28,26.28,26.2,26.2,122443,0
KIM_M.US,60,20210604,180000,26.23,26.3028,26.23,26.24,722,0
KIM_M.US,60,20210604,190000,26.3184,26.3184,26.22,26.23,948,0
KIM_M.US,60,20210604,200000,26.24,26.25,26.24,26.25,300,0
KIM_M.US,60,20210604,210000,26.24,26.285,26.24,26.25,776,0
KIM_M.US,60,20210604,220000,26.29,26.3293,26.26,26.3,2366,0
KIM_M.US,60,20210607,170000,26.31,26.31,26.28,26.28,200,0
KIM_M.US,60,20210607,180000,26.31,26.345,26.28,26.315,1313,0
KIM_M.US,60,20210607,190000,26.29,26.31,26.28,26.28,479,0
KIM_M.US,60,20210607,200000,26.28,26.31,26.28,26.31,600,0
KIM_M.US,60,20210607,210000,26.28,26.335,26.26,26.26,700,0
KIM_M.US,60,20210607,220000,26.29,26.3,26.24,26.24,1600,0
KIM_M.US,60,20210608,170000,26.295,26.295,26.295,26.295,108,0
KIM_M.US,60,20210608,180000,26.34,26.34,26.321,26.321,675,0
KIM_M.US,60,20210608,190000,26.33,26.34,26.3,26.32,1110,0
KIM_M.US,60,20210608,200000,26.31,26.31,26.31,26.31,200,0
KIM_M.US,60,20210608,210000,26.271,26.271,26.26,26.27,840,0
KIM_M.US,60,20210608,220000,26.25,26.29,26.245,26.25,900,0
KIM_M.US,60,20210609,160000,26.285,26.285,26.25,26.25,200,0
KIM_M.US,60,20210609,170000,26.255,26.3401,26.255,26.3401,768,0
KIM_M.US,60,20210609,180000,26.31,26.31,26.29,26.29,672,0
KIM_M.US,60,20210609,190000,26.29,26.29,26.29,26.29,300,0
KIM_M.US,60,20210609,200000,26.3241,26.3241,26.29,26.3,577,0
KIM_M.US,60,20210609,210000,26.3,26.3425,26.29,26.32,693,0
KIM_M.US,60,20210609,220000,26.29,26.31,26.25,26.26,5481,0
KIM_M.US,60,20210610,160000,26.27,26.27,26.26,26.26,200,0
KIM_M.US,60,20210610,170000,26.26,26.27,26.2472,26.27,1978,0
KIM_M.US,60,20210610,180000,26.25,26.255,26.25,26.255,475,0
KIM_M.US,60,20210610,190000,26.25,26.25,26.25,26.25,100,0
KIM_M.US,60,20210610,200000,26.25,26.25,26.25,26.25,100,0
KIM_M.US,60,20210610,210000,26.25,26.25,26.25,26.25,300,0
KIM_M.US,60,20210610,220000,26.271,26.271,26.25,26.25,1309,0
KIM_M.US,60,20210611,190000,26.31,26.31,26.31,26.31,100,0
KIM_M.US,60,20210611,200000,26.33,26.33,26.33,26.33,100,0
KIM_M.US,60,20210611,220000,26.325,26.34,26.305,26.32,3021,0
KIM_M.US,60,20210614,160000,26.27,26.28,26.27,26.28,358,0
KIM_M.US,60,20210614,170000,26.31,26.31,26.2,26.2,9617,0
KIM_M.US,60,20210614,180000,26.2974,26.2974,26.265,26.265,1134,0
KIM_M.US,60,20210614,190000,26.29,26.32,26.29,26.3074,3000,0
KIM_M.US,60,20210614,200000,26.3,26.32,26.3,26.31,312,0
KIM_M.US,60,20210614,210000,26.31,26.35,26.28,26.3267,6042,0
KIM_M.US,60,20210614,220000,26.35,26.35,26.34,26.35,1874,0
KIM_M.US,60,20210615,170000,26.38,26.43,26.22,26.43,1370,0
KIM_M.US,60,20210615,180000,26.44,26.44,26.42,26.42,200,0
KIM_M.US,60,20210615,190000,26.425,26.43,26.425,26.43,200,0
KIM_M.US,60,20210615,210000,26.425,26.43,26.342,26.342,1200,0
KIM_M.US,60,20210615,220000,26.43,26.43,26.375,26.41,1000,0
KIM_M.US,60,20210616,160000,26.35,26.35,26.35,26.35,266,0
KIM_M.US,60,20210616,170000,26.36,26.41,26.35,26.355,513,0
KIM_M.US,60,20210616,180000,26.41,26.41,26.3749,26.3749,300,0
KIM_M.US,60,20210616,190000,26.42,26.44,26.37,26.44,5441,0
KIM_M.US,60,20210616,210000,26.3749,26.395,26.3563,26.3563,945,0
KIM_M.US,60,20210616,220000,26.4017,26.435,26.4017,26.435,1703,0
KIM_M.US,60,20210617,160000,26.36,26.36,26.36,26.36,177,0
KIM_M.US,60,20210617,170000,26.4,26.43,26.4,26.43,1324,0
KIM_M.US,60,20210617,180000,26.45,26.5,26.45,26.5,1272,0
KIM_M.US,60,20210617,190000,26.48,26.48,26.4724,26.4724,240,0
KIM_M.US,60,20210617,200000,26.48,26.48,26.4799,26.48,2100,0
KIM_M.US,60,20210617,210000,26.48,26.5,26.48,26.49,859,0
KIM_M.US,60,20210617,220000,26.5,26.64,26.48,26.59,5753,0
KIM_M.US,60,20210618,190000,26.545,26.59,26.545,26.59,960,0
KIM_M.US,60,20210618,200000,26.59,26.66,26.59,26.66,2660,0
KIM_M.US,60,20210618,210000,26.65,26.66,26.65,26.66,200,0
KIM_M.US,60,20210618,220000,26.626,26.65,26.6,26.63,2104,0
KIM_M.US,60,20210621,170000,26.6,26.6705,26.6,26.6705,285,0
KIM_M.US,60,20210621,180000,26.66,26.66,26.66,26.66,295,0
KIM_M.US,60,20210621,190000,26.66,26.6883,26.66,26.6883,360,0
KIM_M.US,60,20210621,210000,26.605,26.69,26.605,26.69,6466,0
KIM_M.US,60,20210621,220000,26.605,26.71,26.605,26.71,689,0
KIM_M.US,60,20210622,180000,26.63,26.72,26.5498,26.5568,966,0
KIM_M.US,60,20210622,190000,26.71,26.71,26.71,26.71,100,0
KIM_M.US,60,20210622,200000,26.665,26.68,26.63,26.63,854,0
KIM_M.US,60,20210622,210000,26.7,26.72,26.69,26.69,925,0
KIM_M.US,60,20210622,220000,26.721,26.75,26.7085,26.75,3682,0
KIM_M.US,60,20210623,170000,26.6792,26.7151,26.625,26.7151,551,0
KIM_M.US,60,20210623,180000,26.681,26.7146,26.681,26.7146,234,0
KIM_M.US,60,20210623,190000,26.73,26.74,26.6978,26.7094,1345,0
KIM_M.US,60,20210623,200000,26.74,26.74,26.74,26.74,100,0
KIM_M.US,60,20210623,220000,26.75,26.75,26.75,26.75,9015,0
KIM_M.US,60,20210624,160000,26.75,26.75,26.75,26.75,363,0
KIM_M.US,60,20210624,170000,26.75,26.75,26.75,26.75,230,0
KIM_M.US,60,20210624,180000,26.75,26.75,26.67,26.67,238,0
KIM_M.US,60,20210624,190000,26.6794,26.75,26.6794,26.7492,1200,0
KIM_M.US,60,20210624,200000,26.75,26.75,26.71,26.71,1975,0
KIM_M.US,60,20210624,210000,26.74,26.75,26.695,26.695,3211,0
KIM_M.US,60,20210624,220000,26.75,26.75,26.75,26.75,510,0
KIM_M.US,60,20210625,170000,26.74,26.75,26.7122,26.7122,435,0
KIM_M.US,60,20210625,180000,26.67,26.67,26.67,26.67,2000,0
KIM_M.US,60,20210625,190000,26.705,26.731,26.705,26.73,600,0
KIM_M.US,60,20210625,200000,26.71,26.71,26.68,26.68,2030,0
KIM_M.US,60,20210625,210000,26.68,26.68,26.66,26.66,300,0
KIM_M.US,60,20210625,220000,26.69,26.69,26.67,26.69,300,0
KIM_M.US,60,20210628,170000,26.62,26.65,26.62,26.65,535,0
KIM_M.US,60,20210628,180000,26.67,26.67,26.67,26.67,300,0
KIM_M.US,60,20210628,190000,26.67,26.68,26.67,26.6759,1056,0
KIM_M.US,60,20210628,200000,26.67,26.67,26.67,26.67,100,0
KIM_M.US,60,20210628,210000,26.675,26.6975,26.675,26.6975,629,0
KIM_M.US,60,20210628,220000,26.695,26.71,26.67,26.69,3899,0
KIM_M.US,60,20210629,160000,26.61,26.65,26.61,26.65,283,0
KIM_M.US,60,20210629,170000,26.705,26.7275,26.69,26.7,1577,0
KIM_M.US,60,20210629,180000,26.7,26.7,26.67,26.68,1183,0
KIM_M.US,60,20210629,190000,26.65,26.68,26.65,26.675,1300,0
KIM_M.US,60,20210629,200000,26.64,26.65,26.5465,26.61,816,0
KIM_M.US,60,20210629,210000,26.65,26.65,26.65,26.65,4400,0
KIM_M.US,60,20210629,220000,26.69,26.69,26.6,26.69,7782,0
KIM_M.US,60,20210630,160000,26.36,26.56,26.36,26.36,602,0
KIM_M.US,60,20210630,170000,26.32,26.41,26.32,26.41,727,0
KIM_M.US,60,20210630,180000,26.3635,26.3635,26.3542,26.3542,1000,0
KIM_M.US,60,20210630,190000,26.3977,26.3977,26.31,26.31,248,0
KIM_M.US,60,20210630,200000,26.41,26.41,26.32,26.32,4667,0
KIM_M.US,60,20210630,210000,26.45,26.6,26.42,26.59,7200,0
KIM_M.US,60,20210630,220000,26.59,26.75,26.44,26.75,118510,0
KIM_M.US,60,20210701,160000,26.7,26.74,26.685,26.685,2211,0
KIM_M.US,60,20210701,170000,26.74,26.74,26.74,26.74,800,0
KIM_M.US,60,20210701,180000,26.7235,26.74,26.72,26.73,1450,0
KIM_M.US,60,20210701,190000,26.74,26.74,26.69,26.69,5780,0
KIM_M.US,60,20210701,200000,26.6978,26.735,26.69,26.6912,5324,0
KIM_M.US,60,20210701,210000,26.7068,26.7068,26.7068,26.7068,141,0
KIM_M.US,60,20210701,220000,26.681,26.681,26.64,26.64,2500,0
KIM_M.US,60,20210702,170000,26.6477,26.75,26.645,26.75,2050,0
KIM_M.US,60,20210702,180000,26.7,26.7,26.6501,26.7,2608,0
KIM_M.US,60,20210702,190000,26.71,26.71,26.67,26.6777,2410,0
KIM_M.US,60,20210702,200000,26.67,26.7499,26.67,26.717,3585,0
KIM_M.US,60,20210702,220000,26.74,26.76,26.7135,26.75,5986,0
KIM_M.US,60,20210706,160000,26.77,26.77,26.77,26.77,800,0
KIM_M.US,60,20210706,170000,26.7493,26.7493,26.7493,26.7493,196,0
KIM_M.US,60,20210706,180000,26.7595,26.78,26.7595,26.78,3450,0
KIM_M.US,60,20210706,190000,26.7301,26.7301,26.7301,26.7301,100,0
KIM_M.US,60,20210706,200000,26.7401,26.75,26.7401,26.75,1071,0
KIM_M.US,60,20210706,210000,26.76,26.77,26.76,26.77,2079,0
KIM_M.US,60,20210706,220000,26.785,26.785,26.76,26.78,2383,0
KIM_M.US,60,20210707,170000,26.6701,26.73,26.6701,26.73,306,0
KIM_M.US,60,20210707,180000,26.74,26.74,26.74,26.74,100,0
KIM_M.US,60,20210707,190000,26.79,26.8,26.79,26.8,682,0
KIM_M.US,60,20210707,200000,26.83,26.8721,26.83,26.87,3130,0
KIM_M.US,60,20210707,210000,26.9,26.94,26.89,26.91,5739,0
KIM_M.US,60,20210707,220000,26.94,27.07,26.84,27.05,14374,0
KIM_M.US,60,20210708,170000,26.83,26.95,26.83,26.95,1210,0
KIM_M.US,60,20210708,180000,26.885,26.885,26.885,26.885,122,0
KIM_M.US,60,20210708,190000,26.86,26.8677,26.86,26.8677,400,0
KIM_M.US,60,20210708,210000,26.935,26.94,26.9,26.9,3073,0
KIM_M.US,60,20210708,220000,26.9,26.97,26.8301,26.97,506,0
KIM_M.US,60,20210709,160000,26.91,26.91,26.86,26.91,2127,0
KIM_M.US,60,20210709,170000,26.92,26.99,26.91,26.91,1897,0
KIM_M.US,60,20210709,180000,26.915,26.915,26.915,26.915,100,0
KIM_M.US,60,20210709,190000,26.88,26.93,26.86,26.86,3923,0
KIM_M.US,60,20210709,200000,26.87,26.9692,26.83,26.9692,5898,0
KIM_M.US,60,20210709,210000,26.835,26.88,26.81,26.82,1604,0
KIM_M.US,60,20210709,220000,26.8,26.8,26.8,26.8,370,0
