<TICKER>,<PER>,<DATE>,<TIME>,<OPEN>,<HIGH>,<LOW>,<CLOSE>,<VOL>,<OPENINT>
MFC.US,60,20200914,160000,14.396,14.525,14.367,14.525,131901,0
MFC.US,60,20200914,170000,14.534,14.584,14.505,14.544,221623,0
MFC.US,60,20200914,180000,14.544,14.554,14.475,14.505,150233,0
MFC.US,60,20200914,190000,14.495,14.534,14.475,14.527,88487,0
MFC.US,60,20200914,200000,14.528,14.554,14.451,14.451,136873,0
MFC.US,60,20200914,210000,14.451,14.486,14.446,14.465,73313,0
MFC.US,60,20200914,220000,14.455,14.495,14.416,14.485,347726,0
MFC.US,60,20200915,160000,14.534,14.673,14.485,14.495,158293,0
MFC.US,60,20200915,170000,14.49,14.604,14.48,14.584,196318,0
MFC.US,60,20200915,180000,14.594,14.604,14.505,14.515,163014,0
MFC.US,60,20200915,190000,14.514,14.554,14.505,14.525,127491,0
MFC.US,60,20200915,200000,14.525,14.544,14.499,14.5,78565,0
MFC.US,60,20200915,210000,14.5,14.525,14.465,14.52,198616,0
MFC.US,60,20200915,220000,14.515,14.525,14.416,14.416,458342,0
MFC.US,60,20200916,160000,14.446,14.51,14.367,14.495,108733,0
MFC.US,60,20200916,170000,14.495,14.618,14.495,14.554,219910,0
MFC.US,60,20200916,180000,14.554,14.599,14.52,14.539,263476,0
MFC.US,60,20200916,190000,14.534,14.579,14.52,14.544,132513,0
MFC.US,60,20200916,200000,14.544,14.559,14.51,14.544,147370,0
MFC.US,60,20200916,210000,14.534,14.643,14.525,14.618,350399,0
MFC.US,60,20200916,220000,14.613,14.623,14.431,14.446,849070,0
MFC.US,60,20200917,160000,14.209,14.386,14.209,14.376,385526,0
MFC.US,60,20200917,170000,14.376,14.436,14.347,14.396,232678,0
MFC.US,60,20200917,180000,14.396,14.475,14.376,14.386,182673,0
MFC.US,60,20200917,190000,14.376,14.386,14.322,14.367,151798,0
MFC.US,60,20200917,200000,14.357,14.391,14.327,14.386,95162,0
MFC.US,60,20200917,210000,14.396,14.431,14.386,14.416,166962,0
MFC.US,60,20200917,220000,14.421,14.46,14.376,14.426,430272,0
MFC.US,60,20200918,160000,14.386,14.426,14.347,14.386,81643,0
MFC.US,60,20200918,170000,14.396,14.515,14.367,14.475,232147,0
MFC.US,60,20200918,180000,14.475,14.49,14.421,14.426,167562,0
MFC.US,60,20200918,190000,14.416,14.426,14.347,14.362,138022,0
MFC.US,60,20200918,200000,14.357,14.378,14.288,14.339,119539,0
MFC.US,60,20200918,210000,14.337,14.386,14.322,14.367,189419,0
MFC.US,60,20200918,220000,14.367,14.376,14.297,14.297,519957,0
MFC.US,60,20200921,160000,14.061,14.139,13.715,13.824,464750,0
MFC.US,60,20200921,170000,13.814,13.833,13.587,13.646,424103,0
MFC.US,60,20200921,180000,13.646,13.715,13.596,13.656,590947,0
MFC.US,60,20200921,190000,13.656,13.702,13.606,13.616,323856,0
MFC.US,60,20200921,200000,13.626,13.626,13.552,13.577,279482,0
MFC.US,60,20200921,210000,13.567,13.616,13.552,13.616,277727,0
MFC.US,60,20200921,220000,13.606,13.774,13.606,13.735,3305426,0
MFC.US,60,20200922,160000,13.804,13.991,13.763,13.768,252614,0
MFC.US,60,20200922,170000,13.764,13.809,13.616,13.616,309215,0
MFC.US,60,20200922,180000,13.621,13.69,13.596,13.626,192659,0
MFC.US,60,20200922,190000,13.628,13.666,13.557,13.562,161297,0
MFC.US,60,20200922,200000,13.567,13.705,13.557,13.695,175248,0
MFC.US,60,20200922,210000,13.695,13.71,13.666,13.675,234273,0
MFC.US,60,20200922,220000,13.666,13.754,13.661,13.695,594013,0
MFC.US,60,20200923,160000,13.774,13.863,13.749,13.764,164703,0
MFC.US,60,20200923,170000,13.764,13.784,13.685,13.764,140253,0
MFC.US,60,20200923,180000,13.764,13.789,13.666,13.685,133114,0
MFC.US,60,20200923,190000,13.675,13.705,13.636,13.68,125290,0
MFC.US,60,20200923,200000,13.685,13.685,13.582,13.611,124698,0
MFC.US,60,20200923,210000,13.606,13.606,13.483,13.493,313850,0
MFC.US,60,20200923,220000,13.488,13.508,13.399,13.409,597992,0
MFC.US,60,20200924,160000,13.389,13.419,13.261,13.359,178057,0
MFC.US,60,20200924,170000,13.369,13.508,13.364,13.399,190467,0
MFC.US,60,20200924,180000,13.409,13.498,13.35,13.498,162599,0
MFC.US,60,20200924,190000,13.498,13.587,13.488,13.577,117239,0
MFC.US,60,20200924,200000,13.587,13.685,13.577,13.636,161441,0
MFC.US,60,20200924,210000,13.631,13.656,13.537,13.537,255720,0
MFC.US,60,20200924,220000,13.537,13.577,13.48,13.527,500565,0
MFC.US,60,20200925,160000,13.409,13.517,13.379,13.498,135845,0
MFC.US,60,20200925,170000,13.498,13.508,13.379,13.448,161962,0
MFC.US,60,20200925,180000,13.448,13.483,13.404,13.424,169196,0
MFC.US,60,20200925,190000,13.429,13.532,13.424,13.522,127945,0
MFC.US,60,20200925,200000,13.517,13.577,13.513,13.552,79037,0
MFC.US,60,20200925,210000,13.557,13.577,13.532,13.559,81795,0
MFC.US,60,20200925,220000,13.564,13.606,13.557,13.587,287970,0
MFC.US,60,20200928,160000,13.843,14.011,13.794,13.962,261766,0
MFC.US,60,20200928,170000,13.962,14.07,13.962,13.991,241325,0
MFC.US,60,20200928,180000,14.001,14.061,13.952,14.046,164317,0
MFC.US,60,20200928,190000,14.051,14.07,13.991,14.001,237645,0
MFC.US,60,20200928,200000,14.001,14.016,13.922,13.965,215468,0
MFC.US,60,20200928,210000,13.962,14.051,13.952,14.031,96932,0
MFC.US,60,20200928,220000,14.031,14.041,13.962,13.982,390782,0
MFC.US,60,20200929,160000,13.873,13.942,13.804,13.828,206566,0
MFC.US,60,20200929,170000,13.833,13.863,13.695,13.705,314229,0
MFC.US,60,20200929,180000,13.705,13.71,13.601,13.606,198248,0
MFC.US,60,20200929,190000,13.605,13.659,13.577,13.641,174330,0
MFC.US,60,20200929,200000,13.636,13.685,13.587,13.685,97092,0
MFC.US,60,20200929,210000,13.687,13.759,13.669,13.735,148326,0
MFC.US,60,20200929,220000,13.735,13.754,13.715,13.725,328156,0
MFC.US,60,20200930,160000,13.794,13.982,13.794,13.893,156319,0
MFC.US,60,20200930,170000,13.883,13.952,13.833,13.863,183820,0
MFC.US,60,20200930,180000,13.863,13.863,13.754,13.784,231502,0
MFC.US,60,20200930,190000,13.784,13.888,13.784,13.883,124282,0
MFC.US,60,20200930,200000,13.875,13.883,13.843,13.853,132490,0
MFC.US,60,20200930,210000,13.853,13.912,13.715,13.774,317265,0
MFC.US,60,20200930,220000,13.764,13.789,13.666,13.735,1040923,0
MFC.US,60,20201001,160000,13.735,13.912,13.735,13.809,156960,0
MFC.US,60,20201001,170000,13.804,13.863,13.725,13.754,162309,0
MFC.US,60,20201001,180000,13.764,13.814,13.749,13.794,110946,0
MFC.US,60,20201001,190000,13.794,13.851,13.764,13.833,151720,0
MFC.US,60,20201001,200000,13.833,13.853,13.754,13.759,108561,0
MFC.US,60,20201001,210000,13.764,13.814,13.73,13.799,191271,0
MFC.US,60,20201001,220000,13.804,13.814,13.715,13.745,401404,0
MFC.US,60,20201002,160000,13.567,13.735,13.527,13.705,131033,0
MFC.US,60,20201002,170000,13.705,13.799,13.699,13.715,154591,0
MFC.US,60,20201002,180000,13.705,13.853,13.695,13.794,160360,0
MFC.US,60,20201002,190000,13.799,14.056,13.799,14.011,354540,0
MFC.US,60,20201002,200000,14.006,14.031,13.903,13.927,126698,0
MFC.US,60,20201002,210000,13.932,14.026,13.932,14.016,131000,0
MFC.US,60,20201002,220000,14.016,14.041,13.977,14.011,410217,0
MFC.US,60,20201005,160000,14.13,14.283,14.11,14.12,166196,0
MFC.US,60,20201005,170000,14.122,14.243,14.09,14.233,202367,0
MFC.US,60,20201005,180000,14.228,14.278,14.228,14.274,107627,0
MFC.US,60,20201005,190000,14.278,14.278,14.218,14.218,161117,0
MFC.US,60,20201005,200000,14.218,14.283,14.199,14.238,109373,0
MFC.US,60,20201005,210000,14.238,14.274,14.228,14.268,83909,0
MFC.US,60,20201005,220000,14.273,14.317,14.228,14.248,401279,0
MFC.US,60,20201006,160000,14.416,14.416,14.258,14.278,180234,0
MFC.US,60,20201006,170000,14.268,14.391,14.248,14.347,269686,0
MFC.US,60,20201006,180000,14.357,14.416,14.342,14.362,236371,0
MFC.US,60,20201006,190000,14.367,14.416,14.357,14.406,105247,0
MFC.US,60,20201006,200000,14.411,14.448,14.386,14.391,104374,0
MFC.US,60,20201006,210000,14.386,14.455,14.154,14.189,415215,0
MFC.US,60,20201006,220000,14.179,14.293,14.135,14.218,551930,0
MFC.US,60,20201007,160000,14.376,14.475,14.367,14.446,143756,0
MFC.US,60,20201007,170000,14.446,14.53,14.396,14.446,130872,0
MFC.US,60,20201007,180000,14.426,14.442,14.337,14.347,215699,0
MFC.US,60,20201007,190000,14.347,14.367,14.312,14.337,90728,0
MFC.US,60,20201007,200000,14.347,14.426,14.337,14.411,82237,0
MFC.US,60,20201007,210000,14.416,14.485,14.411,14.465,109705,0
MFC.US,60,20201007,220000,14.46,14.495,14.455,14.475,308824,0
MFC.US,60,20201008,160000,14.554,14.594,14.515,14.549,124549,0
MFC.US,60,20201008,170000,14.549,14.633,14.5,14.554,260075,0
MFC.US,60,20201008,180000,14.554,14.554,14.426,14.446,229493,0
MFC.US,60,20201008,190000,14.446,14.495,14.436,14.485,235187,0
MFC.US,60,20201008,200000,14.485,14.495,14.406,14.455,139673,0
MFC.US,60,20201008,210000,14.455,14.485,14.436,14.451,161624,0
MFC.US,60,20201008,220000,14.455,14.495,14.436,14.495,238919,0
MFC.US,60,20201009,160000,14.564,14.648,14.465,14.505,120427,0
MFC.US,60,20201009,170000,14.515,14.525,14.446,14.485,279834,0
MFC.US,60,20201009,180000,14.495,14.584,14.465,14.564,207219,0
MFC.US,60,20201009,190000,14.564,14.584,14.475,14.485,167320,0
MFC.US,60,20201009,200000,14.485,14.525,14.455,14.495,165945,0
MFC.US,60,20201009,210000,14.495,14.505,14.46,14.485,263872,0
MFC.US,60,20201009,220000,14.485,14.505,14.46,14.505,547785,0
MFC.US,60,20201012,160000,14.515,14.613,14.515,14.613,43714,0
MFC.US,60,20201012,170000,14.613,14.674,14.604,14.628,65735,0
MFC.US,60,20201012,180000,14.628,14.653,14.626,14.637,49503,0
MFC.US,60,20201012,190000,14.643,14.643,14.594,14.594,72493,0
MFC.US,60,20201012,200000,14.591,14.601,14.554,14.564,39498,0
MFC.US,60,20201012,210000,14.559,14.574,14.534,14.559,90000,0
MFC.US,60,20201012,220000,14.559,14.604,14.544,14.564,216293,0
MFC.US,60,20201013,160000,14.485,14.485,14.297,14.317,182676,0
MFC.US,60,20201013,170000,14.307,14.372,14.179,14.268,319692,0
MFC.US,60,20201013,180000,14.268,14.302,14.189,14.223,225314,0
MFC.US,60,20201013,190000,14.218,14.273,14.199,14.268,149057,0
MFC.US,60,20201013,200000,14.278,14.284,14.209,14.218,117366,0
MFC.US,60,20201013,210000,14.209,14.258,14.139,14.174,305657,0
MFC.US,60,20201013,220000,14.174,14.209,14.144,14.189,484718,0
MFC.US,60,20201014,160000,14.179,14.307,14.169,14.278,105860,0
MFC.US,60,20201014,170000,14.268,14.278,14.179,14.199,145120,0
MFC.US,60,20201014,180000,14.199,14.225,14.12,14.13,140001,0
MFC.US,60,20201014,190000,14.135,14.179,14.113,14.13,155973,0
MFC.US,60,20201014,200000,14.124,14.139,14.051,14.065,145534,0
MFC.US,60,20201014,210000,14.061,14.09,14.036,14.047,143731,0
MFC.US,60,20201014,220000,14.049,14.065,14.001,14.011,374272,0
MFC.US,60,20201015,160000,13.764,13.868,13.735,13.868,185130,0
MFC.US,60,20201015,170000,13.873,13.888,13.824,13.868,120799,0
MFC.US,60,20201015,180000,13.873,13.962,13.868,13.924,274278,0
MFC.US,60,20201015,190000,13.912,13.991,13.912,13.991,134313,0
MFC.US,60,20201015,200000,13.991,14.076,13.991,14.011,190358,0
MFC.US,60,20201015,210000,14.011,14.031,13.982,13.996,159475,0
MFC.US,60,20201015,220000,13.998,14.011,13.962,13.982,343955,0
MFC.US,60,20201016,160000,14.021,14.1,14.001,14.07,206089,0
MFC.US,60,20201016,170000,14.061,14.139,14.041,14.13,153226,0
MFC.US,60,20201016,180000,14.13,14.169,14.105,14.11,195355,0
MFC.US,60,20201016,190000,14.11,14.116,14.061,14.07,67029,0
MFC.US,60,20201016,200000,14.075,14.115,14.075,14.11,114379,0
MFC.US,60,20201016,210000,14.1,14.115,14.08,14.09,136360,0
MFC.US,60,20201016,220000,14.09,14.1,14.036,14.051,403011,0
MFC.US,60,20201019,160000,14.159,14.159,13.986,14.085,105664,0
MFC.US,60,20201019,170000,14.07,14.11,13.962,14.1,179017,0
MFC.US,60,20201019,180000,14.09,14.103,13.972,14.001,163145,0
MFC.US,60,20201019,190000,13.991,14.019,13.967,13.982,82720,0
MFC.US,60,20201019,200000,13.982,13.991,13.952,13.952,140327,0
MFC.US,60,20201019,210000,13.958,13.958,13.833,13.853,156158,0
MFC.US,60,20201019,220000,13.843,13.883,13.814,13.843,479425,0
MFC.US,60,20201020,160000,13.972,14.041,13.893,14.036,195478,0
MFC.US,60,20201020,170000,14.031,14.06,13.972,14.001,121827,0
MFC.US,60,20201020,180000,14.001,14.001,13.903,13.917,180869,0
MFC.US,60,20201020,190000,13.912,13.991,13.893,13.991,198857,0
MFC.US,60,20201020,200000,14.001,14.036,13.957,13.957,104060,0
MFC.US,60,20201020,210000,13.962,13.982,13.922,13.922,87312,0
MFC.US,60,20201020,220000,13.926,13.932,13.843,13.883,545620,0
MFC.US,60,20201021,160000,13.853,13.886,13.774,13.883,134651,0
MFC.US,60,20201021,170000,13.873,13.932,13.838,13.863,281274,0
MFC.US,60,20201021,180000,13.863,13.886,13.799,13.863,120063,0
MFC.US,60,20201021,190000,13.863,13.967,13.858,13.912,225255,0
MFC.US,60,20201021,200000,13.912,13.932,13.893,13.905,68301,0
MFC.US,60,20201021,210000,13.903,13.972,13.903,13.947,284460,0
MFC.US,60,20201021,220000,13.952,13.962,13.883,13.922,3211681,0
MFC.US,60,20201022,160000,13.942,14.11,13.903,14.1,206188,0
MFC.US,60,20201022,170000,14.1,14.107,13.952,14.061,217941,0
MFC.US,60,20201022,180000,14.065,14.144,14.065,14.11,270939,0
MFC.US,60,20201022,190000,14.105,14.209,14.105,14.209,157222,0
MFC.US,60,20201022,200000,14.209,14.244,14.189,14.228,126423,0
MFC.US,60,20201022,210000,14.233,14.248,14.174,14.179,225168,0
MFC.US,60,20201022,220000,14.184,14.209,14.115,14.169,626542,0
MFC.US,60,20201023,160000,14.263,14.362,14.248,14.268,159629,0
MFC.US,60,20201023,170000,14.258,14.357,14.209,14.278,238362,0
MFC.US,60,20201023,180000,14.278,14.337,14.243,14.283,134781,0
MFC.US,60,20201023,190000,14.278,14.302,14.238,14.268,139043,0
MFC.US,60,20201023,200000,14.278,14.347,14.278,14.327,138262,0
MFC.US,60,20201023,210000,14.327,14.381,14.327,14.362,188974,0
MFC.US,60,20201023,220000,14.357,14.436,14.357,14.426,378590,0
MFC.US,60,20201026,150000,14.317,14.337,14.144,14.179,251658,0
MFC.US,60,20201026,160000,14.174,14.209,14.061,14.061,300150,0
MFC.US,60,20201026,170000,14.051,14.07,13.982,14.031,383100,0
MFC.US,60,20201026,180000,14.021,14.041,13.96,13.982,419620,0
MFC.US,60,20201026,190000,13.982,13.982,13.873,13.893,174265,0
MFC.US,60,20201026,200000,13.893,13.972,13.883,13.932,193400,0
MFC.US,60,20201026,210000,13.927,14.011,13.912,14.001,485901,0
MFC.US,60,20201027,150000,13.952,13.982,13.754,13.769,299964,0
MFC.US,60,20201027,160000,13.769,13.809,13.7,13.774,453270,0
MFC.US,60,20201027,170000,13.774,13.784,13.685,13.774,280600,0
MFC.US,60,20201027,180000,13.784,13.789,13.685,13.695,145304,0
MFC.US,60,20201027,190000,13.695,13.754,13.67,13.745,126101,0
MFC.US,60,20201027,200000,13.735,13.74,13.641,13.651,201717,0
MFC.US,60,20201027,210000,13.646,13.685,13.606,13.666,619381,0
MFC.US,60,20201028,150000,13.429,13.448,13.3,13.32,369105,0
MFC.US,60,20201028,160000,13.34,13.379,13.221,13.261,688548,0
MFC.US,60,20201028,170000,13.261,13.379,13.241,13.33,505483,0
MFC.US,60,20201028,180000,13.34,13.385,13.246,13.266,252053,0
MFC.US,60,20201028,190000,13.261,13.3,13.216,13.246,437602,0
MFC.US,60,20201028,200000,13.241,13.29,13.172,13.286,612405,0
MFC.US,60,20201028,210000,13.285,13.29,13.162,13.201,976584,0
MFC.US,60,20201029,150000,13.172,13.192,12.974,13.162,150236,0
MFC.US,60,20201029,160000,13.172,13.369,13.152,13.32,245654,0
MFC.US,60,20201029,170000,13.31,13.32,13.201,13.221,118165,0
MFC.US,60,20201029,180000,13.236,13.29,13.216,13.241,152235,0
MFC.US,60,20201029,190000,13.236,13.325,13.172,13.325,178360,0
MFC.US,60,20201029,200000,13.33,13.444,13.33,13.429,327749,0
MFC.US,60,20201029,210000,13.438,13.508,13.409,13.468,536290,0
MFC.US,60,20201030,150000,13.35,13.429,13.3,13.355,260906,0
MFC.US,60,20201030,160000,13.345,13.409,13.201,13.211,352344,0
MFC.US,60,20201030,170000,13.192,13.374,13.192,13.325,374899,0
MFC.US,60,20201030,180000,13.33,13.359,13.261,13.261,184693,0
MFC.US,60,20201030,190000,13.256,13.3,13.211,13.3,204208,0
MFC.US,60,20201030,200000,13.31,13.369,13.256,13.31,239771,0
MFC.US,60,20201030,210000,13.312,13.409,13.271,13.409,657790,0
MFC.US,60,20201102,160000,13.685,13.685,13.424,13.498,236040,0
MFC.US,60,20201102,170000,13.508,13.537,13.448,13.458,392954,0
MFC.US,60,20201102,180000,13.458,13.582,13.438,13.527,227757,0
MFC.US,60,20201102,190000,13.532,13.577,13.448,13.463,160155,0
MFC.US,60,20201102,200000,13.463,13.468,13.399,13.409,257471,0
MFC.US,60,20201102,210000,13.404,13.547,13.399,13.503,204356,0
MFC.US,60,20201102,220000,13.517,13.587,13.517,13.557,632537,0
MFC.US,60,20201103,160000,13.853,14.046,13.794,14.016,253717,0
MFC.US,60,20201103,170000,14.011,14.12,13.991,14.11,366871,0
MFC.US,60,20201103,180000,14.12,14.228,14.1,14.169,290086,0
MFC.US,60,20201103,190000,14.174,14.179,14.12,14.139,158796,0
MFC.US,60,20201103,200000,14.144,14.218,14.139,14.209,180133,0
MFC.US,60,20201103,210000,14.209,14.297,14.204,14.258,234157,0
MFC.US,60,20201103,220000,14.258,14.367,14.223,14.297,722771,0
MFC.US,60,20201104,160000,14.169,14.169,13.833,14.021,271817,0
MFC.US,60,20201104,170000,14.031,14.199,14.006,14.12,291925,0
MFC.US,60,20201104,180000,14.12,14.12,14.021,14.09,303384,0
MFC.US,60,20201104,190000,14.09,14.159,14.08,14.12,198018,0
MFC.US,60,20201104,200000,14.12,14.204,14.08,14.095,272307,0
MFC.US,60,20201104,210000,14.09,14.095,14.026,14.061,269912,0
MFC.US,60,20201104,220000,14.07,14.085,13.863,13.952,755433,0
MFC.US,60,20201105,160000,14.12,14.416,14.105,14.367,253234,0
MFC.US,60,20201105,170000,14.367,14.465,14.342,14.396,296890,0
MFC.US,60,20201105,180000,14.396,14.411,14.288,14.337,269647,0
MFC.US,60,20201105,190000,14.337,14.376,14.293,14.376,279822,0
MFC.US,60,20201105,200000,14.376,14.386,14.332,14.332,201065,0
MFC.US,60,20201105,210000,14.337,14.386,14.332,14.372,265356,0
MFC.US,60,20201105,220000,14.367,14.376,14.209,14.268,560540,0
MFC.US,60,20201106,160000,14.376,14.416,14.288,14.357,208546,0
MFC.US,60,20201106,170000,14.367,14.436,14.327,14.332,225780,0
MFC.US,60,20201106,180000,14.327,14.401,14.297,14.357,299481,0
MFC.US,60,20201106,190000,14.352,14.357,14.238,14.248,190096,0
MFC.US,60,20201106,200000,14.258,14.317,14.228,14.258,159059,0
MFC.US,60,20201106,210000,14.258,14.278,14.179,14.199,185294,0
MFC.US,60,20201106,220000,14.209,14.297,14.169,14.258,569230,0
MFC.US,60,20201109,160000,15.127,16.006,15.097,15.7,679736,0
MFC.US,60,20201109,170000,15.709,15.709,15.384,15.482,607759,0
MFC.US,60,20201109,180000,15.492,15.611,15.369,15.611,485812,0
MFC.US,60,20201109,190000,15.621,15.858,15.621,15.779,500685,0
MFC.US,60,20201109,200000,15.769,15.917,15.769,15.91,525315,0
MFC.US,60,20201109,210000,15.917,15.961,15.848,15.904,415243,0
MFC.US,60,20201109,220000,15.897,16.018,15.818,15.838,1404167,0
MFC.US,60,20201110,160000,15.917,16.2,15.867,16.193,320908,0
MFC.US,60,20201110,170000,16.183,16.45,16.114,16.183,378080,0
MFC.US,60,20201110,180000,16.183,16.415,16.183,16.337,481617,0
MFC.US,60,20201110,190000,16.332,16.514,16.317,16.514,420864,0
MFC.US,60,20201110,200000,16.514,16.588,16.45,16.539,653608,0
MFC.US,60,20201110,210000,16.544,16.598,16.46,16.588,508443,0
MFC.US,60,20201110,220000,16.588,16.657,16.578,16.647,1281210,0
MFC.US,60,20201111,160000,16.707,16.766,16.489,16.58,341010,0
MFC.US,60,20201111,170000,16.593,16.657,16.519,16.638,382014,0
MFC.US,60,20201111,180000,16.638,16.667,16.411,16.42,450395,0
MFC.US,60,20201111,190000,16.42,16.445,16.272,16.282,529309,0
MFC.US,60,20201111,200000,16.292,16.336,16.253,16.257,300026,0
MFC.US,60,20201111,210000,16.262,16.277,16.124,16.174,709501,0
MFC.US,60,20201111,220000,16.164,16.223,16.085,16.203,925596,0
MFC.US,60,20201112,160000,15.986,16.193,15.616,15.734,374484,0
MFC.US,60,20201112,170000,15.729,15.848,15.68,15.788,310408,0
MFC.US,60,20201112,180000,15.779,15.813,15.739,15.759,215380,0
MFC.US,60,20201112,190000,15.754,15.754,15.591,15.601,221607,0
MFC.US,60,20201112,200000,15.591,15.616,15.482,15.512,236180,0
MFC.US,60,20201112,210000,15.507,15.527,15.398,15.423,195284,0
MFC.US,60,20201112,220000,15.423,15.576,15.393,15.561,757607,0
MFC.US,60,20201113,160000,15.66,15.759,15.606,15.69,190312,0
MFC.US,60,20201113,170000,15.69,15.788,15.581,15.591,306072,0
MFC.US,60,20201113,180000,15.596,15.66,15.591,15.635,342781,0
MFC.US,60,20201113,190000,15.63,15.635,15.561,15.621,220105,0
MFC.US,60,20201113,200000,15.63,15.66,15.576,15.581,226105,0
MFC.US,60,20201113,210000,15.591,15.611,15.502,15.571,233048,0
MFC.US,60,20201113,220000,15.561,15.626,15.532,15.611,622431,0
MFC.US,60,20201116,160000,16.006,16.203,15.937,15.991,316714,0
MFC.US,60,20201116,170000,15.996,16.213,15.981,16.174,409837,0
MFC.US,60,20201116,180000,16.178,16.287,16.136,16.272,306326,0
MFC.US,60,20201116,190000,16.277,16.287,16.233,16.253,187634,0
MFC.US,60,20201116,200000,16.243,16.341,16.233,16.322,274532,0
MFC.US,60,20201116,210000,16.322,16.344,16.297,16.332,239075,0
MFC.US,60,20201116,220000,16.322,16.48,16.302,16.46,800275,0
MFC.US,60,20201117,160000,16.292,16.401,16.272,16.302,260338,0
MFC.US,60,20201117,170000,16.307,16.534,16.307,16.43,581776,0
MFC.US,60,20201117,180000,16.415,16.519,16.411,16.47,471818,0
MFC.US,60,20201117,190000,16.47,16.519,16.44,16.489,234819,0
MFC.US,60,20201117,200000,16.489,16.489,16.45,16.456,191721,0
MFC.US,60,20201117,210000,16.457,16.549,16.45,16.529,200673,0
MFC.US,60,20201117,220000,16.534,16.534,16.44,16.46,718374,0
MFC.US,60,20201118,160000,16.588,16.598,16.455,16.58,222867,0
MFC.US,60,20201118,170000,16.588,16.677,16.529,16.534,377445,0
MFC.US,60,20201118,180000,16.539,16.608,16.529,16.598,335734,0
MFC.US,60,20201118,190000,16.608,16.628,16.571,16.598,241190,0
MFC.US,60,20201118,200000,16.598,16.652,16.564,16.57,193813,0
MFC.US,60,20201118,210000,16.568,16.588,16.504,16.539,304354,0
MFC.US,60,20201118,220000,16.539,16.559,16.43,16.44,686589,0
MFC.US,60,20201119,160000,16.302,16.341,16.124,16.243,211980,0
MFC.US,60,20201119,170000,16.248,16.282,16.114,16.169,488572,0
MFC.US,60,20201119,180000,16.174,16.228,16.144,16.223,238240,0
MFC.US,60,20201119,190000,16.233,16.253,16.169,16.218,215987,0
MFC.US,60,20201119,200000,16.223,16.351,16.221,16.341,247083,0
MFC.US,60,20201119,210000,16.341,16.48,16.332,16.43,377822,0
MFC.US,60,20201119,220000,16.435,16.499,16.411,16.45,730149,0
MFC.US,60,20201120,160000,16.37,16.4,16.14,16.295,350062,0
MFC.US,60,20201120,170000,16.32,16.32,16.2,16.23,206029,0
MFC.US,60,20201120,180000,16.22,16.29,16.2,16.275,246827,0
MFC.US,60,20201120,190000,16.275,16.37,16.265,16.36,128449,0
MFC.US,60,20201120,200000,16.36,16.405,16.35,16.37,168519,0
MFC.US,60,20201120,210000,16.3624,16.38,16.33,16.34,142855,0
MFC.US,60,20201120,220000,16.35,16.44,16.31,16.44,553388,0
MFC.US,60,20201123,160000,16.6,16.625,16.5,16.52,291602,0
MFC.US,60,20201123,170000,16.52,16.53,16.405,16.445,353346,0
MFC.US,60,20201123,180000,16.45,16.47,16.36,16.42,306268,0
MFC.US,60,20201123,190000,16.42,16.57,16.39,16.565,217571,0
MFC.US,60,20201123,200000,16.56,16.71,16.55,16.695,207653,0
MFC.US,60,20201123,210000,16.7,16.74,16.64,16.74,246971,0
MFC.US,60,20201123,220000,16.74,16.75,16.57,16.6,786587,0
MFC.US,60,20201124,160000,16.87,17,16.73,16.97,409586,0
MFC.US,60,20201124,170000,16.97,17.085,16.92,17.06,375565,0
MFC.US,60,20201124,180000,17.065,17.32,17.06,17.31,410376,0
MFC.US,60,20201124,190000,17.315,17.41,17.23,17.4,571432,0
MFC.US,60,20201124,200000,17.4,17.479,17.38,17.47,354631,0
MFC.US,60,20201124,210000,17.47,17.55,17.39,17.41,488737,0
MFC.US,60,20201124,220000,17.41,17.41,17.28,17.38,1078332,0
MFC.US,60,20201125,160000,17.24,17.24,16.96,16.9985,375379,0
MFC.US,60,20201125,170000,16.99,17.04,16.91,17.005,285484,0
MFC.US,60,20201125,180000,17.005,17.1193,16.98,17.11,392528,0
MFC.US,60,20201125,190000,17.11,17.11,17.025,17.11,189839,0
MFC.US,60,20201125,200000,17.11,17.1669,17.08,17.16,139975,0
MFC.US,60,20201125,210000,17.16,17.17,17.02,17.06,213340,0
MFC.US,60,20201125,220000,17.055,17.13,17.03,17.12,570164,0
MFC.US,60,20201127,160000,17.13,17.53,17.12,17.35,396358,0
MFC.US,60,20201127,170000,17.34,17.3832,17.27,17.35,276779,0
MFC.US,60,20201127,180000,17.34,17.37,17.23,17.36,256048,0
MFC.US,60,20201127,190000,17.365,17.37,17.195,17.29,311464,0
MFC.US,60,20201127,200000,17.3,17.3,17.3,17.3,31227,0
MFC.US,60,20201130,160000,17.25,17.25,17.085,17.1,206558,0
MFC.US,60,20201130,170000,17.11,17.115,16.9,17.01,315613,0
MFC.US,60,20201130,180000,17.02,17.04,16.845,16.93,313452,0
MFC.US,60,20201130,190000,16.92,17.065,16.885,17.065,242922,0
MFC.US,60,20201130,200000,17.06,17.06,17,17.025,304739,0
MFC.US,60,20201130,210000,17.023,17.15,17.01,17.145,512072,0
MFC.US,60,20201130,220000,17.15,17.155,17.04,17.06,1971533,0
MFC.US,60,20201201,160000,17.34,17.52,17.32,17.36,312839,0
MFC.US,60,20201201,170000,17.35,17.35,17.2,17.26,270622,0
MFC.US,60,20201201,180000,17.25,17.32,17.22,17.22,260768,0
MFC.US,60,20201201,190000,17.21,17.3,17.19,17.27,167510,0
MFC.US,60,20201201,200000,17.275,17.28,17.17,17.2559,156370,0
MFC.US,60,20201201,210000,17.255,17.31,17.22,17.255,175430,0
MFC.US,60,20201201,220000,17.255,17.26,17.19,17.21,525168,0
MFC.US,60,20201202,160000,17.13,17.245,17.05,17.195,238107,0
MFC.US,60,20201202,170000,17.19,17.2353,17.13,17.1819,561875,0
MFC.US,60,20201202,180000,17.18,17.25,17.18,17.21,363715,0
MFC.US,60,20201202,190000,17.21,17.223,17.14,17.14,287448,0
MFC.US,60,20201202,200000,17.15,17.155,17.1054,17.13,177395,0
MFC.US,60,20201202,210000,17.13,17.27,17.13,17.26,360856,0
MFC.US,60,20201202,220000,17.26,17.41,17.255,17.39,1055840,0
MFC.US,60,20201203,160000,17.37,17.57,17.37,17.56,266946,0
MFC.US,60,20201203,170000,17.56,17.6642,17.545,17.63,318414,0
MFC.US,60,20201203,180000,17.65,17.67,17.59,17.62,255765,0
MFC.US,60,20201203,190000,17.61,17.63,17.565,17.605,210404,0
MFC.US,60,20201203,200000,17.6,17.61,17.535,17.54,526827,0
MFC.US,60,20201203,210000,17.54,17.655,17.53,17.634,213921,0
MFC.US,60,20201203,220000,17.63,17.665,17.53,17.59,1003797,0
MFC.US,60,20201204,160000,17.72,17.83,17.67,17.83,253880,0
MFC.US,60,20201204,170000,17.825,18.0466,17.795,17.97,558493,0
MFC.US,60,20201204,180000,17.97,18.015,17.955,18.01,477543,0
MFC.US,60,20201204,190000,18.0027,18.07,17.99,18,482535,0
MFC.US,60,20201204,200000,18,18.05,17.98,18.05,339523,0
MFC.US,60,20201204,210000,18.05,18.165,18.0431,18.155,469344,0
MFC.US,60,20201204,220000,18.16,18.24,18.105,18.23,861014,0
MFC.US,60,20201207,160000,18.09,18.19,17.93,18,417172,0
MFC.US,60,20201207,170000,18,18.02,17.96,17.96,263289,0
MFC.US,60,20201207,180000,17.96,18,17.935,18,242662,0
MFC.US,60,20201207,190000,17.9975,18.01,17.97,17.99,102193,0
MFC.US,60,20201207,200000,17.985,18.03,17.965,17.969,142290,0
MFC.US,60,20201207,210000,17.96,18.02,17.95,18,201840,0
MFC.US,60,20201207,220000,18,18.04,17.96,18.01,569620,0
MFC.US,60,20201208,160000,17.91,18.17,17.88,18.02,191973,0
MFC.US,60,20201208,170000,18.02,18.05,17.93,17.965,346652,0
MFC.US,60,20201208,180000,17.97,18.01,17.94,17.9685,267605,0
MFC.US,60,20201208,190000,17.97,18.0014,17.96,18,102362,0
MFC.US,60,20201208,200000,17.995,18.01,17.96,18,67733,0
MFC.US,60,20201208,210000,18,18.05,17.98,17.98,197234,0
MFC.US,60,20201208,220000,17.97,18.06,17.96,18.05,561853,0
MFC.US,60,20201209,160000,18.15,18.15,18.01,18.06,323795,0
MFC.US,60,20201209,170000,18.05,18.1,17.98,18.04,599944,0
MFC.US,60,20201209,180000,18.01,18.04,17.98,18.02,144219,0
MFC.US,60,20201209,190000,18.0178,18.06,17.985,18.0269,234008,0
MFC.US,60,20201209,200000,18.01,18.02,17.87,17.89,167478,0
MFC.US,60,20201209,210000,17.895,18.035,17.875,18.02,288215,0
MFC.US,60,20201209,220000,18.02,18.08,18.01,18.06,445873,0
MFC.US,60,20201210,160000,17.99,18.065,17.845,18,213596,0
MFC.US,60,20201210,170000,18,18.03,17.91,17.97,313381,0
MFC.US,60,20201210,180000,17.98,18.01,17.9,17.9,227919,0
MFC.US,60,20201210,190000,17.9,17.98,17.885,17.93,257299,0
MFC.US,60,20201210,200000,17.92,17.985,17.915,17.98,180317,0
MFC.US,60,20201210,210000,17.99,18.09,17.96,18.02,251336,0
MFC.US,60,20201210,220000,18.03,18.09,18.03,18.06,297747,0
MFC.US,60,20201211,160000,17.83,17.8588,17.74,17.85,180486,0
MFC.US,60,20201211,170000,17.86,17.91,17.82,17.84,209214,0
MFC.US,60,20201211,180000,17.84,17.8537,17.8,17.84,179401,0
MFC.US,60,20201211,190000,17.845,17.85,17.77,17.78,230890,0
MFC.US,60,20201211,200000,17.7882,17.7882,17.7108,17.76,230151,0
MFC.US,60,20201211,210000,17.765,17.85,17.745,17.81,171092,0
MFC.US,60,20201211,220000,17.805,17.875,17.79,17.87,387317,0
MFC.US,60,20201214,160000,18.1,18.1,17.93,17.97,202717,0
MFC.US,60,20201214,170000,17.975,18,17.79,17.79,277722,0
MFC.US,60,20201214,180000,17.79,17.835,17.75,17.76,151468,0
MFC.US,60,20201214,190000,17.77,17.8,17.715,17.74,164669,0
MFC.US,60,20201214,200000,17.74,17.76,17.66,17.67,162023,0
MFC.US,60,20201214,210000,17.68,17.68,17.53,17.59,227483,0
MFC.US,60,20201214,220000,17.59,17.613,17.535,17.56,1534234,0
MFC.US,60,20201215,160000,17.72,17.775,17.53,17.54,390259,0
MFC.US,60,20201215,170000,17.54,17.555,17.365,17.49,472221,0
MFC.US,60,20201215,180000,17.49,17.54,17.45,17.51,302772,0
MFC.US,60,20201215,190000,17.51,17.61,17.5,17.59,191594,0
MFC.US,60,20201215,200000,17.59,17.68,17.56,17.67,192122,0
MFC.US,60,20201215,210000,17.66,17.705,17.64,17.7,136243,0
MFC.US,60,20201215,220000,17.6933,17.74,17.665,17.68,350840,0
MFC.US,60,20201216,160000,17.68,17.75,17.44,17.52,319559,0
MFC.US,60,20201216,170000,17.52,17.57,17.485,17.515,196079,0
MFC.US,60,20201216,180000,17.52,17.7,17.5197,17.685,227881,0
MFC.US,60,20201216,190000,17.68,17.68,17.61,17.645,164985,0
MFC.US,60,20201216,200000,17.64,17.71,17.615,17.68,194028,0
MFC.US,60,20201216,210000,17.68,17.71,17.62,17.7,135340,0
MFC.US,60,20201216,220000,17.7,17.74,17.65,17.65,452663,0
MFC.US,60,20201217,160000,17.7,17.8,17.52,17.575,224221,0
MFC.US,60,20201217,170000,17.575,17.64,17.52,17.61,177180,0
MFC.US,60,20201217,180000,17.614,17.62,17.54,17.6134,214791,0
MFC.US,60,20201217,190000,17.61,17.61,17.535,17.5457,140511,0
MFC.US,60,20201217,200000,17.55,17.5923,17.535,17.55,73922,0
MFC.US,60,20201217,210000,17.55,17.6153,17.53,17.58,188929,0
MFC.US,60,20201217,220000,17.585,17.67,17.565,17.66,371008,0
MFC.US,60,20201218,160000,17.63,17.64,17.46,17.505,205057,0
MFC.US,60,20201218,170000,17.5,17.52,17.4,17.43,157553,0
MFC.US,60,20201218,180000,17.43,17.475,17.41,17.44,140557,0
MFC.US,60,20201218,190000,17.44,17.465,17.41,17.445,155246,0
MFC.US,60,20201218,200000,17.446,17.465,17.41,17.445,125962,0
MFC.US,60,20201218,210000,17.445,17.45,17.38,17.395,171108,0
MFC.US,60,20201218,220000,17.394,17.42,17.3,17.36,884579,0
MFC.US,60,20201221,160000,17.09,17.25,16.9,17.1,392189,0
MFC.US,60,20201221,170000,17.09,17.13,16.995,17.1,333179,0
MFC.US,60,20201221,180000,17.09,17.18,17.09,17.16,273852,0
MFC.US,60,20201221,190000,17.16,17.285,17.15,17.265,172082,0
MFC.US,60,20201221,200000,17.27,17.33,17.23,17.3,161370,0
MFC.US,60,20201221,210000,17.29,17.375,17.26,17.335,263689,0
MFC.US,60,20201221,220000,17.34,17.35,17.26,17.3,667030,0
MFC.US,60,20201222,160000,17.31,17.38,17.15,17.17,157243,0
MFC.US,60,20201222,170000,17.17,17.27,17.14,17.225,195370,0
MFC.US,60,20201222,180000,17.23,17.2618,17.18,17.19,137853,0
MFC.US,60,20201222,190000,17.1927,17.195,17.14,17.18,86769,0
MFC.US,60,20201222,200000,17.18,17.245,17.17,17.2376,102126,0
MFC.US,60,20201222,210000,17.2319,17.25,17.185,17.24,165044,0
MFC.US,60,20201222,220000,17.23,17.235,17.17,17.2,496569,0
MFC.US,60,20201223,160000,17.3,17.54,17.3,17.51,152879,0
MFC.US,60,20201223,170000,17.51,17.53,17.3814,17.41,376270,0
MFC.US,60,20201223,180000,17.41,17.48,17.38,17.48,131891,0
MFC.US,60,20201223,190000,17.4714,17.485,17.45,17.475,113328,0
MFC.US,60,20201223,200000,17.475,17.5,17.445,17.49,103490,0
MFC.US,60,20201223,210000,17.495,17.51,17.445,17.45,139222,0
MFC.US,60,20201223,220000,17.45,17.495,17.42,17.48,290952,0
MFC.US,60,20201224,160000,17.52,17.53,17.335,17.41,107683,0
MFC.US,60,20201224,170000,17.4,17.47,17.3519,17.47,106103,0
MFC.US,60,20201224,180000,17.4684,17.47,17.425,17.44,44528,0
MFC.US,60,20201224,190000,17.44,17.54,17.4028,17.52,223268,0
MFC.US,60,20201224,200000,17.52,17.52,17.52,17.52,11381,0
MFC.US,60,20201228,160000,17.64,17.695,17.57,17.68,70817,0
MFC.US,60,20201228,170000,17.6746,17.79,17.665,17.695,103227,0
MFC.US,60,20201228,180000,17.695,17.74,17.67,17.695,93794,0
MFC.US,60,20201228,190000,17.6932,17.71,17.64,17.655,74162,0
MFC.US,60,20201228,200000,17.65,17.66,17.6137,17.625,38099,0
MFC.US,60,20201228,210000,17.6299,17.65,17.61,17.62,115770,0
MFC.US,60,20201228,220000,17.61,17.625,17.54,17.6,315603,0
MFC.US,60,20201229,160000,17.64,17.74,17.52,17.56,160843,0
MFC.US,60,20201229,170000,17.56,17.599,17.47,17.575,162376,0
MFC.US,60,20201229,180000,17.575,17.715,17.56,17.715,225519,0
MFC.US,60,20201229,190000,17.71,17.72,17.575,17.61,146751,0
MFC.US,60,20201229,200000,17.61,17.67,17.595,17.64,180688,0
MFC.US,60,20201229,210000,17.64,17.66,17.59,17.625,195656,0
MFC.US,60,20201229,220000,17.62,17.67,17.62,17.65,594561,0
MFC.US,60,20201230,160000,17.77,17.8,17.67,17.78,111464,0
MFC.US,60,20201230,170000,17.786,17.81,17.74,17.77,127133,0
MFC.US,60,20201230,180000,17.77,17.78,17.66,17.67,156974,0
MFC.US,60,20201230,190000,17.66,17.74,17.66,17.705,110295,0
MFC.US,60,20201230,200000,17.71,17.72,17.6119,17.615,145574,0
MFC.US,60,20201230,210000,17.62,17.63,17.6,17.61,106100,0
MFC.US,60,20201230,220000,17.61,17.6837,17.6032,17.64,363158,0
MFC.US,60,20201231,160000,17.64,17.71,17.63,17.69,75487,0
MFC.US,60,20201231,170000,17.6882,17.77,17.675,17.74,170333,0
MFC.US,60,20201231,180000,17.74,17.8,17.72,17.8,132115,0
MFC.US,60,20201231,190000,17.7916,17.81,17.77,17.795,75634,0
MFC.US,60,20201231,200000,17.8,17.85,17.8,17.8381,196945,0
MFC.US,60,20201231,210000,17.837,17.86,17.82,17.83,133886,0
MFC.US,60,20201231,220000,17.835,17.88,17.78,17.82,762093,0
MFC.US,60,20210104,160000,17.98,18.06,17.82,17.9,247984,0
MFC.US,60,20210104,170000,17.875,17.88,17.62,17.64,365096,0
MFC.US,60,20210104,180000,17.64,17.66,17.52,17.525,344989,0
MFC.US,60,20210104,190000,17.52,17.54,17.46,17.52,226825,0
MFC.US,60,20210104,200000,17.52,17.66,17.52,17.63,173431,0
MFC.US,60,20210104,210000,17.63,17.63,17.5,17.55,154657,0
MFC.US,60,20210104,220000,17.545,17.57,17.48,17.55,558824,0
MFC.US,60,20210105,160000,17.57,17.845,17.57,17.7,153494,0
MFC.US,60,20210105,170000,17.71,17.79,17.67,17.69,219533,0
MFC.US,60,20210105,180000,17.69,17.8,17.65,17.79,123637,0
MFC.US,60,20210105,190000,17.795,17.9,17.795,17.895,150415,0
MFC.US,60,20210105,200000,17.89,17.935,17.89,17.935,131257,0
MFC.US,60,20210105,210000,17.935,17.99,17.91,17.91,210369,0
MFC.US,60,20210105,220000,17.91,17.955,17.89,17.93,716640,0
MFC.US,60,20210106,160000,18.05,18.4019,17.96,18.38,487917,0
MFC.US,60,20210106,170000,18.39,18.47,18.36,18.44,454703,0
MFC.US,60,20210106,180000,18.43,18.635,18.415,18.62,507473,0
MFC.US,60,20210106,190000,18.63,18.74,18.615,18.67,630897,0
MFC.US,60,20210106,200000,18.67,18.71,18.605,18.62,252172,0
MFC.US,60,20210106,210000,18.62,18.66,18.47,18.52,548431,0
MFC.US,60,20210106,220000,18.53,18.625,18.46,18.57,1592813,0
MFC.US,60,20210107,160000,18.66,18.7,18.51,18.6295,257005,0
MFC.US,60,20210107,170000,18.62,18.745,18.53,18.73,331624,0
MFC.US,60,20210107,180000,18.725,18.78,18.691,18.74,333080,0
MFC.US,60,20210107,190000,18.745,18.885,18.745,18.885,334897,0
MFC.US,60,20210107,200000,18.885,18.93,18.81,18.86,321401,0
MFC.US,60,20210107,210000,18.87,18.89,18.845,18.885,201805,0
MFC.US,60,20210107,220000,18.89,18.96,18.89,18.92,829829,0
MFC.US,60,20210108,160000,19,19.045,18.89,18.9,132034,0
MFC.US,60,20210108,170000,18.91,18.93,18.8,18.89,357988,0
MFC.US,60,20210108,180000,18.89,18.91,18.76,18.88,356224,0
MFC.US,60,20210108,190000,18.88,18.88,18.8,18.8399,292568,0
MFC.US,60,20210108,200000,18.84,18.84,18.68,18.695,449200,0
MFC.US,60,20210108,210000,18.71,18.79,18.705,18.7721,195756,0
MFC.US,60,20210108,220000,18.7728,18.89,18.73,18.88,614138,0
MFC.US,60,20210111,160000,18.54,18.66,18.48,18.62,241329,0
MFC.US,60,20210111,170000,18.62,18.68,18.575,18.63,264588,0
MFC.US,60,20210111,180000,18.63,18.685,18.575,18.63,250544,0
MFC.US,60,20210111,190000,18.62,18.735,18.62,18.72,195166,0
MFC.US,60,20210111,200000,18.72,18.73,18.67,18.705,151301,0
MFC.US,60,20210111,210000,18.71,18.73,18.66,18.725,138174,0
MFC.US,60,20210111,220000,18.725,18.755,18.685,18.75,392324,0
MFC.US,60,20210112,160000,18.8,18.92,18.77,18.92,127171,0
MFC.US,60,20210112,170000,18.92,19.0753,18.86,19.06,332292,0
MFC.US,60,20210112,180000,19.06,19.13,18.97,19.02,390445,0
MFC.US,60,20210112,190000,19.015,19.09,18.9667,19.03,212841,0
MFC.US,60,20210112,200000,19.025,19.075,18.985,19.06,303220,0
MFC.US,60,20210112,210000,19.06,19.08,19.03,19.06,291962,0
MFC.US,60,20210112,220000,19.06,19.08,18.9701,18.98,549357,0
MFC.US,60,20210113,160000,19.02,19.13,18.93,19.09,219363,0
MFC.US,60,20210113,170000,19.08,19.2,19.01,19.13,632855,0
MFC.US,60,20210113,180000,19.12,19.13,19.02,19.045,270368,0
MFC.US,60,20210113,190000,19.0499,19.24,18.995,19.19,387558,0
MFC.US,60,20210113,200000,19.19,19.3,19.16,19.285,249434,0
MFC.US,60,20210113,210000,19.28,19.325,19.165,19.18,314772,0
MFC.US,60,20210113,220000,19.17,19.19,19.092,19.18,1155897,0
MFC.US,60,20210114,160000,19.21,19.265,19.18,19.265,117946,0
MFC.US,60,20210114,170000,19.28,19.34,19.25,19.3,210607,0
MFC.US,60,20210114,180000,19.31,19.375,19.27,19.345,311038,0
MFC.US,60,20210114,190000,19.35,19.46,19.34,19.44,226142,0
MFC.US,60,20210114,200000,19.43,19.53,19.4,19.52,228623,0
MFC.US,60,20210114,210000,19.52,19.57,19.44,19.47,407506,0
MFC.US,60,20210114,220000,19.48,19.5,19.41,19.44,746675,0
MFC.US,60,20210115,160000,19.21,19.255,19.11,19.15,193295,0
MFC.US,60,20210115,170000,19.15,19.15,18.97,19.095,302519,0
MFC.US,60,20210115,180000,19.075,19.095,19,19.04,235170,0
MFC.US,60,20210115,190000,19.03,19.11,19,19.075,258807,0
MFC.US,60,20210115,200000,19.07,19.11,19.01,19.03,228818,0
MFC.US,60,20210115,210000,19.035,19.08,19,19.06,216053,0
MFC.US,60,20210115,220000,19.06,19.08,18.985,19.03,847547,0
MFC.US,60,20210119,160000,19.19,19.36,19.19,19.33,272321,0
MFC.US,60,20210119,170000,19.335,19.355,19.23,19.34,297528,0
MFC.US,60,20210119,180000,19.33,19.3994,19.3126,19.39,174719,0
MFC.US,60,20210119,190000,19.38,19.41,19.34,19.4,247916,0
MFC.US,60,20210119,200000,19.395,19.42,19.35,19.38,130940,0
MFC.US,60,20210119,210000,19.38,19.43,19.32,19.33,200783,0
MFC.US,60,20210119,220000,19.33,19.38,19.295,19.31,537552,0
MFC.US,60,20210120,160000,19.35,19.41,19.19,19.25,100321,0
MFC.US,60,20210120,170000,19.25,19.32,19.21,19.265,215328,0
MFC.US,60,20210120,180000,19.27,19.35,19.22,19.33,148331,0
MFC.US,60,20210120,190000,19.32,19.41,19.315,19.38,114612,0
MFC.US,60,20210120,200000,19.374,19.4,19.31,19.33,121611,0
MFC.US,60,20210120,210000,19.33,19.34,19.26,19.31,154717,0
MFC.US,60,20210120,220000,19.3181,19.4,19.29,19.39,513482,0
MFC.US,60,20210121,160000,19.45,19.45,19.29,19.33,113528,0
MFC.US,60,20210121,170000,19.33,19.35,19.26,19.31,175252,0
MFC.US,60,20210121,180000,19.31,19.335,19.245,19.29,103371,0
MFC.US,60,20210121,190000,19.28,19.3,19.23,19.29,121746,0
MFC.US,60,20210121,200000,19.29,19.3,19.21,19.235,155824,0
MFC.US,60,20210121,210000,19.24,19.28,19.23,19.27,110165,0
MFC.US,60,20210121,220000,19.265,19.31,19.24,19.28,557732,0
MFC.US,60,20210122,160000,19,19.1,19,19.03,147142,0
MFC.US,60,20210122,170000,19.04,19.085,18.925,18.95,301144,0
MFC.US,60,20210122,180000,18.95,18.99,18.89,18.945,124279,0
MFC.US,60,20210122,190000,18.94,18.96,18.9,18.94,125725,0
MFC.US,60,20210122,200000,18.93,18.9481,18.89,18.89,103068,0
MFC.US,60,20210122,210000,18.89,18.9345,18.87,18.93,128516,0
MFC.US,60,20210122,220000,18.93,18.995,18.915,18.96,717069,0
MFC.US,60,20210125,160000,18.79,18.81,18.62,18.67,286422,0
MFC.US,60,20210125,170000,18.69,18.82,18.635,18.64,200809,0
MFC.US,60,20210125,180000,18.64,18.655,18.51,18.6,164676,0
MFC.US,60,20210125,190000,18.59,18.63,18.55,18.62,178989,0
MFC.US,60,20210125,200000,18.63,18.65,18.59,18.6256,130530,0
MFC.US,60,20210125,210000,18.625,18.71,18.6,18.69,248595,0
MFC.US,60,20210125,220000,18.69,18.82,18.69,18.78,751373,0
MFC.US,60,20210126,160000,18.91,18.97,18.75,18.78,129139,0
MFC.US,60,20210126,170000,18.78,18.8282,18.715,18.725,175828,0
MFC.US,60,20210126,180000,18.73,18.77,18.66,18.67,176219,0
MFC.US,60,20210126,190000,18.6756,18.73,18.65,18.72,222775,0
MFC.US,60,20210126,200000,18.72,18.75,18.7,18.72,106044,0
MFC.US,60,20210126,210000,18.7211,18.7924,18.7,18.7924,261246,0
MFC.US,60,20210126,220000,18.79,18.84,18.78,18.8,513696,0
MFC.US,60,20210127,160000,18.45,18.5481,18.205,18.35,192164,0
MFC.US,60,20210127,170000,18.3641,18.42,18.28,18.37,286982,0
MFC.US,60,20210127,180000,18.37,18.375,18.21,18.22,273700,0
MFC.US,60,20210127,190000,18.225,18.33,18.22,18.28,335032,0
MFC.US,60,20210127,200000,18.28,18.335,18.26,18.29,200429,0
MFC.US,60,20210127,210000,18.29,18.32,18.17,18.2,287678,0
MFC.US,60,20210127,220000,18.2,18.205,18.065,18.15,1490052,0
MFC.US,60,20210128,160000,18.24,18.32,18.12,18.22,230370,0
MFC.US,60,20210128,170000,18.23,18.3,18.205,18.28,386692,0
MFC.US,60,20210128,180000,18.28,18.35,18.23,18.325,518858,0
MFC.US,60,20210128,190000,18.33,18.515,18.33,18.5031,181327,0
MFC.US,60,20210128,200000,18.5,18.565,18.48,18.5619,293112,0
MFC.US,60,20210128,210000,18.56,18.57,18.47,18.5,185000,0
MFC.US,60,20210128,220000,18.5,18.51,18.38,18.41,775427,0
MFC.US,60,20210129,160000,18.33,18.33,17.995,18.22,167116,0
MFC.US,60,20210129,170000,18.22,18.29,18.105,18.17,142311,0
MFC.US,60,20210129,180000,18.17,18.175,17.99,18.11,221495,0
MFC.US,60,20210129,190000,18.1,18.11,17.89,17.94,212613,0
MFC.US,60,20210129,200000,17.94,18,17.86,17.9281,169606,0
MFC.US,60,20210129,210000,17.92,18.02,17.9,17.93,196225,0
MFC.US,60,20210129,220000,17.94,18.1468,17.94,18.08,1400978,0
MFC.US,60,20210201,160000,18.2,18.3,18.18,18.2,169977,0
MFC.US,60,20210201,170000,18.19,18.24,18.15,18.18,190848,0
MFC.US,60,20210201,180000,18.18,18.32,18.16,18.27,192631,0
MFC.US,60,20210201,190000,18.265,18.275,18.19,18.26,178574,0
MFC.US,60,20210201,200000,18.26,18.28,18.2,18.21,175771,0
MFC.US,60,20210201,210000,18.21,18.285,18.2,18.255,309633,0
MFC.US,60,20210201,220000,18.26,18.28,18.2,18.22,555734,0
MFC.US,60,20210202,160000,18.42,18.51,18.4,18.42,134339,0
MFC.US,60,20210202,170000,18.425,18.52,18.41,18.505,267776,0
MFC.US,60,20210202,180000,18.505,18.57,18.5,18.52,172439,0
MFC.US,60,20210202,190000,18.5399,18.58,18.48,18.535,171848,0
MFC.US,60,20210202,200000,18.54,18.61,18.535,18.57,179373,0
MFC.US,60,20210202,210000,18.57,18.59,18.54,18.59,157479,0
MFC.US,60,20210202,220000,18.58,18.58,18.49,18.5,854478,0
MFC.US,60,20210203,160000,18.5,18.54,18.45,18.54,101535,0
MFC.US,60,20210203,170000,18.545,18.5956,18.49,18.55,171050,0
MFC.US,60,20210203,180000,18.55,18.55,18.445,18.47,199122,0
MFC.US,60,20210203,190000,18.46,18.485,18.42,18.44,117165,0
MFC.US,60,20210203,200000,18.445,18.48,18.43,18.445,129404,0
MFC.US,60,20210203,210000,18.44,18.53,18.43,18.51,203290,0
MFC.US,60,20210203,220000,18.5,18.605,18.4601,18.57,472116,0
MFC.US,60,20210204,160000,18.6,18.69,18.53,18.685,245089,0
MFC.US,60,20210204,170000,18.685,18.8282,18.685,18.775,298065,0
MFC.US,60,20210204,180000,18.78,18.87,18.78,18.85,197684,0
MFC.US,60,20210204,190000,18.86,18.895,18.8255,18.83,258935,0
MFC.US,60,20210204,200000,18.83,18.86,18.74,18.74,165894,0
MFC.US,60,20210204,210000,18.74,18.803,18.74,18.78,212426,0
MFC.US,60,20210204,220000,18.78,18.78,18.7,18.73,640292,0
MFC.US,60,20210205,160000,18.82,18.85,18.71,18.735,226152,0
MFC.US,60,20210205,170000,18.73,18.89,18.71,18.8427,298623,0
MFC.US,60,20210205,180000,18.84,18.91,18.81,18.86,166113,0
MFC.US,60,20210205,190000,18.86,18.905,18.845,18.875,102326,0
MFC.US,60,20210205,200000,18.87,18.87,18.79,18.795,123431,0
MFC.US,60,20210205,210000,18.7977,18.85,18.79,18.845,153421,0
MFC.US,60,20210205,220000,18.845,18.9099,18.825,18.9,401599,0
MFC.US,60,20210208,160000,18.96,19.11,18.94,19.0719,219855,0
MFC.US,60,20210208,170000,19.08,19.145,19.07,19.12,207523,0
MFC.US,60,20210208,180000,19.125,19.155,19.0905,19.135,228257,0
MFC.US,60,20210208,190000,19.13,19.21,19.13,19.17,212409,0
MFC.US,60,20210208,200000,19.165,19.2,19.15,19.16,162451,0
MFC.US,60,20210208,210000,19.16,19.22,19.16,19.2019,110968,0
MFC.US,60,20210208,220000,19.2,19.21,19.145,19.2,1217144,0
MFC.US,60,20210209,160000,19.16,19.22,19.11,19.2199,138775,0
MFC.US,60,20210209,170000,19.22,19.27,19.175,19.24,142531,0
MFC.US,60,20210209,180000,19.24,19.255,19.12,19.17,207376,0
MFC.US,60,20210209,190000,19.16,19.37,19.16,19.355,394064,0
MFC.US,60,20210209,200000,19.36,19.515,19.355,19.47,252675,0
MFC.US,60,20210209,210000,19.47,19.49,19.43,19.475,241364,0
MFC.US,60,20210209,220000,19.47,19.4781,19.4,19.44,711788,0
MFC.US,60,20210210,160000,19.6,19.64,19.5,19.615,172409,0
MFC.US,60,20210210,170000,19.615,19.65,19.39,19.53,300272,0
MFC.US,60,20210210,180000,19.52,19.55,19.43,19.49,267268,0
MFC.US,60,20210210,190000,19.49,19.49,19.41,19.43,390584,0
MFC.US,60,20210210,200000,19.425,19.44,19.38,19.39,225599,0
MFC.US,60,20210210,210000,19.39,19.39,19.33,19.38,202156,0
MFC.US,60,20210210,220000,19.38,19.4,19.29,19.35,689736,0
MFC.US,60,20210211,160000,19.45,20.03,19.45,19.665,661440,0
MFC.US,60,20210211,170000,19.66,19.855,19.6,19.805,530077,0
MFC.US,60,20210211,180000,19.805,19.855,19.77,19.81,269894,0
MFC.US,60,20210211,190000,19.81,19.81,19.675,19.765,426003,0
MFC.US,60,20210211,200000,19.77,19.82,19.74,19.77,234258,0
MFC.US,60,20210211,210000,19.77,19.795,19.715,19.72,184594,0
MFC.US,60,20210211,220000,19.72,19.735,19.54,19.6,1031115,0
MFC.US,60,20210212,160000,19.42,19.68,19.42,19.6,337113,0
MFC.US,60,20210212,170000,19.6,19.615,19.49,19.49,386849,0
MFC.US,60,20210212,180000,19.499,19.525,19.42,19.515,270781,0
MFC.US,60,20210212,190000,19.52,19.54,19.46,19.4841,298523,0
MFC.US,60,20210212,200000,19.48,19.52,19.44,19.47,182344,0
MFC.US,60,20210212,210000,19.475,19.54,19.45,19.5173,144937,0
MFC.US,60,20210212,220000,19.52,19.59,19.5014,19.57,451596,0
MFC.US,60,20210216,160000,19.73,19.77,19.48,19.49,403081,0
MFC.US,60,20210216,170000,19.49,19.65,19.46,19.59,631990,0
MFC.US,60,20210216,180000,19.59,19.62,19.49,19.54,337297,0
MFC.US,60,20210216,190000,19.535,19.575,19.52,19.555,197086,0
MFC.US,60,20210216,200000,19.555,19.565,19.52,19.545,190207,0
MFC.US,60,20210216,210000,19.54,19.54,19.472,19.53,229475,0
MFC.US,60,20210216,220000,19.52,19.555,19.5,19.51,931177,0
MFC.US,60,20210217,160000,19.4,19.52,19.245,19.5,488321,0
MFC.US,60,20210217,170000,19.5,19.68,19.45,19.64,850694,0
MFC.US,60,20210217,180000,19.64,19.76,19.585,19.725,652479,0
MFC.US,60,20210217,190000,19.72,19.76,19.69,19.73,260468,0
MFC.US,60,20210217,200000,19.73,19.81,19.73,19.78,238703,0
MFC.US,60,20210217,210000,19.7754,19.835,19.75,19.8,237111,0
MFC.US,60,20210217,220000,19.8,19.805,19.73,19.76,681104,0
MFC.US,60,20210218,160000,19.68,19.7681,19.47,19.695,532963,0
MFC.US,60,20210218,170000,19.7,19.74,19.46,19.52,299491,0
MFC.US,60,20210218,180000,19.52,19.59,19.4721,19.5,286706,0
MFC.US,60,20210218,190000,19.5,19.53,19.43,19.48,260167,0
MFC.US,60,20210218,200000,19.48,19.645,19.45,19.64,406910,0
MFC.US,60,20210218,210000,19.64,19.695,19.64,19.68,178433,0
MFC.US,60,20210218,220000,19.69,19.75,19.67,19.68,629663,0
MFC.US,60,20210219,160000,19.82,19.99,19.75,19.98,275811,0
MFC.US,60,20210219,170000,19.985,19.985,19.845,19.89,551305,0
MFC.US,60,20210219,180000,19.88,19.91,19.8,19.81,430226,0
MFC.US,60,20210219,190000,19.81,19.82,19.715,19.77,614016,0
MFC.US,60,20210219,200000,19.775,19.83,19.77,19.815,399111,0
MFC.US,60,20210219,210000,19.815,19.82,19.78,19.805,252964,0
MFC.US,60,20210219,220000,19.805,19.82,19.68,19.7,1121807,0
MFC.US,60,20210222,160000,19.49,19.575,19.47,19.55,332411,0
MFC.US,60,20210222,170000,19.545,19.69,19.535,19.65,515275,0
MFC.US,60,20210222,180000,19.64,19.73,19.61,19.71,283225,0
MFC.US,60,20210222,190000,19.72,19.725,19.68,19.69,291205,0
MFC.US,60,20210222,200000,19.7,19.74,19.69,19.705,141296,0
MFC.US,60,20210222,210000,19.71,19.74,19.66,19.66,227741,0
MFC.US,60,20210222,220000,19.665,19.675,19.48,19.53,1434559,0
MFC.US,60,20210223,160000,19.57,19.62,19.1,19.23,277762,0
MFC.US,60,20210223,170000,19.24,19.445,19.23,19.415,485256,0
MFC.US,60,20210223,180000,19.42,19.46,19.285,19.29,318301,0
MFC.US,60,20210223,190000,19.28,19.395,19.26,19.32,334043,0
MFC.US,60,20210223,200000,19.32,19.425,19.32,19.38,257261,0
MFC.US,60,20210223,210000,19.37,19.41,19.325,19.365,381157,0
MFC.US,60,20210223,220000,19.365,19.45,19.355,19.42,1145326,0
MFC.US,60,20210224,160000,19.47,19.72,19.28,19.69,350427,0
MFC.US,60,20210224,170000,19.69,19.868,19.685,19.8,821236,0
MFC.US,60,20210224,180000,19.795,20.07,19.795,20.06,618816,0
MFC.US,60,20210224,190000,20.06,20.315,19.97,20.28,683034,0
MFC.US,60,20210224,200000,20.28,20.47,20.28,20.47,909026,0
MFC.US,60,20210224,210000,20.47,20.485,20.3,20.41,773232,0
MFC.US,60,20210224,220000,20.41,20.51,20.39,20.46,2005463,0
MFC.US,60,20210225,160000,20.62,20.815,20.59,20.78,915290,0
MFC.US,60,20210225,170000,20.785,20.785,20.545,20.735,766129,0
MFC.US,60,20210225,180000,20.735,20.8,20.54,20.56,566482,0
MFC.US,60,20210225,190000,20.56,20.6,20.41,20.445,683483,0
MFC.US,60,20210225,200000,20.44,20.51,20.33,20.4984,498290,0
MFC.US,60,20210225,210000,20.49,20.5818,20.465,20.545,432968,0
MFC.US,60,20210225,220000,20.535,20.56,20.3,20.44,1158103,0
MFC.US,60,20210226,160000,20.37,20.39,20.14,20.14,448247,0
MFC.US,60,20210226,170000,20.145,20.155,19.81,19.98,723622,0
MFC.US,60,20210226,180000,20,20.125,19.92,19.99,346612,0
MFC.US,60,20210226,190000,20,20.13,19.975,20.075,287614,0
MFC.US,60,20210226,200000,20.08,20.1,19.96,19.98,281152,0
MFC.US,60,20210226,210000,19.97,20.035,19.9,20.02,389988,0
MFC.US,60,20210226,220000,20.02,20.13,19.91,19.91,1147947,0
MFC.US,60,20210301,160000,20.27,20.39,20.18,20.32,342512,0
MFC.US,60,20210301,170000,20.33,20.61,20.31,20.605,352650,0
MFC.US,60,20210301,180000,20.605,20.605,20.43,20.485,398536,0
MFC.US,60,20210301,190000,20.495,20.56,20.455,20.51,324826,0
MFC.US,60,20210301,200000,20.5,20.5453,20.46,20.54,267897,0
MFC.US,60,20210301,210000,20.54,20.71,20.54,20.67,537485,0
MFC.US,60,20210301,220000,20.66,20.6718,20.52,20.57,1345767,0
MFC.US,60,20210302,160000,20.63,20.79,20.53,20.755,402988,0
MFC.US,60,20210302,170000,20.755,20.83,20.68,20.74,388980,0
MFC.US,60,20210302,180000,20.74,20.775,20.6,20.62,883033,0
MFC.US,60,20210302,190000,20.61,20.72,20.605,20.6903,407940,0
MFC.US,60,20210302,200000,20.7,20.79,20.69,20.76,301503,0
MFC.US,60,20210302,210000,20.76,20.7669,20.655,20.74,297952,0
MFC.US,60,20210302,220000,20.74,20.77,20.58,20.58,1594378,0
MFC.US,60,20210303,160000,20.62,20.7,20.53,20.535,425895,0
MFC.US,60,20210303,170000,20.54,20.74,20.44,20.71,527421,0
MFC.US,60,20210303,180000,20.71,20.8,20.69,20.75,342196,0
MFC.US,60,20210303,190000,20.75,20.81,20.7301,20.76,596841,0
MFC.US,60,20210303,200000,20.76,20.81,20.75,20.77,282945,0
MFC.US,60,20210303,210000,20.78,20.79,20.635,20.77,539112,0
MFC.US,60,20210303,220000,20.77,20.785,20.64,20.65,861868,0
MFC.US,60,20210304,160000,20.6,20.85,20.6,20.645,389600,0
MFC.US,60,20210304,170000,20.66,20.665,20.38,20.39,628774,0
MFC.US,60,20210304,180000,20.4,20.595,20.38,20.57,469470,0
MFC.US,60,20210304,190000,20.57,20.65,20.395,20.42,423102,0
MFC.US,60,20210304,200000,20.42,20.45,20.08,20.0942,616063,0
MFC.US,60,20210304,210000,20.095,20.38,20.08,20.34,417022,0
MFC.US,60,20210304,220000,20.34,20.38,20.2,20.33,1121921,0
MFC.US,60,20210305,160000,20.53,20.6901,20.51,20.57,390494,0
MFC.US,60,20210305,170000,20.59,20.92,20.59,20.81,901293,0
MFC.US,60,20210305,180000,20.82,20.97,20.69,20.95,873630,0
MFC.US,60,20210305,190000,20.95,21.125,20.91,21.08,797306,0
MFC.US,60,20210305,200000,21.08,21.18,21.03,21.16,762072,0
MFC.US,60,20210305,210000,21.17,21.182,21.07,21.13,399657,0
MFC.US,60,20210305,220000,21.13,21.2,21.05,21.16,1203822,0
MFC.US,60,20210308,160000,21.13,21.38,21.1162,21.25,301123,0
MFC.US,60,20210308,170000,21.28,21.53,21.21,21.51,438340,0
MFC.US,60,20210308,180000,21.5,21.67,21.5,21.65,938944,0
MFC.US,60,20210308,190000,21.65,21.72,21.61,21.665,1489713,0
MFC.US,60,20210308,200000,21.665,21.675,21.36,21.4,325973,0
MFC.US,60,20210308,210000,21.4,21.515,21.39,21.495,458566,0
MFC.US,60,20210308,220000,21.49,21.52,21.42,21.45,1315622,0
MFC.US,60,20210309,160000,21.39,21.42,21.2161,21.27,409178,0
MFC.US,60,20210309,170000,21.26,21.33,21.125,21.33,488279,0
MFC.US,60,20210309,180000,21.34,21.47,21.3,21.44,637340,0
MFC.US,60,20210309,190000,21.44,21.505,21.405,21.43,241372,0
MFC.US,60,20210309,200000,21.44,21.46,21.3,21.34,210500,0
MFC.US,60,20210309,210000,21.34,21.36,21.28,21.31,364138,0
MFC.US,60,20210309,220000,21.31,21.385,21.21,21.21,684345,0
MFC.US,60,20210310,160000,21.25,21.395,21.24,21.25,289807,0
MFC.US,60,20210310,170000,21.27,21.28,21.095,21.24,307561,0
MFC.US,60,20210310,180000,21.24,21.315,21.23,21.265,271074,0
MFC.US,60,20210310,190000,21.26,21.31,21.26,21.28,181696,0
MFC.US,60,20210310,200000,21.27,21.39,21.24,21.33,213406,0
MFC.US,60,20210310,210000,21.33,21.45,21.32,21.45,770394,0
MFC.US,60,20210310,220000,21.445,21.53,21.435,21.47,1200812,0
MFC.US,60,20210311,160000,21.47,21.68,21.415,21.66,452848,0
MFC.US,60,20210311,170000,21.665,21.7,21.58,21.67,247003,0
MFC.US,60,20210311,180000,21.66,21.77,21.645,21.75,350044,0
MFC.US,60,20210311,190000,21.75,21.78,21.69,21.695,247261,0
MFC.US,60,20210311,200000,21.7,21.728,21.65,21.71,174646,0
MFC.US,60,20210311,210000,21.705,21.745,21.64,21.655,354774,0
MFC.US,60,20210311,220000,21.655,21.7,21.615,21.66,808960,0
MFC.US,60,20210312,160000,21.7,21.86,21.64,21.79,396150,0
MFC.US,60,20210312,170000,21.785,21.84,21.72,21.75,232142,0
MFC.US,60,20210312,180000,21.74,21.74,21.63,21.68,189021,0
MFC.US,60,20210312,190000,21.6865,21.71,21.65,21.69,244188,0
MFC.US,60,20210312,200000,21.685,21.73,21.6671,21.72,106975,0
MFC.US,60,20210312,210000,21.72,21.78,21.72,21.75,243327,0
MFC.US,60,20210312,220000,21.75,21.825,21.73,21.79,888380,0
MFC.US,60,20210315,150000,21.72,21.84,21.5134,21.565,303822,0
MFC.US,60,20210315,160000,21.565,21.67,21.45,21.54,329895,0
MFC.US,60,20210315,170000,21.54,21.56,21.4,21.43,193354,0
MFC.US,60,20210315,180000,21.43,21.5,21.43,21.47,268874,0
MFC.US,60,20210315,190000,21.47,21.47,21.39,21.44,242877,0
MFC.US,60,20210315,200000,21.44,21.54,21.435,21.49,238073,0
MFC.US,60,20210315,210000,21.49,21.57,21.44,21.55,483116,0
MFC.US,60,20210316,150000,21.47,21.5,21.31,21.36,217419,0
MFC.US,60,20210316,160000,21.35,21.37,21.28,21.28,166121,0
MFC.US,60,20210316,170000,21.27,21.35,21.24,21.34,234035,0
MFC.US,60,20210316,180000,21.35,21.45,21.33,21.43,152346,0
MFC.US,60,20210316,190000,21.435,21.44,21.395,21.4,152139,0
MFC.US,60,20210316,200000,21.39,21.45,21.35,21.375,254016,0
MFC.US,60,20210316,210000,21.37,21.52,21.34,21.46,956488,0
MFC.US,60,20210317,150000,21.52,21.68,21.43,21.51,296880,0
MFC.US,60,20210317,160000,21.5,21.55,21.385,21.42,467726,0
MFC.US,60,20210317,170000,21.43,21.61,21.42,21.6,199582,0
MFC.US,60,20210317,180000,21.6,21.65,21.535,21.57,228610,0
MFC.US,60,20210317,190000,21.5719,21.59,21.5,21.5,276660,0
MFC.US,60,20210317,200000,21.5,21.755,21.5,21.71,448653,0
MFC.US,60,20210317,210000,21.71,21.75,21.68,21.74,875949,0
MFC.US,60,20210318,150000,21.85,22.16,21.79,22.135,443075,0
MFC.US,60,20210318,160000,22.12,22.205,22.065,22.1,530659,0
MFC.US,60,20210318,170000,22.1,22.25,22.07,22.18,518954,0
MFC.US,60,20210318,180000,22.18,22.2176,22.1,22.12,319126,0
MFC.US,60,20210318,190000,22.12,22.195,22.105,22.13,242495,0
MFC.US,60,20210318,200000,22.13,22.14,21.95,22.02,544714,0
MFC.US,60,20210318,210000,22.02,22.02,21.8101,21.84,766834,0
MFC.US,60,20210319,150000,21.8,21.88,21.56,21.85,651734,0
MFC.US,60,20210319,160000,21.84,21.88,21.74,21.83,357798,0
MFC.US,60,20210319,170000,21.84,21.88,21.755,21.82,218710,0
MFC.US,60,20210319,180000,21.82,21.835,21.74,21.77,368782,0
MFC.US,60,20210319,190000,21.77,21.82,21.75,21.7992,170419,0
MFC.US,60,20210319,200000,21.8,21.8299,21.76,21.815,246767,0
MFC.US,60,20210319,210000,21.81,21.82,21.71,21.72,855326,0
MFC.US,60,20210322,150000,21.6,21.74,21.51,21.54,360832,0
MFC.US,60,20210322,160000,21.55,21.615,21.48,21.54,300286,0
MFC.US,60,20210322,170000,21.54,21.62,21.5,21.58,197529,0
MFC.US,60,20210322,180000,21.59,21.595,21.48,21.52,168700,0
MFC.US,60,20210322,190000,21.5259,21.56,21.49,21.55,254896,0
MFC.US,60,20210322,200000,21.5564,21.59,21.54,21.57,205746,0
MFC.US,60,20210322,210000,21.57,21.6,21.51,21.52,596505,0
MFC.US,60,20210323,150000,21.35,21.45,21.29,21.36,178290,0
MFC.US,60,20210323,160000,21.36,21.37,21.245,21.25,323944,0
MFC.US,60,20210323,170000,21.25,21.275,21.185,21.24,284368,0
MFC.US,60,20210323,180000,21.24,21.27,21.195,21.24,187611,0
MFC.US,60,20210323,190000,21.24,21.27,21.16,21.17,195407,0
MFC.US,60,20210323,200000,21.16,21.16,21.05,21.05,242842,0
MFC.US,60,20210323,210000,21.044,21.12,21.025,21.1,840212,0
MFC.US,60,20210324,150000,21.18,21.475,21.15,21.3,478872,0
MFC.US,60,20210324,160000,21.31,21.44,21.295,21.395,368905,0
MFC.US,60,20210324,170000,21.405,21.42,21.34,21.38,116030,0
MFC.US,60,20210324,180000,21.38,21.44,21.3545,21.37,180074,0
MFC.US,60,20210324,190000,21.37,21.4,21.305,21.39,195127,0
MFC.US,60,20210324,200000,21.38,21.41,21.23,21.245,246055,0
MFC.US,60,20210324,210000,21.24,21.28,21.175,21.21,674090,0
MFC.US,60,20210325,150000,21.21,21.334,21.02,21.07,275466,0
MFC.US,60,20210325,160000,21.07,21.15,20.95,21.02,411848,0
MFC.US,60,20210325,170000,21.03,21.25,20.975,21.25,267746,0
MFC.US,60,20210325,180000,21.24,21.335,21.2,21.32,400608,0
MFC.US,60,20210325,190000,21.32,21.355,21.25,21.315,249198,0
MFC.US,60,20210325,200000,21.32,21.35,21.27,21.31,283474,0
MFC.US,60,20210325,210000,21.32,21.4,21.315,21.37,701572,0
MFC.US,60,20210326,150000,21.58,21.68,21.465,21.51,188899,0
MFC.US,60,20210326,160000,21.5001,21.615,21.48,21.55,245077,0
MFC.US,60,20210326,170000,21.55,21.57,21.46,21.48,194722,0
MFC.US,60,20210326,180000,21.475,21.49,21.42,21.44,194043,0
MFC.US,60,20210326,190000,21.445,21.455,21.365,21.41,143388,0
MFC.US,60,20210326,200000,21.415,21.42,21.32,21.41,189306,0
MFC.US,60,20210326,210000,21.41,21.57,21.39,21.56,481206,0
MFC.US,60,20210329,160000,21.3,21.56,21.3,21.55,224533,0
MFC.US,60,20210329,170000,21.54,21.57,21.36,21.375,243402,0
MFC.US,60,20210329,180000,21.37,21.43,21.3,21.39,272849,0
MFC.US,60,20210329,190000,21.395,21.45,21.32,21.425,279695,0
MFC.US,60,20210329,200000,21.43,21.45,21.34,21.36,231615,0
MFC.US,60,20210329,210000,21.37,21.41,21.33,21.345,248118,0
MFC.US,60,20210329,220000,21.35,21.49,21.35,21.41,989198,0
MFC.US,60,20210330,160000,21.48,21.6,21.435,21.5,236164,0
MFC.US,60,20210330,170000,21.495,21.565,21.39,21.52,252624,0
MFC.US,60,20210330,180000,21.53,21.565,21.47,21.52,356682,0
MFC.US,60,20210330,190000,21.53,21.6,21.525,21.54,209028,0
MFC.US,60,20210330,200000,21.53,21.5582,21.505,21.535,199810,0
MFC.US,60,20210330,210000,21.53,21.64,21.52,21.64,177736,0
MFC.US,60,20210330,220000,21.63,21.655,21.54,21.58,578394,0
MFC.US,60,20210331,160000,21.58,21.65,21.5,21.62,186085,0
MFC.US,60,20210331,170000,21.62,21.655,21.515,21.545,341110,0
MFC.US,60,20210331,180000,21.54,21.55,21.445,21.49,299374,0
MFC.US,60,20210331,190000,21.5,21.58,21.5,21.58,231965,0
MFC.US,60,20210331,200000,21.58,21.61,21.57,21.595,197031,0
MFC.US,60,20210331,210000,21.595,21.65,21.58,21.59,228578,0
MFC.US,60,20210331,220000,21.585,21.61,21.49,21.5,698096,0
MFC.US,60,20210401,160000,21.5,21.62,21.5,21.56,235153,0
MFC.US,60,20210401,170000,21.56,21.59,21.505,21.515,353846,0
MFC.US,60,20210401,180000,21.51,21.54,21.44,21.525,241319,0
MFC.US,60,20210401,190000,21.52,21.555,21.51,21.54,181383,0
MFC.US,60,20210401,200000,21.54,21.64,21.53,21.63,173811,0
MFC.US,60,20210401,210000,21.635,21.685,21.6242,21.67,104471,0
MFC.US,60,20210401,220000,21.67,21.75,21.64,21.74,382443,0
MFC.US,60,20210405,160000,21.9,21.98,21.79,21.81,202173,0
MFC.US,60,20210405,170000,21.81,21.9,21.76,21.86,262237,0
MFC.US,60,20210405,180000,21.85,21.97,21.84,21.94,152460,0
MFC.US,60,20210405,190000,21.935,21.96,21.87,21.87,141665,0
MFC.US,60,20210405,200000,21.86,21.91,21.845,21.9,246613,0
MFC.US,60,20210405,210000,21.895,21.92,21.84,21.89,163196,0
MFC.US,60,20210405,220000,21.88,21.9,21.85,21.87,530192,0
MFC.US,60,20210406,160000,21.83,22,21.81,21.99,219455,0
MFC.US,60,20210406,170000,21.99,22.015,21.87,21.92,249178,0
MFC.US,60,20210406,180000,21.92,21.92,21.79,21.85,186854,0
MFC.US,60,20210406,190000,21.85,21.87,21.751,21.78,167825,0
MFC.US,60,20210406,200000,21.78,21.79,21.74,21.7587,84438,0
MFC.US,60,20210406,210000,21.76,21.79,21.72,21.725,72669,0
MFC.US,60,20210406,220000,21.725,21.79,21.7,21.79,463657,0
MFC.US,60,20210407,160000,21.74,21.8,21.676,21.69,146513,0
MFC.US,60,20210407,170000,21.68,21.765,21.66,21.75,240008,0
MFC.US,60,20210407,180000,21.75,21.75,21.645,21.65,147047,0
MFC.US,60,20210407,190000,21.66,21.7,21.63,21.695,183027,0
MFC.US,60,20210407,200000,21.69,21.7,21.675,21.69,208973,0
MFC.US,60,20210407,210000,21.685,21.72,21.65,21.67,134687,0
MFC.US,60,20210407,220000,21.66,21.67,21.63,21.67,642393,0
MFC.US,60,20210408,160000,21.64,21.67,21.39,21.5,300358,0
MFC.US,60,20210408,170000,21.5,21.5,21.41,21.44,437391,0
MFC.US,60,20210408,180000,21.45,21.5,21.425,21.48,303760,0
MFC.US,60,20210408,190000,21.48,21.5,21.43,21.43,501411,0
MFC.US,60,20210408,200000,21.435,21.5,21.415,21.49,145957,0
MFC.US,60,20210408,210000,21.48,21.49,21.45,21.465,166774,0
MFC.US,60,20210408,220000,21.46,21.565,21.46,21.55,796365,0
MFC.US,60,20210409,160000,21.64,21.68,21.55,21.59,149927,0
MFC.US,60,20210409,170000,21.59,21.61,21.52,21.59,165902,0
MFC.US,60,20210409,180000,21.59,21.635,21.57,21.585,144614,0
MFC.US,60,20210409,190000,21.59,21.6,21.55,21.56,81807,0
MFC.US,60,20210409,200000,21.56,21.565,21.4925,21.495,153953,0
MFC.US,60,20210409,210000,21.495,21.525,21.49,21.505,79095,0
MFC.US,60,20210409,220000,21.5,21.59,21.5,21.57,396663,0
MFC.US,60,20210412,160000,21.57,21.67,21.5,21.64,302869,0
MFC.US,60,20210412,170000,21.64,21.91,21.635,21.91,466389,0
MFC.US,60,20210412,180000,21.905,21.96,21.85,21.95,274659,0
MFC.US,60,20210412,190000,21.93,21.99,21.89,21.985,312887,0
MFC.US,60,20210412,200000,21.9882,21.99,21.91,21.9248,248594,0
MFC.US,60,20210412,210000,21.9262,21.935,21.865,21.91,200039,0
MFC.US,60,20210412,220000,21.905,21.905,21.84,21.87,942349,0
MFC.US,60,20210413,160000,21.78,21.87,21.52,21.56,611832,0
MFC.US,60,20210413,170000,21.57,21.69,21.55,21.67,357143,0
MFC.US,60,20210413,180000,21.67,21.7099,21.64,21.65,398447,0
MFC.US,60,20210413,190000,21.6476,21.66,21.56,21.57,139284,0
MFC.US,60,20210413,200000,21.56,21.565,21.53,21.56,267928,0
MFC.US,60,20210413,210000,21.56,21.625,21.55,21.55,404119,0
MFC.US,60,20210413,220000,21.555,21.58,21.53,21.54,837040,0
MFC.US,60,20210414,160000,21.54,21.62,21.49,21.615,480699,0
MFC.US,60,20210414,170000,21.62,21.66,21.59,21.615,774012,0
MFC.US,60,20210414,180000,21.615,21.655,21.6,21.64,533576,0
MFC.US,60,20210414,190000,21.64,21.64,21.5623,21.59,299391,0
MFC.US,60,20210414,200000,21.59,21.59,21.51,21.52,196963,0
MFC.US,60,20210414,210000,21.52,21.545,21.505,21.505,280988,0
MFC.US,60,20210414,220000,21.505,21.6,21.49,21.59,1101442,0
MFC.US,60,20210415,160000,21.62,21.678,21.39,21.44,295819,0
MFC.US,60,20210415,170000,21.43,21.435,21.28,21.36,477169,0
MFC.US,60,20210415,180000,21.36,21.37,21.265,21.36,484910,0
MFC.US,60,20210415,190000,21.355,21.38,21.33,21.36,174725,0
MFC.US,60,20210415,200000,21.355,21.37,21.2963,21.305,317311,0
MFC.US,60,20210415,210000,21.3,21.36,21.285,21.34,344490,0
MFC.US,60,20210415,220000,21.34,21.385,21.33,21.35,889526,0
MFC.US,60,20210416,160000,21.51,21.57,21.44,21.53,296298,0
MFC.US,60,20210416,170000,21.525,21.69,21.51,21.68,467579,0
MFC.US,60,20210416,180000,21.69,21.74,21.6,21.64,327311,0
MFC.US,60,20210416,190000,21.635,21.67,21.56,21.57,214355,0
MFC.US,60,20210416,200000,21.565,21.59,21.55,21.59,142708,0
MFC.US,60,20210416,210000,21.59,21.6,21.55,21.56,212160,0
MFC.US,60,20210416,220000,21.555,21.62,21.55,21.57,1177063,0
MFC.US,60,20210419,160000,21.62,21.7,21.58,21.635,183012,0
MFC.US,60,20210419,170000,21.635,21.65,21.55,21.57,271045,0
MFC.US,60,20210419,180000,21.57,21.62,21.49,21.495,232781,0
MFC.US,60,20210419,190000,21.495,21.51,21.43,21.45,243285,0
MFC.US,60,20210419,200000,21.45,21.495,21.42,21.49,173699,0
MFC.US,60,20210419,210000,21.485,21.5,21.45,21.47,201252,0
MFC.US,60,20210419,220000,21.47,21.6,21.47,21.59,579635,0
MFC.US,60,20210420,160000,21.46,21.49,21.255,21.26,675541,0
MFC.US,60,20210420,170000,21.26,21.355,21.08,21.13,525265,0
MFC.US,60,20210420,180000,21.14,21.14,20.92,21.01,375058,0
MFC.US,60,20210420,190000,21.01,21.04,20.92,20.945,222491,0
MFC.US,60,20210420,200000,20.945,20.96,20.865,20.894,230222,0
MFC.US,60,20210420,210000,20.89,20.94,20.815,20.83,323377,0
MFC.US,60,20210420,220000,20.83,21.005,20.815,20.99,1039900,0
MFC.US,60,20210421,160000,20.91,20.99,20.855,20.895,375984,0
MFC.US,60,20210421,170000,20.895,21.095,20.89,21.073,393929,0
MFC.US,60,20210421,180000,21.07,21.165,21.055,21.16,262842,0
MFC.US,60,20210421,190000,21.15,21.2,21.12,21.2,223608,0
MFC.US,60,20210421,200000,21.21,21.27,21.18,21.24,184669,0
MFC.US,60,20210421,210000,21.25,21.26,21.21,21.22,176993,0
MFC.US,60,20210421,220000,21.22,21.2367,21.19,21.22,454132,0
MFC.US,60,20210422,160000,21.13,21.13,20.92,20.98,242260,0
MFC.US,60,20210422,170000,20.975,21.05,20.9,21.03,314814,0
MFC.US,60,20210422,180000,21.03,21.15,21.025,21.13,226491,0
MFC.US,60,20210422,190000,21.1358,21.21,21.12,21.18,151121,0
MFC.US,60,20210422,200000,21.185,21.185,20.995,20.995,686864,0
MFC.US,60,20210422,210000,20.995,21.085,20.945,21.08,476016,0
MFC.US,60,20210422,220000,21.08,21.1,21,21,782082,0
MFC.US,60,20210423,160000,21.05,21.12,20.98,21.035,414906,0
MFC.US,60,20210423,170000,21.03,21.145,20.975,21.11,944891,0
MFC.US,60,20210423,180000,21.11,21.22,21.07,21.215,332207,0
MFC.US,60,20210423,190000,21.22,21.25,21.17,21.22,234121,0
MFC.US,60,20210423,200000,21.22,21.24,21.195,21.195,164503,0
MFC.US,60,20210423,210000,21.2,21.31,21.18,21.291,284113,0
MFC.US,60,20210423,220000,21.2927,21.3399,21.28,21.3,758495,0
MFC.US,60,20210426,160000,21.4,21.55,21.33,21.5009,363513,0
MFC.US,60,20210426,170000,21.51,21.5702,21.49,21.535,533178,0
MFC.US,60,20210426,180000,21.53,21.575,21.53,21.55,401074,0
MFC.US,60,20210426,190000,21.55,21.6,21.54,21.59,585856,0
MFC.US,60,20210426,200000,21.59,21.6,21.56,21.58,355320,0
MFC.US,60,20210426,210000,21.59,21.59,21.53,21.59,526586,0
MFC.US,60,20210426,220000,21.59,21.62,21.54,21.6,2199234,0
MFC.US,60,20210427,160000,21.6,21.68,21.48,21.67,393868,0
MFC.US,60,20210427,170000,21.675,21.7,21.58,21.63,316847,0
MFC.US,60,20210427,180000,21.63,21.66,21.59,21.645,170856,0
MFC.US,60,20210427,190000,21.65,21.67,21.56,21.56,206628,0
MFC.US,60,20210427,200000,21.562,21.65,21.555,21.64,119372,0
MFC.US,60,20210427,210000,21.63,21.67,21.61,21.635,185388,0
MFC.US,60,20210427,220000,21.63,21.65,21.605,21.62,763124,0
MFC.US,60,20210428,160000,21.69,21.87,21.64,21.73,433596,0
MFC.US,60,20210428,170000,21.73,21.81,21.69,21.725,618506,0
MFC.US,60,20210428,180000,21.72,21.78,21.69,21.75,382158,0
MFC.US,60,20210428,190000,21.74,21.78,21.725,21.75,149036,0
MFC.US,60,20210428,200000,21.755,21.76,21.695,21.73,188318,0
MFC.US,60,20210428,210000,21.7211,21.82,21.71,21.77,642926,0
MFC.US,60,20210428,220000,21.77,21.785,21.7,21.74,3197056,0
MFC.US,60,20210429,160000,21.97,22.22,21.915,22.175,975006,0
MFC.US,60,20210429,170000,22.17,22.2,21.91,21.95,966886,0
MFC.US,60,20210429,180000,21.96,22.05,21.94,21.99,468748,0
MFC.US,60,20210429,190000,21.98,22,21.89,21.97,505906,0
MFC.US,60,20210429,200000,21.96,22,21.91,21.93,521316,0
MFC.US,60,20210429,210000,21.93,22.02,21.93,22,597740,0
MFC.US,60,20210429,220000,22,22.01,21.91,21.99,975428,0
MFC.US,60,20210430,160000,21.92,21.94,21.76,21.8615,399436,0
MFC.US,60,20210430,170000,21.87,21.89,21.745,21.78,623560,0
MFC.US,60,20210430,180000,21.77,21.79,21.71,21.78,300308,0
MFC.US,60,20210430,190000,21.78,21.85,21.77,21.837,397146,0
MFC.US,60,20210430,200000,21.835,21.86,21.78,21.795,292940,0
MFC.US,60,20210430,210000,21.795,21.88,21.77,21.86,689398,0
MFC.US,60,20210430,220000,21.855,21.865,21.8,21.85,1089288,0
MFC.US,60,20210503,160000,22.01,22.135,21.92,22.1,242414,0
MFC.US,60,20210503,170000,22.08,22.08,21.96,22.07,339921,0
MFC.US,60,20210503,180000,22.06,22.11,22.045,22.08,185172,0
MFC.US,60,20210503,190000,22.07,22.08,22.05,22.08,201713,0
MFC.US,60,20210503,200000,22.08,22.16,22.08,22.12,162184,0
MFC.US,60,20210503,210000,22.125,22.144,22.07,22.0909,296309,0
MFC.US,60,20210503,220000,22.09,22.09,21.99,22,477724,0
MFC.US,60,20210504,160000,22,22,21.755,21.765,262123,0
MFC.US,60,20210504,170000,21.76,21.79,21.66,21.7,379796,0
MFC.US,60,20210504,180000,21.69,21.77,21.61,21.69,496450,0
MFC.US,60,20210504,190000,21.685,21.785,21.685,21.72,290025,0
MFC.US,60,20210504,200000,21.72,21.81,21.71,21.81,203974,0
MFC.US,60,20210504,210000,21.81,21.81,21.765,21.78,195307,0
MFC.US,60,20210504,220000,21.78,21.785,21.7,21.77,482208,0
MFC.US,60,20210505,160000,21.86,21.93,21.79,21.87,367913,0
MFC.US,60,20210505,170000,21.86,21.9269,21.81,21.91,526141,0
MFC.US,60,20210505,180000,21.915,21.985,21.8724,21.985,1887709,0
MFC.US,60,20210505,190000,21.98,22.005,21.92,21.93,212781,0
MFC.US,60,20210505,200000,21.93,22.025,21.92,22.01,167793,0
MFC.US,60,20210505,210000,22.01,22.085,22,22.065,316585,0
MFC.US,60,20210505,220000,22.06,22.16,22.025,22.16,839179,0
MFC.US,60,20210506,160000,22.1,22.164,21.16,21.18,1295245,0
MFC.US,60,20210506,170000,21.18,21.39,21.11,21.32,848454,0
MFC.US,60,20210506,180000,21.32,21.55,21.2999,21.52,535027,0
MFC.US,60,20210506,190000,21.52,21.5387,21.425,21.4658,651018,0
MFC.US,60,20210506,200000,21.47,21.705,21.465,21.67,616235,0
MFC.US,60,20210506,210000,21.67,21.67,21.51,21.52,575248,0
MFC.US,60,20210506,220000,21.52,21.61,21.5,21.59,1189603,0
MFC.US,60,20210507,160000,21.37,21.37,21.04,21.095,812478,0
MFC.US,60,20210507,170000,21.095,21.34,21.095,21.34,720594,0
MFC.US,60,20210507,180000,21.34,21.365,21.245,21.25,409114,0
MFC.US,60,20210507,190000,21.245,21.2564,21.19,21.215,370110,0
MFC.US,60,20210507,200000,21.21,21.245,21.15,21.16,414131,0
MFC.US,60,20210507,210000,21.16,21.24,21.12,21.24,365582,0
MFC.US,60,20210507,220000,21.23,21.32,21.22,21.28,1013395,0
MFC.US,60,20210510,160000,21.38,21.6,21.38,21.57,743863,0
MFC.US,60,20210510,170000,21.58,21.73,21.57,21.655,506908,0
MFC.US,60,20210510,180000,21.66,21.765,21.66,21.75,298888,0
MFC.US,60,20210510,190000,21.75,21.7599,21.68,21.7,186401,0
MFC.US,60,20210510,200000,21.7,21.7,21.64,21.69,159109,0
MFC.US,60,20210510,210000,21.69,21.72,21.62,21.643,282865,0
MFC.US,60,20210510,220000,21.64,21.6571,21.5,21.52,964165,0
MFC.US,60,20210511,160000,21.37,21.46,21.23,21.37,1356075,0
MFC.US,60,20210511,170000,21.37,21.41,20.96,21.03,1514897,0
MFC.US,60,20210511,180000,21.03,21.18,20.93,21.1557,547266,0
MFC.US,60,20210511,190000,21.16,21.19,21.1,21.13,271665,0
MFC.US,60,20210511,200000,21.125,21.285,21.125,21.27,240800,0
MFC.US,60,20210511,210000,21.27,21.28,21.17,21.24,352968,0
MFC.US,60,20210511,220000,21.24,21.27,21.135,21.16,769457,0
MFC.US,60,20210512,160000,21.16,21.41,21.16,21.36,489146,0
MFC.US,60,20210512,170000,21.35,21.4,21.16,21.24,611966,0
MFC.US,60,20210512,180000,21.24,21.28,21.165,21.18,375920,0
MFC.US,60,20210512,190000,21.17,21.175,21.105,21.13,333621,0
MFC.US,60,20210512,200000,21.13,21.21,21.12,21.185,293115,0
MFC.US,60,20210512,210000,21.185,21.2,21.1,21.14,479682,0
MFC.US,60,20210512,220000,21.13,21.135,21.0097,21.06,1067334,0
MFC.US,60,20210513,160000,21,21.265,21,21.23,496066,0
MFC.US,60,20210513,170000,21.23,21.3,21.2,21.235,493724,0
MFC.US,60,20210513,180000,21.23,21.28,21.17,21.205,352546,0
MFC.US,60,20210513,190000,21.2,21.32,21.2,21.28,209964,0
MFC.US,60,20210513,200000,21.275,21.275,21.08,21.145,435716,0
MFC.US,60,20210513,210000,21.15,21.295,21.15,21.27,343314,0
MFC.US,60,20210513,220000,21.275,21.36,21.25,21.27,959713,0
MFC.US,60,20210514,160000,21.39,21.565,21.3,21.55,441154,0
MFC.US,60,20210514,170000,21.55,21.595,21.45,21.58,287346,0
MFC.US,60,20210514,180000,21.58,21.59,21.545,21.565,198232,0
MFC.US,60,20210514,190000,21.57,21.615,21.55,21.605,252949,0
MFC.US,60,20210514,200000,21.61,21.62,21.57,21.585,194077,0
MFC.US,60,20210514,210000,21.59,21.67,21.585,21.665,225976,0
MFC.US,60,20210514,220000,21.67,21.74,21.61,21.64,1044611,0
MFC.US,60,20210517,160000,21.39,21.45,21.19,21.2423,412138,0
MFC.US,60,20210517,170000,21.24,21.31,21.1839,21.27,376189,0
MFC.US,60,20210517,180000,21.27,21.2899,21.2,21.28,316597,0
MFC.US,60,20210517,190000,21.275,21.35,21.25,21.27,206023,0
MFC.US,60,20210517,200000,21.27,21.295,21.22,21.28,270648,0
MFC.US,60,20210517,210000,21.28,21.34,21.27,21.33,170272,0
MFC.US,60,20210517,220000,21.33,21.34,21.26,21.27,1532750,0
MFC.US,60,20210518,160000,21.33,21.35,21.23,21.245,234971,0
MFC.US,60,20210518,170000,21.24,21.25,21.11,21.115,510968,0
MFC.US,60,20210518,180000,21.115,21.245,21.095,21.14,580093,0
MFC.US,60,20210518,190000,21.14,21.1665,21.115,21.165,133219,0
MFC.US,60,20210518,200000,21.16,21.17,21.1,21.125,249086,0
MFC.US,60,20210518,210000,21.125,21.145,21.07,21.1274,226373,0
MFC.US,60,20210518,220000,21.13,21.15,21.05,21.06,1071067,0
MFC.US,60,20210519,160000,20.84,20.87,20.495,20.6028,544853,0
MFC.US,60,20210519,170000,20.6008,20.62,20.35,20.5,666974,0
MFC.US,60,20210519,180000,20.49,20.725,20.48,20.69,504420,0
MFC.US,60,20210519,190000,20.69,20.72,20.67,20.68,206211,0
MFC.US,60,20210519,200000,20.68,20.735,20.64,20.7,407437,0
MFC.US,60,20210519,210000,20.69,20.705,20.52,20.59,1012737,0
MFC.US,60,20210519,220000,20.58,20.63,20.53,20.55,1220277,0
MFC.US,60,20210520,160000,20.63,20.69,20.53,20.615,444688,0
MFC.US,60,20210520,170000,20.615,20.635,20.54,20.59,435081,0
MFC.US,60,20210520,180000,20.59,20.65,20.585,20.645,385083,0
MFC.US,60,20210520,190000,20.645,20.655,20.5693,20.605,316457,0
MFC.US,60,20210520,200000,20.605,20.65,20.58,20.64,381813,0
MFC.US,60,20210520,210000,20.64,20.69,20.625,20.685,336863,0
MFC.US,60,20210520,220000,20.69,20.71,20.63,20.66,1214931,0
MFC.US,60,20210521,160000,20.8,20.86,20.7,20.7,554703,0
MFC.US,60,20210521,170000,20.7,20.7,20.59,20.695,753931,0
MFC.US,60,20210521,180000,20.69,20.75,20.67,20.68,385447,0
MFC.US,60,20210521,190000,20.68,20.685,20.56,20.565,463878,0
MFC.US,60,20210521,200000,20.56,20.61,20.54,20.61,309254,0
MFC.US,60,20210521,210000,20.6,20.65,20.59,20.64,310099,0
MFC.US,60,20210521,220000,20.6443,20.68,20.58,20.59,640194,0
MFC.US,60,20210524,160000,20.64,20.7,20.53,20.585,128571,0
MFC.US,60,20210524,170000,20.58,20.64,20.58,20.595,118919,0
MFC.US,60,20210524,180000,20.595,20.61,20.57,20.57,105366,0
MFC.US,60,20210524,190000,20.575,20.61,20.55,20.61,115923,0
MFC.US,60,20210524,200000,20.605,20.645,20.595,20.64,97043,0
MFC.US,60,20210524,210000,20.64,20.675,20.63,20.67,91451,0
MFC.US,60,20210524,220000,20.675,20.77,20.67,20.72,488605,0
MFC.US,60,20210525,160000,20.73,20.9,20.73,20.75,266431,0
MFC.US,60,20210525,170000,20.76,20.79,20.67,20.7,308969,0
MFC.US,60,20210525,180000,20.7,20.705,20.61,20.63,415296,0
MFC.US,60,20210525,190000,20.63,20.69,20.63,20.665,162370,0
MFC.US,60,20210525,200000,20.665,20.725,20.65,20.72,286029,0
MFC.US,60,20210525,210000,20.72,20.73,20.605,20.61,453123,0
MFC.US,60,20210525,220000,20.61,20.61,20.54,20.57,850659,0
MFC.US,60,20210526,160000,20.54,20.59,20.39,20.47,285790,0
MFC.US,60,20210526,170000,20.48,20.62,20.46,20.59,239609,0
MFC.US,60,20210526,180000,20.59,20.62,20.545,20.595,200577,0
MFC.US,60,20210526,190000,20.61,20.65,20.585,20.605,275215,0
MFC.US,60,20210526,200000,20.6,20.635,20.59,20.62,207358,0
MFC.US,60,20210526,210000,20.625,20.7,20.62,20.6699,264456,0
MFC.US,60,20210526,220000,20.665,20.68,20.63,20.64,456638,0
MFC.US,60,20210527,160000,20.83,21,20.78,20.92,322567,0
MFC.US,60,20210527,170000,20.92,20.9358,20.78,20.83,239023,0
MFC.US,60,20210527,180000,20.83,20.84,20.78,20.84,106015,0
MFC.US,60,20210527,190000,20.83,20.875,20.8,20.85,335831,0
MFC.US,60,20210527,200000,20.85,20.91,20.85,20.8978,197800,0
MFC.US,60,20210527,210000,20.9,20.94,20.8938,20.91,212763,0
MFC.US,60,20210527,220000,20.91,20.94,20.88,20.89,1090911,0
MFC.US,60,20210528,160000,20.95,21.04,20.87,20.88,350007,0
MFC.US,60,20210528,170000,20.88,20.89,20.765,20.83,236230,0
MFC.US,60,20210528,180000,20.825,20.83,20.76,20.765,226393,0
MFC.US,60,20210528,190000,20.76,20.82,20.75,20.79,170451,0
MFC.US,60,20210528,200000,20.79,20.855,20.78,20.84,129592,0
MFC.US,60,20210528,210000,20.84,20.885,20.82,20.865,149921,0
MFC.US,60,20210528,220000,20.865,20.94,20.86,20.9,497174,0
MFC.US,60,20210601,160000,21.13,21.39,21.13,21.34,557092,0
MFC.US,60,20210601,170000,21.34,21.37,21.09,21.14,796859,0
MFC.US,60,20210601,180000,21.14,21.155,21.035,21.045,471466,0
MFC.US,60,20210601,190000,21.04,21.06,20.96,20.98,315582,0
MFC.US,60,20210601,200000,20.985,20.995,20.945,20.97,197725,0
MFC.US,60,20210601,210000,20.97,21.075,20.97,21.0713,365132,0
MFC.US,60,20210601,220000,21.07,21.08,21.035,21.06,563084,0
MFC.US,60,20210602,160000,21.04,21.11,20.91,20.98,164524,0
MFC.US,60,20210602,170000,20.985,21.01,20.905,20.9819,346132,0
MFC.US,60,20210602,180000,20.99,21.03,20.94,20.94,212125,0
MFC.US,60,20210602,190000,20.935,20.94,20.87,20.895,184126,0
MFC.US,60,20210602,200000,20.9,20.905,20.84,20.85,181619,0
MFC.US,60,20210602,210000,20.845,20.905,20.84,20.875,207017,0
MFC.US,60,20210602,220000,20.875,20.9,20.86,20.89,727723,0
MFC.US,60,20210603,160000,20.77,20.85,20.75,20.85,296512,0
MFC.US,60,20210603,170000,20.85,20.92,20.83,20.87,291196,0
MFC.US,60,20210603,180000,20.875,20.9,20.86,20.89,279635,0
MFC.US,60,20210603,190000,20.885,20.96,20.885,20.916,165303,0
MFC.US,60,20210603,200000,20.9,20.955,20.86,20.9526,227456,0
MFC.US,60,20210603,210000,20.9538,20.96,20.905,20.92,138754,0
MFC.US,60,20210603,220000,20.92,20.95,20.89,20.89,406912,0
MFC.US,60,20210604,160000,20.95,20.97,20.815,20.82,219993,0
MFC.US,60,20210604,170000,20.83,20.84,20.78,20.835,294806,0
MFC.US,60,20210604,180000,20.84,20.87,20.795,20.8,193186,0
MFC.US,60,20210604,190000,20.8,20.87,20.7989,20.87,177928,0
MFC.US,60,20210604,200000,20.875,20.9,20.86,20.89,97970,0
MFC.US,60,20210604,210000,20.885,20.895,20.82,20.85,201203,0
MFC.US,60,20210604,220000,20.855,20.92,20.85,20.91,349331,0
MFC.US,60,20210607,160000,20.92,20.978,20.83,20.83,132257,0
MFC.US,60,20210607,170000,20.83,20.85,20.77,20.78,320620,0
MFC.US,60,20210607,180000,20.79,20.81,20.755,20.805,218781,0
MFC.US,60,20210607,190000,20.8,20.85,20.795,20.8337,233938,0
MFC.US,60,20210607,200000,20.83,20.865,20.8,20.81,235442,0
MFC.US,60,20210607,210000,20.81,20.81,20.76,20.78,122543,0
MFC.US,60,20210607,220000,20.78,20.82,20.76,20.81,368616,0
MFC.US,60,20210608,160000,20.77,20.79,20.625,20.64,601146,0
MFC.US,60,20210608,170000,20.65,20.81,20.645,20.795,295185,0
MFC.US,60,20210608,180000,20.8,20.81,20.745,20.78,431597,0
MFC.US,60,20210608,190000,20.78,20.81,20.77,20.78,260191,0
MFC.US,60,20210608,200000,20.78,20.83,20.775,20.8,333054,0
MFC.US,60,20210608,210000,20.795,20.85,20.79,20.85,237026,0
MFC.US,60,20210608,220000,20.85,20.88,20.78,20.79,544101,0
MFC.US,60,20210609,160000,20.8,20.83,20.605,20.635,353274,0
MFC.US,60,20210609,170000,20.635,20.6646,20.58,20.58,290066,0
MFC.US,60,20210609,180000,20.58,20.66,20.56,20.65,366573,0
MFC.US,60,20210609,190000,20.65,20.655,20.57,20.575,147767,0
MFC.US,60,20210609,200000,20.58,20.59,20.56,20.575,169226,0
MFC.US,60,20210609,210000,20.575,20.62,20.56,20.595,269422,0
MFC.US,60,20210609,220000,20.595,20.64,20.58,20.63,875074,0
MFC.US,60,20210610,160000,20.78,20.84,20.705,20.735,432546,0
MFC.US,60,20210610,170000,20.74,20.76,20.62,20.64,690119,0
MFC.US,60,20210610,180000,20.65,20.67,20.6,20.63,330750,0
MFC.US,60,20210610,190000,20.63,20.64,20.59,20.59,346453,0
MFC.US,60,20210610,200000,20.59,20.615,20.57,20.59,368713,0
MFC.US,60,20210610,210000,20.58,20.59,20.53,20.53,336080,0
MFC.US,60,20210610,220000,20.535,20.54,20.38,20.39,923543,0
MFC.US,60,20210611,160000,20.44,20.505,20.38,20.41,275307,0
MFC.US,60,20210611,170000,20.415,20.55,20.415,20.52,235252,0
MFC.US,60,20210611,180000,20.51,20.51,20.415,20.445,513383,0
MFC.US,60,20210611,190000,20.44,20.45,20.41,20.425,216553,0
MFC.US,60,20210611,200000,20.425,20.465,20.4,20.415,243443,0
MFC.US,60,20210611,210000,20.41,20.43,20.365,20.365,217949,0
MFC.US,60,20210611,220000,20.365,20.37,20.31,20.35,826957,0
MFC.US,60,20210614,160000,20.42,20.448,20.3,20.315,165661,0
MFC.US,60,20210614,170000,20.32,20.35,20.255,20.29,271087,0
MFC.US,60,20210614,180000,20.29,20.32,20.22,20.26,307946,0
MFC.US,60,20210614,190000,20.26,20.27,20.2,20.205,240807,0
MFC.US,60,20210614,200000,20.205,20.2377,20.2,20.23,225016,0
MFC.US,60,20210614,210000,20.23,20.23,20.19,20.2,225106,0
MFC.US,60,20210614,220000,20.205,20.31,20.175,20.31,684577,0
MFC.US,60,20210615,160000,20.25,20.31,20.2,20.25,322978,0
MFC.US,60,20210615,170000,20.255,20.29,20.16,20.165,403616,0
MFC.US,60,20210615,180000,20.165,20.2,20.14,20.15,352539,0
MFC.US,60,20210615,190000,20.155,20.205,20.15,20.18,267955,0
MFC.US,60,20210615,200000,20.185,20.3,20.185,20.3,594375,0
MFC.US,60,20210615,210000,20.295,20.38,20.295,20.35,504805,0
MFC.US,60,20210615,220000,20.35,20.355,20.27,20.29,777571,0
MFC.US,60,20210616,160000,20.24,20.29,20.145,20.17,224827,0
MFC.US,60,20210616,170000,20.17,20.25,20.14,20.16,349543,0
MFC.US,60,20210616,180000,20.16,20.2988,20.16,20.265,376310,0
MFC.US,60,20210616,190000,20.265,20.27,20.18,20.21,152818,0
MFC.US,60,20210616,200000,20.2,20.2015,20.1401,20.17,217933,0
MFC.US,60,20210616,210000,20.16,20.235,20.08,20.12,916563,0
MFC.US,60,20210616,220000,20.12,20.215,20.065,20.08,990491,0
MFC.US,60,20210617,160000,20.09,20.135,20.03,20.055,347588,0
MFC.US,60,20210617,170000,20.055,20.11,19.95,19.955,717294,0
MFC.US,60,20210617,180000,19.95,19.95,19.705,19.72,693665,0
MFC.US,60,20210617,190000,19.72,19.74,19.59,19.71,459831,0
MFC.US,60,20210617,200000,19.71,19.7372,19.693,19.71,269876,0
MFC.US,60,20210617,210000,19.71,19.745,19.69,19.705,270492,0
MFC.US,60,20210617,220000,19.7,19.7175,19.64,19.64,828761,0
MFC.US,60,20210618,160000,19.38,19.44,19.23,19.42,612200,0
MFC.US,60,20210618,170000,19.425,19.46,19.265,19.32,683921,0
MFC.US,60,20210618,180000,19.31,19.44,19.305,19.42,367367,0
MFC.US,60,20210618,190000,19.42,19.46,19.395,19.395,296555,0
MFC.US,60,20210618,200000,19.395,19.43,19.37,19.4,326231,0
MFC.US,60,20210618,210000,19.39,19.46,19.39,19.405,485823,0
MFC.US,60,20210618,220000,19.4,19.485,19.36,19.36,1784597,0
MFC.US,60,20210621,160000,19.49,19.54,19.385,19.385,709686,0
MFC.US,60,20210621,170000,19.39,19.505,19.365,19.405,641444,0
MFC.US,60,20210621,180000,19.405,19.46,19.32,19.45,435479,0
MFC.US,60,20210621,190000,19.45,19.48,19.36,19.375,407653,0
MFC.US,60,20210621,200000,19.37,19.4952,19.35,19.48,422768,0
MFC.US,60,20210621,210000,19.48,19.5264,19.48,19.49,226206,0
MFC.US,60,20210621,220000,19.49,19.53,19.47,19.52,999613,0
MFC.US,60,20210622,160000,19.49,19.51,19.325,19.345,392797,0
MFC.US,60,20210622,170000,19.345,19.35,19.27,19.325,452107,0
MFC.US,60,20210622,180000,19.325,19.36,19.295,19.3,422042,0
MFC.US,60,20210622,190000,19.3,19.375,19.285,19.37,296777,0
MFC.US,60,20210622,200000,19.379,19.4,19.36,19.395,327819,0
MFC.US,60,20210622,210000,19.39,19.46,19.38,19.435,260571,0
MFC.US,60,20210622,220000,19.43,19.485,19.43,19.44,831676,0
MFC.US,60,20210623,160000,19.44,19.53,19.39,19.485,233806,0
MFC.US,60,20210623,170000,19.48,19.5,19.35,19.365,279847,0
MFC.US,60,20210623,180000,19.37,19.38,19.315,19.34,224409,0
MFC.US,60,20210623,190000,19.33,19.3455,19.31,19.31,140677,0
MFC.US,60,20210623,200000,19.32,19.38,19.31,19.375,177082,0
MFC.US,60,20210623,210000,19.38,19.4,19.34,19.34,196353,0
MFC.US,60,20210623,220000,19.35,19.3686,19.32,19.35,468132,0
MFC.US,60,20210624,160000,19.39,19.51,19.39,19.4,352976,0
MFC.US,60,20210624,170000,19.4,19.4,19.25,19.26,682907,0
MFC.US,60,20210624,180000,19.26,19.41,19.25,19.395,528077,0
MFC.US,60,20210624,190000,19.4,19.6,19.4,19.56,387982,0
MFC.US,60,20210624,200000,19.56,19.6696,19.55,19.66,470789,0
MFC.US,60,20210624,210000,19.66,19.69,19.64,19.64,192709,0
MFC.US,60,20210624,220000,19.64,19.6989,19.61,19.62,958567,0
MFC.US,60,20210625,160000,19.67,19.78,19.625,19.76,210606,0
MFC.US,60,20210625,170000,19.75,19.8793,19.74,19.85,718713,0
MFC.US,60,20210625,180000,19.85,19.965,19.85,19.965,419283,0
MFC.US,60,20210625,190000,19.97,19.97,19.87,19.93,188473,0
MFC.US,60,20210625,200000,19.92,19.99,19.92,19.985,255623,0
MFC.US,60,20210625,210000,19.985,20,19.92,19.9428,191967,0
MFC.US,60,20210625,220000,19.94,20.04,19.92,20.02,1397647,0
MFC.US,60,20210628,160000,19.93,20,19.65,19.741,374533,0
MFC.US,60,20210628,170000,19.74,19.74,19.645,19.69,408700,0
MFC.US,60,20210628,180000,19.69,19.745,19.615,19.6739,425842,0
MFC.US,60,20210628,190000,19.67,19.69,19.565,19.63,377981,0
MFC.US,60,20210628,200000,19.63,19.67,19.61,19.66,183313,0
MFC.US,60,20210628,210000,19.67,19.6992,19.65,19.65,207692,0
MFC.US,60,20210628,220000,19.65,19.7,19.6,19.67,1306197,0
MFC.US,60,20210629,160000,19.76,19.84,19.6499,19.68,290750,0
MFC.US,60,20210629,170000,19.68,19.68,19.55,19.57,404114,0
MFC.US,60,20210629,180000,19.57,19.6,19.54,19.575,308155,0
MFC.US,60,20210629,190000,19.57,19.58,19.53,19.535,188823,0
MFC.US,60,20210629,200000,19.53,19.615,19.51,19.61,280874,0
MFC.US,60,20210629,210000,19.605,19.62,19.56,19.59,178844,0
MFC.US,60,20210629,220000,19.5882,19.61,19.57,19.58,472994,0
MFC.US,60,20210630,160000,19.54,19.61,19.47,19.575,202127,0
MFC.US,60,20210630,170000,19.5706,19.61,19.52,19.54,237135,0
MFC.US,60,20210630,180000,19.545,19.58,19.49,19.52,257789,0
MFC.US,60,20210630,190000,19.525,19.585,19.52,19.545,103296,0
MFC.US,60,20210630,200000,19.545,19.5588,19.505,19.52,126059,0
MFC.US,60,20210630,210000,19.52,19.62,19.52,19.605,336613,0
MFC.US,60,20210630,220000,19.6,19.7,19.57,19.7,733836,0
MFC.US,60,20210701,160000,19.81,19.85,19.703,19.73,125284,0
MFC.US,60,20210701,170000,19.725,19.82,19.72,19.795,176115,0
MFC.US,60,20210701,180000,19.8,19.87,19.79,19.855,166035,0
MFC.US,60,20210701,190000,19.855,19.9,19.85,19.895,107484,0
MFC.US,60,20210701,200000,19.9,19.92,19.88,19.895,109390,0
MFC.US,60,20210701,210000,19.9,19.9,19.82,19.89,156910,0
MFC.US,60,20210701,220000,19.89,19.89,19.83,19.83,429480,0
MFC.US,60,20210702,160000,19.84,19.91,19.63,19.84,384446,0
MFC.US,60,20210702,170000,19.84,19.85,19.7063,19.72,252377,0
MFC.US,60,20210702,180000,19.72,19.75,19.7,19.735,236414,0
MFC.US,60,20210702,190000,19.7382,19.74,19.695,19.74,140920,0
MFC.US,60,20210702,200000,19.74,19.77,19.73,19.75,101691,0
MFC.US,60,20210702,210000,19.75,19.81,19.75,19.795,127667,0
MFC.US,60,20210702,220000,19.8,19.825,19.75,19.8,392822,0
MFC.US,60,20210706,160000,19.81,19.83,19.6,19.62,361323,0
MFC.US,60,20210706,170000,19.63,19.63,19.4,19.41,501572,0
MFC.US,60,20210706,180000,19.405,19.51,19.395,19.51,622654,0
MFC.US,60,20210706,190000,19.5,19.525,19.445,19.46,797206,0
MFC.US,60,20210706,200000,19.46,19.5568,19.45,19.5568,96140,0
MFC.US,60,20210706,210000,19.555,19.555,19.48,19.53,263454,0
MFC.US,60,20210706,220000,19.53,19.549,19.48,19.49,690827,0
MFC.US,60,20210707,160000,19.39,19.64,19.37,19.51,263039,0
MFC.US,60,20210707,170000,19.51,19.51,19.2488,19.31,334722,0
MFC.US,60,20210707,180000,19.31,19.425,19.29,19.29,421625,0
MFC.US,60,20210707,190000,19.3,19.33,19.27,19.31,289876,0
MFC.US,60,20210707,200000,19.305,19.35,19.29,19.3,771658,0
MFC.US,60,20210707,210000,19.3,19.355,19.245,19.295,353779,0
MFC.US,60,20210707,220000,19.3,19.325,19.29,19.3,948820,0
MFC.US,60,20210708,160000,19.05,19.05,18.74,18.905,551784,0
MFC.US,60,20210708,170000,18.9,18.99,18.8076,18.88,544641,0
MFC.US,60,20210708,180000,18.88,18.99,18.875,18.985,291304,0
MFC.US,60,20210708,190000,18.98,19.075,18.98,19.03,155565,0
MFC.US,60,20210708,200000,19.035,19.035,18.88,18.9,284766,0
MFC.US,60,20210708,210000,18.9,18.905,18.83,18.855,270080,0
MFC.US,60,20210708,220000,18.86,18.92,18.81,18.91,1063857,0
MFC.US,60,20210709,160000,19.22,19.3,19.12,19.26,349052,0
MFC.US,60,20210709,170000,19.26,19.34,19.215,19.22,510996,0
MFC.US,60,20210709,180000,19.215,19.27,19.17,19.17,445011,0
MFC.US,60,20210709,190000,19.18,19.26,19.12,19.26,484610,0
MFC.US,60,20210709,200000,19.2598,19.3468,19.2598,19.34,157095,0
MFC.US,60,20210709,210000,19.34,19.345,19.275,19.305,412554,0
MFC.US,60,20210709,220000,19.305,19.31,19.24,19.25,833705,0
