<TICKER>,<PER>,<DATE>,<TIME>,<OPEN>,<HIGH>,<LOW>,<CLOSE>,<VOL>,<OPENINT>
MRK.US,60,20200914,160000,82.812,82.92,82.35,82.802,466318,0
MRK.US,60,20200914,170000,82.832,83.108,82.586,82.597,754127,0
MRK.US,60,20200914,180000,82.596,82.96,82.434,82.812,510796,0
MRK.US,60,20200914,190000,82.812,83.157,82.802,83.157,688883,0
MRK.US,60,20200914,200000,83.157,83.693,83.157,83.668,593769,0
MRK.US,60,20200914,210000,83.659,83.668,82.98,83.073,434611,0
MRK.US,60,20200914,220000,83.078,83.206,82.724,82.774,3081095,0
MRK.US,60,20200915,160000,83.334,83.762,83.231,83.482,602270,0
MRK.US,60,20200915,170000,83.462,83.678,83.166,83.176,648367,0
MRK.US,60,20200915,180000,83.181,83.285,82.92,83.147,602324,0
MRK.US,60,20200915,190000,83.142,83.196,82.784,82.837,574627,0
MRK.US,60,20200915,200000,82.832,82.877,82.636,82.68,585831,0
MRK.US,60,20200915,210000,82.685,82.786,82.449,82.547,1040244,0
MRK.US,60,20200915,220000,82.542,82.882,82.272,82.822,4399492,0
MRK.US,60,20200916,160000,83.108,83.678,83.108,83.501,488569,0
MRK.US,60,20200916,170000,83.501,84.357,83.393,84.274,795620,0
MRK.US,60,20200916,180000,84.269,84.475,84.121,84.229,674531,0
MRK.US,60,20200916,190000,84.229,84.387,84.121,84.264,604152,0
MRK.US,60,20200916,200000,84.259,84.35,83.973,84.332,428720,0
MRK.US,60,20200916,210000,84.332,84.632,84.244,84.593,950909,0
MRK.US,60,20200916,220000,84.613,84.676,84.161,84.161,3424744,0
MRK.US,60,20200917,160000,83.973,83.973,83.285,83.294,448062,0
MRK.US,60,20200917,170000,83.294,83.988,83.058,83.855,464078,0
MRK.US,60,20200917,180000,83.875,84.249,83.865,84.131,450340,0
MRK.US,60,20200917,190000,84.131,84.141,83.639,84.052,414668,0
MRK.US,60,20200917,200000,84.033,84.121,83.777,84.052,460325,0
MRK.US,60,20200917,210000,84.061,84.121,83.835,83.983,466741,0
MRK.US,60,20200917,220000,83.988,84.357,83.84,84.229,2719531,0
MRK.US,60,20200918,160000,84.161,84.632,83.943,84.169,2221433,0
MRK.US,60,20200918,170000,84.189,84.632,84.003,84.406,472867,0
MRK.US,60,20200918,180000,84.397,84.878,84.367,84.785,602144,0
MRK.US,60,20200918,190000,84.78,84.829,84.545,84.563,463810,0
MRK.US,60,20200918,200000,84.563,84.573,83.54,83.855,689044,0
MRK.US,60,20200918,210000,83.855,84.041,83.727,83.973,309238,0
MRK.US,60,20200918,220000,83.973,84.485,83.953,84.396,5301137,0
MRK.US,60,20200921,160000,83.521,83.934,82.134,82.449,604251,0
MRK.US,60,20200921,170000,82.409,82.488,81.057,81.141,1042053,0
MRK.US,60,20200921,180000,81.141,81.515,80.914,81.19,887238,0
MRK.US,60,20200921,190000,81.177,81.435,80.846,80.979,631118,0
MRK.US,60,20200921,200000,80.983,81.239,80.806,80.93,519994,0
MRK.US,60,20200921,210000,80.904,81.078,80.738,80.944,602626,0
MRK.US,60,20200921,220000,80.944,81.849,80.934,81.761,3314176,0
MRK.US,60,20200922,160000,81.731,82.193,81.455,81.525,513817,0
MRK.US,60,20200922,170000,81.534,81.643,81.092,81.131,689202,0
MRK.US,60,20200922,180000,81.141,81.701,80.846,81.633,672264,0
MRK.US,60,20200922,190000,81.643,81.799,81.402,81.445,852691,0
MRK.US,60,20200922,200000,81.455,81.633,81.293,81.603,466448,0
MRK.US,60,20200922,210000,81.613,81.819,81.528,81.758,733178,0
MRK.US,60,20200922,220000,81.761,81.878,81.525,81.573,2615502,0
MRK.US,60,20200923,160000,81.721,81.987,81.426,81.947,550594,0
MRK.US,60,20200923,170000,81.879,81.987,81.57,81.731,535663,0
MRK.US,60,20200923,180000,81.711,82.203,81.681,81.884,634599,0
MRK.US,60,20200923,190000,81.879,82.439,81.849,82.286,453208,0
MRK.US,60,20200923,200000,82.282,82.296,81.889,81.987,365926,0
MRK.US,60,20200923,210000,81.977,82.242,81.583,81.583,696896,0
MRK.US,60,20200923,220000,81.603,81.701,81.219,81.269,2472310,0
MRK.US,60,20200924,160000,80.748,81.032,80.502,80.974,354291,0
MRK.US,60,20200924,170000,80.983,81.435,80.954,81.072,667305,0
MRK.US,60,20200924,180000,81.111,81.583,80.954,81.553,860361,0
MRK.US,60,20200924,190000,81.553,81.78,81.485,81.735,602110,0
MRK.US,60,20200924,200000,81.736,82.026,81.718,81.84,378974,0
MRK.US,60,20200924,210000,81.869,81.917,81.45,81.485,1042661,0
MRK.US,60,20200924,220000,81.485,82.105,81.337,81.78,2269264,0
MRK.US,60,20200925,160000,80.796,81.859,80.728,81.485,467367,0
MRK.US,60,20200925,170000,81.465,81.603,80.875,81.175,493381,0
MRK.US,60,20200925,180000,81.18,81.249,80.63,80.689,621511,0
MRK.US,60,20200925,190000,80.693,80.856,80.452,80.688,479448,0
MRK.US,60,20200925,200000,80.698,81.077,80.639,80.919,433112,0
MRK.US,60,20200925,210000,80.914,81.288,80.904,81.239,536505,0
MRK.US,60,20200925,220000,81.239,81.686,81.229,81.563,2154119,0
MRK.US,60,20200928,160000,81.829,82.242,81.553,81.671,422530,0
MRK.US,60,20200928,170000,81.681,82.321,81.445,81.53,605646,0
MRK.US,60,20200928,180000,81.534,81.731,81.249,81.534,424713,0
MRK.US,60,20200928,190000,81.525,81.731,81.465,81.544,415464,0
MRK.US,60,20200928,200000,81.553,81.829,81.426,81.741,469938,0
MRK.US,60,20200928,210000,81.751,81.839,81.556,81.583,408240,0
MRK.US,60,20200928,220000,81.573,81.603,81.2,81.397,2139556,0
MRK.US,60,20200929,160000,81.313,81.583,81.062,81.349,546959,0
MRK.US,60,20200929,170000,81.367,81.78,81.234,81.288,565375,0
MRK.US,60,20200929,180000,81.298,81.337,80.757,80.895,733942,0
MRK.US,60,20200929,190000,80.895,80.964,80.62,80.772,586220,0
MRK.US,60,20200929,200000,80.767,80.816,80.354,80.796,685493,0
MRK.US,60,20200929,210000,80.796,80.969,80.767,80.865,488974,0
MRK.US,60,20200929,220000,80.865,80.89,80.54,80.55,1760745,0
MRK.US,60,20200930,160000,80.904,81.121,80.668,80.811,469096,0
MRK.US,60,20200930,170000,80.806,81.151,80.738,81.023,905476,0
MRK.US,60,20200930,180000,81.023,81.515,81.003,81.382,844175,0
MRK.US,60,20200930,190000,81.382,81.751,81.347,81.525,966522,0
MRK.US,60,20200930,200000,81.525,81.839,81.485,81.761,623411,0
MRK.US,60,20200930,210000,81.766,81.947,81.141,81.426,883298,0
MRK.US,60,20200930,220000,81.426,81.809,80.875,81.583,4277752,0
MRK.US,60,20201001,160000,81.809,81.967,81.101,81.101,518470,0
MRK.US,60,20201001,170000,81.072,81.308,80.53,80.856,651254,0
MRK.US,60,20201001,180000,80.895,80.944,80.658,80.831,519537,0
MRK.US,60,20201001,190000,80.826,81.101,80.6,80.757,522204,0
MRK.US,60,20201001,200000,80.762,80.777,80.285,80.314,1001399,0
MRK.US,60,20201001,210000,80.295,80.452,79.99,80.384,767079,0
MRK.US,60,20201001,220000,80.384,80.472,79.911,80.295,2520568,0
MRK.US,60,20201002,160000,79.469,80.148,79.321,79.872,440389,0
MRK.US,60,20201002,170000,79.911,80.015,79.125,79.371,499367,0
MRK.US,60,20201002,180000,79.351,79.803,79.291,79.469,309613,0
MRK.US,60,20201002,190000,79.459,80.157,79.409,80.078,398837,0
MRK.US,60,20201002,200000,80.088,80.285,79.823,80,312452,0
MRK.US,60,20201002,210000,80,80.394,79.97,80.029,337778,0
MRK.US,60,20201002,220000,80.034,80.118,79.419,79.469,1655236,0
MRK.US,60,20201005,160000,79.892,80.128,79.422,79.449,492049,0
MRK.US,60,20201005,170000,79.459,79.862,79.291,79.803,1166350,0
MRK.US,60,20201005,180000,79.813,80.196,79.764,79.773,1099606,0
MRK.US,60,20201005,190000,79.773,79.823,79.499,79.508,696729,0
MRK.US,60,20201005,200000,79.513,79.567,79.301,79.346,633529,0
MRK.US,60,20201005,210000,79.341,79.567,79.296,79.537,1376373,0
MRK.US,60,20201005,220000,79.557,80.01,79.489,79.901,1838413,0
MRK.US,60,20201006,160000,79.793,79.803,78.829,79.154,757951,0
MRK.US,60,20201006,170000,79.135,79.193,78.721,78.829,608602,0
MRK.US,60,20201006,180000,78.829,79.135,78.761,78.987,1012573,0
MRK.US,60,20201006,190000,78.987,79.213,78.908,79.171,1101661,0
MRK.US,60,20201006,200000,79.163,79.341,79.055,79.065,375486,0
MRK.US,60,20201006,210000,79.073,79.405,78.367,78.682,845265,0
MRK.US,60,20201006,220000,78.662,78.692,78.21,78.318,2964487,0
MRK.US,60,20201007,160000,78.77,78.78,78.2,78.436,866395,0
MRK.US,60,20201007,170000,78.426,78.731,78.288,78.652,1196916,0
MRK.US,60,20201007,180000,78.652,78.918,78.534,78.702,872924,0
MRK.US,60,20201007,190000,78.706,78.761,78.436,78.485,608141,0
MRK.US,60,20201007,200000,78.49,78.908,78.436,78.751,597736,0
MRK.US,60,20201007,210000,78.751,78.977,78.702,78.908,771289,0
MRK.US,60,20201007,220000,78.917,79.026,78.647,78.721,2751661,0
MRK.US,60,20201008,160000,79.065,79.842,78.839,79.547,715433,0
MRK.US,60,20201008,170000,79.567,80.487,79.361,80.447,1084553,0
MRK.US,60,20201008,180000,80.432,80.482,79.301,79.326,1118349,0
MRK.US,60,20201008,190000,79.321,79.361,79.095,79.125,529772,0
MRK.US,60,20201008,200000,79.145,79.301,79.095,79.213,692828,0
MRK.US,60,20201008,210000,79.208,79.301,79.105,79.135,642950,0
MRK.US,60,20201008,220000,79.154,79.223,78.962,79.154,2532291,0
MRK.US,60,20201009,160000,79.547,79.712,79.351,79.439,617114,0
MRK.US,60,20201009,170000,79.464,79.567,79.291,79.508,456152,0
MRK.US,60,20201009,180000,79.513,79.749,79.351,79.527,497626,0
MRK.US,60,20201009,190000,79.567,79.604,79.193,79.263,312607,0
MRK.US,60,20201009,200000,79.272,79.319,78.889,79.055,405883,0
MRK.US,60,20201009,210000,79.06,79.06,78.741,78.78,481128,0
MRK.US,60,20201009,220000,78.78,79.085,78.731,79.036,1988416,0
MRK.US,60,20201012,160000,79.183,79.233,78.593,78.942,813037,0
MRK.US,60,20201012,170000,78.942,79.223,78.869,79.135,906064,0
MRK.US,60,20201012,180000,79.145,79.39,79.035,79.233,609937,0
MRK.US,60,20201012,190000,79.243,79.39,79.085,79.095,609330,0
MRK.US,60,20201012,200000,79.095,79.154,78.997,79.069,488736,0
MRK.US,60,20201012,210000,79.065,79.125,78.898,79.105,821171,0
MRK.US,60,20201012,220000,79.105,79.135,78.879,79.036,2555290,0
MRK.US,60,20201013,160000,78.977,79.597,78.761,79.444,907760,0
MRK.US,60,20201013,170000,79.449,79.537,78.957,79.017,921096,0
MRK.US,60,20201013,180000,79.007,79.036,78.721,78.824,745583,0
MRK.US,60,20201013,190000,78.824,78.967,78.79,78.829,477190,0
MRK.US,60,20201013,200000,78.829,79.052,78.8,79.045,943037,0
MRK.US,60,20201013,210000,79.036,79.253,78.898,79.095,788075,0
MRK.US,60,20201013,220000,79.095,79.518,79.095,79.381,2199113,0
MRK.US,60,20201014,160000,79.518,79.597,79.135,79.239,899114,0
MRK.US,60,20201014,170000,79.243,79.371,78.957,79.064,1768329,0
MRK.US,60,20201014,180000,79.055,79.065,78.751,78.898,983100,0
MRK.US,60,20201014,190000,78.908,79.055,78.785,79.036,406215,0
MRK.US,60,20201014,200000,79.026,79.065,78.79,78.967,644910,0
MRK.US,60,20201014,210000,78.967,79.065,78.751,78.997,879972,0
MRK.US,60,20201014,220000,79.002,79.253,78.987,79.183,1941001,0
MRK.US,60,20201015,160000,78.485,78.621,78.042,78.102,674552,0
MRK.US,60,20201015,170000,78.112,78.15,77.507,77.588,1211258,0
MRK.US,60,20201015,180000,77.58,77.964,77.482,77.876,752874,0
MRK.US,60,20201015,190000,77.876,77.905,77.58,77.816,480177,0
MRK.US,60,20201015,200000,77.796,78.022,77.758,77.974,757431,0
MRK.US,60,20201015,210000,77.974,78.052,77.625,77.753,721414,0
MRK.US,60,20201015,220000,77.758,77.905,77.635,77.758,2433121,0
MRK.US,60,20201016,160000,77.994,78.534,77.806,78.386,1059213,0
MRK.US,60,20201016,170000,78.348,78.977,78.278,78.722,589668,0
MRK.US,60,20201016,180000,78.721,78.8,78.5,78.618,418423,0
MRK.US,60,20201016,190000,78.608,78.623,78.348,78.534,501714,0
MRK.US,60,20201016,200000,78.544,78.603,78.35,78.485,464145,0
MRK.US,60,20201016,210000,78.495,78.623,78.426,78.608,741068,0
MRK.US,60,20201016,220000,78.608,78.77,78.416,78.515,2665283,0
MRK.US,60,20201019,160000,78.8,79.163,78.515,78.652,569786,0
MRK.US,60,20201019,170000,78.638,78.726,78.21,78.225,877965,0
MRK.US,60,20201019,180000,78.225,78.258,77.758,78.042,665022,0
MRK.US,60,20201019,190000,78.032,78.24,77.979,78.136,535974,0
MRK.US,60,20201019,200000,78.132,78.155,77.639,77.647,528315,0
MRK.US,60,20201019,210000,77.639,77.856,77.256,77.275,763367,0
MRK.US,60,20201019,220000,77.285,77.374,77.044,77.374,2556740,0
MRK.US,60,20201020,160000,77.669,77.669,77.207,77.364,432473,0
MRK.US,60,20201020,170000,77.384,77.531,76.981,77.007,807159,0
MRK.US,60,20201020,180000,76.991,77.152,76.896,77.029,789566,0
MRK.US,60,20201020,190000,77.019,77.325,76.961,77.054,844514,0
MRK.US,60,20201020,200000,77.049,77.411,76.981,77.099,850633,0
MRK.US,60,20201020,210000,77.094,77.265,77.034,77.177,798569,0
MRK.US,60,20201020,220000,77.167,77.393,76.793,76.981,4306522,0
MRK.US,60,20201021,160000,76.971,77.295,76.813,77.128,442725,0
MRK.US,60,20201021,170000,77.109,77.393,76.813,77.285,1158386,0
MRK.US,60,20201021,180000,77.295,77.33,77.069,77.097,663620,0
MRK.US,60,20201021,190000,77.099,77.551,76.951,77.024,490579,0
MRK.US,60,20201021,200000,77.019,77.265,76.971,77.137,718439,0
MRK.US,60,20201021,210000,77.157,77.295,76.911,76.951,976569,0
MRK.US,60,20201021,220000,76.951,77.177,76.745,76.783,3113727,0
MRK.US,60,20201022,160000,76.813,77.265,76.813,77.118,305408,0
MRK.US,60,20201022,170000,77.118,77.659,77.059,77.639,515935,0
MRK.US,60,20201022,180000,77.654,77.688,77.147,77.177,436832,0
MRK.US,60,20201022,190000,77.18,77.452,77.089,77.393,386904,0
MRK.US,60,20201022,200000,77.413,77.635,77.325,77.63,393835,0
MRK.US,60,20201022,210000,77.639,77.984,77.57,77.959,628881,0
MRK.US,60,20201022,220000,77.964,78.14,77.866,77.905,2092987,0
MRK.US,60,20201023,160000,77.954,79.105,77.954,79.045,959811,0
MRK.US,60,20201023,170000,79.065,79.291,78.416,78.721,987318,0
MRK.US,60,20201023,180000,78.716,78.761,78.338,78.426,464647,0
MRK.US,60,20201023,190000,78.436,78.495,78.014,78.16,580846,0
MRK.US,60,20201023,200000,78.17,78.298,78.112,78.23,401477,0
MRK.US,60,20201023,210000,78.235,78.367,78.2,78.338,443180,0
MRK.US,60,20201023,220000,78.358,78.584,78.24,78.515,2130228,0
MRK.US,60,20201026,150000,78.022,78.485,77.059,77.059,624642,0
MRK.US,60,20201026,160000,77.049,77.413,76.971,77.236,720375,0
MRK.US,60,20201026,170000,77.236,77.61,77.089,77.433,651058,0
MRK.US,60,20201026,180000,77.423,77.59,77.236,77.502,435220,0
MRK.US,60,20201026,190000,77.502,77.602,77.217,77.516,484285,0
MRK.US,60,20201026,200000,77.507,77.826,77.452,77.664,789692,0
MRK.US,60,20201026,210000,77.669,77.856,77.364,77.541,2933481,0
MRK.US,60,20201027,150000,77.63,78.908,77.325,78.628,1509867,0
MRK.US,60,20201027,160000,78.613,78.646,77.649,77.679,1573313,0
MRK.US,60,20201027,170000,77.679,78.052,77.295,78.022,991384,0
MRK.US,60,20201027,180000,78.032,78.15,77.541,77.708,937902,0
MRK.US,60,20201027,190000,77.703,77.866,77.433,77.57,620574,0
MRK.US,60,20201027,200000,77.541,77.649,77.285,77.31,519655,0
MRK.US,60,20201027,210000,77.305,77.315,76.705,76.705,3751887,0
MRK.US,60,20201028,150000,75.859,76.449,75.289,75.85,1187575,0
MRK.US,60,20201028,160000,75.84,75.958,74.915,75.117,1587633,0
MRK.US,60,20201028,170000,75.112,75.604,75.013,75.515,1023618,0
MRK.US,60,20201028,180000,75.524,75.619,75.23,75.368,1144951,0
MRK.US,60,20201028,190000,75.348,75.436,75.102,75.18,1038222,0
MRK.US,60,20201028,200000,75.171,75.436,75.082,75.298,1010127,0
MRK.US,60,20201028,210000,75.308,75.554,74.846,74.925,3801391,0
MRK.US,60,20201029,150000,74.915,75.21,73.44,74.119,657299,0
MRK.US,60,20201029,160000,74.15,74.866,73.961,74.795,558604,0
MRK.US,60,20201029,170000,74.807,74.861,74.128,74.202,486972,0
MRK.US,60,20201029,180000,74.217,74.227,74.005,74.03,507394,0
MRK.US,60,20201029,190000,74.03,74.905,73.902,74.88,717797,0
MRK.US,60,20201029,200000,74.876,75.328,74.866,75.053,788684,0
MRK.US,60,20201029,210000,75.062,75.122,74.601,74.639,2927237,0
MRK.US,60,20201030,150000,74.138,74.639,74.02,74.089,656159,0
MRK.US,60,20201030,160000,74.079,74.28,73.469,73.656,759846,0
MRK.US,60,20201030,170000,73.622,73.922,73.287,73.749,684817,0
MRK.US,60,20201030,180000,73.705,73.794,73.4,73.498,623687,0
MRK.US,60,20201030,190000,73.489,73.538,73.174,73.282,543717,0
MRK.US,60,20201030,200000,73.272,73.548,72.722,72.84,966214,0
MRK.US,60,20201030,210000,72.83,74.039,72.79,73.971,3606538,0
MRK.US,60,20201102,160000,75.19,75.24,74.393,75.195,563235,0
MRK.US,60,20201102,170000,75.2,75.547,74.879,74.905,698593,0
MRK.US,60,20201102,180000,74.895,75.21,74.469,75.141,556552,0
MRK.US,60,20201102,190000,75.151,75.25,74.836,74.974,447771,0
MRK.US,60,20201102,200000,74.984,74.994,74.57,74.777,521530,0
MRK.US,60,20201102,210000,74.777,75.318,74.757,75.298,630414,0
MRK.US,60,20201102,220000,75.289,75.589,75.122,75.446,3059717,0
MRK.US,60,20201103,160000,76.194,76.941,76.194,76.341,787476,0
MRK.US,60,20201103,170000,76.321,76.764,76.046,76.253,801434,0
MRK.US,60,20201103,180000,76.272,76.577,75.948,76.215,835976,0
MRK.US,60,20201103,190000,76.223,76.331,75.775,75.82,371294,0
MRK.US,60,20201103,200000,75.82,76.007,75.702,75.8,515345,0
MRK.US,60,20201103,210000,75.79,76.026,75.712,75.822,570470,0
MRK.US,60,20201103,220000,75.83,76.154,75.496,75.652,2217821,0
MRK.US,60,20201104,160000,78.623,79.135,78.23,78.947,922399,0
MRK.US,60,20201104,170000,78.937,80.698,78.869,80.668,2410891,0
MRK.US,60,20201104,180000,80.668,81.337,80.299,81.257,1345258,0
MRK.US,60,20201104,190000,81.249,81.525,80.796,80.993,1068813,0
MRK.US,60,20201104,200000,81.003,81.062,80.314,80.374,893482,0
MRK.US,60,20201104,210000,80.384,80.678,79.97,79.97,720381,0
MRK.US,60,20201104,220000,79.97,80.02,79.213,79.291,3153918,0
MRK.US,60,20201105,160000,80.708,81.534,80.394,80.63,1065444,0
MRK.US,60,20201105,170000,80.63,81.18,80.522,80.836,1060515,0
MRK.US,60,20201105,180000,80.836,80.875,79.597,79.626,692073,0
MRK.US,60,20201105,190000,79.646,79.99,79.471,79.783,646951,0
MRK.US,60,20201105,200000,79.813,79.971,79.646,79.725,432562,0
MRK.US,60,20201105,210000,79.813,80.01,79.616,79.756,429026,0
MRK.US,60,20201105,220000,79.764,79.783,79.115,79.135,2587718,0
MRK.US,60,20201106,160000,78.14,79.188,78.14,79.007,544481,0
MRK.US,60,20201106,170000,79.01,79.567,78.859,79.277,437972,0
MRK.US,60,20201106,180000,79.272,79.803,79.265,79.499,391260,0
MRK.US,60,20201106,190000,79.499,79.665,79.271,79.449,289870,0
MRK.US,60,20201106,200000,79.439,79.597,79.231,79.233,814204,0
MRK.US,60,20201106,210000,79.243,79.419,79.135,79.173,447168,0
MRK.US,60,20201106,220000,79.163,79.429,78.652,79.036,2143306,0
MRK.US,60,20201109,160000,83.599,83.767,81.347,81.465,942701,0
MRK.US,60,20201109,170000,81.465,82.075,79.734,80.422,1030043,0
MRK.US,60,20201109,180000,80.354,80.522,79.612,79.927,696369,0
MRK.US,60,20201109,190000,79.97,80.954,79.916,80.949,608132,0
MRK.US,60,20201109,200000,80.964,81.042,80.399,80.738,585029,0
MRK.US,60,20201109,210000,80.738,80.767,79.99,80.157,714208,0
MRK.US,60,20201109,220000,80.128,80.148,79.026,79.173,2795548,0
MRK.US,60,20201110,160000,80.432,80.58,79.803,80.555,469398,0
MRK.US,60,20201110,170000,80.555,80.673,79.803,79.803,426060,0
MRK.US,60,20201110,180000,79.813,80.186,79.685,80.02,507657,0
MRK.US,60,20201110,190000,80.044,80.329,79.941,80.177,521676,0
MRK.US,60,20201110,200000,80.186,80.364,79.995,80.285,772649,0
MRK.US,60,20201110,210000,80.295,80.57,80.118,80.334,797892,0
MRK.US,60,20201110,220000,80.334,80.482,79.675,79.773,3179325,0
MRK.US,60,20201111,160000,80.522,80.522,79.626,79.636,465187,0
MRK.US,60,20201111,170000,79.641,79.725,79.263,79.587,410041,0
MRK.US,60,20201111,180000,79.587,79.838,79.39,79.429,360612,0
MRK.US,60,20201111,190000,79.424,80.078,79.419,79.97,434421,0
MRK.US,60,20201111,200000,79.978,80.013,79.469,79.577,358227,0
MRK.US,60,20201111,210000,79.587,79.74,79.321,79.518,342876,0
MRK.US,60,20201111,220000,79.527,79.892,79.469,79.725,1628882,0
MRK.US,60,20201112,160000,79.223,79.665,78.495,78.608,434895,0
MRK.US,60,20201112,170000,78.603,78.682,78.323,78.456,788878,0
MRK.US,60,20201112,180000,78.456,78.652,78.353,78.554,401077,0
MRK.US,60,20201112,190000,78.559,78.574,78.022,78.17,513813,0
MRK.US,60,20201112,200000,78.16,78.16,77.728,78.062,785813,0
MRK.US,60,20201112,210000,78.076,78.16,77.914,78.102,594475,0
MRK.US,60,20201112,220000,78.095,78.574,77.777,78.544,2312537,0
MRK.US,60,20201113,160000,78.967,78.977,78.406,78.859,480437,0
MRK.US,60,20201113,170000,78.839,79.439,78.81,79.371,804246,0
MRK.US,60,20201113,180000,79.376,79.537,79.173,79.518,510417,0
MRK.US,60,20201113,190000,79.518,79.685,79.449,79.597,541484,0
MRK.US,60,20201113,200000,79.616,79.715,79.518,79.646,410517,0
MRK.US,60,20201113,210000,79.643,80.147,79.587,79.99,662857,0
MRK.US,60,20201113,220000,80,80.502,79.695,79.754,3752165,0
MRK.US,60,20201116,160000,79.901,80.54,78.898,79.045,722963,0
MRK.US,60,20201116,170000,79.075,79.607,78.977,79.203,695883,0
MRK.US,60,20201116,180000,79.243,79.341,78.869,78.937,631663,0
MRK.US,60,20201116,190000,78.962,79.006,78.387,78.515,1323374,0
MRK.US,60,20201116,200000,78.515,78.726,78.401,78.549,542767,0
MRK.US,60,20201116,210000,78.551,78.78,78.505,78.608,555776,0
MRK.US,60,20201116,220000,78.608,78.898,78.406,78.859,2838948,0
MRK.US,60,20201117,160000,79.725,80.118,79.085,79.955,904636,0
MRK.US,60,20201117,170000,79.951,80.354,79.857,80.206,729842,0
MRK.US,60,20201117,180000,80.211,80.344,80,80.186,539036,0
MRK.US,60,20201117,190000,80.177,80.502,80.103,80.266,488649,0
MRK.US,60,20201117,200000,80.256,80.58,80.246,80.53,516404,0
MRK.US,60,20201117,210000,80.53,80.61,80.324,80.401,607420,0
MRK.US,60,20201117,220000,80.394,80.469,79.852,80.157,3563067,0
MRK.US,60,20201118,160000,80.088,80.54,79.744,80.442,994436,0
MRK.US,60,20201118,170000,80.429,80.62,80.118,80.186,729025,0
MRK.US,60,20201118,180000,80.178,80.256,79.626,79.882,750334,0
MRK.US,60,20201118,190000,79.892,80.221,79.833,80.088,580305,0
MRK.US,60,20201118,200000,80.088,80.216,79.773,79.892,538309,0
MRK.US,60,20201118,210000,79.892,79.946,79.557,79.626,578007,0
MRK.US,60,20201118,220000,79.626,79.715,78.908,78.928,2669892,0
MRK.US,60,20201119,160000,79.439,79.439,78.584,78.839,793643,0
MRK.US,60,20201119,170000,78.879,78.967,78.022,78.387,818623,0
MRK.US,60,20201119,180000,78.377,78.564,78.092,78.268,440943,0
MRK.US,60,20201119,190000,78.268,78.574,78.19,78.396,324684,0
MRK.US,60,20201119,200000,78.387,78.819,78.377,78.699,376141,0
MRK.US,60,20201119,210000,78.692,79.145,78.633,78.829,392243,0
MRK.US,60,20201119,220000,78.829,79.203,78.815,79.065,2127753,0
MRK.US,60,20201120,160000,79.145,79.444,79.007,79.075,812394,0
MRK.US,60,20201120,170000,79.075,79.115,78.416,78.741,744649,0
MRK.US,60,20201120,180000,78.731,79.351,78.731,79.243,750668,0
MRK.US,60,20201120,190000,79.243,79.351,78.928,79.017,313438,0
MRK.US,60,20201120,200000,79.023,79.409,79.017,79.356,409288,0
MRK.US,60,20201120,210000,79.356,79.479,79.183,79.316,541586,0
MRK.US,60,20201120,220000,79.316,79.351,78.937,79.125,3102520,0
MRK.US,60,20201123,160000,79.281,79.823,79.085,79.218,744765,0
MRK.US,60,20201123,170000,79.203,79.23,78.839,79.013,738484,0
MRK.US,60,20201123,180000,79.017,79.095,78.515,78.839,696695,0
MRK.US,60,20201123,190000,78.839,78.859,78.51,78.544,666603,0
MRK.US,60,20201123,200000,78.546,78.633,78.15,78.323,615870,0
MRK.US,60,20201123,210000,78.322,78.559,78.072,78.515,883426,0
MRK.US,60,20201123,220000,78.515,79.055,78.456,78.957,2909578,0
MRK.US,60,20201124,160000,78.702,79.557,78.702,79.213,897998,0
MRK.US,60,20201124,170000,79.207,79.499,79.085,79.105,1426161,0
MRK.US,60,20201124,180000,79.104,79.513,78.881,79.331,1272968,0
MRK.US,60,20201124,190000,79.328,79.341,78.928,79.045,776330,0
MRK.US,60,20201124,200000,79.055,79.075,78.593,78.657,978851,0
MRK.US,60,20201124,210000,78.657,78.746,78.416,78.485,1041261,0
MRK.US,60,20201124,220000,78.48,78.859,78.358,78.819,3172096,0
MRK.US,60,20201125,160000,78.819,79.134,78.515,78.561,466314,0
MRK.US,60,20201125,170000,78.564,78.78,78.348,78.406,524793,0
MRK.US,60,20201125,180000,78.406,78.589,78.283,78.505,467532,0
MRK.US,60,20201125,190000,78.5,78.534,78.338,78.476,387631,0
MRK.US,60,20201125,200000,78.476,78.584,78.377,78.485,317839,0
MRK.US,60,20201125,210000,78.485,78.567,78.348,78.358,413074,0
MRK.US,60,20201125,220000,78.358,78.829,78.358,78.741,1790947,0
MRK.US,60,20201127,160000,78.977,79.351,78.544,78.574,794732,0
MRK.US,60,20201127,170000,78.584,78.859,78.348,78.436,753943,0
MRK.US,60,20201127,180000,78.446,78.574,78.249,78.466,1105036,0
MRK.US,60,20201127,190000,78.466,78.682,78.399,78.574,638432,0
MRK.US,60,20201127,200000,78.544,78.544,78.544,78.544,520522,0
MRK.US,60,20201130,160000,78.682,78.783,78.338,78.466,603538,0
MRK.US,60,20201130,170000,78.505,79.213,78.456,78.898,989166,0
MRK.US,60,20201130,180000,78.889,78.908,78.396,78.446,679367,0
MRK.US,60,20201130,190000,78.446,78.652,78.362,78.643,531717,0
MRK.US,60,20201130,200000,78.643,78.662,78.278,78.323,538680,0
MRK.US,60,20201130,210000,78.318,78.476,78.15,78.416,552072,0
MRK.US,60,20201130,220000,78.426,79.085,78.102,79.065,5639303,0
MRK.US,60,20201201,160000,79.616,80.422,79.489,80.152,976900,0
MRK.US,60,20201201,170000,80.138,81.101,80.108,80.295,1155071,0
MRK.US,60,20201201,180000,80.304,80.492,80.078,80.236,659835,0
MRK.US,60,20201201,190000,80.226,80.364,79.882,79.948,419736,0
MRK.US,60,20201201,200000,79.951,80.295,79.783,80.02,495775,0
MRK.US,60,20201201,210000,80.038,80.28,80.029,80.172,447466,0
MRK.US,60,20201201,220000,80.167,80.359,79.882,80.206,2533515,0
MRK.US,60,20201202,160000,80.59,81.377,80.412,80.728,986931,0
MRK.US,60,20201202,170000,80.718,80.909,80.428,80.635,631181,0
MRK.US,60,20201202,180000,80.639,80.754,80.373,80.452,437376,0
MRK.US,60,20201202,190000,80.444,80.447,80.118,80.295,469511,0
MRK.US,60,20201202,200000,80.295,80.394,80.206,80.215,344803,0
MRK.US,60,20201202,210000,80.196,80.295,79.959,80.049,529387,0
MRK.US,60,20201202,220000,80.049,80.502,80.049,80.482,1976127,0
MRK.US,60,20201203,160000,80.59,80.6,79.892,79.931,565553,0
MRK.US,60,20201203,170000,79.94,80.285,79.489,79.842,909553,0
MRK.US,60,20201203,180000,79.852,80.138,79.823,79.833,541687,0
MRK.US,60,20201203,190000,79.824,80.103,79.665,79.99,392436,0
MRK.US,60,20201203,200000,79.969,80.01,79.695,79.842,290992,0
MRK.US,60,20201203,210000,79.852,80.295,79.823,80.266,389234,0
MRK.US,60,20201203,220000,80.266,80.62,79.734,80.108,2424437,0
MRK.US,60,20201204,160000,80.039,80.432,79.773,80.049,610589,0
MRK.US,60,20201204,170000,80.078,80.304,80.01,80.123,548864,0
MRK.US,60,20201204,180000,80.128,80.256,80.01,80.118,516509,0
MRK.US,60,20201204,190000,80.108,80.216,79.862,79.951,418745,0
MRK.US,60,20201204,200000,79.941,80.256,79.941,80.167,650386,0
MRK.US,60,20201204,210000,80.167,80.502,80.148,80.295,598301,0
MRK.US,60,20201204,220000,80.295,80.61,80.256,80.59,2504444,0
MRK.US,60,20201207,160000,80.708,81.736,80.698,81.731,836972,0
MRK.US,60,20201207,170000,81.74,82.095,81.505,81.721,1501155,0
MRK.US,60,20201207,180000,81.711,81.731,81.259,81.347,726437,0
MRK.US,60,20201207,190000,81.327,81.455,81.288,81.367,555747,0
MRK.US,60,20201207,200000,81.367,81.377,81.101,81.167,399333,0
MRK.US,60,20201207,210000,81.165,81.19,80.955,80.974,355963,0
MRK.US,60,20201207,220000,80.983,81.19,80.816,81.151,2586664,0
MRK.US,60,20201208,160000,80.934,81.703,80.904,81.623,606412,0
MRK.US,60,20201208,170000,81.618,81.896,81.525,81.874,591930,0
MRK.US,60,20201208,180000,81.879,82.183,81.854,82.075,534180,0
MRK.US,60,20201208,190000,82.065,82.36,81.977,82.252,407925,0
MRK.US,60,20201208,200000,82.242,82.296,81.761,81.804,215657,0
MRK.US,60,20201208,210000,81.809,82.045,81.771,81.863,430221,0
MRK.US,60,20201208,220000,81.864,82.07,81.721,81.809,3141605,0
MRK.US,60,20201209,160000,82.439,82.439,81.269,81.279,655733,0
MRK.US,60,20201209,170000,81.279,81.475,81.18,81.327,487820,0
MRK.US,60,20201209,180000,81.455,81.829,81.426,81.666,360484,0
MRK.US,60,20201209,190000,81.671,81.937,81.515,81.839,350891,0
MRK.US,60,20201209,200000,81.869,81.972,81.553,81.879,376005,0
MRK.US,60,20201209,210000,81.907,82.163,81.794,82.026,398442,0
MRK.US,60,20201209,220000,82.016,82.498,82.006,82.095,2663712,0
MRK.US,60,20201210,160000,82.282,82.557,81.917,82.252,585969,0
MRK.US,60,20201210,170000,82.213,82.37,81.997,82.115,698427,0
MRK.US,60,20201210,180000,82.124,82.163,81.727,81.761,497313,0
MRK.US,60,20201210,190000,81.756,81.761,81.505,81.593,480275,0
MRK.US,60,20201210,200000,81.583,81.633,81.367,81.445,388417,0
MRK.US,60,20201210,210000,81.445,81.603,81.357,81.505,342135,0
MRK.US,60,20201210,220000,81.505,81.874,81.495,81.623,2442625,0
MRK.US,60,20201211,160000,81.485,81.78,81.2,81.711,470045,0
MRK.US,60,20201211,170000,81.721,82.045,81.573,81.859,610979,0
MRK.US,60,20201211,180000,81.869,81.967,81.623,81.731,556166,0
MRK.US,60,20201211,190000,81.736,81.809,81.16,81.623,1149050,0
MRK.US,60,20201211,200000,81.633,81.78,81.53,81.732,364700,0
MRK.US,60,20201211,210000,81.741,81.869,81.66,81.741,380562,0
MRK.US,60,20201211,220000,81.751,81.794,81.426,81.593,2409046,0
MRK.US,60,20201214,160000,81.91,82.178,81.544,82.138,675935,0
MRK.US,60,20201214,170000,82.168,82.356,81.375,81.39,1033290,0
MRK.US,60,20201214,180000,81.385,81.4,80.752,80.78,790798,0
MRK.US,60,20201214,190000,80.78,80.869,80.423,80.483,587333,0
MRK.US,60,20201214,200000,80.493,80.552,79.948,79.962,723744,0
MRK.US,60,20201214,210000,79.967,80.255,79.962,80.185,635088,0
MRK.US,60,20201214,220000,80.185,80.22,79.343,79.62,5735522,0
MRK.US,60,20201215,160000,79.799,80.032,79.303,79.541,836128,0
MRK.US,60,20201215,170000,79.541,79.739,79.402,79.487,798804,0
MRK.US,60,20201215,180000,79.482,79.804,79.462,79.71,861248,0
MRK.US,60,20201215,190000,79.71,79.839,79.601,79.788,976325,0
MRK.US,60,20201215,200000,79.779,80.176,79.739,80.116,631132,0
MRK.US,60,20201215,210000,80.106,80.334,80.047,80.115,639032,0
MRK.US,60,20201215,220000,80.114,80.187,79.71,79.779,3479876,0
MRK.US,60,20201216,160000,79.581,80.047,78.956,79.078,819292,0
MRK.US,60,20201216,170000,79.085,79.789,78.986,79.625,821713,0
MRK.US,60,20201216,180000,79.63,79.918,79.363,79.363,814714,0
MRK.US,60,20201216,190000,79.363,79.422,79.174,79.323,472382,0
MRK.US,60,20201216,200000,79.313,79.402,79.184,79.262,443416,0
MRK.US,60,20201216,210000,79.264,79.571,79.174,79.526,634578,0
MRK.US,60,20201216,220000,79.526,79.541,79.095,79.135,3483789,0
MRK.US,60,20201217,160000,79.69,79.858,79.283,79.373,583495,0
MRK.US,60,20201217,170000,79.363,79.561,79.273,79.379,529529,0
MRK.US,60,20201217,180000,79.373,79.601,79.313,79.561,451802,0
MRK.US,60,20201217,190000,79.571,79.586,79.293,79.333,480684,0
MRK.US,60,20201217,200000,79.343,79.477,79.303,79.402,545136,0
MRK.US,60,20201217,210000,79.402,79.521,79.343,79.432,624454,0
MRK.US,60,20201217,220000,79.432,79.462,78.986,79.125,4988603,0
MRK.US,60,20201218,160000,79.016,79.135,78.56,78.817,2619075,0
MRK.US,60,20201218,170000,78.808,78.877,78.243,78.659,1320192,0
MRK.US,60,20201218,180000,78.665,78.763,78.332,78.38,776313,0
MRK.US,60,20201218,190000,78.377,78.48,78.223,78.277,957696,0
MRK.US,60,20201218,200000,78.272,78.282,77.906,78.005,1407104,0
MRK.US,60,20201218,210000,77.995,78.094,77.767,78.069,1010560,0
MRK.US,60,20201218,220000,78.069,79.482,78.056,78.837,16180261,0
MRK.US,60,20201221,160000,78.114,78.163,77.34,77.405,829601,0
MRK.US,60,20201221,170000,77.42,77.806,77.058,77.608,937716,0
MRK.US,60,20201221,180000,77.608,78.124,77.559,78.044,1070405,0
MRK.US,60,20201221,190000,78.054,78.322,77.965,78.218,667752,0
MRK.US,60,20201221,200000,78.213,78.49,78.163,78.401,710072,0
MRK.US,60,20201221,210000,78.401,78.51,78.312,78.5,806605,0
MRK.US,60,20201221,220000,78.505,78.639,78.129,78.599,3739717,0
MRK.US,60,20201222,160000,78.302,78.401,77.568,77.727,654133,0
MRK.US,60,20201222,170000,77.727,78.223,77.559,77.891,716776,0
MRK.US,60,20201222,180000,77.876,78.589,77.836,78.342,527320,0
MRK.US,60,20201222,190000,78.322,78.857,78.213,78.609,2044397,0
MRK.US,60,20201222,200000,78.614,79.293,78.594,79.026,809534,0
MRK.US,60,20201222,210000,79.036,79.055,78.645,78.669,446161,0
MRK.US,60,20201222,220000,78.674,78.872,78.54,78.728,1972777,0
MRK.US,60,20201223,160000,78.897,79.729,78.877,79.394,679125,0
MRK.US,60,20201223,170000,79.412,79.64,79.204,79.432,548117,0
MRK.US,60,20201223,180000,79.442,79.551,79.264,79.462,509039,0
MRK.US,60,20201223,190000,79.462,79.66,79.353,79.62,535407,0
MRK.US,60,20201223,200000,79.62,79.729,79.541,79.566,439892,0
MRK.US,60,20201223,210000,79.571,79.601,79.392,79.452,364913,0
MRK.US,60,20201223,220000,79.462,79.472,79.065,79.065,1715718,0
MRK.US,60,20201224,160000,79.303,79.68,79.234,79.591,377199,0
MRK.US,60,20201224,170000,79.601,79.729,79.254,79.402,398562,0
MRK.US,60,20201224,180000,79.389,79.531,79.174,79.343,447208,0
MRK.US,60,20201224,190000,79.333,79.616,79.254,79.452,668705,0
MRK.US,60,20201224,200000,79.452,79.492,79.442,79.442,374749,0
MRK.US,60,20201228,160000,79.948,80.072,79.541,79.601,430957,0
MRK.US,60,20201228,170000,79.64,80.433,79.571,79.779,592278,0
MRK.US,60,20201228,180000,79.764,79.809,79.539,79.729,341311,0
MRK.US,60,20201228,190000,79.733,79.819,79.541,79.571,299871,0
MRK.US,60,20201228,200000,79.571,79.759,79.432,79.729,429053,0
MRK.US,60,20201228,210000,79.72,79.769,79.611,79.65,333516,0
MRK.US,60,20201228,220000,79.643,79.839,79.601,79.749,1457375,0
MRK.US,60,20201229,160000,80.096,80.407,80.057,80.339,326680,0
MRK.US,60,20201229,170000,80.324,80.74,80.185,80.215,537001,0
MRK.US,60,20201229,180000,80.225,80.731,80.096,80.562,434077,0
MRK.US,60,20201229,190000,80.562,80.731,80.374,80.483,440244,0
MRK.US,60,20201229,200000,80.463,80.646,80.334,80.592,374830,0
MRK.US,60,20201229,210000,80.587,80.78,80.532,80.651,586755,0
MRK.US,60,20201229,220000,80.651,80.879,80.622,80.711,1898394,0
MRK.US,60,20201230,160000,80.949,80.988,80.78,80.899,307653,0
MRK.US,60,20201230,170000,80.889,81.018,80.542,80.677,362999,0
MRK.US,60,20201230,180000,80.661,80.869,80.592,80.627,443843,0
MRK.US,60,20201230,190000,80.622,80.661,80.344,80.364,359823,0
MRK.US,60,20201230,200000,80.374,80.458,80.161,80.234,364027,0
MRK.US,60,20201230,210000,80.23,80.285,80.057,80.116,498045,0
MRK.US,60,20201230,220000,80.101,80.116,79.839,79.888,2393808,0
MRK.US,60,20201231,160000,79.938,80.245,79.809,79.972,293266,0
MRK.US,60,20201231,170000,79.987,80.195,79.7,79.804,334807,0
MRK.US,60,20201231,180000,79.789,80.027,79.68,79.997,441356,0
MRK.US,60,20201231,190000,80.007,80.086,79.848,80.036,261892,0
MRK.US,60,20201231,200000,80.032,80.275,80.022,80.275,295232,0
MRK.US,60,20201231,210000,80.285,80.632,80.225,80.582,456575,0
MRK.US,60,20201231,220000,80.592,81.226,80.572,81.088,2395972,0
MRK.US,60,20210104,160000,81.286,81.375,80.537,80.666,610246,0
MRK.US,60,20210104,170000,80.691,80.795,79.848,80.146,679936,0
MRK.US,60,20210104,180000,80.136,80.314,79.392,79.444,990144,0
MRK.US,60,20210104,190000,79.447,79.64,79.184,79.368,675575,0
MRK.US,60,20210104,200000,79.363,79.71,79.359,79.67,787554,0
MRK.US,60,20210104,210000,79.667,79.68,79.466,79.67,716897,0
MRK.US,60,20210104,220000,79.66,80.364,79.511,80.255,3139794,0
MRK.US,60,20210105,160000,79.967,80.195,79.412,79.492,766653,0
MRK.US,60,20210105,170000,79.501,79.601,79.214,79.249,1009494,0
MRK.US,60,20210105,180000,79.254,79.858,79.214,79.67,876418,0
MRK.US,60,20210105,190000,79.69,80.076,79.63,80.037,758085,0
MRK.US,60,20210105,200000,80.037,80.057,79.839,79.858,530189,0
MRK.US,60,20210105,210000,79.858,80.374,79.853,80.364,980788,0
MRK.US,60,20210105,220000,80.364,80.686,80.314,80.394,2869241,0
MRK.US,60,20210106,160000,79.878,81.424,79.611,81.266,694932,0
MRK.US,60,20210106,170000,81.276,81.781,80.969,81.707,1132801,0
MRK.US,60,20210106,180000,81.712,81.762,81.444,81.524,561058,0
MRK.US,60,20210106,190000,81.534,81.841,81.365,81.732,556508,0
MRK.US,60,20210106,200000,81.762,82.016,81.672,81.868,664771,0
MRK.US,60,20210106,210000,81.871,81.98,81.385,81.682,771357,0
MRK.US,60,20210106,220000,81.682,81.861,81.474,81.662,2686133,0
MRK.US,60,20210107,160000,81.831,82.228,81.355,82.198,600270,0
MRK.US,60,20210107,170000,82.198,83.07,82.128,83.021,1025346,0
MRK.US,60,20210107,180000,83.011,83.199,82.684,82.867,780183,0
MRK.US,60,20210107,190000,82.871,83.268,82.812,83.159,818161,0
MRK.US,60,20210107,200000,83.179,83.258,82.783,82.842,459409,0
MRK.US,60,20210107,210000,82.852,83.189,82.852,83.189,571339,0
MRK.US,60,20210107,220000,83.179,83.635,83.159,83.288,3275081,0
MRK.US,60,20210108,160000,83.491,83.491,82.346,82.366,504685,0
MRK.US,60,20210108,170000,82.396,82.565,81.906,82.102,823163,0
MRK.US,60,20210108,180000,82.108,82.257,81.831,82.183,727115,0
MRK.US,60,20210108,190000,82.183,82.287,81.97,82,594096,0
MRK.US,60,20210108,200000,82.009,82.208,81.89,82.069,748397,0
MRK.US,60,20210108,210000,82.069,82.267,81.96,82.118,659620,0
MRK.US,60,20210108,220000,82.128,83.07,82.128,82.307,2841842,0
MRK.US,60,20210111,160000,82.773,83.516,82.574,82.842,924500,0
MRK.US,60,20210111,170000,82.852,83.675,82.597,83.67,1299863,0
MRK.US,60,20210111,180000,83.655,84.131,83.387,83.749,1394785,0
MRK.US,60,20210111,190000,83.754,84.121,83.744,83.913,687514,0
MRK.US,60,20210111,200000,83.903,83.982,83.804,83.982,624661,0
MRK.US,60,20210111,210000,83.977,84.854,83.774,84.052,1185502,0
MRK.US,60,20210111,220000,84.047,84.319,83.977,84.26,3009914,0
MRK.US,60,20210112,160000,84.379,84.398,83.03,83.496,1273363,0
MRK.US,60,20210112,170000,83.526,83.566,82.679,82.743,1374019,0
MRK.US,60,20210112,180000,82.733,82.887,82.198,82.247,849901,0
MRK.US,60,20210112,190000,82.237,82.257,81.831,81.92,755527,0
MRK.US,60,20210112,200000,81.934,82.356,81.92,82.259,645332,0
MRK.US,60,20210112,210000,82.267,82.426,82.138,82.267,787989,0
MRK.US,60,20210112,220000,82.262,82.584,82.247,82.366,2322101,0
MRK.US,60,20210113,160000,82.644,82.644,82.009,82.247,664717,0
MRK.US,60,20210113,170000,82.257,82.267,81.722,82.128,994153,0
MRK.US,60,20210113,180000,82.128,82.158,81.772,81.915,758198,0
MRK.US,60,20210113,190000,81.91,82.049,81.573,81.801,1184306,0
MRK.US,60,20210113,200000,81.811,81.91,81.722,81.851,509198,0
MRK.US,60,20210113,210000,81.841,81.94,81.658,81.742,596540,0
MRK.US,60,20210113,220000,81.742,81.82,81.504,81.623,2977177,0
MRK.US,60,20210114,160000,81.702,81.95,81.226,81.672,692356,0
MRK.US,60,20210114,170000,81.662,81.722,81.167,81.667,1108411,0
MRK.US,60,20210114,180000,81.667,81.94,81.444,81.9,738567,0
MRK.US,60,20210114,190000,81.881,82.074,81.851,81.851,467384,0
MRK.US,60,20210114,200000,81.861,81.93,81.608,81.752,986316,0
MRK.US,60,20210114,210000,81.742,81.781,81.563,81.593,641028,0
MRK.US,60,20210114,220000,81.591,81.672,81.246,81.454,4091979,0
MRK.US,60,20210115,160000,81.127,81.593,80.854,81.415,1211248,0
MRK.US,60,20210115,170000,81.459,81.742,81.018,81.662,521615,0
MRK.US,60,20210115,180000,81.692,82.354,81.593,82.297,722401,0
MRK.US,60,20210115,190000,82.287,82.456,82.109,82.143,425120,0
MRK.US,60,20210115,200000,82.137,82.327,82.079,82.254,531833,0
MRK.US,60,20210115,210000,82.257,82.713,82.257,82.574,613399,0
MRK.US,60,20210115,220000,82.579,82.773,82.465,82.654,4225578,0
MRK.US,60,20210119,160000,82.842,83.164,81.94,82.515,865689,0
MRK.US,60,20210119,170000,82.515,82.634,82.164,82.535,645305,0
MRK.US,60,20210119,180000,82.525,82.634,81.961,82.198,682187,0
MRK.US,60,20210119,190000,82.198,82.372,82.094,82.327,386817,0
MRK.US,60,20210119,200000,82.332,82.505,82.237,82.287,426053,0
MRK.US,60,20210119,210000,82.292,82.337,82.128,82.267,493993,0
MRK.US,60,20210119,220000,82.277,82.644,82.228,82.465,2786433,0
MRK.US,60,20210120,160000,82.525,82.555,82.049,82.48,545033,0
MRK.US,60,20210120,170000,82.515,82.822,82.317,82.475,647227,0
MRK.US,60,20210120,180000,82.475,82.594,82.158,82.302,596952,0
MRK.US,60,20210120,190000,82.307,82.495,81.97,82.019,989589,0
MRK.US,60,20210120,200000,82.029,82.158,81.692,81.712,1474630,0
MRK.US,60,20210120,210000,81.712,81.9,81.643,81.643,956823,0
MRK.US,60,20210120,220000,81.662,81.91,81.549,81.742,3753170,0
MRK.US,60,20210121,160000,81.097,81.583,80.255,80.741,907208,0
MRK.US,60,20210121,170000,80.731,80.929,80.443,80.658,605918,0
MRK.US,60,20210121,180000,80.651,80.855,80.572,80.79,644875,0
MRK.US,60,20210121,190000,80.78,80.889,80.275,80.334,699605,0
MRK.US,60,20210121,200000,80.334,80.513,80.275,80.453,708689,0
MRK.US,60,20210121,210000,80.453,80.646,80.285,80.637,723702,0
MRK.US,60,20210121,220000,80.637,80.82,80.443,80.473,2690089,0
MRK.US,60,20210122,160000,80.185,80.473,80.057,80.24,940314,0
MRK.US,60,20210122,170000,80.235,80.592,80.156,80.312,990801,0
MRK.US,60,20210122,180000,80.304,80.622,80.245,80.513,907819,0
MRK.US,60,20210122,190000,80.513,80.681,80.394,80.532,679211,0
MRK.US,60,20210122,200000,80.532,80.721,80.384,80.532,555204,0
MRK.US,60,20210122,210000,80.532,80.612,80.367,80.379,589551,0
MRK.US,60,20210122,220000,80.38,80.513,80.255,80.275,2506023,0
MRK.US,60,20210125,160000,80.007,80.483,79.368,79.675,1056458,0
MRK.US,60,20210125,170000,79.69,80.245,79.571,80.096,1020460,0
MRK.US,60,20210125,180000,80.076,80.255,79.809,80.04,793558,0
MRK.US,60,20210125,190000,80.047,80.076,79.759,79.858,510164,0
MRK.US,60,20210125,200000,79.858,79.995,79.729,79.809,575379,0
MRK.US,60,20210125,210000,79.819,80.463,79.789,80.314,1028630,0
MRK.US,60,20210125,220000,80.319,80.443,80.076,80.443,2443498,0
MRK.US,60,20210126,160000,80.443,80.443,79.521,79.729,621064,0
MRK.US,60,20210126,170000,79.739,79.868,79.442,79.736,649432,0
MRK.US,60,20210126,180000,79.739,79.948,79.615,79.819,635441,0
MRK.US,60,20210126,190000,79.829,79.848,79.521,79.725,609590,0
MRK.US,60,20210126,200000,79.729,79.888,79.556,79.665,571501,0
MRK.US,60,20210126,210000,79.66,79.848,79.571,79.67,620970,0
MRK.US,60,20210126,220000,79.67,79.749,79.442,79.551,2297283,0
MRK.US,60,20210127,160000,79.164,79.363,77.747,77.796,531004,0
MRK.US,60,20210127,170000,77.846,78.143,77.658,78.094,889236,0
MRK.US,60,20210127,180000,78.104,78.193,77.578,77.598,968030,0
MRK.US,60,20210127,190000,77.588,77.638,77.132,77.45,1373706,0
MRK.US,60,20210127,200000,77.445,77.519,77.053,77.073,1003501,0
MRK.US,60,20210127,210000,77.064,77.194,76.503,76.577,1516814,0
MRK.US,60,20210127,220000,76.567,76.721,76.171,76.399,5595993,0
MRK.US,60,20210128,160000,76.409,77.42,76.409,76.835,1158827,0
MRK.US,60,20210128,170000,76.8,77.757,76.8,77.519,1698479,0
MRK.US,60,20210128,180000,77.519,77.821,77.445,77.618,939630,0
MRK.US,60,20210128,190000,77.623,77.826,77.499,77.598,881516,0
MRK.US,60,20210128,200000,77.588,77.668,77.46,77.588,739947,0
MRK.US,60,20210128,210000,77.608,77.727,77.38,77.484,905072,0
MRK.US,60,20210128,220000,77.479,77.717,77.192,77.241,3407043,0
MRK.US,60,20210129,160000,77.103,77.261,76.597,76.865,577353,0
MRK.US,60,20210129,170000,76.855,77.687,76.746,77.222,687210,0
MRK.US,60,20210129,180000,77.231,77.291,76.448,76.523,591686,0
MRK.US,60,20210129,190000,76.518,76.528,76.161,76.171,669681,0
MRK.US,60,20210129,200000,76.181,76.349,75.725,76.339,866012,0
MRK.US,60,20210129,210000,76.333,76.845,76.319,76.676,672038,0
MRK.US,60,20210129,220000,76.676,77.093,76.29,76.399,3518020,0
MRK.US,60,20210201,160000,77.311,77.648,76.974,77.321,979934,0
MRK.US,60,20210201,170000,77.261,77.618,76.726,76.914,906384,0
MRK.US,60,20210201,180000,76.894,77.251,76.835,77.142,623624,0
MRK.US,60,20210201,190000,77.152,77.222,76.766,76.835,489823,0
MRK.US,60,20210201,200000,76.828,77.023,76.696,76.929,426203,0
MRK.US,60,20210201,210000,76.934,77.35,76.875,77.236,666373,0
MRK.US,60,20210201,220000,77.241,77.321,76.666,76.686,1818628,0
MRK.US,60,20210202,160000,77.112,77.707,77.023,77.618,945591,0
MRK.US,60,20210202,170000,77.621,78.233,77.598,77.811,1192686,0
MRK.US,60,20210202,180000,77.816,78.153,77.806,77.881,765003,0
MRK.US,60,20210202,190000,77.866,78.134,77.861,78.124,621085,0
MRK.US,60,20210202,200000,78.124,78.153,77.886,77.896,687182,0
MRK.US,60,20210202,210000,77.891,78.039,77.707,77.816,870024,0
MRK.US,60,20210202,220000,77.816,77.915,77.083,77.093,2803751,0
MRK.US,60,20210203,160000,76.964,77.374,76.746,77.251,922751,0
MRK.US,60,20210203,170000,77.261,77.469,76.936,77.023,850581,0
MRK.US,60,20210203,180000,77.033,77.093,76.726,76.914,923025,0
MRK.US,60,20210203,190000,76.904,76.939,76.587,76.766,595486,0
MRK.US,60,20210203,200000,76.766,76.896,76.706,76.87,479305,0
MRK.US,60,20210203,210000,76.87,77.063,76.805,76.815,781314,0
MRK.US,60,20210203,220000,76.815,77.002,76.478,76.647,3485178,0
MRK.US,60,20210204,160000,76.3,76.339,74.882,75.184,2672471,0
MRK.US,60,20210204,170000,75.199,75.705,75.08,75.442,2865479,0
MRK.US,60,20210204,180000,75.441,76.072,75.15,75.279,2011817,0
MRK.US,60,20210204,190000,75.279,75.705,75.269,75.398,1438861,0
MRK.US,60,20210204,200000,75.398,75.685,75.284,75.437,1290317,0
MRK.US,60,20210204,210000,75.442,75.596,75.432,75.526,1210904,0
MRK.US,60,20210204,220000,75.541,75.546,75.17,75.368,3996380,0
MRK.US,60,20210205,160000,75.764,76.28,75.586,76.225,1346115,0
MRK.US,60,20210205,170000,76.24,76.31,75.041,75.1,2338494,0
MRK.US,60,20210205,180000,75.12,75.298,74.892,74.903,1158693,0
MRK.US,60,20210205,190000,74.902,75.11,74.857,75.09,896416,0
MRK.US,60,20210205,200000,75.08,75.15,74.753,75.13,1046859,0
MRK.US,60,20210205,210000,75.13,75.445,74.842,75.445,1759797,0
MRK.US,60,20210205,220000,75.436,75.437,75.09,75.14,2855361,0
MRK.US,60,20210208,160000,75.189,75.526,74.639,74.837,1412077,0
MRK.US,60,20210208,170000,74.833,75.11,74.673,74.852,1981736,0
MRK.US,60,20210208,180000,74.852,74.971,74.416,74.416,1552260,0
MRK.US,60,20210208,190000,74.426,74.525,74.377,74.466,1154280,0
MRK.US,60,20210208,200000,74.466,74.605,74.367,74.391,1018270,0
MRK.US,60,20210208,210000,74.396,74.406,74.01,74.099,2406519,0
MRK.US,60,20210208,220000,74.089,74.446,74.089,74.386,4540399,0
MRK.US,60,20210209,160000,74.446,74.515,73.93,73.96,1230184,0
MRK.US,60,20210209,170000,73.955,74.153,73.712,74.124,2163166,0
MRK.US,60,20210209,180000,74.124,74.347,73.762,73.981,2711053,0
MRK.US,60,20210209,190000,73.977,74.258,73.97,74.119,916174,0
MRK.US,60,20210209,200000,74.129,74.149,73.955,74.01,887799,0
MRK.US,60,20210209,210000,74.005,74.377,73.98,74.263,960512,0
MRK.US,60,20210209,220000,74.277,74.386,74.198,74.386,2178243,0
MRK.US,60,20210210,160000,74.664,74.723,74.178,74.258,1048134,0
MRK.US,60,20210210,170000,74.277,74.555,74.193,74.381,1163560,0
MRK.US,60,20210210,180000,74.386,74.714,74.238,74.258,1441692,0
MRK.US,60,20210210,190000,74.267,74.267,73.98,74.025,927738,0
MRK.US,60,20210210,200000,74.03,74.039,73.891,73.965,756294,0
MRK.US,60,20210210,210000,73.965,74.119,73.901,74.028,1237868,0
MRK.US,60,20210210,220000,74.029,74.297,74.025,74.238,2587122,0
MRK.US,60,20210211,160000,74.158,74.416,73.901,73.921,693604,0
MRK.US,60,20210211,170000,73.916,74.446,73.891,74.025,800218,0
MRK.US,60,20210211,180000,74.025,74.149,73.831,73.96,880581,0
MRK.US,60,20210211,190000,73.96,74.015,73.792,73.833,711592,0
MRK.US,60,20210211,200000,73.831,73.871,73.663,73.673,694762,0
MRK.US,60,20210211,210000,73.682,74,73.583,73.965,736227,0
MRK.US,60,20210211,220000,73.96,74.248,73.871,74.089,2611293,0
MRK.US,60,20210212,160000,74.069,74.456,73.911,74.258,585292,0
MRK.US,60,20210212,170000,74.272,74.322,73.891,74.044,568362,0
MRK.US,60,20210212,180000,74.039,74.303,74.039,74.099,458024,0
MRK.US,60,20210212,190000,74.099,74.107,73.901,74.039,581580,0
MRK.US,60,20210212,200000,74.03,74.109,73.98,73.99,498909,0
MRK.US,60,20210212,210000,74.01,74.044,73.911,73.989,511395,0
MRK.US,60,20210212,220000,73.982,74.377,73.95,74.347,2301991,0
MRK.US,60,20210216,160000,74.714,74.773,73.792,73.802,1129288,0
MRK.US,60,20210216,170000,73.802,73.98,73.633,73.737,1214310,0
MRK.US,60,20210216,180000,73.737,73.782,73.435,73.474,1044470,0
MRK.US,60,20210216,190000,73.465,73.802,73.445,73.623,676610,0
MRK.US,60,20210216,200000,73.623,73.643,73.489,73.494,480852,0
MRK.US,60,20210216,210000,73.487,73.543,73.445,73.45,658419,0
MRK.US,60,20210216,220000,73.452,73.712,73.4,73.603,2496437,0
MRK.US,60,20210217,160000,73.811,74.84,73.722,74.614,1605123,0
MRK.US,60,20210217,170000,74.606,75.398,74.605,74.946,1473927,0
MRK.US,60,20210217,180000,74.947,75.297,74.902,75.289,946428,0
MRK.US,60,20210217,190000,75.298,75.298,74.971,75.08,603859,0
MRK.US,60,20210217,200000,75.075,75.259,74.961,75.209,820877,0
MRK.US,60,20210217,210000,75.209,75.209,74.902,75.069,809701,0
MRK.US,60,20210217,220000,75.07,75.179,74.828,74.882,4428856,0
MRK.US,60,20210218,160000,74.614,74.897,74.386,74.503,764638,0
MRK.US,60,20210218,170000,74.575,75.219,74.495,75.061,1262949,0
MRK.US,60,20210218,180000,75.07,75.15,74.723,74.763,861572,0
MRK.US,60,20210218,190000,74.763,75.001,74.684,74.877,798342,0
MRK.US,60,20210218,200000,74.872,74.971,74.743,74.842,762679,0
MRK.US,60,20210218,210000,74.847,75.011,74.803,74.927,904528,0
MRK.US,60,20210218,220000,74.922,74.922,74.654,74.753,2517023,0
MRK.US,60,20210219,160000,74.743,74.852,74.089,74.218,1544388,0
MRK.US,60,20210219,170000,74.238,74.386,74.119,74.287,1164339,0
MRK.US,60,20210219,180000,74.287,74.535,74.218,74.327,735604,0
MRK.US,60,20210219,190000,74.317,74.446,74.178,74.208,913832,0
MRK.US,60,20210219,200000,74.2,74.317,74.119,74.232,770116,0
MRK.US,60,20210219,210000,74.228,74.248,73.925,73.985,776926,0
MRK.US,60,20210219,220000,73.98,74.109,73.613,73.663,4387716,0
MRK.US,60,20210222,160000,73.851,73.861,73.167,73.346,833586,0
MRK.US,60,20210222,170000,73.355,73.802,73.088,73.707,884573,0
MRK.US,60,20210222,180000,73.707,73.861,73.385,73.514,669892,0
MRK.US,60,20210222,190000,73.494,73.633,73.405,73.587,649437,0
MRK.US,60,20210222,200000,73.59,74.139,73.59,74.069,625798,0
MRK.US,60,20210222,210000,74.049,74.198,73.97,74.158,677917,0
MRK.US,60,20210222,220000,74.153,74.406,74.093,74.277,2085013,0
MRK.US,60,20210223,160000,74.495,75.269,74.277,74.367,1014234,0
MRK.US,60,20210223,170000,74.352,74.5,73.811,74.213,1137958,0
MRK.US,60,20210223,180000,74.208,74.476,74.149,74.356,955162,0
MRK.US,60,20210223,190000,74.352,74.386,74.188,74.218,652468,0
MRK.US,60,20210223,200000,74.208,74.426,74.198,74.267,627214,0
MRK.US,60,20210223,210000,74.267,74.297,73.98,74.128,711665,0
MRK.US,60,20210223,220000,74.124,74.263,73.861,73.891,2885338,0
MRK.US,60,20210224,160000,74.149,74.239,73.742,73.782,676254,0
MRK.US,60,20210224,170000,73.792,74.307,73.747,74.267,1038095,0
MRK.US,60,20210224,180000,74.267,74.565,74.149,74.446,895110,0
MRK.US,60,20210224,190000,74.457,74.495,74.249,74.347,599288,0
MRK.US,60,20210224,200000,74.347,74.614,74.327,74.57,710021,0
MRK.US,60,20210224,210000,74.57,74.59,74.143,74.159,793255,0
MRK.US,60,20210224,220000,74.163,74.307,73.911,73.921,3073631,0
MRK.US,60,20210225,160000,73.559,73.96,73.435,73.821,1075898,0
MRK.US,60,20210225,170000,73.821,74.049,73.722,73.925,1167097,0
MRK.US,60,20210225,180000,73.925,74.347,73.856,73.957,926303,0
MRK.US,60,20210225,190000,73.955,74.02,73.564,73.593,960861,0
MRK.US,60,20210225,200000,73.593,73.707,73.445,73.633,940033,0
MRK.US,60,20210225,210000,73.623,74.074,73.579,73.831,847381,0
MRK.US,60,20210225,220000,73.831,74.081,73.628,73.97,2798467,0
MRK.US,60,20210226,160000,73.811,74.059,73.009,73.241,950324,0
MRK.US,60,20210226,170000,73.276,73.405,72.696,72.919,1380119,0
MRK.US,60,20210226,180000,72.929,72.969,72.444,72.543,1150912,0
MRK.US,60,20210226,190000,72.553,72.899,72.513,72.814,1123535,0
MRK.US,60,20210226,200000,72.82,72.84,72.166,72.265,1508163,0
MRK.US,60,20210226,210000,72.26,72.47,72.087,72.356,1249195,0
MRK.US,60,20210226,220000,72.374,72.592,71.908,71.988,4779256,0
MRK.US,60,20210301,160000,72.572,72.751,72.354,72.453,1471700,0
MRK.US,60,20210301,170000,72.463,72.701,72.394,72.567,972888,0
MRK.US,60,20210301,180000,72.567,72.572,72.305,72.508,1012278,0
MRK.US,60,20210301,190000,72.508,72.662,72.275,72.284,639782,0
MRK.US,60,20210301,200000,72.281,72.393,72.116,72.343,868609,0
MRK.US,60,20210301,210000,72.334,72.424,72.146,72.161,835101,0
MRK.US,60,20210301,220000,72.166,72.176,71.551,71.75,4664483,0
MRK.US,60,20210302,160000,72.206,72.85,72.047,72.442,1625805,0
MRK.US,60,20210302,170000,72.424,72.434,71.804,71.908,2359720,0
MRK.US,60,20210302,180000,71.898,72.493,71.769,72.344,2521823,0
MRK.US,60,20210302,190000,72.334,72.711,72.275,72.275,1257986,0
MRK.US,60,20210302,200000,72.28,72.414,72.225,72.343,945644,0
MRK.US,60,20210302,210000,72.334,72.424,72.166,72.394,918253,0
MRK.US,60,20210302,220000,72.385,72.483,72.131,72.216,3081685,0
MRK.US,60,20210303,160000,72.186,72.8,71.869,72.216,2175124,0
MRK.US,60,20210303,170000,72.206,72.275,71.789,71.943,1266403,0
MRK.US,60,20210303,180000,71.943,72.523,71.869,72.473,1083107,0
MRK.US,60,20210303,190000,72.483,72.502,72.146,72.329,862224,0
MRK.US,60,20210303,200000,72.315,72.642,72.305,72.642,751963,0
MRK.US,60,20210303,210000,72.632,73.048,72.562,73.047,1178215,0
MRK.US,60,20210303,220000,73.038,73.085,72.642,72.662,3329517,0
MRK.US,60,20210304,160000,72.354,72.513,72.047,72.513,1259349,0
MRK.US,60,20210304,170000,72.503,72.681,72.225,72.325,1235044,0
MRK.US,60,20210304,180000,72.325,72.394,72.255,72.28,1049439,0
MRK.US,60,20210304,190000,72.285,72.364,71.522,71.571,1929172,0
MRK.US,60,20210304,200000,71.571,71.75,71.09,71.18,1680925,0
MRK.US,60,20210304,210000,71.185,71.68,71.165,71.611,1459529,0
MRK.US,60,20210304,220000,71.62,71.631,71.185,71.541,3761708,0
MRK.US,60,20210305,160000,71.878,71.878,71.383,71.69,569980,0
MRK.US,60,20210305,170000,71.685,72.295,71.546,71.546,983788,0
MRK.US,60,20210305,180000,71.551,71.859,71.551,71.675,1401814,0
MRK.US,60,20210305,190000,71.66,72.305,71.65,71.968,1341200,0
MRK.US,60,20210305,200000,71.968,72.186,71.859,71.988,746010,0
MRK.US,60,20210305,210000,71.997,72.444,71.928,72.424,1048267,0
MRK.US,60,20210305,220000,72.424,72.771,72.365,72.493,3387987,0
MRK.US,60,20210308,160000,73.722,73.722,72.761,73.544,1500334,0
MRK.US,60,20210308,170000,73.534,74.505,73.395,74.129,2158306,0
MRK.US,60,20210308,180000,74.119,74.669,74.069,74.525,1366431,0
MRK.US,60,20210308,190000,74.52,74.808,74.367,74.738,1080111,0
MRK.US,60,20210308,200000,74.733,74.902,74.406,74.495,1106097,0
MRK.US,60,20210308,210000,74.486,74.585,74.139,74.337,1156474,0
MRK.US,60,20210308,220000,74.347,74.347,73.465,73.524,3341069,0
MRK.US,60,20210309,160000,73.911,74.803,73.841,74.446,1288629,0
MRK.US,60,20210309,170000,74.436,74.605,74.218,74.233,1596234,0
MRK.US,60,20210309,180000,74.228,74.495,74.168,74.416,1640398,0
MRK.US,60,20210309,190000,74.416,74.446,74.258,74.342,1255524,0
MRK.US,60,20210309,200000,74.342,74.377,73.871,73.911,906475,0
MRK.US,60,20210309,210000,73.921,74.079,73.871,73.876,820521,0
MRK.US,60,20210309,220000,73.88,73.891,73.484,73.494,3458769,0
MRK.US,60,20210310,160000,74.109,74.337,73.455,74.089,1255866,0
MRK.US,60,20210310,170000,74.079,74.436,73.811,74.322,1459094,0
MRK.US,60,20210310,180000,74.317,74.416,74.079,74.149,1072766,0
MRK.US,60,20210310,190000,74.134,74.575,74.059,74.476,715590,0
MRK.US,60,20210310,200000,74.486,74.575,74.158,74.178,785574,0
MRK.US,60,20210310,210000,74.178,74.327,74.089,74.24,890314,0
MRK.US,60,20210310,220000,74.244,74.396,74.069,74.109,3966252,0
MRK.US,60,20210311,160000,74.238,74.704,74.069,74.595,1483004,0
MRK.US,60,20210311,170000,74.58,74.59,74.104,74.287,1488155,0
MRK.US,60,20210311,180000,74.287,74.535,74.253,74.416,1211014,0
MRK.US,60,20210311,190000,74.425,74.505,74.337,74.396,835247,0
MRK.US,60,20210311,200000,74.391,74.426,74.198,74.277,1063455,0
MRK.US,60,20210311,210000,74.277,74.377,73.985,74.02,1125950,0
MRK.US,60,20210311,220000,74.02,74.149,73.94,73.98,3385869,0
MRK.US,60,20210312,160000,74.03,74.72,73.99,74.53,1073929,0
MRK.US,60,20210312,170000,74.5349,74.89,74.35,74.86,1798936,0
MRK.US,60,20210312,180000,74.865,74.87,74.385,74.39,1241443,0
MRK.US,60,20210312,190000,74.39,74.4,74.18,74.37,805292,0
MRK.US,60,20210312,200000,74.37,74.56,74.34,74.53,535730,0
MRK.US,60,20210312,210000,74.535,74.8189,74.51,74.67,888568,0
MRK.US,60,20210312,220000,74.675,74.78,74.53,74.6,2988913,0
MRK.US,60,20210315,150000,75.5,76.17,75.08,76.09,1985529,0
MRK.US,60,20210315,160000,76.09,76.15,75.18,75.74,2057952,0
MRK.US,60,20210315,170000,75.74,76.08,75.69,76.055,2115196,0
MRK.US,60,20210315,180000,76.06,76.56,76.0501,76.335,2014931,0
MRK.US,60,20210315,190000,76.3311,76.39,75.99,76.188,1064706,0
MRK.US,60,20210315,200000,76.18,76.355,76.09,76.215,935779,0
MRK.US,60,20210315,210000,76.215,76.33,76.11,76.23,3788152,0
MRK.US,60,20210316,150000,76.15,76.95,76.14,76.905,1282028,0
MRK.US,60,20210316,160000,76.9,77.1,76.46,77.075,1981178,0
MRK.US,60,20210316,170000,77.075,77.17,76.5489,76.625,1465044,0
MRK.US,60,20210316,180000,76.625,76.69,76.33,76.66,1322571,0
MRK.US,60,20210316,190000,76.66,76.8,76.5369,76.62,870157,0
MRK.US,60,20210316,200000,76.615,76.9299,76.57,76.7599,1251421,0
MRK.US,60,20210316,210000,76.76,77.13,76.62,76.81,4109028,0
MRK.US,60,20210317,150000,76.73,76.75,76.16,76.2517,1155821,0
MRK.US,60,20210317,160000,76.255,76.975,75.97,76.96,1858624,0
MRK.US,60,20210317,170000,76.955,77.27,76.93,77.23,1642001,0
MRK.US,60,20210317,180000,77.23,77.26,76.87,76.96,1230472,0
MRK.US,60,20210317,190000,76.96,77.25,76.955,77.065,852815,0
MRK.US,60,20210317,200000,77.08,77.42,76.91,77.34,1454490,0
MRK.US,60,20210317,210000,77.335,77.5,77.17,77.3,4694413,0
MRK.US,60,20210318,150000,77.3,78.1,77.219,78.055,1168908,0
MRK.US,60,20210318,160000,78.05,78.19,77.77,77.89,1623595,0
MRK.US,60,20210318,170000,77.9,78.12,77.7201,78.08,1079214,0
MRK.US,60,20210318,180000,78.08,78.09,77.7919,77.87,1149920,0
MRK.US,60,20210318,190000,77.87,77.925,77.665,77.67,1063808,0
MRK.US,60,20210318,200000,77.675,77.69,77.25,77.3608,1792846,0
MRK.US,60,20210318,210000,77.36,77.575,77.21,77.27,3691132,0
MRK.US,60,20210319,150000,77.25,77.46,76.47,76.66,2734268,0
MRK.US,60,20210319,160000,76.66,76.7,76.0224,76.41,1610056,0
MRK.US,60,20210319,170000,76.42,76.67,76.3,76.64,988189,0
MRK.US,60,20210319,180000,76.65,76.96,76.58,76.78,902763,0
MRK.US,60,20210319,190000,76.78,77.035,76.75,76.765,806401,0
MRK.US,60,20210319,200000,76.77,77.16,76.7,77.1,1377996,0
MRK.US,60,20210319,210000,77.1,78.25,77.04,77.51,39786541,0
MRK.US,60,20210322,150000,75.8,78,75.54,77.11,1503104,0
MRK.US,60,20210322,160000,77.14,77.32,76.82,76.8575,995194,0
MRK.US,60,20210322,170000,76.85,76.98,76.59,76.9,910005,0
MRK.US,60,20210322,180000,76.9,77.19,76.8734,77.1,671423,0
MRK.US,60,20210322,190000,77.09,77.09,76.9181,76.98,583251,0
MRK.US,60,20210322,200000,76.97,77.54,76.97,77.5,940526,0
MRK.US,60,20210322,210000,77.5,77.7,77.44,77.51,3341905,0
MRK.US,60,20210323,150000,77.09,77.32,76.5,76.81,974394,0
MRK.US,60,20210323,160000,76.81,76.85,76.505,76.52,1411035,0
MRK.US,60,20210323,170000,76.525,77.11,76.51,77.005,1041894,0
MRK.US,60,20210323,180000,77.01,77.01,76.395,76.6,1011723,0
MRK.US,60,20210323,190000,76.6,76.835,76.51,76.555,602185,0
MRK.US,60,20210323,200000,76.555,76.7876,76.53,76.57,590316,0
MRK.US,60,20210323,210000,76.565,76.57,76.03,76.27,3338771,0
MRK.US,60,20210324,150000,76.07,76.37,75.91,76.215,1026613,0
MRK.US,60,20210324,160000,76.22,76.43,76.06,76.295,775530,0
MRK.US,60,20210324,170000,76.3,76.68,76.25,76.4549,688785,0
MRK.US,60,20210324,180000,76.46,76.605,76.2759,76.29,558398,0
MRK.US,60,20210324,190000,76.28,76.55,76.25,76.51,638028,0
MRK.US,60,20210324,200000,76.5099,76.68,76.41,76.64,702355,0
MRK.US,60,20210324,210000,76.64,76.68,76.21,76.24,2823244,0
MRK.US,60,20210325,150000,76.42,76.61,75.53,75.61,1015828,0
MRK.US,60,20210325,160000,75.605,75.68,75.31,75.49,1489420,0
MRK.US,60,20210325,170000,75.49,75.72,75.35,75.595,1190734,0
MRK.US,60,20210325,180000,75.59,75.67,75.46,75.61,768049,0
MRK.US,60,20210325,190000,75.61,76.01,75.61,75.991,753242,0
MRK.US,60,20210325,200000,75.995,76.144,75.915,76.03,706630,0
MRK.US,60,20210325,210000,76.03,76.25,75.95,76.07,2481685,0
MRK.US,60,20210326,150000,76.15,76.57,75.9101,76.04,539999,0
MRK.US,60,20210326,160000,76.03,76.21,75.8501,76.005,851615,0
MRK.US,60,20210326,170000,76.005,76.43,76,76.35,1105101,0
MRK.US,60,20210326,180000,76.35,76.71,76.34,76.65,853764,0
MRK.US,60,20210326,190000,76.6472,77.01,76.615,77,757039,0
MRK.US,60,20210326,200000,77,77.06,76.86,76.97,1333740,0
MRK.US,60,20210326,210000,76.9627,77.47,76.8115,77.39,2939159,0
MRK.US,60,20210329,160000,77.32,77.7451,77.17,77.41,925898,0
MRK.US,60,20210329,170000,77.415,77.5157,77.265,77.48,1246006,0
MRK.US,60,20210329,180000,77.477,78.37,77.47,78.01,1461361,0
MRK.US,60,20210329,190000,78.0199,78.43,77.98,78.33,909578,0
MRK.US,60,20210329,200000,78.335,78.545,78.335,78.455,1026466,0
MRK.US,60,20210329,210000,78.455,78.46,78.065,78.36,778505,0
MRK.US,60,20210329,220000,78.36,78.455,78.175,78.3,3055425,0
MRK.US,60,20210330,160000,78,78.08,77.11,77.19,988431,0
MRK.US,60,20210330,170000,77.2,77.53,77.04,77.22,1006688,0
MRK.US,60,20210330,180000,77.22,77.325,77.01,77.23,799599,0
MRK.US,60,20210330,190000,77.2399,77.27,77.11,77.2374,461466,0
MRK.US,60,20210330,200000,77.24,77.36,77.14,77.32,505092,0
MRK.US,60,20210330,210000,77.31,77.3968,77.21,77.38,660842,0
MRK.US,60,20210330,220000,77.38,77.41,76.79,76.96,3290699,0
MRK.US,60,20210331,160000,77.1,77.16,76.64,76.65,867726,0
MRK.US,60,20210331,170000,76.655,77.19,76.65,77.15,2003361,0
MRK.US,60,20210331,180000,77.15,77.3,76.92,77.29,1116616,0
MRK.US,60,20210331,190000,77.3,77.65,77.295,77.595,1019828,0
MRK.US,60,20210331,200000,77.6,77.685,77.41,77.605,581157,0
MRK.US,60,20210331,210000,77.61,77.625,77.2901,77.405,870893,0
MRK.US,60,20210331,220000,77.4,77.4378,77.04,77.09,4509986,0
MRK.US,60,20210401,160000,77.16,77.455,76.815,76.85,964721,0
MRK.US,60,20210401,170000,76.86,77.217,76.84,77.01,898646,0
MRK.US,60,20210401,180000,77.005,77.285,76.935,77.115,1110542,0
MRK.US,60,20210401,190000,77.115,77.18,76.95,76.97,816855,0
MRK.US,60,20210401,200000,76.9652,77.2,76.945,77.025,769856,0
MRK.US,60,20210401,210000,77.03,77.08,76.93,76.99,688305,0
MRK.US,60,20210401,220000,76.98,77.18,76.885,77.09,1812861,0
MRK.US,60,20210405,160000,77.52,77.88,77.17,77.37,1075113,0
MRK.US,60,20210405,170000,77.38,77.91,77.34,77.55,1337231,0
MRK.US,60,20210405,180000,77.55,77.745,77.45,77.53,961816,0
MRK.US,60,20210405,190000,77.525,77.5804,77.21,77.26,828258,0
MRK.US,60,20210405,200000,77.26,77.3,77.0434,77.0868,746895,0
MRK.US,60,20210405,210000,77.08,77.0999,76.82,76.83,741789,0
MRK.US,60,20210405,220000,76.83,77.155,76.7791,77,2164432,0
MRK.US,60,20210406,160000,76.91,76.94,76.35,76.41,1106990,0
MRK.US,60,20210406,170000,76.43,76.64,76.295,76.49,1515868,0
MRK.US,60,20210406,180000,76.49,76.655,76.34,76.6,1418826,0
MRK.US,60,20210406,190000,76.59,76.72,76.42,76.47,588586,0
MRK.US,60,20210406,200000,76.4662,76.54,76.41,76.5,543347,0
MRK.US,60,20210406,210000,76.51,76.549,76.21,76.21,798432,0
MRK.US,60,20210406,220000,76.21,76.235,75.64,75.79,5339955,0
MRK.US,60,20210407,160000,76.08,76.4,75.95,76.09,1017596,0
MRK.US,60,20210407,170000,76.08,76.265,75.96,76.225,990170,0
MRK.US,60,20210407,180000,76.22,76.24,75.93,76,927394,0
MRK.US,60,20210407,190000,76,76,75.7222,75.875,681813,0
MRK.US,60,20210407,200000,75.875,75.92,75.715,75.9,697587,0
MRK.US,60,20210407,210000,75.9,75.93,75.7701,75.838,573559,0
MRK.US,60,20210407,220000,75.835,76.18,75.8,76.12,2297366,0
MRK.US,60,20210408,160000,76.08,76.4,75.925,76.18,767078,0
MRK.US,60,20210408,170000,76.185,76.39,75.87,75.885,1708630,0
MRK.US,60,20210408,180000,75.885,75.95,75.77,75.7701,1189455,0
MRK.US,60,20210408,190000,75.7701,75.94,75.68,75.8,912031,0
MRK.US,60,20210408,200000,75.79,75.975,75.75,75.925,818507,0
MRK.US,60,20210408,210000,75.93,75.93,75.575,75.635,1048074,0
MRK.US,60,20210408,220000,75.635,75.67,75.28,75.49,3354388,0
MRK.US,60,20210409,160000,75.51,76.2,75.425,75.96,875730,0
MRK.US,60,20210409,170000,75.96,76.09,75.74,75.83,843281,0
MRK.US,60,20210409,180000,75.83,76.14,75.8,75.905,585428,0
MRK.US,60,20210409,190000,75.9,75.94,75.72,75.79,467269,0
MRK.US,60,20210409,200000,75.79,75.9058,75.69,75.8755,456662,0
MRK.US,60,20210409,210000,75.88,75.979,75.79,75.96,449040,0
MRK.US,60,20210409,220000,75.95,76.38,75.925,76.31,2963258,0
MRK.US,60,20210412,160000,76.37,76.6,75.98,76.5599,1020759,0
MRK.US,60,20210412,170000,76.56,76.57,76.02,76.265,1127968,0
MRK.US,60,20210412,180000,76.27,76.465,76.23,76.443,719781,0
MRK.US,60,20210412,190000,76.445,76.56,76.3724,76.4871,657306,0
MRK.US,60,20210412,200000,76.49,76.495,76.25,76.3099,651370,0
MRK.US,60,20210412,210000,76.305,76.3641,76.11,76.24,702657,0
MRK.US,60,20210412,220000,76.2411,76.35,76.14,76.22,3040288,0
MRK.US,60,20210413,160000,75.97,76.61,75.87,76.61,996297,0
MRK.US,60,20210413,170000,76.6,76.76,76.18,76.22,942105,0
MRK.US,60,20210413,180000,76.225,76.27,76.11,76.2043,450051,0
MRK.US,60,20210413,190000,76.205,76.3571,76.09,76.22,527611,0
MRK.US,60,20210413,200000,76.2132,76.3,76.1321,76.295,411198,0
MRK.US,60,20210413,210000,76.29,76.53,76.25,76.505,606980,0
MRK.US,60,20210413,220000,76.505,76.59,76.38,76.43,2044791,0
MRK.US,60,20210414,160000,76.3,76.5,76.02,76.5,821264,0
MRK.US,60,20210414,170000,76.5,76.7856,76.36,76.37,921232,0
MRK.US,60,20210414,180000,76.37,76.495,76.315,76.445,658878,0
MRK.US,60,20210414,190000,76.442,76.4966,76.285,76.31,554157,0
MRK.US,60,20210414,200000,76.31,76.43,76.27,76.2879,664053,0
MRK.US,60,20210414,210000,76.29,76.32,76.155,76.23,877144,0
MRK.US,60,20210414,220000,76.23,76.43,76.19,76.4,2297130,0
MRK.US,60,20210415,160000,76.05,77.33,76.05,77.115,1440024,0
MRK.US,60,20210415,170000,77.12,77.21,76.78,77.05,1370444,0
MRK.US,60,20210415,180000,77.07,77.23,76.91,76.965,1131358,0
MRK.US,60,20210415,190000,76.97,77.07,76.46,76.53,1745876,0
MRK.US,60,20210415,200000,76.525,76.74,76.46,76.5,936962,0
MRK.US,60,20210415,210000,76.5,76.71,76.46,76.625,921551,0
MRK.US,60,20210415,220000,76.62,76.82,76.455,76.66,4034363,0
MRK.US,60,20210416,160000,77.25,77.585,76.815,77.025,1980634,0
MRK.US,60,20210416,170000,77.025,77.219,76.88,77.2001,1057254,0
MRK.US,60,20210416,180000,77.205,77.295,77.1085,77.295,682527,0
MRK.US,60,20210416,190000,77.29,77.32,77.15,77.16,771969,0
MRK.US,60,20210416,200000,77.16,77.385,77.12,77.37,662386,0
MRK.US,60,20210416,210000,77.37,77.75,77.37,77.6768,1078164,0
MRK.US,60,20210416,220000,77.675,77.68,77.38,77.47,3559553,0
MRK.US,60,20210419,160000,77.7,77.79,76.97,77.3432,851543,0
MRK.US,60,20210419,170000,77.34,77.68,77.34,77.6662,757269,0
MRK.US,60,20210419,180000,77.665,77.665,77.35,77.5,753754,0
MRK.US,60,20210419,190000,77.5,77.66,77.385,77.561,535132,0
MRK.US,60,20210419,200000,77.55,77.57,77.2,77.235,408022,0
MRK.US,60,20210419,210000,77.23,77.51,77.21,77.5,503208,0
MRK.US,60,20210419,220000,77.5,77.67,77.3,77.66,2637640,0
MRK.US,60,20210420,160000,77.68,78.49,77.68,78.17,1167879,0
MRK.US,60,20210420,170000,78.17,78.69,78.13,78.535,1464894,0
MRK.US,60,20210420,180000,78.53,78.9769,78.495,78.62,1379600,0
MRK.US,60,20210420,190000,78.62,79.1,78.6,79.08,1118466,0
MRK.US,60,20210420,200000,79.08,79.14,78.7,78.76,859162,0
MRK.US,60,20210420,210000,78.755,78.9,78.55,78.59,702616,0
MRK.US,60,20210420,220000,78.59,78.77,78.52,78.57,2167602,0
MRK.US,60,20210421,160000,78.93,79.3112,78.67,79.275,814312,0
MRK.US,60,20210421,170000,79.27,79.43,79.09,79.26,1392248,0
MRK.US,60,20210421,180000,79.265,79.49,79.23,79.2575,940927,0
MRK.US,60,20210421,190000,79.255,79.275,79.012,79.167,539101,0
MRK.US,60,20210421,200000,79.17,79.35,79.16,79.24,525701,0
MRK.US,60,20210421,210000,79.24,79.445,79.24,79.35,721011,0
MRK.US,60,20210421,220000,79.355,79.48,79.22,79.23,3797901,0
MRK.US,60,20210422,160000,79,79.06,78.25,78.29,1438772,0
MRK.US,60,20210422,170000,78.285,78.3752,78.02,78.355,1681928,0
MRK.US,60,20210422,180000,78.352,78.45,78.055,78.225,1561266,0
MRK.US,60,20210422,190000,78.22,78.235,77.965,78.005,813735,0
MRK.US,60,20210422,200000,78.0038,78.005,77.56,77.71,1529463,0
MRK.US,60,20210422,210000,77.71,78.0754,77.67,77.99,867908,0
MRK.US,60,20210422,220000,77.99,78.11,77.605,77.96,3230935,0
MRK.US,60,20210423,160000,77.86,77.95,77.455,77.77,771883,0
MRK.US,60,20210423,170000,77.77,78.2,77.58,78.175,1011138,0
MRK.US,60,20210423,180000,78.17,78.19,77.8,77.8482,622672,0
MRK.US,60,20210423,190000,77.845,78.02,77.7832,77.9629,574944,0
MRK.US,60,20210423,200000,77.965,78.0279,77.92,78.02,413370,0
MRK.US,60,20210423,210000,78.02,78.02,77.815,77.88,551077,0
MRK.US,60,20210423,220000,77.875,78.005,77.78,77.88,2926763,0
MRK.US,60,20210426,160000,77.86,77.91,77.335,77.65,1090946,0
MRK.US,60,20210426,170000,77.655,77.75,77.4,77.445,1947532,0
MRK.US,60,20210426,180000,77.4468,77.53,77.3,77.5075,1500370,0
MRK.US,60,20210426,190000,77.5092,77.62,77.41,77.6,936516,0
MRK.US,60,20210426,200000,77.605,77.6493,77.485,77.58,892414,0
MRK.US,60,20210426,210000,77.585,77.71,77.5,77.65,1262254,0
MRK.US,60,20210426,220000,77.65,77.69,77.45,77.53,4293760,0
MRK.US,60,20210427,160000,77.415,77.77,77.22,77.43,2563518,0
MRK.US,60,20210427,170000,77.43,77.94,77.43,77.545,2371354,0
MRK.US,60,20210427,180000,77.54,77.59,77.425,77.44,1365092,0
MRK.US,60,20210427,190000,77.435,77.4599,77.29,77.345,1201686,0
MRK.US,60,20210427,200000,77.345,77.52,77.34,77.4736,1248446,0
MRK.US,60,20210427,210000,77.4701,77.63,77.45,77.63,1337142,0
MRK.US,60,20210427,220000,77.62,77.625,77.35,77.36,4669226,0
MRK.US,60,20210428,160000,77.61,78.025,77.39,77.63,1735324,0
MRK.US,60,20210428,170000,77.64,77.64,77.02,77.4,2364670,0
MRK.US,60,20210428,180000,77.39,77.54,77.02,77.07,3419170,0
MRK.US,60,20210428,190000,77.0715,77.21,77.02,77.0599,1679286,0
MRK.US,60,20210428,200000,77.055,77.115,76.885,76.95,1577430,0
MRK.US,60,20210428,210000,76.945,77.19,76.86,77.1,2125906,0
MRK.US,60,20210428,220000,77.1001,77.17,76.9625,77.09,6180312,0
MRK.US,60,20210429,160000,75.5,75.74,73.85,73.98,8011532,0
MRK.US,60,20210429,170000,73.99,74.04,72.97,73.02,11488112,0
MRK.US,60,20210429,180000,73.02,73.6,72.985,73.12,6326599,0
MRK.US,60,20210429,190000,73.11,73.35,72.85,73.06,4968472,0
MRK.US,60,20210429,200000,73.06,73.28,72.88,73.1278,3969412,0
MRK.US,60,20210429,210000,73.13,73.32,73.005,73.2554,3216992,0
MRK.US,60,20210429,220000,73.26,73.96,73.26,73.68,12355922,0
MRK.US,60,20210430,160000,73.58,74.86,73.48,74.73,5733552,0
MRK.US,60,20210430,170000,74.73,75.08,74.32,75.065,3752440,0
MRK.US,60,20210430,180000,75.05,75.065,74.52,74.6189,2871487,0
MRK.US,60,20210430,190000,74.62,74.68,74.43,74.625,1842298,0
MRK.US,60,20210430,200000,74.62,74.73,74.47,74.62,1920866,0
MRK.US,60,20210430,210000,74.625,74.735,74.46,74.47,1665338,0
MRK.US,60,20210430,220000,74.48,74.73,74.36,74.5,9866418,0
MRK.US,60,20210503,160000,74.26,74.92,74.22,74.82,1331176,0
MRK.US,60,20210503,170000,74.81,75.48,74.6175,75.475,1901265,0
MRK.US,60,20210503,180000,75.48,75.87,75.33,75.775,1284286,0
MRK.US,60,20210503,190000,75.77,75.83,75.625,75.67,780810,0
MRK.US,60,20210503,200000,75.66,75.79,75.51,75.654,657173,0
MRK.US,60,20210503,210000,75.655,75.93,75.61,75.865,974659,0
MRK.US,60,20210503,220000,75.87,76.02,75.77,75.98,3201576,0
MRK.US,60,20210504,160000,76.08,76.24,75.525,76.12,1094650,0
MRK.US,60,20210504,170000,76.13,76.4652,75.92,76.11,1608829,0
MRK.US,60,20210504,180000,76.11,76.11,75.6628,75.705,1108030,0
MRK.US,60,20210504,190000,75.705,75.86,75.65,75.755,647436,0
MRK.US,60,20210504,200000,75.76,75.92,75.74,75.855,483892,0
MRK.US,60,20210504,210000,75.855,75.91,75.77,75.81,656971,0
MRK.US,60,20210504,220000,75.81,76.05,75.64,75.99,2665919,0
MRK.US,60,20210505,160000,76.1,76.57,75.74,76.55,1523439,0
MRK.US,60,20210505,170000,76.55,76.76,76.39,76.45,1272516,0
MRK.US,60,20210505,180000,76.45,77.08,76.295,77.065,1105808,0
MRK.US,60,20210505,190000,77.065,77.13,76.778,76.98,875916,0
MRK.US,60,20210505,200000,77,77.52,76.99,77.49,1087752,0
MRK.US,60,20210505,210000,77.49,77.54,77.18,77.185,1298451,0
MRK.US,60,20210505,220000,77.17,77.73,76.8182,77.7,6059891,0
MRK.US,60,20210506,160000,77.44,77.55,76.685,77,1693705,0
MRK.US,60,20210506,170000,76.99,77.66,76.86,77.35,1732282,0
MRK.US,60,20210506,180000,77.35,77.6,77.165,77.33,998270,0
MRK.US,60,20210506,190000,77.33,77.37,77.09,77.19,629333,0
MRK.US,60,20210506,200000,77.18,77.35,77.14,77.35,783209,0
MRK.US,60,20210506,210000,77.35,77.67,77.275,77.6319,1218436,0
MRK.US,60,20210506,220000,77.6364,77.855,77.33,77.78,3112620,0
MRK.US,60,20210507,160000,78.01,78.54,77.95,78.505,1035559,0
MRK.US,60,20210507,170000,78.505,78.51,78.035,78.25,1450658,0
MRK.US,60,20210507,180000,78.24,78.35,78.065,78.08,629931,0
MRK.US,60,20210507,190000,78.09,78.095,77.885,77.99,910790,0
MRK.US,60,20210507,200000,77.99,78.35,77.935,78.325,1142192,0
MRK.US,60,20210507,210000,78.325,78.5,78.3,78.45,808525,0
MRK.US,60,20210507,220000,78.445,78.66,78.35,78.41,3414659,0
MRK.US,60,20210510,160000,78.82,79.18,78.4868,79.12,1091661,0
MRK.US,60,20210510,170000,79.13,79.17,78.35,78.88,1480858,0
MRK.US,60,20210510,180000,78.88,78.95,78.72,78.82,708653,0
MRK.US,60,20210510,190000,78.82,78.95,78.795,78.885,562138,0
MRK.US,60,20210510,200000,78.8877,78.97,78.735,78.74,647274,0
MRK.US,60,20210510,210000,78.74,78.745,78.265,78.37,1115639,0
MRK.US,60,20210510,220000,78.365,78.46,78.16,78.17,2920337,0
MRK.US,60,20210511,160000,77.83,78.14,77.42,78,1338925,0
MRK.US,60,20210511,170000,78,78.655,77.945,77.95,1410268,0
MRK.US,60,20210511,180000,77.955,78.11,77.75,77.98,1071797,0
MRK.US,60,20210511,190000,77.975,78.02,77.69,77.755,815284,0
MRK.US,60,20210511,200000,77.75,77.89,77.66,77.855,890002,0
MRK.US,60,20210511,210000,77.86,77.87,77.44,77.495,1054933,0
MRK.US,60,20210511,220000,77.495,77.61,77.15,77.46,2935698,0
MRK.US,60,20210512,160000,77.71,78.28,77.3,77.88,1204728,0
MRK.US,60,20210512,170000,77.885,78.45,77.84,78.375,1461551,0
MRK.US,60,20210512,180000,78.365,78.52,78.09,78.1504,875409,0
MRK.US,60,20210512,190000,78.16,78.53,78.14,78.422,1334112,0
MRK.US,60,20210512,200000,78.42,78.45,78.21,78.2176,844927,0
MRK.US,60,20210512,210000,78.21,78.31,78.025,78.29,856734,0
MRK.US,60,20210512,220000,78.295,78.33,77.87,78,4121724,0
MRK.US,60,20210513,160000,77.89,78,77.635,77.88,834403,0
MRK.US,60,20210513,170000,77.89,78.64,77.8085,78.555,1067384,0
MRK.US,60,20210513,180000,78.56,78.75,78.42,78.61,947161,0
MRK.US,60,20210513,190000,78.6,78.9594,78.53,78.845,942496,0
MRK.US,60,20210513,200000,78.845,78.87,78.47,78.575,508485,0
MRK.US,60,20210513,210000,78.57,78.89,78.565,78.87,530588,0
MRK.US,60,20210513,220000,78.86,78.99,78.66,78.69,3049483,0
MRK.US,60,20210514,160000,79.06,79.15,78.7,78.96,823144,0
MRK.US,60,20210514,170000,78.96,79.04,78.395,78.7099,931148,0
MRK.US,60,20210514,180000,78.71,78.975,78.52,78.53,635341,0
MRK.US,60,20210514,190000,78.53,78.66,78.46,78.63,812516,0
MRK.US,60,20210514,200000,78.64,78.74,78.54,78.6,947975,0
MRK.US,60,20210514,210000,78.6,78.605,78.345,78.38,510801,0
MRK.US,60,20210514,220000,78.38,78.55,78.22,78.29,1837515,0
MRK.US,60,20210517,160000,78.67,79.83,78.59,79.77,1238756,0
MRK.US,60,20210517,170000,79.77,79.83,79.3,79.79,1094187,0
MRK.US,60,20210517,180000,79.785,79.88,79.43,79.88,828934,0
MRK.US,60,20210517,190000,79.8766,80.17,79.82,79.98,1062244,0
MRK.US,60,20210517,200000,79.98,79.98,79.63,79.685,641046,0
MRK.US,60,20210517,210000,79.675,79.98,79.6,79.925,901897,0
MRK.US,60,20210517,220000,79.93,79.97,79.735,79.87,3464541,0
MRK.US,60,20210518,160000,79.34,79.8,79.01,79.14,722955,0
MRK.US,60,20210518,170000,79.13,79.315,78.89,79.16,811674,0
MRK.US,60,20210518,180000,79.155,79.5,79.155,79.45,550471,0
MRK.US,60,20210518,190000,79.45,79.655,79.45,79.6,419934,0
MRK.US,60,20210518,200000,79.595,79.78,79.59,79.735,401477,0
MRK.US,60,20210518,210000,79.73,79.785,79.495,79.5799,519479,0
MRK.US,60,20210518,220000,79.58,79.6876,79.32,79.38,2310659,0
MRK.US,60,20210519,160000,78.925,79.12,78.36,78.455,794667,0
MRK.US,60,20210519,170000,78.44,78.46,77.95,78.33,778410,0
MRK.US,60,20210519,180000,78.34,78.88,78.295,78.86,562809,0
MRK.US,60,20210519,190000,78.86,79.2,78.805,79.17,470970,0
MRK.US,60,20210519,200000,79.18,79.25,79.01,79.11,817555,0
MRK.US,60,20210519,210000,79.1,79.33,78.85,79.06,918708,0
MRK.US,60,20210519,220000,79.06,79.4,78.985,79.36,2652969,0
MRK.US,60,20210520,160000,78.93,79.75,78.9,79.6,649527,0
MRK.US,60,20210520,170000,79.6,79.68,79.44,79.65,468739,0
MRK.US,60,20210520,180000,79.635,79.985,79.58,79.915,561666,0
MRK.US,60,20210520,190000,79.91,79.95,79.71,79.775,496005,0
MRK.US,60,20210520,200000,79.775,79.875,79.7028,79.7801,479190,0
MRK.US,60,20210520,210000,79.775,79.82,79.64,79.67,481150,0
MRK.US,60,20210520,220000,79.675,79.915,79.59,79.66,2604532,0
MRK.US,60,20210521,160000,79.93,80.34,79.74,79.96,1100308,0
MRK.US,60,20210521,170000,79.96,79.965,79.57,79.685,726889,0
MRK.US,60,20210521,180000,79.685,79.81,79.6,79.685,577275,0
MRK.US,60,20210521,190000,79.68,79.81,79.2,79.28,519725,0
MRK.US,60,20210521,200000,79.29,79.365,79.23,79.295,419847,0
MRK.US,60,20210521,210000,79.29,79.4182,79.18,79.2,598303,0
MRK.US,60,20210521,220000,79.21,79.3,79.08,79.18,3753549,0
MRK.US,60,20210524,160000,79.53,79.65,79.08,79.13,731785,0
MRK.US,60,20210524,170000,79.14,79.455,78.96,79.43,1292189,0
MRK.US,60,20210524,180000,79.42,79.42,79.23,79.395,718777,0
MRK.US,60,20210524,190000,79.395,79.43,79.17,79.1859,435888,0
MRK.US,60,20210524,200000,79.185,79.6,79.16,79.575,653355,0
MRK.US,60,20210524,210000,79.575,79.62,79.39,79.39,447833,0
MRK.US,60,20210524,220000,79.3869,79.425,78.99,79.03,2819048,0
MRK.US,60,20210525,160000,79,79.25,78.21,78.45,773686,0
MRK.US,60,20210525,170000,78.42,78.54,78.03,78.15,1374289,0
MRK.US,60,20210525,180000,78.145,78.27,77.88,78.01,1068229,0
MRK.US,60,20210525,190000,78.015,78.05,77.89,77.945,597769,0
MRK.US,60,20210525,200000,77.945,77.945,77.67,77.67,1113730,0
MRK.US,60,20210525,210000,77.675,77.82,77.63,77.7272,904752,0
MRK.US,60,20210525,220000,77.725,77.84,77.46,77.5,4187510,0
MRK.US,60,20210526,160000,77.55,77.6,76.97,77.29,1489552,0
MRK.US,60,20210526,170000,77.3,77.735,77.28,77.545,1024075,0
MRK.US,60,20210526,180000,77.5401,77.735,77.48,77.48,685779,0
MRK.US,60,20210526,190000,77.475,77.765,77.435,77.639,516623,0
MRK.US,60,20210526,200000,77.63,77.64,77.22,77.31,695988,0
MRK.US,60,20210526,210000,77.315,77.3244,77.08,77.09,887014,0
MRK.US,60,20210526,220000,77.085,77.3,77.085,77.23,2491557,0
MRK.US,60,20210527,160000,77.5,77.6,77,77.05,778553,0
MRK.US,60,20210527,170000,77.06,77.16,76.71,76.8466,887345,0
MRK.US,60,20210527,180000,76.845,76.8546,76.49,76.745,1132426,0
MRK.US,60,20210527,190000,76.7424,76.825,76.43,76.43,623920,0
MRK.US,60,20210527,200000,76.44,76.51,76.24,76.2864,654170,0
MRK.US,60,20210527,210000,76.2899,76.37,76.145,76.235,971339,0
MRK.US,60,20210527,220000,76.235,76.2456,75.88,75.92,7279667,0
MRK.US,60,20210528,160000,76.02,76.3652,75.93,76,1633336,0
MRK.US,60,20210528,170000,76,76.4,75.99,76.155,1409444,0
MRK.US,60,20210528,180000,76.14,76.34,76.105,76.15,1026984,0
MRK.US,60,20210528,190000,76.15,76.175,75.875,75.9299,846063,0
MRK.US,60,20210528,200000,75.93,76.02,75.835,75.93,930653,0
MRK.US,60,20210528,210000,75.93,76.09,75.89,76.05,693820,0
MRK.US,60,20210528,220000,76.045,76.14,75.8,75.89,5060409,0
MRK.US,60,20210601,160000,76.06,76.14,75.27,75.56,1298567,0
MRK.US,60,20210601,170000,75.54,75.755,75.31,75.36,1520106,0
MRK.US,60,20210601,180000,75.36,75.41,75.3,75.33,1043250,0
MRK.US,60,20210601,190000,75.3278,75.38,75.1,75.105,792512,0
MRK.US,60,20210601,200000,75.1,75.34,75.1,75.325,841850,0
MRK.US,60,20210601,210000,75.325,75.375,75.2,75.2231,1049290,0
MRK.US,60,20210601,220000,75.2283,75.415,75.03,75.18,6102221,0
MRK.US,60,20210602,160000,75.31,76.07,75.27,76.07,877098,0
MRK.US,60,20210602,170000,76.07,76.09,75.57,75.68,1040769,0
MRK.US,60,20210602,180000,75.67,75.885,75.51,75.6,794637,0
MRK.US,60,20210602,190000,75.6,75.91,75.59,75.775,843110,0
MRK.US,60,20210602,200000,75.775,75.97,75.72,75.945,618210,0
MRK.US,60,20210602,210000,75.94,75.9473,75.55,75.64,579376,0
MRK.US,60,20210602,220000,75.635,75.95,75.57,75.87,3839381,0
MRK.US,60,20210603,160000,73.22,73.42,72.9,73.19,1844360,0
MRK.US,60,20210603,170000,73.19,73.905,73.145,73.875,2116647,0
MRK.US,60,20210603,180000,73.875,73.88,73.36,73.41,1393628,0
MRK.US,60,20210603,190000,73.41,73.45,73.15,73.4063,1324989,0
MRK.US,60,20210603,200000,73.4,73.73,73.3,73.6699,1158439,0
MRK.US,60,20210603,210000,73.66,73.85,73.6,73.81,1261310,0
MRK.US,60,20210603,220000,73.81,74,73.8,73.91,4313988,0
MRK.US,60,20210604,160000,74.2,74.48,73.925,74.175,1606542,0
MRK.US,60,20210604,170000,74.18,74.39,74.1424,74.2893,1431477,0
MRK.US,60,20210604,180000,74.29,74.36,74.18,74.25,1005354,0
MRK.US,60,20210604,190000,74.25,74.28,73.93,74.035,1159208,0
MRK.US,60,20210604,200000,74.04,74.13,73.9,74.03,969811,0
MRK.US,60,20210604,210000,74.03,74.24,73.99,74.005,997988,0
MRK.US,60,20210604,220000,74.005,74.22,73.95,74.11,3350688,0
MRK.US,60,20210607,160000,74.14,74.2,73.51,73.61,1357067,0
MRK.US,60,20210607,170000,73.6051,73.6051,73.085,73.45,2837302,0
MRK.US,60,20210607,180000,73.44,73.49,73.12,73.16,1482651,0
MRK.US,60,20210607,190000,73.155,73.3,73.1,73.135,1400722,0
MRK.US,60,20210607,200000,73.13,73.27,72.96,72.985,1944005,0
MRK.US,60,20210607,210000,72.98,73.15,72.86,72.895,1799401,0
MRK.US,60,20210607,220000,72.8999,72.99,72.78,72.8,3478355,0
MRK.US,60,20210608,160000,72.95,73.17,72.535,72.68,1245321,0
MRK.US,60,20210608,170000,72.685,72.685,72.115,72.23,2347085,0
MRK.US,60,20210608,180000,72.23,72.335,72.075,72.275,1159739,0
MRK.US,60,20210608,190000,72.27,72.42,72.13,72.14,982606,0
MRK.US,60,20210608,200000,72.13,72.34,72.125,72.3,1010788,0
MRK.US,60,20210608,210000,72.3,72.33,72.1,72.305,1293624,0
MRK.US,60,20210608,220000,72.31,72.425,72.11,72.4,3425069,0
MRK.US,60,20210609,160000,73,74.1883,72.95,74.1,1849987,0
MRK.US,60,20210609,170000,74.105,74.14,73.76,73.845,1392454,0
MRK.US,60,20210609,180000,73.85,74.07,73.8,74.01,930565,0
MRK.US,60,20210609,190000,74.0175,74.3,74,74.02,1057277,0
MRK.US,60,20210609,200000,74.02,74.19,73.9,73.95,929430,0
MRK.US,60,20210609,210000,73.95,74.215,73.935,74.1466,961502,0
MRK.US,60,20210609,220000,74.145,74.15,73.92,74.04,3113729,0
MRK.US,60,20210610,160000,75.23,75.74,74.74,75.53,1648294,0
MRK.US,60,20210610,170000,75.55,76.185,75.54,75.905,2233028,0
MRK.US,60,20210610,180000,75.915,76.15,75.835,76.07,1421041,0
MRK.US,60,20210610,190000,76.07,76.41,76.05,76.35,1441701,0
MRK.US,60,20210610,200000,76.355,76.47,76.29,76.377,1090461,0
MRK.US,60,20210610,210000,76.375,76.4,76.02,76.1674,964243,0
MRK.US,60,20210610,220000,76.16,76.32,76.08,76.14,5026612,0
MRK.US,60,20210611,160000,76.71,76.86,75.855,76.15,1452953,0
MRK.US,60,20210611,170000,76.16,76.17,75.765,75.897,931156,0
MRK.US,60,20210611,180000,75.8929,76,75.75,75.755,845956,0
MRK.US,60,20210611,190000,75.755,76.05,75.6,75.85,982811,0
MRK.US,60,20210611,200000,75.845,76.04,75.71,76.035,629781,0
MRK.US,60,20210611,210000,76.03,76.24,76.03,76.2399,1139365,0
MRK.US,60,20210611,220000,76.23,76.42,76.15,76.27,4935656,0
MRK.US,60,20210614,160000,75.74,75.8,74.955,75.31,1145864,0
MRK.US,60,20210614,170000,75.31,75.32,74.88,75.08,942412,0
MRK.US,60,20210614,180000,75.075,75.22,74.99,75.08,672205,0
MRK.US,60,20210614,190000,75.08,75.13,74.975,75.01,442565,0
MRK.US,60,20210614,200000,75.01,75.06,74.92,75.035,537867,0
MRK.US,60,20210614,210000,75.035,75.22,75.025,75.165,467911,0
MRK.US,60,20210614,220000,75.165,75.49,75.165,75.45,2136462,0
MRK.US,60,20210615,160000,75.5,75.55,74.765,74.805,1083599,0
MRK.US,60,20210615,170000,74.805,75.17,74.72,75.05,1373938,0
MRK.US,60,20210615,180000,75.04,75.43,74.89,75.25,1511150,0
MRK.US,60,20210615,190000,75.245,75.54,75.18,75.54,1749943,0
MRK.US,60,20210615,200000,75.5401,75.56,75.41,75.44,534901,0
MRK.US,60,20210615,210000,75.445,75.63,75.41,75.55,615041,0
MRK.US,60,20210615,220000,75.55,75.77,75.335,75.7,3844619,0
MRK.US,60,20210616,160000,76.22,77.29,76.19,77.105,1910358,0
MRK.US,60,20210616,170000,77.105,77.55,77.0648,77.27,2250262,0
MRK.US,60,20210616,180000,77.27,77.53,77.12,77.215,1231735,0
MRK.US,60,20210616,190000,77.22,77.28,76.99,77.085,930912,0
MRK.US,60,20210616,200000,77.085,77.25,77.03,77.19,874069,0
MRK.US,60,20210616,210000,77.19,77.195,76.57,76.985,2174352,0
MRK.US,60,20210616,220000,76.97,77.13,76.54,76.61,4818837,0
MRK.US,60,20210617,160000,76.34,76.7707,76.23,76.275,782625,0
MRK.US,60,20210617,170000,76.275,76.5,76.08,76.09,944682,0
MRK.US,60,20210617,180000,76.1,76.53,75.985,76.5225,1216090,0
MRK.US,60,20210617,190000,76.525,77.06,76.525,77.0401,1218860,0
MRK.US,60,20210617,200000,77.05,77.34,76.93,77.335,1691328,0
MRK.US,60,20210617,210000,77.34,77.465,76.98,77.17,1146021,0
MRK.US,60,20210617,220000,77.17,77.41,77.15,77.23,5184554,0
MRK.US,60,20210618,160000,76.74,77.1,76.44,76.6537,2385173,0
MRK.US,60,20210618,170000,76.65,76.8,76.2,76.21,1353473,0
MRK.US,60,20210618,180000,76.21,76.8,76.155,76.6342,895845,0
MRK.US,60,20210618,190000,76.625,76.67,76.495,76.615,651843,0
MRK.US,60,20210618,200000,76.61,76.87,76.54,76.84,774184,0
MRK.US,60,20210618,210000,76.84,77.145,76.8,77.14,966868,0
MRK.US,60,20210618,220000,77.145,77.22,76.57,76.61,7643515,0
MRK.US,60,20210621,160000,76.89,76.94,76.55,76.875,817644,0
MRK.US,60,20210621,170000,76.87,77.285,76.75,76.86,1072065,0
MRK.US,60,20210621,180000,76.8615,77.02,76.735,76.91,752527,0
MRK.US,60,20210621,190000,76.9179,76.97,76.84,76.84,589308,0
MRK.US,60,20210621,200000,76.84,76.925,76.58,76.585,788994,0
MRK.US,60,20210621,210000,76.58,76.74,76.57,76.62,630845,0
MRK.US,60,20210621,220000,76.6173,76.8,76.59,76.75,2971233,0
MRK.US,60,20210622,160000,76.59,76.74,76.3101,76.455,648052,0
MRK.US,60,20210622,170000,76.455,76.615,76.305,76.38,912986,0
MRK.US,60,20210622,180000,76.375,76.44,76.195,76.3198,1757500,0
MRK.US,60,20210622,190000,76.32,76.37,76.13,76.2,1200808,0
MRK.US,60,20210622,200000,76.1924,76.34,76.087,76.11,1369648,0
MRK.US,60,20210622,210000,76.1,76.1699,76.01,76.1501,686253,0
MRK.US,60,20210622,220000,76.1505,76.35,76.13,76.19,2714247,0
MRK.US,60,20210623,160000,75.85,76.25,75.55,76.24,1296053,0
MRK.US,60,20210623,170000,76.24,76.26,75.61,75.835,888306,0
MRK.US,60,20210623,180000,75.84,75.91,75.68,75.795,684660,0
MRK.US,60,20210623,190000,75.79,75.81,75.65,75.735,560964,0
MRK.US,60,20210623,200000,75.74,76.01,75.71,75.85,778837,0
MRK.US,60,20210623,210000,75.845,75.9,75.63,75.665,849349,0
MRK.US,60,20210623,220000,75.67,75.73,75.55,75.58,3063308,0
MRK.US,60,20210624,160000,75.73,76.47,75.73,76.2,712200,0
MRK.US,60,20210624,170000,76.2025,76.47,76.135,76.22,830850,0
MRK.US,60,20210624,180000,76.215,76.29,76.09,76.105,656541,0
MRK.US,60,20210624,190000,76.1094,76.465,76.1,76.455,522561,0
MRK.US,60,20210624,200000,76.4501,76.625,76.415,76.6,761371,0
MRK.US,60,20210624,210000,76.6,76.635,76.3,76.43,1036888,0
MRK.US,60,20210624,220000,76.43,76.5,76.3,76.36,2434609,0
MRK.US,60,20210625,160000,76.06,76.65,76.05,76.62,712857,0
MRK.US,60,20210625,170000,76.62,76.79,76.54,76.545,848244,0
MRK.US,60,20210625,180000,76.545,76.63,76.42,76.455,787653,0
MRK.US,60,20210625,190000,76.45,76.845,76.41,76.73,1025751,0
MRK.US,60,20210625,200000,76.73,76.975,76.72,76.76,1164471,0
MRK.US,60,20210625,210000,76.755,76.78,76.6,76.715,828006,0
MRK.US,60,20210625,220000,76.72,77.97,76.705,77.2,19689296,0
MRK.US,60,20210628,160000,77.25,77.74,77.16,77.405,1009655,0
MRK.US,60,20210628,170000,77.41,77.57,77.07,77.195,1007627,0
MRK.US,60,20210628,180000,77.195,77.42,77.01,77.325,781266,0
MRK.US,60,20210628,190000,77.3229,77.35,77.03,77.0342,491604,0
MRK.US,60,20210628,200000,77.035,77.12,76.9,76.9583,442948,0
MRK.US,60,20210628,210000,76.955,76.96,76.79,76.805,533045,0
MRK.US,60,20210628,220000,76.81,77,76.8,76.86,2080466,0
MRK.US,60,20210629,160000,77,77.21,76.82,77.01,737453,0
MRK.US,60,20210629,170000,77,77.11,76.87,76.97,732812,0
MRK.US,60,20210629,180000,76.965,77.02,76.89,76.905,574400,0
MRK.US,60,20210629,190000,76.9021,77.025,76.9021,77.01,617094,0
MRK.US,60,20210629,200000,77.01,77.01,76.87,76.93,688458,0
MRK.US,60,20210629,210000,76.9299,76.9772,76.85,76.945,659270,0
MRK.US,60,20210629,220000,76.945,77.33,76.93,77.21,2509169,0
MRK.US,60,20210630,160000,77.4,77.86,77.2638,77.35,750642,0
MRK.US,60,20210630,170000,77.345,77.845,77.23,77.835,1140732,0
MRK.US,60,20210630,180000,77.84,77.98,77.75,77.765,1501334,0
MRK.US,60,20210630,190000,77.765,78.06,77.73,77.9925,1086987,0
MRK.US,60,20210630,200000,77.995,78.05,77.88,77.995,991879,0
MRK.US,60,20210630,210000,77.997,78.09,77.865,77.905,930649,0
MRK.US,60,20210630,220000,77.905,78.03,77.735,77.77,5464128,0
MRK.US,60,20210701,160000,77.65,78.15,77.51,78,879473,0
MRK.US,60,20210701,170000,77.99,78.07,77.535,77.6069,1068743,0
MRK.US,60,20210701,180000,77.605,77.92,77.59,77.865,635994,0
MRK.US,60,20210701,190000,77.865,77.97,77.84,77.92,435225,0
MRK.US,60,20210701,200000,77.92,78.02,77.865,77.97,471441,0
MRK.US,60,20210701,210000,77.97,78.03,77.88,77.9,749555,0
MRK.US,60,20210701,220000,77.9,78.01,77.76,77.99,3831788,0
MRK.US,60,20210702,160000,78.04,78.3,77.76,78.3,837481,0
MRK.US,60,20210702,170000,78.29,78.46,78.18,78.415,582450,0
MRK.US,60,20210702,180000,78.42,78.6369,78.37,78.575,564296,0
MRK.US,60,20210702,190000,78.58,78.72,78.51,78.71,462520,0
MRK.US,60,20210702,200000,78.705,78.71,78.5,78.5476,399179,0
MRK.US,60,20210702,210000,78.55,78.59,78.28,78.49,842107,0
MRK.US,60,20210702,220000,78.5,78.77,78.5,78.6,2796894,0
MRK.US,60,20210706,160000,78.14,78.35,77.715,77.76,697412,0
MRK.US,60,20210706,170000,77.76,77.98,77.56,77.735,1006403,0
MRK.US,60,20210706,180000,77.73,78.025,77.62,78,580849,0
MRK.US,60,20210706,190000,77.99,78.03,77.83,78.005,390005,0
MRK.US,60,20210706,200000,78.01,78.07,77.922,77.995,335112,0
MRK.US,60,20210706,210000,78,78.125,77.9448,78.11,300693,0
MRK.US,60,20210706,220000,78.11,78.3,78.045,78.11,2301613,0
MRK.US,60,20210707,160000,78.41,78.45,78.13,78.19,769094,0
MRK.US,60,20210707,170000,78.2,78.51,78.2,78.3,838942,0
MRK.US,60,20210707,180000,78.305,78.58,78.23,78.41,662341,0
MRK.US,60,20210707,190000,78.42,78.555,78.345,78.36,442796,0
MRK.US,60,20210707,200000,78.36,78.5399,78.34,78.359,591663,0
MRK.US,60,20210707,210000,78.36,78.51,78.33,78.345,617108,0
MRK.US,60,20210707,220000,78.34,78.61,78.205,78.56,2767613,0
MRK.US,60,20210708,160000,77.77,78.07,77.55,77.95,940761,0
MRK.US,60,20210708,170000,77.93,77.93,77.305,77.485,1214508,0
MRK.US,60,20210708,180000,77.49,77.75,77.36,77.665,675724,0
MRK.US,60,20210708,190000,77.665,77.9,77.62,77.87,486996,0
MRK.US,60,20210708,200000,77.87,78.06,77.7949,78.055,502969,0
MRK.US,60,20210708,210000,78.06,78.28,78.04,78.22,617769,0
MRK.US,60,20210708,220000,78.219,78.3,77.91,78.12,2546902,0
MRK.US,60,20210709,160000,78.42,78.69,78.27,78.475,652511,0
MRK.US,60,20210709,170000,78.48,78.58,78.2,78.2,590335,0
MRK.US,60,20210709,180000,78.205,78.405,78.16,78.205,511398,0
MRK.US,60,20210709,190000,78.21,78.31,77.99,78,352622,0
MRK.US,60,20210709,200000,78.01,78.1,77.94,78.035,326135,0
MRK.US,60,20210709,210000,78.035,78.14,77.9634,78.0959,403935,0
MRK.US,60,20210709,220000,78.1,78.13,77.955,77.99,1875752,0
