<TICKER>,<PER>,<DATE>,<TIME>,<OPEN>,<HIGH>,<LOW>,<CLOSE>,<VOL>,<OPENINT>
MXE.US,60,20200914,160000,8.21,8.3,8.21,8.3,310,0
MXE.US,60,20200914,170000,8.3,8.3,8.26,8.292,3204,0
MXE.US,60,20200914,190000,8.29,8.29,8.2639,8.2639,1405,0
MXE.US,60,20200914,200000,8.29,8.29,8.241,8.26,2800,0
MXE.US,60,20200914,210000,8.3,8.3,8.26,8.3,1274,0
MXE.US,60,20200914,220000,8.3,8.33,8.22,8.22,400,0
MXE.US,60,20200917,170000,8.25,8.25,8.25,8.25,200,0
MXE.US,60,20200917,180000,8.24,8.24,8.24,8.24,208,0
MXE.US,60,20200918,160000,8.23,8.23,8.23,8.23,100,0
MXE.US,60,20200918,210000,8.1498,8.1498,8.1498,8.1498,300,0
MXE.US,60,20200918,220000,8.17,8.17,8.17,8.17,112,0
MXE.US,60,20200921,160000,8.01,8.01,7.92,7.92,300,0
MXE.US,60,20200921,190000,7.91,7.92,7.91,7.91,404,0
MXE.US,60,20200921,200000,7.8301,7.8779,7.8301,7.8779,4284,0
MXE.US,60,20200921,210000,7.87,7.89,7.87,7.89,200,0
MXE.US,60,20200921,220000,7.87,7.87,7.87,7.87,200,0
MXE.US,60,20200922,180000,7.89,7.89,7.89,7.89,200,0
MXE.US,60,20200922,200000,7.98,7.98,7.907,7.907,700,0
MXE.US,60,20200923,160000,7.89,7.89,7.89,7.89,200,0
MXE.US,60,20200923,170000,7.81,7.81,7.81,7.81,303,0
MXE.US,60,20200923,190000,7.8,7.8,7.8,7.8,200,0
MXE.US,60,20200923,200000,7.75,7.7756,7.75,7.7756,1650,0
MXE.US,60,20200923,220000,7.745,7.79,7.7,7.79,512,0
MXE.US,60,20200924,160000,7.69,7.69,7.69,7.69,151,0
MXE.US,60,20200924,180000,7.68,7.68,7.65,7.68,1097,0
MXE.US,60,20200924,190000,7.68,7.7,7.6406,7.6406,4239,0
MXE.US,60,20200924,200000,7.68,7.69,7.63,7.685,9360,0
MXE.US,60,20200924,210000,7.674,7.674,7.65,7.6642,5000,0
MXE.US,60,20200924,220000,7.65,7.6591,7.65,7.65,2233,0
MXE.US,60,20200925,160000,7.66,7.765,7.65,7.7135,4100,0
MXE.US,60,20200925,170000,7.59,7.59,7.59,7.59,200,0
MXE.US,60,20200925,200000,7.72,7.72,7.72,7.72,300,0
MXE.US,60,20200928,160000,7.76,7.919,7.48,7.595,7440,0
MXE.US,60,20200928,170000,7.6354,7.74,7.595,7.74,1500,0
MXE.US,60,20200928,180000,7.57,7.6078,7.57,7.6078,600,0
MXE.US,60,20200928,190000,7.6613,7.6613,7.56,7.64,3050,0
MXE.US,60,20200928,200000,7.625,7.625,7.625,7.625,300,0
MXE.US,60,20200928,210000,7.61,7.6848,7.55,7.595,26121,0
MXE.US,60,20200928,220000,7.606,7.6755,7.56,7.61,23112,0
MXE.US,60,20200929,160000,7.66,7.66,7.66,7.66,1498,0
MXE.US,60,20200929,180000,7.61,7.61,7.6,7.6,700,0
MXE.US,60,20200929,190000,7.6406,7.6406,7.6406,7.6406,300,0
MXE.US,60,20200929,200000,7.65,7.659,7.65,7.65,300,0
MXE.US,60,20200929,220000,7.63,7.63,7.63,7.63,300,0
MXE.US,60,20200930,160000,7.66,7.66,7.66,7.66,100,0
MXE.US,60,20200930,170000,7.87,7.87,7.67,7.7,1228,0
MXE.US,60,20200930,180000,7.67,7.7,7.67,7.7,1100,0
MXE.US,60,20200930,190000,7.7,7.71,7.7,7.71,446,0
MXE.US,60,20200930,200000,7.69,7.7001,7.6837,7.7,6400,0
MXE.US,60,20200930,210000,7.7,7.7001,7.69,7.7001,3403,0
MXE.US,60,20200930,220000,7.695,7.7,7.695,7.6999,1063,0
MXE.US,60,20201001,160000,7.76,7.7601,7.7001,7.7001,2900,0
MXE.US,60,20201001,170000,7.7,7.7,7.7,7.7,338,0
MXE.US,60,20201001,180000,7.71,7.7245,7.687,7.7,13566,0
MXE.US,60,20201001,190000,7.68,7.7016,7.67,7.6913,12000,0
MXE.US,60,20201001,210000,7.695,7.7,7.67,7.7,600,0
MXE.US,60,20201001,220000,7.7,7.7,7.7,7.7,1000,0
MXE.US,60,20201002,160000,7.6,7.6,7.6,7.6,100,0
MXE.US,60,20201002,180000,7.69,7.69,7.69,7.69,200,0
MXE.US,60,20201002,190000,7.69,7.69,7.69,7.69,202,0
MXE.US,60,20201002,200000,7.615,7.69,7.615,7.6252,2600,0
MXE.US,60,20201002,210000,7.61,7.62,7.61,7.62,400,0
MXE.US,60,20201002,220000,7.62,7.68,7.62,7.68,500,0
MXE.US,60,20201005,160000,7.75,7.75,7.75,7.75,100,0
MXE.US,60,20201005,190000,7.8088,7.815,7.75,7.7547,6030,0
MXE.US,60,20201005,200000,7.75,7.76,7.75,7.75,505,0
MXE.US,60,20201005,210000,7.755,7.76,7.755,7.76,500,0
MXE.US,60,20201005,220000,7.76,7.76,7.75,7.75,600,0
MXE.US,60,20201006,160000,7.8,7.8,7.8,7.8,388,0
MXE.US,60,20201006,180000,7.8,7.8,7.8,7.8,200,0
MXE.US,60,20201006,190000,7.8,7.8,7.8,7.8,180,0
MXE.US,60,20201006,210000,7.835,7.835,7.8,7.8,511,0
MXE.US,60,20201006,220000,7.8,7.8,7.8,7.8,300,0
MXE.US,60,20201007,160000,7.9,7.9,7.9,7.9,999,0
MXE.US,60,20201007,170000,7.93,7.94,7.93,7.94,5100,0
MXE.US,60,20201007,190000,7.94,7.94,7.94,7.94,3200,0
MXE.US,60,20201007,210000,7.9622,7.98,7.95,7.98,6150,0
MXE.US,60,20201007,220000,7.97,7.98,7.97,7.98,1000,0
MXE.US,60,20201008,160000,8.05,8.05,8.05,8.05,150,0
MXE.US,60,20201008,170000,8.01,8.01,8.01,8.01,400,0
MXE.US,60,20201008,190000,8.08,8.08,8.08,8.08,705,0
MXE.US,60,20201008,200000,8.08,8.13,8.08,8.13,4495,0
MXE.US,60,20201008,210000,8.12,8.12,8.12,8.12,100,0
MXE.US,60,20201008,220000,8.12,8.2,8.12,8.2,4076,0
MXE.US,60,20201009,160000,8.21,8.2305,8.21,8.2208,1192,0
MXE.US,60,20201009,170000,8.23,8.24,8.23,8.24,606,0
MXE.US,60,20201009,180000,8.24,8.25,8.24,8.25,1696,0
MXE.US,60,20201009,190000,8.26,8.287,8.26,8.28,815,0
MXE.US,60,20201009,210000,8.2815,8.2815,8.2815,8.2815,350,0
MXE.US,60,20201012,160000,8.38,8.38,8.38,8.38,500,0
MXE.US,60,20201012,200000,8.31,8.31,8.31,8.31,200,0
MXE.US,60,20201013,210000,8.21,8.21,8.21,8.21,442,0
MXE.US,60,20201014,170000,8.21,8.21,8.21,8.21,200,0
MXE.US,60,20201014,180000,8.18,8.19,8.18,8.19,202,0
MXE.US,60,20201014,190000,8.22,8.22,8.18,8.18,6545,0
MXE.US,60,20201014,200000,8.18,8.18,8.18,8.18,200,0
MXE.US,60,20201014,220000,8.18,8.18,8.18,8.18,400,0
MXE.US,60,20201015,160000,8.08,8.08,8.08,8.08,103,0
MXE.US,60,20201015,170000,8.08,8.08,8.08,8.08,858,0
MXE.US,60,20201015,180000,8.01,8.08,8.01,8.08,300,0
MXE.US,60,20201015,200000,8.1292,8.1292,8.1292,8.1292,1400,0
MXE.US,60,20201015,210000,8.09,8.13,8.09,8.13,200,0
MXE.US,60,20201016,160000,8.16,8.16,8.15,8.15,703,0
MXE.US,60,20201016,220000,8.18,8.18,8.16,8.16,400,0
MXE.US,60,20201019,170000,8.2,8.2,8.18,8.18,1011,0
MXE.US,60,20201019,180000,8.18,8.18,8.18,8.18,158,0
MXE.US,60,20201019,190000,8.19,8.2,8.19,8.2,300,0
MXE.US,60,20201019,210000,8.18,8.184,8.18,8.184,1322,0
MXE.US,60,20201019,220000,8.18,8.18,8.18,8.18,565,0
MXE.US,60,20201020,160000,8.19,8.19,8.19,8.19,100,0
MXE.US,60,20201020,180000,8.29,8.29,8.29,8.29,200,0
MXE.US,60,20201020,190000,8.29,8.29,8.279,8.279,601,0
MXE.US,60,20201020,200000,8.255,8.255,8.255,8.255,583,0
MXE.US,60,20201020,210000,8.265,8.3,8.265,8.3,800,0
MXE.US,60,20201020,220000,8.28,8.28,8.28,8.28,213,0
MXE.US,60,20201021,170000,8.3436,8.3436,8.3436,8.3436,1300,0
MXE.US,60,20201021,190000,8.38,8.38,8.38,8.38,100,0
MXE.US,60,20201021,210000,8.37,8.37,8.37,8.37,202,0
MXE.US,60,20201021,220000,8.37,8.37,8.37,8.37,850,0
MXE.US,60,20201022,160000,8.38,8.38,8.38,8.38,100,0
MXE.US,60,20201022,220000,8.365,8.365,8.35,8.35,515,0
MXE.US,60,20201023,160000,8.4,8.4,8.4,8.4,111,0
MXE.US,60,20201023,170000,8.4,8.4,8.4,8.4,110,0
MXE.US,60,20201023,190000,8.39,8.39,8.39,8.39,403,0
MXE.US,60,20201023,200000,8.385,8.4,8.385,8.4,569,0
MXE.US,60,20201026,150000,8.33,8.33,8.3,8.3,303,0
MXE.US,60,20201026,160000,8.3,8.3373,8.26,8.305,1600,0
MXE.US,60,20201026,190000,8.27,8.27,8.27,8.27,201,0
MXE.US,60,20201027,150000,8.28,8.28,8.28,8.28,152,0
MXE.US,60,20201027,160000,8.28,8.28,8.28,8.28,205,0
MXE.US,60,20201027,180000,8.28,8.28,8.28,8.28,205,0
MXE.US,60,20201027,190000,8.28,8.28,8.28,8.28,205,0
MXE.US,60,20201027,200000,8.28,8.28,8,8.03,12643,0
MXE.US,60,20201027,210000,8.03,8.21,8.03,8.21,506,0
MXE.US,60,20201028,150000,8.14,8.14,7.96,7.96,1600,0
MXE.US,60,20201028,160000,7.88,7.89,7.88,7.89,803,0
MXE.US,60,20201028,170000,7.91,7.91,7.9,7.9,524,0
MXE.US,60,20201028,180000,7.89,7.89,7.89,7.89,1424,0
MXE.US,60,20201028,190000,7.895,7.92,7.895,7.9,2170,0
MXE.US,60,20201028,200000,7.91,7.918,7.91,7.91,1200,0
MXE.US,60,20201028,210000,7.912,7.9294,7.912,7.9294,1200,0
MXE.US,60,20201029,150000,7.89,7.89,7.89,7.89,100,0
MXE.US,60,20201029,190000,7.8,7.8,7.7993,7.8,400,0
MXE.US,60,20201029,200000,7.81,7.81,7.81,7.81,100,0
MXE.US,60,20201029,210000,7.81,7.81,7.8,7.8,1161,0
MXE.US,60,20201030,150000,7.77,7.77,7.77,7.77,100,0
MXE.US,60,20201030,170000,7.7146,7.7146,7.7146,7.7146,190,0
MXE.US,60,20201030,200000,7.81,7.81,7.81,7.81,200,0
MXE.US,60,20201030,210000,7.81,7.81,7.8,7.8,733,0
MXE.US,60,20201102,160000,7.89,7.89,7.89,7.89,100,0
MXE.US,60,20201102,170000,7.85,7.85,7.8466,7.8466,800,0
MXE.US,60,20201102,190000,7.81,7.86,7.81,7.86,503,0
MXE.US,60,20201102,200000,7.89,7.89,7.81,7.81,200,0
MXE.US,60,20201102,210000,7.78,7.82,7.75,7.75,2800,0
MXE.US,60,20201102,220000,7.75,7.75,7.75,7.75,200,0
MXE.US,60,20201103,160000,7.81,7.95,7.81,7.95,398,0
MXE.US,60,20201103,170000,7.9,7.9,7.9,7.9,100,0
MXE.US,60,20201103,180000,7.86,7.86,7.86,7.86,400,0
MXE.US,60,20201103,190000,7.86,7.86,7.85,7.85,400,0
MXE.US,60,20201103,200000,7.82,7.82,7.82,7.82,100,0
MXE.US,60,20201103,210000,7.82,7.82,7.82,7.82,300,0
MXE.US,60,20201103,220000,7.82,7.94,7.78,7.94,1500,0
MXE.US,60,20201104,160000,7.89,7.89,7.85,7.85,665,0
MXE.US,60,20201104,200000,8.05,8.055,8.02,8.02,500,0
MXE.US,60,20201104,210000,7.98,8,7.97,7.97,600,0
MXE.US,60,20201104,220000,7.93,7.93,7.9,7.9,355,0
MXE.US,60,20201105,160000,8.14,8.14,8.14,8.14,100,0
MXE.US,60,20201105,170000,8.21,8.21,8.19,8.19,300,0
MXE.US,60,20201105,180000,8.09,8.09,8.09,8.09,100,0
MXE.US,60,20201105,190000,8.135,8.135,8.08,8.08,300,0
MXE.US,60,20201105,200000,8.14,8.19,8.14,8.19,300,0
MXE.US,60,20201105,210000,8.18,8.18,8.18,8.18,100,0
MXE.US,60,20201105,220000,8.17,8.3,8.16,8.3,1600,0
MXE.US,60,20201106,160000,8.21,8.21,8.21,8.21,104,0
MXE.US,60,20201106,200000,8.39,8.4,8.38,8.4,1600,0
MXE.US,60,20201106,210000,8.39,8.41,8.39,8.41,2000,0
MXE.US,60,20201106,220000,8.41,8.42,8.39,8.39,1101,0
MXE.US,60,20201109,160000,8.65,8.85,8.65,8.85,901,0
MXE.US,60,20201109,170000,8.85,8.85,8.85,8.85,615,0
MXE.US,60,20201109,180000,8.85,8.85,8.85,8.85,201,0
MXE.US,60,20201109,200000,8.83,8.83,8.81,8.81,1745,0
MXE.US,60,20201109,220000,8.83,8.83,8.83,8.83,659,0
MXE.US,60,20201110,170000,8.74,8.74,8.74,8.74,200,0
MXE.US,60,20201110,180000,8.73,8.73,8.73,8.73,1172,0
MXE.US,60,20201110,200000,8.75,8.75,8.75,8.75,200,0
MXE.US,60,20201110,220000,8.755,8.77,8.755,8.77,934,0
MXE.US,60,20201111,200000,8.77,8.86,8.72,8.86,1000,0
MXE.US,60,20201112,160000,8.78,8.815,8.78,8.815,200,0
MXE.US,60,20201112,190000,8.805,8.805,8.78,8.78,871,0
MXE.US,60,20201112,200000,8.78,8.78,8.78,8.78,324,0
MXE.US,60,20201112,210000,8.78,8.78,8.78,8.78,204,0
MXE.US,60,20201112,220000,8.78,8.78,8.78,8.78,694,0
MXE.US,60,20201113,200000,8.89,8.89,8.89,8.89,614,0
MXE.US,60,20201113,210000,8.89,8.89,8.89,8.89,100,0
MXE.US,60,20201116,160000,8.88,8.9,8.88,8.9,563,0
MXE.US,60,20201116,180000,9,9.14,9,9.14,452,0
MXE.US,60,20201116,190000,9.0533,9.0533,9.0375,9.0375,304,0
MXE.US,60,20201116,200000,9.0811,9.0811,9.0811,9.0811,200,0
MXE.US,60,20201116,220000,9.03,9.03,9.02,9.02,203,0
MXE.US,60,20201117,170000,8.95,9,8.95,8.95,1107,0
MXE.US,60,20201117,190000,9.0031,9.0344,9.0031,9.02,600,0
MXE.US,60,20201117,220000,9.0399,9.04,9,9.04,2500,0
MXE.US,60,20201118,160000,9.06,9.06,9.06,9.06,100,0
MXE.US,60,20201118,170000,9.1,9.1,9.1,9.1,174,0
MXE.US,60,20201118,180000,9.1,9.11,9.1,9.11,208,0
MXE.US,60,20201118,200000,9.175,9.2,9.14,9.1605,3800,0
MXE.US,60,20201118,210000,9.1401,9.1402,9.12,9.12,3730,0
MXE.US,60,20201120,170000,9.15,9.15,9.06,9.06,302,0
MXE.US,60,20201120,180000,9.15,9.15,9.15,9.15,200,0
MXE.US,60,20201120,220000,9.13,9.13,9.13,9.13,100,0
MXE.US,60,20201123,160000,9.2,9.2,9.2,9.2,100,0
MXE.US,60,20201123,220000,9.2,9.21,9.2,9.21,932,0
MXE.US,60,20201124,160000,9.25,9.25,9.25,9.25,100,0
MXE.US,60,20201124,200000,9.38,9.38,9.38,9.38,100,0
MXE.US,60,20201124,210000,9.3832,9.3929,9.3832,9.3929,2267,0
MXE.US,60,20201125,160000,9.39,9.39,9.39,9.39,264,0
MXE.US,60,20201125,180000,9.3,9.3,9.3,9.3,203,0
MXE.US,60,20201125,200000,9.3,9.3,9.2994,9.2994,5200,0
MXE.US,60,20201125,210000,9.3,9.3,9.2995,9.2995,200,0
MXE.US,60,20201127,160000,9.2882,9.3272,9.2882,9.3272,300,0
MXE.US,60,20201127,180000,9.3435,9.3435,9.25,9.25,304,0
MXE.US,60,20201130,160000,9.25,9.25,9.25,9.25,100,0
MXE.US,60,20201130,170000,9.2,9.2009,9.2,9.2,622,0
MXE.US,60,20201130,180000,9.2,9.2,9.2,9.2,403,0
MXE.US,60,20201130,220000,9.1755,9.1755,9.1755,9.1755,200,0
MXE.US,60,20201201,160000,9.22,9.35,9.22,9.35,1601,0
MXE.US,60,20201201,170000,9.39,9.4,9.39,9.4,1100,0
MXE.US,60,20201202,220000,9.42,9.5607,9.42,9.51,502,0
MXE.US,60,20201203,160000,9.5,9.6,9.5,9.6,597,0
MXE.US,60,20201203,170000,9.6,9.6,9.5575,9.6,1800,0
MXE.US,60,20201203,180000,9.6,9.6,9.6,9.6,1100,0
MXE.US,60,20201203,200000,9.61,9.61,9.5601,9.5601,1800,0
MXE.US,60,20201203,220000,9.58,9.58,9.58,9.58,106,0
MXE.US,60,20201204,160000,9.7,9.7,9.7,9.7,100,0
MXE.US,60,20201204,210000,9.67,9.6839,9.67,9.6839,944,0
MXE.US,60,20201204,220000,9.68,9.75,9.66,9.75,5152,0
MXE.US,60,20201207,160000,9.77,9.77,9.77,9.77,100,0
MXE.US,60,20201207,170000,9.57,9.57,9.57,9.57,100,0
MXE.US,60,20201207,190000,9.57,9.57,9.57,9.57,100,0
MXE.US,60,20201207,200000,9.59,9.6,9.59,9.6,200,0
MXE.US,60,20201207,210000,9.6193,9.62,9.5768,9.585,971,0
MXE.US,60,20201208,160000,9.6,9.6,9.6,9.6,137,0
MXE.US,60,20201208,200000,9.65,9.65,9.65,9.65,119,0
MXE.US,60,20201209,160000,9.7,9.7,9.7,9.7,100,0
MXE.US,60,20201209,180000,9.64,9.64,9.61,9.61,201,0
MXE.US,60,20201209,200000,9.62,9.62,9.61,9.61,403,0
MXE.US,60,20201210,160000,9.61,9.61,9.61,9.61,100,0
MXE.US,60,20201210,170000,9.74,9.74,9.69,9.69,322,0
MXE.US,60,20201210,210000,9.8,9.87,9.73,9.86,901,0
MXE.US,60,20201210,220000,9.86,9.87,9.86,9.87,1000,0
MXE.US,60,20201211,190000,9.76,9.77,9.76,9.76,600,0
MXE.US,60,20201211,200000,9.77,9.77,9.76,9.77,903,0
MXE.US,60,20201211,210000,9.7443,9.76,9.7443,9.76,300,0
MXE.US,60,20201211,220000,9.77,9.79,9.77,9.79,600,0
MXE.US,60,20201214,170000,9.64,9.64,9.61,9.61,713,0
MXE.US,60,20201214,210000,9.73,9.73,9.66,9.66,431,0
MXE.US,60,20201214,220000,9.74,9.74,9.74,9.74,100,0
MXE.US,60,20201215,160000,9.71,9.71,9.71,9.71,100,0
MXE.US,60,20201215,170000,9.55,9.59,9.55,9.59,1716,0
MXE.US,60,20201215,180000,9.59,9.59,9.59,9.59,100,0
MXE.US,60,20201215,190000,9.59,9.59,9.59,9.59,100,0
MXE.US,60,20201215,200000,9.69,9.7,9.69,9.692,500,0
MXE.US,60,20201215,220000,9.75,9.75,9.75,9.75,100,0
MXE.US,60,20201216,160000,9.66,9.66,9.66,9.66,100,0
MXE.US,60,20201216,170000,9.7193,9.7193,9.7193,9.7193,179,0
MXE.US,60,20201216,180000,9.7296,9.7296,9.7296,9.7296,200,0
MXE.US,60,20201216,190000,9.7539,9.7539,9.7539,9.7539,200,0
MXE.US,60,20201217,160000,9.8,9.85,9.8,9.85,596,0
MXE.US,60,20201217,170000,9.81,9.81,9.8003,9.81,1148,0
MXE.US,60,20201217,180000,9.88,9.88,9.88,9.88,200,0
MXE.US,60,20201217,190000,9.89,9.89,9.89,9.89,200,0
MXE.US,60,20201218,210000,9.73,9.73,9.73,9.73,202,0
MXE.US,60,20201218,220000,9.73,9.77,9.73,9.77,883,0
MXE.US,60,20201221,160000,9.62,9.62,9.62,9.62,101,0
MXE.US,60,20201221,180000,9.62,9.62,9.62,9.62,200,0
MXE.US,60,20201221,190000,9.63,9.63,9.63,9.63,100,0
MXE.US,60,20201222,200000,9.42,9.42,9.36,9.36,705,0
MXE.US,60,20201223,160000,9.36,9.36,9.36,9.36,100,0
MXE.US,60,20201223,170000,9.4702,9.4702,9.4702,9.4702,660,0
MXE.US,60,20201223,190000,9.51,9.51,9.51,9.51,299,0
MXE.US,60,20201223,200000,9.55,9.55,9.55,9.55,200,0
MXE.US,60,20201223,220000,9.5544,9.5544,9.5544,9.5544,500,0
MXE.US,60,20201224,160000,9.56,9.56,9.56,9.56,100,0
MXE.US,60,20201228,220000,9.6199,9.62,9.61,9.61,1214,0
MXE.US,60,20201229,210000,9.72,9.72,9.71,9.71,306,0
MXE.US,60,20201229,220000,9.75,9.75,9.75,9.75,498,0
MXE.US,60,20201230,160000,9.96,9.96,9.81,9.81,300,0
MXE.US,60,20201230,170000,9.81,9.84,9.81,9.84,401,0
MXE.US,60,20201230,210000,9.9,9.9,9.9,9.9,100,0
MXE.US,60,20201230,220000,9.879,9.879,9.83,9.8301,1370,0
MXE.US,60,20201231,160000,9.85,9.85,9.85,9.85,100,0
MXE.US,60,20201231,200000,9.74,9.74,9.74,9.74,500,0
MXE.US,60,20210104,160000,9.92,9.92,9.9,9.9,1100,0
MXE.US,60,20210104,210000,9.865,9.865,9.865,9.865,225,0
MXE.US,60,20210104,220000,9.88,9.88,9.81,9.81,300,0
MXE.US,60,20210105,160000,9.86,9.86,9.86,9.86,100,0
MXE.US,60,20210105,220000,9.855,9.88,9.855,9.88,200,0
MXE.US,60,20210106,160000,10.04,10.04,10.04,10.04,602,0
MXE.US,60,20210106,170000,9.99,9.99,9.99,9.99,1600,0
MXE.US,60,20210106,180000,9.95,9.95,9.935,9.95,8745,0
MXE.US,60,20210106,190000,10.03,10.03,10.02,10.03,1000,0
MXE.US,60,20210106,200000,10.025,10.05,10.025,10.0315,900,0
MXE.US,60,20210106,210000,10,10.05,10,10.05,1200,0
MXE.US,60,20210106,220000,10.02,10.05,10.015,10.05,2002,0
MXE.US,60,20210107,160000,10.04,10.04,10.04,10.04,100,0
MXE.US,60,20210107,170000,10.01,10.01,10.01,10.01,100,0
MXE.US,60,20210107,180000,10.01,10.1,10,10.1,500,0
MXE.US,60,20210107,190000,10.05,10.05,9.99,9.99,3524,0
MXE.US,60,20210107,200000,9.99,9.99,9.99,9.99,200,0
MXE.US,60,20210108,220000,9.95,10.08,9.95,10.01,801,0
MXE.US,60,20210111,160000,10.07,10.07,9.95,9.96,300,0
MXE.US,60,20210111,170000,9.99,9.99,9.99,9.99,158,0
MXE.US,60,20210111,180000,10.01,10.01,10.01,10.01,200,0
MXE.US,60,20210111,210000,10.03,10.03,10.03,10.03,100,0
MXE.US,60,20210112,160000,10,10,10,10,100,0
MXE.US,60,20210112,210000,9.96,10.02,9.96,9.96,1000,0
MXE.US,60,20210112,220000,9.98,10,9.95,9.96,4700,0
MXE.US,60,20210113,160000,9.95,9.95,9.95,9.95,100,0
MXE.US,60,20210113,220000,9.93,9.95,9.86,9.95,10105,0
MXE.US,60,20210114,170000,9.7801,9.7801,9.7801,9.7801,116,0
MXE.US,60,20210114,180000,9.8,9.81,9.79,9.79,2418,0
MXE.US,60,20210114,200000,9.904,9.99,9.904,9.99,600,0
MXE.US,60,20210114,210000,10.03,10.03,9.9932,9.9932,2480,0
MXE.US,60,20210114,220000,9.98,10.03,9.98,10.03,200,0
MXE.US,60,20210115,180000,9.88,9.88,9.88,9.88,241,0
MXE.US,60,20210115,220000,10.01,10.19,10.01,10.08,2405,0
MXE.US,60,20210119,160000,10.09,10.14,10.09,10.12,938,0
MXE.US,60,20210119,170000,10.2738,10.59,10.09,10.09,1804,0
MXE.US,60,20210119,180000,10.175,10.175,10.175,10.175,124,0
MXE.US,60,20210119,190000,10.09,10.09,10.09,10.09,300,0
MXE.US,60,20210119,210000,10.09,10.11,10.09,10.09,800,0
MXE.US,60,20210119,220000,10.04,10.04,10.02,10.02,403,0
MXE.US,60,20210121,180000,10.35,10.35,10.35,10.35,243,0
MXE.US,60,20210121,200000,10.0401,10.0401,10.0401,10.0401,100,0
MXE.US,60,20210121,220000,9.91,9.91,9.91,9.91,100,0
MXE.US,60,20210122,160000,9.8,9.81,9.8,9.81,400,0
MXE.US,60,20210122,170000,9.8,9.8,9.8,9.8,406,0
MXE.US,60,20210122,180000,9.8,9.9,9.8,9.9,427,0
MXE.US,60,20210122,190000,9.76,9.76,9.76,9.76,150,0
MXE.US,60,20210125,160000,9.94,9.94,9.75,9.75,1455,0
MXE.US,60,20210125,180000,9.7664,9.7664,9.7664,9.7664,201,0
MXE.US,60,20210125,190000,9.85,9.87,9.85,9.87,600,0
MXE.US,60,20210125,200000,9.81,9.845,9.81,9.845,342,0
MXE.US,60,20210125,220000,9.88,9.88,9.88,9.88,100,0
MXE.US,60,20210126,180000,9.81,9.81,9.81,9.81,200,0
MXE.US,60,20210126,200000,9.81,9.82,9.81,9.82,500,0
MXE.US,60,20210127,160000,9.66,9.66,9.66,9.66,316,0
MXE.US,60,20210127,210000,9.62,9.62,9.61,9.61,300,0
MXE.US,60,20210128,160000,9.41,9.41,9.41,9.41,100,0
MXE.US,60,20210129,170000,9.43,9.57,9.1,9.31,16020,0
MXE.US,60,20210129,190000,9.31,9.31,9.31,9.31,1065,0
MXE.US,60,20210129,200000,9.3346,9.3346,9.31,9.31,234,0
MXE.US,60,20210129,210000,9.22,9.22,9.01,9.09,9950,0
MXE.US,60,20210129,220000,9.4397,9.4397,9.03,9.03,600,0
MXE.US,60,20210201,160000,9.15,9.15,9.15,9.15,100,0
MXE.US,60,20210201,170000,9.16,9.17,9.16,9.17,304,0
MXE.US,60,20210201,200000,9.17,9.23,9.17,9.23,2800,0
MXE.US,60,20210201,210000,9.205,9.24,9.18,9.21,2600,0
MXE.US,60,20210201,220000,9.2,9.25,9.2,9.2496,1204,0
MXE.US,60,20210202,160000,9.31,9.31,9.3,9.3,1076,0
MXE.US,60,20210202,210000,9.3399,9.3399,9.31,9.31,2300,0
MXE.US,60,20210202,220000,9.3246,9.3246,9.31,9.31,600,0
MXE.US,60,20210203,160000,9.4,9.4,9.4,9.4,1200,0
MXE.US,60,20210203,170000,9.3028,9.32,9.3028,9.32,653,0
MXE.US,60,20210203,200000,9.39,9.39,9.39,9.39,100,0
MXE.US,60,20210203,210000,9.38,9.38,9.37,9.37,2450,0
MXE.US,60,20210203,220000,9.385,9.53,9.38,9.38,7000,0
MXE.US,60,20210204,170000,9.53,9.53,9.53,9.53,104,0
MXE.US,60,20210204,190000,9.399,9.399,9.355,9.379,300,0
MXE.US,60,20210204,200000,9.35,9.4324,9.35,9.425,4500,0
MXE.US,60,20210204,210000,9.38,9.44,9.37,9.4387,900,0
MXE.US,60,20210204,220000,9.44,9.53,9.44,9.53,663,0
MXE.US,60,20210205,160000,9.5246,9.5246,9.5246,9.5246,100,0
MXE.US,60,20210205,170000,9.55,9.55,9.55,9.55,105,0
MXE.US,60,20210208,190000,9.5,9.64,9.5,9.64,607,0
MXE.US,60,20210208,210000,9.49,9.5062,9.47,9.4986,5559,0
MXE.US,60,20210208,220000,9.5545,9.62,9.5545,9.62,500,0
MXE.US,60,20210209,160000,9.51,9.51,9.51,9.51,100,0
MXE.US,60,20210209,210000,9.6809,9.6809,9.666,9.666,200,0
MXE.US,60,20210209,220000,9.6,9.73,9.6,9.73,300,0
MXE.US,60,20210210,160000,9.82,9.82,9.82,9.82,100,0
MXE.US,60,20210210,170000,9.87,9.87,9.87,9.87,146,0
MXE.US,60,20210210,220000,9.73,9.77,9.62,9.62,1401,0
MXE.US,60,20210211,160000,9.67,9.67,9.67,9.67,100,0
MXE.US,60,20210211,180000,9.69,9.69,9.69,9.69,406,0
MXE.US,60,20210211,190000,9.69,9.69,9.63,9.63,779,0
MXE.US,60,20210211,200000,9.63,9.63,9.63,9.63,203,0
MXE.US,60,20210211,210000,9.63,9.63,9.63,9.63,412,0
MXE.US,60,20210212,190000,9.6126,9.6126,9.6126,9.6126,300,0
MXE.US,60,20210212,210000,9.6256,9.6256,9.6256,9.6256,723,0
MXE.US,60,20210212,220000,9.65,9.65,9.61,9.61,2022,0
MXE.US,60,20210216,160000,9.81,9.81,9.81,9.81,400,0
MXE.US,60,20210216,180000,9.61,9.61,9.46,9.46,2863,0
MXE.US,60,20210216,220000,9.61,9.61,9.6,9.6,1259,0
MXE.US,60,20210217,160000,9.6,9.6,9.6,9.6,696,0
MXE.US,60,20210217,190000,9.6633,9.6633,9.6633,9.6633,200,0
MXE.US,60,20210217,220000,9.68,9.68,9.68,9.68,100,0
MXE.US,60,20210218,160000,9.63,9.63,9.63,9.63,100,0
MXE.US,60,20210218,170000,9.5684,9.5684,9.52,9.52,300,0
MXE.US,60,20210218,180000,9.54,9.54,9.54,9.54,500,0
MXE.US,60,20210218,190000,9.58,9.58,9.58,9.58,200,0
MXE.US,60,20210218,200000,9.59,9.6,9.565,9.565,3607,0
MXE.US,60,20210218,210000,9.565,9.565,9.565,9.565,100,0
MXE.US,60,20210218,220000,9.56,9.56,9.54,9.54,400,0
MXE.US,60,20210219,180000,9.58,9.58,9.57,9.57,900,0
MXE.US,60,20210219,190000,9.56,9.56,9.56,9.56,100,0
MXE.US,60,20210219,200000,9.5676,9.5676,9.5676,9.5676,100,0
MXE.US,60,20210219,220000,9.56,9.56,9.56,9.56,400,0
MXE.US,60,20210222,180000,9.5,9.5,9.5,9.5,703,0
MXE.US,60,20210222,220000,9.44,9.44,9.42,9.42,200,0
MXE.US,60,20210223,180000,9.5199,9.52,9.5199,9.52,3064,0
MXE.US,60,20210223,190000,9.61,9.61,9.61,9.61,281,0
MXE.US,60,20210224,160000,9.62,9.62,9.62,9.62,240,0
MXE.US,60,20210224,220000,9.66,9.7185,9.64,9.7185,1573,0
MXE.US,60,20210225,160000,9.77,9.77,9.72,9.72,714,0
MXE.US,60,20210225,170000,9.73,9.73,9.72,9.72,1132,0
MXE.US,60,20210225,180000,9.72,9.72,9.72,9.72,837,0
MXE.US,60,20210225,190000,9.6103,9.6103,9.48,9.48,711,0
MXE.US,60,20210225,200000,9.5,9.5,9.5,9.5,231,0
MXE.US,60,20210225,210000,9.45,9.46,9.45,9.46,772,0
MXE.US,60,20210225,220000,9.43,9.43,9.3,9.3,984,0
MXE.US,60,20210226,160000,9.29,9.29,9.29,9.29,531,0
MXE.US,60,20210226,170000,9.48,9.48,9.48,9.48,265,0
MXE.US,60,20210226,180000,9.46,9.46,9.385,9.385,939,0
MXE.US,60,20210226,200000,9.3638,9.3638,9.35,9.35,1269,0
MXE.US,60,20210226,220000,9.37,9.37,9.37,9.37,210,0
MXE.US,60,20210301,170000,9.49,9.49,9.48,9.48,200,0
MXE.US,60,20210301,180000,9.54,9.54,9.54,9.54,200,0
MXE.US,60,20210301,190000,9.54,9.54,9.54,9.54,863,0
MXE.US,60,20210301,210000,9.52,9.52,9.5,9.5099,1100,0
MXE.US,60,20210302,220000,9.65,9.65,9.55,9.55,400,0
MXE.US,60,20210303,160000,9.81,9.81,9.81,9.81,100,0
MXE.US,60,20210303,180000,9.63,9.63,9.5943,9.6,444,0
MXE.US,60,20210303,200000,9.6,9.61,9.55,9.55,2527,0
MXE.US,60,20210303,220000,9.53,9.615,9.53,9.56,2537,0
MXE.US,60,20210304,160000,9.71,9.71,9.71,9.71,100,0
MXE.US,60,20210304,190000,9.71,9.71,9.71,9.71,583,0
MXE.US,60,20210304,200000,9.62,9.62,9.61,9.61,540,0
MXE.US,60,20210304,210000,9.61,9.617,9.48,9.4814,5416,0
MXE.US,60,20210304,220000,9.59,9.59,9.59,9.59,100,0
MXE.US,60,20210305,170000,9.56,9.56,9.47,9.5038,2543,0
MXE.US,60,20210305,180000,9.46,9.46,9.46,9.46,482,0
MXE.US,60,20210305,190000,9.46,9.46,9.46,9.46,157,0
MXE.US,60,20210305,200000,9.46,9.46,9.35,9.3501,1600,0
MXE.US,60,20210305,220000,9.4,9.46,9.4,9.46,913,0
MXE.US,60,20210308,160000,9.352,9.352,9.35,9.35,600,0
MXE.US,60,20210308,170000,9.37,9.37,9.32,9.32,5900,0
MXE.US,60,20210308,180000,9.345,9.37,9.345,9.37,618,0
MXE.US,60,20210308,190000,9.34,9.37,9.33,9.37,3900,0
MXE.US,60,20210308,200000,9.39,9.4182,9.3726,9.4182,860,0
MXE.US,60,20210308,210000,9.385,9.385,9.385,9.385,500,0
MXE.US,60,20210308,220000,9.43,9.43,9.43,9.43,100,0
MXE.US,60,20210309,160000,9.51,9.51,9.51,9.51,283,0
MXE.US,60,20210309,170000,9.55,9.55,9.55,9.55,488,0
MXE.US,60,20210309,190000,9.6,9.6,9.55,9.55,489,0
MXE.US,60,20210309,200000,9.55,9.57,9.55,9.57,800,0
MXE.US,60,20210309,210000,9.56,9.56,9.5599,9.5599,1000,0
MXE.US,60,20210309,220000,9.555,9.57,9.555,9.57,700,0
MXE.US,60,20210310,160000,9.65,9.65,9.65,9.65,100,0
MXE.US,60,20210310,180000,9.7,9.7,9.7,9.7,285,0
MXE.US,60,20210310,190000,9.7122,9.7122,9.7095,9.7095,364,0
MXE.US,60,20210310,200000,9.7059,9.72,9.7,9.7,2300,0
MXE.US,60,20210310,210000,9.705,9.705,9.7,9.7,1100,0
MXE.US,60,20210310,220000,9.71,9.72,9.7,9.72,3117,0
MXE.US,60,20210311,160000,9.82,10.0161,9.82,10.0161,1733,0
MXE.US,60,20210311,170000,9.83,9.84,9.82,9.83,1651,0
MXE.US,60,20210311,180000,9.88,9.88,9.88,9.88,100,0
MXE.US,60,20210311,190000,9.8602,9.88,9.83,9.8614,1000,0
MXE.US,60,20210311,200000,9.8649,9.945,9.84,9.9,1701,0
MXE.US,60,20210311,210000,9.88,9.88,9.88,9.88,700,0
MXE.US,60,20210311,220000,9.89,9.89,9.8899,9.8899,400,0
MXE.US,60,20210312,160000,9.86,9.86,9.86,9.86,1614,0
MXE.US,60,20210312,190000,9.86,9.937,9.86,9.86,8980,0
MXE.US,60,20210312,200000,9.8713,9.88,9.866,9.88,1500,0
MXE.US,60,20210312,210000,9.87,9.8778,9.86,9.87,1000,0
MXE.US,60,20210312,220000,9.87,9.96,9.87,9.95,2700,0
MXE.US,60,20210315,150000,9.88,9.88,9.88,9.88,100,0
MXE.US,60,20210315,160000,9.93,9.93,9.93,9.93,200,0
MXE.US,60,20210315,190000,9.97,9.9779,9.96,9.96,682,0
MXE.US,60,20210315,200000,9.9855,9.99,9.96,9.99,1200,0
MXE.US,60,20210316,150000,9.99,9.99,9.99,9.99,1500,0
MXE.US,60,20210316,160000,9.9936,9.9936,9.9936,9.9936,200,0
MXE.US,60,20210316,180000,9.96,10.02,9.96,10.02,2303,0
MXE.US,60,20210317,190000,10.1,10.1,10.1,10.1,500,0
MXE.US,60,20210317,200000,10.1,10.1,10.0648,10.1,806,0
MXE.US,60,20210317,210000,10.1,10.1,10.1,10.1,100,0
MXE.US,60,20210318,170000,10.1,10.123,9.99,9.99,947,0
MXE.US,60,20210318,190000,10.1,10.1,10.1,10.1,150,0
MXE.US,60,20210318,210000,10.06,10.06,10.06,10.06,2000,0
MXE.US,60,20210319,150000,10.09,10.09,10.09,10.09,100,0
MXE.US,60,20210319,210000,10.07,10.07,10.07,10.07,1242,0
MXE.US,60,20210323,150000,10.07,10.07,9.98,9.98,200,0
MXE.US,60,20210323,160000,10.16,10.17,10.065,10.065,500,0
MXE.US,60,20210323,190000,9.97,9.97,9.97,9.97,100,0
MXE.US,60,20210323,200000,9.95,9.95,9.95,9.95,133,0
MXE.US,60,20210323,210000,10,10,9.92,9.92,300,0
MXE.US,60,20210324,150000,9.93,9.94,9.93,9.93,684,0
MXE.US,60,20210324,200000,9.95,9.95,9.95,9.95,989,0
MXE.US,60,20210324,210000,9.93,9.94,9.93,9.94,501,0
MXE.US,60,20210326,150000,10.08,10.08,10.08,10.08,400,0
MXE.US,60,20210326,160000,10.06,10.06,10.06,10.06,600,0
MXE.US,60,20210326,190000,10.08,10.08,10.08,10.08,100,0
MXE.US,60,20210326,200000,10.09,10.09,10.09,10.09,200,0
MXE.US,60,20210326,210000,10.1,10.1,10.1,10.1,108,0
MXE.US,60,20210329,180000,10.0401,10.0401,10.0401,10.0401,1226,0
MXE.US,60,20210329,210000,10.04,10.0536,10.04,10.0536,850,0
MXE.US,60,20210329,220000,10.07,10.0986,10.04,10.09,1860,0
MXE.US,60,20210330,210000,10.15,10.15,10.1481,10.1481,600,0
MXE.US,60,20210330,220000,10.15,10.15,10.13,10.15,1900,0
MXE.US,60,20210331,160000,10.21,10.21,10.21,10.21,911,0
MXE.US,60,20210331,170000,10.15,10.2,10.15,10.2,600,0
MXE.US,60,20210331,180000,10.2,10.2,10.2,10.2,191,0
MXE.US,60,20210331,220000,10.2,10.2,10.2,10.2,1300,0
MXE.US,60,20210401,160000,10.26,10.27,10.26,10.27,825,0
MXE.US,60,20210401,170000,10.276,10.276,10.276,10.276,500,0
MXE.US,60,20210401,180000,10.29,10.29,10.29,10.29,400,0
MXE.US,60,20210401,210000,10.3299,10.33,10.315,10.315,1500,0
MXE.US,60,20210401,220000,10.33,10.33,10.33,10.33,100,0
MXE.US,60,20210405,160000,10.35,10.35,10.35,10.35,100,0
MXE.US,60,20210405,180000,10.335,10.335,10.335,10.335,150,0
MXE.US,60,20210405,190000,10.32,10.3648,10.32,10.32,3300,0
MXE.US,60,20210405,200000,10.32,10.43,10.32,10.4299,1990,0
MXE.US,60,20210406,160000,10.44,10.44,10.44,10.44,391,0
MXE.US,60,20210406,170000,10.455,10.455,10.455,10.455,300,0
MXE.US,60,20210406,190000,10.48,10.48,10.48,10.48,149,0
MXE.US,60,20210406,210000,10.47,10.47,10.47,10.47,200,0
MXE.US,60,20210406,220000,10.47,10.48,10.449,10.48,3947,0
MXE.US,60,20210407,160000,10.51,10.51,10.51,10.51,200,0
MXE.US,60,20210407,170000,10.62,10.62,10.62,10.62,300,0
MXE.US,60,20210407,180000,10.62,10.62,10.62,10.62,100,0
MXE.US,60,20210407,190000,10.62,10.62,10.62,10.62,200,0
MXE.US,60,20210407,210000,10.6,10.6,10.6,10.6,100,0
MXE.US,60,20210408,160000,10.64,10.64,10.64,10.64,280,0
MXE.US,60,20210408,170000,10.6663,10.6663,10.6663,10.6663,1000,0
MXE.US,60,20210408,200000,10.74,10.74,10.74,10.74,200,0
MXE.US,60,20210408,210000,10.74,10.74,10.74,10.74,300,0
MXE.US,60,20210408,220000,10.74,10.74,10.74,10.74,300,0
MXE.US,60,20210409,160000,10.7,10.7,10.7,10.7,100,0
MXE.US,60,20210409,210000,10.61,10.61,10.61,10.61,100,0
MXE.US,60,20210409,220000,10.612,10.612,10.612,10.612,2860,0
MXE.US,60,20210412,190000,10.6019,10.6019,10.6019,10.6019,148,0
MXE.US,60,20210413,210000,10.6021,10.6021,10.6021,10.6021,214,0
MXE.US,60,20210414,160000,10.61,10.61,10.61,10.61,300,0
MXE.US,60,20210414,180000,10.65,10.65,10.6406,10.6406,1604,0
MXE.US,60,20210415,160000,10.86,10.86,10.86,10.86,200,0
MXE.US,60,20210415,190000,10.89,10.9,10.89,10.9,200,0
MXE.US,60,20210415,210000,10.88,10.9,10.8569,10.9,4000,0
MXE.US,60,20210416,180000,10.8,10.8,10.8,10.8,312,0
MXE.US,60,20210416,200000,10.95,10.95,10.95,10.95,100,0
MXE.US,60,20210416,220000,10.9101,10.99,10.9101,10.99,200,0
MXE.US,60,20210419,160000,11,11,10.9188,10.99,2175,0
MXE.US,60,20210419,170000,10.99,10.99,10.99,10.99,200,0
MXE.US,60,20210419,210000,10.9452,10.9452,10.9452,10.9452,600,0
MXE.US,60,20210419,220000,10.92,10.92,10.92,10.92,758,0
MXE.US,60,20210420,180000,10.79,10.79,10.79,10.79,200,0
MXE.US,60,20210420,190000,10.7888,10.7888,10.7888,10.7888,300,0
MXE.US,60,20210420,210000,10.8668,10.8668,10.8668,10.8668,1000,0
MXE.US,60,20210420,220000,10.95,10.95,10.95,10.95,394,0
MXE.US,60,20210421,200000,10.9672,10.9672,10.96,10.96,2560,0
MXE.US,60,20210421,220000,10.98,11.01,10.98,11,2100,0
MXE.US,60,20210422,200000,11.01,11.01,11.01,11.01,200,0
MXE.US,60,20210426,160000,11.08,11.09,11.08,11.09,300,0
MXE.US,60,20210426,170000,11.183,11.183,11.183,11.183,7254,0
MXE.US,60,20210426,180000,11.11,11.11,11.1,11.1,808,0
MXE.US,60,20210426,210000,11.12,11.13,11.12,11.13,568,0
MXE.US,60,20210426,220000,11.13,11.22,11.13,11.13,5530,0
MXE.US,60,20210427,160000,11.23,11.23,11.23,11.23,200,0
MXE.US,60,20210427,200000,11.1,11.1,11.1,11.1,394,0
MXE.US,60,20210427,210000,11.08,11.19,11.08,11.19,1772,0
MXE.US,60,20210427,220000,11.07,11.1095,11.07,11.1095,1510,0
MXE.US,60,20210428,160000,11.04,11.1,11.04,11.1,998,0
MXE.US,60,20210428,170000,11.11,11.13,11.11,11.13,7000,0
MXE.US,60,20210428,220000,11.1365,11.16,11.09,11.15,29190,0
MXE.US,60,20210429,160000,11.14,11.14,11.14,11.14,440,0
MXE.US,60,20210429,170000,11.2198,11.22,11.2,11.2,18806,0
MXE.US,60,20210429,180000,11.23,11.26,11.202,11.26,3000,0
MXE.US,60,20210429,200000,11.29,11.29,11.23,11.23,646,0
MXE.US,60,20210430,170000,11.15,11.15,11.15,11.15,812,0
MXE.US,60,20210430,180000,11.15,11.15,11.15,11.15,1604,0
MXE.US,60,20210430,210000,11.1771,11.1799,11.17,11.17,1404,0
MXE.US,60,20210430,220000,11.17,11.2,11.17,11.17,3082,0
MXE.US,60,20210503,190000,11.2733,11.2733,11.2733,11.2733,680,0
MXE.US,60,20210504,170000,11.21,11.287,11.21,11.287,400,0
MXE.US,60,20210504,180000,11.29,11.29,11.29,11.29,200,0
MXE.US,60,20210504,200000,11.19,11.19,11.19,11.19,189,0
MXE.US,60,20210504,220000,11.25,11.25,11.19,11.19,200,0
MXE.US,60,20210505,160000,11.28,11.28,11.28,11.28,100,0
MXE.US,60,20210505,210000,11.21,11.21,11.21,11.21,634,0
MXE.US,60,20210505,220000,11.21,11.21,11.21,11.21,100,0
MXE.US,60,20210506,160000,11.2,11.2,11.2,11.2,100,0
MXE.US,60,20210506,190000,11.3,11.3,11.3,11.3,170,0
MXE.US,60,20210506,200000,11.39,11.39,11.39,11.39,500,0
MXE.US,60,20210506,210000,11.535,11.535,11.53,11.53,234,0
MXE.US,60,20210507,160000,11.41,11.41,11.41,11.41,100,0
MXE.US,60,20210507,170000,11.6801,11.7,11.6801,11.7,300,0
MXE.US,60,20210507,180000,11.7,11.7,11.7,11.7,100,0
MXE.US,60,20210507,190000,11.7,11.7,11.62,11.62,25374,0
MXE.US,60,20210507,210000,11.62,11.62,11.6,11.6175,1120,0
MXE.US,60,20210507,220000,11.63,11.72,11.62,11.72,11285,0
MXE.US,60,20210510,160000,11.68,11.68,11.68,11.68,100,0
MXE.US,60,20210510,200000,11.8405,11.845,11.8405,11.845,342,0
MXE.US,60,20210510,220000,11.79,11.79,11.79,11.79,3100,0
MXE.US,60,20210511,160000,11.71,11.71,11.71,11.71,100,0
MXE.US,60,20210511,190000,11.7244,11.7244,11.7244,11.7244,1098,0
MXE.US,60,20210511,210000,11.79,11.79,11.79,11.79,209,0
MXE.US,60,20210512,170000,11.75,11.75,11.75,11.75,4900,0
MXE.US,60,20210512,190000,11.585,11.585,11.585,11.585,470,0
MXE.US,60,20210512,210000,11.54,11.5411,11.54,11.5411,942,0
MXE.US,60,20210512,220000,11.52,11.54,11.52,11.54,570,0
MXE.US,60,20210514,160000,11.48,11.73,11.48,11.71,2203,0
MXE.US,60,20210514,210000,11.74,11.74,11.71,11.73,2456,0
MXE.US,60,20210514,220000,11.74,11.74,11.72,11.73,4867,0
MXE.US,60,20210518,160000,11.88,11.88,11.88,11.88,100,0
MXE.US,60,20210518,170000,11.9,11.9,11.8303,11.8712,4582,0
MXE.US,60,20210518,180000,11.87,11.88,11.87,11.88,204,0
MXE.US,60,20210519,170000,11.7601,11.7601,11.7601,11.7601,2000,0
MXE.US,60,20210519,210000,11.85,11.85,11.85,11.85,802,0
MXE.US,60,20210520,160000,11.91,11.91,11.91,11.91,100,0
MXE.US,60,20210520,210000,11.99,11.99,11.99,11.99,100,0
MXE.US,60,20210521,220000,11.98,11.99,11.87,11.87,2317,0
MXE.US,60,20210524,160000,11.87,11.95,11.87,11.95,200,0
MXE.US,60,20210524,180000,11.81,11.81,11.81,11.81,813,0
MXE.US,60,20210524,220000,11.88,11.88,11.88,11.88,100,0
MXE.US,60,20210525,200000,11.81,11.81,11.8,11.81,2300,0
MXE.US,60,20210525,220000,11.76,11.76,11.76,11.76,200,0
MXE.US,60,20210526,180000,11.7342,11.7342,11.6458,11.6458,1023,0
MXE.US,60,20210527,160000,11.71,11.71,11.71,11.71,100,0
MXE.US,60,20210528,200000,11.98,11.98,11.98,11.98,201,0
MXE.US,60,20210528,210000,11.8973,11.94,11.89,11.94,674,0
MXE.US,60,20210528,220000,11.89,11.89,11.89,11.89,100,0
MXE.US,60,20210601,160000,12,12,12,12,1117,0
MXE.US,60,20210601,210000,12.1064,12.1064,12.1064,12.1064,500,0
MXE.US,60,20210601,220000,12.11,12.11,12.11,12.11,100,0
MXE.US,60,20210602,160000,12.13,12.13,12.13,12.13,100,0
MXE.US,60,20210603,200000,12.12,12.12,12.01,12.043,2956,0
MXE.US,60,20210607,160000,11.92,12.25,11.92,12.25,1658,0
MXE.US,60,20210607,190000,12.29,12.29,12.29,12.29,200,0
MXE.US,60,20210609,200000,12.09,12.18,12.09,12.18,1200,0
MXE.US,60,20210609,210000,12.1,12.1,12.08,12.0817,531,0
MXE.US,60,20210609,220000,12.0812,12.0812,12.0812,12.0812,1465,0
MXE.US,60,20210610,200000,12.31,12.31,12.31,12.31,636,0
MXE.US,60,20210610,220000,12.11,12.11,12.1,12.1,300,0
MXE.US,60,20210611,190000,12.12,12.1214,12.11,12.1214,1418,0
MXE.US,60,20210615,180000,12.1,12.1,12.1,12.1,204,0
MXE.US,60,20210615,190000,12.1,12.1,12.1,12.1,100,0
MXE.US,60,20210616,210000,11.9017,11.9017,11.9017,11.9017,102,0
MXE.US,60,20210617,160000,11.85,11.85,11.85,11.85,200,0
MXE.US,60,20210617,180000,11.85,11.85,11.85,11.85,100,0
MXE.US,60,20210617,190000,11.85,11.85,11.85,11.85,510,0
MXE.US,60,20210617,220000,11.85,11.85,11.85,11.85,100,0
MXE.US,60,20210618,170000,11.59,11.59,11.52,11.59,1142,0
MXE.US,60,20210618,180000,11.52,11.52,11.52,11.52,100,0
MXE.US,60,20210618,190000,11.51,11.524,11.51,11.524,500,0
MXE.US,60,20210618,200000,11.59,11.59,11.59,11.59,693,0
MXE.US,60,20210621,160000,11.64,11.64,11.64,11.64,144,0
MXE.US,60,20210621,190000,11.6328,11.6328,11.6328,11.6328,2500,0
MXE.US,60,20210621,200000,11.89,11.89,11.89,11.89,100,0
MXE.US,60,20210621,220000,11.7,11.7,11.7,11.7,300,0
MXE.US,60,20210622,170000,11.5715,11.5715,11.5715,11.5715,4352,0
MXE.US,60,20210622,190000,11.61,11.61,11.61,11.61,100,0
MXE.US,60,20210622,220000,11.71,11.75,11.71,11.75,491,0
MXE.US,60,20210623,180000,11.81,11.81,11.81,11.81,200,0
MXE.US,60,20210623,220000,11.82,11.82,11.82,11.82,100,0
MXE.US,60,20210624,160000,11.9,11.94,11.9,11.94,200,0
MXE.US,60,20210624,210000,12.05,12.05,12.05,12.05,100,0
MXE.US,60,20210624,220000,12.05,12.05,12.05,12.05,400,0
MXE.US,60,20210625,160000,12.3,12.3,12.15,12.19,823,0
MXE.US,60,20210625,180000,12.16,12.16,12.16,12.16,200,0
MXE.US,60,20210625,210000,12.15,12.15,12.15,12.15,204,0
MXE.US,60,20210625,220000,12.15,12.15,12.15,12.15,100,0
MXE.US,60,20210628,180000,12.2373,12.2373,12.2373,12.2373,294,0
MXE.US,60,20210629,160000,12.06,12.06,12.06,12.06,100,0
MXE.US,60,20210629,220000,12.12,12.12,12.12,12.12,100,0
MXE.US,60,20210630,160000,12.39,12.39,12.39,12.39,100,0
MXE.US,60,20210630,170000,12.28,12.28,12.28,12.28,942,0
MXE.US,60,20210630,180000,12.04,12.04,12.03,12.03,514,0
MXE.US,60,20210630,190000,12.04,12.04,12.04,12.04,191,0
MXE.US,60,20210630,200000,12.04,12.04,12.04,12.04,100,0
MXE.US,60,20210630,220000,12.04,12.04,12.03,12.03,500,0
MXE.US,60,20210701,170000,12.03,12.03,12.03,12.03,200,0
MXE.US,60,20210701,220000,12.12,12.12,12.12,12.12,537,0
MXE.US,60,20210706,170000,12.085,12.47,12.05,12.08,4593,0
MXE.US,60,20210706,220000,12.05,12.06,12.03,12.06,400,0
MXE.US,60,20210707,160000,12.16,12.16,12.16,12.16,100,0
MXE.US,60,20210709,220000,12.15,12.15,12.15,12.15,100,0
