<TICKER>,<PER>,<DATE>,<TIME>,<OPEN>,<HIGH>,<LOW>,<CLOSE>,<VOL>,<OPENINT>
NUV.US,60,20200914,160000,10.511,10.541,10.46,10.541,20674,0
NUV.US,60,20200914,170000,10.536,10.551,10.531,10.531,41137,0
NUV.US,60,20200914,180000,10.531,10.536,10.473,10.477,96199,0
NUV.US,60,20200914,190000,10.473,10.473,10.444,10.447,58092,0
NUV.US,60,20200914,200000,10.454,10.454,10.434,10.434,29161,0
NUV.US,60,20200914,210000,10.434,10.454,10.434,10.451,17228,0
NUV.US,60,20200914,220000,10.449,10.473,10.449,10.473,40614,0
NUV.US,60,20200915,160000,10.473,10.473,10.444,10.463,8719,0
NUV.US,60,20200915,170000,10.459,10.463,10.444,10.454,22720,0
NUV.US,60,20200915,180000,10.458,10.473,10.454,10.458,35945,0
NUV.US,60,20200915,190000,10.455,10.458,10.434,10.444,17190,0
NUV.US,60,20200915,200000,10.447,10.449,10.424,10.424,36638,0
NUV.US,60,20200915,210000,10.434,10.444,10.424,10.435,26120,0
NUV.US,60,20200915,220000,10.442,10.442,10.384,10.404,47137,0
NUV.US,60,20200916,160000,10.424,10.424,10.374,10.416,8247,0
NUV.US,60,20200916,170000,10.424,10.442,10.424,10.434,27511,0
NUV.US,60,20200916,180000,10.441,10.444,10.424,10.444,29528,0
NUV.US,60,20200916,190000,10.444,10.454,10.434,10.434,14191,0
NUV.US,60,20200916,200000,10.439,10.444,10.394,10.424,39581,0
NUV.US,60,20200916,210000,10.424,10.434,10.414,10.414,20896,0
NUV.US,60,20200916,220000,10.415,10.454,10.404,10.454,63920,0
NUV.US,60,20200917,160000,10.463,10.463,10.441,10.441,9446,0
NUV.US,60,20200917,170000,10.424,10.444,10.414,10.434,19384,0
NUV.US,60,20200917,180000,10.444,10.453,10.434,10.444,30399,0
NUV.US,60,20200917,190000,10.445,10.458,10.434,10.434,76292,0
NUV.US,60,20200917,200000,10.434,10.452,10.434,10.434,5610,0
NUV.US,60,20200917,210000,10.434,10.447,10.434,10.434,6627,0
NUV.US,60,20200917,220000,10.434,10.502,10.434,10.502,62220,0
NUV.US,60,20200918,160000,10.502,10.502,10.446,10.446,13470,0
NUV.US,60,20200918,170000,10.468,10.492,10.463,10.464,15494,0
NUV.US,60,20200918,180000,10.463,10.482,10.454,10.463,30188,0
NUV.US,60,20200918,190000,10.458,10.458,10.444,10.444,28474,0
NUV.US,60,20200918,200000,10.434,10.482,10.424,10.476,56073,0
NUV.US,60,20200918,210000,10.478,10.482,10.463,10.473,9623,0
NUV.US,60,20200918,220000,10.458,10.47,10.429,10.444,26721,0
NUV.US,60,20200921,160000,10.414,10.424,10.404,10.407,28055,0
NUV.US,60,20200921,170000,10.414,10.419,10.384,10.396,10751,0
NUV.US,60,20200921,180000,10.384,10.41,10.374,10.41,43986,0
NUV.US,60,20200921,190000,10.414,10.424,10.404,10.414,28760,0
NUV.US,60,20200921,200000,10.404,10.424,10.404,10.419,38351,0
NUV.US,60,20200921,210000,10.424,10.439,10.394,10.429,38664,0
NUV.US,60,20200921,220000,10.434,10.444,10.414,10.444,51948,0
NUV.US,60,20200922,160000,10.454,10.454,10.434,10.444,11456,0
NUV.US,60,20200922,170000,10.434,10.443,10.424,10.424,16192,0
NUV.US,60,20200922,180000,10.424,10.434,10.414,10.419,32613,0
NUV.US,60,20200922,190000,10.424,10.434,10.404,10.404,44849,0
NUV.US,60,20200922,200000,10.404,10.423,10.404,10.414,24462,0
NUV.US,60,20200922,210000,10.414,10.419,10.384,10.399,57639,0
NUV.US,60,20200922,220000,10.394,10.444,10.385,10.444,76475,0
NUV.US,60,20200923,160000,10.404,10.434,10.398,10.404,20480,0
NUV.US,60,20200923,170000,10.398,10.405,10.374,10.374,55038,0
NUV.US,60,20200923,180000,10.374,10.384,10.374,10.379,34268,0
NUV.US,60,20200923,190000,10.379,10.444,10.379,10.424,136824,0
NUV.US,60,20200923,200000,10.415,10.454,10.415,10.454,32698,0
NUV.US,60,20200923,210000,10.449,10.521,10.449,10.468,111547,0
NUV.US,60,20200923,220000,10.468,10.482,10.424,10.444,62168,0
NUV.US,60,20200924,160000,10.354,10.404,10.354,10.394,25876,0
NUV.US,60,20200924,170000,10.404,10.429,10.404,10.419,19438,0
NUV.US,60,20200924,180000,10.419,10.424,10.389,10.413,130597,0
NUV.US,60,20200924,190000,10.414,10.424,10.404,10.42,33341,0
NUV.US,60,20200924,200000,10.419,10.449,10.414,10.444,25473,0
NUV.US,60,20200924,210000,10.449,10.449,10.404,10.404,24046,0
NUV.US,60,20200924,220000,10.394,10.414,10.384,10.404,44680,0
NUV.US,60,20200925,160000,10.414,10.414,10.374,10.384,22437,0
NUV.US,60,20200925,170000,10.384,10.394,10.384,10.384,30273,0
NUV.US,60,20200925,180000,10.384,10.404,10.364,10.374,35144,0
NUV.US,60,20200925,190000,10.378,10.384,10.374,10.374,22285,0
NUV.US,60,20200925,200000,10.379,10.384,10.374,10.384,20848,0
NUV.US,60,20200925,210000,10.384,10.4,10.384,10.384,25521,0
NUV.US,60,20200925,220000,10.384,10.394,10.334,10.384,110760,0
NUV.US,60,20200928,160000,10.404,10.404,10.384,10.384,7439,0
NUV.US,60,20200928,170000,10.384,10.404,10.384,10.404,27979,0
NUV.US,60,20200928,180000,10.401,10.444,10.384,10.433,44033,0
NUV.US,60,20200928,190000,10.424,10.424,10.384,10.384,14169,0
NUV.US,60,20200928,200000,10.394,10.41,10.374,10.374,35495,0
NUV.US,60,20200928,210000,10.374,10.384,10.364,10.374,26268,0
NUV.US,60,20200928,220000,10.364,10.404,10.359,10.404,45444,0
NUV.US,60,20200929,160000,10.434,10.492,10.424,10.424,60693,0
NUV.US,60,20200929,170000,10.434,10.454,10.424,10.434,34127,0
NUV.US,60,20200929,180000,10.438,10.482,10.434,10.449,58108,0
NUV.US,60,20200929,190000,10.449,10.449,10.434,10.439,13007,0
NUV.US,60,20200929,200000,10.439,10.449,10.434,10.449,4823,0
NUV.US,60,20200929,210000,10.449,10.453,10.444,10.444,27149,0
NUV.US,60,20200929,220000,10.444,10.463,10.444,10.463,25137,0
NUV.US,60,20200930,160000,10.463,10.463,10.444,10.463,5862,0
NUV.US,60,20200930,170000,10.463,10.463,10.454,10.454,9583,0
NUV.US,60,20200930,180000,10.454,10.462,10.444,10.444,76603,0
NUV.US,60,20200930,190000,10.449,10.458,10.444,10.449,19386,0
NUV.US,60,20200930,200000,10.444,10.463,10.444,10.449,36390,0
NUV.US,60,20200930,210000,10.451,10.454,10.429,10.449,55754,0
NUV.US,60,20200930,220000,10.449,10.482,10.444,10.482,132370,0
NUV.US,60,20201001,160000,10.502,10.502,10.444,10.463,34245,0
NUV.US,60,20201001,170000,10.463,10.482,10.463,10.482,41353,0
NUV.US,60,20201001,180000,10.482,10.506,10.482,10.482,31144,0
NUV.US,60,20201001,190000,10.487,10.502,10.487,10.492,20660,0
NUV.US,60,20201001,200000,10.483,10.492,10.474,10.481,18211,0
NUV.US,60,20201001,210000,10.478,10.478,10.454,10.458,20940,0
NUV.US,60,20201001,220000,10.459,10.492,10.444,10.492,31147,0
NUV.US,60,20201002,160000,10.482,10.511,10.482,10.502,25600,0
NUV.US,60,20201002,170000,10.502,10.531,10.502,10.516,36896,0
NUV.US,60,20201002,180000,10.511,10.531,10.473,10.516,59450,0
NUV.US,60,20201002,190000,10.518,10.527,10.493,10.517,14265,0
NUV.US,60,20201002,200000,10.521,10.531,10.511,10.511,18867,0
NUV.US,60,20201002,210000,10.516,10.516,10.499,10.506,26160,0
NUV.US,60,20201002,220000,10.506,10.521,10.482,10.521,36258,0
NUV.US,60,20201005,160000,10.482,10.502,10.473,10.478,39346,0
NUV.US,60,20201005,170000,10.48,10.492,10.463,10.492,15639,0
NUV.US,60,20201005,180000,10.492,10.511,10.488,10.511,67588,0
NUV.US,60,20201005,190000,10.506,10.506,10.463,10.468,34785,0
NUV.US,60,20201005,200000,10.473,10.473,10.463,10.463,26766,0
NUV.US,60,20201005,210000,10.466,10.473,10.444,10.463,46735,0
NUV.US,60,20201005,220000,10.458,10.463,10.454,10.463,31495,0
NUV.US,60,20201006,160000,10.463,10.473,10.434,10.434,39272,0
NUV.US,60,20201006,170000,10.444,10.482,10.434,10.482,25162,0
NUV.US,60,20201006,180000,10.482,10.502,10.482,10.502,27504,0
NUV.US,60,20201006,190000,10.502,10.502,10.479,10.492,7599,0
NUV.US,60,20201006,200000,10.484,10.501,10.482,10.482,9489,0
NUV.US,60,20201006,210000,10.482,10.531,10.482,10.492,36718,0
NUV.US,60,20201006,220000,10.495,10.541,10.492,10.511,44093,0
NUV.US,60,20201007,160000,10.502,10.504,10.502,10.504,406,0
NUV.US,60,20201007,170000,10.511,10.571,10.511,10.571,42076,0
NUV.US,60,20201007,180000,10.556,10.561,10.542,10.552,18705,0
NUV.US,60,20201007,190000,10.541,10.56,10.531,10.531,13785,0
NUV.US,60,20201007,200000,10.535,10.551,10.531,10.536,6643,0
NUV.US,60,20201007,210000,10.536,10.551,10.536,10.541,27209,0
NUV.US,60,20201007,220000,10.551,10.561,10.531,10.561,82314,0
NUV.US,60,20201008,160000,10.571,10.571,10.531,10.556,38034,0
NUV.US,60,20201008,170000,10.561,10.561,10.531,10.559,19288,0
NUV.US,60,20201008,180000,10.56,10.561,10.531,10.531,30416,0
NUV.US,60,20201008,190000,10.534,10.555,10.527,10.551,21557,0
NUV.US,60,20201008,200000,10.541,10.551,10.533,10.541,32947,0
NUV.US,60,20201008,210000,10.54,10.542,10.531,10.541,6888,0
NUV.US,60,20201008,220000,10.546,10.553,10.531,10.551,24025,0
NUV.US,60,20201009,160000,10.551,10.551,10.521,10.531,20179,0
NUV.US,60,20201009,170000,10.531,10.541,10.529,10.541,18820,0
NUV.US,60,20201009,180000,10.531,10.581,10.531,10.571,83654,0
NUV.US,60,20201009,190000,10.571,10.59,10.556,10.59,91296,0
NUV.US,60,20201009,200000,10.59,10.637,10.59,10.619,60074,0
NUV.US,60,20201009,210000,10.639,10.658,10.619,10.639,29855,0
NUV.US,60,20201009,220000,10.629,10.668,10.6,10.639,126395,0
NUV.US,60,20201012,160000,10.698,10.698,10.663,10.676,42590,0
NUV.US,60,20201012,170000,10.668,10.668,10.649,10.656,24087,0
NUV.US,60,20201012,180000,10.668,10.698,10.649,10.668,30976,0
NUV.US,60,20201012,190000,10.688,10.698,10.658,10.664,18979,0
NUV.US,60,20201012,200000,10.668,10.67,10.658,10.668,34384,0
NUV.US,60,20201012,210000,10.673,10.673,10.629,10.629,107353,0
NUV.US,60,20201012,220000,10.629,10.658,10.629,10.658,36179,0
NUV.US,60,20201013,160000,10.639,10.668,10.639,10.649,25287,0
NUV.US,60,20201013,170000,10.649,10.658,10.649,10.649,11075,0
NUV.US,60,20201013,180000,10.649,10.668,10.649,10.663,26251,0
NUV.US,60,20201013,190000,10.659,10.666,10.644,10.658,8082,0
NUV.US,60,20201013,200000,10.653,10.663,10.639,10.649,35843,0
NUV.US,60,20201013,210000,10.649,10.678,10.649,10.658,24253,0
NUV.US,60,20201013,220000,10.662,10.678,10.629,10.649,65648,0
NUV.US,60,20201014,160000,10.669,10.669,10.64,10.64,32650,0
NUV.US,60,20201014,170000,10.65,10.659,10.63,10.654,18892,0
NUV.US,60,20201014,180000,10.659,10.659,10.65,10.65,11389,0
NUV.US,60,20201014,190000,10.655,10.669,10.64,10.65,24990,0
NUV.US,60,20201014,200000,10.64,10.644,10.63,10.64,15099,0
NUV.US,60,20201014,210000,10.64,10.659,10.64,10.64,27653,0
NUV.US,60,20201014,220000,10.64,10.659,10.635,10.65,34776,0
NUV.US,60,20201015,160000,10.63,10.661,10.63,10.65,16120,0
NUV.US,60,20201015,170000,10.654,10.657,10.603,10.603,25902,0
NUV.US,60,20201015,180000,10.611,10.63,10.611,10.625,66577,0
NUV.US,60,20201015,190000,10.621,10.63,10.611,10.615,21867,0
NUV.US,60,20201015,200000,10.62,10.63,10.62,10.628,11847,0
NUV.US,60,20201015,210000,10.623,10.63,10.615,10.615,6220,0
NUV.US,60,20201015,220000,10.611,10.64,10.611,10.63,43298,0
NUV.US,60,20201016,160000,10.65,10.65,10.62,10.63,20568,0
NUV.US,60,20201016,170000,10.64,10.669,10.631,10.654,46661,0
NUV.US,60,20201016,180000,10.645,10.659,10.63,10.645,17440,0
NUV.US,60,20201016,190000,10.65,10.65,10.638,10.64,10831,0
NUV.US,60,20201016,200000,10.65,10.684,10.645,10.68,31442,0
NUV.US,60,20201016,210000,10.683,10.699,10.659,10.679,38902,0
NUV.US,60,20201016,220000,10.679,10.679,10.65,10.669,36561,0
NUV.US,60,20201019,160000,10.679,10.689,10.679,10.684,26903,0
NUV.US,60,20201019,170000,10.689,10.699,10.679,10.699,57060,0
NUV.US,60,20201019,180000,10.699,10.729,10.695,10.702,61454,0
NUV.US,60,20201019,190000,10.704,10.719,10.699,10.699,63491,0
NUV.US,60,20201019,200000,10.699,10.704,10.689,10.694,15207,0
NUV.US,60,20201019,210000,10.694,10.699,10.679,10.689,52091,0
NUV.US,60,20201019,220000,10.684,10.699,10.679,10.689,72703,0
NUV.US,60,20201020,160000,10.709,10.729,10.689,10.7,28536,0
NUV.US,60,20201020,170000,10.716,10.729,10.713,10.723,22707,0
NUV.US,60,20201020,180000,10.727,10.759,10.719,10.754,41555,0
NUV.US,60,20201020,190000,10.754,10.788,10.754,10.786,59534,0
NUV.US,60,20201020,200000,10.779,10.818,10.779,10.784,71601,0
NUV.US,60,20201020,210000,10.782,10.818,10.779,10.797,88751,0
NUV.US,60,20201020,220000,10.799,10.858,10.789,10.858,154183,0
NUV.US,60,20201021,160000,10.838,10.848,10.818,10.838,16411,0
NUV.US,60,20201021,170000,10.838,10.838,10.779,10.789,59529,0
NUV.US,60,20201021,180000,10.779,10.784,10.769,10.769,14664,0
NUV.US,60,20201021,190000,10.774,10.789,10.759,10.783,23041,0
NUV.US,60,20201021,200000,10.789,10.809,10.789,10.803,28912,0
NUV.US,60,20201021,210000,10.799,10.809,10.749,10.749,101154,0
NUV.US,60,20201021,220000,10.755,10.769,10.749,10.749,65046,0
NUV.US,60,20201022,160000,10.769,10.769,10.729,10.729,23058,0
NUV.US,60,20201022,170000,10.729,10.739,10.709,10.719,8710,0
NUV.US,60,20201022,180000,10.719,10.744,10.709,10.709,22830,0
NUV.US,60,20201022,190000,10.709,10.729,10.699,10.719,36922,0
NUV.US,60,20201022,200000,10.724,10.738,10.719,10.719,14245,0
NUV.US,60,20201022,210000,10.719,10.736,10.719,10.719,18553,0
NUV.US,60,20201022,220000,10.719,10.729,10.709,10.709,28453,0
NUV.US,60,20201023,160000,10.699,10.719,10.699,10.717,21768,0
NUV.US,60,20201023,170000,10.709,10.719,10.699,10.719,34803,0
NUV.US,60,20201023,180000,10.709,10.729,10.699,10.719,34828,0
NUV.US,60,20201023,190000,10.71,10.729,10.709,10.728,23544,0
NUV.US,60,20201023,200000,10.726,10.728,10.72,10.72,2233,0
NUV.US,60,20201023,210000,10.729,10.739,10.729,10.736,12342,0
NUV.US,60,20201023,220000,10.739,10.779,10.734,10.779,57392,0
NUV.US,60,20201026,150000,10.779,10.779,10.739,10.764,42359,0
NUV.US,60,20201026,160000,10.759,10.769,10.729,10.729,30057,0
NUV.US,60,20201026,170000,10.736,10.739,10.729,10.729,23680,0
NUV.US,60,20201026,180000,10.733,10.733,10.679,10.679,33448,0
NUV.US,60,20201026,190000,10.699,10.699,10.65,10.669,29830,0
NUV.US,60,20201026,200000,10.669,10.669,10.64,10.658,48019,0
NUV.US,60,20201026,210000,10.66,10.66,10.63,10.63,57955,0
NUV.US,60,20201027,150000,10.659,10.669,10.64,10.64,8529,0
NUV.US,60,20201027,160000,10.64,10.659,10.611,10.611,48088,0
NUV.US,60,20201027,170000,10.615,10.65,10.601,10.65,72386,0
NUV.US,60,20201027,180000,10.656,10.656,10.63,10.635,28571,0
NUV.US,60,20201027,190000,10.63,10.63,10.582,10.587,48648,0
NUV.US,60,20201027,200000,10.582,10.65,10.582,10.591,46187,0
NUV.US,60,20201027,210000,10.601,10.601,10.582,10.591,58077,0
NUV.US,60,20201028,150000,10.562,10.572,10.512,10.512,92196,0
NUV.US,60,20201028,160000,10.512,10.522,10.512,10.512,16034,0
NUV.US,60,20201028,170000,10.517,10.538,10.512,10.532,63958,0
NUV.US,60,20201028,180000,10.532,10.542,10.532,10.532,25720,0
NUV.US,60,20201028,190000,10.532,10.542,10.532,10.532,84750,0
NUV.US,60,20201028,200000,10.541,10.611,10.532,10.611,112577,0
NUV.US,60,20201028,210000,10.601,10.63,10.601,10.625,111441,0
NUV.US,60,20201029,150000,10.64,10.64,10.582,10.582,51204,0
NUV.US,60,20201029,160000,10.591,10.596,10.562,10.595,36756,0
NUV.US,60,20201029,170000,10.6,10.63,10.582,10.591,28362,0
NUV.US,60,20201029,180000,10.585,10.611,10.582,10.591,33882,0
NUV.US,60,20201029,190000,10.596,10.64,10.582,10.62,54830,0
NUV.US,60,20201029,200000,10.63,10.64,10.611,10.64,27133,0
NUV.US,60,20201029,210000,10.635,10.64,10.63,10.64,20065,0
NUV.US,60,20201030,150000,10.63,10.63,10.591,10.591,7724,0
NUV.US,60,20201030,160000,10.591,10.61,10.591,10.601,10040,0
NUV.US,60,20201030,170000,10.601,10.62,10.601,10.62,3215,0
NUV.US,60,20201030,180000,10.611,10.659,10.611,10.65,24727,0
NUV.US,60,20201030,190000,10.642,10.647,10.62,10.63,13117,0
NUV.US,60,20201030,200000,10.63,10.63,10.611,10.62,27287,0
NUV.US,60,20201030,210000,10.634,10.659,10.634,10.659,32194,0
NUV.US,60,20201102,160000,10.689,10.729,10.679,10.684,25132,0
NUV.US,60,20201102,170000,10.687,10.719,10.669,10.699,40948,0
NUV.US,60,20201102,180000,10.709,10.719,10.679,10.699,27441,0
NUV.US,60,20201102,190000,10.689,10.719,10.689,10.704,31194,0
NUV.US,60,20201102,200000,10.699,10.709,10.69,10.699,4128,0
NUV.US,60,20201102,210000,10.699,10.709,10.689,10.698,15983,0
NUV.US,60,20201102,220000,10.691,10.709,10.689,10.709,17910,0
NUV.US,60,20201103,160000,10.739,10.739,10.699,10.699,11999,0
NUV.US,60,20201103,170000,10.709,10.729,10.689,10.719,36851,0
NUV.US,60,20201103,180000,10.719,10.719,10.695,10.706,11987,0
NUV.US,60,20201103,190000,10.704,10.717,10.703,10.709,5528,0
NUV.US,60,20201103,200000,10.709,10.739,10.709,10.731,8390,0
NUV.US,60,20201103,210000,10.73,10.739,10.719,10.719,38597,0
NUV.US,60,20201103,220000,10.719,10.723,10.699,10.719,17577,0
NUV.US,60,20201104,160000,10.739,10.789,10.739,10.745,15709,0
NUV.US,60,20201104,170000,10.756,10.781,10.756,10.781,8772,0
NUV.US,60,20201104,180000,10.781,10.789,10.769,10.769,28726,0
NUV.US,60,20201104,190000,10.769,10.778,10.729,10.735,23150,0
NUV.US,60,20201104,200000,10.739,10.749,10.724,10.739,23840,0
NUV.US,60,20201104,210000,10.745,10.748,10.729,10.729,24321,0
NUV.US,60,20201104,220000,10.729,10.739,10.719,10.739,29319,0
NUV.US,60,20201105,160000,10.759,10.799,10.733,10.799,16668,0
NUV.US,60,20201105,170000,10.799,10.828,10.779,10.815,75378,0
NUV.US,60,20201105,180000,10.816,10.818,10.789,10.814,39475,0
NUV.US,60,20201105,190000,10.813,10.813,10.779,10.784,22032,0
NUV.US,60,20201105,200000,10.799,10.799,10.799,10.799,850,0
NUV.US,60,20201105,210000,10.799,10.818,10.799,10.812,16861,0
NUV.US,60,20201105,220000,10.813,10.813,10.769,10.779,52394,0
NUV.US,60,20201106,160000,10.769,10.809,10.769,10.779,11740,0
NUV.US,60,20201106,170000,10.775,10.775,10.759,10.759,31146,0
NUV.US,60,20201106,180000,10.764,10.797,10.749,10.797,23832,0
NUV.US,60,20201106,190000,10.793,10.796,10.789,10.794,5476,0
NUV.US,60,20201106,200000,10.799,10.809,10.789,10.798,13671,0
NUV.US,60,20201106,210000,10.796,10.799,10.794,10.799,10284,0
NUV.US,60,20201106,220000,10.789,10.809,10.789,10.809,38277,0
NUV.US,60,20201109,160000,10.822,10.822,10.817,10.818,10425,0
NUV.US,60,20201109,170000,10.823,10.838,10.799,10.809,25824,0
NUV.US,60,20201109,180000,10.813,10.813,10.759,10.775,63710,0
NUV.US,60,20201109,190000,10.769,10.779,10.769,10.778,12859,0
NUV.US,60,20201109,200000,10.771,10.789,10.759,10.774,40560,0
NUV.US,60,20201109,210000,10.772,10.789,10.767,10.779,51558,0
NUV.US,60,20201109,220000,10.779,10.809,10.759,10.789,105001,0
NUV.US,60,20201110,160000,10.799,10.806,10.759,10.759,14344,0
NUV.US,60,20201110,170000,10.764,10.764,10.749,10.759,37052,0
NUV.US,60,20201110,180000,10.749,10.775,10.739,10.775,44536,0
NUV.US,60,20201110,190000,10.766,10.789,10.759,10.759,23146,0
NUV.US,60,20201110,200000,10.759,10.779,10.749,10.779,4032,0
NUV.US,60,20201110,210000,10.769,10.789,10.759,10.759,15312,0
NUV.US,60,20201110,220000,10.764,10.779,10.759,10.769,29676,0
NUV.US,60,20201111,160000,10.759,10.766,10.759,10.759,18701,0
NUV.US,60,20201111,170000,10.764,10.809,10.759,10.782,48493,0
NUV.US,60,20201111,180000,10.805,10.806,10.759,10.779,26800,0
NUV.US,60,20201111,190000,10.779,10.779,10.759,10.759,11468,0
NUV.US,60,20201111,200000,10.764,10.769,10.749,10.759,37866,0
NUV.US,60,20201111,210000,10.759,10.779,10.759,10.769,5525,0
NUV.US,60,20201111,220000,10.779,10.789,10.759,10.789,36496,0
NUV.US,60,20201112,160000,10.76,10.78,10.76,10.78,15191,0
NUV.US,60,20201112,170000,10.784,10.792,10.78,10.792,16023,0
NUV.US,60,20201112,180000,10.78,10.8,10.78,10.78,6941,0
NUV.US,60,20201112,190000,10.79,10.79,10.77,10.77,49658,0
NUV.US,60,20201112,200000,10.777,10.78,10.765,10.775,24996,0
NUV.US,60,20201112,210000,10.78,10.81,10.78,10.78,28252,0
NUV.US,60,20201112,220000,10.78,10.8,10.78,10.79,22518,0
NUV.US,60,20201113,160000,10.81,10.81,10.79,10.8,8661,0
NUV.US,60,20201113,170000,10.797,10.798,10.79,10.798,5597,0
NUV.US,60,20201113,180000,10.795,10.8,10.79,10.796,9788,0
NUV.US,60,20201113,190000,10.79,10.8,10.79,10.8,18673,0
NUV.US,60,20201113,200000,10.8,10.829,10.791,10.829,37389,0
NUV.US,60,20201113,210000,10.829,10.839,10.8,10.8,36414,0
NUV.US,60,20201113,220000,10.807,10.839,10.8,10.839,25843,0
NUV.US,60,20201116,160000,10.829,10.829,10.81,10.81,10958,0
NUV.US,60,20201116,170000,10.81,10.819,10.8,10.814,27671,0
NUV.US,60,20201116,180000,10.814,10.839,10.81,10.833,28779,0
NUV.US,60,20201116,190000,10.834,10.839,10.8,10.81,28360,0
NUV.US,60,20201116,200000,10.81,10.819,10.79,10.81,56740,0
NUV.US,60,20201116,210000,10.811,10.819,10.8,10.819,22583,0
NUV.US,60,20201116,220000,10.819,10.829,10.78,10.819,70216,0
NUV.US,60,20201117,160000,10.8,10.829,10.8,10.829,18946,0
NUV.US,60,20201117,170000,10.829,10.839,10.81,10.81,47187,0
NUV.US,60,20201117,180000,10.81,10.823,10.795,10.8,32836,0
NUV.US,60,20201117,190000,10.806,10.819,10.805,10.813,21857,0
NUV.US,60,20201117,200000,10.829,10.829,10.79,10.824,51643,0
NUV.US,60,20201117,210000,10.829,10.86,10.824,10.86,38509,0
NUV.US,60,20201117,220000,10.859,10.878,10.829,10.829,42163,0
NUV.US,60,20201118,160000,10.829,10.838,10.815,10.828,10257,0
NUV.US,60,20201118,170000,10.814,10.849,10.814,10.849,18765,0
NUV.US,60,20201118,180000,10.854,10.868,10.849,10.863,12205,0
NUV.US,60,20201118,190000,10.868,10.875,10.859,10.867,20593,0
NUV.US,60,20201118,200000,10.863,10.868,10.81,10.814,45236,0
NUV.US,60,20201118,210000,10.814,10.819,10.8,10.81,38169,0
NUV.US,60,20201118,220000,10.8,10.819,10.78,10.79,85692,0
NUV.US,60,20201119,160000,10.81,10.819,10.79,10.81,11445,0
NUV.US,60,20201119,170000,10.819,10.829,10.8,10.8,16878,0
NUV.US,60,20201119,180000,10.806,10.819,10.79,10.8,43402,0
NUV.US,60,20201119,190000,10.8,10.81,10.795,10.795,20672,0
NUV.US,60,20201119,200000,10.795,10.81,10.755,10.755,43921,0
NUV.US,60,20201119,210000,10.759,10.76,10.73,10.745,46343,0
NUV.US,60,20201119,220000,10.743,10.78,10.74,10.78,69459,0
NUV.US,60,20201120,160000,10.78,10.8,10.777,10.79,32113,0
NUV.US,60,20201120,170000,10.79,10.81,10.78,10.8,27626,0
NUV.US,60,20201120,180000,10.8,10.819,10.8,10.81,48789,0
NUV.US,60,20201120,190000,10.811,10.82,10.81,10.812,32779,0
NUV.US,60,20201120,200000,10.819,10.839,10.79,10.8,32095,0
NUV.US,60,20201120,210000,10.8,10.8,10.78,10.789,49277,0
NUV.US,60,20201120,220000,10.787,10.81,10.78,10.81,47702,0
NUV.US,60,20201123,160000,10.81,10.818,10.81,10.818,9361,0
NUV.US,60,20201123,170000,10.829,10.829,10.8,10.829,16567,0
NUV.US,60,20201123,180000,10.833,10.833,10.8,10.81,14081,0
NUV.US,60,20201123,190000,10.81,10.819,10.79,10.805,43397,0
NUV.US,60,20201123,200000,10.81,10.814,10.804,10.814,12570,0
NUV.US,60,20201123,210000,10.817,10.829,10.814,10.824,22521,0
NUV.US,60,20201123,220000,10.819,10.839,10.814,10.839,41292,0
NUV.US,60,20201124,160000,10.859,10.859,10.844,10.859,21420,0
NUV.US,60,20201124,170000,10.857,10.859,10.849,10.854,20768,0
NUV.US,60,20201124,180000,10.849,10.859,10.849,10.854,29608,0
NUV.US,60,20201124,190000,10.859,10.859,10.839,10.859,43931,0
NUV.US,60,20201124,200000,10.849,10.868,10.849,10.863,38432,0
NUV.US,60,20201124,210000,10.863,10.868,10.849,10.854,23402,0
NUV.US,60,20201124,220000,10.854,10.868,10.849,10.859,34258,0
NUV.US,60,20201125,160000,10.849,10.859,10.839,10.859,35443,0
NUV.US,60,20201125,170000,10.859,10.878,10.856,10.868,17595,0
NUV.US,60,20201125,180000,10.878,10.884,10.868,10.873,29305,0
NUV.US,60,20201125,190000,10.878,10.878,10.868,10.878,13856,0
NUV.US,60,20201125,200000,10.873,10.888,10.873,10.883,16327,0
NUV.US,60,20201125,210000,10.883,10.908,10.878,10.907,36699,0
NUV.US,60,20201125,220000,10.903,10.938,10.9,10.938,34771,0
NUV.US,60,20201127,160000,10.938,10.997,10.938,10.997,24969,0
NUV.US,60,20201127,170000,10.997,11.056,10.987,11.056,22765,0
NUV.US,60,20201127,180000,11.056,11.056,11.026,11.036,30772,0
NUV.US,60,20201127,190000,11.027,11.046,11.016,11.026,41997,0
NUV.US,60,20201127,200000,11.016,11.016,11.016,11.016,304,0
NUV.US,60,20201130,160000,11.026,11.046,11.006,11.006,12098,0
NUV.US,60,20201130,170000,11.021,11.046,11.006,11.032,28507,0
NUV.US,60,20201130,180000,11.036,11.036,11.006,11.006,28982,0
NUV.US,60,20201130,190000,11.006,11.006,10.977,10.986,27354,0
NUV.US,60,20201130,200000,10.977,11.006,10.977,10.982,6769,0
NUV.US,60,20201130,210000,10.987,10.987,10.958,10.972,51584,0
NUV.US,60,20201130,220000,10.977,10.997,10.969,10.997,35915,0
NUV.US,60,20201201,160000,11.046,11.056,11.016,11.021,33850,0
NUV.US,60,20201201,170000,11.016,11.021,11.006,11.008,47311,0
NUV.US,60,20201201,180000,11.006,11.016,11.006,11.013,34444,0
NUV.US,60,20201201,190000,11.014,11.016,10.997,11.004,89612,0
NUV.US,60,20201201,200000,10.997,11.006,10.987,11.002,34028,0
NUV.US,60,20201201,210000,11.005,11.046,10.997,11.006,78997,0
NUV.US,60,20201201,220000,11.007,11.046,11.007,11.046,32923,0
NUV.US,60,20201202,160000,11.056,11.056,11.031,11.034,11450,0
NUV.US,60,20201202,170000,11.036,11.056,11.036,11.056,26749,0
NUV.US,60,20201202,180000,11.046,11.076,11.039,11.051,69728,0
NUV.US,60,20201202,190000,11.051,11.056,11.046,11.051,14924,0
NUV.US,60,20201202,200000,11.066,11.076,11.048,11.049,84647,0
NUV.US,60,20201202,210000,11.049,11.066,11.026,11.051,73759,0
NUV.US,60,20201202,220000,11.056,11.061,11.026,11.036,49087,0
NUV.US,60,20201203,160000,11.006,11.046,11.006,11.031,46036,0
NUV.US,60,20201203,170000,11.031,11.036,11.031,11.031,6180,0
NUV.US,60,20201203,180000,11.026,11.056,11.026,11.046,56819,0
NUV.US,60,20201203,190000,11.046,11.046,11.036,11.041,18575,0
NUV.US,60,20201203,200000,11.041,11.046,11.036,11.046,23349,0
NUV.US,60,20201203,210000,11.046,11.046,11.036,11.036,35546,0
NUV.US,60,20201203,220000,11.042,11.056,11.036,11.036,49032,0
NUV.US,60,20201204,160000,11.046,11.056,11.026,11.036,39014,0
NUV.US,60,20201204,170000,11.036,11.056,11.036,11.054,25360,0
NUV.US,60,20201204,180000,11.046,11.066,11.046,11.066,32390,0
NUV.US,60,20201204,190000,11.056,11.06,11.046,11.056,20091,0
NUV.US,60,20201204,200000,11.056,11.066,11.056,11.066,34106,0
NUV.US,60,20201204,210000,11.056,11.066,11.036,11.036,37926,0
NUV.US,60,20201204,220000,11.036,11.041,10.977,10.987,60921,0
NUV.US,60,20201207,160000,10.987,11.008,10.977,10.988,21564,0
NUV.US,60,20201207,170000,10.987,10.997,10.977,10.982,33883,0
NUV.US,60,20201207,180000,10.986,10.996,10.977,10.987,30069,0
NUV.US,60,20201207,190000,10.987,10.996,10.967,10.977,23902,0
NUV.US,60,20201207,200000,10.982,10.987,10.958,10.958,45639,0
NUV.US,60,20201207,210000,10.958,10.967,10.928,10.928,75071,0
NUV.US,60,20201207,220000,10.928,10.938,10.888,10.898,90937,0
NUV.US,60,20201208,160000,10.888,10.918,10.857,10.899,45660,0
NUV.US,60,20201208,170000,10.898,10.908,10.859,10.885,40867,0
NUV.US,60,20201208,180000,10.888,10.918,10.888,10.918,37178,0
NUV.US,60,20201208,190000,10.918,10.938,10.908,10.938,18531,0
NUV.US,60,20201208,200000,10.938,10.967,10.928,10.967,10238,0
NUV.US,60,20201208,210000,10.967,11.006,10.958,10.967,74951,0
NUV.US,60,20201208,220000,10.977,10.987,10.888,10.888,66309,0
NUV.US,60,20201209,160000,10.908,10.958,10.908,10.928,12599,0
NUV.US,60,20201209,170000,10.948,10.948,10.888,10.893,33769,0
NUV.US,60,20201209,180000,10.891,10.891,10.878,10.883,37433,0
NUV.US,60,20201209,190000,10.878,10.878,10.868,10.876,19140,0
NUV.US,60,20201209,200000,10.873,10.883,10.868,10.868,34390,0
NUV.US,60,20201209,210000,10.868,10.873,10.819,10.824,24585,0
NUV.US,60,20201209,220000,10.819,10.839,10.78,10.78,69641,0
NUV.US,60,20201210,160000,10.8,10.817,10.78,10.78,27032,0
NUV.US,60,20201210,170000,10.79,10.829,10.78,10.824,32328,0
NUV.US,60,20201210,180000,10.829,10.832,10.79,10.81,53848,0
NUV.US,60,20201210,190000,10.805,10.819,10.8,10.8,18747,0
NUV.US,60,20201210,200000,10.8,10.8,10.79,10.792,19265,0
NUV.US,60,20201210,210000,10.795,10.81,10.79,10.799,33859,0
NUV.US,60,20201210,220000,10.79,10.8,10.78,10.79,57634,0
NUV.US,60,20201211,160000,10.81,10.81,10.79,10.796,17168,0
NUV.US,60,20201211,170000,10.8,10.812,10.79,10.8,22799,0
NUV.US,60,20201211,180000,10.802,10.819,10.8,10.805,19202,0
NUV.US,60,20201211,190000,10.805,10.811,10.8,10.8,18377,0
NUV.US,60,20201211,200000,10.795,10.819,10.78,10.815,84208,0
NUV.US,60,20201211,210000,10.814,10.819,10.814,10.818,14800,0
NUV.US,60,20201211,220000,10.81,10.829,10.81,10.829,23281,0
NUV.US,60,20201214,160000,10.86,10.86,10.84,10.84,20766,0
NUV.US,60,20201214,170000,10.85,10.85,10.832,10.838,11802,0
NUV.US,60,20201214,180000,10.83,10.837,10.811,10.815,49862,0
NUV.US,60,20201214,190000,10.811,10.82,10.791,10.81,20011,0
NUV.US,60,20201214,200000,10.809,10.82,10.801,10.815,21567,0
NUV.US,60,20201214,210000,10.82,10.82,10.801,10.806,11383,0
NUV.US,60,20201214,220000,10.806,10.83,10.796,10.82,82993,0
NUV.US,60,20201215,160000,10.83,10.85,10.791,10.811,17686,0
NUV.US,60,20201215,170000,10.811,10.811,10.805,10.808,35019,0
NUV.US,60,20201215,180000,10.806,10.83,10.801,10.83,25450,0
NUV.US,60,20201215,190000,10.815,10.83,10.811,10.83,31113,0
NUV.US,60,20201215,200000,10.83,10.83,10.811,10.828,25195,0
NUV.US,60,20201215,210000,10.83,10.86,10.82,10.86,32166,0
NUV.US,60,20201215,220000,10.86,10.869,10.85,10.85,46455,0
NUV.US,60,20201216,160000,10.86,10.885,10.85,10.856,19174,0
NUV.US,60,20201216,170000,10.853,10.857,10.82,10.826,19624,0
NUV.US,60,20201216,180000,10.821,10.84,10.811,10.835,19245,0
NUV.US,60,20201216,190000,10.835,10.85,10.82,10.85,62682,0
NUV.US,60,20201216,200000,10.841,10.85,10.839,10.84,20846,0
NUV.US,60,20201216,210000,10.846,10.959,10.84,10.899,144747,0
NUV.US,60,20201216,220000,10.89,10.939,10.879,10.879,72876,0
NUV.US,60,20201217,160000,10.919,10.919,10.885,10.914,27015,0
NUV.US,60,20201217,170000,10.919,10.949,10.899,10.909,53561,0
NUV.US,60,20201217,180000,10.914,10.919,10.909,10.919,27125,0
NUV.US,60,20201217,190000,10.919,10.919,10.909,10.909,21360,0
NUV.US,60,20201217,200000,10.909,10.909,10.889,10.899,55799,0
NUV.US,60,20201217,210000,10.907,10.907,10.889,10.893,21424,0
NUV.US,60,20201217,220000,10.894,10.919,10.869,10.919,92873,0
NUV.US,60,20201218,160000,10.909,10.929,10.909,10.929,23448,0
NUV.US,60,20201218,170000,10.919,10.929,10.919,10.924,22083,0
NUV.US,60,20201218,180000,10.929,10.939,10.929,10.939,31489,0
NUV.US,60,20201218,190000,10.934,10.939,10.921,10.939,41017,0
NUV.US,60,20201218,200000,10.935,10.959,10.935,10.959,18654,0
NUV.US,60,20201218,210000,10.954,10.968,10.909,10.909,41358,0
NUV.US,60,20201218,220000,10.909,10.939,10.899,10.929,57477,0
NUV.US,60,20201221,160000,10.919,10.919,10.899,10.914,23372,0
NUV.US,60,20201221,170000,10.909,10.915,10.899,10.909,18235,0
NUV.US,60,20201221,180000,10.904,10.968,10.904,10.959,27456,0
NUV.US,60,20201221,190000,10.963,10.968,10.949,10.954,27841,0
NUV.US,60,20201221,200000,10.949,10.977,10.949,10.968,27096,0
NUV.US,60,20201221,210000,10.971,11.028,10.971,11.008,73001,0
NUV.US,60,20201221,220000,11.008,11.048,11.008,11.038,82916,0
NUV.US,60,20201222,160000,11.038,11.068,11.018,11.028,18205,0
NUV.US,60,20201222,170000,11.008,11.038,11.008,11.032,8132,0
NUV.US,60,20201222,180000,11.028,11.058,11.028,11.051,23904,0
NUV.US,60,20201222,190000,11.048,11.078,11.038,11.048,28785,0
NUV.US,60,20201222,200000,11.049,11.068,11.048,11.068,9631,0
NUV.US,60,20201222,210000,11.063,11.118,11.048,11.118,63880,0
NUV.US,60,20201222,220000,11.098,11.108,11.068,11.078,46242,0
NUV.US,60,20201223,160000,11.048,11.098,11.048,11.098,30673,0
NUV.US,60,20201223,170000,11.098,11.098,11.073,11.073,16555,0
NUV.US,60,20201223,180000,11.073,11.078,11.058,11.065,56718,0
NUV.US,60,20201223,190000,11.063,11.088,11.049,11.088,27415,0
NUV.US,60,20201223,200000,11.084,11.088,11.069,11.086,13794,0
NUV.US,60,20201223,210000,11.088,11.108,11.083,11.108,25332,0
NUV.US,60,20201223,220000,11.099,11.099,11.038,11.038,46301,0
NUV.US,60,20201224,160000,11.028,11.058,11.028,11.043,20352,0
NUV.US,60,20201224,170000,11.058,11.068,11.048,11.058,18048,0
NUV.US,60,20201224,180000,11.053,11.058,11.038,11.038,11940,0
NUV.US,60,20201224,190000,11.048,11.056,11.028,11.038,9705,0
NUV.US,60,20201224,200000,11.028,11.028,11.028,11.028,267,0
NUV.US,60,20201228,160000,11.058,11.058,11.038,11.038,20747,0
NUV.US,60,20201228,170000,11.038,11.048,10.998,11.008,23330,0
NUV.US,60,20201228,180000,11.008,11.018,10.988,10.988,39835,0
NUV.US,60,20201228,190000,10.988,10.993,10.959,10.97,32949,0
NUV.US,60,20201228,200000,10.978,10.978,10.968,10.968,3730,0
NUV.US,60,20201228,210000,10.968,10.988,10.968,10.983,11831,0
NUV.US,60,20201228,220000,10.983,11.018,10.978,11.018,29915,0
NUV.US,60,20201229,160000,11.028,11.038,11.028,11.033,13976,0
NUV.US,60,20201229,170000,11.028,11.078,11.028,11.068,34683,0
NUV.US,60,20201229,180000,11.068,11.088,11.068,11.088,27477,0
NUV.US,60,20201229,190000,11.078,11.083,11.038,11.043,34313,0
NUV.US,60,20201229,200000,11.045,11.058,11.028,11.048,50771,0
NUV.US,60,20201229,210000,11.058,11.058,11.048,11.058,39709,0
NUV.US,60,20201229,220000,11.053,11.058,10.959,10.959,78597,0
NUV.US,60,20201230,160000,10.968,10.988,10.949,10.959,26808,0
NUV.US,60,20201230,170000,10.949,10.959,10.939,10.954,33510,0
NUV.US,60,20201230,180000,10.956,10.959,10.949,10.949,39215,0
NUV.US,60,20201230,190000,10.949,10.959,10.949,10.949,12458,0
NUV.US,60,20201230,200000,10.959,10.959,10.929,10.959,32367,0
NUV.US,60,20201230,210000,10.954,10.959,10.949,10.959,32330,0
NUV.US,60,20201230,220000,10.959,10.959,10.909,10.939,73366,0
NUV.US,60,20201231,160000,10.949,11.008,10.944,11.005,47459,0
NUV.US,60,20201231,170000,11.008,11.058,10.998,11.018,58104,0
NUV.US,60,20201231,180000,11.013,11.048,11.013,11.048,44659,0
NUV.US,60,20201231,190000,11.043,11.078,11.038,11.054,46960,0
NUV.US,60,20201231,200000,11.038,11.058,11.018,11.018,27311,0
NUV.US,60,20201231,210000,11.019,11.028,11.008,11.018,32382,0
NUV.US,60,20201231,220000,11.008,11.048,11.008,11.008,81125,0
NUV.US,60,20210104,160000,11.018,11.028,10.988,10.993,34404,0
NUV.US,60,20210104,170000,11.008,11.038,10.968,10.968,46862,0
NUV.US,60,20210104,180000,10.962,10.998,10.919,10.944,33166,0
NUV.US,60,20210104,190000,10.949,10.978,10.939,10.978,31309,0
NUV.US,60,20210104,200000,10.978,10.998,10.968,10.998,15226,0
NUV.US,60,20210104,210000,10.998,10.998,10.978,10.993,15304,0
NUV.US,60,20210104,220000,10.993,11.028,10.939,11.028,89919,0
NUV.US,60,20210105,160000,11.008,11.028,10.978,10.983,18654,0
NUV.US,60,20210105,170000,10.993,10.999,10.978,10.989,7229,0
NUV.US,60,20210105,180000,10.996,11.023,10.979,11.023,7471,0
NUV.US,60,20210105,190000,11.028,11.048,11.023,11.028,26379,0
NUV.US,60,20210105,200000,11.038,11.048,11.028,11.048,22290,0
NUV.US,60,20210105,210000,11.048,11.078,11.038,11.049,29480,0
NUV.US,60,20210105,220000,11.058,11.058,10.959,10.988,59098,0
NUV.US,60,20210106,160000,10.978,11.018,10.978,11.018,22041,0
NUV.US,60,20210106,170000,10.998,10.998,10.949,10.968,18617,0
NUV.US,60,20210106,180000,10.963,10.968,10.929,10.95,29349,0
NUV.US,60,20210106,190000,10.954,10.968,10.949,10.949,34141,0
NUV.US,60,20210106,200000,10.949,10.959,10.909,10.928,63278,0
NUV.US,60,20210106,210000,10.919,10.939,10.889,10.889,67357,0
NUV.US,60,20210106,220000,10.889,10.929,10.889,10.909,33954,0
NUV.US,60,20210107,160000,10.939,10.939,10.889,10.909,19570,0
NUV.US,60,20210107,170000,10.909,10.909,10.885,10.896,24270,0
NUV.US,60,20210107,180000,10.899,10.899,10.869,10.869,29579,0
NUV.US,60,20210107,190000,10.874,10.886,10.869,10.869,36710,0
NUV.US,60,20210107,200000,10.869,10.879,10.869,10.874,27498,0
NUV.US,60,20210107,210000,10.869,10.879,10.86,10.869,78278,0
NUV.US,60,20210107,220000,10.864,10.929,10.861,10.889,128761,0
NUV.US,60,20210108,160000,10.939,10.939,10.898,10.904,24408,0
NUV.US,60,20210108,170000,10.898,10.909,10.879,10.899,14063,0
NUV.US,60,20210108,180000,10.909,10.909,10.879,10.899,46400,0
NUV.US,60,20210108,190000,10.905,10.909,10.89,10.904,24200,0
NUV.US,60,20210108,200000,10.904,10.909,10.879,10.879,38790,0
NUV.US,60,20210108,210000,10.885,10.899,10.879,10.879,27142,0
NUV.US,60,20210108,220000,10.879,10.889,10.83,10.85,72759,0
NUV.US,60,20210111,160000,10.84,10.85,10.83,10.83,16527,0
NUV.US,60,20210111,170000,10.84,10.84,10.811,10.811,24014,0
NUV.US,60,20210111,180000,10.82,10.82,10.811,10.815,32245,0
NUV.US,60,20210111,190000,10.811,10.84,10.811,10.82,30780,0
NUV.US,60,20210111,200000,10.84,10.85,10.83,10.83,16134,0
NUV.US,60,20210111,210000,10.85,10.869,10.83,10.867,25942,0
NUV.US,60,20210111,220000,10.86,10.889,10.852,10.879,39023,0
NUV.US,60,20210112,160000,10.869,10.909,10.869,10.901,28851,0
NUV.US,60,20210112,170000,10.909,10.909,10.869,10.909,28347,0
NUV.US,60,20210112,180000,10.919,10.929,10.899,10.909,28639,0
NUV.US,60,20210112,190000,10.919,10.929,10.899,10.929,27726,0
NUV.US,60,20210112,200000,10.919,10.959,10.909,10.929,27689,0
NUV.US,60,20210112,210000,10.929,10.998,10.929,10.984,41797,0
NUV.US,60,20210112,220000,10.988,11.008,10.949,10.988,52190,0
NUV.US,60,20210113,160000,10.998,10.998,10.968,10.968,24693,0
NUV.US,60,20210113,170000,10.949,11.008,10.939,11.006,21516,0
NUV.US,60,20210113,180000,10.988,11.008,10.939,10.955,33604,0
NUV.US,60,20210113,190000,10.967,10.967,10.929,10.951,22667,0
NUV.US,60,20210113,200000,10.955,10.955,10.946,10.946,5291,0
NUV.US,60,20210113,210000,10.968,10.988,10.959,10.98,17308,0
NUV.US,60,20210113,220000,10.985,11.088,10.983,10.988,102275,0
NUV.US,60,20210114,160000,10.979,11.008,10.969,10.989,27111,0
NUV.US,60,20210114,170000,10.989,10.989,10.955,10.969,30184,0
NUV.US,60,20210114,180000,10.97,10.979,10.969,10.969,14632,0
NUV.US,60,20210114,190000,10.97,10.979,10.969,10.974,13707,0
NUV.US,60,20210114,200000,10.972,10.979,10.969,10.969,21970,0
NUV.US,60,20210114,210000,10.975,10.979,10.969,10.979,14491,0
NUV.US,60,20210114,220000,10.999,10.999,10.969,10.989,41751,0
NUV.US,60,20210115,160000,10.969,11.039,10.959,10.998,41836,0
NUV.US,60,20210115,170000,10.989,11.016,10.979,11.016,25918,0
NUV.US,60,20210115,180000,11.023,11.029,10.989,10.989,10197,0
NUV.US,60,20210115,190000,10.989,11.069,10.979,11.029,27997,0
NUV.US,60,20210115,200000,11.029,11.059,11.029,11.054,16979,0
NUV.US,60,20210115,210000,11.059,11.069,11.019,11.019,50812,0
NUV.US,60,20210115,220000,11.024,11.039,11.019,11.019,30524,0
NUV.US,60,20210119,160000,11.019,11.059,11.019,11.028,21020,0
NUV.US,60,20210119,170000,11.049,11.059,11.028,11.055,27323,0
NUV.US,60,20210119,180000,11.059,11.059,11.039,11.049,26464,0
NUV.US,60,20210119,190000,11.044,11.049,11.039,11.041,10011,0
NUV.US,60,20210119,200000,11.049,11.049,11.039,11.045,30039,0
NUV.US,60,20210119,210000,11.039,11.049,11.039,11.039,63898,0
NUV.US,60,20210119,220000,11.044,11.099,11.039,11.089,49745,0
NUV.US,60,20210120,160000,11.099,11.109,11.049,11.1,18114,0
NUV.US,60,20210120,170000,11.1,11.1,11.079,11.079,19034,0
NUV.US,60,20210120,180000,11.059,11.074,11.049,11.049,12228,0
NUV.US,60,20210120,190000,11.049,11.069,11.049,11.069,14749,0
NUV.US,60,20210120,200000,11.059,11.069,11.049,11.049,17562,0
NUV.US,60,20210120,210000,11.049,11.059,11.049,11.049,21924,0
NUV.US,60,20210120,220000,11.049,11.059,11.019,11.019,50571,0
NUV.US,60,20210121,160000,11.019,11.129,10.979,11.019,25193,0
NUV.US,60,20210121,170000,11.026,11.049,11.024,11.047,24166,0
NUV.US,60,20210121,180000,11.049,11.089,11.045,11.071,31116,0
NUV.US,60,20210121,190000,11.079,11.079,11.039,11.069,22835,0
NUV.US,60,20210121,200000,11.059,11.079,11.039,11.069,12167,0
NUV.US,60,20210121,210000,11.069,11.109,11.051,11.059,65152,0
NUV.US,60,20210121,220000,11.079,11.089,11.039,11.079,37432,0
NUV.US,60,20210122,160000,11.059,11.109,11.059,11.064,15417,0
NUV.US,60,20210122,170000,11.066,11.109,11.066,11.096,25177,0
NUV.US,60,20210122,180000,11.099,11.129,11.079,11.099,85419,0
NUV.US,60,20210122,190000,11.104,11.119,11.049,11.049,77552,0
NUV.US,60,20210122,200000,11.054,11.054,10.999,11.009,88180,0
NUV.US,60,20210122,210000,11.009,11.019,10.959,10.959,95352,0
NUV.US,60,20210122,220000,10.959,10.972,10.92,10.92,109636,0
NUV.US,60,20210125,160000,10.95,10.989,10.95,10.965,44998,0
NUV.US,60,20210125,170000,10.959,10.979,10.9,10.934,63395,0
NUV.US,60,20210125,180000,10.95,10.979,10.91,10.976,65443,0
NUV.US,60,20210125,190000,10.979,10.989,10.95,10.984,22850,0
NUV.US,60,20210125,200000,10.98,11.009,10.98,10.989,29074,0
NUV.US,60,20210125,210000,10.99,10.999,10.92,10.944,62593,0
NUV.US,60,20210125,220000,10.92,10.959,10.92,10.93,34191,0
NUV.US,60,20210126,160000,10.95,10.999,10.95,10.98,19861,0
NUV.US,60,20210126,170000,10.995,11.019,10.959,11.019,20703,0
NUV.US,60,20210126,180000,11.009,11.039,11.009,11.014,19885,0
NUV.US,60,20210126,190000,11.019,11.069,11.019,11.039,50741,0
NUV.US,60,20210126,200000,11.039,11.049,11.019,11.046,21429,0
NUV.US,60,20210126,210000,11.032,11.059,11.023,11.027,17827,0
NUV.US,60,20210126,220000,11.033,11.05,11.019,11.049,33975,0
NUV.US,60,20210127,160000,11.029,11.039,10.989,11.039,11277,0
NUV.US,60,20210127,170000,11.039,11.049,11.029,11.029,14959,0
NUV.US,60,20210127,180000,11.049,11.049,10.999,11.029,33384,0
NUV.US,60,20210127,190000,11.003,11.029,10.998,10.998,19236,0
NUV.US,60,20210127,200000,11.009,11.069,10.999,11.05,51757,0
NUV.US,60,20210127,210000,11.049,11.069,11.029,11.049,42077,0
NUV.US,60,20210127,220000,11.029,11.069,11.019,11.049,31417,0
NUV.US,60,20210128,160000,11.069,11.109,11.069,11.099,31470,0
NUV.US,60,20210128,170000,11.103,11.179,11.103,11.129,73328,0
NUV.US,60,20210128,180000,11.114,11.119,11.109,11.109,13185,0
NUV.US,60,20210128,190000,11.109,11.134,11.109,11.119,58029,0
NUV.US,60,20210128,200000,11.114,11.169,11.109,11.169,17076,0
NUV.US,60,20210128,210000,11.159,11.189,11.139,11.189,46758,0
NUV.US,60,20210128,220000,11.18,11.209,11.169,11.199,71569,0
NUV.US,60,20210129,160000,11.194,11.278,11.189,11.278,10942,0
NUV.US,60,20210129,170000,11.258,11.288,11.244,11.25,50090,0
NUV.US,60,20210129,180000,11.253,11.258,11.218,11.218,20786,0
NUV.US,60,20210129,190000,11.223,11.258,11.218,11.258,77574,0
NUV.US,60,20210129,200000,11.218,11.248,11.209,11.219,34000,0
NUV.US,60,20210129,210000,11.218,11.238,11.199,11.209,23123,0
NUV.US,60,20210129,220000,11.214,11.228,11.209,11.218,41837,0
NUV.US,60,20210201,160000,11.258,11.288,11.238,11.263,31826,0
NUV.US,60,20210201,170000,11.248,11.318,11.248,11.278,23572,0
NUV.US,60,20210201,180000,11.288,11.377,11.27,11.347,109608,0
NUV.US,60,20210201,190000,11.35,11.357,11.308,11.318,26333,0
NUV.US,60,20210201,200000,11.318,11.318,11.298,11.298,23593,0
NUV.US,60,20210201,210000,11.308,11.337,11.302,11.313,49428,0
NUV.US,60,20210201,220000,11.308,11.308,11.288,11.308,51343,0
NUV.US,60,20210202,160000,11.337,11.367,11.318,11.347,23489,0
NUV.US,60,20210202,170000,11.367,11.397,11.338,11.387,44598,0
NUV.US,60,20210202,180000,11.387,11.477,11.381,11.463,64341,0
NUV.US,60,20210202,190000,11.467,11.467,11.43,11.437,35912,0
NUV.US,60,20210202,200000,11.427,11.437,11.417,11.417,44668,0
NUV.US,60,20210202,210000,11.424,11.437,11.397,11.415,40586,0
NUV.US,60,20210202,220000,11.417,11.557,11.412,11.537,142427,0
NUV.US,60,20210203,160000,11.507,11.537,11.427,11.442,60227,0
NUV.US,60,20210203,170000,11.437,11.45,11.407,11.407,57253,0
NUV.US,60,20210203,180000,11.407,11.407,11.342,11.347,49600,0
NUV.US,60,20210203,190000,11.337,11.357,11.268,11.283,81814,0
NUV.US,60,20210203,200000,11.283,11.347,11.278,11.337,47009,0
NUV.US,60,20210203,210000,11.337,11.417,11.308,11.407,97773,0
NUV.US,60,20210203,220000,11.417,11.417,11.337,11.337,57177,0
NUV.US,60,20210204,160000,11.328,11.367,11.31,11.367,29625,0
NUV.US,60,20210204,170000,11.358,11.367,11.298,11.298,99202,0
NUV.US,60,20210204,180000,11.303,11.337,11.298,11.325,56831,0
NUV.US,60,20210204,190000,11.326,11.337,11.308,11.313,33152,0
NUV.US,60,20210204,200000,11.316,11.337,11.268,11.278,60597,0
NUV.US,60,20210204,210000,11.277,11.318,11.248,11.318,74553,0
NUV.US,60,20210204,220000,11.318,11.576,11.318,11.437,170141,0
NUV.US,60,20210205,160000,11.427,11.487,11.417,11.457,46964,0
NUV.US,60,20210205,170000,11.487,11.487,11.427,11.427,39236,0
NUV.US,60,20210205,180000,11.427,11.517,11.427,11.447,85437,0
NUV.US,60,20210205,190000,11.447,11.576,11.447,11.517,133123,0
NUV.US,60,20210205,200000,11.517,11.557,11.517,11.547,18298,0
NUV.US,60,20210205,210000,11.547,11.591,11.543,11.565,46811,0
NUV.US,60,20210205,220000,11.557,11.616,11.537,11.616,63190,0
NUV.US,60,20210208,160000,11.457,11.537,11.457,11.487,58119,0
NUV.US,60,20210208,170000,11.482,11.517,11.467,11.517,50316,0
NUV.US,60,20210208,180000,11.527,11.567,11.457,11.462,112695,0
NUV.US,60,20210208,190000,11.462,11.477,11.457,11.459,19380,0
NUV.US,60,20210208,200000,11.462,11.507,11.457,11.507,28470,0
NUV.US,60,20210208,210000,11.5,11.606,11.488,11.586,55950,0
NUV.US,60,20210208,220000,11.586,11.686,11.586,11.656,102330,0
NUV.US,60,20210209,160000,11.676,11.705,11.656,11.676,25103,0
NUV.US,60,20210209,170000,11.684,11.696,11.656,11.656,32013,0
NUV.US,60,20210209,180000,11.656,11.705,11.596,11.705,113777,0
NUV.US,60,20210209,190000,11.715,11.905,11.696,11.825,264804,0
NUV.US,60,20210209,200000,11.805,11.81,11.755,11.795,91825,0
NUV.US,60,20210209,210000,11.785,11.785,11.646,11.684,82267,0
NUV.US,60,20210209,220000,11.676,11.696,11.646,11.696,29139,0
NUV.US,60,20210210,160000,11.696,11.78,11.696,11.745,12625,0
NUV.US,60,20210210,170000,11.735,11.775,11.735,11.755,25821,0
NUV.US,60,20210210,180000,11.775,11.775,11.646,11.705,75103,0
NUV.US,60,20210210,190000,11.695,11.745,11.666,11.686,38327,0
NUV.US,60,20210210,200000,11.73,11.755,11.676,11.686,42954,0
NUV.US,60,20210210,210000,11.685,11.686,11.537,11.56,65718,0
NUV.US,60,20210210,220000,11.557,11.596,11.507,11.517,102783,0
NUV.US,60,20210211,160000,11.577,11.577,11.538,11.538,16576,0
NUV.US,60,20210211,170000,11.538,11.558,11.518,11.538,35352,0
NUV.US,60,20210211,180000,11.538,11.538,11.508,11.528,39298,0
NUV.US,60,20210211,190000,11.508,11.528,11.488,11.488,29662,0
NUV.US,60,20210211,200000,11.478,11.48,11.448,11.468,38754,0
NUV.US,60,20210211,210000,11.473,11.478,11.448,11.465,29616,0
NUV.US,60,20210211,220000,11.463,11.468,11.458,11.468,21098,0
NUV.US,60,20210212,160000,11.438,11.528,11.438,11.478,35240,0
NUV.US,60,20210212,170000,11.479,11.508,11.458,11.483,51108,0
NUV.US,60,20210212,180000,11.488,11.528,11.488,11.5,19097,0
NUV.US,60,20210212,190000,11.528,11.538,11.504,11.52,34751,0
NUV.US,60,20210212,200000,11.538,11.538,11.478,11.478,22259,0
NUV.US,60,20210212,210000,11.501,11.548,11.428,11.443,46862,0
NUV.US,60,20210212,220000,11.443,11.508,11.443,11.508,39343,0
NUV.US,60,20210216,160000,11.478,11.48,11.438,11.438,26306,0
NUV.US,60,20210216,170000,11.428,11.458,11.428,11.443,25757,0
NUV.US,60,20210216,180000,11.447,11.448,11.418,11.424,16172,0
NUV.US,60,20210216,190000,11.418,11.444,11.408,11.44,26181,0
NUV.US,60,20210216,200000,11.448,11.458,11.441,11.441,11754,0
NUV.US,60,20210216,210000,11.438,11.458,11.438,11.458,20688,0
NUV.US,60,20210216,220000,11.458,11.468,11.418,11.468,44495,0
NUV.US,60,20210217,160000,11.408,11.448,11.408,11.448,18545,0
NUV.US,60,20210217,170000,11.423,11.423,11.408,11.411,13149,0
NUV.US,60,20210217,180000,11.409,11.414,11.373,11.376,29150,0
NUV.US,60,20210217,190000,11.373,11.378,11.368,11.373,32177,0
NUV.US,60,20210217,200000,11.378,11.418,11.375,11.409,34322,0
NUV.US,60,20210217,210000,11.407,11.428,11.398,11.41,35677,0
NUV.US,60,20210217,220000,11.421,11.468,11.378,11.418,66525,0
NUV.US,60,20210218,160000,11.398,11.448,11.348,11.358,13138,0
NUV.US,60,20210218,170000,11.358,11.408,11.328,11.403,71577,0
NUV.US,60,20210218,180000,11.393,11.408,11.378,11.398,20750,0
NUV.US,60,20210218,190000,11.403,11.428,11.388,11.408,43153,0
NUV.US,60,20210218,200000,11.428,11.468,11.428,11.448,38965,0
NUV.US,60,20210218,210000,11.438,11.443,11.398,11.398,25908,0
NUV.US,60,20210218,220000,11.403,11.468,11.398,11.458,38750,0
NUV.US,60,20210219,160000,11.398,11.418,11.378,11.398,27921,0
NUV.US,60,20210219,170000,11.398,11.478,11.388,11.472,70641,0
NUV.US,60,20210219,180000,11.468,11.498,11.428,11.461,50293,0
NUV.US,60,20210219,190000,11.463,11.478,11.45,11.453,32211,0
NUV.US,60,20210219,200000,11.468,11.498,11.448,11.468,40849,0
NUV.US,60,20210219,210000,11.478,11.488,11.458,11.458,24021,0
NUV.US,60,20210219,220000,11.473,11.508,11.458,11.508,38889,0
NUV.US,60,20210222,160000,11.473,11.473,11.318,11.318,40493,0
NUV.US,60,20210222,170000,11.347,11.388,11.298,11.338,64005,0
NUV.US,60,20210222,180000,11.316,11.328,11.179,11.204,163625,0
NUV.US,60,20210222,190000,11.204,11.248,11.204,11.228,77203,0
NUV.US,60,20210222,200000,11.224,11.248,11.109,11.109,115781,0
NUV.US,60,20210222,210000,11.129,11.149,11.009,11.062,115783,0
NUV.US,60,20210222,220000,11.069,11.099,11.019,11.079,105703,0
NUV.US,60,20210223,160000,11.034,11.034,10.979,10.999,6093,0
NUV.US,60,20210223,170000,10.993,10.999,10.899,10.909,117886,0
NUV.US,60,20210223,180000,10.919,10.919,10.884,10.895,65324,0
NUV.US,60,20210223,190000,10.889,10.899,10.83,10.879,126182,0
NUV.US,60,20210223,200000,10.889,10.919,10.879,10.889,26006,0
NUV.US,60,20210223,210000,10.896,10.909,10.86,10.869,52952,0
NUV.US,60,20210223,220000,10.874,10.919,10.85,10.919,81104,0
NUV.US,60,20210224,160000,10.869,10.899,10.81,10.815,53140,0
NUV.US,60,20210224,170000,10.82,10.949,10.818,10.929,257578,0
NUV.US,60,20210224,180000,10.929,10.979,10.925,10.967,42501,0
NUV.US,60,20210224,190000,10.964,11.029,10.964,11.029,67163,0
NUV.US,60,20210224,200000,11.024,11.049,10.999,11.019,71119,0
NUV.US,60,20210224,210000,11.019,11.043,10.989,10.989,32721,0
NUV.US,60,20210224,220000,11.003,11.019,10.979,11.019,31699,0
NUV.US,60,20210225,160000,11.039,11.089,11.009,11.039,60475,0
NUV.US,60,20210225,170000,11.039,11.049,10.979,11.029,46298,0
NUV.US,60,20210225,180000,11.025,11.049,11.019,11.045,44248,0
NUV.US,60,20210225,190000,11.041,11.044,10.989,10.99,20003,0
NUV.US,60,20210225,200000,10.994,10.994,10.919,10.939,50868,0
NUV.US,60,20210225,210000,10.934,10.986,10.929,10.949,38809,0
NUV.US,60,20210225,220000,10.949,10.979,10.889,10.899,125329,0
NUV.US,60,20210226,160000,10.899,10.989,10.869,10.929,32564,0
NUV.US,60,20210226,170000,10.939,10.969,10.899,10.929,32737,0
NUV.US,60,20210226,180000,10.929,10.949,10.919,10.919,32423,0
NUV.US,60,20210226,190000,10.919,10.939,10.909,10.919,31475,0
NUV.US,60,20210226,200000,10.919,10.949,10.919,10.929,39482,0
NUV.US,60,20210226,210000,10.929,10.929,10.909,10.919,39578,0
NUV.US,60,20210226,220000,10.909,10.919,10.889,10.909,56651,0
NUV.US,60,20210301,160000,11.029,11.029,10.939,11.019,33976,0
NUV.US,60,20210301,170000,11.019,11.069,11.019,11.024,38726,0
NUV.US,60,20210301,180000,11.019,11.049,11.009,11.029,57728,0
NUV.US,60,20210301,190000,11.024,11.029,11.009,11.009,33004,0
NUV.US,60,20210301,200000,11.009,11.009,10.949,10.949,36780,0
NUV.US,60,20210301,210000,10.949,10.979,10.929,10.929,104631,0
NUV.US,60,20210301,220000,10.929,10.973,10.919,10.969,102376,0
NUV.US,60,20210302,160000,10.969,10.979,10.929,10.929,28944,0
NUV.US,60,20210302,170000,10.959,11.029,10.939,11.014,67660,0
NUV.US,60,20210302,180000,11.018,11.029,10.999,11.029,29300,0
NUV.US,60,20210302,190000,11.019,11.099,11.019,11.079,43019,0
NUV.US,60,20210302,200000,11.069,11.119,11.064,11.069,54405,0
NUV.US,60,20210302,210000,11.072,11.094,11.029,11.04,92086,0
NUV.US,60,20210302,220000,11.039,11.059,11.011,11.049,105119,0
NUV.US,60,20210303,160000,11.009,11.093,10.971,10.989,21801,0
NUV.US,60,20210303,170000,10.979,10.989,10.949,10.98,31154,0
NUV.US,60,20210303,180000,10.974,11.022,10.959,11.019,47873,0
NUV.US,60,20210303,190000,11.009,11.039,11.009,11.019,68816,0
NUV.US,60,20210303,200000,11.019,11.044,11.009,11.019,22458,0
NUV.US,60,20210303,210000,11.009,11.026,10.974,11.019,58403,0
NUV.US,60,20210303,220000,11.029,11.039,11.019,11.019,19778,0
NUV.US,60,20210304,160000,11.049,11.089,11.019,11.073,17365,0
NUV.US,60,20210304,170000,11.05,11.099,11.049,11.079,25708,0
NUV.US,60,20210304,180000,11.079,11.085,11.069,11.073,30252,0
NUV.US,60,20210304,190000,11.069,11.079,11.059,11.069,22242,0
NUV.US,60,20210304,200000,11.069,11.089,11.04,11.089,114238,0
NUV.US,60,20210304,210000,11.074,11.119,11.069,11.069,39826,0
NUV.US,60,20210304,220000,11.069,11.099,11.059,11.079,69042,0
NUV.US,60,20210305,160000,11.109,11.109,10.989,11.054,14132,0
NUV.US,60,20210305,170000,11.029,11.039,10.969,10.969,61590,0
NUV.US,60,20210305,180000,10.969,10.989,10.909,10.909,66135,0
NUV.US,60,20210305,190000,10.909,10.949,10.909,10.93,44179,0
NUV.US,60,20210305,200000,10.929,10.939,10.879,10.889,80703,0
NUV.US,60,20210305,210000,10.889,10.969,10.86,10.869,110282,0
NUV.US,60,20210305,220000,10.869,10.929,10.86,10.919,51007,0
NUV.US,60,20210308,160000,10.899,10.899,10.85,10.879,38771,0
NUV.US,60,20210308,170000,10.869,10.879,10.82,10.825,70945,0
NUV.US,60,20210308,180000,10.828,10.85,10.8,10.844,34421,0
NUV.US,60,20210308,190000,10.843,10.882,10.82,10.835,33580,0
NUV.US,60,20210308,200000,10.83,10.879,10.82,10.869,36493,0
NUV.US,60,20210308,210000,10.879,10.969,10.869,10.969,73035,0
NUV.US,60,20210308,220000,10.969,11.009,10.959,10.999,59724,0
NUV.US,60,20210309,160000,10.994,11.049,10.994,11.049,8932,0
NUV.US,60,20210309,170000,11.049,11.089,11.039,11.088,20417,0
NUV.US,60,20210309,180000,11.099,11.109,11.044,11.049,31988,0
NUV.US,60,20210309,190000,11.044,11.109,11.039,11.099,19322,0
NUV.US,60,20210309,200000,11.097,11.109,11.069,11.089,27046,0
NUV.US,60,20210309,210000,11.084,11.089,11.029,11.029,82784,0
NUV.US,60,20210309,220000,11.044,11.059,10.989,11.019,42615,0
NUV.US,60,20210310,160000,11.029,11.069,10.979,11.002,28415,0
NUV.US,60,20210310,170000,11.029,11.039,10.994,11.039,30504,0
NUV.US,60,20210310,180000,11.039,11.069,11.039,11.059,43350,0
NUV.US,60,20210310,190000,11.059,11.059,10.999,11.049,34813,0
NUV.US,60,20210310,200000,11.049,11.049,11.029,11.039,10671,0
NUV.US,60,20210310,210000,11.049,11.049,10.999,11.019,19064,0
NUV.US,60,20210310,220000,11.019,11.019,10.979,11.009,23450,0
NUV.US,60,20210311,160000,11.009,11.028,10.997,11.009,16294,0
NUV.US,60,20210311,170000,11.016,11.016,10.999,11.004,19391,0
NUV.US,60,20210311,180000,11.007,11.039,11.007,11.039,33874,0
NUV.US,60,20210311,190000,11.034,11.039,11.029,11.034,26192,0
NUV.US,60,20210311,200000,11.038,11.039,11.029,11.034,20956,0
NUV.US,60,20210311,210000,11.038,11.049,11.027,11.027,29394,0
NUV.US,60,20210311,220000,11.029,11.059,11.009,11.039,34224,0
NUV.US,60,20210312,160000,11.01,11.0221,10.9801,10.9801,14173,0
NUV.US,60,20210312,170000,10.99,10.99,10.95,10.9597,18906,0
NUV.US,60,20210312,180000,10.955,10.9799,10.955,10.975,20114,0
NUV.US,60,20210312,190000,10.975,10.98,10.97,10.9747,47396,0
NUV.US,60,20210312,200000,10.975,10.98,10.97,10.97,13237,0
NUV.US,60,20210312,210000,10.975,11.02,10.975,10.9901,31585,0
NUV.US,60,20210312,220000,10.9956,11.02,10.98,10.98,41271,0
NUV.US,60,20210315,150000,11.01,11.05,11,11.0001,12719,0
NUV.US,60,20210315,160000,11,11.02,10.99,11,16500,0
NUV.US,60,20210315,170000,11.0065,11.0172,10.99,11.005,23094,0
NUV.US,60,20210315,180000,11,11.01,10.992,10.9945,9687,0
NUV.US,60,20210315,190000,10.995,11.03,10.995,11.025,49856,0
NUV.US,60,20210315,200000,11.025,11.03,10.99,11.03,27521,0
NUV.US,60,20210315,210000,11.03,11.07,11,11.07,38395,0
NUV.US,60,20210316,150000,11.07,11.071,11.03,11.05,17751,0
NUV.US,60,20210316,160000,11.0672,11.07,11.03,11.047,15057,0
NUV.US,60,20210316,170000,11.0304,11.0502,11.03,11.0502,8624,0
NUV.US,60,20210316,180000,11.053,11.06,11.053,11.06,4446,0
NUV.US,60,20210316,190000,11.06,11.075,11.03,11.06,33192,0
NUV.US,60,20210316,200000,11.06,11.08,11.05,11.0585,39710,0
NUV.US,60,20210316,210000,11.0556,11.06,11.04,11.06,5728,0
NUV.US,60,20210317,150000,11.04,11.059,11.02,11.032,11826,0
NUV.US,60,20210317,160000,11.02,11.02,10.99,10.9998,11725,0
NUV.US,60,20210317,170000,11.01,11.04,11,11.03,29746,0
NUV.US,60,20210317,180000,11.0214,11.04,11.0211,11.04,9383,0
NUV.US,60,20210317,190000,11.04,11.051,11.02,11.045,19101,0
NUV.US,60,20210317,200000,11.0595,11.06,11.03,11.035,10398,0
NUV.US,60,20210317,210000,11.05,11.051,11.03,11.03,20813,0
NUV.US,60,20210318,150000,10.99,10.99,10.96,10.96,23733,0
NUV.US,60,20210318,160000,10.97,10.9796,10.95,10.9796,12210,0
NUV.US,60,20210318,170000,10.98,11,10.97,10.98,16413,0
NUV.US,60,20210318,180000,10.972,10.987,10.97,10.97,16455,0
NUV.US,60,20210318,190000,10.99,11.0285,10.98,11.01,29566,0
NUV.US,60,20210318,200000,11.005,11.05,10.99,11.001,22609,0
NUV.US,60,20210318,210000,10.99,11.03,10.99,11.02,39482,0
NUV.US,60,20210319,150000,11.04,11.04,11,11,6894,0
NUV.US,60,20210319,160000,10.99,10.9985,10.94,10.9985,47338,0
NUV.US,60,20210319,170000,10.9818,11,10.97,10.9865,15578,0
NUV.US,60,20210319,180000,10.985,10.99,10.97,10.97,26936,0
NUV.US,60,20210319,190000,10.975,10.985,10.97,10.98,9249,0
NUV.US,60,20210319,200000,10.97,10.9999,10.97,10.9802,27445,0
NUV.US,60,20210319,210000,10.98,11.02,10.97,11.01,33017,0
NUV.US,60,20210322,150000,11,11.02,10.9793,11,42810,0
NUV.US,60,20210322,160000,10.9901,10.9988,10.99,10.99,10456,0
NUV.US,60,20210322,170000,10.98,10.98,10.95,10.9601,27890,0
NUV.US,60,20210322,180000,10.965,10.985,10.9621,10.985,6974,0
NUV.US,60,20210322,190000,10.98,10.9893,10.9601,10.9799,17971,0
NUV.US,60,20210322,200000,10.97,10.9799,10.96,10.9677,29234,0
NUV.US,60,20210322,210000,10.96,10.97,10.96,10.96,16536,0
NUV.US,60,20210323,150000,10.98,11.0039,10.96,10.9718,17163,0
NUV.US,60,20210323,160000,10.9685,10.9819,10.9685,10.97,7354,0
NUV.US,60,20210323,170000,10.9813,10.99,10.96,10.99,17005,0
NUV.US,60,20210323,180000,10.9839,11.03,10.9813,11.014,18912,0
NUV.US,60,20210323,190000,11,11.03,10.9902,11.006,22019,0
NUV.US,60,20210323,200000,11.0061,11.0061,10.98,10.9851,20583,0
NUV.US,60,20210323,210000,10.98,11.1,10.945,10.98,186292,0
NUV.US,60,20210324,150000,10.98,11.01,10.9701,11.01,21194,0
NUV.US,60,20210324,160000,11.02,11.04,11.01,11.0337,9127,0
NUV.US,60,20210324,170000,11.03,11.05,11.03,11.0349,20980,0
NUV.US,60,20210324,180000,11.03,11.0312,11.03,11.03,28276,0
NUV.US,60,20210324,190000,11.02,11.03,11.01,11.013,10626,0
NUV.US,60,20210324,200000,11.01,11.04,11.01,11.03,39447,0
NUV.US,60,20210324,210000,11.03,11.05,11.01,11.04,37146,0
NUV.US,60,20210325,150000,11.04,11.05,11.01,11.0499,10233,0
NUV.US,60,20210325,160000,11.02,11.0467,11.01,11.03,14625,0
NUV.US,60,20210325,170000,11.04,11.0645,11.0375,11.0645,17782,0
NUV.US,60,20210325,180000,11.07,11.08,11.05,11.07,21954,0
NUV.US,60,20210325,190000,11.057,11.07,11.05,11.0522,23113,0
NUV.US,60,20210325,200000,11.05,11.06,11.03,11.04,30468,0
NUV.US,60,20210325,210000,11.04,11.0435,10.94,10.9499,96987,0
NUV.US,60,20210326,150000,10.96,10.98,10.96,10.97,30098,0
NUV.US,60,20210326,160000,10.9706,11,10.9706,10.9811,25547,0
NUV.US,60,20210326,170000,10.985,10.9929,10.97,10.98,21199,0
NUV.US,60,20210326,180000,10.9825,11.02,10.98,10.99,23810,0
NUV.US,60,20210326,190000,10.99,11.01,10.99,11,13570,0
NUV.US,60,20210326,200000,11.01,11.01,10.99,10.9901,19364,0
NUV.US,60,20210326,210000,10.99,11.03,10.98,10.98,18652,0
NUV.US,60,20210329,160000,11.01,11.03,10.99,11.0201,19561,0
NUV.US,60,20210329,170000,11.0201,11.05,11.01,11.0287,57814,0
NUV.US,60,20210329,180000,11.0185,11.0315,11.01,11.03,53615,0
NUV.US,60,20210329,190000,11.031,11.04,11.01,11.02,29789,0
NUV.US,60,20210329,200000,11.03,11.04,11.02,11.04,17282,0
NUV.US,60,20210329,210000,11.0409,11.06,11.03,11.0516,29231,0
NUV.US,60,20210329,220000,11.055,11.06,11.03,11.06,21005,0
NUV.US,60,20210330,160000,11.07,11.09,11.0419,11.08,19737,0
NUV.US,60,20210330,170000,11.08,11.11,11.07,11.1,28448,0
NUV.US,60,20210330,180000,11.09,11.12,11.09,11.1,17034,0
NUV.US,60,20210330,190000,11.1,11.11,11.1,11.105,14423,0
NUV.US,60,20210330,200000,11.1008,11.12,11.1,11.11,25538,0
NUV.US,60,20210330,210000,11.115,11.13,11.11,11.13,82571,0
NUV.US,60,20210330,220000,11.12,11.13,11.1,11.1,60136,0
NUV.US,60,20210331,160000,11.11,11.12,11.11,11.115,8539,0
NUV.US,60,20210331,170000,11.12,11.13,11.1,11.1165,18686,0
NUV.US,60,20210331,180000,11.121,11.13,11.11,11.12,17610,0
NUV.US,60,20210331,190000,11.11,11.1228,11.11,11.1212,14443,0
NUV.US,60,20210331,200000,11.1298,11.1298,11.11,11.1114,10547,0
NUV.US,60,20210331,210000,11.1128,11.12,11.1,11.1186,19767,0
NUV.US,60,20210331,220000,11.11,11.15,11.1,11.14,32203,0
NUV.US,60,20210401,160000,11.15,11.175,11.13,11.13,40657,0
NUV.US,60,20210401,170000,11.15,11.15,11.13,11.14,25552,0
NUV.US,60,20210401,180000,11.1476,11.15,11.14,11.1492,15723,0
NUV.US,60,20210401,190000,11.145,11.159,11.13,11.15,27188,0
NUV.US,60,20210401,200000,11.155,11.18,11.14,11.175,45424,0
NUV.US,60,20210401,210000,11.1689,11.18,11.13,11.13,5796,0
NUV.US,60,20210401,220000,11.14,11.14,11.12,11.13,11071,0
NUV.US,60,20210405,160000,11.14,11.16,11.14,11.15,19428,0
NUV.US,60,20210405,170000,11.1499,11.16,11.13,11.13,50092,0
NUV.US,60,20210405,180000,11.1206,11.1206,11.11,11.1199,16703,0
NUV.US,60,20210405,190000,11.13,11.13,11.12,11.125,14621,0
NUV.US,60,20210405,200000,11.125,11.13,11.12,11.12,8050,0
NUV.US,60,20210405,210000,11.12,11.15,11.1126,11.12,19583,0
NUV.US,60,20210405,220000,11.12,11.1327,11.08,11.12,48139,0
NUV.US,60,20210406,160000,11.15,11.18,11.1356,11.18,21529,0
NUV.US,60,20210406,170000,11.16,11.18,11.13,11.14,14345,0
NUV.US,60,20210406,180000,11.1339,11.1599,11.12,11.13,49722,0
NUV.US,60,20210406,190000,11.14,11.14,11.1246,11.1246,18584,0
NUV.US,60,20210406,200000,11.1268,11.1268,11.12,11.125,10372,0
NUV.US,60,20210406,210000,11.125,11.13,11.1241,11.13,26034,0
NUV.US,60,20210406,220000,11.13,11.1699,11.11,11.15,49037,0
NUV.US,60,20210407,160000,11.15,11.17,11.12,11.13,17077,0
NUV.US,60,20210407,170000,11.13,11.159,11.13,11.145,20909,0
NUV.US,60,20210407,180000,11.15,11.17,11.1412,11.17,18034,0
NUV.US,60,20210407,190000,11.165,11.17,11.15,11.1629,26997,0
NUV.US,60,20210407,200000,11.1672,11.1672,11.14,11.15,9776,0
NUV.US,60,20210407,210000,11.14,11.2,11.14,11.19,33563,0
NUV.US,60,20210407,220000,11.19,11.22,11.18,11.22,44615,0
NUV.US,60,20210408,160000,11.22,11.22,11.2,11.21,6244,0
NUV.US,60,20210408,170000,11.22,11.24,11.2,11.231,23802,0
NUV.US,60,20210408,180000,11.22,11.2399,11.2,11.23,35658,0
NUV.US,60,20210408,190000,11.23,11.235,11.21,11.22,25110,0
NUV.US,60,20210408,200000,11.2144,11.2255,11.2,11.225,14015,0
NUV.US,60,20210408,210000,11.22,11.2535,11.22,11.24,27093,0
NUV.US,60,20210408,220000,11.245,11.32,11.245,11.3,73554,0
NUV.US,60,20210409,160000,11.3,11.3503,11.28,11.28,29774,0
NUV.US,60,20210409,170000,11.2767,11.28,11.2564,11.27,28471,0
NUV.US,60,20210409,180000,11.2601,11.28,11.22,11.2657,35646,0
NUV.US,60,20210409,190000,11.2403,11.2697,11.23,11.24,9201,0
NUV.US,60,20210409,200000,11.245,11.25,11.21,11.23,26249,0
NUV.US,60,20210409,210000,11.23,11.26,11.23,11.26,22596,0
NUV.US,60,20210409,220000,11.27,11.28,11.25,11.25,21161,0
NUV.US,60,20210412,160000,11.32,11.32,11.3,11.3,14691,0
NUV.US,60,20210412,170000,11.31,11.35,11.31,11.35,32269,0
NUV.US,60,20210412,180000,11.34,11.359,11.32,11.32,40019,0
NUV.US,60,20210412,190000,11.3299,11.3299,11.27,11.28,32500,0
NUV.US,60,20210412,200000,11.285,11.31,11.2802,11.2903,15298,0
NUV.US,60,20210412,210000,11.291,11.3089,11.26,11.26,51583,0
NUV.US,60,20210412,220000,11.26,11.2897,11.2566,11.26,48763,0
NUV.US,60,20210413,160000,11.27,11.289,11.25,11.289,20127,0
NUV.US,60,20210413,170000,11.2538,11.2897,11.25,11.28,24277,0
NUV.US,60,20210413,180000,11.285,11.29,11.26,11.26,24569,0
NUV.US,60,20210413,190000,11.2799,11.33,11.25,11.26,44992,0
NUV.US,60,20210413,200000,11.27,11.29,11.25,11.2797,20284,0
NUV.US,60,20210413,210000,11.285,11.35,11.28,11.34,43628,0
NUV.US,60,20210413,220000,11.34,11.42,11.34,11.39,45360,0
NUV.US,60,20210414,160000,11.37,11.37,11.32,11.36,29088,0
NUV.US,60,20210414,170000,11.3418,11.3599,11.33,11.33,9487,0
NUV.US,60,20210414,180000,11.3,11.379,11.27,11.355,55995,0
NUV.US,60,20210414,190000,11.355,11.42,11.3429,11.37,21824,0
NUV.US,60,20210414,200000,11.37,11.39,11.35,11.36,24611,0
NUV.US,60,20210414,210000,11.35,11.37,11.33,11.345,31180,0
NUV.US,60,20210414,220000,11.33,11.39,11.33,11.39,49865,0
NUV.US,60,20210415,160000,11.39,11.3974,11.34,11.368,8475,0
NUV.US,60,20210415,170000,11.345,11.362,11.33,11.3456,21899,0
NUV.US,60,20210415,180000,11.3465,11.4,11.33,11.38,47563,0
NUV.US,60,20210415,190000,11.38,11.39,11.36,11.36,26748,0
NUV.US,60,20210415,200000,11.36,11.3699,11.3,11.328,19946,0
NUV.US,60,20210415,210000,11.31,11.35,11.28,11.3291,47538,0
NUV.US,60,20210415,220000,11.325,11.35,11.3,11.3,37683,0
NUV.US,60,20210416,160000,11.3,11.35,11.3,11.325,29498,0
NUV.US,60,20210416,170000,11.325,11.3325,11.31,11.31,21847,0
NUV.US,60,20210416,180000,11.31,11.3117,11.28,11.29,37230,0
NUV.US,60,20210416,190000,11.2856,11.29,11.2593,11.28,34197,0
NUV.US,60,20210416,200000,11.271,11.28,11.25,11.2664,19112,0
NUV.US,60,20210416,210000,11.26,11.27,11.255,11.2605,17819,0
NUV.US,60,20210416,220000,11.2699,11.28,11.22,11.22,49820,0
NUV.US,60,20210419,160000,11.22,11.2564,11.16,11.23,17021,0
NUV.US,60,20210419,170000,11.25,11.26,11.1961,11.2098,45977,0
NUV.US,60,20210419,180000,11.2,11.2078,11.15,11.17,41061,0
NUV.US,60,20210419,190000,11.151,11.152,11.1,11.1289,53667,0
NUV.US,60,20210419,200000,11.12,11.1396,11.08,11.108,56963,0
NUV.US,60,20210419,210000,11.1,11.1281,11.09,11.11,34899,0
NUV.US,60,20210419,220000,11.0923,11.11,11.09,11.1,35467,0
NUV.US,60,20210420,160000,11.04,11.1,11.02,11.0745,52925,0
NUV.US,60,20210420,170000,11.07,11.09,11.065,11.08,22375,0
NUV.US,60,20210420,180000,11.09,11.09,11.08,11.085,35993,0
NUV.US,60,20210420,190000,11.085,11.09,11.08,11.085,17629,0
NUV.US,60,20210420,200000,11.085,11.09,11.08,11.09,15025,0
NUV.US,60,20210420,210000,11.085,11.09,11.08,11.0801,5910,0
NUV.US,60,20210420,220000,11.08,11.14,11.08,11.12,31691,0
NUV.US,60,20210421,160000,11.15,11.15,11.12,11.135,12105,0
NUV.US,60,20210421,170000,11.135,11.21,11.1209,11.205,23721,0
NUV.US,60,20210421,180000,11.2,11.21,11.175,11.175,50994,0
NUV.US,60,20210421,190000,11.17,11.2,11.17,11.19,9515,0
NUV.US,60,20210421,200000,11.18,11.18,11.1487,11.155,26866,0
NUV.US,60,20210421,210000,11.1511,11.17,11.15,11.1501,21750,0
NUV.US,60,20210421,220000,11.1673,11.24,11.15,11.21,73220,0
NUV.US,60,20210422,160000,11.17,11.24,11.17,11.225,20868,0
NUV.US,60,20210422,170000,11.21,11.23,11.18,11.2,27885,0
NUV.US,60,20210422,180000,11.2,11.24,11.2,11.21,14427,0
NUV.US,60,20210422,190000,11.21,11.22,11.21,11.21,23020,0
NUV.US,60,20210422,200000,11.21,11.22,11.2,11.21,11844,0
NUV.US,60,20210422,210000,11.21,11.28,11.21,11.25,54741,0
NUV.US,60,20210422,220000,11.25,11.27,11.21,11.21,61317,0
NUV.US,60,20210423,160000,11.21,11.26,11.21,11.22,13370,0
NUV.US,60,20210423,170000,11.2455,11.27,11.2145,11.22,20585,0
NUV.US,60,20210423,180000,11.22,11.23,11.21,11.21,6924,0
NUV.US,60,20210423,190000,11.21,11.23,11.21,11.21,19353,0
NUV.US,60,20210423,200000,11.21,11.25,11.2,11.23,46147,0
NUV.US,60,20210423,210000,11.235,11.26,11.21,11.21,38416,0
NUV.US,60,20210423,220000,11.21,11.22,11.19,11.2,22041,0
NUV.US,60,20210426,160000,11.18,11.21,11.17,11.17,65573,0
NUV.US,60,20210426,170000,11.1899,11.21,11.18,11.18,27718,0
NUV.US,60,20210426,180000,11.18,11.2,11.18,11.1955,49462,0
NUV.US,60,20210426,190000,11.1988,11.23,11.1955,11.2285,36578,0
NUV.US,60,20210426,200000,11.23,11.23,11.1901,11.195,34316,0
NUV.US,60,20210426,210000,11.19,11.1991,11.17,11.17,47328,0
NUV.US,60,20210426,220000,11.17,11.25,11.16,11.2,86810,0
NUV.US,60,20210427,160000,11.2,11.2114,11.19,11.1901,53418,0
NUV.US,60,20210427,170000,11.19,11.21,11.17,11.18,46200,0
NUV.US,60,20210427,180000,11.17,11.1947,11.17,11.1947,9520,0
NUV.US,60,20210427,190000,11.1946,11.2099,11.1804,11.1986,24478,0
NUV.US,60,20210427,200000,11.1921,11.24,11.1921,11.24,44430,0
NUV.US,60,20210427,210000,11.24,11.25,11.17,11.195,100392,0
NUV.US,60,20210427,220000,11.195,11.21,11.18,11.2,28326,0
NUV.US,60,20210428,160000,11.2,11.2297,11.17,11.18,57078,0
NUV.US,60,20210428,170000,11.1701,11.19,11.12,11.13,50936,0
NUV.US,60,20210428,180000,11.13,11.1459,11.13,11.135,23354,0
NUV.US,60,20210428,190000,11.13,11.1528,11.13,11.1369,34236,0
NUV.US,60,20210428,200000,11.13,11.16,11.13,11.14,19914,0
NUV.US,60,20210428,210000,11.17,11.17,11.14,11.17,39130,0
NUV.US,60,20210428,220000,11.17,11.22,11.17,11.2,60008,0
NUV.US,60,20210429,160000,11.2,11.24,11.2,11.21,74072,0
NUV.US,60,20210429,170000,11.21,11.24,11.2,11.21,121428,0
NUV.US,60,20210429,180000,11.21,11.23,11.21,11.22,52238,0
NUV.US,60,20210429,190000,11.227,11.25,11.22,11.22,64696,0
NUV.US,60,20210429,200000,11.22,11.23,11.22,11.23,70824,0
NUV.US,60,20210429,210000,11.2307,11.24,11.23,11.2367,46644,0
NUV.US,60,20210429,220000,11.235,11.25,11.215,11.23,43908,0
NUV.US,60,20210430,160000,11.22,11.25,11.22,11.25,11858,0
NUV.US,60,20210430,170000,11.24,11.2499,11.23,11.2499,31950,0
NUV.US,60,20210430,180000,11.25,11.25,11.23,11.231,31530,0
NUV.US,60,20210430,190000,11.25,11.26,11.23,11.23,58924,0
NUV.US,60,20210430,200000,11.2444,11.26,11.242,11.254,17578,0
NUV.US,60,20210430,210000,11.25,11.25,11.22,11.23,43006,0
NUV.US,60,20210430,220000,11.2229,11.27,11.2,11.27,48006,0
NUV.US,60,20210503,160000,11.3,11.32,11.295,11.31,35451,0
NUV.US,60,20210503,170000,11.32,11.37,11.31,11.37,58938,0
NUV.US,60,20210503,180000,11.37,11.387,11.33,11.387,20029,0
NUV.US,60,20210503,190000,11.4,11.4,11.36,11.36,10380,0
NUV.US,60,20210503,200000,11.365,11.38,11.36,11.3635,13041,0
NUV.US,60,20210503,210000,11.366,11.38,11.36,11.3688,45291,0
NUV.US,60,20210503,220000,11.3628,11.38,11.36,11.38,50738,0
NUV.US,60,20210504,160000,11.38,11.38,11.33,11.345,10902,0
NUV.US,60,20210504,170000,11.345,11.4399,11.33,11.4239,34769,0
NUV.US,60,20210504,180000,11.4101,11.44,11.3899,11.3992,53032,0
NUV.US,60,20210504,190000,11.4,11.422,11.393,11.422,30186,0
NUV.US,60,20210504,200000,11.4219,11.44,11.4,11.44,22506,0
NUV.US,60,20210504,210000,11.425,11.425,11.38,11.38,33093,0
NUV.US,60,20210504,220000,11.37,11.39,11.32,11.34,62676,0
NUV.US,60,20210505,160000,11.36,11.38,11.36,11.365,16235,0
NUV.US,60,20210505,170000,11.36,11.36,11.34,11.345,11836,0
NUV.US,60,20210505,180000,11.345,11.35,11.3422,11.35,11817,0
NUV.US,60,20210505,190000,11.3409,11.3796,11.3409,11.3787,24897,0
NUV.US,60,20210505,200000,11.375,11.38,11.373,11.3788,8581,0
NUV.US,60,20210505,210000,11.37,11.39,11.37,11.3785,8622,0
NUV.US,60,20210505,220000,11.3807,11.3896,11.33,11.36,57861,0
NUV.US,60,20210506,160000,11.38,11.38,11.34,11.34,19493,0
NUV.US,60,20210506,170000,11.358,11.38,11.34,11.3624,9462,0
NUV.US,60,20210506,180000,11.3563,11.365,11.34,11.3475,38469,0
NUV.US,60,20210506,190000,11.341,11.3685,11.34,11.34,31937,0
NUV.US,60,20210506,200000,11.34,11.37,11.34,11.349,22550,0
NUV.US,60,20210506,210000,11.37,11.4596,11.35,11.4244,161308,0
NUV.US,60,20210506,220000,11.442,11.445,11.38,11.42,64359,0
NUV.US,60,20210507,160000,11.46,11.46,11.4119,11.44,25803,0
NUV.US,60,20210507,170000,11.44,11.4612,11.4399,11.46,14527,0
NUV.US,60,20210507,180000,11.45,11.4878,11.45,11.4878,13773,0
NUV.US,60,20210507,190000,11.46,11.4793,11.46,11.4769,16007,0
NUV.US,60,20210507,200000,11.49,11.49,11.43,11.465,35246,0
NUV.US,60,20210507,210000,11.465,11.47,11.44,11.44,14531,0
NUV.US,60,20210507,220000,11.45,11.47,11.4,11.47,33340,0
NUV.US,60,20210510,160000,11.49,11.5,11.4506,11.47,22174,0
NUV.US,60,20210510,170000,11.4702,11.49,11.46,11.4898,31209,0
NUV.US,60,20210510,180000,11.4899,11.4911,11.46,11.47,16093,0
NUV.US,60,20210510,190000,11.46,11.465,11.43,11.43,17428,0
NUV.US,60,20210510,200000,11.43,11.4599,11.42,11.42,21749,0
NUV.US,60,20210510,210000,11.42,11.45,11.42,11.42,17801,0
NUV.US,60,20210510,220000,11.42,11.48,11.41,11.48,46675,0
NUV.US,60,20210511,160000,11.44,11.4798,11.42,11.47,10477,0
NUV.US,60,20210511,170000,11.4699,11.49,11.4446,11.4446,13240,0
NUV.US,60,20210511,180000,11.465,11.47,11.4401,11.47,31235,0
NUV.US,60,20210511,190000,11.45,11.47,11.4,11.41,62583,0
NUV.US,60,20210511,200000,11.41,11.42,11.41,11.41,15682,0
NUV.US,60,20210511,210000,11.415,11.415,11.34,11.3533,29567,0
NUV.US,60,20210511,220000,11.33,11.36,11.33,11.34,54792,0
NUV.US,60,20210512,160000,11.38,11.38,11.31,11.31,23747,0
NUV.US,60,20210512,170000,11.35,11.35,11.3,11.325,69880,0
NUV.US,60,20210512,180000,11.3212,11.33,11.3101,11.3176,20094,0
NUV.US,60,20210512,190000,11.315,11.38,11.315,11.33,64169,0
NUV.US,60,20210512,200000,11.311,11.34,11.311,11.3379,18224,0
NUV.US,60,20210512,210000,11.313,11.32,11.2892,11.301,34249,0
NUV.US,60,20210512,220000,11.291,11.3411,11.29,11.3245,71744,0
NUV.US,60,20210513,160000,11.3,11.352,11.27,11.28,29614,0
NUV.US,60,20210513,170000,11.285,11.32,11.26,11.27,18739,0
NUV.US,60,20210513,180000,11.275,11.29,11.16,11.16,59686,0
NUV.US,60,20210513,190000,11.1655,11.198,11.16,11.17,52579,0
NUV.US,60,20210513,200000,11.17,11.2,11.16,11.19,40067,0
NUV.US,60,20210513,210000,11.18,11.23,11.16,11.2297,30527,0
NUV.US,60,20210513,220000,11.2,11.215,11.16,11.17,50170,0
NUV.US,60,20210514,160000,11.18,11.2295,11.18,11.215,10690,0
NUV.US,60,20210514,170000,11.2,11.24,11.2,11.2248,12418,0
NUV.US,60,20210514,180000,11.235,11.25,11.21,11.22,32297,0
NUV.US,60,20210514,190000,11.23,11.26,11.2205,11.26,19249,0
NUV.US,60,20210514,200000,11.266,11.29,11.24,11.2792,43793,0
NUV.US,60,20210514,210000,11.275,11.28,11.27,11.2703,23336,0
NUV.US,60,20210514,220000,11.28,11.28,11.265,11.27,16308,0
NUV.US,60,20210517,160000,11.23,11.25,11.22,11.2216,18847,0
NUV.US,60,20210517,170000,11.225,11.23,11.215,11.225,18738,0
NUV.US,60,20210517,180000,11.23,11.25,11.22,11.24,18562,0
NUV.US,60,20210517,190000,11.23,11.24,11.23,11.24,6447,0
NUV.US,60,20210517,200000,11.235,11.25,11.23,11.236,10569,0
NUV.US,60,20210517,210000,11.235,11.25,11.23,11.25,13891,0
NUV.US,60,20210517,220000,11.2301,11.25,11.22,11.22,23990,0
NUV.US,60,20210518,160000,11.22,11.25,11.22,11.2364,46920,0
NUV.US,60,20210518,170000,11.24,11.25,11.22,11.24,37283,0
NUV.US,60,20210518,180000,11.241,11.25,11.235,11.2397,19167,0
NUV.US,60,20210518,190000,11.2386,11.2399,11.2217,11.2217,6193,0
NUV.US,60,20210518,200000,11.225,11.225,11.19,11.195,23050,0
NUV.US,60,20210518,210000,11.19,11.23,11.16,11.2,104635,0
NUV.US,60,20210518,220000,11.1856,11.1999,11.15,11.155,36603,0
NUV.US,60,20210519,160000,11.15,11.19,11.15,11.19,11123,0
NUV.US,60,20210519,170000,11.1643,11.19,11.1643,11.19,13192,0
NUV.US,60,20210519,180000,11.19,11.23,11.1836,11.2124,5914,0
NUV.US,60,20210519,190000,11.22,11.23,11.205,11.23,11366,0
NUV.US,60,20210519,200000,11.2135,11.2536,11.2135,11.2536,17178,0
NUV.US,60,20210519,210000,11.25,11.28,11.243,11.2742,23558,0
NUV.US,60,20210519,220000,11.275,11.3658,11.275,11.36,34832,0
NUV.US,60,20210520,160000,11.38,11.38,11.34,11.365,11179,0
NUV.US,60,20210520,170000,11.365,11.4296,11.34,11.39,38300,0
NUV.US,60,20210520,180000,11.43,11.45,11.42,11.445,34490,0
NUV.US,60,20210520,190000,11.445,11.46,11.42,11.4266,11803,0
NUV.US,60,20210520,200000,11.4201,11.44,11.42,11.44,13493,0
NUV.US,60,20210520,210000,11.44,11.44,11.42,11.42,16544,0
NUV.US,60,20210520,220000,11.4387,11.5,11.423,11.47,62093,0
NUV.US,60,20210521,160000,11.43,11.46,11.43,11.46,21463,0
NUV.US,60,20210521,170000,11.4699,11.4699,11.44,11.46,15829,0
NUV.US,60,20210521,180000,11.4601,11.5,11.46,11.4984,35395,0
NUV.US,60,20210521,190000,11.49,11.49,11.46,11.4859,13878,0
NUV.US,60,20210521,200000,11.4849,11.5,11.479,11.49,7195,0
NUV.US,60,20210521,210000,11.4905,11.5,11.46,11.4699,14486,0
NUV.US,60,20210521,220000,11.4663,11.5,11.4663,11.47,29015,0
NUV.US,60,20210524,160000,11.49,11.5,11.4843,11.49,14721,0
NUV.US,60,20210524,170000,11.4821,11.54,11.4821,11.5358,45279,0
NUV.US,60,20210524,180000,11.52,11.53,11.5,11.505,31424,0
NUV.US,60,20210524,190000,11.5,11.5249,11.49,11.5249,12834,0
NUV.US,60,20210524,200000,11.528,11.55,11.5,11.55,44016,0
NUV.US,60,20210524,210000,11.5499,11.56,11.4949,11.53,51257,0
NUV.US,60,20210524,220000,11.547,11.58,11.51,11.57,34910,0
NUV.US,60,20210525,160000,11.6,11.6394,11.59,11.59,31986,0
NUV.US,60,20210525,170000,11.59,11.61,11.59,11.603,13450,0
NUV.US,60,20210525,180000,11.6064,11.63,11.59,11.6,31198,0
NUV.US,60,20210525,190000,11.59,11.61,11.5803,11.59,5120,0
NUV.US,60,20210525,200000,11.62,11.635,11.605,11.62,18408,0
NUV.US,60,20210525,210000,11.6,11.64,11.6,11.6398,38272,0
NUV.US,60,20210525,220000,11.63,11.64,11.61,11.63,39237,0
NUV.US,60,20210526,160000,11.63,11.63,11.51,11.5799,19540,0
NUV.US,60,20210526,170000,11.53,11.58,11.4899,11.53,75787,0
NUV.US,60,20210526,180000,11.53,11.62,11.5201,11.53,32140,0
NUV.US,60,20210526,190000,11.58,11.59,11.53,11.54,35676,0
NUV.US,60,20210526,200000,11.54,11.55,11.51,11.52,51388,0
NUV.US,60,20210526,210000,11.52,11.56,11.51,11.558,65619,0
NUV.US,60,20210526,220000,11.5593,11.59,11.52,11.54,62119,0
NUV.US,60,20210527,160000,11.6,11.6,11.57,11.595,48578,0
NUV.US,60,20210527,170000,11.59,11.62,11.59,11.61,41137,0
NUV.US,60,20210527,180000,11.6061,11.6061,11.47,11.4999,107009,0
NUV.US,60,20210527,190000,11.495,11.5,11.46,11.46,10728,0
NUV.US,60,20210527,200000,11.47,11.5,11.45,11.48,34772,0
NUV.US,60,20210527,210000,11.485,11.5,11.45,11.47,25379,0
NUV.US,60,20210527,220000,11.46,11.47,11.44,11.47,32670,0
NUV.US,60,20210528,160000,11.51,11.51,11.45,11.45,11670,0
NUV.US,60,20210528,170000,11.45,11.46,11.41,11.4242,40919,0
NUV.US,60,20210528,180000,11.4292,11.43,11.41,11.42,22060,0
NUV.US,60,20210528,190000,11.42,11.44,11.4114,11.435,16134,0
NUV.US,60,20210528,200000,11.45,11.45,11.4425,11.4475,7666,0
NUV.US,60,20210528,210000,11.4476,11.4476,11.4,11.43,32409,0
NUV.US,60,20210528,220000,11.43,11.46,11.43,11.46,24198,0
NUV.US,60,20210601,160000,11.52,11.53,11.47,11.47,31941,0
NUV.US,60,20210601,170000,11.46,11.55,11.46,11.55,43679,0
NUV.US,60,20210601,180000,11.54,11.6,11.54,11.55,41900,0
NUV.US,60,20210601,190000,11.55,11.58,11.55,11.58,20703,0
NUV.US,60,20210601,200000,11.56,11.571,11.56,11.56,16041,0
NUV.US,60,20210601,210000,11.574,11.6,11.55,11.555,57465,0
NUV.US,60,20210601,220000,11.5569,11.59,11.55,11.59,24233,0
NUV.US,60,20210602,160000,11.59,11.59,11.53,11.563,20131,0
NUV.US,60,20210602,170000,11.5617,11.5802,11.53,11.5501,31969,0
NUV.US,60,20210602,180000,11.56,11.57,11.54,11.54,27971,0
NUV.US,60,20210602,190000,11.545,11.5511,11.48,11.485,47831,0
NUV.US,60,20210602,200000,11.48,11.52,11.48,11.505,31517,0
NUV.US,60,20210602,210000,11.5123,11.519,11.44,11.4991,73146,0
NUV.US,60,20210602,220000,11.475,11.5,11.4585,11.48,36430,0
NUV.US,60,20210603,160000,11.52,11.53,11.4443,11.47,34609,0
NUV.US,60,20210603,170000,11.4438,11.4733,11.43,11.44,35966,0
NUV.US,60,20210603,180000,11.43,11.4408,11.42,11.44,41552,0
NUV.US,60,20210603,190000,11.43,11.44,11.4,11.4,37154,0
NUV.US,60,20210603,200000,11.405,11.42,11.4,11.4097,41579,0
NUV.US,60,20210603,210000,11.4097,11.4399,11.4,11.416,36422,0
NUV.US,60,20210603,220000,11.4265,11.445,11.41,11.44,48269,0
NUV.US,60,20210604,160000,11.45,11.45,11.425,11.435,17046,0
NUV.US,60,20210604,170000,11.45,11.465,11.43,11.4501,47649,0
NUV.US,60,20210604,180000,11.465,11.48,11.43,11.45,22707,0
NUV.US,60,20210604,190000,11.45,11.45,11.4306,11.445,21052,0
NUV.US,60,20210604,200000,11.45,11.45,11.44,11.4426,16682,0
NUV.US,60,20210604,210000,11.45,11.48,11.44,11.48,39259,0
NUV.US,60,20210604,220000,11.48,11.52,11.48,11.52,25459,0
NUV.US,60,20210607,160000,11.53,11.5498,11.48,11.495,20610,0
NUV.US,60,20210607,170000,11.4874,11.51,11.4802,11.51,19552,0
NUV.US,60,20210607,180000,11.54,11.56,11.51,11.5355,31450,0
NUV.US,60,20210607,190000,11.53,11.57,11.53,11.5655,17293,0
NUV.US,60,20210607,200000,11.57,11.575,11.56,11.5607,13325,0
NUV.US,60,20210607,210000,11.56,11.58,11.5547,11.5701,19943,0
NUV.US,60,20210607,220000,11.57,11.6,11.566,11.57,56931,0
NUV.US,60,20210608,160000,11.48,11.53,11.44,11.465,79505,0
NUV.US,60,20210608,170000,11.4613,11.47,11.44,11.46,36593,0
NUV.US,60,20210608,180000,11.46,11.46,11.43,11.43,43466,0
NUV.US,60,20210608,190000,11.431,11.44,11.42,11.43,27584,0
NUV.US,60,20210608,200000,11.4442,11.45,11.43,11.43,20260,0
NUV.US,60,20210608,210000,11.43,11.4356,11.41,11.42,17995,0
NUV.US,60,20210608,220000,11.42,11.44,11.41,11.41,47524,0
NUV.US,60,20210609,160000,11.45,11.46,11.42,11.4242,19677,0
NUV.US,60,20210609,170000,11.4263,11.45,11.42,11.43,23290,0
NUV.US,60,20210609,180000,11.43,11.46,11.43,11.4567,26217,0
NUV.US,60,20210609,190000,11.44,11.485,11.44,11.46,20803,0
NUV.US,60,20210609,200000,11.4601,11.51,11.4601,11.51,45509,0
NUV.US,60,20210609,210000,11.51,11.52,11.5,11.5,30749,0
NUV.US,60,20210609,220000,11.49,11.505,11.47,11.48,31023,0
NUV.US,60,20210610,160000,11.48,11.49,11.46,11.46,7989,0
NUV.US,60,20210610,170000,11.51,11.55,11.45,11.46,57043,0
NUV.US,60,20210610,180000,11.46,11.46,11.43,11.44,23896,0
NUV.US,60,20210610,190000,11.44,11.442,11.42,11.435,31993,0
NUV.US,60,20210610,200000,11.435,11.47,11.435,11.4503,12368,0
NUV.US,60,20210610,210000,11.4641,11.5,11.45,11.4997,49223,0
NUV.US,60,20210610,220000,11.4999,11.5,11.46,11.48,24684,0
NUV.US,60,20210611,160000,11.51,11.52,11.502,11.502,7060,0
NUV.US,60,20210611,170000,11.48,11.5099,11.48,11.4801,22717,0
NUV.US,60,20210611,180000,11.49,11.5497,11.4899,11.5497,33893,0
NUV.US,60,20210611,190000,11.5397,11.5397,11.511,11.5288,13273,0
NUV.US,60,20210611,200000,11.53,11.5507,11.514,11.5507,19665,0
NUV.US,60,20210611,210000,11.56,11.56,11.52,11.52,22704,0
NUV.US,60,20210611,220000,11.5201,11.55,11.46,11.46,58519,0
NUV.US,60,20210614,160000,11.47,11.48,11.4613,11.48,27470,0
NUV.US,60,20210614,170000,11.4681,11.48,11.4625,11.48,17876,0
NUV.US,60,20210614,180000,11.461,11.48,11.46,11.48,11886,0
NUV.US,60,20210614,190000,11.4616,11.4752,11.45,11.45,9050,0
NUV.US,60,20210614,200000,11.465,11.4744,11.465,11.4742,5217,0
NUV.US,60,20210614,210000,11.45,11.46,11.43,11.455,18164,0
NUV.US,60,20210614,220000,11.46,11.48,11.45,11.45,30909,0
NUV.US,60,20210615,160000,11.5,11.5,11.4736,11.4736,8102,0
NUV.US,60,20210615,170000,11.5,11.51,11.4802,11.495,28591,0
NUV.US,60,20210615,180000,11.5034,11.51,11.45,11.45,30371,0
NUV.US,60,20210615,190000,11.455,11.5,11.455,11.4931,22921,0
NUV.US,60,20210615,200000,11.4913,11.54,11.49,11.531,28777,0
NUV.US,60,20210615,210000,11.5399,11.5399,11.43,11.43,40092,0
NUV.US,60,20210615,220000,11.45,11.509,11.43,11.48,17728,0
NUV.US,60,20210616,160000,11.52,11.54,11.5,11.5247,47561,0
NUV.US,60,20210616,170000,11.5259,11.5259,11.48,11.4802,41878,0
NUV.US,60,20210616,180000,11.5,11.52,11.48,11.49,47585,0
NUV.US,60,20210616,190000,11.5196,11.5196,11.48,11.5155,18610,0
NUV.US,60,20210616,200000,11.4965,11.52,11.4965,11.52,13885,0
NUV.US,60,20210616,210000,11.5177,11.5412,11.48,11.485,30597,0
NUV.US,60,20210616,220000,11.485,11.57,11.485,11.55,44624,0
NUV.US,60,20210617,160000,11.51,11.53,11.5,11.506,12084,0
NUV.US,60,20210617,170000,11.5072,11.55,11.5018,11.53,13893,0
NUV.US,60,20210617,180000,11.542,11.542,11.5,11.5,16627,0
NUV.US,60,20210617,190000,11.5,11.5,11.49,11.49,21154,0
NUV.US,60,20210617,200000,11.5,11.55,11.5,11.5303,30011,0
NUV.US,60,20210617,210000,11.535,11.57,11.5244,11.54,26948,0
NUV.US,60,20210617,220000,11.5469,11.59,11.53,11.54,49604,0
NUV.US,60,20210618,160000,11.51,11.55,11.48,11.483,47730,0
NUV.US,60,20210618,170000,11.49,11.49,11.415,11.44,78219,0
NUV.US,60,20210618,180000,11.44,11.46,11.44,11.46,39283,0
NUV.US,60,20210618,190000,11.46,11.46,11.44,11.44,24358,0
NUV.US,60,20210618,200000,11.45,11.48,11.45,11.475,26299,0
NUV.US,60,20210618,210000,11.475,11.48,11.46,11.48,16406,0
NUV.US,60,20210618,220000,11.48,11.48,11.41,11.43,74497,0
NUV.US,60,20210621,160000,11.43,11.437,11.42,11.42,19084,0
NUV.US,60,20210621,170000,11.42,11.43,11.41,11.43,13303,0
NUV.US,60,20210621,180000,11.4299,11.45,11.4203,11.445,19742,0
NUV.US,60,20210621,190000,11.4306,11.4798,11.43,11.4428,12622,0
NUV.US,60,20210621,200000,11.4493,11.469,11.43,11.452,8263,0
NUV.US,60,20210621,210000,11.433,11.466,11.42,11.43,39233,0
NUV.US,60,20210621,220000,11.43,11.45,11.42,11.42,28920,0
NUV.US,60,20210622,160000,11.42,11.4499,11.42,11.435,19843,0
NUV.US,60,20210622,170000,11.435,11.45,11.435,11.45,11289,0
NUV.US,60,20210622,180000,11.44,11.45,11.44,11.4458,22001,0
NUV.US,60,20210622,190000,11.4493,11.4499,11.42,11.43,29274,0
NUV.US,60,20210622,200000,11.43,11.45,11.421,11.45,9142,0
NUV.US,60,20210622,210000,11.4422,11.45,11.42,11.4344,14607,0
NUV.US,60,20210622,220000,11.43,11.44,11.42,11.43,26354,0
NUV.US,60,20210623,160000,11.48,11.49,11.46,11.46,33584,0
NUV.US,60,20210623,170000,11.475,11.49,11.45,11.48,33912,0
NUV.US,60,20210623,180000,11.4773,11.48,11.47,11.4713,4083,0
NUV.US,60,20210623,190000,11.4701,11.49,11.47,11.47,8448,0
NUV.US,60,20210623,200000,11.47,11.4788,11.46,11.465,19464,0
NUV.US,60,20210623,210000,11.465,11.4668,11.43,11.435,26855,0
NUV.US,60,20210623,220000,11.435,11.46,11.4311,11.46,25128,0
NUV.US,60,20210624,160000,11.49,11.49,11.44,11.4586,11246,0
NUV.US,60,20210624,170000,11.4851,11.49,11.46,11.48,12496,0
NUV.US,60,20210624,180000,11.4684,11.4684,11.46,11.46,2210,0
NUV.US,60,20210624,190000,11.46,11.499,11.46,11.499,16185,0
NUV.US,60,20210624,200000,11.49,11.4986,11.48,11.49,16469,0
NUV.US,60,20210624,210000,11.488,11.5,11.4801,11.494,10518,0
NUV.US,60,20210624,220000,11.49,11.5,11.4601,11.5,32897,0
NUV.US,60,20210625,160000,11.51,11.51,11.45,11.48,29491,0
NUV.US,60,20210625,170000,11.492,11.52,11.4748,11.505,36404,0
NUV.US,60,20210625,180000,11.52,11.54,11.49,11.525,18247,0
NUV.US,60,20210625,190000,11.5135,11.53,11.51,11.521,29790,0
NUV.US,60,20210625,200000,11.52,11.55,11.52,11.55,22855,0
NUV.US,60,20210625,210000,11.545,11.545,11.49,11.49,38439,0
NUV.US,60,20210625,220000,11.495,11.54,11.49,11.54,19297,0
NUV.US,60,20210628,160000,11.54,11.55,11.535,11.545,9891,0
NUV.US,60,20210628,170000,11.551,11.5621,11.5,11.5,46474,0
NUV.US,60,20210628,180000,11.51,11.55,11.49,11.55,4812,0
NUV.US,60,20210628,190000,11.55,11.55,11.5,11.55,17132,0
NUV.US,60,20210628,200000,11.5376,11.55,11.5243,11.55,20854,0
NUV.US,60,20210628,210000,11.5373,11.549,11.51,11.51,15882,0
NUV.US,60,20210628,220000,11.5162,11.53,11.5,11.51,26734,0
NUV.US,60,20210629,160000,11.55,11.59,11.5206,11.5206,49406,0
NUV.US,60,20210629,170000,11.53,11.59,11.53,11.587,43767,0
NUV.US,60,20210629,180000,11.6,11.6,11.5766,11.6,43460,0
NUV.US,60,20210629,190000,11.5921,11.6,11.58,11.6,23736,0
NUV.US,60,20210629,200000,11.58,11.59,11.56,11.58,16817,0
NUV.US,60,20210629,210000,11.58,11.59,11.56,11.5645,24790,0
NUV.US,60,20210629,220000,11.5601,11.589,11.56,11.57,37191,0
NUV.US,60,20210630,160000,11.56,11.5953,11.56,11.58,11176,0
NUV.US,60,20210630,170000,11.595,11.6,11.59,11.59,7585,0
NUV.US,60,20210630,180000,11.585,11.6,11.572,11.575,12579,0
NUV.US,60,20210630,190000,11.5743,11.5798,11.5487,11.55,21566,0
NUV.US,60,20210630,200000,11.5567,11.588,11.553,11.58,27135,0
NUV.US,60,20210630,210000,11.58,11.59,11.56,11.57,43593,0
NUV.US,60,20210630,220000,11.55,11.6,11.53,11.53,73887,0
NUV.US,60,20210701,160000,11.58,11.6,11.57,11.6,43023,0
NUV.US,60,20210701,170000,11.61,11.64,11.6,11.64,27591,0
NUV.US,60,20210701,180000,11.64,11.64,11.6,11.6167,29886,0
NUV.US,60,20210701,190000,11.63,11.63,11.58,11.62,26643,0
NUV.US,60,20210701,200000,11.5858,11.6188,11.584,11.605,14791,0
NUV.US,60,20210701,210000,11.62,11.62,11.61,11.61,11743,0
NUV.US,60,20210701,220000,11.6101,11.62,11.52,11.58,98213,0
NUV.US,60,20210702,160000,11.61,11.61,11.58,11.6,9766,0
NUV.US,60,20210702,170000,11.5985,11.64,11.58,11.64,64847,0
NUV.US,60,20210702,180000,11.63,11.64,11.63,11.63,12734,0
NUV.US,60,20210702,190000,11.625,11.63,11.61,11.6102,12437,0
NUV.US,60,20210702,200000,11.62,11.63,11.6115,11.6115,19668,0
NUV.US,60,20210702,210000,11.61,11.63,11.61,11.62,47555,0
NUV.US,60,20210702,220000,11.6201,11.65,11.62,11.65,16966,0
NUV.US,60,20210706,160000,11.65,11.65,11.6,11.6399,21536,0
NUV.US,60,20210706,170000,11.625,11.625,11.6,11.618,16315,0
NUV.US,60,20210706,180000,11.62,11.62,11.6,11.6116,12612,0
NUV.US,60,20210706,190000,11.6,11.61,11.595,11.595,9376,0
NUV.US,60,20210706,200000,11.595,11.595,11.58,11.58,8655,0
NUV.US,60,20210706,210000,11.59,11.6383,11.59,11.6299,26463,0
NUV.US,60,20210706,220000,11.6,11.6168,11.56,11.58,58890,0
NUV.US,60,20210707,160000,11.61,11.61,11.5701,11.5701,20580,0
NUV.US,60,20210707,170000,11.57,11.57,11.5507,11.56,15973,0
NUV.US,60,20210707,180000,11.5501,11.56,11.5203,11.5494,43891,0
NUV.US,60,20210707,190000,11.54,11.5499,11.53,11.5472,19336,0
NUV.US,60,20210707,200000,11.54,11.56,11.54,11.5503,21831,0
NUV.US,60,20210707,210000,11.5555,11.56,11.55,11.5565,36772,0
NUV.US,60,20210707,220000,11.555,11.56,11.54,11.56,12668,0
NUV.US,60,20210708,160000,11.56,11.5826,11.559,11.56,19254,0
NUV.US,60,20210708,170000,11.56,11.5697,11.54,11.5481,44159,0
NUV.US,60,20210708,180000,11.57,11.57,11.555,11.56,7760,0
NUV.US,60,20210708,190000,11.57,11.58,11.56,11.57,18898,0
NUV.US,60,20210708,200000,11.5628,11.58,11.56,11.58,2066,0
NUV.US,60,20210708,210000,11.5601,11.587,11.56,11.56,16892,0
NUV.US,60,20210708,220000,11.56,11.5799,11.54,11.57,39425,0
NUV.US,60,20210709,160000,11.58,11.6,11.58,11.58,6233,0
NUV.US,60,20210709,170000,11.57,11.58,11.55,11.5723,14269,0
NUV.US,60,20210709,180000,11.59,11.59,11.58,11.59,5960,0
NUV.US,60,20210709,190000,11.586,11.59,11.57,11.58,25132,0
NUV.US,60,20210709,200000,11.5754,11.58,11.56,11.5799,16426,0
NUV.US,60,20210709,210000,11.57,11.58,11.56,11.5624,22358,0
NUV.US,60,20210709,220000,11.57,11.58,11.561,11.58,21893,0
