<TICKER>,<PER>,<DATE>,<TIME>,<OPEN>,<HIGH>,<LOW>,<CLOSE>,<VOL>,<OPENINT>
NXJ.US,60,20200914,160000,13.338,13.338,13.329,13.329,1937,0
NXJ.US,60,20200914,170000,13.343,13.387,13.343,13.387,3344,0
NXJ.US,60,20200914,180000,13.373,13.378,13.368,13.368,9070,0
NXJ.US,60,20200914,190000,13.375,13.378,13.368,13.368,2762,0
NXJ.US,60,20200914,200000,13.363,13.377,13.363,13.368,4782,0
NXJ.US,60,20200914,210000,13.368,13.368,13.358,13.368,7049,0
NXJ.US,60,20200914,220000,13.358,13.364,13.348,13.348,14268,0
NXJ.US,60,20200915,160000,13.368,13.368,13.338,13.368,4979,0
NXJ.US,60,20200915,170000,13.356,13.368,13.356,13.368,1749,0
NXJ.US,60,20200915,180000,13.368,13.373,13.349,13.368,9256,0
NXJ.US,60,20200915,190000,13.358,13.358,13.358,13.358,256,0
NXJ.US,60,20200915,200000,13.358,13.368,13.348,13.368,11531,0
NXJ.US,60,20200915,210000,13.358,13.358,13.358,13.358,2356,0
NXJ.US,60,20200915,220000,13.368,13.368,13.358,13.368,8146,0
NXJ.US,60,20200916,160000,13.387,13.387,13.339,13.339,6363,0
NXJ.US,60,20200916,170000,13.355,13.368,13.352,13.353,3591,0
NXJ.US,60,20200916,180000,13.353,13.368,13.353,13.368,2766,0
NXJ.US,60,20200916,190000,13.358,13.368,13.348,13.368,5595,0
NXJ.US,60,20200916,200000,13.348,13.368,13.348,13.361,1130,0
NXJ.US,60,20200916,210000,13.368,13.368,13.333,13.333,7287,0
NXJ.US,60,20200916,220000,13.333,13.368,13.328,13.368,17631,0
NXJ.US,60,20200917,160000,13.318,13.363,13.318,13.363,2032,0
NXJ.US,60,20200917,170000,13.378,13.387,13.348,13.387,15246,0
NXJ.US,60,20200917,180000,13.387,13.387,13.368,13.387,17273,0
NXJ.US,60,20200917,190000,13.387,13.387,13.368,13.378,3139,0
NXJ.US,60,20200917,210000,13.378,13.387,13.368,13.382,11013,0
NXJ.US,60,20200917,220000,13.373,13.373,13.339,13.368,1573,0
NXJ.US,60,20200918,160000,13.387,13.387,13.368,13.378,3895,0
NXJ.US,60,20200918,170000,13.378,13.387,13.368,13.369,10237,0
NXJ.US,60,20200918,180000,13.368,13.381,13.368,13.368,18120,0
NXJ.US,60,20200918,190000,13.368,13.378,13.368,13.368,2745,0
NXJ.US,60,20200918,200000,13.368,13.371,13.348,13.348,12422,0
NXJ.US,60,20200918,210000,13.347,13.368,13.338,13.348,6474,0
NXJ.US,60,20200918,220000,13.358,13.375,13.358,13.368,23211,0
NXJ.US,60,20200921,160000,13.407,13.407,13.348,13.353,6452,0
NXJ.US,60,20200921,170000,13.361,13.361,13.298,13.298,15780,0
NXJ.US,60,20200921,180000,13.288,13.298,13.288,13.293,11485,0
NXJ.US,60,20200921,190000,13.298,13.298,13.279,13.284,28685,0
NXJ.US,60,20200921,200000,13.298,13.298,13.284,13.288,5639,0
NXJ.US,60,20200921,210000,13.279,13.288,13.279,13.288,1024,0
NXJ.US,60,20200921,220000,13.288,13.288,13.252,13.26,30776,0
NXJ.US,60,20200922,160000,13.282,13.282,13.282,13.282,206,0
NXJ.US,60,20200922,170000,13.303,13.308,13.242,13.247,19107,0
NXJ.US,60,20200922,180000,13.251,13.26,13.251,13.26,2254,0
NXJ.US,60,20200922,190000,13.26,13.26,13.242,13.248,20291,0
NXJ.US,60,20200922,200000,13.233,13.247,13.233,13.236,6442,0
NXJ.US,60,20200922,210000,13.24,13.24,13.24,13.24,893,0
NXJ.US,60,20200922,220000,13.236,13.252,13.223,13.252,12065,0
NXJ.US,60,20200923,160000,13.298,13.298,13.233,13.26,4726,0
NXJ.US,60,20200923,170000,13.263,13.265,13.242,13.252,3101,0
NXJ.US,60,20200923,180000,13.26,13.26,13.26,13.26,1130,0
NXJ.US,60,20200923,190000,13.257,13.257,13.257,13.257,400,0
NXJ.US,60,20200923,200000,13.256,13.256,13.223,13.223,5510,0
NXJ.US,60,20200923,210000,13.213,13.213,13.183,13.193,9884,0
NXJ.US,60,20200923,220000,13.193,13.203,13.173,13.183,11590,0
NXJ.US,60,20200924,160000,13.213,13.213,13.173,13.173,1454,0
NXJ.US,60,20200924,170000,13.166,13.176,13.154,13.163,10660,0
NXJ.US,60,20200924,180000,13.163,13.163,13.124,13.163,10859,0
NXJ.US,60,20200924,190000,13.163,13.173,13.163,13.173,2138,0
NXJ.US,60,20200924,200000,13.17,13.176,13.163,13.163,6598,0
NXJ.US,60,20200924,210000,13.172,13.183,13.154,13.154,11182,0
NXJ.US,60,20200924,220000,13.162,13.163,13.154,13.163,4527,0
NXJ.US,60,20200925,160000,13.163,13.173,13.144,13.173,4746,0
NXJ.US,60,20200925,170000,13.173,13.173,13.173,13.173,2562,0
NXJ.US,60,20200925,180000,13.154,13.154,13.144,13.144,9415,0
NXJ.US,60,20200925,190000,13.134,13.154,13.111,13.113,12782,0
NXJ.US,60,20200925,200000,13.124,13.124,13.104,13.124,14892,0
NXJ.US,60,20200925,210000,13.124,13.134,13.109,13.114,15806,0
NXJ.US,60,20200925,220000,13.111,13.124,13.104,13.114,5215,0
NXJ.US,60,20200928,160000,13.124,13.193,13.124,13.193,6896,0
NXJ.US,60,20200928,170000,13.193,13.193,13.188,13.188,3792,0
NXJ.US,60,20200928,180000,13.188,13.188,13.182,13.183,17880,0
NXJ.US,60,20200928,190000,13.183,13.183,13.183,13.183,1742,0
NXJ.US,60,20200928,200000,13.173,13.192,13.167,13.183,4184,0
NXJ.US,60,20200928,210000,13.178,13.183,13.177,13.177,8738,0
NXJ.US,60,20200928,220000,13.178,13.183,13.173,13.183,2303,0
NXJ.US,60,20200929,160000,13.203,13.203,13.189,13.193,22950,0
NXJ.US,60,20200929,170000,13.188,13.193,13.182,13.183,12961,0
NXJ.US,60,20200929,180000,13.183,13.183,13.173,13.183,3998,0
NXJ.US,60,20200929,190000,13.183,13.193,13.181,13.181,4483,0
NXJ.US,60,20200929,200000,13.183,13.193,13.173,13.182,15767,0
NXJ.US,60,20200929,210000,13.178,13.183,13.168,13.168,17836,0
NXJ.US,60,20200929,220000,13.163,13.173,13.163,13.173,3250,0
NXJ.US,60,20200930,160000,13.213,13.213,13.188,13.213,6461,0
NXJ.US,60,20200930,170000,13.185,13.213,13.185,13.203,2516,0
NXJ.US,60,20200930,180000,13.203,13.213,13.196,13.213,8762,0
NXJ.US,60,20200930,190000,13.213,13.213,13.168,13.173,14913,0
NXJ.US,60,20200930,200000,13.168,13.183,13.154,13.183,14996,0
NXJ.US,60,20200930,210000,13.185,13.195,13.163,13.195,12795,0
NXJ.US,60,20200930,220000,13.193,13.213,13.183,13.203,16441,0
NXJ.US,60,20201001,160000,13.213,13.233,13.188,13.223,16426,0
NXJ.US,60,20201001,170000,13.223,13.233,13.203,13.223,15541,0
NXJ.US,60,20201001,180000,13.213,13.223,13.206,13.223,9311,0
NXJ.US,60,20201001,190000,13.203,13.223,13.203,13.218,7993,0
NXJ.US,60,20201001,200000,13.218,13.223,13.207,13.213,24147,0
NXJ.US,60,20201001,210000,13.223,13.223,13.221,13.223,8661,0
NXJ.US,60,20201001,220000,13.223,13.223,13.203,13.223,6778,0
NXJ.US,60,20201002,160000,13.203,13.223,13.203,13.223,10456,0
NXJ.US,60,20201002,170000,13.223,13.223,13.203,13.223,30480,0
NXJ.US,60,20201002,180000,13.223,13.223,13.213,13.223,7740,0
NXJ.US,60,20201002,190000,13.221,13.221,13.203,13.208,6159,0
NXJ.US,60,20201002,200000,13.213,13.213,13.193,13.211,8810,0
NXJ.US,60,20201002,210000,13.208,13.213,13.193,13.193,4294,0
NXJ.US,60,20201002,220000,13.203,13.26,13.203,13.26,44648,0
NXJ.US,60,20201005,160000,13.26,13.26,13.203,13.203,4825,0
NXJ.US,60,20201005,170000,13.225,13.232,13.183,13.183,10485,0
NXJ.US,60,20201005,180000,13.183,13.213,13.183,13.205,6824,0
NXJ.US,60,20201005,190000,13.203,13.203,13.183,13.183,10505,0
NXJ.US,60,20201005,200000,13.203,13.203,13.203,13.203,100,0
NXJ.US,60,20201005,210000,13.193,13.213,13.193,13.213,6392,0
NXJ.US,60,20201005,220000,13.212,13.213,13.193,13.213,9379,0
NXJ.US,60,20201006,160000,13.213,13.213,13.213,13.213,735,0
NXJ.US,60,20201006,170000,13.242,13.252,13.223,13.242,8099,0
NXJ.US,60,20201006,180000,13.223,13.223,13.203,13.223,6925,0
NXJ.US,60,20201006,190000,13.22,13.22,13.203,13.203,1433,0
NXJ.US,60,20201006,200000,13.213,13.213,13.193,13.212,7876,0
NXJ.US,60,20201006,210000,13.218,13.218,13.185,13.185,4967,0
NXJ.US,60,20201006,220000,13.203,13.211,13.193,13.193,5447,0
NXJ.US,60,20201007,160000,13.193,13.213,13.193,13.213,562,0
NXJ.US,60,20201007,170000,13.193,13.233,13.193,13.233,9233,0
NXJ.US,60,20201007,180000,13.193,13.233,13.193,13.203,2409,0
NXJ.US,60,20201007,190000,13.203,13.252,13.203,13.228,17566,0
NXJ.US,60,20201007,200000,13.218,13.252,13.218,13.223,3843,0
NXJ.US,60,20201007,210000,13.223,13.223,13.213,13.219,2366,0
NXJ.US,60,20201007,220000,13.223,13.233,13.203,13.233,4635,0
NXJ.US,60,20201008,160000,13.252,13.252,13.223,13.223,279,0
NXJ.US,60,20201008,170000,13.252,13.252,13.247,13.252,819,0
NXJ.US,60,20201008,180000,13.242,13.247,13.242,13.242,874,0
NXJ.US,60,20201008,190000,13.252,13.26,13.252,13.26,1337,0
NXJ.US,60,20201008,200000,13.256,13.256,13.252,13.252,1024,0
NXJ.US,60,20201008,210000,13.25,13.26,13.245,13.252,4404,0
NXJ.US,60,20201008,220000,13.242,13.26,13.233,13.242,3024,0
NXJ.US,60,20201009,160000,13.252,13.27,13.252,13.27,1625,0
NXJ.US,60,20201009,170000,13.27,13.288,13.258,13.288,3559,0
NXJ.US,60,20201009,180000,13.288,13.298,13.272,13.298,7109,0
NXJ.US,60,20201009,190000,13.298,13.298,13.279,13.279,3027,0
NXJ.US,60,20201009,200000,13.274,13.274,13.271,13.271,387,0
NXJ.US,60,20201009,210000,13.279,13.279,13.27,13.27,873,0
NXJ.US,60,20201009,220000,13.27,13.279,13.261,13.279,595,0
NXJ.US,60,20201012,160000,13.348,13.348,13.318,13.318,3551,0
NXJ.US,60,20201012,170000,13.328,13.333,13.321,13.333,4293,0
NXJ.US,60,20201012,180000,13.338,13.338,13.333,13.333,2908,0
NXJ.US,60,20201012,190000,13.338,13.338,13.338,13.338,306,0
NXJ.US,60,20201012,200000,13.328,13.333,13.328,13.328,387,0
NXJ.US,60,20201012,210000,13.318,13.325,13.308,13.309,5481,0
NXJ.US,60,20201012,220000,13.308,13.338,13.308,13.338,8951,0
NXJ.US,60,20201013,160000,13.308,13.373,13.308,13.348,7427,0
NXJ.US,60,20201013,170000,13.348,13.368,13.348,13.368,15131,0
NXJ.US,60,20201013,180000,13.358,13.368,13.358,13.358,8611,0
NXJ.US,60,20201013,190000,13.363,13.368,13.358,13.358,4053,0
NXJ.US,60,20201013,200000,13.358,13.368,13.358,13.368,4203,0
NXJ.US,60,20201013,210000,13.368,13.368,13.368,13.368,8914,0
NXJ.US,60,20201013,220000,13.368,13.407,13.348,13.368,23200,0
NXJ.US,60,20201014,160000,13.386,13.425,13.386,13.415,1886,0
NXJ.US,60,20201014,170000,13.395,13.415,13.395,13.405,4261,0
NXJ.US,60,20201014,180000,13.395,13.405,13.381,13.386,1685,0
NXJ.US,60,20201014,190000,13.405,13.405,13.389,13.389,1417,0
NXJ.US,60,20201014,200000,13.39,13.405,13.382,13.382,5103,0
NXJ.US,60,20201014,210000,13.386,13.405,13.386,13.386,8127,0
NXJ.US,60,20201014,220000,13.386,13.395,13.386,13.395,518,0
NXJ.US,60,20201015,160000,13.395,13.395,13.306,13.395,1508,0
NXJ.US,60,20201015,170000,13.395,13.395,13.346,13.356,5075,0
NXJ.US,60,20201015,180000,13.366,13.366,13.346,13.361,6426,0
NXJ.US,60,20201015,190000,13.361,13.373,13.356,13.373,513,0
NXJ.US,60,20201015,200000,13.356,13.356,13.346,13.346,200,0
NXJ.US,60,20201015,210000,13.346,13.375,13.336,13.375,7468,0
NXJ.US,60,20201015,220000,13.375,13.375,13.336,13.356,5010,0
NXJ.US,60,20201016,160000,13.376,13.376,13.326,13.326,2714,0
NXJ.US,60,20201016,170000,13.356,13.378,13.326,13.376,1343,0
NXJ.US,60,20201016,180000,13.376,13.386,13.376,13.376,4126,0
NXJ.US,60,20201016,190000,13.376,13.386,13.336,13.336,9025,0
NXJ.US,60,20201016,200000,13.376,13.376,13.326,13.336,20732,0
NXJ.US,60,20201016,210000,13.336,13.356,13.336,13.346,4146,0
NXJ.US,60,20201016,220000,13.336,13.346,13.326,13.346,6023,0
NXJ.US,60,20201019,160000,13.405,13.405,13.346,13.376,9003,0
NXJ.US,60,20201019,170000,13.376,13.386,13.376,13.376,2212,0
NXJ.US,60,20201019,180000,13.386,13.386,13.366,13.376,7332,0
NXJ.US,60,20201019,190000,13.379,13.386,13.378,13.386,4556,0
NXJ.US,60,20201019,200000,13.381,13.386,13.381,13.386,6224,0
NXJ.US,60,20201019,210000,13.386,13.386,13.371,13.376,11476,0
NXJ.US,60,20201019,220000,13.366,13.376,13.366,13.376,16192,0
NXJ.US,60,20201020,160000,13.386,13.395,13.376,13.395,1682,0
NXJ.US,60,20201020,170000,13.405,13.425,13.386,13.4,21363,0
NXJ.US,60,20201020,180000,13.4,13.415,13.4,13.4,815,0
NXJ.US,60,20201020,190000,13.415,13.415,13.376,13.39,10465,0
NXJ.US,60,20201020,200000,13.405,13.405,13.39,13.39,3265,0
NXJ.US,60,20201020,210000,13.39,13.405,13.39,13.4,9046,0
NXJ.US,60,20201020,220000,13.4,13.415,13.399,13.41,8581,0
NXJ.US,60,20201021,160000,13.386,13.386,13.366,13.376,9125,0
NXJ.US,60,20201021,170000,13.386,13.405,13.386,13.395,10000,0
NXJ.US,60,20201021,180000,13.395,13.405,13.395,13.405,2400,0
NXJ.US,60,20201021,190000,13.405,13.405,13.395,13.405,1940,0
NXJ.US,60,20201021,200000,13.4,13.415,13.395,13.395,9290,0
NXJ.US,60,20201021,210000,13.405,13.415,13.395,13.405,9388,0
NXJ.US,60,20201021,220000,13.405,13.41,13.326,13.336,7709,0
NXJ.US,60,20201022,160000,13.366,13.366,13.366,13.366,948,0
NXJ.US,60,20201022,170000,13.376,13.376,13.356,13.376,3656,0
NXJ.US,60,20201022,180000,13.366,13.375,13.336,13.375,3165,0
NXJ.US,60,20201022,190000,13.356,13.386,13.336,13.376,20621,0
NXJ.US,60,20201022,200000,13.356,13.366,13.356,13.366,200,0
NXJ.US,60,20201022,210000,13.376,13.425,13.373,13.376,36130,0
NXJ.US,60,20201022,220000,13.376,13.405,13.376,13.405,3622,0
NXJ.US,60,20201023,160000,13.376,13.389,13.376,13.386,4366,0
NXJ.US,60,20201023,170000,13.402,13.402,13.39,13.39,435,0
NXJ.US,60,20201023,190000,13.39,13.405,13.39,13.405,5819,0
NXJ.US,60,20201023,200000,13.402,13.402,13.402,13.402,920,0
NXJ.US,60,20201023,210000,13.405,13.405,13.395,13.395,1920,0
NXJ.US,60,20201023,220000,13.398,13.405,13.386,13.405,12375,0
NXJ.US,60,20201026,150000,13.395,13.395,13.356,13.356,8529,0
NXJ.US,60,20201026,160000,13.366,13.376,13.356,13.356,2025,0
NXJ.US,60,20201026,170000,13.366,13.376,13.346,13.346,13754,0
NXJ.US,60,20201026,180000,13.346,13.366,13.316,13.316,18838,0
NXJ.US,60,20201026,190000,13.316,13.316,13.296,13.296,2551,0
NXJ.US,60,20201026,200000,13.296,13.296,13.286,13.286,12740,0
NXJ.US,60,20201026,210000,13.286,13.306,13.286,13.306,7807,0
NXJ.US,60,20201027,150000,13.346,13.346,13.306,13.336,2648,0
NXJ.US,60,20201027,160000,13.336,13.336,13.306,13.309,3437,0
NXJ.US,60,20201027,170000,13.336,13.336,13.306,13.336,2868,0
NXJ.US,60,20201027,180000,13.336,13.346,13.306,13.346,4694,0
NXJ.US,60,20201027,190000,13.341,13.366,13.336,13.346,10078,0
NXJ.US,60,20201027,200000,13.356,13.356,13.336,13.354,4612,0
NXJ.US,60,20201027,210000,13.336,13.366,13.336,13.366,15706,0
NXJ.US,60,20201028,150000,13.306,13.322,13.286,13.311,10410,0
NXJ.US,60,20201028,160000,13.304,13.336,13.277,13.296,14788,0
NXJ.US,60,20201028,170000,13.296,13.316,13.277,13.306,12386,0
NXJ.US,60,20201028,180000,13.286,13.306,13.277,13.306,10284,0
NXJ.US,60,20201028,190000,13.306,13.306,13.268,13.277,21202,0
NXJ.US,60,20201028,200000,13.277,13.291,13.268,13.268,19668,0
NXJ.US,60,20201028,210000,13.268,13.306,13.239,13.249,28297,0
NXJ.US,60,20201029,150000,13.306,13.306,13.239,13.258,1522,0
NXJ.US,60,20201029,160000,13.316,13.346,13.316,13.346,510,0
NXJ.US,60,20201029,170000,13.326,13.326,13.268,13.285,14406,0
NXJ.US,60,20201029,180000,13.277,13.277,13.277,13.277,100,0
NXJ.US,60,20201029,190000,13.291,13.296,13.286,13.296,4186,0
NXJ.US,60,20201029,200000,13.296,13.324,13.296,13.324,2389,0
NXJ.US,60,20201029,210000,13.326,13.326,13.286,13.286,3543,0
NXJ.US,60,20201030,150000,13.268,13.316,13.258,13.258,3729,0
NXJ.US,60,20201030,160000,13.268,13.286,13.268,13.286,715,0
NXJ.US,60,20201030,170000,13.277,13.277,13.268,13.277,1756,0
NXJ.US,60,20201030,180000,13.277,13.3,13.277,13.287,2635,0
NXJ.US,60,20201030,190000,13.282,13.307,13.282,13.307,1554,0
NXJ.US,60,20201030,200000,13.309,13.309,13.296,13.296,12673,0
NXJ.US,60,20201030,210000,13.306,13.316,13.277,13.286,24961,0
NXJ.US,60,20201102,160000,13.356,13.356,13.258,13.356,11108,0
NXJ.US,60,20201102,170000,13.341,13.356,13.326,13.346,8432,0
NXJ.US,60,20201102,180000,13.356,13.366,13.336,13.356,2551,0
NXJ.US,60,20201102,190000,13.356,13.366,13.336,13.356,1735,0
NXJ.US,60,20201102,200000,13.356,13.356,13.347,13.356,820,0
NXJ.US,60,20201102,210000,13.352,13.362,13.351,13.361,4013,0
NXJ.US,60,20201102,220000,13.366,13.366,13.277,13.277,23209,0
NXJ.US,60,20201103,160000,13.268,13.326,13.258,13.286,5703,0
NXJ.US,60,20201103,170000,13.306,13.326,13.306,13.326,5538,0
NXJ.US,60,20201103,180000,13.326,13.326,13.311,13.326,3565,0
NXJ.US,60,20201103,190000,13.336,13.336,13.305,13.306,3876,0
NXJ.US,60,20201103,200000,13.296,13.296,13.286,13.286,2978,0
NXJ.US,60,20201103,210000,13.286,13.286,13.258,13.268,21872,0
NXJ.US,60,20201103,220000,13.268,13.282,13.268,13.268,6381,0
NXJ.US,60,20201104,160000,13.336,13.376,13.336,13.376,10332,0
NXJ.US,60,20201104,170000,13.376,13.395,13.376,13.395,1430,0
NXJ.US,60,20201104,180000,13.39,13.415,13.39,13.415,4614,0
NXJ.US,60,20201104,190000,13.404,13.415,13.395,13.395,1799,0
NXJ.US,60,20201104,200000,13.405,13.405,13.376,13.376,3095,0
NXJ.US,60,20201104,210000,13.376,13.395,13.376,13.391,2584,0
NXJ.US,60,20201104,220000,13.376,13.415,13.376,13.395,5436,0
NXJ.US,60,20201105,160000,13.326,13.475,13.326,13.46,2768,0
NXJ.US,60,20201105,170000,13.474,13.494,13.465,13.465,2286,0
NXJ.US,60,20201105,180000,13.494,13.494,13.465,13.475,3577,0
NXJ.US,60,20201105,190000,13.475,13.475,13.465,13.465,4598,0
NXJ.US,60,20201105,200000,13.465,13.465,13.455,13.465,5336,0
NXJ.US,60,20201105,210000,13.466,13.466,13.441,13.441,1786,0
NXJ.US,60,20201105,220000,13.475,13.475,13.435,13.465,12552,0
NXJ.US,60,20201106,160000,13.475,13.475,13.425,13.425,2868,0
NXJ.US,60,20201106,170000,13.475,13.507,13.449,13.494,15425,0
NXJ.US,60,20201106,180000,13.49,13.49,13.475,13.475,10139,0
NXJ.US,60,20201106,190000,13.484,13.484,13.475,13.475,7126,0
NXJ.US,60,20201106,200000,13.494,13.504,13.494,13.504,715,0
NXJ.US,60,20201106,210000,13.499,13.504,13.494,13.504,6163,0
NXJ.US,60,20201106,220000,13.504,13.504,13.494,13.494,3923,0
NXJ.US,60,20201109,160000,13.758,13.758,13.63,13.65,11991,0
NXJ.US,60,20201109,170000,13.65,13.65,13.551,13.551,1958,0
NXJ.US,60,20201109,180000,13.541,13.551,13.513,13.513,2503,0
NXJ.US,60,20201109,190000,13.508,13.513,13.504,13.508,4504,0
NXJ.US,60,20201109,200000,13.508,13.523,13.505,13.505,6564,0
NXJ.US,60,20201109,210000,13.504,13.513,13.455,13.502,11567,0
NXJ.US,60,20201109,220000,13.501,13.501,13.455,13.475,10678,0
NXJ.US,60,20201110,160000,13.523,13.551,13.481,13.481,9472,0
NXJ.US,60,20201110,170000,13.494,13.513,13.484,13.513,5614,0
NXJ.US,60,20201110,180000,13.484,13.513,13.484,13.484,3600,0
NXJ.US,60,20201110,190000,13.513,13.513,13.494,13.504,5818,0
NXJ.US,60,20201110,200000,13.513,13.513,13.494,13.513,1053,0
NXJ.US,60,20201110,210000,13.513,13.513,13.494,13.494,3960,0
NXJ.US,60,20201110,220000,13.513,13.513,13.504,13.504,12990,0
NXJ.US,60,20201111,160000,13.494,13.514,13.494,13.514,3101,0
NXJ.US,60,20201111,170000,13.503,13.523,13.484,13.504,12116,0
NXJ.US,60,20201111,180000,13.513,13.513,13.504,13.508,4402,0
NXJ.US,60,20201111,190000,13.513,13.513,13.504,13.504,7144,0
NXJ.US,60,20201111,200000,13.513,13.513,13.494,13.494,12480,0
NXJ.US,60,20201111,210000,13.513,13.513,13.494,13.504,26053,0
NXJ.US,60,20201111,220000,13.515,13.515,13.504,13.504,205,0
NXJ.US,60,20201112,160000,13.549,13.559,13.521,13.549,2907,0
NXJ.US,60,20201112,170000,13.569,13.579,13.559,13.559,3128,0
NXJ.US,60,20201112,180000,13.569,13.569,13.549,13.552,9858,0
NXJ.US,60,20201112,190000,13.579,13.579,13.559,13.559,3252,0
NXJ.US,60,20201112,200000,13.55,13.559,13.55,13.559,200,0
NXJ.US,60,20201112,210000,13.554,13.569,13.549,13.549,21367,0
NXJ.US,60,20201112,220000,13.549,13.559,13.539,13.559,3201,0
NXJ.US,60,20201113,160000,13.569,13.589,13.549,13.549,13196,0
NXJ.US,60,20201113,170000,13.549,13.554,13.549,13.549,1932,0
NXJ.US,60,20201113,180000,13.549,13.549,13.539,13.539,4585,0
NXJ.US,60,20201113,190000,13.544,13.559,13.544,13.559,6763,0
NXJ.US,60,20201113,200000,13.554,13.559,13.521,13.549,7904,0
NXJ.US,60,20201113,210000,13.559,13.559,13.549,13.549,5792,0
NXJ.US,60,20201113,220000,13.539,13.579,13.539,13.579,5997,0
NXJ.US,60,20201116,160000,13.589,13.609,13.579,13.609,9135,0
NXJ.US,60,20201116,170000,13.614,13.619,13.609,13.619,11018,0
NXJ.US,60,20201116,180000,13.619,13.619,13.614,13.614,2009,0
NXJ.US,60,20201116,190000,13.614,13.614,13.609,13.609,813,0
NXJ.US,60,20201116,200000,13.614,13.629,13.609,13.629,10587,0
NXJ.US,60,20201116,210000,13.629,13.639,13.619,13.639,5488,0
NXJ.US,60,20201116,220000,13.629,13.639,13.619,13.639,4790,0
NXJ.US,60,20201117,160000,13.619,13.659,13.615,13.631,6798,0
NXJ.US,60,20201117,180000,13.63,13.689,13.63,13.689,6066,0
NXJ.US,60,20201117,190000,13.679,13.689,13.674,13.674,7709,0
NXJ.US,60,20201117,200000,13.666,13.682,13.666,13.679,2944,0
NXJ.US,60,20201117,210000,13.689,13.689,13.669,13.672,2848,0
NXJ.US,60,20201117,220000,13.669,13.679,13.659,13.669,4241,0
NXJ.US,60,20201118,160000,13.669,13.699,13.662,13.694,6005,0
NXJ.US,60,20201118,170000,13.699,13.699,13.669,13.689,2044,0
NXJ.US,60,20201118,180000,13.699,13.718,13.699,13.702,8092,0
NXJ.US,60,20201118,190000,13.704,13.709,13.689,13.709,9667,0
NXJ.US,60,20201118,200000,13.709,13.709,13.699,13.699,918,0
NXJ.US,60,20201118,210000,13.699,13.699,13.689,13.694,7094,0
NXJ.US,60,20201118,220000,13.689,13.694,13.659,13.669,10316,0
NXJ.US,60,20201119,160000,13.748,13.748,13.689,13.689,6666,0
NXJ.US,60,20201119,170000,13.699,13.709,13.699,13.709,3653,0
NXJ.US,60,20201119,180000,13.708,13.708,13.7,13.708,3534,0
NXJ.US,60,20201119,190000,13.699,13.699,13.691,13.691,2057,0
NXJ.US,60,20201119,200000,13.702,13.702,13.699,13.699,1116,0
NXJ.US,60,20201119,210000,13.699,13.699,13.679,13.689,715,0
NXJ.US,60,20201119,220000,13.679,13.699,13.679,13.699,8644,0
NXJ.US,60,20201120,160000,13.709,13.728,13.709,13.728,2615,0
NXJ.US,60,20201120,170000,13.709,13.728,13.709,13.728,3188,0
NXJ.US,60,20201120,180000,13.727,13.736,13.716,13.716,5312,0
NXJ.US,60,20201120,190000,13.718,13.728,13.718,13.728,1220,0
NXJ.US,60,20201120,200000,13.718,13.728,13.718,13.728,1881,0
NXJ.US,60,20201120,210000,13.718,13.718,13.718,13.718,2032,0
NXJ.US,60,20201120,220000,13.72,13.728,13.72,13.728,6074,0
NXJ.US,60,20201123,160000,13.718,13.772,13.718,13.757,10544,0
NXJ.US,60,20201123,170000,13.767,13.767,13.728,13.748,11008,0
NXJ.US,60,20201123,180000,13.743,13.748,13.728,13.738,9022,0
NXJ.US,60,20201123,190000,13.748,13.748,13.748,13.748,102,0
NXJ.US,60,20201123,200000,13.767,13.78,13.767,13.767,3959,0
NXJ.US,60,20201123,210000,13.775,13.805,13.767,13.781,13752,0
NXJ.US,60,20201123,220000,13.79,13.805,13.785,13.805,2543,0
NXJ.US,60,20201124,160000,13.795,13.855,13.795,13.795,9052,0
NXJ.US,60,20201124,170000,13.855,13.875,13.825,13.855,11262,0
NXJ.US,60,20201124,180000,13.84,13.845,13.825,13.845,7385,0
NXJ.US,60,20201124,190000,13.845,13.845,13.835,13.845,2845,0
NXJ.US,60,20201124,200000,13.835,13.875,13.835,13.875,24648,0
NXJ.US,60,20201124,210000,13.87,13.875,13.87,13.87,2416,0
NXJ.US,60,20201124,220000,13.865,13.875,13.865,13.875,3861,0
NXJ.US,60,20201125,160000,13.925,13.925,13.875,13.914,4408,0
NXJ.US,60,20201125,170000,13.885,13.913,13.885,13.911,4596,0
NXJ.US,60,20201125,180000,13.915,13.915,13.905,13.915,1116,0
NXJ.US,60,20201125,190000,13.91,13.915,13.905,13.906,5216,0
NXJ.US,60,20201125,200000,13.885,13.885,13.865,13.875,40633,0
NXJ.US,60,20201125,210000,13.875,13.895,13.875,13.877,7194,0
NXJ.US,60,20201125,220000,13.885,13.885,13.855,13.885,3100,0
NXJ.US,60,20201127,160000,13.915,13.925,13.899,13.925,13240,0
NXJ.US,60,20201127,170000,13.915,13.925,13.915,13.925,3865,0
NXJ.US,60,20201127,180000,13.925,13.935,13.895,13.905,12040,0
NXJ.US,60,20201127,190000,13.905,13.905,13.905,13.905,204,0
NXJ.US,60,20201130,160000,13.915,13.945,13.885,13.924,7868,0
NXJ.US,60,20201130,170000,13.915,13.955,13.915,13.955,2516,0
NXJ.US,60,20201130,180000,13.915,13.915,13.845,13.905,6372,0
NXJ.US,60,20201130,190000,13.895,13.911,13.895,13.895,1742,0
NXJ.US,60,20201130,200000,13.914,13.914,13.885,13.9,1914,0
NXJ.US,60,20201130,210000,13.908,13.908,13.905,13.905,790,0
NXJ.US,60,20201130,220000,13.925,13.945,13.925,13.935,11028,0
NXJ.US,60,20201201,160000,13.974,13.984,13.945,13.954,11620,0
NXJ.US,60,20201201,170000,13.974,13.982,13.955,13.982,2852,0
NXJ.US,60,20201201,180000,13.984,13.994,13.964,13.964,12346,0
NXJ.US,60,20201201,190000,13.979,13.989,13.979,13.984,1848,0
NXJ.US,60,20201201,200000,13.984,14.022,13.984,14.003,16259,0
NXJ.US,60,20201201,210000,13.994,13.994,13.984,13.984,3456,0
NXJ.US,60,20201201,220000,13.994,14.014,13.994,14.003,6329,0
NXJ.US,60,20201202,160000,13.947,13.983,13.947,13.983,1241,0
NXJ.US,60,20201202,170000,13.994,14.022,13.981,13.994,18737,0
NXJ.US,60,20201202,180000,14.022,14.041,14.022,14.041,9401,0
NXJ.US,60,20201202,190000,14.013,14.032,14.003,14.013,19639,0
NXJ.US,60,20201202,200000,14.013,14.013,13.994,13.994,5749,0
NXJ.US,60,20201202,210000,14.013,14.013,13.997,14.013,2377,0
NXJ.US,60,20201202,220000,14.003,14.013,13.994,13.994,4156,0
NXJ.US,60,20201203,160000,14.022,14.041,14.017,14.041,4100,0
NXJ.US,60,20201203,170000,14.049,14.051,14.022,14.033,6052,0
NXJ.US,60,20201203,180000,14.024,14.051,14.022,14.041,8825,0
NXJ.US,60,20201203,190000,14.031,14.034,14.022,14.032,1701,0
NXJ.US,60,20201203,200000,14.022,14.022,14.022,14.022,2741,0
NXJ.US,60,20201203,210000,14.013,14.036,14.003,14.003,10162,0
NXJ.US,60,20201203,220000,14.022,14.022,14.003,14.003,2963,0
NXJ.US,60,20201204,160000,14.004,14.017,14.004,14.017,2945,0
NXJ.US,60,20201204,170000,14.022,14.051,14.022,14.051,2890,0
NXJ.US,60,20201204,180000,14.051,14.051,14.032,14.04,3154,0
NXJ.US,60,20201204,190000,14.041,14.041,14.032,14.032,3493,0
NXJ.US,60,20201204,200000,14.032,14.041,14.032,14.037,8361,0
NXJ.US,60,20201204,210000,14.033,14.051,14.032,14.032,3069,0
NXJ.US,60,20201204,220000,14.033,14.051,14.019,14.041,8115,0
NXJ.US,60,20201207,160000,14.051,14.052,14.022,14.051,2562,0
NXJ.US,60,20201207,170000,14.051,14.066,14.051,14.061,1320,0
NXJ.US,60,20201207,180000,14.071,14.081,14.061,14.081,2521,0
NXJ.US,60,20201207,190000,14.072,14.072,14.051,14.056,14955,0
NXJ.US,60,20201207,200000,14.051,14.057,14.022,14.032,12935,0
NXJ.US,60,20201207,210000,14.047,14.051,13.984,14.024,7895,0
NXJ.US,60,20201207,220000,14.032,14.041,14.022,14.022,1927,0
NXJ.US,60,20201208,160000,14.032,14.032,14.022,14.022,10841,0
NXJ.US,60,20201208,170000,14.071,14.091,14.056,14.075,8483,0
NXJ.US,60,20201208,180000,14.071,14.091,14.071,14.071,7020,0
NXJ.US,60,20201208,190000,14.091,14.091,14.091,14.091,3048,0
NXJ.US,60,20201208,200000,14.071,14.074,14.061,14.061,4263,0
NXJ.US,60,20201208,210000,14.076,14.091,14.061,14.061,4822,0
NXJ.US,60,20201208,220000,14.061,14.091,14.061,14.081,6374,0
NXJ.US,60,20201209,160000,14.091,14.101,14.091,14.091,763,0
NXJ.US,60,20201209,170000,14.096,14.101,14.091,14.091,4009,0
NXJ.US,60,20201209,180000,14.095,14.101,14.091,14.101,3041,0
NXJ.US,60,20201209,190000,14.101,14.101,14.093,14.101,1116,0
NXJ.US,60,20201209,200000,14.101,14.101,14.096,14.101,2236,0
NXJ.US,60,20201209,210000,14.101,14.101,14.091,14.091,3130,0
NXJ.US,60,20201209,220000,14.091,14.091,14.071,14.071,997,0
NXJ.US,60,20201210,160000,14.061,14.061,14.061,14.061,101,0
NXJ.US,60,20201210,170000,14.087,14.091,14.087,14.091,4412,0
NXJ.US,60,20201210,180000,14.081,14.081,14.081,14.081,184,0
NXJ.US,60,20201210,190000,14.081,14.081,14.071,14.071,305,0
NXJ.US,60,20201210,200000,14.081,14.081,14.058,14.071,4356,0
NXJ.US,60,20201210,210000,14.065,14.081,14.051,14.066,7474,0
NXJ.US,60,20201210,220000,14.051,14.081,14.051,14.061,1764,0
NXJ.US,60,20201211,160000,14.091,14.091,14.07,14.081,2906,0
NXJ.US,60,20201211,170000,14.076,14.091,14.061,14.071,15807,0
NXJ.US,60,20201211,180000,14.081,14.081,14.071,14.081,2465,0
NXJ.US,60,20201211,190000,14.061,14.081,14.061,14.071,4908,0
NXJ.US,60,20201211,200000,14.061,14.071,14.061,14.061,1220,0
NXJ.US,60,20201211,210000,14.061,14.063,14.051,14.051,5960,0
NXJ.US,60,20201211,220000,14.051,14.091,14.051,14.081,9137,0
NXJ.US,60,20201214,160000,14.089,14.089,14.089,14.089,832,0
NXJ.US,60,20201214,170000,14.128,14.129,14.089,14.089,3893,0
NXJ.US,60,20201214,180000,14.089,14.104,14.089,14.089,2751,0
NXJ.US,60,20201214,190000,14.099,14.109,14.079,14.079,3316,0
NXJ.US,60,20201214,200000,14.094,14.109,14.059,14.059,3046,0
NXJ.US,60,20201214,210000,14.059,14.069,14.049,14.049,1518,0
NXJ.US,60,20201214,220000,14.049,14.089,14.03,14.03,18289,0
NXJ.US,60,20201215,160000,14.02,14.096,14.02,14.059,9916,0
NXJ.US,60,20201215,170000,14.054,14.059,14.049,14.052,5104,0
NXJ.US,60,20201215,180000,14.054,14.054,14.03,14.049,15701,0
NXJ.US,60,20201215,190000,14.044,14.059,14.039,14.049,14270,0
NXJ.US,60,20201215,200000,14.059,14.059,14.048,14.059,3326,0
NXJ.US,60,20201215,210000,14.059,14.059,14.011,14.011,9538,0
NXJ.US,60,20201215,220000,14.011,14.03,14.001,14.03,10223,0
NXJ.US,60,20201216,160000,14.049,14.049,14.049,14.049,1967,0
NXJ.US,60,20201216,170000,14.059,14.059,14.028,14.028,6628,0
NXJ.US,60,20201216,180000,14.011,14.011,14.011,14.011,1543,0
NXJ.US,60,20201216,190000,14.034,14.034,14.034,14.034,100,0
NXJ.US,60,20201216,200000,14.024,14.036,14.011,14.036,2970,0
NXJ.US,60,20201216,210000,14.039,14.039,14.011,14.011,303,0
NXJ.US,60,20201216,220000,14.02,14.02,14.015,14.02,7073,0
NXJ.US,60,20201217,160000,14.089,14.089,14.039,14.069,2286,0
NXJ.US,60,20201217,170000,14.054,14.069,14.03,14.049,7944,0
NXJ.US,60,20201217,180000,14.03,14.059,14.03,14.039,2321,0
NXJ.US,60,20201217,190000,14.039,14.042,14.03,14.034,3181,0
NXJ.US,60,20201217,200000,14.03,14.03,14.02,14.02,9035,0
NXJ.US,60,20201217,210000,14.02,14.02,13.992,13.992,9684,0
NXJ.US,60,20201217,220000,13.997,14.001,13.982,13.992,20292,0
NXJ.US,60,20201218,160000,14.02,14.069,14.02,14.033,4217,0
NXJ.US,60,20201218,170000,14.064,14.069,14.001,14.049,18928,0
NXJ.US,60,20201218,180000,14.049,14.059,14.001,14.059,17990,0
NXJ.US,60,20201218,190000,14.044,14.044,14.044,14.044,1085,0
NXJ.US,60,20201218,200000,14.069,14.069,14.03,14.038,13208,0
NXJ.US,60,20201218,210000,14.065,14.065,14.065,14.065,2024,0
NXJ.US,60,20201218,220000,14.058,14.069,14.049,14.069,8554,0
NXJ.US,60,20201221,160000,14.069,14.079,14.054,14.054,4594,0
NXJ.US,60,20201221,170000,14.059,14.129,14.039,14.039,5731,0
NXJ.US,60,20201221,180000,14.089,14.089,14.04,14.04,1954,0
NXJ.US,60,20201221,190000,14.069,14.079,14.02,14.02,18480,0
NXJ.US,60,20201221,200000,14.059,14.079,14.059,14.079,1326,0
NXJ.US,60,20201221,210000,14.049,14.079,14.039,14.079,5540,0
NXJ.US,60,20201221,220000,14.079,14.079,14.057,14.059,7083,0
NXJ.US,60,20201222,160000,14.03,14.074,14.011,14.011,15646,0
NXJ.US,60,20201222,170000,14.011,14.03,14.004,14.03,9095,0
NXJ.US,60,20201222,180000,14.03,14.03,14.001,14.02,2096,0
NXJ.US,60,20201222,190000,14.011,14.02,14.001,14.011,3933,0
NXJ.US,60,20201222,200000,14.02,14.02,14.012,14.012,3339,0
NXJ.US,60,20201222,210000,14.016,14.017,14.011,14.012,9828,0
NXJ.US,60,20201222,220000,14.011,14.02,14.001,14.001,8964,0
NXJ.US,60,20201223,160000,14.03,14.03,14.03,14.03,1037,0
NXJ.US,60,20201223,170000,14.059,14.059,14.03,14.03,15063,0
NXJ.US,60,20201223,180000,14.034,14.069,14.02,14.069,6696,0
NXJ.US,60,20201223,190000,14.063,14.063,14.03,14.049,5248,0
NXJ.US,60,20201223,210000,14.058,14.069,14.049,14.069,5021,0
NXJ.US,60,20201223,220000,14.031,14.031,14.02,14.02,2663,0
NXJ.US,60,20201224,160000,14.059,14.109,14.011,14.054,8721,0
NXJ.US,60,20201224,170000,14.059,14.089,14.011,14.011,10066,0
NXJ.US,60,20201224,180000,14.056,14.089,14.031,14.039,4653,0
NXJ.US,60,20201224,190000,14.039,14.039,14.03,14.039,5953,0
NXJ.US,60,20201224,200000,14.03,14.03,14.03,14.03,232,0
NXJ.US,60,20201228,160000,14.02,14.059,14.02,14.049,3616,0
NXJ.US,60,20201228,170000,14.049,14.049,14.02,14.032,4856,0
NXJ.US,60,20201228,180000,14.049,14.089,14.04,14.069,11312,0
NXJ.US,60,20201228,190000,14.03,14.049,14.001,14.019,17045,0
NXJ.US,60,20201228,200000,14.016,14.02,13.992,14.001,12662,0
NXJ.US,60,20201228,210000,14.006,14.006,13.992,14.001,3791,0
NXJ.US,60,20201228,220000,14.011,14.039,13.992,14.039,13897,0
NXJ.US,60,20201229,160000,14.079,14.079,14.054,14.069,11507,0
NXJ.US,60,20201229,170000,14.069,14.079,14.059,14.079,4553,0
NXJ.US,60,20201229,180000,14.079,14.079,14.054,14.079,8492,0
NXJ.US,60,20201229,190000,14.079,14.079,14.069,14.078,13481,0
NXJ.US,60,20201229,200000,14.079,14.079,14.006,14.049,45033,0
NXJ.US,60,20201229,210000,14.059,14.069,14.059,14.069,2534,0
NXJ.US,60,20201229,220000,14.057,14.069,14.03,14.03,2974,0
NXJ.US,60,20201230,160000,14.001,14.054,14.001,14.049,22454,0
NXJ.US,60,20201230,170000,14.03,14.079,14.03,14.078,15584,0
NXJ.US,60,20201230,180000,14.069,14.099,14.059,14.099,9568,0
NXJ.US,60,20201230,190000,14.079,14.079,13.942,14.069,27978,0
NXJ.US,60,20201230,200000,14.069,14.099,14.069,14.099,6331,0
NXJ.US,60,20201230,210000,14.081,14.099,14.081,14.099,1807,0
NXJ.US,60,20201230,220000,14.099,14.109,14.04,14.049,10504,0
NXJ.US,60,20201231,160000,14.129,14.129,14.084,14.128,9051,0
NXJ.US,60,20201231,170000,14.129,14.169,14.129,14.129,8406,0
NXJ.US,60,20201231,180000,14.159,14.159,14.129,14.139,7075,0
NXJ.US,60,20201231,190000,14.139,14.162,14.139,14.162,709,0
NXJ.US,60,20201231,200000,14.169,14.169,14.159,14.169,7014,0
NXJ.US,60,20201231,210000,14.166,14.209,14.159,14.199,9462,0
NXJ.US,60,20201231,220000,14.189,14.219,14.169,14.199,25058,0
NXJ.US,60,20210104,160000,14.219,14.219,14.139,14.139,3141,0
NXJ.US,60,20210104,170000,14.179,14.189,14.154,14.154,11510,0
NXJ.US,60,20210104,180000,14.169,14.169,14.139,14.157,10846,0
NXJ.US,60,20210104,190000,14.148,14.159,14.079,14.09,15087,0
NXJ.US,60,20210104,200000,14.079,14.136,14.079,14.119,4564,0
NXJ.US,60,20210104,210000,14.139,14.169,14.129,14.149,14174,0
NXJ.US,60,20210104,220000,14.169,14.189,14.159,14.159,4994,0
NXJ.US,60,20210105,160000,14.159,14.209,14.159,14.179,4535,0
NXJ.US,60,20210105,170000,14.179,14.179,14.169,14.174,8580,0
NXJ.US,60,20210105,180000,14.174,14.199,14.119,14.159,10647,0
NXJ.US,60,20210105,190000,14.153,14.164,14.144,14.149,6912,0
NXJ.US,60,20210105,200000,14.179,14.186,14.159,14.178,5965,0
NXJ.US,60,20210105,210000,14.179,14.179,14.159,14.179,3446,0
NXJ.US,60,20210105,220000,14.169,14.173,14.149,14.149,7764,0
NXJ.US,60,20210106,160000,14.169,14.189,14.129,14.182,14134,0
NXJ.US,60,20210106,170000,14.163,14.17,14.079,14.119,17384,0
NXJ.US,60,20210106,180000,14.139,14.149,14.069,14.069,21174,0
NXJ.US,60,20210106,190000,14.11,14.119,14.109,14.109,4813,0
NXJ.US,60,20210106,200000,14.109,14.109,14.089,14.089,4351,0
NXJ.US,60,20210106,210000,14.089,14.104,14.089,14.104,4208,0
NXJ.US,60,20210106,220000,14.094,14.109,14.089,14.109,23172,0
NXJ.US,60,20210107,160000,14.129,14.13,14.079,14.13,24445,0
NXJ.US,60,20210107,170000,14.129,14.129,14.099,14.105,4159,0
NXJ.US,60,20210107,180000,14.104,14.109,14.099,14.109,1418,0
NXJ.US,60,20210107,190000,14.099,14.109,14.099,14.099,4138,0
NXJ.US,60,20210107,200000,14.104,14.109,14.099,14.109,8198,0
NXJ.US,60,20210107,210000,14.109,14.114,14.099,14.108,5495,0
NXJ.US,60,20210107,220000,14.109,14.109,14.099,14.109,2895,0
NXJ.US,60,20210108,160000,14.099,14.104,14.089,14.102,2204,0
NXJ.US,60,20210108,170000,14.089,14.109,14.089,14.099,5155,0
NXJ.US,60,20210108,180000,14.106,14.109,14.089,14.089,6982,0
NXJ.US,60,20210108,190000,14.094,14.109,14.089,14.099,12576,0
NXJ.US,60,20210108,200000,14.109,14.109,14.086,14.086,2657,0
NXJ.US,60,20210108,210000,14.079,14.103,14.079,14.079,4565,0
NXJ.US,60,20210108,220000,14.099,14.109,14.079,14.099,1546,0
NXJ.US,60,20210111,160000,14.119,14.119,14.079,14.109,710,0
NXJ.US,60,20210111,170000,14.136,14.139,14.094,14.095,6168,0
NXJ.US,60,20210111,180000,14.093,14.099,14.084,14.084,5931,0
NXJ.US,60,20210111,190000,14.089,14.089,14.079,14.082,4949,0
NXJ.US,60,20210111,200000,14.084,14.099,14.084,14.093,4622,0
NXJ.US,60,20210111,210000,14.093,14.093,14.079,14.079,702,0
NXJ.US,60,20210111,220000,14.099,14.119,14.089,14.119,11820,0
NXJ.US,60,20210112,160000,14.089,14.109,14.049,14.079,8046,0
NXJ.US,60,20210112,170000,14.094,14.094,14.059,14.059,5889,0
NXJ.US,60,20210112,180000,14.059,14.109,14.059,14.109,8300,0
NXJ.US,60,20210112,190000,14.109,14.114,14.089,14.106,8248,0
NXJ.US,60,20210112,200000,14.109,14.109,14.089,14.089,6375,0
NXJ.US,60,20210112,210000,14.089,14.119,14.089,14.109,3173,0
NXJ.US,60,20210112,220000,14.109,14.119,14.099,14.119,5514,0
NXJ.US,60,20210113,160000,14.109,14.129,14.099,14.129,967,0
NXJ.US,60,20210113,170000,14.149,14.149,14.134,14.149,2518,0
NXJ.US,60,20210113,180000,14.149,14.159,14.139,14.139,22832,0
NXJ.US,60,20210113,190000,14.139,14.139,14.119,14.129,9644,0
NXJ.US,60,20210113,200000,14.134,14.139,14.129,14.134,2363,0
NXJ.US,60,20210113,210000,14.139,14.149,14.129,14.144,2438,0
NXJ.US,60,20210113,220000,14.144,14.149,14.129,14.139,3726,0
NXJ.US,60,20210114,160000,14.227,14.227,14.187,14.187,18270,0
NXJ.US,60,20210114,170000,14.177,14.187,14.172,14.177,1796,0
NXJ.US,60,20210114,180000,14.187,14.187,14.177,14.18,5385,0
NXJ.US,60,20210114,190000,14.181,14.187,14.172,14.177,7428,0
NXJ.US,60,20210114,200000,14.167,14.187,14.167,14.177,16562,0
NXJ.US,60,20210114,210000,14.182,14.187,14.167,14.167,17046,0
NXJ.US,60,20210114,220000,14.157,14.177,14.127,14.167,6251,0
NXJ.US,60,20210115,160000,14.167,14.167,14.137,14.166,15426,0
NXJ.US,60,20210115,170000,14.167,14.167,14.137,14.167,4419,0
NXJ.US,60,20210115,180000,14.157,14.167,14.157,14.162,5611,0
NXJ.US,60,20210115,190000,14.162,14.217,14.148,14.187,18533,0
NXJ.US,60,20210115,200000,14.177,14.184,14.147,14.165,7551,0
NXJ.US,60,20210115,210000,14.156,14.157,14.156,14.157,884,0
NXJ.US,60,20210115,220000,14.157,14.157,14.097,14.097,6586,0
NXJ.US,60,20210119,160000,14.137,14.137,14.117,14.137,3332,0
NXJ.US,60,20210119,170000,14.137,14.147,14.127,14.127,5482,0
NXJ.US,60,20210119,180000,14.117,14.127,14.116,14.117,17872,0
NXJ.US,60,20210119,190000,14.117,14.117,14.116,14.116,1670,0
NXJ.US,60,20210119,200000,14.117,14.127,14.107,14.107,15051,0
NXJ.US,60,20210119,210000,14.117,14.207,14.107,14.107,58772,0
NXJ.US,60,20210119,220000,14.127,14.127,14.107,14.107,1945,0
NXJ.US,60,20210120,160000,14.177,14.187,14.117,14.177,14632,0
NXJ.US,60,20210120,170000,14.177,14.187,14.177,14.177,762,0
NXJ.US,60,20210120,180000,14.157,14.168,14.157,14.157,1418,0
NXJ.US,60,20210120,190000,14.157,14.167,14.147,14.167,8698,0
NXJ.US,60,20210120,200000,14.177,14.177,14.167,14.177,5645,0
NXJ.US,60,20210120,210000,14.172,14.177,14.167,14.167,3867,0
NXJ.US,60,20210120,220000,14.167,14.177,14.167,14.177,20168,0
NXJ.US,60,20210121,160000,14.177,14.177,14.107,14.167,30757,0
NXJ.US,60,20210121,170000,14.177,14.187,14.174,14.187,8029,0
NXJ.US,60,20210121,180000,14.186,14.187,14.177,14.177,6201,0
NXJ.US,60,20210121,190000,14.186,14.186,14.177,14.182,8128,0
NXJ.US,60,20210121,200000,14.177,14.187,14.177,14.187,8313,0
NXJ.US,60,20210121,210000,14.187,14.207,14.187,14.202,8411,0
NXJ.US,60,20210121,220000,14.207,14.207,14.197,14.207,1115,0
NXJ.US,60,20210122,160000,14.187,14.227,14.187,14.227,15887,0
NXJ.US,60,20210122,170000,14.228,14.237,14.228,14.232,4526,0
NXJ.US,60,20210122,180000,14.237,14.237,14.217,14.218,6484,0
NXJ.US,60,20210122,190000,14.217,14.227,14.207,14.227,10047,0
NXJ.US,60,20210122,200000,14.217,14.227,14.207,14.222,5858,0
NXJ.US,60,20210122,210000,14.227,14.227,14.217,14.227,1469,0
NXJ.US,60,20210122,220000,14.227,14.227,14.217,14.227,19035,0
NXJ.US,60,20210125,160000,14.256,14.256,14.237,14.249,4306,0
NXJ.US,60,20210125,170000,14.256,14.256,14.237,14.237,4647,0
NXJ.US,60,20210125,180000,14.227,14.237,14.217,14.217,4405,0
NXJ.US,60,20210125,190000,14.227,14.227,14.227,14.227,428,0
NXJ.US,60,20210125,200000,14.217,14.222,14.217,14.222,2124,0
NXJ.US,60,20210125,210000,14.217,14.227,14.217,14.227,4726,0
NXJ.US,60,20210125,220000,14.227,14.227,14.197,14.217,2316,0
NXJ.US,60,20210126,160000,14.207,14.315,14.207,14.251,26301,0
NXJ.US,60,20210126,170000,14.276,14.276,14.242,14.247,4785,0
NXJ.US,60,20210126,180000,14.266,14.266,14.247,14.256,704,0
NXJ.US,60,20210126,190000,14.266,14.266,14.217,14.23,10035,0
NXJ.US,60,20210126,200000,14.232,14.247,14.232,14.246,4167,0
NXJ.US,60,20210126,210000,14.247,14.247,14.242,14.242,699,0
NXJ.US,60,20210126,220000,14.237,14.286,14.237,14.276,9056,0
NXJ.US,60,20210127,160000,14.295,14.295,14.227,14.295,1006,0
NXJ.US,60,20210127,170000,14.276,14.29,14.276,14.286,1853,0
NXJ.US,60,20210127,180000,14.286,14.295,14.286,14.295,14089,0
NXJ.US,60,20210127,190000,14.305,14.305,14.247,14.247,14398,0
NXJ.US,60,20210127,200000,14.295,14.305,14.295,14.295,7104,0
NXJ.US,60,20210127,210000,14.295,14.305,14.266,14.286,5994,0
NXJ.US,60,20210127,220000,14.286,14.305,14.256,14.295,5976,0
NXJ.US,60,20210128,160000,14.305,14.305,14.305,14.305,1280,0
NXJ.US,60,20210128,170000,14.325,14.325,14.325,14.325,299,0
NXJ.US,60,20210128,180000,14.32,14.325,14.305,14.325,11796,0
NXJ.US,60,20210128,190000,14.325,14.335,14.317,14.325,7820,0
NXJ.US,60,20210128,200000,14.318,14.355,14.318,14.355,12684,0
NXJ.US,60,20210128,210000,14.345,14.355,14.332,14.335,9688,0
NXJ.US,60,20210128,220000,14.335,14.335,14.286,14.286,12603,0
NXJ.US,60,20210129,160000,14.266,14.345,14.157,14.265,19007,0
NXJ.US,60,20210129,170000,14.295,14.325,14.295,14.323,4686,0
NXJ.US,60,20210129,180000,14.315,14.335,14.305,14.325,19529,0
NXJ.US,60,20210129,190000,14.33,14.335,14.325,14.325,5870,0
NXJ.US,60,20210129,200000,14.325,14.345,14.315,14.315,7340,0
NXJ.US,60,20210129,210000,14.295,14.335,14.286,14.295,10596,0
NXJ.US,60,20210129,220000,14.295,14.335,14.295,14.325,10528,0
NXJ.US,60,20210201,160000,14.335,14.365,14.295,14.316,16617,0
NXJ.US,60,20210201,170000,14.355,14.375,14.3,14.335,7431,0
NXJ.US,60,20210201,180000,14.335,14.355,14.315,14.335,4959,0
NXJ.US,60,20210201,190000,14.33,14.365,14.325,14.365,4151,0
NXJ.US,60,20210201,200000,14.375,14.375,14.355,14.36,6448,0
NXJ.US,60,20210201,210000,14.355,14.385,14.355,14.385,11283,0
NXJ.US,60,20210201,220000,14.385,14.385,14.375,14.375,5571,0
NXJ.US,60,20210202,160000,14.365,14.385,14.355,14.38,3424,0
NXJ.US,60,20210202,170000,14.382,14.395,14.375,14.39,16755,0
NXJ.US,60,20210202,180000,14.395,14.405,14.375,14.405,11033,0
NXJ.US,60,20210202,190000,14.415,14.415,14.395,14.395,3316,0
NXJ.US,60,20210202,200000,14.405,14.415,14.385,14.407,3528,0
NXJ.US,60,20210202,210000,14.395,14.405,14.385,14.4,4310,0
NXJ.US,60,20210202,220000,14.405,14.405,14.395,14.405,4542,0
NXJ.US,60,20210203,160000,14.355,14.405,14.355,14.405,11062,0
NXJ.US,60,20210203,170000,14.385,14.415,14.385,14.395,14873,0
NXJ.US,60,20210203,180000,14.415,14.425,14.396,14.396,11698,0
NXJ.US,60,20210203,190000,14.415,14.415,14.385,14.415,6729,0
NXJ.US,60,20210203,200000,14.425,14.425,14.404,14.415,4209,0
NXJ.US,60,20210203,210000,14.415,14.425,14.405,14.415,3692,0
NXJ.US,60,20210203,220000,14.42,14.425,14.415,14.425,15468,0
NXJ.US,60,20210204,160000,14.425,14.425,14.425,14.425,2645,0
NXJ.US,60,20210204,170000,14.415,14.427,14.415,14.425,4781,0
NXJ.US,60,20210204,180000,14.435,14.445,14.415,14.445,17918,0
NXJ.US,60,20210204,190000,14.439,14.445,14.435,14.443,5470,0
NXJ.US,60,20210204,200000,14.436,14.445,14.436,14.445,3275,0
NXJ.US,60,20210204,210000,14.445,14.445,14.436,14.445,3018,0
NXJ.US,60,20210204,220000,14.445,14.455,14.44,14.455,19133,0
NXJ.US,60,20210205,160000,14.445,14.465,14.445,14.465,8301,0
NXJ.US,60,20210205,170000,14.47,14.47,14.464,14.465,4579,0
NXJ.US,60,20210205,180000,14.47,14.47,14.47,14.47,1008,0
NXJ.US,60,20210205,190000,14.475,14.475,14.465,14.465,690,0
NXJ.US,60,20210205,200000,14.465,14.48,14.465,14.48,5721,0
NXJ.US,60,20210205,210000,14.478,14.504,14.478,14.504,10192,0
NXJ.US,60,20210205,220000,14.495,14.514,14.475,14.514,21389,0
NXJ.US,60,20210208,160000,14.504,14.524,14.504,14.514,9586,0
NXJ.US,60,20210208,170000,14.514,14.553,14.514,14.552,27905,0
NXJ.US,60,20210208,180000,14.548,14.563,14.543,14.563,6082,0
NXJ.US,60,20210208,190000,14.568,14.593,14.563,14.583,4738,0
NXJ.US,60,20210208,200000,14.583,14.663,14.573,14.573,21625,0
NXJ.US,60,20210208,210000,14.583,14.583,14.563,14.563,5880,0
NXJ.US,60,20210208,220000,14.564,14.603,14.563,14.593,12153,0
NXJ.US,60,20210209,160000,14.573,14.613,14.573,14.603,1273,0
NXJ.US,60,20210209,170000,14.588,14.643,14.573,14.623,15235,0
NXJ.US,60,20210209,180000,14.603,14.643,14.603,14.642,4939,0
NXJ.US,60,20210209,190000,14.643,14.643,14.631,14.643,2370,0
NXJ.US,60,20210209,200000,14.633,14.633,14.633,14.633,100,0
NXJ.US,60,20210209,210000,14.638,14.643,14.633,14.643,18749,0
NXJ.US,60,20210209,220000,14.637,14.643,14.633,14.643,8513,0
NXJ.US,60,20210210,160000,14.683,14.772,14.663,14.682,12387,0
NXJ.US,60,20210210,170000,14.688,14.688,14.682,14.688,1477,0
NXJ.US,60,20210210,180000,14.673,14.703,14.673,14.698,3500,0
NXJ.US,60,20210210,190000,14.688,14.702,14.683,14.702,856,0
NXJ.US,60,20210210,200000,14.703,14.703,14.683,14.688,6129,0
NXJ.US,60,20210210,210000,14.693,14.693,14.683,14.693,2591,0
NXJ.US,60,20210210,220000,14.693,14.693,14.666,14.666,17769,0
NXJ.US,60,20210211,160000,14.691,14.731,14.631,14.698,4824,0
NXJ.US,60,20210211,170000,14.701,14.711,14.681,14.681,7474,0
NXJ.US,60,20210211,180000,14.681,14.691,14.681,14.681,2516,0
NXJ.US,60,20210211,190000,14.681,14.684,14.677,14.681,2510,0
NXJ.US,60,20210211,200000,14.681,14.701,14.681,14.701,2322,0
NXJ.US,60,20210211,210000,14.701,14.711,14.701,14.701,6288,0
NXJ.US,60,20210211,220000,14.701,14.702,14.671,14.701,13165,0
NXJ.US,60,20210212,160000,14.711,14.741,14.671,14.691,6464,0
NXJ.US,60,20210212,170000,14.691,14.708,14.691,14.691,10052,0
NXJ.US,60,20210212,180000,14.691,14.693,14.671,14.671,4518,0
NXJ.US,60,20210212,190000,14.671,14.671,14.621,14.641,14186,0
NXJ.US,60,20210212,200000,14.641,14.651,14.591,14.651,13756,0
NXJ.US,60,20210212,210000,14.641,14.651,14.621,14.648,3420,0
NXJ.US,60,20210212,220000,14.621,14.632,14.591,14.601,22530,0
NXJ.US,60,20210216,160000,14.601,14.641,14.591,14.591,18409,0
NXJ.US,60,20210216,170000,14.561,14.581,14.536,14.536,17025,0
NXJ.US,60,20210216,180000,14.531,14.571,14.521,14.531,8303,0
NXJ.US,60,20210216,190000,14.521,14.541,14.521,14.531,9189,0
NXJ.US,60,20210216,200000,14.521,14.521,14.472,14.501,13573,0
NXJ.US,60,20210216,210000,14.492,14.531,14.492,14.492,9986,0
NXJ.US,60,20210216,220000,14.492,14.492,14.442,14.472,13291,0
NXJ.US,60,20210217,160000,14.402,14.501,14.402,14.432,11981,0
NXJ.US,60,20210217,170000,14.472,14.472,14.442,14.442,6181,0
NXJ.US,60,20210217,180000,14.442,14.462,14.412,14.412,10226,0
NXJ.US,60,20210217,190000,14.412,14.437,14.412,14.432,1907,0
NXJ.US,60,20210217,200000,14.432,14.442,14.432,14.432,2051,0
NXJ.US,60,20210217,210000,14.432,14.432,14.422,14.422,1455,0
NXJ.US,60,20210217,220000,14.422,14.428,14.392,14.392,8137,0
NXJ.US,60,20210218,160000,14.402,14.402,14.342,14.352,5494,0
NXJ.US,60,20210218,170000,14.352,14.352,14.322,14.327,4393,0
NXJ.US,60,20210218,180000,14.322,14.326,14.292,14.312,6626,0
NXJ.US,60,20210218,190000,14.312,14.322,14.302,14.322,1659,0
NXJ.US,60,20210218,200000,14.292,14.312,14.292,14.312,3604,0
NXJ.US,60,20210218,210000,14.302,14.342,14.292,14.322,6910,0
NXJ.US,60,20210218,220000,14.322,14.322,14.272,14.282,29589,0
NXJ.US,60,20210219,160000,14.262,14.298,14.262,14.282,7202,0
NXJ.US,60,20210219,170000,14.262,14.262,14.243,14.252,18355,0
NXJ.US,60,20210219,180000,14.252,14.262,14.243,14.243,19251,0
NXJ.US,60,20210219,190000,14.252,14.262,14.243,14.248,18615,0
NXJ.US,60,20210219,200000,14.252,14.252,14.203,14.252,8649,0
NXJ.US,60,20210219,210000,14.223,14.252,14.223,14.233,9471,0
NXJ.US,60,20210219,220000,14.249,14.262,14.203,14.223,25440,0
NXJ.US,60,20210222,160000,14.196,14.233,14.196,14.233,3746,0
NXJ.US,60,20210222,170000,14.233,14.233,14.193,14.193,3261,0
NXJ.US,60,20210222,180000,14.193,14.203,14.143,14.143,12060,0
NXJ.US,60,20210222,190000,14.173,14.173,14.133,14.155,11464,0
NXJ.US,60,20210222,200000,14.133,14.142,14.093,14.123,10902,0
NXJ.US,60,20210222,210000,14.113,14.117,14.058,14.061,9234,0
NXJ.US,60,20210222,220000,14.061,14.163,14.061,14.133,21948,0
NXJ.US,60,20210223,160000,14.117,14.117,14.043,14.043,9048,0
NXJ.US,60,20210223,170000,14.043,14.043,14.026,14.033,11802,0
NXJ.US,60,20210223,180000,14.033,14.038,14.033,14.033,2652,0
NXJ.US,60,20210223,190000,14.025,14.033,14.007,14.007,10375,0
NXJ.US,60,20210223,200000,14.013,14.063,13.994,14.053,40233,0
NXJ.US,60,20210223,210000,14.063,14.123,14.038,14.103,38305,0
NXJ.US,60,20210223,220000,14.103,14.133,14.043,14.093,27771,0
NXJ.US,60,20210224,160000,14.053,14.063,13.994,14.031,13540,0
NXJ.US,60,20210224,170000,14.014,14.043,13.974,14.013,33172,0
NXJ.US,60,20210224,180000,14.013,14.093,14.013,14.033,33569,0
NXJ.US,60,20210224,190000,14.053,14.081,14.053,14.067,7841,0
NXJ.US,60,20210224,200000,14.083,14.103,14.073,14.093,2576,0
NXJ.US,60,20210224,210000,14.083,14.093,14.062,14.093,8630,0
NXJ.US,60,20210224,220000,14.093,14.093,14.073,14.087,10581,0
NXJ.US,60,20210225,160000,14.073,14.093,14.058,14.063,7768,0
NXJ.US,60,20210225,170000,14.068,14.068,13.984,13.994,15335,0
NXJ.US,60,20210225,180000,14.003,14.023,14.003,14.022,4022,0
NXJ.US,60,20210225,190000,14.013,14.023,14.003,14.003,10409,0
NXJ.US,60,20210225,200000,13.994,14.013,13.984,14.013,15383,0
NXJ.US,60,20210225,210000,14.018,14.043,14.013,14.033,6017,0
NXJ.US,60,20210225,220000,14.023,14.023,13.954,13.954,30673,0
NXJ.US,60,20210226,160000,14.003,14.053,14.003,14.053,3951,0
NXJ.US,60,20210226,170000,14.043,14.043,14.013,14.013,28323,0
NXJ.US,60,20210226,180000,14.013,14.043,14.013,14.033,2808,0
NXJ.US,60,20210226,190000,14.033,14.043,14.033,14.033,9338,0
NXJ.US,60,20210226,200000,14.038,14.043,14.033,14.033,3981,0
NXJ.US,60,20210226,210000,14.043,14.043,14.033,14.033,1405,0
NXJ.US,60,20210226,220000,14.038,14.043,13.954,14.033,53750,0
NXJ.US,60,20210301,160000,14.073,14.103,14.068,14.093,9972,0
NXJ.US,60,20210301,170000,14.093,14.113,14.088,14.109,11605,0
NXJ.US,60,20210301,180000,14.108,14.113,14.103,14.113,2110,0
NXJ.US,60,20210301,190000,14.103,14.113,14.103,14.113,3435,0
NXJ.US,60,20210301,200000,14.113,14.113,14.103,14.103,12068,0
NXJ.US,60,20210301,210000,14.103,14.113,14.103,14.103,6524,0
NXJ.US,60,20210301,220000,14.103,14.113,14.093,14.103,16821,0
NXJ.US,60,20210302,160000,14.093,14.193,14.093,14.102,9303,0
NXJ.US,60,20210302,170000,14.123,14.123,14.043,14.093,32190,0
NXJ.US,60,20210302,180000,14.113,14.123,14.113,14.123,1120,0
NXJ.US,60,20210302,190000,14.103,14.123,14.053,14.083,14199,0
NXJ.US,60,20210302,200000,14.083,14.113,14.083,14.093,5199,0
NXJ.US,60,20210302,210000,14.093,14.093,14.053,14.093,5421,0
NXJ.US,60,20210302,220000,14.073,14.093,14.073,14.093,9605,0
NXJ.US,60,20210303,160000,14.153,14.153,14.073,14.073,14444,0
NXJ.US,60,20210303,170000,14.075,14.087,14.063,14.063,7223,0
NXJ.US,60,20210303,180000,14.073,14.083,14.054,14.083,1946,0
NXJ.US,60,20210303,190000,14.078,14.093,14.063,14.093,2984,0
NXJ.US,60,20210303,200000,14.083,14.093,14.081,14.084,1783,0
NXJ.US,60,20210303,210000,14.083,14.088,14.075,14.083,9345,0
NXJ.US,60,20210303,220000,14.083,14.083,14.073,14.073,6116,0
NXJ.US,60,20210304,160000,14.083,14.123,14.083,14.123,6382,0
NXJ.US,60,20210304,170000,14.083,14.083,14.083,14.083,789,0
NXJ.US,60,20210304,180000,14.063,14.103,14.063,14.103,12377,0
NXJ.US,60,20210304,190000,14.083,14.103,14.043,14.06,8872,0
NXJ.US,60,20210304,200000,14.043,14.043,14.003,14.023,7099,0
NXJ.US,60,20210304,210000,14.028,14.043,14.028,14.043,1102,0
NXJ.US,60,20210304,220000,14.043,14.043,13.984,13.984,24096,0
NXJ.US,60,20210305,160000,14.023,14.053,13.994,14.023,52822,0
NXJ.US,60,20210305,170000,14.028,14.053,14.023,14.023,5365,0
NXJ.US,60,20210305,180000,14.033,14.043,14.023,14.043,3635,0
NXJ.US,60,20210305,190000,14.038,14.043,14.023,14.033,5030,0
NXJ.US,60,20210305,200000,14.033,14.043,14.023,14.033,3042,0
NXJ.US,60,20210305,210000,14.033,14.053,14.018,14.043,8098,0
NXJ.US,60,20210305,220000,14.048,14.063,14.043,14.053,5557,0
NXJ.US,60,20210308,160000,14.093,14.108,14.093,14.108,11319,0
NXJ.US,60,20210308,170000,14.123,14.123,14.093,14.123,7662,0
NXJ.US,60,20210308,180000,14.119,14.123,14.119,14.123,2509,0
NXJ.US,60,20210308,190000,14.093,14.103,14.083,14.093,6405,0
NXJ.US,60,20210308,200000,14.102,14.103,14.093,14.103,2790,0
NXJ.US,60,20210308,210000,14.111,14.113,14.103,14.103,1259,0
NXJ.US,60,20210308,220000,14.103,14.113,14.093,14.113,9656,0
NXJ.US,60,20210309,160000,14.133,14.143,14.133,14.143,4588,0
NXJ.US,60,20210309,170000,14.169,14.213,14.169,14.179,4934,0
NXJ.US,60,20210309,180000,14.184,14.188,14.166,14.188,3544,0
NXJ.US,60,20210309,190000,14.173,14.183,14.173,14.183,1205,0
NXJ.US,60,20210309,200000,14.183,14.203,14.183,14.189,4222,0
NXJ.US,60,20210309,210000,14.183,14.184,14.163,14.163,2560,0
NXJ.US,60,20210309,220000,14.163,14.223,14.163,14.193,7870,0
NXJ.US,60,20210310,160000,14.183,14.223,14.183,14.223,4416,0
NXJ.US,60,20210310,180000,14.203,14.223,14.203,14.221,3227,0
NXJ.US,60,20210310,190000,14.223,14.252,14.223,14.252,677,0
NXJ.US,60,20210310,200000,14.233,14.262,14.233,14.262,2209,0
NXJ.US,60,20210310,210000,14.257,14.313,14.257,14.313,20742,0
NXJ.US,60,20210310,220000,14.317,14.344,14.312,14.327,15210,0
NXJ.US,60,20210311,160000,14.352,14.382,14.352,14.362,1514,0
NXJ.US,60,20210311,170000,14.362,14.362,14.322,14.345,4105,0
NXJ.US,60,20210311,180000,14.332,14.352,14.332,14.352,15795,0
NXJ.US,60,20210311,190000,14.352,14.392,14.334,14.374,8189,0
NXJ.US,60,20210311,200000,14.402,14.402,14.364,14.382,3366,0
NXJ.US,60,20210311,210000,14.382,14.382,14.382,14.382,100,0
NXJ.US,60,20210311,220000,14.362,14.382,14.362,14.372,7881,0
NXJ.US,60,20210312,160000,14.35,14.35,14.2972,14.31,7000,0
NXJ.US,60,20210312,170000,14.31,14.31,14.28,14.28,7964,0
NXJ.US,60,20210312,180000,14.29,14.295,14.28,14.2809,6081,0
NXJ.US,60,20210312,190000,14.285,14.285,14.25,14.25,10990,0
NXJ.US,60,20210312,200000,14.25,14.27,14.25,14.25,1057,0
NXJ.US,60,20210312,210000,14.25,14.255,14.25,14.255,2766,0
NXJ.US,60,20210312,220000,14.255,14.3,14.255,14.29,14820,0
NXJ.US,60,20210315,150000,14.22,14.3,14.22,14.3,3081,0
NXJ.US,60,20210315,160000,14.3,14.3083,14.25,14.3,4808,0
NXJ.US,60,20210315,170000,14.2999,14.35,14.2999,14.35,8379,0
NXJ.US,60,20210315,180000,14.346,14.35,14.3221,14.35,3715,0
NXJ.US,60,20210315,190000,14.3101,14.34,14.28,14.31,3692,0
NXJ.US,60,20210315,200000,14.29,14.31,14.2893,14.2922,1273,0
NXJ.US,60,20210315,210000,14.3087,14.34,14.25,14.29,18479,0
NXJ.US,60,20210316,150000,14.26,14.26,14.26,14.26,375,0
NXJ.US,60,20210316,160000,14.3,14.31,14.29,14.29,3933,0
NXJ.US,60,20210316,170000,14.29,14.3,14.28,14.28,4522,0
NXJ.US,60,20210316,180000,14.28,14.3,14.27,14.29,7667,0
NXJ.US,60,20210316,190000,14.29,14.31,14.29,14.3032,9428,0
NXJ.US,60,20210316,200000,14.3,14.32,14.3,14.3099,6912,0
NXJ.US,60,20210316,210000,14.3,14.3,14.26,14.29,1540,0
NXJ.US,60,20210317,150000,14.28,14.28,14.2464,14.26,3291,0
NXJ.US,60,20210317,160000,14.26,14.26,14.24,14.253,8271,0
NXJ.US,60,20210317,170000,14.25,14.26,14.25,14.2507,1800,0
NXJ.US,60,20210317,180000,14.2411,14.2411,14.24,14.24,1545,0
NXJ.US,60,20210317,190000,14.24,14.2439,14.24,14.24,5615,0
NXJ.US,60,20210317,200000,14.24,14.24,14.22,14.24,4143,0
NXJ.US,60,20210317,210000,14.25,14.26,14.2499,14.26,10733,0
NXJ.US,60,20210318,150000,14.24,14.24,14.1793,14.19,8620,0
NXJ.US,60,20210318,160000,14.19,14.2,14.18,14.19,18591,0
NXJ.US,60,20210318,170000,14.19,14.2,14.18,14.18,5290,0
NXJ.US,60,20210318,180000,14.185,14.19,14.18,14.18,6007,0
NXJ.US,60,20210318,190000,14.18,14.2,14.18,14.18,24973,0
NXJ.US,60,20210318,200000,14.18,14.2,14.17,14.18,11873,0
NXJ.US,60,20210318,210000,14.17,14.2,14.17,14.17,9571,0
NXJ.US,60,20210319,150000,14.11,14.17,14.11,14.14,4633,0
NXJ.US,60,20210319,160000,14.14,14.15,14.13,14.15,6380,0
NXJ.US,60,20210319,170000,14.16,14.1896,14.15,14.15,3100,0
NXJ.US,60,20210319,180000,14.15,14.19,14.15,14.19,1454,0
NXJ.US,60,20210319,190000,14.1821,14.2,14.1821,14.1984,1100,0
NXJ.US,60,20210319,200000,14.2,14.2,14.17,14.1721,7445,0
NXJ.US,60,20210319,210000,14.185,14.2,14.18,14.19,9940,0
NXJ.US,60,20210322,150000,14.16,14.16,14.16,14.16,1357,0
NXJ.US,60,20210322,160000,14.19,14.21,14.19,14.21,2935,0
NXJ.US,60,20210322,170000,14.215,14.22,14.21,14.22,693,0
NXJ.US,60,20210322,180000,14.225,14.23,14.22,14.2293,16428,0
NXJ.US,60,20210322,190000,14.23,14.25,14.23,14.23,5500,0
NXJ.US,60,20210322,200000,14.241,14.2485,14.241,14.2485,2255,0
NXJ.US,60,20210322,210000,14.23,14.24,14.23,14.23,400,0
NXJ.US,60,20210323,150000,14.29,14.29,14.215,14.2471,5845,0
NXJ.US,60,20210323,160000,14.23,14.26,14.23,14.26,20700,0
NXJ.US,60,20210323,170000,14.27,14.27,14.25,14.25,8436,0
NXJ.US,60,20210323,180000,14.25,14.26,14.25,14.25,9475,0
NXJ.US,60,20210323,190000,14.26,14.27,14.25,14.26,5692,0
NXJ.US,60,20210323,200000,14.27,14.28,14.26,14.265,15014,0
NXJ.US,60,20210323,210000,14.2652,14.27,14.23,14.25,16481,0
NXJ.US,60,20210324,150000,14.28,14.29,14.27,14.27,5579,0
NXJ.US,60,20210324,160000,14.28,14.29,14.2799,14.28,11048,0
NXJ.US,60,20210324,170000,14.29,14.3198,14.28,14.2999,8223,0
NXJ.US,60,20210324,180000,14.28,14.2941,14.22,14.235,92642,0
NXJ.US,60,20210324,190000,14.25,14.25,14.22,14.2479,4000,0
NXJ.US,60,20210324,200000,14.2482,14.25,14.18,14.205,37240,0
NXJ.US,60,20210324,210000,14.2,14.22,14.2,14.21,14086,0
NXJ.US,60,20210325,150000,14.2,14.23,14.2,14.23,9048,0
NXJ.US,60,20210325,160000,14.22,14.23,14.22,14.22,6499,0
NXJ.US,60,20210325,170000,14.22,14.26,14.22,14.26,10998,0
NXJ.US,60,20210325,180000,14.24,14.27,14.22,14.23,13224,0
NXJ.US,60,20210325,190000,14.23,14.26,14.22,14.22,3600,0
NXJ.US,60,20210325,200000,14.22,14.24,14.21,14.21,6591,0
NXJ.US,60,20210325,210000,14.21,14.28,14.2,14.25,13470,0
NXJ.US,60,20210326,150000,14.22,14.225,14.22,14.225,2373,0
NXJ.US,60,20210326,160000,14.2,14.2744,14.2,14.25,3005,0
NXJ.US,60,20210326,170000,14.25,14.298,14.25,14.295,5802,0
NXJ.US,60,20210326,180000,14.28,14.3,14.28,14.3,2505,0
NXJ.US,60,20210326,190000,14.29,14.3,14.28,14.29,3625,0
NXJ.US,60,20210326,200000,14.28,14.28,14.28,14.28,1652,0
NXJ.US,60,20210326,210000,14.29,14.3,14.27,14.27,1138,0
NXJ.US,60,20210329,160000,14.27,14.285,14.25,14.269,9162,0
NXJ.US,60,20210329,170000,14.27,14.28,14.26,14.26,7799,0
NXJ.US,60,20210329,180000,14.27,14.29,14.26,14.2879,2535,0
NXJ.US,60,20210329,190000,14.26,14.29,14.26,14.29,5391,0
NXJ.US,60,20210329,200000,14.3014,14.3014,14.29,14.29,1070,0
NXJ.US,60,20210329,210000,14.31,14.34,14.285,14.31,17061,0
NXJ.US,60,20210329,220000,14.32,14.32,14.3107,14.315,400,0
NXJ.US,60,20210330,160000,14.31,14.33,14.3,14.32,3835,0
NXJ.US,60,20210330,170000,14.32,14.35,14.32,14.35,8140,0
NXJ.US,60,20210330,180000,14.34,14.38,14.32,14.34,16364,0
NXJ.US,60,20210330,190000,14.345,14.39,14.345,14.3801,5672,0
NXJ.US,60,20210330,200000,14.385,14.4,14.38,14.4,2892,0
NXJ.US,60,20210330,210000,14.4,14.42,14.39,14.4125,5581,0
NXJ.US,60,20210330,220000,14.405,14.405,14.405,14.405,173,0
NXJ.US,60,20210331,160000,14.4,14.4355,14.4,14.4,817,0
NXJ.US,60,20210331,170000,14.42,14.43,14.4,14.43,4232,0
NXJ.US,60,20210331,180000,14.43,14.45,14.43,14.445,3805,0
NXJ.US,60,20210331,190000,14.445,14.46,14.44,14.45,3220,0
NXJ.US,60,20210331,200000,14.445,14.46,14.4414,14.4582,7039,0
NXJ.US,60,20210331,220000,14.46,14.48,14.46,14.48,1900,0
NXJ.US,60,20210401,160000,14.54,14.54,14.481,14.49,9357,0
NXJ.US,60,20210401,170000,14.485,14.54,14.485,14.54,8298,0
NXJ.US,60,20210401,180000,14.5291,14.54,14.5291,14.54,1720,0
NXJ.US,60,20210401,190000,14.53,14.54,14.53,14.54,550,0
NXJ.US,60,20210401,200000,14.54,14.54,14.54,14.54,255,0
NXJ.US,60,20210401,210000,14.53,14.56,14.53,14.55,7902,0
NXJ.US,60,20210401,220000,14.55,14.57,14.5414,14.57,10047,0
NXJ.US,60,20210405,160000,14.55,14.55,14.51,14.5215,2650,0
NXJ.US,60,20210405,170000,14.54,14.57,14.53,14.545,9437,0
NXJ.US,60,20210405,180000,14.53,14.545,14.53,14.545,7209,0
NXJ.US,60,20210405,190000,14.5554,14.5798,14.5554,14.56,4314,0
NXJ.US,60,20210405,200000,14.57,14.59,14.5503,14.5503,9151,0
NXJ.US,60,20210405,210000,14.56,14.59,14.56,14.58,3885,0
NXJ.US,60,20210405,220000,14.58,14.59,14.53,14.54,37185,0
NXJ.US,60,20210406,160000,14.53,14.53,14.53,14.53,872,0
NXJ.US,60,20210406,170000,14.52,14.55,14.52,14.53,2703,0
NXJ.US,60,20210406,180000,14.54,14.55,14.53,14.55,27060,0
NXJ.US,60,20210406,190000,14.54,14.55,14.54,14.54,8122,0
NXJ.US,60,20210406,200000,14.5401,14.5402,14.47,14.48,31672,0
NXJ.US,60,20210406,210000,14.497,14.5,14.49,14.5,3221,0
NXJ.US,60,20210406,220000,14.495,14.52,14.49,14.52,6223,0
NXJ.US,60,20210407,160000,14.52,14.52,14.49,14.49,5598,0
NXJ.US,60,20210407,170000,14.49,14.5,14.47,14.49,8085,0
NXJ.US,60,20210407,180000,14.49,14.515,14.48,14.5,13392,0
NXJ.US,60,20210407,190000,14.5,14.5074,14.49,14.5037,4499,0
NXJ.US,60,20210407,200000,14.497,14.52,14.49,14.52,10696,0
NXJ.US,60,20210407,210000,14.525,14.5333,14.51,14.51,4000,0
NXJ.US,60,20210407,220000,14.5,14.54,14.5,14.5,11662,0
NXJ.US,60,20210408,160000,14.525,14.5496,14.5,14.5335,18600,0
NXJ.US,60,20210408,170000,14.55,14.5701,14.51,14.57,4918,0
NXJ.US,60,20210408,180000,14.57,14.59,14.56,14.575,7909,0
NXJ.US,60,20210408,190000,14.56,14.59,14.56,14.58,6596,0
NXJ.US,60,20210408,200000,14.59,14.6,14.57,14.5802,10193,0
NXJ.US,60,20210408,210000,14.58,14.6,14.56,14.56,8828,0
NXJ.US,60,20210408,220000,14.565,14.59,14.54,14.58,9973,0
NXJ.US,60,20210409,160000,14.58,14.58,14.5497,14.55,5182,0
NXJ.US,60,20210409,170000,14.55,14.61,14.5499,14.6,12271,0
NXJ.US,60,20210409,180000,14.62,14.65,14.59,14.65,5609,0
NXJ.US,60,20210409,190000,14.61,14.61,14.61,14.61,400,0
NXJ.US,60,20210409,200000,14.63,14.6496,14.58,14.58,11317,0
NXJ.US,60,20210409,210000,14.615,14.655,14.61,14.655,6879,0
NXJ.US,60,20210409,220000,14.65,14.7,14.65,14.69,17268,0
NXJ.US,60,20210412,160000,14.64,14.65,14.63,14.6419,6565,0
NXJ.US,60,20210412,170000,14.65,14.69,14.6499,14.69,5096,0
NXJ.US,60,20210412,180000,14.695,14.7,14.69,14.6975,6589,0
NXJ.US,60,20210412,190000,14.6907,14.72,14.69,14.72,7431,0
NXJ.US,60,20210412,200000,14.69,14.72,14.69,14.705,9622,0
NXJ.US,60,20210412,210000,14.69,14.73,14.69,14.7104,5586,0
NXJ.US,60,20210412,220000,14.714,14.7197,14.69,14.7,4155,0
NXJ.US,60,20210413,160000,14.7,14.7,14.6995,14.6995,1509,0
NXJ.US,60,20210413,170000,14.69,14.74,14.69,14.73,6146,0
NXJ.US,60,20210413,180000,14.735,14.78,14.73,14.77,22706,0
NXJ.US,60,20210413,190000,14.77,14.78,14.755,14.755,12855,0
NXJ.US,60,20210413,200000,14.77,14.77,14.76,14.76,2675,0
NXJ.US,60,20210413,210000,14.77,14.785,14.77,14.785,12244,0
NXJ.US,60,20210413,220000,14.79,14.8,14.77,14.8,11114,0
NXJ.US,60,20210414,160000,14.76,14.76,14.76,14.76,100,0
NXJ.US,60,20210414,170000,14.71,14.77,14.71,14.74,37404,0
NXJ.US,60,20210414,180000,14.75,14.77,14.74,14.75,15118,0
NXJ.US,60,20210414,190000,14.75,14.75,14.74,14.74,1204,0
NXJ.US,60,20210414,200000,14.75,14.7618,14.75,14.7553,12875,0
NXJ.US,60,20210414,210000,14.753,14.7593,14.75,14.75,1389,0
NXJ.US,60,20210414,220000,14.7596,14.76,14.74,14.76,11725,0
NXJ.US,60,20210415,160000,14.76,14.76,14.74,14.74,3663,0
NXJ.US,60,20210415,170000,14.72,14.76,14.66,14.75,18688,0
NXJ.US,60,20210415,180000,14.76,14.78,14.75,14.76,13496,0
NXJ.US,60,20210415,190000,14.75,14.76,14.75,14.76,1672,0
NXJ.US,60,20210415,200000,14.76,14.76,14.75,14.75,1335,0
NXJ.US,60,20210415,210000,14.76,14.76,14.75,14.75,1683,0
NXJ.US,60,20210415,220000,14.7501,14.76,14.75,14.76,3208,0
NXJ.US,60,20210416,160000,14.81,14.81,14.71,14.71,2587,0
NXJ.US,60,20210416,170000,14.7521,14.7699,14.69,14.755,19343,0
NXJ.US,60,20210416,180000,14.75,14.75,14.7401,14.75,2215,0
NXJ.US,60,20210416,190000,14.765,14.77,14.765,14.77,2516,0
NXJ.US,60,20210416,200000,14.76,14.7699,14.75,14.75,3561,0
NXJ.US,60,20210416,210000,14.76,14.76,14.72,14.72,10325,0
NXJ.US,60,20210416,220000,14.7295,14.73,14.72,14.73,2302,0
NXJ.US,60,20210419,160000,14.77,14.77,14.77,14.77,4871,0
NXJ.US,60,20210419,170000,14.7389,14.7499,14.7,14.725,7524,0
NXJ.US,60,20210419,180000,14.73,14.77,14.73,14.77,300,0
NXJ.US,60,20210419,190000,14.76,14.7691,14.746,14.76,14080,0
NXJ.US,60,20210419,200000,14.76,14.765,14.76,14.765,723,0
NXJ.US,60,20210419,210000,14.765,14.765,14.765,14.765,400,0
NXJ.US,60,20210419,220000,14.77,14.8,14.75,14.77,17175,0
NXJ.US,60,20210420,160000,14.8,14.82,14.7894,14.79,10576,0
NXJ.US,60,20210420,170000,14.7921,14.8082,14.79,14.7965,3719,0
NXJ.US,60,20210420,180000,14.79,14.8,14.78,14.7927,9907,0
NXJ.US,60,20210420,190000,14.78,14.7809,14.78,14.78,2349,0
NXJ.US,60,20210420,200000,14.78,14.78,14.7666,14.77,4756,0
NXJ.US,60,20210420,210000,14.77,14.78,14.77,14.78,1300,0
NXJ.US,60,20210420,220000,14.765,14.79,14.765,14.79,2519,0
NXJ.US,60,20210421,160000,14.76,14.793,14.76,14.78,4203,0
NXJ.US,60,20210421,170000,14.78,14.78,14.7701,14.7792,4277,0
NXJ.US,60,20210421,180000,14.78,14.78,14.78,14.78,2413,0
NXJ.US,60,20210421,190000,14.7801,14.7804,14.78,14.7804,1490,0
NXJ.US,60,20210421,200000,14.785,14.7884,14.7708,14.7708,1437,0
NXJ.US,60,20210421,210000,14.775,14.78,14.77,14.78,2240,0
NXJ.US,60,20210421,220000,14.78,14.7899,14.77,14.78,6253,0
NXJ.US,60,20210422,160000,14.79,14.82,14.79,14.8,6563,0
NXJ.US,60,20210422,170000,14.815,14.83,14.8,14.8,4923,0
NXJ.US,60,20210422,180000,14.805,14.81,14.8,14.8,4674,0
NXJ.US,60,20210422,190000,14.81,14.81,14.8,14.8,700,0
NXJ.US,60,20210422,200000,14.81,14.84,14.805,14.83,10735,0
NXJ.US,60,20210422,210000,14.8163,14.84,14.8,14.8,20245,0
NXJ.US,60,20210422,220000,14.821,14.821,14.78,14.79,11248,0
NXJ.US,60,20210423,160000,14.8,14.8094,14.77,14.77,5621,0
NXJ.US,60,20210423,170000,14.774,14.82,14.774,14.8193,6335,0
NXJ.US,60,20210423,180000,14.82,14.84,14.81,14.81,6527,0
NXJ.US,60,20210423,190000,14.81,14.83,14.81,14.825,8994,0
NXJ.US,60,20210423,200000,14.8293,14.83,14.81,14.826,2363,0
NXJ.US,60,20210423,210000,14.83,14.83,14.83,14.83,700,0
NXJ.US,60,20210423,220000,14.83,14.84,14.82,14.83,5350,0
NXJ.US,60,20210426,160000,14.81,14.84,14.81,14.8399,8982,0
NXJ.US,60,20210426,170000,14.8308,14.84,14.81,14.82,19408,0
NXJ.US,60,20210426,180000,14.8399,14.84,14.81,14.83,12584,0
NXJ.US,60,20210426,190000,14.84,14.85,14.835,14.84,10760,0
NXJ.US,60,20210426,200000,14.845,14.845,14.8299,14.8299,4400,0
NXJ.US,60,20210426,210000,14.82,14.825,14.82,14.825,3790,0
NXJ.US,60,20210426,220000,14.8,14.83,14.78,14.79,38772,0
NXJ.US,60,20210427,160000,14.83,14.83,14.8122,14.8122,2724,0
NXJ.US,60,20210427,170000,14.82,14.8396,14.79,14.8284,6700,0
NXJ.US,60,20210427,180000,14.79,14.83,14.74,14.78,18424,0
NXJ.US,60,20210427,190000,14.79,14.81,14.78,14.8,15196,0
NXJ.US,60,20210427,200000,14.78,14.83,14.76,14.83,5912,0
NXJ.US,60,20210427,210000,14.81,14.82,14.79,14.8,3600,0
NXJ.US,60,20210427,220000,14.8,14.8001,14.76,14.76,11444,0
NXJ.US,60,20210428,160000,14.76,14.78,14.75,14.75,13412,0
NXJ.US,60,20210428,170000,14.75,14.77,14.74,14.75,5600,0
NXJ.US,60,20210428,180000,14.75,14.76,14.74,14.74,10598,0
NXJ.US,60,20210428,190000,14.74,14.75,14.72,14.72,9750,0
NXJ.US,60,20210428,200000,14.71,14.76,14.71,14.73,20198,0
NXJ.US,60,20210428,210000,14.72,14.805,14.72,14.805,26480,0
NXJ.US,60,20210428,220000,14.8,14.85,14.8,14.83,38916,0
NXJ.US,60,20210429,160000,14.81,14.83,14.79,14.79,146234,0
NXJ.US,60,20210429,170000,14.81,14.85,14.81,14.85,54702,0
NXJ.US,60,20210429,180000,14.835,14.84,14.83,14.835,53866,0
NXJ.US,60,20210429,190000,14.835,14.86,14.83,14.84,94684,0
NXJ.US,60,20210429,200000,14.84,14.87,14.84,14.85,60302,0
NXJ.US,60,20210429,210000,14.85,14.88,14.85,14.86,25092,0
NXJ.US,60,20210429,220000,14.87,14.87,14.86,14.86,27408,0
NXJ.US,60,20210430,160000,14.87,14.87,14.8457,14.87,15676,0
NXJ.US,60,20210430,170000,14.87,14.8974,14.86,14.89,30002,0
NXJ.US,60,20210430,180000,14.89,14.9,14.87,14.87,8588,0
NXJ.US,60,20210430,190000,14.87,14.88,14.87,14.87,12226,0
NXJ.US,60,20210430,200000,14.87,14.88,14.87,14.87,5470,0
NXJ.US,60,20210430,210000,14.8799,14.89,14.85,14.885,13284,0
NXJ.US,60,20210430,220000,14.87,14.9,14.87,14.89,35630,0
NXJ.US,60,20210503,160000,14.94,14.95,14.89,14.909,18041,0
NXJ.US,60,20210503,170000,14.9,14.9442,14.8957,14.93,21559,0
NXJ.US,60,20210503,180000,14.91,14.93,14.89,14.89,20220,0
NXJ.US,60,20210503,190000,14.89,14.93,14.89,14.92,6701,0
NXJ.US,60,20210503,200000,14.92,14.92,14.9,14.9,2567,0
NXJ.US,60,20210503,210000,14.9,14.92,14.9,14.9,9042,0
NXJ.US,60,20210503,220000,14.9,14.91,14.88,14.91,5857,0
NXJ.US,60,20210504,160000,14.94,14.94,14.92,14.925,3764,0
NXJ.US,60,20210504,170000,14.92,14.94,14.9156,14.94,14352,0
NXJ.US,60,20210504,180000,14.95,14.95,14.93,14.93,4461,0
NXJ.US,60,20210504,190000,14.94,14.95,14.92,14.93,16265,0
NXJ.US,60,20210504,200000,14.93,14.9331,14.93,14.9331,1774,0
NXJ.US,60,20210504,210000,14.9218,14.94,14.92,14.92,11194,0
NXJ.US,60,20210504,220000,14.93,14.945,14.92,14.94,22515,0
NXJ.US,60,20210505,160000,14.95,14.97,14.92,14.963,22946,0
NXJ.US,60,20210505,170000,14.97,14.99,14.96,14.98,9591,0
NXJ.US,60,20210505,180000,14.98,15,14.97,15,12190,0
NXJ.US,60,20210505,190000,14.97,15.0207,14.97,15,23130,0
NXJ.US,60,20210505,200000,14.9988,15.002,14.98,15.002,30188,0
NXJ.US,60,20210505,210000,15.005,15.01,15,15.002,1752,0
NXJ.US,60,20210505,220000,15.01,15.06,15,15.06,8361,0
NXJ.US,60,20210506,160000,15.03,15.09,15.03,15.05,4449,0
NXJ.US,60,20210506,170000,15.06,15.0679,15.04,15.0679,19008,0
NXJ.US,60,20210506,180000,15.07,15.1,15.07,15.09,11631,0
NXJ.US,60,20210506,190000,15.081,15.1,15.07,15.09,13648,0
NXJ.US,60,20210506,200000,15.08,15.08,15.0717,15.08,1525,0
NXJ.US,60,20210506,210000,15.075,15.09,15.07,15.07,1252,0
NXJ.US,60,20210506,220000,15.08,15.08,15.07,15.07,12499,0
NXJ.US,60,20210507,160000,15.05,15.0942,15.05,15.06,1380,0
NXJ.US,60,20210507,170000,15.06,15.16,15.06,15.16,9875,0
NXJ.US,60,20210507,180000,15.12,15.13,15.11,15.13,4380,0
NXJ.US,60,20210507,190000,15.1,15.13,15.09,15.09,16486,0
NXJ.US,60,20210507,200000,15.095,15.14,15.05,15.05,12910,0
NXJ.US,60,20210507,210000,15.05,15.1,15.05,15.06,9696,0
NXJ.US,60,20210507,220000,15.075,15.085,15.07,15.07,7771,0
NXJ.US,60,20210510,160000,15.14,15.16,15.07,15.1533,6734,0
NXJ.US,60,20210510,170000,15.0961,15.14,15.09,15.13,5165,0
NXJ.US,60,20210510,180000,15.14,15.17,15.11,15.17,14761,0
NXJ.US,60,20210510,190000,15.17,15.17,15.15,15.16,18333,0
NXJ.US,60,20210510,200000,15.16,15.1733,15.15,15.165,4527,0
NXJ.US,60,20210510,210000,15.16,15.165,15.15,15.15,8010,0
NXJ.US,60,20210510,220000,15.13,15.17,15.12,15.16,4485,0
NXJ.US,60,20210511,160000,15.16,15.16,15.07,15.13,4049,0
NXJ.US,60,20210511,170000,15.13,15.1399,15.1,15.1,5814,0
NXJ.US,60,20210511,180000,15.11,15.1279,15.11,15.1279,5456,0
NXJ.US,60,20210511,190000,15.12,15.12,15.11,15.1101,4023,0
NXJ.US,60,20210511,200000,15.11,15.12,15.11,15.11,7396,0
NXJ.US,60,20210511,210000,15.11,15.12,15.09,15.09,7546,0
NXJ.US,60,20210511,220000,15.09,15.11,15.06,15.06,6217,0
NXJ.US,60,20210512,160000,15.1,15.1,15.06,15.06,7473,0
NXJ.US,60,20210512,170000,15.045,15.05,15,15.05,12977,0
NXJ.US,60,20210512,180000,15.04,15.05,15.01,15.01,34820,0
NXJ.US,60,20210512,190000,15.015,15.02,14.95,14.96,27639,0
NXJ.US,60,20210512,200000,14.96,14.978,14.96,14.96,7700,0
NXJ.US,60,20210512,210000,14.975,14.9785,14.9,14.93,11336,0
NXJ.US,60,20210512,220000,14.93,14.98,14.91,14.98,7114,0
NXJ.US,60,20210513,160000,14.93,14.9699,14.93,14.9562,5195,0
NXJ.US,60,20210513,170000,14.9557,14.96,14.94,14.94,3856,0
NXJ.US,60,20210513,180000,14.94,14.94,14.93,14.93,3200,0
NXJ.US,60,20210513,190000,14.95,14.95,14.91,14.91,6199,0
NXJ.US,60,20210513,200000,14.91,14.9282,14.91,14.92,2970,0
NXJ.US,60,20210513,210000,14.92,14.96,14.92,14.93,9053,0
NXJ.US,60,20210513,220000,14.945,14.99,14.93,14.97,11054,0
NXJ.US,60,20210514,160000,14.97,14.97,14.91,14.96,17605,0
NXJ.US,60,20210514,170000,14.99,14.99,14.9709,14.98,7542,0
NXJ.US,60,20210514,180000,14.9889,14.99,14.98,14.99,2483,0
NXJ.US,60,20210514,190000,14.99,14.99,14.99,14.99,2200,0
NXJ.US,60,20210514,200000,15.01,15.02,15,15,8121,0
NXJ.US,60,20210514,210000,15.02,15.02,15.01,15.0147,1865,0
NXJ.US,60,20210514,220000,15.02,15.03,15,15,1224,0
NXJ.US,60,20210517,160000,15.01,15.07,14.99,15,3302,0
NXJ.US,60,20210517,170000,15.025,15.03,14.9907,15.01,3756,0
NXJ.US,60,20210517,180000,15.01,15.03,15,15.03,1100,0
NXJ.US,60,20210517,190000,15,15.05,15,15.03,5915,0
NXJ.US,60,20210517,200000,15.03,15.04,14.95,14.9724,19505,0
NXJ.US,60,20210517,210000,14.95,15,14.95,15,6978,0
NXJ.US,60,20210517,220000,14.98,15,14.98,14.98,4832,0
NXJ.US,60,20210518,160000,14.97,15.0391,14.97,15,1671,0
NXJ.US,60,20210518,170000,14.997,15.12,14.99,15.12,18852,0
NXJ.US,60,20210518,180000,15.09,15.11,15.04,15.1,9821,0
NXJ.US,60,20210518,190000,15.1025,15.13,15.08,15.08,19511,0
NXJ.US,60,20210518,200000,15.07,15.1196,15.066,15.1196,1400,0
NXJ.US,60,20210518,210000,15.08,15.1,15.08,15.08,675,0
NXJ.US,60,20210518,220000,15.08,15.09,15.07,15.07,3200,0
NXJ.US,60,20210519,160000,15.07,15.1162,15.07,15.095,4865,0
NXJ.US,60,20210519,170000,15.0735,15.11,15.0735,15.11,1515,0
NXJ.US,60,20210519,180000,15.08,15.08,15.08,15.08,300,0
NXJ.US,60,20210519,190000,15.0843,15.11,15.0843,15.11,4852,0
NXJ.US,60,20210519,200000,15.11,15.11,15.1099,15.1099,1300,0
NXJ.US,60,20210519,210000,15.12,15.13,15.12,15.12,4689,0
NXJ.US,60,20210519,220000,15.12,15.13,15.11,15.12,4914,0
NXJ.US,60,20210520,160000,15.12,15.141,15.05,15.07,16532,0
NXJ.US,60,20210520,170000,15.08,15.095,15.07,15.095,11091,0
NXJ.US,60,20210520,180000,15.11,15.12,15.1,15.11,7378,0
NXJ.US,60,20210520,190000,15.12,15.13,15.117,15.13,12444,0
NXJ.US,60,20210520,200000,15.14,15.14,15.14,15.14,500,0
NXJ.US,60,20210520,210000,15.15,15.15,15.1236,15.1236,3982,0
NXJ.US,60,20210520,220000,15.12,15.15,15.12,15.135,5219,0
NXJ.US,60,20210521,160000,15.15,15.15,15.0701,15.125,5089,0
NXJ.US,60,20210521,170000,15.1192,15.15,15.1192,15.15,7492,0
NXJ.US,60,20210521,180000,15.15,15.15,15.1401,15.15,4632,0
NXJ.US,60,20210521,190000,15.1499,15.15,15.147,15.1499,4797,0
NXJ.US,60,20210521,200000,15.1495,15.16,15.1495,15.16,1025,0
NXJ.US,60,20210521,210000,15.16,15.17,15.14,15.16,4100,0
NXJ.US,60,20210521,220000,15.153,15.16,15.153,15.16,1700,0
NXJ.US,60,20210524,160000,15.17,15.17,15.13,15.13,520,0
NXJ.US,60,20210524,170000,15.19,15.2327,15.19,15.23,13378,0
NXJ.US,60,20210524,180000,15.24,15.24,15.22,15.24,12899,0
NXJ.US,60,20210524,190000,15.237,15.26,15.23,15.25,10978,0
NXJ.US,60,20210524,200000,15.26,15.27,15.25,15.25,4705,0
NXJ.US,60,20210524,210000,15.25,15.2591,15.245,15.25,6200,0
NXJ.US,60,20210524,220000,15.24,15.26,15.23,15.26,7186,0
NXJ.US,60,20210525,160000,15.22,15.29,15.22,15.29,3453,0
NXJ.US,60,20210525,170000,15.254,15.33,15.254,15.31,4535,0
NXJ.US,60,20210525,180000,15.31,15.32,15.28,15.3006,3947,0
NXJ.US,60,20210525,190000,15.28,15.3,15.2403,15.2403,16048,0
NXJ.US,60,20210525,200000,15.26,15.26,15.26,15.26,100,0
NXJ.US,60,20210525,210000,15.26,15.26,15.26,15.26,1500,0
NXJ.US,60,20210525,220000,15.27,15.28,15.22,15.2499,17651,0
NXJ.US,60,20210526,160000,15.28,15.28,15.28,15.28,476,0
NXJ.US,60,20210526,170000,15.28,15.29,15.2697,15.2697,8474,0
NXJ.US,60,20210526,180000,15.278,15.28,15.27,15.27,1302,0
NXJ.US,60,20210526,190000,15.2737,15.2794,15.21,15.21,21686,0
NXJ.US,60,20210526,200000,15.21,15.24,15.21,15.23,3500,0
NXJ.US,60,20210526,210000,15.24,15.2599,15.23,15.23,2977,0
NXJ.US,60,20210526,220000,15.23,15.235,15.2,15.2,16344,0
NXJ.US,60,20210527,160000,15.24,15.29,15.24,15.275,10823,0
NXJ.US,60,20210527,170000,15.29,15.3,15.26,15.28,15307,0
NXJ.US,60,20210527,180000,15.3,15.31,15.29,15.3,5200,0
NXJ.US,60,20210527,190000,15.305,15.31,15.285,15.285,5736,0
NXJ.US,60,20210527,200000,15.285,15.2865,15.27,15.27,2700,0
NXJ.US,60,20210527,210000,15.285,15.3,15.28,15.29,9520,0
NXJ.US,60,20210527,220000,15.3,15.31,15.29,15.3,11676,0
NXJ.US,60,20210528,160000,15.32,15.3497,15.32,15.335,7134,0
NXJ.US,60,20210528,170000,15.33,15.34,15.315,15.3299,16676,0
NXJ.US,60,20210528,180000,15.325,15.3277,15.29,15.29,14157,0
NXJ.US,60,20210528,190000,15.3,15.31,15.29,15.31,1467,0
NXJ.US,60,20210528,200000,15.31,15.33,15.3,15.3291,6113,0
NXJ.US,60,20210528,210000,15.323,15.33,15.3,15.3,3337,0
NXJ.US,60,20210528,220000,15.3,15.33,15.29,15.33,8832,0
NXJ.US,60,20210601,160000,15.4,15.43,15.37,15.37,11382,0
NXJ.US,60,20210601,170000,15.37,15.4,15.33,15.4,21728,0
NXJ.US,60,20210601,180000,15.4,15.4,15.36,15.38,3845,0
NXJ.US,60,20210601,190000,15.36,15.3951,15.35,15.35,2599,0
NXJ.US,60,20210601,200000,15.35,15.4,15.35,15.375,8207,0
NXJ.US,60,20210601,210000,15.35,15.37,15.35,15.37,1498,0
NXJ.US,60,20210601,220000,15.37,15.42,15.37,15.42,16222,0
NXJ.US,60,20210602,160000,15.44,15.44,15.39,15.39,1550,0
NXJ.US,60,20210602,170000,15.415,15.45,15.4,15.45,11905,0
NXJ.US,60,20210602,180000,15.42,15.45,15.42,15.45,6976,0
NXJ.US,60,20210602,190000,15.45,15.46,15.44,15.446,2295,0
NXJ.US,60,20210602,200000,15.43,15.44,15.43,15.43,4054,0
NXJ.US,60,20210602,210000,15.44,15.44,15.4102,15.42,13818,0
NXJ.US,60,20210602,220000,15.44,15.44,15.41,15.41,9271,0
NXJ.US,60,20210603,160000,15.41,15.4817,15.41,15.4694,4832,0
NXJ.US,60,20210603,170000,15.41,15.45,15.4,15.431,6615,0
NXJ.US,60,20210603,180000,15.425,15.4399,15.4,15.4399,6004,0
NXJ.US,60,20210603,190000,15.42,15.44,15.4,15.4,4955,0
NXJ.US,60,20210603,200000,15.4,15.4297,15.4,15.4,5262,0
NXJ.US,60,20210603,210000,15.4,15.44,15.4,15.4396,16408,0
NXJ.US,60,20210603,220000,15.42,15.45,15.4,15.41,13440,0
NXJ.US,60,20210604,160000,15.41,15.4463,15.41,15.43,1681,0
NXJ.US,60,20210604,170000,15.425,15.4572,15.4,15.4572,4086,0
NXJ.US,60,20210604,180000,15.41,15.446,15.36,15.4138,8556,0
NXJ.US,60,20210604,190000,15.4148,15.45,15.39,15.39,13338,0
NXJ.US,60,20210604,200000,15.39,15.4,15.38,15.38,1824,0
NXJ.US,60,20210604,210000,15.38,15.41,15.376,15.39,9150,0
NXJ.US,60,20210604,220000,15.37,15.375,15.36,15.36,8106,0
NXJ.US,60,20210607,160000,15.47,15.47,15.43,15.43,6934,0
NXJ.US,60,20210607,170000,15.44,15.47,15.44,15.4647,1346,0
NXJ.US,60,20210607,180000,15.455,15.46,15.4441,15.455,3951,0
NXJ.US,60,20210607,190000,15.465,15.4836,15.46,15.47,18170,0
NXJ.US,60,20210607,200000,15.47,15.47,15.44,15.44,4013,0
NXJ.US,60,20210607,210000,15.43,15.43,15.41,15.41,1327,0
NXJ.US,60,20210607,220000,15.41,15.41,15.39,15.39,7616,0
NXJ.US,60,20210608,160000,15.39,15.46,15.37,15.38,11155,0
NXJ.US,60,20210608,170000,15.38,15.43,15.38,15.415,2880,0
NXJ.US,60,20210608,180000,15.41,15.48,15.41,15.48,31872,0
NXJ.US,60,20210608,190000,15.4687,15.4687,15.45,15.45,2211,0
NXJ.US,60,20210608,200000,15.45,15.48,15.45,15.45,4459,0
NXJ.US,60,20210608,210000,15.45,15.467,15.4,15.43,10306,0
NXJ.US,60,20210608,220000,15.42,15.46,15.41,15.43,8997,0
NXJ.US,60,20210609,160000,15.44,15.48,15.44,15.465,7655,0
NXJ.US,60,20210609,170000,15.465,15.47,15.44,15.44,4960,0
NXJ.US,60,20210609,180000,15.44,15.46,15.44,15.45,8252,0
NXJ.US,60,20210609,190000,15.45,15.52,15.44,15.44,47130,0
NXJ.US,60,20210609,200000,15.44,15.45,15.43,15.43,1900,0
NXJ.US,60,20210609,210000,15.4357,15.44,15.42,15.42,2785,0
NXJ.US,60,20210609,220000,15.42,15.44,15.4,15.42,5327,0
NXJ.US,60,20210610,160000,15.48,15.485,15.46,15.46,2800,0
NXJ.US,60,20210610,170000,15.46,15.515,15.46,15.47,5550,0
NXJ.US,60,20210610,180000,15.47,15.52,15.44,15.45,8578,0
NXJ.US,60,20210610,190000,15.4766,15.51,15.45,15.5,5114,0
NXJ.US,60,20210610,200000,15.44,15.46,15.42,15.42,2455,0
NXJ.US,60,20210610,210000,15.45,15.4696,15.42,15.42,3812,0
NXJ.US,60,20210610,220000,15.41,15.46,15.4,15.46,17238,0
NXJ.US,60,20210611,160000,15.4,15.47,15.4,15.47,1891,0
NXJ.US,60,20210611,170000,15.43,15.4498,15.41,15.41,3350,0
NXJ.US,60,20210611,180000,15.4,15.44,15.38,15.38,9249,0
NXJ.US,60,20210611,190000,15.39,15.43,15.39,15.4,1960,0
NXJ.US,60,20210611,200000,15.39,15.42,15.38,15.38,2500,0
NXJ.US,60,20210611,210000,15.39,15.4199,15.37,15.37,2471,0
NXJ.US,60,20210611,220000,15.37,15.4,15.35,15.35,7317,0
NXJ.US,60,20210614,160000,15.33,15.36,15.33,15.35,1166,0
NXJ.US,60,20210614,170000,15.35,15.3698,15.35,15.36,9810,0
NXJ.US,60,20210614,180000,15.35,15.37,15.35,15.3695,5029,0
NXJ.US,60,20210614,190000,15.3601,15.38,15.36,15.3725,2507,0
NXJ.US,60,20210614,200000,15.38,15.38,15.37,15.3783,1777,0
NXJ.US,60,20210614,210000,15.38,15.38,15.37,15.38,1300,0
NXJ.US,60,20210614,220000,15.36,15.38,15.35,15.37,11900,0
NXJ.US,60,20210615,160000,15.36,15.3632,15.3204,15.3204,2096,0
NXJ.US,60,20210615,170000,15.355,15.3898,15.3,15.35,28904,0
NXJ.US,60,20210615,180000,15.35,15.38,15.35,15.38,4237,0
NXJ.US,60,20210615,190000,15.38,15.39,15.3668,15.3668,9784,0
NXJ.US,60,20210615,200000,15.37,15.38,15.36,15.365,8244,0
NXJ.US,60,20210615,210000,15.365,15.38,15.35,15.37,9889,0
NXJ.US,60,20210615,220000,15.355,15.38,15.35,15.38,8757,0
NXJ.US,60,20210616,160000,15.4,15.4471,15.383,15.4471,9904,0
NXJ.US,60,20210616,170000,15.4484,15.46,15.42,15.46,3513,0
NXJ.US,60,20210616,180000,15.48,15.53,15.48,15.493,19080,0
NXJ.US,60,20210616,190000,15.4742,15.5,15.47,15.47,6950,0
NXJ.US,60,20210616,200000,15.4601,15.4996,15.46,15.48,5799,0
NXJ.US,60,20210616,210000,15.41,15.46,15.4,15.44,4846,0
NXJ.US,60,20210616,220000,15.4,15.4,15.38,15.39,7053,0
NXJ.US,60,20210617,160000,15.41,15.44,15.4,15.4,3785,0
NXJ.US,60,20210617,170000,15.4382,15.44,15.4,15.44,8223,0
NXJ.US,60,20210617,180000,15.4358,15.44,15.4,15.44,6238,0
NXJ.US,60,20210617,190000,15.44,15.44,15.44,15.44,1910,0
NXJ.US,60,20210617,200000,15.42,15.44,15.41,15.4198,1800,0
NXJ.US,60,20210617,210000,15.42,15.4308,15.4,15.4,4676,0
NXJ.US,60,20210617,220000,15.4,15.46,15.4,15.46,3020,0
NXJ.US,60,20210618,160000,15.46,15.469,15.46,15.469,2315,0
NXJ.US,60,20210618,170000,15.48,15.48,15.46,15.46,15002,0
NXJ.US,60,20210618,180000,15.46,15.475,15.42,15.454,9328,0
NXJ.US,60,20210618,190000,15.45,15.45,15.43,15.45,5481,0
NXJ.US,60,20210618,200000,15.44,15.45,15.43,15.44,4283,0
NXJ.US,60,20210618,210000,15.44,15.45,15.43,15.44,12484,0
NXJ.US,60,20210618,220000,15.44,15.46,15.42,15.42,5742,0
NXJ.US,60,20210621,160000,15.49,15.49,15.46,15.46,2574,0
NXJ.US,60,20210621,170000,15.45,15.55,15.45,15.52,7653,0
NXJ.US,60,20210621,180000,15.55,15.55,15.49,15.51,2300,0
NXJ.US,60,20210621,190000,15.55,15.5824,15.51,15.5807,15470,0
NXJ.US,60,20210621,200000,15.58,15.5804,15.47,15.47,17967,0
NXJ.US,60,20210621,210000,15.47,15.53,15.46,15.46,12021,0
NXJ.US,60,20210621,220000,15.46,15.49,15.37,15.37,11838,0
NXJ.US,60,20210622,160000,15.46,15.49,15.41,15.49,1185,0
NXJ.US,60,20210622,170000,15.461,15.461,15.41,15.44,5143,0
NXJ.US,60,20210622,180000,15.44,15.44,15.38,15.38,3319,0
NXJ.US,60,20210622,190000,15.37,15.38,15.36,15.38,3531,0
NXJ.US,60,20210622,200000,15.38,15.3875,15.38,15.38,4488,0
NXJ.US,60,20210622,210000,15.385,15.385,15.35,15.37,12927,0
NXJ.US,60,20210622,220000,15.36,15.39,15.35,15.35,6377,0
NXJ.US,60,20210623,160000,15.43,15.43,15.395,15.395,3206,0
NXJ.US,60,20210623,170000,15.4,15.44,15.37,15.43,6301,0
NXJ.US,60,20210623,180000,15.42,15.42,15.42,15.42,100,0
NXJ.US,60,20210623,190000,15.4023,15.43,15.36,15.36,11649,0
NXJ.US,60,20210623,200000,15.38,15.4053,15.35,15.35,4145,0
NXJ.US,60,20210623,210000,15.4193,15.42,15.3507,15.42,1800,0
NXJ.US,60,20210623,220000,15.395,15.42,15.37,15.4,2325,0
NXJ.US,60,20210624,160000,15.42,15.43,15.42,15.43,376,0
NXJ.US,60,20210624,170000,15.44,15.45,15.44,15.45,1668,0
NXJ.US,60,20210624,180000,15.43,15.44,15.43,15.44,1468,0
NXJ.US,60,20210624,190000,15.43,15.43,15.42,15.42,200,0
NXJ.US,60,20210624,200000,15.41,15.41,15.34,15.39,10879,0
NXJ.US,60,20210624,210000,15.3999,15.44,15.39,15.415,3786,0
NXJ.US,60,20210624,220000,15.415,15.43,15.39,15.4,6704,0
NXJ.US,60,20210625,160000,15.48,15.48,15.4699,15.4699,3531,0
NXJ.US,60,20210625,170000,15.44,15.44,15.36,15.36,8946,0
NXJ.US,60,20210625,180000,15.37,15.41,15.33,15.35,9398,0
NXJ.US,60,20210625,190000,15.35,15.35,15.33,15.33,6500,0
NXJ.US,60,20210625,200000,15.36,15.3635,15.34,15.36,3299,0
NXJ.US,60,20210625,210000,15.34,15.345,15.32,15.345,8858,0
NXJ.US,60,20210625,220000,15.33,15.3699,15.32,15.32,1673,0
NXJ.US,60,20210628,160000,15.42,15.42,15.34,15.34,2250,0
NXJ.US,60,20210628,170000,15.35,15.36,15.34,15.34,31402,0
NXJ.US,60,20210628,180000,15.3868,15.3868,15.35,15.35,24543,0
NXJ.US,60,20210628,190000,15.35,15.35,15.35,15.35,200,0
NXJ.US,60,20210628,200000,15.4,15.41,15.3999,15.41,2700,0
NXJ.US,60,20210628,210000,15.41,15.41,15.41,15.41,600,0
NXJ.US,60,20210628,220000,15.4,15.418,15.39,15.39,3602,0
NXJ.US,60,20210629,160000,15.46,15.48,15.42,15.48,4503,0
NXJ.US,60,20210629,170000,15.47,15.47,15.39,15.43,11094,0
NXJ.US,60,20210629,180000,15.43,15.45,15.39,15.45,2824,0
NXJ.US,60,20210629,190000,15.45,15.45,15.4,15.42,3852,0
NXJ.US,60,20210629,200000,15.42,15.42,15.41,15.42,600,0
NXJ.US,60,20210629,210000,15.42,15.42,15.41,15.42,1270,0
NXJ.US,60,20210629,220000,15.38,15.4193,15.38,15.4,816,0
NXJ.US,60,20210630,160000,15.37,15.37,15.37,15.37,201,0
NXJ.US,60,20210630,170000,15.4333,15.5,15.4333,15.48,8080,0
NXJ.US,60,20210630,180000,15.4999,15.51,15.49,15.51,40717,0
NXJ.US,60,20210630,190000,15.505,15.51,15.48,15.48,2118,0
NXJ.US,60,20210630,200000,15.495,15.4975,15.48,15.495,2096,0
NXJ.US,60,20210630,210000,15.48,15.63,15.48,15.53,47203,0
NXJ.US,60,20210630,220000,15.53,15.59,15.53,15.59,5352,0
NXJ.US,60,20210701,160000,15.62,15.65,15.55,15.59,8537,0
NXJ.US,60,20210701,170000,15.6248,15.66,15.6224,15.6599,11372,0
NXJ.US,60,20210701,180000,15.65,15.6582,15.62,15.62,4222,0
NXJ.US,60,20210701,190000,15.6279,15.63,15.6279,15.63,1140,0
NXJ.US,60,20210701,200000,15.6,15.63,15.6,15.61,9886,0
NXJ.US,60,20210701,210000,15.63,15.63,15.6281,15.6281,400,0
NXJ.US,60,20210701,220000,15.63,15.65,15.61,15.64,6083,0
NXJ.US,60,20210702,160000,15.64,15.67,15.64,15.67,878,0
NXJ.US,60,20210702,170000,15.65,15.67,15.63,15.64,10116,0
NXJ.US,60,20210702,180000,15.65,15.67,15.63,15.65,6049,0
NXJ.US,60,20210702,190000,15.6467,15.6467,15.63,15.64,8406,0
NXJ.US,60,20210702,200000,15.64,15.64,15.6399,15.64,1100,0
NXJ.US,60,20210702,210000,15.64,15.66,15.64,15.66,8600,0
NXJ.US,60,20210702,220000,15.67,15.67,15.55,15.55,9914,0
NXJ.US,60,20210706,160000,15.63,15.6599,15.63,15.6599,612,0
NXJ.US,60,20210706,170000,15.575,15.62,15.5705,15.62,3300,0
NXJ.US,60,20210706,180000,15.57,15.61,15.57,15.57,5625,0
NXJ.US,60,20210706,190000,15.5701,15.61,15.57,15.5965,557,0
NXJ.US,60,20210706,200000,15.57,15.57,15.57,15.57,100,0
NXJ.US,60,20210706,210000,15.59,15.5997,15.569,15.585,3440,0
NXJ.US,60,20210706,220000,15.5806,15.61,15.57,15.6,1879,0
NXJ.US,60,20210707,160000,15.6,15.63,15.6,15.63,855,0
NXJ.US,60,20210707,170000,15.6299,15.635,15.615,15.635,7815,0
NXJ.US,60,20210707,180000,15.658,15.67,15.63,15.63,1006,0
NXJ.US,60,20210707,190000,15.6435,15.68,15.6435,15.68,1900,0
NXJ.US,60,20210707,200000,15.6502,15.68,15.65,15.68,1710,0
NXJ.US,60,20210707,210000,15.642,15.642,15.642,15.642,139,0
NXJ.US,60,20210707,220000,15.63,15.65,15.62,15.62,1941,0
NXJ.US,60,20210708,160000,15.63,15.645,15.61,15.61,1781,0
NXJ.US,60,20210708,170000,15.6101,15.6595,15.54,15.56,18273,0
NXJ.US,60,20210708,180000,15.6,15.6,15.55,15.5502,3100,0
NXJ.US,60,20210708,190000,15.575,15.62,15.56,15.62,3805,0
NXJ.US,60,20210708,200000,15.63,15.68,15.63,15.6756,5930,0
NXJ.US,60,20210708,210000,15.6645,15.6783,15.63,15.63,4300,0
NXJ.US,60,20210708,220000,15.64,15.67,15.64,15.66,10510,0
NXJ.US,60,20210709,160000,15.66,15.68,15.66,15.67,1886,0
NXJ.US,60,20210709,170000,15.68,15.68,15.66,15.66,6594,0
NXJ.US,60,20210709,180000,15.68,15.68,15.6216,15.6216,5918,0
NXJ.US,60,20210709,190000,15.6297,15.64,15.62,15.62,6780,0
NXJ.US,60,20210709,200000,15.62,15.6399,15.62,15.6399,300,0
NXJ.US,60,20210709,220000,15.63,15.63,15.63,15.63,200,0
