<TICKER>,<PER>,<DATE>,<TIME>,<OPEN>,<HIGH>,<LOW>,<CLOSE>,<VOL>,<OPENINT>
OOMA.US,60,20200914,160000,13.48,13.56,13.39,13.52,3380,0
OOMA.US,60,20200914,170000,13.48,13.62,13.3,13.33,16768,0
OOMA.US,60,20200914,180000,13.33,13.45,13.33,13.35,6500,0
OOMA.US,60,20200914,190000,13.35,13.39,13.3,13.31,8962,0
OOMA.US,60,20200914,200000,13.32,13.4,13.32,13.36,12093,0
OOMA.US,60,20200914,210000,13.36,13.39,13.34,13.38,6000,0
OOMA.US,60,20200914,220000,13.36,13.38,13.35,13.36,25020,0
OOMA.US,60,20200915,160000,13.36,13.46,13.36,13.36,6656,0
OOMA.US,60,20200915,170000,13.35,13.39,13.31,13.38,9068,0
OOMA.US,60,20200915,180000,13.36,13.38,13.2935,13.345,15504,0
OOMA.US,60,20200915,190000,13.345,13.42,13.28,13.35,34616,0
OOMA.US,60,20200915,200000,13.365,13.49,13.34,13.485,22891,0
OOMA.US,60,20200915,210000,13.485,13.52,13.34,13.34,17690,0
OOMA.US,60,20200915,220000,13.35,13.39,13.34,13.38,22413,0
OOMA.US,60,20200916,160000,13.27,13.44,13.235,13.235,25160,0
OOMA.US,60,20200916,170000,13.22,13.28,13.21,13.23,23493,0
OOMA.US,60,20200916,180000,13.22,13.28,13.22,13.235,9187,0
OOMA.US,60,20200916,190000,13.235,13.27,13.17,13.195,27348,0
OOMA.US,60,20200916,200000,13.205,13.235,13.185,13.22,12198,0
OOMA.US,60,20200916,210000,13.22,13.3,13.19,13.2,12722,0
OOMA.US,60,20200916,220000,13.215,13.28,13.19,13.21,58608,0
OOMA.US,60,20200917,160000,13.01,13.07,12.99,13.07,8864,0
OOMA.US,60,20200917,170000,13.07,13.16,12.97,13.095,12295,0
OOMA.US,60,20200917,180000,13.055,13.145,13.0475,13.14,8400,0
OOMA.US,60,20200917,190000,13.135,13.21,13.01,13.05,34870,0
OOMA.US,60,20200917,200000,13.05,13.16,13.04,13.15,15894,0
OOMA.US,60,20200917,210000,13.141,13.17,13.0801,13.12,21920,0
OOMA.US,60,20200917,220000,13.1,13.15,13,13.1,63920,0
OOMA.US,60,20200918,160000,13.17,13.17,12.98,13,33868,0
OOMA.US,60,20200918,170000,13,13.04,12.88,12.8896,28760,0
OOMA.US,60,20200918,180000,12.88,12.905,12.65,12.73,23334,0
OOMA.US,60,20200918,190000,12.69,12.7,12.53,12.7,20404,0
OOMA.US,60,20200918,200000,12.71,12.9,12.69,12.89,18364,0
OOMA.US,60,20200918,210000,12.87,12.95,12.84,12.945,7889,0
OOMA.US,60,20200918,220000,12.915,13.06,12.89,13.03,55787,0
OOMA.US,60,20200921,160000,12.84,13.15,12.75,13.01,17039,0
OOMA.US,60,20200921,170000,13.04,13.04,12.75,12.86,17185,0
OOMA.US,60,20200921,180000,12.86,13.02,12.82,12.99,12086,0
OOMA.US,60,20200921,190000,12.99,13,12.9,12.93,12697,0
OOMA.US,60,20200921,200000,12.94,12.99,12.84,12.84,12413,0
OOMA.US,60,20200921,210000,12.85,12.89,12.82,12.88,11178,0
OOMA.US,60,20200921,220000,12.89,12.97,12.87,12.94,50852,0
OOMA.US,60,20200922,160000,12.91,12.99,12.9,12.915,18701,0
OOMA.US,60,20200922,170000,12.94,13,12.9,12.94,7380,0
OOMA.US,60,20200922,180000,12.95,13.06,12.93,13.03,8124,0
OOMA.US,60,20200922,190000,13.05,13.2,13.04,13.07,51216,0
OOMA.US,60,20200922,200000,13.08,13.11,13,13.1,5102,0
OOMA.US,60,20200922,210000,13.11,13.19,13.1,13.17,5500,0
OOMA.US,60,20200922,220000,13.14,13.3,13.14,13.27,51640,0
OOMA.US,60,20200923,160000,13.17,13.25,13.09,13.18,26135,0
OOMA.US,60,20200923,170000,13.19,13.26,13.08,13.25,18281,0
OOMA.US,60,20200923,180000,13.26,13.3,13.13,13.13,6100,0
OOMA.US,60,20200923,190000,13.1106,13.16,13.03,13.065,12792,0
OOMA.US,60,20200923,200000,13.08,13.08,12.99,13.005,14638,0
OOMA.US,60,20200923,210000,13,13.02,12.95,12.95,17324,0
OOMA.US,60,20200923,220000,12.97,12.97,12.75,12.76,59358,0
OOMA.US,60,20200924,160000,12.74,12.96,12.66,12.96,15607,0
OOMA.US,60,20200924,170000,12.87,12.97,12.75,12.88,12274,0
OOMA.US,60,20200924,180000,12.85,12.91,12.77,12.91,4820,0
OOMA.US,60,20200924,190000,12.91,12.945,12.86,12.925,8115,0
OOMA.US,60,20200924,200000,12.94,13.03,12.94,13,6365,0
OOMA.US,60,20200924,210000,12.97,12.97,12.855,12.855,3798,0
OOMA.US,60,20200924,220000,12.88,12.89,12.77,12.78,29136,0
OOMA.US,60,20200925,160000,12.76,13.04,12.71,12.98,23424,0
OOMA.US,60,20200925,170000,12.99,12.99,12.9,12.93,6374,0
OOMA.US,60,20200925,180000,12.96,12.98,12.9,12.91,4242,0
OOMA.US,60,20200925,190000,12.925,13.03,12.925,12.97,8250,0
OOMA.US,60,20200925,200000,12.965,13,12.95,12.985,5613,0
OOMA.US,60,20200925,210000,12.985,13.01,12.94,12.975,6339,0
OOMA.US,60,20200925,220000,12.99,13.04,12.95,12.97,29271,0
OOMA.US,60,20200928,160000,13.11,13.2,13.06,13.06,2959,0
OOMA.US,60,20200928,170000,13.02,13.18,12.99,13.03,6722,0
OOMA.US,60,20200928,180000,13,13.14,13,13.05,8482,0
OOMA.US,60,20200928,190000,13.07,13.14,13.0268,13.04,3293,0
OOMA.US,60,20200928,200000,12.99,13.02,12.96,13.02,4108,0
OOMA.US,60,20200928,210000,13.02,13.11,13.0101,13.07,7346,0
OOMA.US,60,20200928,220000,13.06,13.16,13,13.13,26636,0
OOMA.US,60,20200929,160000,13.13,13.3,13.13,13.24,3730,0
OOMA.US,60,20200929,170000,13.24,13.3,13.11,13.14,4315,0
OOMA.US,60,20200929,180000,13.11,13.27,13.1,13.13,9665,0
OOMA.US,60,20200929,190000,13.12,13.24,13.08,13.2,6196,0
OOMA.US,60,20200929,200000,13.175,13.21,13.11,13.21,4401,0
OOMA.US,60,20200929,210000,13.2,13.29,13.2,13.27,4113,0
OOMA.US,60,20200929,220000,13.25,13.26,13.18,13.25,16788,0
OOMA.US,60,20200930,160000,13.24,13.35,13.23,13.24,2382,0
OOMA.US,60,20200930,170000,13.36,13.39,13.1775,13.2,8797,0
OOMA.US,60,20200930,180000,13.17,13.18,13.04,13.115,3754,0
OOMA.US,60,20200930,190000,13.13,13.13,13,13.05,4594,0
OOMA.US,60,20200930,200000,13.095,13.12,13,13.05,6773,0
OOMA.US,60,20200930,210000,13.08,13.09,12.93,13.005,7743,0
OOMA.US,60,20200930,220000,13.015,13.08,12.96,13.05,44174,0
OOMA.US,60,20201001,160000,13.28,13.28,13.03,13.09,4831,0
OOMA.US,60,20201001,170000,13.07,13.1,12.98,13.1,7510,0
OOMA.US,60,20201001,180000,13.13,13.15,13.09,13.1,3498,0
OOMA.US,60,20201001,190000,13.1,13.21,13.1,13.19,3171,0
OOMA.US,60,20201001,200000,13.22,13.3,13.22,13.29,9808,0
OOMA.US,60,20201001,210000,13.28,13.43,13.22,13.41,36557,0
OOMA.US,60,20201001,220000,13.415,13.455,13.29,13.4,83152,0
OOMA.US,60,20201002,160000,13.14,13.14,13.14,13.14,1417,0
OOMA.US,60,20201002,170000,13.305,13.305,12.9,12.93,28134,0
OOMA.US,60,20201002,180000,12.93,13.06,12.915,12.98,36223,0
OOMA.US,60,20201002,190000,12.89,13.1,12.89,13.08,18325,0
OOMA.US,60,20201002,200000,13.07,13.075,13,13,18070,0
OOMA.US,60,20201002,210000,12.98,13.11,12.98,13.11,9593,0
OOMA.US,60,20201002,220000,13.11,13.18,13.06,13.06,66336,0
OOMA.US,60,20201005,160000,13.12,13.15,13.12,13.15,1476,0
OOMA.US,60,20201005,170000,13.14,13.26,13.14,13.18,10550,0
OOMA.US,60,20201005,180000,13.22,13.24,13.2,13.22,10038,0
OOMA.US,60,20201005,190000,13.25,13.29,13.225,13.25,3267,0
OOMA.US,60,20201005,200000,13.25,13.32,13.25,13.3,17284,0
OOMA.US,60,20201005,210000,13.29,13.3,13.24,13.29,3000,0
OOMA.US,60,20201005,220000,13.28,13.305,13.25,13.26,35499,0
OOMA.US,60,20201006,160000,13.41,13.44,13.35,13.395,29044,0
OOMA.US,60,20201006,170000,13.39,13.57,13.39,13.515,13663,0
OOMA.US,60,20201006,180000,13.49,13.665,13.48,13.64,11471,0
OOMA.US,60,20201006,190000,13.625,13.69,13.58,13.68,8592,0
OOMA.US,60,20201006,200000,13.6626,13.72,13.63,13.645,5474,0
OOMA.US,60,20201006,210000,13.63,13.71,13.5,13.51,15077,0
OOMA.US,60,20201006,220000,13.55,13.615,13.4,13.43,56455,0
OOMA.US,60,20201007,160000,13.6,13.7,13.51,13.55,10041,0
OOMA.US,60,20201007,170000,13.59,13.64,13.4617,13.56,15585,0
OOMA.US,60,20201007,180000,13.6,13.61,13.47,13.56,8887,0
OOMA.US,60,20201007,190000,13.56,13.61,13.5,13.54,9213,0
OOMA.US,60,20201007,200000,13.537,13.61,13.5,13.565,9912,0
OOMA.US,60,20201007,210000,13.56,13.6,13.5,13.57,33711,0
OOMA.US,60,20201007,220000,13.61,13.69,13.52,13.67,51987,0
OOMA.US,60,20201008,160000,13.76,13.9,13.74,13.74,23165,0
OOMA.US,60,20201008,170000,13.71,13.73,13.58,13.68,10460,0
OOMA.US,60,20201008,180000,13.63,13.72,13.58,13.66,5324,0
OOMA.US,60,20201008,190000,13.66,13.69,13.55,13.58,4710,0
OOMA.US,60,20201008,200000,13.59,13.67,13.54,13.58,6430,0
OOMA.US,60,20201008,210000,13.58,13.64,13.56,13.56,4374,0
OOMA.US,60,20201008,220000,13.56,13.59,13.49,13.53,27890,0
OOMA.US,60,20201009,160000,13.64,13.73,13.6,13.73,3151,0
OOMA.US,60,20201009,170000,13.73,13.83,13.65,13.7501,11471,0
OOMA.US,60,20201009,180000,13.75,13.81,13.66,13.6601,20436,0
OOMA.US,60,20201009,190000,13.648,13.78,13.648,13.78,18216,0
OOMA.US,60,20201009,200000,13.75,13.75,13.54,13.62,10547,0
OOMA.US,60,20201009,210000,13.65,13.78,13.62,13.68,6300,0
OOMA.US,60,20201009,220000,13.68,13.81,13.68,13.73,40195,0
OOMA.US,60,20201012,160000,13.76,13.825,13.67,13.67,5762,0
OOMA.US,60,20201012,170000,13.778,13.865,13.75,13.865,4578,0
OOMA.US,60,20201012,180000,13.865,13.96,13.81,13.96,64376,0
OOMA.US,60,20201012,190000,13.97,14,13.91,13.9107,12460,0
OOMA.US,60,20201012,200000,13.91,14.0001,13.87,14.0001,10008,0
OOMA.US,60,20201012,210000,14.04,14.08,13.87,13.94,21197,0
OOMA.US,60,20201012,220000,13.89,14.2,13.88,14.17,30733,0
OOMA.US,60,20201013,160000,14.13,14.245,14.13,14.245,2568,0
OOMA.US,60,20201013,170000,14.25,14.25,14.0702,14.2,13966,0
OOMA.US,60,20201013,180000,14.28,14.31,14.2,14.25,9608,0
OOMA.US,60,20201013,190000,14.2486,14.35,14.23,14.35,5855,0
OOMA.US,60,20201013,200000,14.35,14.42,14.35,14.35,11234,0
OOMA.US,60,20201013,210000,14.37,14.37,14.2601,14.32,9655,0
OOMA.US,60,20201013,220000,14.34,14.45,14.34,14.4,21366,0
OOMA.US,60,20201014,160000,14.41,14.41,14.19,14.19,4911,0
OOMA.US,60,20201014,170000,14.14,14.21,14.08,14.12,10530,0
OOMA.US,60,20201014,180000,14.12,14.145,14.07,14.1,3550,0
OOMA.US,60,20201014,190000,14.1,14.11,14.07,14.08,7663,0
OOMA.US,60,20201014,200000,14.08,14.09,14,14,14028,0
OOMA.US,60,20201014,210000,14,14.06,14,14.06,7147,0
OOMA.US,60,20201014,220000,14.0716,14.25,14.0716,14.11,21050,0
OOMA.US,60,20201015,160000,13.95,14.09,13.75,14.01,54414,0
OOMA.US,60,20201015,170000,14.07,14.07,13.89,13.99,17031,0
OOMA.US,60,20201015,180000,13.98,14.086,13.94,14.02,7649,0
OOMA.US,60,20201015,190000,14.04,14.11,14.03,14.09,3894,0
OOMA.US,60,20201015,200000,14.14,14.17,14.1,14.17,3300,0
OOMA.US,60,20201015,210000,14.18,14.42,14.13,14.42,12995,0
OOMA.US,60,20201015,220000,14.425,14.72,14.3827,14.71,52623,0
OOMA.US,60,20201016,160000,14.61,14.74,14.5,14.74,7559,0
OOMA.US,60,20201016,170000,14.73,14.85,14.6301,14.815,19547,0
OOMA.US,60,20201016,180000,14.76,14.81,14.63,14.81,7101,0
OOMA.US,60,20201016,190000,14.83,14.96,14.68,14.8,17915,0
OOMA.US,60,20201016,200000,14.84,14.95,14.65,14.72,16965,0
OOMA.US,60,20201016,210000,14.75,14.82,14.725,14.8,5777,0
OOMA.US,60,20201016,220000,14.83,14.84,14.7,14.78,61099,0
OOMA.US,60,20201019,160000,14.85,14.875,14.78,14.845,4603,0
OOMA.US,60,20201019,170000,14.835,14.92,14.78,14.79,9370,0
OOMA.US,60,20201019,180000,14.84,14.86,14.75,14.835,12969,0
OOMA.US,60,20201019,190000,14.7975,14.7975,14.72,14.73,4961,0
OOMA.US,60,20201019,200000,14.72,14.76,14.62,14.62,5058,0
OOMA.US,60,20201019,210000,14.58,14.68,14.57,14.62,7899,0
OOMA.US,60,20201019,220000,14.57,14.6,14.49,14.56,37989,0
OOMA.US,60,20201020,160000,14.63,14.63,14.565,14.59,3331,0
OOMA.US,60,20201020,170000,14.61,14.615,14.55,14.55,4122,0
OOMA.US,60,20201020,180000,14.55,14.6,14.5101,14.575,9557,0
OOMA.US,60,20201020,190000,14.575,14.68,14.575,14.64,7545,0
OOMA.US,60,20201020,200000,14.61,14.64,14.59,14.605,2473,0
OOMA.US,60,20201020,210000,14.62,14.78,14.59,14.735,13996,0
OOMA.US,60,20201020,220000,14.77,14.85,14.69,14.78,33742,0
OOMA.US,60,20201021,160000,14.8,14.8,14.65,14.65,2846,0
OOMA.US,60,20201021,170000,14.52,14.59,14.52,14.59,5249,0
OOMA.US,60,20201021,180000,14.56,14.57,14.51,14.55,8496,0
OOMA.US,60,20201021,190000,14.545,14.56,14.31,14.31,10172,0
OOMA.US,60,20201021,200000,14.305,14.49,14.27,14.48,26476,0
OOMA.US,60,20201021,210000,14.48,14.5,14.425,14.48,6476,0
OOMA.US,60,20201021,220000,14.48,14.62,14.46,14.58,39041,0
OOMA.US,60,20201022,160000,14.72,14.79,14.41,14.755,5018,0
OOMA.US,60,20201022,170000,14.71,14.71,14.515,14.67,14161,0
OOMA.US,60,20201022,180000,14.68,14.82,14.68,14.78,2285,0
OOMA.US,60,20201022,190000,14.74,14.83,14.73,14.83,6456,0
OOMA.US,60,20201022,200000,14.78,14.89,14.78,14.89,4692,0
OOMA.US,60,20201022,210000,14.85,14.885,14.85,14.87,1674,0
OOMA.US,60,20201022,220000,14.86,14.97,14.84,14.93,42895,0
OOMA.US,60,20201023,160000,14.9,14.94,14.84,14.94,1450,0
OOMA.US,60,20201023,170000,14.92,15.16,14.815,15.075,5375,0
OOMA.US,60,20201023,180000,15.09,15.12,14.91,15.05,8216,0
OOMA.US,60,20201023,190000,15.05,15.06,14.92,14.92,2680,0
OOMA.US,60,20201023,200000,14.95,14.96,14.71,14.74,8898,0
OOMA.US,60,20201023,210000,14.73,14.77,14.69,14.72,9450,0
OOMA.US,60,20201023,220000,14.72,14.93,14.72,14.91,49465,0
OOMA.US,60,20201026,150000,14.73,14.73,14.6997,14.724,1000,0
OOMA.US,60,20201026,160000,14.75,14.83,14.65,14.705,1983,0
OOMA.US,60,20201026,170000,14.64,14.64,14.47,14.555,5379,0
OOMA.US,60,20201026,180000,14.54,14.61,14.5,14.61,4788,0
OOMA.US,60,20201026,190000,14.55,14.57,14.455,14.53,5673,0
OOMA.US,60,20201026,200000,14.55,14.56,14.4975,14.56,2185,0
OOMA.US,60,20201026,210000,14.56,14.56,14.42,14.51,8344,0
OOMA.US,60,20201027,150000,14.5,14.5712,14.5,14.56,349,0
OOMA.US,60,20201027,160000,14.51,14.51,14.17,14.29,5851,0
OOMA.US,60,20201027,170000,14.28,14.3,14.2,14.29,6503,0
OOMA.US,60,20201027,180000,14.26,14.33,14.22,14.22,2406,0
OOMA.US,60,20201027,190000,14.23,14.24,14.16,14.22,3703,0
OOMA.US,60,20201027,200000,14.19,14.23,14.13,14.23,5132,0
OOMA.US,60,20201027,210000,14.23,14.4,14.23,14.37,31516,0
OOMA.US,60,20201028,150000,14.11,14.2499,13.76,14.14,5690,0
OOMA.US,60,20201028,160000,14.14,14.24,14.13,14.165,5874,0
OOMA.US,60,20201028,170000,14.165,14.18,14.13,14.18,5268,0
OOMA.US,60,20201028,180000,14.165,14.18,14.1101,14.135,13430,0
OOMA.US,60,20201028,190000,14.16,14.19,14.03,14.11,10614,0
OOMA.US,60,20201028,200000,14.09,14.18,14.06,14.18,11350,0
OOMA.US,60,20201028,210000,14.18,14.27,14.18,14.19,30210,0
OOMA.US,60,20201029,150000,14.08,14.08,13.97,14.06,1034,0
OOMA.US,60,20201029,160000,14.04,14.04,13.965,14,1451,0
OOMA.US,60,20201029,170000,14.01,14.03,13.89,13.89,1496,0
OOMA.US,60,20201029,180000,13.93,13.93,13.9,13.92,2700,0
OOMA.US,60,20201029,190000,13.92,14.06,13.92,14.04,3225,0
OOMA.US,60,20201029,200000,14.06,14.09,14.04,14.04,4422,0
OOMA.US,60,20201029,210000,14.05,14.185,14.05,14.15,16239,0
OOMA.US,60,20201030,150000,14.1,14.1,13.98,14.03,450,0
OOMA.US,60,20201030,160000,14.185,14.185,13.94,14.05,8646,0
OOMA.US,60,20201030,170000,14.0698,14.14,14.05,14.11,1885,0
OOMA.US,60,20201030,180000,14.11,14.12,14.035,14.105,7395,0
OOMA.US,60,20201030,190000,14.065,14.16,14.04,14.09,17160,0
OOMA.US,60,20201030,200000,14.07,14.15,13.985,14.03,5615,0
OOMA.US,60,20201030,210000,14.015,14.13,13.97,14.11,58948,0
OOMA.US,60,20201102,160000,14.12,14.14,14.04,14.04,3766,0
OOMA.US,60,20201102,170000,14.01,14.12,13.98,13.98,5412,0
OOMA.US,60,20201102,180000,13.99,14,13.9,13.92,3069,0
OOMA.US,60,20201102,190000,13.92,13.96,13.755,13.755,2200,0
OOMA.US,60,20201102,200000,13.76,13.76,13.53,13.54,4754,0
OOMA.US,60,20201102,210000,13.54,13.66,13.53,13.58,6042,0
OOMA.US,60,20201102,220000,13.57,13.6,13.45,13.51,34115,0
OOMA.US,60,20201103,160000,13.65,13.65,13.42,13.595,6990,0
OOMA.US,60,20201103,170000,13.718,13.74,13.48,13.48,3503,0
OOMA.US,60,20201103,180000,13.52,13.55,13.41,13.51,8110,0
OOMA.US,60,20201103,190000,13.46,13.5,13.4,13.5,7745,0
OOMA.US,60,20201103,200000,13.46,13.56,13.45,13.55,4792,0
OOMA.US,60,20201103,210000,13.55,13.65,13.48,13.63,10417,0
OOMA.US,60,20201103,220000,13.66,13.73,13.6,13.63,31879,0
OOMA.US,60,20201104,160000,13.61,13.6598,13.61,13.63,5103,0
OOMA.US,60,20201104,170000,13.63,13.84,13.63,13.74,4684,0
OOMA.US,60,20201104,180000,13.72,13.83,13.71,13.73,1100,0
OOMA.US,60,20201104,190000,13.79,13.92,13.78,13.92,3235,0
OOMA.US,60,20201104,200000,13.865,13.91,13.76,13.81,4290,0
OOMA.US,60,20201104,210000,13.82,13.85,13.79,13.81,3400,0
OOMA.US,60,20201104,220000,13.79,13.84,13.75,13.79,14770,0
OOMA.US,60,20201105,160000,13.83,13.924,13.82,13.82,4756,0
OOMA.US,60,20201105,170000,13.98,14.03,13.92,14,23203,0
OOMA.US,60,20201105,180000,13.98,14.01,13.77,13.77,12609,0
OOMA.US,60,20201105,190000,13.76,13.76,13.58,13.6,9059,0
OOMA.US,60,20201105,200000,13.58,13.58,13.38,13.38,7800,0
OOMA.US,60,20201105,210000,13.36,13.58,13.21,13.58,19501,0
OOMA.US,60,20201105,220000,13.49,13.49,13.37,13.42,32325,0
OOMA.US,60,20201106,160000,13.35,13.35,13.35,13.35,2605,0
OOMA.US,60,20201106,170000,13.455,13.485,13.3,13.4,7873,0
OOMA.US,60,20201106,180000,13.39,13.45,13.23,13.35,5026,0
OOMA.US,60,20201106,190000,13.3699,13.3699,13.27,13.3,3698,0
OOMA.US,60,20201106,200000,13.285,13.42,13.26,13.37,2000,0
OOMA.US,60,20201106,210000,13.37,13.37,13.25,13.31,2171,0
OOMA.US,60,20201106,220000,13.31,13.31,13.17,13.2,35879,0
OOMA.US,60,20201109,160000,13.46,13.67,13.3,13.38,5960,0
OOMA.US,60,20201109,170000,13.36,13.55,13.24,13.36,5504,0
OOMA.US,60,20201109,180000,13.33,13.45,13.15,13.205,8098,0
OOMA.US,60,20201109,190000,13.21,13.38,13.07,13.26,8250,0
OOMA.US,60,20201109,200000,13.285,13.53,13.26,13.51,11466,0
OOMA.US,60,20201109,210000,13.49,13.73,13.45,13.69,10329,0
OOMA.US,60,20201109,220000,13.69,13.69,13.46,13.47,44749,0
OOMA.US,60,20201110,160000,13.75,13.98,13.75,13.98,2646,0
OOMA.US,60,20201110,170000,13.97,14.04,13.83,13.87,10458,0
OOMA.US,60,20201110,180000,13.81,13.95,13.63,13.86,5206,0
OOMA.US,60,20201110,190000,13.85,14.025,13.85,13.96,4901,0
OOMA.US,60,20201110,200000,13.96,14.0503,13.92,14,10236,0
OOMA.US,60,20201110,210000,13.98,14.02,13.935,13.98,3400,0
OOMA.US,60,20201110,220000,13.93,14.05,13.91,13.99,22144,0
OOMA.US,60,20201111,160000,14.01,14.14,13.99,13.99,7568,0
OOMA.US,60,20201111,170000,13.9899,13.9899,13.62,13.62,3997,0
OOMA.US,60,20201111,180000,13.75,13.81,13.75,13.79,2007,0
OOMA.US,60,20201111,190000,13.8,13.82,13.75,13.81,2550,0
OOMA.US,60,20201111,200000,13.795,13.83,13.77,13.795,1000,0
OOMA.US,60,20201111,210000,13.84,13.87,13.785,13.87,3268,0
OOMA.US,60,20201111,220000,13.88,14,13.85,14,26226,0
OOMA.US,60,20201112,160000,13.93,14.13,13.93,14,1817,0
OOMA.US,60,20201112,170000,14.03,14.05,13.97,14.035,5600,0
OOMA.US,60,20201112,180000,14.05,14.13,13.96,14.07,4625,0
OOMA.US,60,20201112,190000,14.06,14.08,13.83,13.85,8041,0
OOMA.US,60,20201112,200000,13.86,13.87,13.74,13.86,2650,0
OOMA.US,60,20201112,210000,13.955,13.955,13.82,13.93,5372,0
OOMA.US,60,20201112,220000,13.95,13.96,13.82,13.92,16114,0
OOMA.US,60,20201113,160000,14.015,14.09,14.015,14.09,575,0
OOMA.US,60,20201113,170000,14.035,14.04,13.89,13.97,4386,0
OOMA.US,60,20201113,180000,13.895,13.94,13.79,13.81,2500,0
OOMA.US,60,20201113,190000,13.83,13.9674,13.83,13.9674,1400,0
OOMA.US,60,20201113,200000,13.93,14.05,13.89,13.98,7022,0
OOMA.US,60,20201113,210000,14.01,14.13,14.01,14.13,6389,0
OOMA.US,60,20201113,220000,14.13,14.145,14.04,14.1,8938,0
OOMA.US,60,20201116,160000,14.17,14.3,14.135,14.2,3182,0
OOMA.US,60,20201116,170000,14.36,14.36,14.095,14.28,12669,0
OOMA.US,60,20201116,180000,14.27,14.4,14.2,14.32,9100,0
OOMA.US,60,20201116,190000,14.34,14.419,14.205,14.35,3583,0
OOMA.US,60,20201116,200000,14.3,14.3,14.21,14.27,3590,0
OOMA.US,60,20201116,210000,14.26,14.26,14.21,14.22,7750,0
OOMA.US,60,20201116,220000,14.24,14.34,14.13,14.32,39814,0
OOMA.US,60,20201117,160000,14.35,14.36,14.274,14.274,4614,0
OOMA.US,60,20201117,170000,14.36,14.39,14.23,14.27,4845,0
OOMA.US,60,20201117,180000,14.27,14.55,14.27,14.51,8043,0
OOMA.US,60,20201117,190000,14.525,14.64,14.5,14.64,5773,0
OOMA.US,60,20201117,200000,14.59,14.73,14.58,14.615,3203,0
OOMA.US,60,20201117,210000,14.62,14.7,14.59,14.62,4650,0
OOMA.US,60,20201117,220000,14.6332,14.71,14.59,14.67,38407,0
OOMA.US,60,20201118,160000,14.8,14.89,14.67,14.68,3183,0
OOMA.US,60,20201118,170000,14.66,14.77,14.62,14.7101,4469,0
OOMA.US,60,20201118,180000,14.71,14.93,14.71,14.86,4721,0
OOMA.US,60,20201118,190000,14.865,14.91,14.77,14.83,5553,0
OOMA.US,60,20201118,200000,14.84,14.97,14.8168,14.86,7454,0
OOMA.US,60,20201118,210000,14.84,14.93,14.84,14.93,10632,0
OOMA.US,60,20201118,220000,14.9,14.9,14.75,14.77,26603,0
OOMA.US,60,20201119,160000,14.9,15.1723,14.7329,15,12623,0
OOMA.US,60,20201119,170000,14.955,15.44,14.85,15.28,37481,0
OOMA.US,60,20201119,180000,15.28,15.486,15.21,15.292,12216,0
OOMA.US,60,20201119,190000,15.285,15.4111,15.22,15.27,13410,0
OOMA.US,60,20201119,200000,15.36,15.56,15.27,15.42,16979,0
OOMA.US,60,20201119,210000,15.49,15.49,15.02,15.13,42442,0
OOMA.US,60,20201119,220000,15.075,15.0965,14.9,14.99,82841,0
OOMA.US,60,20201120,160000,15.375,15.92,14.8,15.11,127731,0
OOMA.US,60,20201120,170000,15.01,15.47,14.81,15.09,97392,0
OOMA.US,60,20201120,180000,15.375,15.9,15.06,15.738,73416,0
OOMA.US,60,20201120,190000,15.79,16,15.775,16,30381,0
OOMA.US,60,20201120,200000,15.97,15.98,15.805,15.89,18912,0
OOMA.US,60,20201120,210000,15.9,15.96,15.79,15.92,50967,0
OOMA.US,60,20201120,220000,15.8297,16.32,15.8297,16.28,163530,0
OOMA.US,60,20201123,160000,16.28,16.81,16.251,16.81,31037,0
OOMA.US,60,20201123,170000,16.79,16.975,16.44,16.61,17738,0
OOMA.US,60,20201123,180000,16.635,17.0699,16.5132,17,66184,0
OOMA.US,60,20201123,190000,17.07,17.07,16.63,16.77,31660,0
OOMA.US,60,20201123,200000,16.7615,16.89,16.5,16.62,97030,0
OOMA.US,60,20201123,210000,16.695,16.695,16.36,16.56,81280,0
OOMA.US,60,20201123,220000,16.65,16.7315,16.46,16.47,72890,0
OOMA.US,60,20201124,160000,16.26,16.58,16.1598,16.23,58656,0
OOMA.US,60,20201124,170000,16.19,16.35,15.92,15.92,70619,0
OOMA.US,60,20201124,180000,15.91,15.91,15.4,15.5,25133,0
OOMA.US,60,20201124,190000,15.4201,16.05,15.31,15.99,48909,0
OOMA.US,60,20201124,200000,15.99,16.19,15.59,15.65,25495,0
OOMA.US,60,20201124,210000,15.65,15.71,15.37,15.45,16802,0
OOMA.US,60,20201124,220000,15.42,15.65,15.3,15.53,67092,0
OOMA.US,60,20201125,160000,15.6,15.7448,15.57,15.59,7709,0
OOMA.US,60,20201125,170000,15.53,15.53,15.17,15.35,14927,0
OOMA.US,60,20201125,180000,15.32,15.39,15.26,15.33,7454,0
OOMA.US,60,20201125,190000,15.35,15.46,15.32,15.36,5310,0
OOMA.US,60,20201125,200000,15.38,15.56,15.38,15.46,3389,0
OOMA.US,60,20201125,210000,15.46,15.6,15.44,15.52,4305,0
OOMA.US,60,20201125,220000,15.54,15.54,15.41,15.42,18787,0
OOMA.US,60,20201127,160000,15.5,15.7,15.474,15.7,12372,0
OOMA.US,60,20201127,170000,15.62,15.66,15.245,15.275,16234,0
OOMA.US,60,20201127,180000,15.255,15.26,15.1,15.17,9369,0
OOMA.US,60,20201127,190000,15.21,15.45,15.21,15.43,14086,0
OOMA.US,60,20201127,200000,15.41,15.41,15.41,15.41,9542,0
OOMA.US,60,20201130,160000,15.5,15.79,15.46,15.78,4650,0
OOMA.US,60,20201130,170000,15.75,15.86,15.54,15.7301,8267,0
OOMA.US,60,20201130,180000,15.88,16.05,15.86,15.87,6621,0
OOMA.US,60,20201130,190000,15.87,15.94,15.73,15.8,8561,0
OOMA.US,60,20201130,200000,15.78,15.86,15.64,15.83,5297,0
OOMA.US,60,20201130,210000,15.78,15.79,15.7,15.78,6496,0
OOMA.US,60,20201130,220000,15.74,15.765,15.5701,15.61,41287,0
OOMA.US,60,20201201,160000,15.73,15.8967,15.685,15.8967,11210,0
OOMA.US,60,20201201,170000,15.94,16.05,15.81,15.835,8599,0
OOMA.US,60,20201201,180000,15.86,16.029,15.86,15.98,8333,0
OOMA.US,60,20201201,190000,15.95,16.205,15.93,16.19,14514,0
OOMA.US,60,20201201,200000,16.16,16.16,16,16.15,7482,0
OOMA.US,60,20201201,210000,16.14,16.39,16.14,16.29,14256,0
OOMA.US,60,20201201,220000,16.29,16.32,16.1,16.22,49464,0
OOMA.US,60,20201202,160000,16.14,16.255,16.055,16.055,5373,0
OOMA.US,60,20201202,170000,16.11,16.13,15.86,16,6965,0
OOMA.US,60,20201202,180000,16.007,16.33,15.995,16.33,7000,0
OOMA.US,60,20201202,190000,16.28,16.33,16.13,16.14,6211,0
OOMA.US,60,20201202,200000,16.12,16.4,16.11,16.315,8288,0
OOMA.US,60,20201202,210000,16.29,16.39,16.19,16.39,10013,0
OOMA.US,60,20201202,220000,16.35,16.43,16.3,16.41,28922,0
OOMA.US,60,20201203,160000,16.58,16.58,16.37,16.39,4508,0
OOMA.US,60,20201203,170000,16.3619,16.525,16.3619,16.395,2198,0
OOMA.US,60,20201203,180000,16.45,16.59,16.45,16.465,10163,0
OOMA.US,60,20201203,190000,16.46,16.49,16.43,16.46,8950,0
OOMA.US,60,20201203,200000,16.49,16.58,16.42,16.58,9939,0
OOMA.US,60,20201203,210000,16.57,16.57,16.5,16.57,6604,0
OOMA.US,60,20201203,220000,16.54,16.6,16.435,16.58,28570,0
OOMA.US,60,20201204,160000,16.67,16.67,16.36,16.36,2500,0
OOMA.US,60,20201204,170000,16.27,16.57,16.1,16.41,9881,0
OOMA.US,60,20201204,180000,16.475,16.51,16.26,16.4,7176,0
OOMA.US,60,20201204,190000,16.35,16.6,16.25,16.5284,9152,0
OOMA.US,60,20201204,200000,16.524,16.63,16.43,16.49,9156,0
OOMA.US,60,20201204,210000,16.54,16.62,16.37,16.49,13836,0
OOMA.US,60,20201204,220000,16.48,16.63,16.48,16.57,31976,0
OOMA.US,60,20201207,160000,16.57,16.95,16.495,16.93,8498,0
OOMA.US,60,20201207,170000,16.92,16.95,16.58,16.95,13427,0
OOMA.US,60,20201207,180000,16.89,16.89,16.71,16.79,8268,0
OOMA.US,60,20201207,190000,16.79,16.8,16.64,16.64,3999,0
OOMA.US,60,20201207,200000,16.65,16.65,16.52,16.595,5212,0
OOMA.US,60,20201207,210000,16.65,16.77,16.61,16.72,4960,0
OOMA.US,60,20201207,220000,16.72,16.88,16.68,16.75,29894,0
OOMA.US,60,20201208,160000,16.77,16.8,16.755,16.755,1254,0
OOMA.US,60,20201208,170000,16.73,16.73,16.4818,16.545,4015,0
OOMA.US,60,20201208,180000,16.5699,16.58,16.46,16.52,1391,0
OOMA.US,60,20201208,190000,16.55,16.64,16.5001,16.57,1935,0
OOMA.US,60,20201208,200000,16.57,16.64,16.55,16.64,835,0
OOMA.US,60,20201208,210000,16.64,16.68,16.57,16.57,1600,0
OOMA.US,60,20201208,220000,16.6,16.89,16.59,16.82,28224,0
OOMA.US,60,20201209,160000,16.93,16.96,16.8308,16.94,4895,0
OOMA.US,60,20201209,170000,16.88,17.02,16.82,16.88,21593,0
OOMA.US,60,20201209,180000,16.94,17.05,16.89,16.99,11683,0
OOMA.US,60,20201209,190000,16.955,16.98,16.85,16.89,10052,0
OOMA.US,60,20201209,200000,16.82,16.82,16.54,16.65,4919,0
OOMA.US,60,20201209,210000,16.575,16.65,16.35,16.47,35839,0
OOMA.US,60,20201209,220000,16.48,16.48,16.18,16.34,64034,0
OOMA.US,60,20201210,160000,16.16,16.16,16.16,16.16,1525,0
OOMA.US,60,20201210,170000,16.45,16.45,16.18,16.25,35503,0
OOMA.US,60,20201210,180000,16.18,16.32,16.03,16.28,4303,0
OOMA.US,60,20201210,190000,16.235,16.5,16.2,16.5,6259,0
OOMA.US,60,20201210,200000,16.64,16.72,16.5532,16.58,4578,0
OOMA.US,60,20201210,210000,16.66,16.7,16.58,16.7,1300,0
OOMA.US,60,20201210,220000,16.69,16.69,16.57,16.59,25376,0
OOMA.US,60,20201211,160000,16.42,16.69,16.42,16.67,1792,0
OOMA.US,60,20201211,170000,16.625,16.885,16.625,16.68,21371,0
OOMA.US,60,20201211,180000,16.68,16.68,16.4,16.4,2631,0
OOMA.US,60,20201211,190000,16.4,16.47,16.19,16.46,4042,0
OOMA.US,60,20201211,200000,16.38,16.49,16.33,16.39,1936,0
OOMA.US,60,20201211,210000,16.415,16.44,16.4,16.42,1397,0
OOMA.US,60,20201211,220000,16.39,16.44,16.35,16.37,27750,0
OOMA.US,60,20201214,160000,16.34,16.74,16.28,16.74,9518,0
OOMA.US,60,20201214,170000,16.74,16.875,16.725,16.725,4760,0
OOMA.US,60,20201214,180000,16.71,16.84,16.65,16.83,3964,0
OOMA.US,60,20201214,190000,16.83,16.83,16.64,16.69,2426,0
OOMA.US,60,20201214,200000,16.62,16.695,16.54,16.62,1834,0
OOMA.US,60,20201214,210000,16.58,16.77,16.54,16.69,4116,0
OOMA.US,60,20201214,220000,16.68,16.685,16.37,16.41,22909,0
OOMA.US,60,20201215,160000,16.45,16.45,16.29,16.45,2153,0
OOMA.US,60,20201215,170000,16.4,16.72,16.4,16.705,3600,0
OOMA.US,60,20201215,180000,16.77,16.8,16.55,16.715,2460,0
OOMA.US,60,20201215,190000,16.74,16.78,16.52,16.52,6261,0
OOMA.US,60,20201215,200000,16.54,16.64,16.44,16.62,6830,0
OOMA.US,60,20201215,210000,16.62,16.66,16.49,16.61,8149,0
OOMA.US,60,20201215,220000,16.62,16.65,16.48,16.54,28683,0
OOMA.US,60,20201216,160000,16.6,16.74,16.5,16.53,1732,0
OOMA.US,60,20201216,170000,16.48,16.56,16.41,16.46,4203,0
OOMA.US,60,20201216,180000,16.49,16.56,16.24,16.275,28298,0
OOMA.US,60,20201216,190000,16.28,16.28,16.22,16.235,17396,0
OOMA.US,60,20201216,200000,16.24,16.24,16.06,16.17,5542,0
OOMA.US,60,20201216,210000,16.04,16.17,15.87,16.015,9914,0
OOMA.US,60,20201216,220000,16.015,16.095,15.8,15.83,63066,0
OOMA.US,60,20201217,160000,15.83,15.895,15.83,15.895,1111,0
OOMA.US,60,20201217,170000,15.95,15.95,15.5505,15.62,11610,0
OOMA.US,60,20201217,180000,15.64,15.64,15.47,15.47,11617,0
OOMA.US,60,20201217,190000,15.49,15.81,15.46,15.8,8030,0
OOMA.US,60,20201217,200000,15.86,15.86,15.65,15.66,6587,0
OOMA.US,60,20201217,210000,15.7047,15.89,15.68,15.79,13964,0
OOMA.US,60,20201217,220000,15.79,15.79,15.6,15.68,46023,0
OOMA.US,60,20201218,160000,15.71,15.8,15.6855,15.7,55944,0
OOMA.US,60,20201218,170000,15.625,15.67,15.4,15.435,9207,0
OOMA.US,60,20201218,180000,15.435,15.46,15.385,15.425,6588,0
OOMA.US,60,20201218,190000,15.39,15.44,15.31,15.33,5310,0
OOMA.US,60,20201218,200000,15.31,15.34,15.185,15.21,9811,0
OOMA.US,60,20201218,210000,15.245,15.245,15.07,15.07,7517,0
OOMA.US,60,20201218,220000,15.07,15.08,14.51,14.57,123842,0
OOMA.US,60,20201221,160000,14.57,14.59,14.42,14.455,10601,0
OOMA.US,60,20201221,170000,14.39,14.6,14.24,14.6,9948,0
OOMA.US,60,20201221,180000,14.63,14.91,14.56,14.82,9441,0
OOMA.US,60,20201221,190000,14.895,14.94,14.77,14.9,14696,0
OOMA.US,60,20201221,200000,14.985,15,14.9,14.9,7809,0
OOMA.US,60,20201221,210000,14.945,14.95,14.77,14.78,7340,0
OOMA.US,60,20201221,220000,14.77,14.8532,14.74,14.77,37893,0
OOMA.US,60,20201222,160000,14.77,14.93,14.68,14.78,5956,0
OOMA.US,60,20201222,170000,14.87,14.93,14.62,14.665,42326,0
OOMA.US,60,20201222,180000,14.62,14.72,14.51,14.615,23197,0
OOMA.US,60,20201222,190000,14.59,14.625,14.4,14.45,5295,0
OOMA.US,60,20201222,200000,14.45,14.475,14.36,14.4,10912,0
OOMA.US,60,20201222,210000,14.37,14.45,14.35,14.45,8349,0
OOMA.US,60,20201222,220000,14.5,14.53,14.35,14.38,42486,0
OOMA.US,60,20201223,160000,14.51,14.7001,14.27,14.27,3475,0
OOMA.US,60,20201223,170000,14.26,14.7,14.21,14.47,8211,0
OOMA.US,60,20201223,180000,14.56,14.855,14.56,14.71,11007,0
OOMA.US,60,20201223,190000,14.68,14.755,14.53,14.63,4708,0
OOMA.US,60,20201223,200000,14.6,14.6,14.5,14.5,3050,0
OOMA.US,60,20201223,210000,14.51,14.58,14.51,14.54,2250,0
OOMA.US,60,20201223,220000,14.52,14.52,14.36,14.38,31551,0
OOMA.US,60,20201224,160000,14.36,14.4,14.24,14.295,1838,0
OOMA.US,60,20201224,170000,14.3117,14.3117,14.14,14.2075,2900,0
OOMA.US,60,20201224,180000,14.195,14.32,14.195,14.3,3660,0
OOMA.US,60,20201224,190000,14.34,14.42,14.325,14.39,7328,0
OOMA.US,60,20201224,200000,14.42,14.42,14.42,14.42,6898,0
OOMA.US,60,20201228,160000,14.55,14.73,14.42,14.485,4393,0
OOMA.US,60,20201228,170000,14.55,14.57,14.41,14.41,3186,0
OOMA.US,60,20201228,180000,14.425,14.67,14.38,14.61,4316,0
OOMA.US,60,20201228,190000,14.69,14.75,14.61,14.67,8040,0
OOMA.US,60,20201228,200000,14.6138,14.79,14.6,14.79,10074,0
OOMA.US,60,20201228,210000,14.755,14.84,14.7105,14.77,6611,0
OOMA.US,60,20201228,220000,14.73,14.78,14.62,14.64,15791,0
OOMA.US,60,20201229,160000,14.76,14.99,14.4821,14.6,8179,0
OOMA.US,60,20201229,170000,14.55,14.55,14.25,14.505,5746,0
OOMA.US,60,20201229,180000,14.47,14.61,14.34,14.34,9315,0
OOMA.US,60,20201229,190000,14.35,14.56,14.33,14.49,11088,0
OOMA.US,60,20201229,200000,14.445,14.65,14.445,14.65,13741,0
OOMA.US,60,20201229,210000,14.611,14.65,14.4,14.52,19332,0
OOMA.US,60,20201229,220000,14.46,14.59,14.4,14.53,39331,0
OOMA.US,60,20201230,160000,14.55,14.6099,14.48,14.5,1397,0
OOMA.US,60,20201230,170000,14.49,14.69,14.46,14.5,6254,0
OOMA.US,60,20201230,180000,14.4,14.45,14.27,14.3,11676,0
OOMA.US,60,20201230,190000,14.27,14.39,14.27,14.29,4235,0
OOMA.US,60,20201230,200000,14.28,14.29,14.23,14.245,4373,0
OOMA.US,60,20201230,210000,14.22,14.3,14.13,14.28,7917,0
OOMA.US,60,20201230,220000,14.25,14.34,14.25,14.28,19198,0
OOMA.US,60,20201231,160000,14.25,14.43,14.25,14.39,2593,0
OOMA.US,60,20201231,170000,14.39,14.48,14.19,14.45,8856,0
OOMA.US,60,20201231,180000,14.45,14.49,14.3,14.305,7439,0
OOMA.US,60,20201231,190000,14.29,14.4518,14.29,14.35,18624,0
OOMA.US,60,20201231,200000,14.345,14.39,14.14,14.365,18010,0
OOMA.US,60,20201231,210000,14.38,14.49,14.34,14.44,7554,0
OOMA.US,60,20201231,220000,14.45,14.48,14.37,14.4,40189,0
OOMA.US,60,20210104,160000,14.41,14.51,14.4,14.51,1752,0
OOMA.US,60,20210104,170000,14.32,14.32,14.01,14.09,3900,0
OOMA.US,60,20210104,180000,14.045,14.09,14.0101,14.0101,2822,0
OOMA.US,60,20210104,190000,14.0557,14.0557,13.67,13.67,6789,0
OOMA.US,60,20210104,200000,13.74,13.85,13.73,13.73,4791,0
OOMA.US,60,20210104,210000,13.7503,13.8209,13.6,13.75,4909,0
OOMA.US,60,20210104,220000,13.76,13.84,13.75,13.78,21969,0
OOMA.US,60,20210105,160000,13.75,13.99,13.75,13.99,2448,0
OOMA.US,60,20210105,170000,14.075,14.1094,13.91,13.975,3869,0
OOMA.US,60,20210105,180000,13.92,14.21,13.92,14.135,5497,0
OOMA.US,60,20210105,190000,14.09,14.21,14.08,14.08,6066,0
OOMA.US,60,20210105,200000,14.1,14.1,14.03,14.03,1867,0
OOMA.US,60,20210105,210000,14.035,14.24,14.01,14.24,5535,0
OOMA.US,60,20210105,220000,14.215,14.339,14.16,14.19,43887,0
OOMA.US,60,20210106,160000,14.32,14.65,14.23,14.265,4926,0
OOMA.US,60,20210106,170000,14.235,14.48,14.18,14.39,10084,0
OOMA.US,60,20210106,180000,14.46,14.72,14.46,14.72,6564,0
OOMA.US,60,20210106,190000,14.74,14.94,14.6873,14.79,12537,0
OOMA.US,60,20210106,200000,14.79,15,14.74,14.89,9509,0
OOMA.US,60,20210106,210000,14.9,14.98,14.6389,14.785,12918,0
OOMA.US,60,20210106,220000,14.82,14.93,14.61,14.85,59652,0
OOMA.US,60,20210107,160000,14.71,14.71,14.42,14.445,4991,0
OOMA.US,60,20210107,170000,14.44,14.855,14.44,14.855,5095,0
OOMA.US,60,20210107,180000,14.78,14.81,14.7,14.81,2582,0
OOMA.US,60,20210107,190000,14.78,14.83,14.71,14.8,5221,0
OOMA.US,60,20210107,200000,14.77,14.7758,14.64,14.67,4689,0
OOMA.US,60,20210107,210000,14.76,14.76,14.61,14.61,1800,0
OOMA.US,60,20210107,220000,14.68,14.88,14.64,14.85,22321,0
OOMA.US,60,20210108,160000,14.85,14.9569,14.7359,14.7359,2128,0
OOMA.US,60,20210108,170000,14.78,14.95,14.7,14.93,5307,0
OOMA.US,60,20210108,180000,14.93,14.95,14.85,14.89,5635,0
OOMA.US,60,20210108,190000,14.93,14.95,14.87,14.95,5905,0
OOMA.US,60,20210108,200000,14.95,14.96,14.84,14.95,7831,0
OOMA.US,60,20210108,210000,14.91,15.1,14.91,15.025,6489,0
OOMA.US,60,20210108,220000,15.04,15.11,14.91,14.94,25177,0
OOMA.US,60,20210111,160000,15,15,14.86,14.86,4014,0
OOMA.US,60,20210111,170000,14.91,15,14.91,14.99,5265,0
OOMA.US,60,20210111,180000,14.94,14.94,14.54,14.55,2417,0
OOMA.US,60,20210111,190000,14.5988,14.735,14.4801,14.705,10862,0
OOMA.US,60,20210111,200000,14.705,14.705,14.49,14.49,2241,0
OOMA.US,60,20210111,210000,14.52,14.52,14.43,14.45,4030,0
OOMA.US,60,20210111,220000,14.46,14.62,14.46,14.58,22337,0
OOMA.US,60,20210112,160000,14.55,14.6289,14.48,14.59,5414,0
OOMA.US,60,20210112,170000,14.66,14.66,14.44,14.44,3449,0
OOMA.US,60,20210112,180000,14.44,14.6299,14.44,14.5,2901,0
OOMA.US,60,20210112,190000,14.4798,14.4801,14.27,14.415,5605,0
OOMA.US,60,20210112,200000,14.39,14.51,14.39,14.5,7780,0
OOMA.US,60,20210112,210000,14.51,14.6299,14.49,14.5,2632,0
OOMA.US,60,20210112,220000,14.45,14.78,14.45,14.77,17901,0
OOMA.US,60,20210113,160000,14.79,14.79,14.57,14.65,1970,0
OOMA.US,60,20210113,170000,14.595,14.72,14.4806,14.72,2500,0
OOMA.US,60,20210113,180000,14.5,14.72,14.5,14.705,7320,0
OOMA.US,60,20210113,190000,14.77,14.79,14.68,14.68,2351,0
OOMA.US,60,20210113,200000,14.65,14.68,14.59,14.65,2454,0
OOMA.US,60,20210113,210000,14.59,14.65,14.54,14.59,5824,0
OOMA.US,60,20210113,220000,14.585,14.75,14.51,14.64,21283,0
OOMA.US,60,20210114,160000,14.64,14.87,14.465,14.735,2869,0
OOMA.US,60,20210114,170000,14.61,15.1699,14.61,14.96,20843,0
OOMA.US,60,20210114,180000,14.89,15.03,14.89,14.97,9353,0
OOMA.US,60,20210114,190000,15.005,15.2,14.98,15.048,10315,0
OOMA.US,60,20210114,200000,14.97,15.17,14.97,15.165,50221,0
OOMA.US,60,20210114,210000,15.2,15.21,15.08,15.122,2866,0
OOMA.US,60,20210114,220000,15.0901,15.2,15,15.06,18790,0
OOMA.US,60,20210115,160000,14.87,15.17,14.81,14.81,7019,0
OOMA.US,60,20210115,170000,14.89,14.89,14.64,14.7,10037,0
OOMA.US,60,20210115,180000,14.63,14.77,14.575,14.67,3182,0
OOMA.US,60,20210115,190000,14.67,14.76,14.56,14.76,6019,0
OOMA.US,60,20210115,200000,14.82,14.82,14.58,14.78,10272,0
OOMA.US,60,20210115,210000,14.73,14.77,14.65,14.75,5185,0
OOMA.US,60,20210115,220000,14.69,14.73,14.63,14.67,23182,0
OOMA.US,60,20210119,160000,14.88,14.88,14.82,14.82,2068,0
OOMA.US,60,20210119,170000,14.73,14.795,14.53,14.57,7377,0
OOMA.US,60,20210119,180000,14.57,14.6899,14.57,14.62,7292,0
OOMA.US,60,20210119,190000,14.62,14.66,14.62,14.62,2000,0
OOMA.US,60,20210119,200000,14.62,14.75,14.62,14.75,6000,0
OOMA.US,60,20210119,210000,14.72,14.72,14.63,14.69,3200,0
OOMA.US,60,20210119,220000,14.69,14.83,14.69,14.77,26180,0
OOMA.US,60,20210120,160000,14.73,14.93,14.73,14.91,4341,0
OOMA.US,60,20210120,170000,14.875,14.96,14.6,14.6,4984,0
OOMA.US,60,20210120,180000,14.67,14.77,14.6,14.77,6698,0
OOMA.US,60,20210120,190000,14.7,14.7,14.6,14.681,2200,0
OOMA.US,60,20210120,200000,14.67,14.67,14.6,14.64,3726,0
OOMA.US,60,20210120,210000,14.64,14.69,14.6,14.68,2637,0
OOMA.US,60,20210120,220000,14.67,14.74,14.64,14.68,19278,0
OOMA.US,60,20210121,160000,14.61,14.85,14.61,14.62,1877,0
OOMA.US,60,20210121,170000,14.62,14.72,14.62,14.72,2923,0
OOMA.US,60,20210121,180000,14.81,14.82,14.71,14.745,1900,0
OOMA.US,60,20210121,190000,14.7,14.8129,14.7,14.805,1423,0
OOMA.US,60,20210121,200000,14.8,14.86,14.72,14.86,3305,0
OOMA.US,60,20210121,210000,14.82,14.91,14.7321,14.88,1600,0
OOMA.US,60,20210121,220000,14.8,14.93,14.8,14.84,23582,0
OOMA.US,60,20210122,160000,14.78,15.05,14.74,15.03,2752,0
OOMA.US,60,20210122,170000,15.04,15.08,14.79,14.93,7800,0
OOMA.US,60,20210122,180000,14.89,14.96,14.84,14.8703,3050,0
OOMA.US,60,20210122,190000,14.884,15.04,14.84,14.88,8342,0
OOMA.US,60,20210122,200000,14.91,15.07,14.91,15.01,67969,0
OOMA.US,60,20210122,210000,15,15.29,14.94,15.27,70517,0
OOMA.US,60,20210122,220000,15.2,15.27,15.15,15.22,29056,0
OOMA.US,60,20210125,160000,15.24,15.34,15.14,15.23,10375,0
OOMA.US,60,20210125,170000,15.235,15.4836,15.235,15.4107,4291,0
OOMA.US,60,20210125,180000,15.24,15.38,15.21,15.21,2501,0
OOMA.US,60,20210125,190000,15.23,15.4299,15.13,15.36,9042,0
OOMA.US,60,20210125,200000,15.4,15.4999,15.26,15.28,12365,0
OOMA.US,60,20210125,210000,15.23,15.42,15.22,15.36,4130,0
OOMA.US,60,20210125,220000,15.355,15.415,15.185,15.28,19593,0
OOMA.US,60,20210126,160000,15.39,15.48,15.16,15.17,6346,0
OOMA.US,60,20210126,170000,15.215,15.25,15.07,15.07,2487,0
OOMA.US,60,20210126,180000,15.08,15.11,14.85,14.85,11134,0
OOMA.US,60,20210126,190000,14.85,14.9799,14.81,14.81,14455,0
OOMA.US,60,20210126,200000,14.75,14.85,14.72,14.74,5077,0
OOMA.US,60,20210126,210000,14.73,14.85,14.71,14.77,10437,0
OOMA.US,60,20210126,220000,14.77,14.85,14.69,14.74,22763,0
OOMA.US,60,20210127,160000,14.51,14.6296,14.4,14.46,9235,0
OOMA.US,60,20210127,170000,14.5437,14.65,14.52,14.59,2701,0
OOMA.US,60,20210127,180000,14.642,14.66,14.4,14.4,5656,0
OOMA.US,60,20210127,190000,14.47,14.59,14.4,14.59,6716,0
OOMA.US,60,20210127,200000,14.61,14.61,14.46,14.47,2600,0
OOMA.US,60,20210127,210000,14.46,14.46,14.13,14.18,13593,0
OOMA.US,60,20210127,220000,14.214,14.214,14,14.05,26850,0
OOMA.US,60,20210128,160000,14.18,14.19,13.98,14.08,3321,0
OOMA.US,60,20210128,170000,14.06,14.25,14.02,14.12,8876,0
OOMA.US,60,20210128,180000,14.12,14.19,14.05,14.08,12940,0
OOMA.US,60,20210128,190000,14.08,14.0801,13.88,13.88,29628,0
OOMA.US,60,20210128,200000,13.8815,13.93,13.81,13.875,31013,0
OOMA.US,60,20210128,210000,13.91,14.2068,13.83,13.925,73916,0
OOMA.US,60,20210128,220000,13.925,14,13.76,13.77,33124,0
OOMA.US,60,20210129,160000,13.96,13.96,13.56,13.88,8087,0
OOMA.US,60,20210129,170000,13.8,13.93,13.7305,13.8304,10753,0
OOMA.US,60,20210129,180000,13.8316,13.85,13.66,13.66,7998,0
OOMA.US,60,20210129,190000,13.67,13.673,13.54,13.54,10059,0
OOMA.US,60,20210129,200000,13.5699,13.6499,13.55,13.58,4182,0
OOMA.US,60,20210129,210000,13.58,13.7,13.54,13.57,4924,0
OOMA.US,60,20210129,220000,13.59,13.685,13.43,13.49,27640,0
OOMA.US,60,20210201,160000,13.56,13.6699,13.39,13.44,6416,0
OOMA.US,60,20210201,170000,13.365,13.6048,13.32,13.4,8375,0
OOMA.US,60,20210201,180000,13.365,14.0841,13.355,13.86,52039,0
OOMA.US,60,20210201,190000,13.89,13.96,13.8315,13.95,8943,0
OOMA.US,60,20210201,200000,13.96,13.96,13.86,13.92,4905,0
OOMA.US,60,20210201,210000,13.9595,13.96,13.88,13.93,6398,0
OOMA.US,60,20210201,220000,13.9,14.06,13.86,13.87,52704,0
OOMA.US,60,20210202,160000,14.04,14.24,13.94,14.01,8615,0
OOMA.US,60,20210202,170000,14.0799,14.45,14.035,14.28,5126,0
OOMA.US,60,20210202,180000,14.28,14.41,14.28,14.36,4424,0
OOMA.US,60,20210202,190000,14.35,14.52,14.26,14.305,10026,0
OOMA.US,60,20210202,200000,14.2912,14.36,14.21,14.35,2600,0
OOMA.US,60,20210202,210000,14.26,14.36,14.26,14.32,2400,0
OOMA.US,60,20210202,220000,14.32,14.37,14.19,14.24,22331,0
OOMA.US,60,20210203,160000,14.15,14.24,13.96,14.005,16527,0
OOMA.US,60,20210203,170000,14.01,14.025,13.9,14.015,5575,0
OOMA.US,60,20210203,180000,14.0325,14.2799,14.03,14.2799,3605,0
OOMA.US,60,20210203,190000,14.215,14.28,14.17,14.23,2048,0
OOMA.US,60,20210203,200000,14.18,14.23,14.115,14.23,4513,0
OOMA.US,60,20210203,210000,14.1501,14.24,14.13,14.2,5009,0
OOMA.US,60,20210203,220000,14.3,14.3,13.92,13.96,35843,0
OOMA.US,60,20210204,160000,13.98,14.2274,13.96,13.96,1492,0
OOMA.US,60,20210204,170000,14.0383,14.29,14.0383,14.29,19338,0
OOMA.US,60,20210204,180000,14.36,14.42,14.245,14.37,7205,0
OOMA.US,60,20210204,190000,14.37,14.45,14.24,14.24,7350,0
OOMA.US,60,20210204,200000,14.28,14.35,14.24,14.31,3021,0
OOMA.US,60,20210204,210000,14.28,14.51,14.28,14.39,4018,0
OOMA.US,60,20210204,220000,14.4,14.59,14.4,14.59,20687,0
OOMA.US,60,20210205,160000,14.69,14.7886,14.6,14.6,5249,0
OOMA.US,60,20210205,170000,14.585,14.96,14.585,14.91,9872,0
OOMA.US,60,20210205,180000,14.91,15.015,14.875,14.97,7187,0
OOMA.US,60,20210205,190000,14.96,15.056,14.85,15.0124,14771,0
OOMA.US,60,20210205,200000,15,15.0824,14.92,14.95,4980,0
OOMA.US,60,20210205,210000,14.92,15.07,14.91,15.035,6130,0
OOMA.US,60,20210205,220000,15.041,15.06,15,15.05,15546,0
OOMA.US,60,20210208,160000,15.16,15.53,15.11,15.53,5475,0
OOMA.US,60,20210208,170000,15.4274,15.4791,15.17,15.265,10987,0
OOMA.US,60,20210208,180000,15.295,15.35,15.12,15.21,7468,0
OOMA.US,60,20210208,190000,15.22,15.22,15.0301,15.04,2235,0
OOMA.US,60,20210208,200000,15.08,15.08,14.975,15.015,4351,0
OOMA.US,60,20210208,210000,15.015,15.05,14.89,14.89,6440,0
OOMA.US,60,20210208,220000,14.94,15.05,14.83,14.99,29594,0
OOMA.US,60,20210209,160000,14.99,15.237,14.9744,15.05,3168,0
OOMA.US,60,20210209,170000,15.05,15.275,15.05,15.225,3100,0
OOMA.US,60,20210209,180000,15.27,15.31,15.1,15.3,5631,0
OOMA.US,60,20210209,190000,15.3,15.49,15.18,15.215,10848,0
OOMA.US,60,20210209,200000,15.21,15.32,15.1438,15.26,6383,0
OOMA.US,60,20210209,210000,15.27,15.27,15.08,15.24,7682,0
OOMA.US,60,20210209,220000,15.24,15.3,15.15,15.26,25368,0
OOMA.US,60,20210210,160000,15.29,15.29,15.27,15.27,1691,0
OOMA.US,60,20210210,170000,15.35,15.46,15.13,15.13,7631,0
OOMA.US,60,20210210,180000,15.22,15.34,15.12,15.29,2879,0
OOMA.US,60,20210210,190000,15.18,15.28,15.01,15.205,5741,0
OOMA.US,60,20210210,200000,15.2317,15.39,15.23,15.38,4763,0
OOMA.US,60,20210210,210000,15.39,15.48,15.36,15.41,9267,0
OOMA.US,60,20210210,220000,15.43,15.43,15.26,15.37,33033,0
OOMA.US,60,20210211,160000,15.4,15.46,15.4,15.46,767,0
OOMA.US,60,20210211,170000,15.345,15.47,15.26,15.32,5765,0
OOMA.US,60,20210211,180000,15.3643,15.3643,15.24,15.24,2633,0
OOMA.US,60,20210211,190000,15.1248,15.27,15.1248,15.24,12561,0
OOMA.US,60,20210211,200000,15.23,15.3,15.23,15.24,3602,0
OOMA.US,60,20210211,210000,15.18,15.31,15.17,15.285,3895,0
OOMA.US,60,20210211,220000,15.29,15.33,15.25,15.32,18624,0
OOMA.US,60,20210212,160000,15.3,15.3,15.3,15.3,406,0
OOMA.US,60,20210212,170000,15.11,15.22,15.05,15.05,2535,0
OOMA.US,60,20210212,180000,15.1,15.35,15.06,15.25,4247,0
OOMA.US,60,20210212,190000,15.34,15.4799,15.26,15.3385,4185,0
OOMA.US,60,20210212,200000,15.395,15.48,15.33,15.45,2010,0
OOMA.US,60,20210212,210000,15.435,15.49,15.3564,15.465,4603,0
OOMA.US,60,20210212,220000,15.45,15.55,15.45,15.55,21275,0
OOMA.US,60,20210216,160000,15.55,15.7,15.55,15.7,2925,0
OOMA.US,60,20210216,170000,15.88,15.88,15.6804,15.72,7958,0
OOMA.US,60,20210216,180000,15.68,15.71,15.6,15.6,5006,0
OOMA.US,60,20210216,190000,15.68,15.7506,15.51,15.51,4991,0
OOMA.US,60,20210216,200000,15.55,15.62,15.51,15.535,4077,0
OOMA.US,60,20210216,210000,15.54,15.78,15.52,15.78,7310,0
OOMA.US,60,20210216,220000,15.73,15.8,15.69,15.75,22155,0
OOMA.US,60,20210217,160000,15.65,15.75,15.64,15.75,1958,0
OOMA.US,60,20210217,170000,15.78,15.78,15.5,15.55,11058,0
OOMA.US,60,20210217,180000,15.55,15.58,15.5,15.55,15433,0
OOMA.US,60,20210217,190000,15.555,15.67,15.555,15.67,1763,0
OOMA.US,60,20210217,200000,15.64,15.775,15.63,15.73,1930,0
OOMA.US,60,20210217,210000,15.73,15.78,15.66,15.75,8785,0
OOMA.US,60,20210217,220000,15.79,15.84,15.755,15.79,22617,0
OOMA.US,60,20210218,160000,15.74,15.74,15.63,15.63,746,0
OOMA.US,60,20210218,170000,15.69,15.7,15.6,15.63,12427,0
OOMA.US,60,20210218,180000,15.65,15.68,15.635,15.68,3400,0
OOMA.US,60,20210218,190000,15.63,15.655,15.6,15.65,5094,0
OOMA.US,60,20210218,200000,15.65,15.72,15.64,15.65,3286,0
OOMA.US,60,20210218,210000,15.65,15.725,15.65,15.66,900,0
OOMA.US,60,20210218,220000,15.71,15.76,15.635,15.75,26891,0
OOMA.US,60,20210219,160000,15.81,15.81,15.76,15.76,449,0
OOMA.US,60,20210219,170000,15.78,16.11,15.77,16.02,19097,0
OOMA.US,60,20210219,180000,16.13,16.32,16.11,16.28,6614,0
OOMA.US,60,20210219,190000,16.3,16.32,16.13,16.19,2743,0
OOMA.US,60,20210219,200000,16.18,16.23,16.15,16.19,3754,0
OOMA.US,60,20210219,210000,16.19,16.3,16.175,16.3,7989,0
OOMA.US,60,20210219,220000,16.27,16.3,16.14,16.2,27451,0
OOMA.US,60,20210222,160000,16.065,16.11,16.04,16.11,300,0
OOMA.US,60,20210222,170000,16.14,16.14,15.79,15.79,5000,0
OOMA.US,60,20210222,180000,15.87,15.87,15.68,15.75,4446,0
OOMA.US,60,20210222,190000,15.71,15.762,15.7,15.71,13944,0
OOMA.US,60,20210222,200000,15.7,15.74,15.7,15.735,7536,0
OOMA.US,60,20210222,210000,15.72,15.73,15.7,15.71,6844,0
OOMA.US,60,20210222,220000,15.72,15.81,15.65,15.8,37466,0
OOMA.US,60,20210223,160000,15.6,15.6,15.15,15.4,2219,0
OOMA.US,60,20210223,170000,15.47,15.8,15.47,15.53,3559,0
OOMA.US,60,20210223,180000,15.53,15.63,15.47,15.5,5943,0
OOMA.US,60,20210223,190000,15.49,15.59,15.47,15.54,6609,0
OOMA.US,60,20210223,200000,15.51,15.72,15.51,15.71,8059,0
OOMA.US,60,20210223,210000,15.715,15.76,15.69,15.73,5215,0
OOMA.US,60,20210223,220000,15.75,15.77,15.64,15.7,36284,0
OOMA.US,60,20210224,160000,15.68,15.8,15.29,15.8,947,0
OOMA.US,60,20210224,170000,15.71,15.79,15.54,15.79,16209,0
OOMA.US,60,20210224,180000,15.85,15.94,15.82,15.84,3206,0
OOMA.US,60,20210224,190000,15.81,15.94,15.75,15.94,3100,0
OOMA.US,60,20210224,200000,15.9,15.9185,15.82,15.82,3318,0
OOMA.US,60,20210224,210000,15.82,15.88,15.755,15.76,5094,0
OOMA.US,60,20210224,220000,15.75,15.91,15.74,15.9,48545,0
OOMA.US,60,20210225,160000,15.78,15.81,15.54,15.81,417,0
OOMA.US,60,20210225,170000,15.8,15.84,15.6,15.7,3836,0
OOMA.US,60,20210225,180000,15.59,15.865,15.59,15.865,5228,0
OOMA.US,60,20210225,190000,15.82,15.82,15.55,15.61,8081,0
OOMA.US,60,20210225,200000,15.57,15.88,15.57,15.84,5803,0
OOMA.US,60,20210225,210000,15.84,15.98,15.84,15.97,5371,0
OOMA.US,60,20210225,220000,16.025,16.035,15.79,15.88,48092,0
OOMA.US,60,20210226,160000,15.9,16.07,15.7977,15.88,1933,0
OOMA.US,60,20210226,170000,15.97,15.97,15.66,15.85,6455,0
OOMA.US,60,20210226,180000,15.85,15.97,15.85,15.91,3763,0
OOMA.US,60,20210226,190000,15.885,15.99,15.885,15.97,2554,0
OOMA.US,60,20210226,200000,15.93,16.01,15.85,15.86,4567,0
OOMA.US,60,20210226,210000,15.88,15.96,15.845,15.96,1884,0
OOMA.US,60,20210226,220000,15.97,15.97,15.8,15.85,13561,0
OOMA.US,60,20210301,160000,16,16,15.88,15.98,3116,0
OOMA.US,60,20210301,170000,15.91,16.45,15.845,16.13,16043,0
OOMA.US,60,20210301,180000,15.985,16.2,15.985,16.18,5240,0
OOMA.US,60,20210301,190000,16.1699,16.3,16.15,16.3,3944,0
OOMA.US,60,20210301,200000,16.2476,16.45,16.19,16.45,8141,0
OOMA.US,60,20210301,210000,16.39,16.4399,16.2,16.24,20547,0
OOMA.US,60,20210301,220000,16.23,16.47,16.17,16.28,71451,0
OOMA.US,60,20210302,160000,16.02,16.7,16.02,16.4025,20295,0
OOMA.US,60,20210302,170000,16.27,16.321,15.34,15.915,62687,0
OOMA.US,60,20210302,180000,16,16.08,15.65,16,8061,0
OOMA.US,60,20210302,190000,15.82,16.0138,15.82,15.95,17595,0
OOMA.US,60,20210302,200000,15.95,15.97,15.9,15.925,5936,0
OOMA.US,60,20210302,210000,15.92,15.92,15.8,15.88,5729,0
OOMA.US,60,20210302,220000,15.905,16.27,15.905,16.24,65010,0
OOMA.US,60,20210303,160000,16.06,16.47,16.06,16.15,3571,0
OOMA.US,60,20210303,170000,16.04,16.16,15.78,16.16,16874,0
OOMA.US,60,20210303,180000,16.05,16.36,15.98,16.19,22316,0
OOMA.US,60,20210303,190000,16.19,16.22,16.03,16.195,10881,0
OOMA.US,60,20210303,200000,16.16,16.29,16.15,16.155,5903,0
OOMA.US,60,20210303,210000,16.15,16.175,15.76,16,89585,0
OOMA.US,60,20210303,220000,15.98,16.2,15.89,15.98,43005,0
OOMA.US,60,20210304,160000,15.93,16.36,15.93,16.12,10464,0
OOMA.US,60,20210304,170000,16.06,16.06,15.54,15.98,10908,0
OOMA.US,60,20210304,180000,16.07,16.2,16.01,16.2,6888,0
OOMA.US,60,20210304,190000,16.1507,16.1507,15.7,15.86,10229,0
OOMA.US,60,20210304,200000,15.85,16.16,15.84,15.94,13275,0
OOMA.US,60,20210304,210000,15.86,16.3,15.85,16.18,11245,0
OOMA.US,60,20210304,220000,16.1827,16.215,15.89,16.02,96145,0
OOMA.US,60,20210305,160000,16.12,16.12,15.88,15.965,7600,0
OOMA.US,60,20210305,170000,16.02,16.05,15.88,15.88,22620,0
OOMA.US,60,20210305,180000,15.88,15.88,15.63,15.69,24743,0
OOMA.US,60,20210305,190000,15.69,16,15.63,16,20447,0
OOMA.US,60,20210305,200000,16,16.12,15.96,15.99,12985,0
OOMA.US,60,20210305,210000,15.96,16.09,15.96,16.04,9491,0
OOMA.US,60,20210305,220000,16.12,16.12,15.9,16.02,52491,0
OOMA.US,60,20210308,160000,15.88,16.22,15.85,16.15,12997,0
OOMA.US,60,20210308,170000,16.075,16.2,15.92,16.13,4809,0
OOMA.US,60,20210308,180000,16.18,16.205,16.02,16.12,4529,0
OOMA.US,60,20210308,190000,16.13,16.31,15.94,16.04,23880,0
OOMA.US,60,20210308,200000,15.995,16.02,15.9,16,29196,0
OOMA.US,60,20210308,210000,16,16.35,16,16.35,15548,0
OOMA.US,60,20210308,220000,16.31,16.49,16.295,16.37,35107,0
OOMA.US,60,20210309,160000,16.47,16.6,16.44,16.6,4705,0
OOMA.US,60,20210309,170000,16.615,16.99,16.59,16.99,19595,0
OOMA.US,60,20210309,180000,16.9634,17.09,16.92,17,41060,0
OOMA.US,60,20210309,190000,16.99,17.23,16.99,17.01,16010,0
OOMA.US,60,20210309,200000,17.1,17.18,16.99,17.18,7787,0
OOMA.US,60,20210309,210000,17.11,17.2,16.99,17.12,6601,0
OOMA.US,60,20210309,220000,17.176,17.21,17.06,17.12,33686,0
OOMA.US,60,20210310,160000,17.05,17.41,17.05,17.41,4067,0
OOMA.US,60,20210310,170000,17.42,17.65,17.41,17.42,18474,0
OOMA.US,60,20210310,180000,17.48,17.5,17.4,17.49,3476,0
OOMA.US,60,20210310,190000,17.49,17.58,17.39,17.52,7804,0
OOMA.US,60,20210310,200000,17.49,17.49,17.34,17.45,7442,0
OOMA.US,60,20210310,210000,17.415,17.548,17.38,17.51,7856,0
OOMA.US,60,20210310,220000,17.49,17.58,17.36,17.55,47165,0
OOMA.US,60,20210311,160000,17.61,17.68,17.455,17.64,7072,0
OOMA.US,60,20210311,170000,17.59,17.6525,17.419,17.56,17387,0
OOMA.US,60,20210311,180000,17.54,17.89,17.54,17.77,12811,0
OOMA.US,60,20210311,190000,17.85,17.875,17.63,17.63,6223,0
OOMA.US,60,20210311,200000,17.64,17.82,17.53,17.53,13014,0
OOMA.US,60,20210311,210000,17.5,17.58,17.43,17.565,13451,0
OOMA.US,60,20210311,220000,17.565,17.91,17.55,17.91,68848,0
OOMA.US,60,20210312,160000,17.97,18.23,17.66,17.66,135211,0
OOMA.US,60,20210312,170000,17.83,17.925,17.57,17.92,11254,0
OOMA.US,60,20210312,180000,17.83,17.95,17.8,17.86,9752,0
OOMA.US,60,20210312,190000,17.785,17.96,17.71,17.96,9565,0
OOMA.US,60,20210312,200000,17.81,17.92,17.77,17.85,9306,0
OOMA.US,60,20210312,210000,17.91,17.955,17.69,17.79,57794,0
OOMA.US,60,20210312,220000,17.7,17.86,17.57,17.66,40806,0
OOMA.US,60,20210315,150000,17.5,17.52,17.22,17.42,22695,0
OOMA.US,60,20210315,160000,17.42,17.64,17.2,17.64,3132,0
OOMA.US,60,20210315,170000,17.63,17.66,17.49,17.49,2810,0
OOMA.US,60,20210315,180000,17.53,17.59,17.47,17.525,3212,0
OOMA.US,60,20210315,190000,17.5,17.55,17.49,17.49,2079,0
OOMA.US,60,20210315,200000,17.51,17.56,17.44,17.45,6755,0
OOMA.US,60,20210315,210000,17.43,17.58,17.31,17.49,43846,0
OOMA.US,60,20210316,150000,17.28,17.3,17,17.09,10258,0
OOMA.US,60,20210316,160000,17.01,17.15,16.76,17.02,27202,0
OOMA.US,60,20210316,170000,16.915,16.95,16.77,16.77,6941,0
OOMA.US,60,20210316,180000,16.71,16.75,16.65,16.74,7471,0
OOMA.US,60,20210316,190000,16.72,16.9,16.71,16.85,14791,0
OOMA.US,60,20210316,200000,16.795,16.885,16.755,16.81,15855,0
OOMA.US,60,20210316,210000,16.78,16.9,16.76,16.87,33479,0
OOMA.US,60,20210317,150000,16.63,16.7,16.59,16.59,7148,0
OOMA.US,60,20210317,160000,16.66,16.8,16.555,16.72,75393,0
OOMA.US,60,20210317,170000,16.72,16.75,16.54,16.54,9613,0
OOMA.US,60,20210317,180000,16.54,16.57,16.43,16.49,7675,0
OOMA.US,60,20210317,190000,16.5,16.54,16.46,16.49,5599,0
OOMA.US,60,20210317,200000,16.49,16.7,16.49,16.675,9362,0
OOMA.US,60,20210317,210000,16.69,16.69,16.5,16.6,32805,0
OOMA.US,60,20210318,150000,16.63,16.66,16.385,16.605,21192,0
OOMA.US,60,20210318,160000,16.66,16.66,16.46,16.47,8047,0
OOMA.US,60,20210318,170000,16.435,16.72,16.39,16.54,8190,0
OOMA.US,60,20210318,180000,16.62,16.83,16.58,16.72,10888,0
OOMA.US,60,20210318,190000,16.72,16.94,16.65,16.91,11352,0
OOMA.US,60,20210318,200000,16.905,16.95,16.7213,16.835,6600,0
OOMA.US,60,20210318,210000,16.85,16.92,16.68,16.73,53816,0
OOMA.US,60,20210319,150000,16.7,16.885,16.5922,16.81,73508,0
OOMA.US,60,20210319,160000,16.82,16.95,16.75,16.92,5420,0
OOMA.US,60,20210319,170000,16.94,17.13,16.915,17.08,6923,0
OOMA.US,60,20210319,180000,17.06,17.17,16.92,17.11,9155,0
OOMA.US,60,20210319,190000,17.085,17.29,17.06,17.22,37589,0
OOMA.US,60,20210319,200000,17.195,17.42,17.18,17.2801,12984,0
OOMA.US,60,20210319,210000,17.31,17.46,17.23,17.44,38214,0
OOMA.US,60,20210322,150000,17.39,17.47,17.16,17.19,11329,0
OOMA.US,60,20210322,160000,17.22,17.32,17.02,17.02,7586,0
OOMA.US,60,20210322,170000,16.95,17.11,16.92,16.975,8327,0
OOMA.US,60,20210322,180000,17,17.46,16.93,17.4,17886,0
OOMA.US,60,20210322,190000,17.4,17.6,17.34,17.385,10033,0
OOMA.US,60,20210322,200000,17.34,17.4,17.18,17.29,6519,0
OOMA.US,60,20210322,210000,17.2356,17.2899,16.95,17.07,24765,0
OOMA.US,60,20210323,150000,16.88,17,16.78,17,3681,0
OOMA.US,60,20210323,160000,17.04,17.06,16.92,17,11117,0
OOMA.US,60,20210323,170000,16.955,17,16.83,16.895,6808,0
OOMA.US,60,20210323,180000,16.96,17,16.88,16.94,3063,0
OOMA.US,60,20210323,190000,16.9403,16.99,16.855,16.855,3117,0
OOMA.US,60,20210323,200000,16.81,17,16.81,16.88,4364,0
OOMA.US,60,20210323,210000,16.84,16.96,16.77,16.86,41938,0
OOMA.US,60,20210324,150000,16.99,16.99,16.81,16.81,1488,0
OOMA.US,60,20210324,160000,16.83,17,16.71,16.9,26074,0
OOMA.US,60,20210324,170000,16.9,16.9,16.83,16.87,12691,0
OOMA.US,60,20210324,180000,16.86,16.87,16.82,16.85,9564,0
OOMA.US,60,20210324,190000,16.84,16.89,16.82,16.89,21289,0
OOMA.US,60,20210324,200000,16.865,16.89,16.82,16.86,7438,0
OOMA.US,60,20210324,210000,16.8425,16.87,16.42,16.47,60016,0
OOMA.US,60,20210325,150000,16.3,16.41,16.0723,16.11,10563,0
OOMA.US,60,20210325,160000,16.185,16.3,16,16.005,11055,0
OOMA.US,60,20210325,170000,16.05,16.16,15.955,16.01,4958,0
OOMA.US,60,20210325,180000,16.065,16.365,16.065,16.365,6190,0
OOMA.US,60,20210325,190000,16.365,16.38,16.26,16.305,3000,0
OOMA.US,60,20210325,200000,16.31,16.31,16.06,16.165,12437,0
OOMA.US,60,20210325,210000,16.17,16.31,16.165,16.28,50279,0
OOMA.US,60,20210326,150000,16.37,16.55,16.26,16.37,4450,0
OOMA.US,60,20210326,160000,16.47,16.47,16.19,16.19,16978,0
OOMA.US,60,20210326,170000,16.195,16.266,16.155,16.266,3520,0
OOMA.US,60,20210326,180000,16.23,16.29,16.1772,16.2,2974,0
OOMA.US,60,20210326,190000,16.25,16.25,15.96,15.98,9748,0
OOMA.US,60,20210326,200000,15.94,15.96,15.83,15.9374,23262,0
OOMA.US,60,20210326,210000,15.99,16.03,15.9,16.02,54701,0
OOMA.US,60,20210329,160000,16.17,16.17,15.85,15.86,2604,0
OOMA.US,60,20210329,170000,15.85,15.91,15.73,15.75,9229,0
OOMA.US,60,20210329,180000,15.73,16.01,15.73,16.01,5094,0
OOMA.US,60,20210329,190000,15.92,15.92,15.76,15.9,2102,0
OOMA.US,60,20210329,200000,15.99,16.05,15.77,15.77,5277,0
OOMA.US,60,20210329,210000,15.75,15.76,15.65,15.67,6309,0
OOMA.US,60,20210329,220000,15.68,15.7499,15.55,15.57,33887,0
OOMA.US,60,20210330,160000,15.6,15.6,15.55,15.56,2372,0
OOMA.US,60,20210330,170000,15.61,15.76,15.55,15.62,15623,0
OOMA.US,60,20210330,180000,15.64,15.793,15.64,15.69,3191,0
OOMA.US,60,20210330,190000,15.64,15.81,15.62,15.69,6407,0
OOMA.US,60,20210330,200000,15.7,15.73,15.67,15.68,3540,0
OOMA.US,60,20210330,210000,15.695,15.86,15.695,15.75,2858,0
OOMA.US,60,20210330,220000,15.78,15.81,15.62,15.65,41436,0
OOMA.US,60,20210331,160000,15.7,16.24,15.65,15.98,15331,0
OOMA.US,60,20210331,170000,15.94,15.975,15.79,15.96,9373,0
OOMA.US,60,20210331,180000,15.93,15.96,15.835,15.845,6919,0
OOMA.US,60,20210331,190000,15.82,15.86,15.73,15.73,3672,0
OOMA.US,60,20210331,200000,15.76,15.825,15.76,15.78,6715,0
OOMA.US,60,20210331,210000,15.77,15.77,15.7,15.735,6189,0
OOMA.US,60,20210331,220000,15.76,15.9,15.6707,15.85,72464,0
OOMA.US,60,20210401,160000,16.04,16.18,15.89,16.1,13550,0
OOMA.US,60,20210401,170000,16.1,16.1,15.96,16.05,30889,0
OOMA.US,60,20210401,180000,16.0388,16.05,15.97,16.0452,15049,0
OOMA.US,60,20210401,190000,16.05,16.05,16.02,16.05,8178,0
OOMA.US,60,20210401,200000,16.05,16.05,15.93,16.03,57353,0
OOMA.US,60,20210401,210000,16.02,16.15,16,16.085,6045,0
OOMA.US,60,20210401,220000,16.08,16.21,16.06,16.21,30753,0
OOMA.US,60,20210405,160000,16.21,16.33,16.025,16.025,1833,0
OOMA.US,60,20210405,170000,16.065,16.12,15.89,15.89,3129,0
OOMA.US,60,20210405,180000,15.87,15.96,15.81,15.94,7514,0
OOMA.US,60,20210405,190000,15.95,16.015,15.9,15.9,9371,0
OOMA.US,60,20210405,200000,15.91,16.07,15.91,15.99,10189,0
OOMA.US,60,20210405,210000,15.98,15.99,15.92,15.92,2125,0
OOMA.US,60,20210405,220000,15.92,16.12,15.92,16.06,22846,0
OOMA.US,60,20210406,160000,16.13,16.23,16.1,16.23,42819,0
OOMA.US,60,20210406,170000,16.35,16.35,16.13,16.175,20327,0
OOMA.US,60,20210406,180000,16.12,16.2994,16.045,16.26,238442,0
OOMA.US,60,20210406,190000,16.26,17,16.26,16.67,14266,0
OOMA.US,60,20210406,200000,16.8,16.82,16.785,16.79,1596,0
OOMA.US,60,20210406,210000,16.83,16.8599,16.75,16.75,3433,0
OOMA.US,60,20210406,220000,16.67,16.86,16.62,16.76,36699,0
OOMA.US,60,20210407,160000,16.95,17.13,16.94,16.98,6940,0
OOMA.US,60,20210407,170000,17.03,17.03,16.77,16.77,3620,0
OOMA.US,60,20210407,180000,16.71,16.83,16.5,16.5,2721,0
OOMA.US,60,20210407,190000,16.5,16.57,16.45,16.51,1604,0
OOMA.US,60,20210407,200000,16.5,16.53,16.34,16.39,6856,0
OOMA.US,60,20210407,210000,16.33,16.44,16.28,16.408,5512,0
OOMA.US,60,20210407,220000,16.4,16.44,16.23,16.25,37899,0
OOMA.US,60,20210408,160000,16.42,16.59,16.42,16.43,500,0
OOMA.US,60,20210408,170000,16.52,16.52,16.14,16.33,12769,0
OOMA.US,60,20210408,180000,16.32,16.34,16.2,16.23,5136,0
OOMA.US,60,20210408,190000,16.265,16.265,16.13,16.13,5327,0
OOMA.US,60,20210408,200000,16.18,16.39,16.11,16.38,34793,0
OOMA.US,60,20210408,210000,16.31,16.41,16.22,16.24,8712,0
OOMA.US,60,20210408,220000,16.24,16.48,16.21,16.45,47430,0
OOMA.US,60,20210409,160000,16.38,16.41,16.245,16.245,1896,0
OOMA.US,60,20210409,170000,16.3,16.44,16.205,16.35,9798,0
OOMA.US,60,20210409,180000,16.41,16.44,16.36,16.38,2022,0
OOMA.US,60,20210409,190000,16.41,16.56,16.39,16.54,9007,0
OOMA.US,60,20210409,200000,16.54,16.63,16.54,16.6,3456,0
OOMA.US,60,20210409,210000,16.6,16.63,16.55,16.615,27903,0
OOMA.US,60,20210409,220000,16.58,16.58,16.41,16.43,50400,0
OOMA.US,60,20210412,160000,16.39,16.39,16.08,16.15,5874,0
OOMA.US,60,20210412,170000,16.09,16.28,16.09,16.155,6732,0
OOMA.US,60,20210412,180000,16.145,16.19,16.11,16.1529,3118,0
OOMA.US,60,20210412,190000,16.145,16.3,16.12,16.3,5323,0
OOMA.US,60,20210412,200000,16.32,16.32,16.24,16.275,3717,0
OOMA.US,60,20210412,210000,16.3,16.35,16.25,16.25,4550,0
OOMA.US,60,20210412,220000,16.26,16.3,16.22,16.27,70365,0
OOMA.US,60,20210413,160000,16.31,16.46,16.02,16.1,2886,0
OOMA.US,60,20210413,170000,16.05,16.29,16.02,16.25,5843,0
OOMA.US,60,20210413,180000,16.17,16.21,16.05,16.05,7712,0
OOMA.US,60,20210413,190000,16.05,16.17,16.05,16.05,3668,0
OOMA.US,60,20210413,200000,16.01,16.14,16.01,16.12,5370,0
OOMA.US,60,20210413,210000,16.14,16.16,16.14,16.15,1213,0
OOMA.US,60,20210413,220000,16.19,16.56,16.19,16.54,47667,0
OOMA.US,60,20210414,160000,16.57,16.84,16.5,16.84,2178,0
OOMA.US,60,20210414,170000,16.85,17.07,16.7,17.05,11073,0
OOMA.US,60,20210414,180000,17.01,17.07,16.91,17,10244,0
OOMA.US,60,20210414,190000,17.02,17.02,16.95,17.02,5677,0
OOMA.US,60,20210414,200000,17.02,17.02,16.93,16.955,4791,0
OOMA.US,60,20210414,210000,16.94,16.97,16.76,16.91,141206,0
OOMA.US,60,20210414,220000,16.91,17.01,16.9,16.98,38494,0
OOMA.US,60,20210415,160000,16.89,16.92,16.61,16.67,1152,0
OOMA.US,60,20210415,170000,16.71,16.71,16.35,16.35,7948,0
OOMA.US,60,20210415,180000,16.34,16.45,16.32,16.425,5665,0
OOMA.US,60,20210415,190000,16.4,16.41,16.23,16.27,6185,0
OOMA.US,60,20210415,200000,16.3,16.58,16.29,16.48,7181,0
OOMA.US,60,20210415,210000,16.475,16.5,16.394,16.5,5520,0
OOMA.US,60,20210415,220000,16.485,16.5911,16.43,16.5,29021,0
OOMA.US,60,20210416,160000,16.54,16.67,16.3,16.3,5921,0
OOMA.US,60,20210416,170000,16.4,16.815,16.25,16.62,104705,0
OOMA.US,60,20210416,180000,16.7206,16.92,16.43,16.91,4033,0
OOMA.US,60,20210416,190000,16.67,16.695,16.61,16.66,1688,0
OOMA.US,60,20210416,200000,16.72,16.8,16.72,16.75,800,0
OOMA.US,60,20210416,210000,16.8,16.9,16.8,16.9,1036,0
OOMA.US,60,20210416,220000,16.87,17,16.87,16.88,21833,0
OOMA.US,60,20210419,160000,16.88,17.19,16.88,17.1,1450,0
OOMA.US,60,20210419,170000,17.06,17.12,16.7,16.95,8999,0
OOMA.US,60,20210419,180000,16.89,16.89,16.62,16.68,4463,0
OOMA.US,60,20210419,190000,16.59,16.69,16.57,16.69,2400,0
OOMA.US,60,20210419,200000,16.64,16.81,16.64,16.81,2600,0
OOMA.US,60,20210419,210000,16.74,16.79,16.66,16.78,3595,0
OOMA.US,60,20210419,220000,16.75,16.79,16.65,16.73,18273,0
OOMA.US,60,20210420,160000,16.67,16.83,16.5501,16.63,1147,0
OOMA.US,60,20210420,170000,16.81,16.9,16.62,16.76,2893,0
OOMA.US,60,20210420,180000,16.67,16.67,16.46,16.67,3811,0
OOMA.US,60,20210420,190000,16.65,16.68,16.51,16.62,2900,0
OOMA.US,60,20210420,200000,16.59,16.62,16.45,16.53,3391,0
OOMA.US,60,20210420,210000,16.57,16.7,16.52,16.53,3500,0
OOMA.US,60,20210420,220000,16.58,16.63,16.48,16.5,23120,0
OOMA.US,60,20210421,160000,16.44,16.52,16.3649,16.52,1316,0
OOMA.US,60,20210421,170000,16.54,16.65,16.44,16.5,3100,0
OOMA.US,60,20210421,180000,16.5,16.68,16.46,16.68,4517,0
OOMA.US,60,20210421,190000,16.63,16.64,16.53,16.585,2585,0
OOMA.US,60,20210421,200000,16.55,16.7,16.55,16.6282,1591,0
OOMA.US,60,20210421,210000,16.73,16.73,16.625,16.625,3328,0
OOMA.US,60,20210421,220000,16.61,16.66,16.53,16.63,20857,0
OOMA.US,60,20210422,160000,16.75,16.75,16.685,16.685,2503,0
OOMA.US,60,20210422,170000,16.75,17,16.71,16.715,4851,0
OOMA.US,60,20210422,180000,16.66,16.72,16.56,16.65,7100,0
OOMA.US,60,20210422,190000,16.63,16.675,16.56,16.675,1600,0
OOMA.US,60,20210422,200000,16.63,16.675,16.52,16.58,4010,0
OOMA.US,60,20210422,210000,16.51,16.66,16.51,16.655,2261,0
OOMA.US,60,20210422,220000,16.665,16.76,16.52,16.52,24534,0
OOMA.US,60,20210423,160000,16.64,16.64,16.64,16.64,244,0
OOMA.US,60,20210423,170000,16.695,16.73,16.62,16.66,2509,0
OOMA.US,60,20210423,180000,16.63,16.77,16.61,16.72,4570,0
OOMA.US,60,20210423,190000,16.73,16.9,16.73,16.84,2660,0
OOMA.US,60,20210423,200000,16.85,16.99,16.85,16.99,2521,0
OOMA.US,60,20210423,210000,16.99,17.04,16.94,17,3789,0
OOMA.US,60,20210423,220000,17.01,17.05,16.97,16.99,19852,0
OOMA.US,60,20210426,160000,16.9,17.05,16.9,17.05,4326,0
OOMA.US,60,20210426,170000,17.18,17.32,17.07,17.3,4740,0
OOMA.US,60,20210426,180000,17.17,17.26,17.08,17.17,4030,0
OOMA.US,60,20210426,190000,17.0101,17.11,17.0101,17.08,3400,0
OOMA.US,60,20210426,200000,17.07,17.09,17.05,17.08,1992,0
OOMA.US,60,20210426,210000,16.96,17.02,16.96,17.015,5684,0
OOMA.US,60,20210426,220000,17.045,17.045,16.81,16.86,37058,0
OOMA.US,60,20210427,160000,16.85,16.86,16.85,16.86,808,0
OOMA.US,60,20210427,170000,16.68,16.9,16.65,16.9,3462,0
OOMA.US,60,20210427,180000,16.825,16.89,16.79,16.795,6244,0
OOMA.US,60,20210427,190000,16.75,16.93,16.75,16.84,5726,0
OOMA.US,60,20210427,200000,16.856,16.856,16.76,16.76,458,0
OOMA.US,60,20210427,210000,16.81,16.9,16.74,16.79,10748,0
OOMA.US,60,20210427,220000,16.68,16.855,16.67,16.81,40226,0
OOMA.US,60,20210428,160000,16.89,16.9,16.69,16.9,2082,0
OOMA.US,60,20210428,170000,16.74,16.75,16.57,16.71,7092,0
OOMA.US,60,20210428,180000,16.6888,16.79,16.53,16.79,106370,0
OOMA.US,60,20210428,190000,16.79,16.9,16.735,16.89,2460,0
OOMA.US,60,20210428,200000,16.9,16.9,16.81,16.9,6130,0
OOMA.US,60,20210428,210000,16.885,16.98,16.84,16.845,3028,0
OOMA.US,60,20210428,220000,16.87,16.87,16.7,16.73,27260,0
OOMA.US,60,20210429,160000,16.77,16.9533,16.77,16.805,2838,0
OOMA.US,60,20210429,170000,16.75,16.83,16.5,16.62,11574,0
OOMA.US,60,20210429,180000,16.67,16.71,16.5,16.6,18406,0
OOMA.US,60,20210429,190000,16.55,16.55,16.54,16.54,400,0
OOMA.US,60,20210429,200000,16.515,16.6,16.49,16.6,9542,0
OOMA.US,60,20210429,210000,16.56,16.62,16.56,16.62,1600,0
OOMA.US,60,20210429,220000,16.635,16.635,16.48,16.48,55960,0
OOMA.US,60,20210430,160000,16.32,16.55,16.32,16.49,7192,0
OOMA.US,60,20210430,170000,16.45,16.61,16.43,16.45,25950,0
OOMA.US,60,20210430,180000,16.46,16.56,16.46,16.49,5600,0
OOMA.US,60,20210430,190000,16.53,16.53,16.465,16.475,7250,0
OOMA.US,60,20210430,200000,16.47,16.5,16.41,16.43,13920,0
OOMA.US,60,20210430,210000,16.45,16.51,16.44,16.46,11322,0
OOMA.US,60,20210430,220000,16.5,16.61,16.45,16.53,92764,0
OOMA.US,60,20210503,160000,16.62,16.79,16.61,16.79,1761,0
OOMA.US,60,20210503,170000,16.78,17.19,16.56,16.58,6244,0
OOMA.US,60,20210503,180000,16.58,16.66,16.47,16.59,2635,0
OOMA.US,60,20210503,190000,16.54,16.62,16.54,16.56,1500,0
OOMA.US,60,20210503,200000,16.59,16.6043,16.55,16.6043,3577,0
OOMA.US,60,20210503,210000,16.62,16.62,16.525,16.525,1341,0
OOMA.US,60,20210503,220000,16.55,16.6,16.46,16.59,24056,0
OOMA.US,60,20210504,160000,16.51,16.99,16.22,16.22,4485,0
OOMA.US,60,20210504,170000,16.25,16.51,16.22,16.43,5953,0
OOMA.US,60,20210504,180000,16.49,16.5,16.345,16.435,8636,0
OOMA.US,60,20210504,190000,16.25,16.45,16.25,16.31,1927,0
OOMA.US,60,20210504,200000,16.27,16.36,16.18,16.3,14388,0
OOMA.US,60,20210504,210000,16.32,16.32,16.18,16.2,12761,0
OOMA.US,60,20210504,220000,16.23,16.3,16.15,16.21,24110,0
OOMA.US,60,20210505,160000,16.35,16.36,16.12,16.36,1786,0
OOMA.US,60,20210505,170000,16.12,16.29,15.94,16.29,8900,0
OOMA.US,60,20210505,180000,16.2,16.3,16.11,16.11,3164,0
OOMA.US,60,20210505,190000,16.085,16.14,16.054,16.075,3400,0
OOMA.US,60,20210505,200000,16.08,16.25,16.06,16.25,6705,0
OOMA.US,60,20210505,210000,16.28,16.47,16.19,16.38,16368,0
OOMA.US,60,20210505,220000,16.38,16.38,16.11,16.31,26996,0
OOMA.US,60,20210506,160000,16.16,16.45,16.16,16.45,3333,0
OOMA.US,60,20210506,170000,16.2149,16.4,16.16,16.16,1750,0
OOMA.US,60,20210506,180000,16.1,16.265,16.1,16.23,3259,0
OOMA.US,60,20210506,200000,16.25,16.25,16.14,16.165,1800,0
OOMA.US,60,20210506,210000,16.165,16.2137,16.07,16.1,5910,0
OOMA.US,60,20210506,220000,16.09,16.28,16.07,16.26,20561,0
OOMA.US,60,20210507,160000,16.26,16.42,16.26,16.2828,625,0
OOMA.US,60,20210507,170000,16.47,16.83,16.43,16.59,3019,0
OOMA.US,60,20210507,180000,16.67,16.67,16.48,16.48,500,0
OOMA.US,60,20210507,190000,16.475,16.475,16.31,16.42,3721,0
OOMA.US,60,20210507,200000,16.38,16.395,16.38,16.395,1400,0
OOMA.US,60,20210507,210000,16.4,16.46,16.31,16.46,4400,0
OOMA.US,60,20210507,220000,16.43,16.45,16.355,16.4,9979,0
OOMA.US,60,20210510,160000,16.32,16.32,16.25,16.25,408,0
OOMA.US,60,20210510,170000,16.25,16.25,16.06,16.15,1424,0
OOMA.US,60,20210510,180000,16.17,16.225,16.09,16.12,1400,0
OOMA.US,60,20210510,190000,16.15,16.195,16.15,16.155,1003,0
OOMA.US,60,20210510,200000,16.145,16.16,16.1,16.12,1436,0
OOMA.US,60,20210510,210000,16.12,16.12,15.94,16.03,6426,0
OOMA.US,60,20210510,220000,16.03,16.15,16.03,16.07,22398,0
OOMA.US,60,20210511,160000,15.84,16.1,15.76,15.98,3874,0
OOMA.US,60,20210511,170000,16.06,16.07,15.9,15.92,1958,0
OOMA.US,60,20210511,180000,15.945,16,15.89,15.985,3013,0
OOMA.US,60,20210511,190000,15.96,16.115,15.95,15.99,3820,0
OOMA.US,60,20210511,200000,16.03,16.18,16.025,16.06,2600,0
OOMA.US,60,20210511,210000,16.12,16.155,16.02,16.05,2745,0
OOMA.US,60,20210511,220000,16.04,16.18,15.925,15.96,25475,0
OOMA.US,60,20210512,160000,15.81,15.97,15.8,15.9,2981,0
OOMA.US,60,20210512,170000,15.95,16.06,15.9,15.9,3215,0
OOMA.US,60,20210512,180000,15.9,15.95,15.87,15.91,7504,0
OOMA.US,60,20210512,190000,15.9,15.93,15.75,15.8,22088,0
OOMA.US,60,20210512,200000,15.8,15.92,15.8,15.92,2580,0
OOMA.US,60,20210512,210000,15.85,15.92,15.85,15.85,5237,0
OOMA.US,60,20210512,220000,15.85,15.86,15.75,15.76,27640,0
OOMA.US,60,20210513,160000,15.73,15.89,15.69,15.785,2953,0
OOMA.US,60,20210513,170000,15.785,15.9,15.75,15.9,15349,0
OOMA.US,60,20210513,180000,15.86,15.86,15.7,15.7,9409,0
OOMA.US,60,20210513,190000,15.715,15.77,15.7,15.7,5819,0
OOMA.US,60,20210513,200000,15.7,15.74,15.65,15.74,5200,0
OOMA.US,60,20210513,210000,15.71,15.88,15.7,15.87,9157,0
OOMA.US,60,20210513,220000,15.87,16.23,15.87,15.99,36769,0
OOMA.US,60,20210514,160000,16.01,16.01,16.01,16.01,537,0
OOMA.US,60,20210514,170000,16.24,16.35,16.19,16.34,1660,0
OOMA.US,60,20210514,180000,16.34,16.55,16.11,16.16,7851,0
OOMA.US,60,20210514,190000,16.16,16.29,16.04,16.06,3800,0
OOMA.US,60,20210514,200000,16.06,16.22,16.06,16.22,1200,0
OOMA.US,60,20210514,210000,16.22,16.29,16.21,16.22,1308,0
OOMA.US,60,20210514,220000,16.3,16.365,16.18,16.25,12355,0
OOMA.US,60,20210517,160000,16.16,16.31,16.16,16.29,2186,0
OOMA.US,60,20210517,170000,16.29,16.4,16.09,16.09,3776,0
OOMA.US,60,20210517,180000,16.09,16.12,15.9,15.9,104300,0
OOMA.US,60,20210517,190000,15.93,16.02,15.93,16.01,730,0
OOMA.US,60,20210517,200000,15.95,16.03,15.95,16.03,2418,0
OOMA.US,60,20210517,210000,16.03,16.03,15.95,15.98,1523,0
OOMA.US,60,20210517,220000,16.03,16.17,16.03,16.16,14766,0
OOMA.US,60,20210518,160000,16.29,16.29,16.29,16.29,503,0
OOMA.US,60,20210518,170000,16.26,16.26,16.04,16.2,1700,0
OOMA.US,60,20210518,180000,16.23,16.3,16.17,16.3,3204,0
OOMA.US,60,20210518,190000,16.3,16.43,16.3,16.4,1367,0
OOMA.US,60,20210518,200000,16.49,16.49,16.41,16.41,835,0
OOMA.US,60,20210518,210000,16.36,16.36,16.35,16.35,300,0
OOMA.US,60,20210518,220000,16.34,16.43,16.17,16.22,15630,0
OOMA.US,60,20210519,160000,16.05,16.12,15.9432,16.12,676,0
OOMA.US,60,20210519,170000,16.08,16.08,15.85,15.93,2296,0
OOMA.US,60,20210519,180000,16.02,16.12,15.9305,15.99,2500,0
OOMA.US,60,20210519,190000,15.99,16.18,15.99,16.17,2700,0
OOMA.US,60,20210519,200000,16.18,16.38,16.18,16.29,4532,0
OOMA.US,60,20210519,210000,16.22,16.37,16.22,16.308,3186,0
OOMA.US,60,20210519,220000,16.3,16.44,16.29,16.35,11687,0
OOMA.US,60,20210520,160000,16.35,16.35,16.35,16.35,169,0
OOMA.US,60,20210520,170000,16.67,16.69,16.36,16.47,4620,0
OOMA.US,60,20210520,180000,16.45,16.5,16.42,16.45,1300,0
OOMA.US,60,20210520,190000,16.43,16.43,16.19,16.19,1850,0
OOMA.US,60,20210520,200000,16.17,16.34,16.17,16.31,2004,0
OOMA.US,60,20210520,210000,16.26,16.27,16.22,16.24,2077,0
OOMA.US,60,20210520,220000,16.3,16.46,16.29,16.44,16266,0
OOMA.US,60,20210521,160000,16.67,16.69,16.65,16.69,3617,0
OOMA.US,60,20210521,170000,16.74,16.74,16.561,16.63,1361,0
OOMA.US,60,20210521,180000,16.65,16.65,16.54,16.54,2801,0
OOMA.US,60,20210521,190000,16.54,16.54,16.43,16.455,700,0
OOMA.US,60,20210521,200000,16.31,16.49,16.31,16.43,2907,0
OOMA.US,60,20210521,210000,16.39,16.4,16.39,16.39,300,0
OOMA.US,60,20210521,220000,16.35,16.47,16.29,16.35,7749,0
OOMA.US,60,20210524,160000,16.41,16.43,16.2574,16.43,1889,0
OOMA.US,60,20210524,170000,16.44,16.58,16.36,16.37,2300,0
OOMA.US,60,20210524,180000,16.37,16.4,16.255,16.39,7806,0
OOMA.US,60,20210524,190000,16.37,16.37,16.13,16.13,7909,0
OOMA.US,60,20210524,200000,16.13,16.33,16.09,16.0904,16210,0
OOMA.US,60,20210524,210000,16.163,16.34,16.07,16.16,14439,0
OOMA.US,60,20210524,220000,16.1779,16.25,16,16.03,27156,0
OOMA.US,60,20210525,160000,16.27,16.38,16.27,16.38,9027,0
OOMA.US,60,20210525,170000,16.38,16.9,16.3,16.88,7842,0
OOMA.US,60,20210525,180000,16.88,16.895,16.575,16.59,6007,0
OOMA.US,60,20210525,190000,16.66,16.66,16.55,16.55,3510,0
OOMA.US,60,20210525,200000,16.53,16.53,16.44,16.44,2209,0
OOMA.US,60,20210525,210000,16.45,16.57,16.415,16.52,5112,0
OOMA.US,60,20210525,220000,16.5,16.55,16.38,16.41,29945,0
OOMA.US,60,20210526,160000,16.44,16.532,16.44,16.532,325,0
OOMA.US,60,20210526,170000,16.42,16.61,16.3,16.45,6960,0
OOMA.US,60,20210526,180000,16.46,16.51,16.45,16.51,900,0
OOMA.US,60,20210526,190000,16.51,16.51,16.33,16.37,1199,0
OOMA.US,60,20210526,200000,16.37,16.37,16.14,16.24,5831,0
OOMA.US,60,20210526,210000,16.2189,16.39,16.2189,16.33,6039,0
OOMA.US,60,20210526,220000,16.315,16.37,16.23,16.37,21661,0
OOMA.US,60,20210527,160000,17.42,18.71,17.34,18.59,54389,0
OOMA.US,60,20210527,170000,18.2889,19.2761,18,18.5705,63731,0
OOMA.US,60,20210527,180000,18.5881,19.09,18.535,19.01,29308,0
OOMA.US,60,20210527,190000,19.01,19.15,18.76,19.12,25063,0
OOMA.US,60,20210527,200000,19.06,19.1272,18.9153,19,20515,0
OOMA.US,60,20210527,210000,19,19.0208,18.9,18.98,22591,0
OOMA.US,60,20210527,220000,19,19.32,18.94,18.99,92132,0
OOMA.US,60,20210528,160000,18.69,18.72,18.49,18.525,18099,0
OOMA.US,60,20210528,170000,18.5,18.9899,18.48,18.88,15832,0
OOMA.US,60,20210528,180000,18.8341,19.105,18.8341,19.08,12773,0
OOMA.US,60,20210528,190000,19.1,19.553,19.1,19.55,33733,0
OOMA.US,60,20210528,200000,19.525,19.59,19.26,19.27,16725,0
OOMA.US,60,20210528,210000,19.29,19.35,19.17,19.27,7344,0
OOMA.US,60,20210528,220000,19.28,19.48,19.22,19.41,42597,0
OOMA.US,60,20210601,160000,19.4,19.6,19.2681,19.46,13106,0
OOMA.US,60,20210601,170000,19.395,19.79,19.395,19.765,17219,0
OOMA.US,60,20210601,180000,19.74,19.77,19.52,19.52,12491,0
OOMA.US,60,20210601,190000,19.44,19.55,19.04,19.05,3533,0
OOMA.US,60,20210601,200000,19.16,19.17,19.04,19.09,1677,0
OOMA.US,60,20210601,210000,19.07,19.43,19.065,19.43,4267,0
OOMA.US,60,20210601,220000,19.43,19.54,19.33,19.4,40733,0
OOMA.US,60,20210602,160000,19.01,19.32,18.82,19.245,17018,0
OOMA.US,60,20210602,170000,19.245,19.61,19.245,19.47,52947,0
OOMA.US,60,20210602,180000,19.42,19.71,19.27,19.58,18210,0
OOMA.US,60,20210602,190000,19.54,19.62,19.4,19.46,9706,0
OOMA.US,60,20210602,200000,19.39,19.4,19.27,19.29,12938,0
OOMA.US,60,20210602,210000,19.3,19.3,19.21,19.23,9776,0
OOMA.US,60,20210602,220000,19.23,19.26,18.93,19.17,62634,0
OOMA.US,60,20210603,160000,19.18,19.23,19,19,1318,0
OOMA.US,60,20210603,170000,19.08,19.18,19,19.12,2719,0
OOMA.US,60,20210603,180000,19.11,19.28,19.1,19.28,2552,0
OOMA.US,60,20210603,190000,19.225,19.24,19.135,19.15,6705,0
OOMA.US,60,20210603,200000,19.17,19.23,19.12,19.13,6031,0
OOMA.US,60,20210603,210000,19.13,19.35,19.13,19.335,7965,0
OOMA.US,60,20210603,220000,19.335,19.45,19.2,19.3,37216,0
OOMA.US,60,20210604,160000,19.35,19.35,19.22,19.22,972,0
OOMA.US,60,20210604,170000,19.3,19.39,19.235,19.35,5012,0
OOMA.US,60,20210604,180000,19.345,19.5,19.21,19.48,6437,0
OOMA.US,60,20210604,190000,19.52,19.52,19.32,19.49,2917,0
OOMA.US,60,20210604,200000,19.52,19.55,19.445,19.5,4334,0
OOMA.US,60,20210604,210000,19.5,19.55,19.47,19.48,6722,0
OOMA.US,60,20210604,220000,19.53,19.67,19.495,19.63,35526,0
OOMA.US,60,20210607,160000,19.69,19.69,19.425,19.51,2549,0
OOMA.US,60,20210607,170000,19.51,19.89,19.47,19.83,7172,0
OOMA.US,60,20210607,180000,19.83,19.9,19.71,19.89,12465,0
OOMA.US,60,20210607,190000,19.89,19.9,19.85,19.87,5148,0
OOMA.US,60,20210607,200000,19.88,19.88,19.78,19.78,8137,0
OOMA.US,60,20210607,210000,19.76,19.8,19.72,19.72,2828,0
OOMA.US,60,20210607,220000,19.7,19.9,19.7,19.89,28500,0
OOMA.US,60,20210608,160000,19.94,20,19.9,19.96,2931,0
OOMA.US,60,20210608,170000,19.96,20.24,19.94,20.04,16354,0
OOMA.US,60,20210608,180000,20.05,20.31,20.04,20.295,7574,0
OOMA.US,60,20210608,190000,20.34,20.67,20.32,20.58,14594,0
OOMA.US,60,20210608,200000,20.61,20.91,20.5701,20.86,17710,0
OOMA.US,60,20210608,210000,20.89,21.06,20.69,20.9,28638,0
OOMA.US,60,20210608,220000,20.9,21.11,20.9,20.99,50696,0
OOMA.US,60,20210609,160000,20.8,21.22,20.8,20.9,11195,0
OOMA.US,60,20210609,170000,20.89,20.98,20.82,20.89,7986,0
OOMA.US,60,20210609,180000,20.89,21.2,20.87,21.05,12748,0
OOMA.US,60,20210609,190000,21.05,21.14,20.94,20.95,20373,0
OOMA.US,60,20210609,200000,21.03,21.11,20.88,20.88,28189,0
OOMA.US,60,20210609,210000,21.01,21.01,20.85,20.97,10338,0
OOMA.US,60,20210609,220000,20.95,21.1,20.95,21.09,146516,0
OOMA.US,60,20210610,160000,21.1,21.5,21.02,21.32,14366,0
OOMA.US,60,20210610,170000,21.385,21.6,21.34,21.555,41418,0
OOMA.US,60,20210610,180000,21.59,22.1,21.57,21.855,35095,0
OOMA.US,60,20210610,190000,21.88,22.39,21.88,22.14,247877,0
OOMA.US,60,20210610,200000,22.13,22.63,22,22.63,149828,0
OOMA.US,60,20210610,210000,22.61,23.33,22.58,23.28,114015,0
OOMA.US,60,20210610,220000,23.235,23.2438,22.26,22.67,160712,0
OOMA.US,60,20210611,160000,23.07,23.3,22.8,23.28,208300,0
OOMA.US,60,20210611,170000,23.23,23.63,23.01,23.61,47314,0
OOMA.US,60,20210611,180000,23.63,23.75,23.455,23.61,25188,0
OOMA.US,60,20210611,190000,23.65,23.86,23.56,23.645,37434,0
OOMA.US,60,20210611,200000,23.645,23.65,23.5,23.59,49277,0
OOMA.US,60,20210611,210000,23.6,23.88,23.55,23.82,88093,0
OOMA.US,60,20210611,220000,23.825,24.1,23.705,24.02,54817,0
OOMA.US,60,20210614,160000,24.35,24.66,24.15,24.56,42068,0
OOMA.US,60,20210614,170000,24.56,24.89,24.46,24.515,37103,0
OOMA.US,60,20210614,180000,24.53,24.55,24.09,24.502,32733,0
OOMA.US,60,20210614,190000,24.5,24.54,24.1,24.18,82397,0
OOMA.US,60,20210614,200000,24.26,24.26,24.1276,24.205,14712,0
OOMA.US,60,20210614,210000,24.21,24.57,24.1552,24.25,34042,0
OOMA.US,60,20210614,220000,24.2,24.28,24.075,24.2,88430,0
OOMA.US,60,20210615,160000,24.2,24.24,24.02,24.16,8334,0
OOMA.US,60,20210615,170000,24.18,24.2,23.5501,23.56,22416,0
OOMA.US,60,20210615,180000,23.575,23.61,23.25,23.3,21678,0
OOMA.US,60,20210615,190000,23.34,23.36,22.82,23.2,19965,0
OOMA.US,60,20210615,200000,23.23,23.45,23.02,23.05,10491,0
OOMA.US,60,20210615,210000,23.0501,23.28,22.98,23.235,54650,0
OOMA.US,60,20210615,220000,23.24,23.39,23.09,23.32,38702,0
OOMA.US,60,20210616,160000,23.21,23.38,23,23.08,11554,0
OOMA.US,60,20210616,170000,23.08,23.22,22.88,22.96,20929,0
OOMA.US,60,20210616,180000,22.946,22.946,22.23,22.23,35817,0
OOMA.US,60,20210616,190000,22.33,22.54,22.25,22.3078,12998,0
OOMA.US,60,20210616,200000,22.36,22.5402,22.31,22.38,8893,0
OOMA.US,60,20210616,210000,22.39,22.44,22.17,22.2,9402,0
OOMA.US,60,20210616,220000,22.2,22.375,22,22,129239,0
OOMA.US,60,20210617,160000,22,22.345,22,22.19,11330,0
OOMA.US,60,20210617,170000,22.1,22.23,21.95,22.09,15967,0
OOMA.US,60,20210617,180000,22.09,22.4,22.01,22.35,15556,0
OOMA.US,60,20210617,190000,22.3,22.3,22.05,22.16,11564,0
OOMA.US,60,20210617,200000,22.22,22.39,22.1641,22.23,20120,0
OOMA.US,60,20210617,210000,22.225,22.33,22.115,22.115,11194,0
OOMA.US,60,20210617,220000,22.12,22.12,21.84,21.86,79112,0
OOMA.US,60,20210618,160000,21.32,22,21.12,21.85,55041,0
OOMA.US,60,20210618,170000,21.775,21.93,21.56,21.68,13356,0
OOMA.US,60,20210618,180000,21.73,22,21.7235,21.97,12219,0
OOMA.US,60,20210618,190000,21.97,22,21.88,21.88,11127,0
OOMA.US,60,20210618,200000,21.91,21.92,21.85,21.9,4522,0
OOMA.US,60,20210618,210000,21.86,21.87,21.58,21.605,13391,0
OOMA.US,60,20210618,220000,21.625,21.68,21.31,21.5,276705,0
OOMA.US,60,20210621,160000,21.66,21.75,21.2515,21.42,11233,0
OOMA.US,60,20210621,170000,21.46,21.5,21.33,21.35,25025,0
OOMA.US,60,20210621,180000,21.35,21.58,21.33,21.55,11669,0
OOMA.US,60,20210621,190000,21.5,21.59,21.48,21.56,10758,0
OOMA.US,60,20210621,200000,21.55,21.629,21.5,21.615,12965,0
OOMA.US,60,20210621,210000,21.615,21.615,21.42,21.45,19518,0
OOMA.US,60,20210621,220000,21.425,21.44,21.17,21.26,166491,0
OOMA.US,60,20210622,160000,21.11,21.25,20.93,21.02,6620,0
OOMA.US,60,20210622,170000,21,21.05,20.88,20.905,21170,0
OOMA.US,60,20210622,180000,20.905,20.95,20.82,20.865,16871,0
OOMA.US,60,20210622,190000,20.83,20.925,20.83,20.88,15631,0
OOMA.US,60,20210622,200000,20.87,20.98,20.85,20.96,14206,0
OOMA.US,60,20210622,210000,20.92,21.04,20.92,20.995,25889,0
OOMA.US,60,20210622,220000,20.995,21.09,20.95,20.95,93876,0
OOMA.US,60,20210623,160000,20.94,20.97,20.8,20.83,4305,0
OOMA.US,60,20210623,170000,20.83,20.86,20.72,20.72,8591,0
OOMA.US,60,20210623,180000,20.75,21.11,20.74,21,14448,0
OOMA.US,60,20210623,190000,20.96,21.06,20.955,20.97,5077,0
OOMA.US,60,20210623,200000,20.98,21.02,20.97,20.97,25564,0
OOMA.US,60,20210623,210000,21,21,20.79,20.9,7711,0
OOMA.US,60,20210623,220000,20.91,21.01,20.91,20.95,44292,0
OOMA.US,60,20210624,160000,21,21.28,21,21.07,6089,0
OOMA.US,60,20210624,170000,21.08,21.1299,20.9,20.9,16096,0
OOMA.US,60,20210624,180000,20.9,20.96,20.8,20.9,7677,0
OOMA.US,60,20210624,190000,20.88,20.985,20.88,20.95,16005,0
OOMA.US,60,20210624,200000,20.95,20.98,20.9,20.97,14132,0
OOMA.US,60,20210624,210000,20.97,20.9946,20.9,20.98,35745,0
OOMA.US,60,20210624,220000,20.985,20.99,20.86,20.94,61894,0
OOMA.US,60,20210625,160000,20.93,21.18,20.93,21.09,6028,0
OOMA.US,60,20210625,170000,21.105,21.1336,20.98,21.045,5096,0
OOMA.US,60,20210625,180000,21.045,21.145,20.95,21.08,12284,0
OOMA.US,60,20210625,190000,21.08,21.08,20.98,21,6892,0
OOMA.US,60,20210625,200000,21,21.0729,20.95,21,10446,0
OOMA.US,60,20210625,210000,20.98,21.02,20.91,21,10919,0
OOMA.US,60,20210625,220000,21.005,21.17,20.9,21.05,59343,0
OOMA.US,60,20210628,160000,21.08,21.4,20.78,20.93,6908,0
OOMA.US,60,20210628,170000,20.965,20.965,20.64,20.78,21544,0
OOMA.US,60,20210628,180000,20.78,20.8,20.7,20.7,7706,0
OOMA.US,60,20210628,190000,20.73,20.76,20.63,20.685,9892,0
OOMA.US,60,20210628,200000,20.69,20.69,20.41,20.56,26330,0
OOMA.US,60,20210628,210000,20.56,20.62,20.5,20.55,8791,0
OOMA.US,60,20210628,220000,20.556,20.556,20.25,20.31,43259,0
OOMA.US,60,20210629,160000,20.34,20.34,20.22,20.34,658,0
OOMA.US,60,20210629,170000,20.3,20.365,20.11,20.21,5220,0
OOMA.US,60,20210629,180000,20.13,20.21,20.12,20.21,7051,0
OOMA.US,60,20210629,190000,20.13,20.22,20.13,20.18,8579,0
OOMA.US,60,20210629,200000,20.18,20.2,20.11,20.14,8940,0
OOMA.US,60,20210629,210000,20.14,20.14,19.88,19.96,19927,0
OOMA.US,60,20210629,220000,20,20.15,19.95,20.05,43872,0
OOMA.US,60,20210630,160000,19.96,19.96,19.58,19.71,3341,0
OOMA.US,60,20210630,170000,19.73,19.74,19.46,19.5715,13696,0
OOMA.US,60,20210630,180000,19.57,19.62,18.84,18.86,106630,0
OOMA.US,60,20210630,190000,18.895,18.985,18.72,18.845,43032,0
OOMA.US,60,20210630,200000,18.845,19.12,18.7589,19.1088,23100,0
OOMA.US,60,20210630,210000,19.11,19.18,18.97,18.991,25684,0
OOMA.US,60,20210630,220000,18.95,18.95,18.84,18.86,56040,0
OOMA.US,60,20210701,160000,18.88,18.99,18.83,18.99,27459,0
OOMA.US,60,20210701,170000,18.93,18.9625,18.79,18.83,17701,0
OOMA.US,60,20210701,180000,18.875,18.99,18.85,18.86,40501,0
OOMA.US,60,20210701,190000,18.86,18.93,18.86,18.92,17488,0
OOMA.US,60,20210701,200000,18.91,18.94,18.8201,18.885,24112,0
OOMA.US,60,20210701,210000,18.885,18.98,18.87,18.925,65605,0
OOMA.US,60,20210701,220000,18.93,18.975,18.85,18.9,75933,0
OOMA.US,60,20210702,160000,18.95,18.95,18.785,18.84,3981,0
OOMA.US,60,20210702,170000,18.79,18.99,18.7561,18.905,32888,0
OOMA.US,60,20210702,180000,18.92,18.94,18.81,18.93,17968,0
OOMA.US,60,20210702,190000,18.93,19.27,18.9,19.19,19744,0
OOMA.US,60,20210702,200000,19.18,19.27,19.17,19.24,10598,0
OOMA.US,60,20210702,210000,19.255,19.57,19.1,19.53,89724,0
OOMA.US,60,20210702,220000,19.53,19.69,19.515,19.56,40844,0
OOMA.US,60,20210706,160000,19.39,19.63,19.37,19.63,5691,0
OOMA.US,60,20210706,170000,19.64,19.8,19.49,19.66,9571,0
OOMA.US,60,20210706,180000,19.66,19.76,19.6,19.65,5317,0
OOMA.US,60,20210706,190000,19.61,19.61,19.4,19.47,1462,0
OOMA.US,60,20210706,200000,19.47,19.52,19.47,19.48,1766,0
OOMA.US,60,20210706,210000,19.46,19.47,19.3,19.325,5617,0
OOMA.US,60,20210706,220000,19.32,19.42,19.28,19.31,36383,0
OOMA.US,60,20210707,160000,19.34,19.75,19.26,19.3,3590,0
OOMA.US,60,20210707,170000,19.16,19.16,18.75,18.81,10147,0
OOMA.US,60,20210707,180000,18.77,18.91,18.7401,18.85,5325,0
OOMA.US,60,20210707,190000,18.87,18.92,18.8,18.92,4324,0
OOMA.US,60,20210707,200000,18.84,18.87,18.7897,18.79,3467,0
OOMA.US,60,20210707,210000,18.8,18.83,18.66,18.71,9244,0
OOMA.US,60,20210707,220000,18.75,18.83,18.7,18.7,32811,0
OOMA.US,60,20210708,160000,18.48,18.48,18.125,18.25,7985,0
OOMA.US,60,20210708,170000,18.31,18.66,18.31,18.655,9337,0
OOMA.US,60,20210708,180000,18.655,18.81,18.56,18.8,8775,0
OOMA.US,60,20210708,190000,18.83,18.93,18.77,18.88,8454,0
OOMA.US,60,20210708,200000,18.865,18.89,18.815,18.83,2820,0
OOMA.US,60,20210708,210000,18.8,18.81,18.65,18.69,5870,0
OOMA.US,60,20210708,220000,18.7,18.73,18.535,18.61,23512,0
OOMA.US,60,20210709,160000,18.71,18.74,18.69,18.69,627,0
OOMA.US,60,20210709,170000,18.72,18.78,18.61,18.78,5025,0
OOMA.US,60,20210709,180000,18.88,18.93,18.81,18.83,1996,0
OOMA.US,60,20210709,190000,18.81,18.85,18.78,18.815,2032,0
OOMA.US,60,20210709,200000,18.84,18.85,18.73,18.76,6423,0
OOMA.US,60,20210709,210000,18.78,18.88,18.77,18.81,11728,0
OOMA.US,60,20210709,220000,18.78,18.885,18.62,18.64,64009,0
