<TICKER>,<PER>,<DATE>,<TIME>,<OPEN>,<HIGH>,<LOW>,<CLOSE>,<VOL>,<OPENINT>
PGM.US,60,20200914,170000,45.81,45.81,45.8001,45.8001,290,0
PGM.US,60,20200914,190000,47.33,47.33,47.3299,47.3299,500,0
PGM.US,60,20200914,200000,45.79,45.79,45.79,45.79,200,0
PGM.US,60,20200914,210000,46.66,46.66,46.66,46.66,225,0
PGM.US,60,20200916,160000,49.52,49.52,49.52,49.52,100,0
PGM.US,60,20200916,180000,48.72,48.72,48.72,48.72,100,0
PGM.US,60,20200916,220000,48,48,48,48,100,0
PGM.US,60,20200917,160000,45.23,45.23,45.23,45.23,300,0
PGM.US,60,20200917,170000,45.6,45.6,45.6,45.6,100,0
PGM.US,60,20200917,190000,45.05,45.05,44.96,44.96,800,0
PGM.US,60,20200921,180000,42.3,42.3,41.42,41.59,1323,0
PGM.US,60,20200921,190000,42.2699,42.2699,42.2699,42.2699,100,0
PGM.US,60,20200923,200000,40.7,40.7,40.66,40.66,229,0
PGM.US,60,20200923,220000,39.64,40.0756,39.62,39.6201,759,0
PGM.US,60,20200924,180000,39.92,39.92,39.92,39.92,100,0
PGM.US,60,20200924,190000,40.44,40.44,40.14,40.14,300,0
PGM.US,60,20200924,200000,40.41,40.41,40.41,40.41,100,0
PGM.US,60,20200925,160000,40.48,40.48,40.48,40.48,125,0
PGM.US,60,20200925,170000,40.75,40.75,40.75,40.75,300,0
PGM.US,60,20200928,160000,42.85,42.91,41.089,41.15,4698,0
PGM.US,60,20200928,170000,41.4091,41.96,41.4091,41.96,500,0
PGM.US,60,20200928,210000,42.4,42.41,42.39,42.41,800,0
PGM.US,60,20200929,160000,43.22,43.22,41.61,42.16,1800,0
PGM.US,60,20200929,210000,41.8,41.8,41.8,41.8,114,0
PGM.US,60,20201001,160000,44.02,44.57,42.19,43.21,4400,0
PGM.US,60,20201001,170000,43.09,43.09,42.4301,42.4301,320,0
PGM.US,60,20201005,210000,42.35,42.423,42.2,42.423,400,0
PGM.US,60,20201012,170000,42.83,42.83,42.83,42.83,235,0
PGM.US,60,20201030,150000,41.1,41.1,41.1,41.1,165,0
PGM.US,60,20201030,160000,40.55,40.6,40.55,40.6,600,0
PGM.US,60,20201030,170000,40.47,40.5,40.47,40.5,450,0
PGM.US,60,20201102,180000,41.2783,41.2783,41.2783,41.2783,150,0
PGM.US,60,20201104,190000,41.1684,41.1684,41.1684,41.1684,322,0
PGM.US,60,20201106,170000,41.607,43.17,41.607,42.4,3526,0
PGM.US,60,20201106,220000,42.845,42.845,42.845,42.845,120,0
PGM.US,60,20201109,180000,41.4582,41.4582,41.01,41.01,200,0
PGM.US,60,20201109,190000,41.02,41.02,41,41,1500,0
PGM.US,60,20201110,210000,41.57,42,41.57,42,420,0
PGM.US,60,20201113,170000,43.153,43.153,43.153,43.153,309,0
PGM.US,60,20201113,190000,43.1,43.1,43.1,43.1,100,0
PGM.US,60,20201116,170000,43.2761,43.2761,43.2761,43.2761,100,0
PGM.US,60,20201123,160000,46.32,46.32,45.2,45.2,436,0
PGM.US,60,20201127,170000,45.12,46.62,45.12,46.375,1634,0
PGM.US,60,20201127,190000,46.5,46.5,46.5,46.5,100,0
PGM.US,60,20201127,200000,46.5605,46.5605,46.5605,46.5605,0,0
PGM.US,60,20201127,220000,46.5605,46.5605,46.5605,46.5605,0,0
PGM.US,60,20201130,160000,47.73,47.75,47.14,47.5,800,0
PGM.US,60,20201201,220000,48.92,48.92,47.28,48.1,600,0
PGM.US,60,20201203,180000,48.63,48.63,48.63,48.63,100,0
PGM.US,60,20201203,190000,50.5,51.47,50.48,51.05,2100,0
PGM.US,60,20201203,220000,49.32,50.97,49.32,50.97,557,0
PGM.US,60,20201204,160000,52.55,52.55,51.18,51.18,3500,0
PGM.US,60,20201204,170000,51.17,51.17,49.8813,50.78,1435,0
PGM.US,60,20201204,190000,50.48,50.56,50.48,50.56,900,0
PGM.US,60,20201204,220000,50.355,50.355,50.355,50.355,100,0
PGM.US,60,20201207,160000,50.44,50.44,50.03,50.03,500,0
PGM.US,60,20201207,190000,51.1198,51.1198,51.1198,51.1198,100,0
PGM.US,60,20201207,220000,49.0602,49.0602,49.06,49.06,383,0
PGM.US,60,20201209,160000,50.56,50.66,50.07,50.07,1000,0
PGM.US,60,20201209,170000,48.74,48.75,48.65,48.69,1100,0
PGM.US,60,20201209,200000,47.4855,48.02,47.4855,48.02,775,0
PGM.US,60,20201210,180000,49.82,49.83,49.77,49.82,669,0
PGM.US,60,20201210,200000,48.7501,48.7501,48.7501,48.7501,123,0
PGM.US,60,20201210,210000,50.325,50.325,50.325,50.325,100,0
PGM.US,60,20201211,160000,49.51,50.18,49.14,50.18,650,0
PGM.US,60,20201211,170000,48.58,48.58,48.58,48.58,300,0
PGM.US,60,20201214,160000,49.53,49.53,49.53,49.53,100,0
PGM.US,60,20201214,190000,48.33,48.33,48.33,48.33,100,0
PGM.US,60,20201214,210000,48.33,48.33,48.33,48.33,250,0
PGM.US,60,20201215,180000,49.5666,49.5666,49.5666,49.5666,100,0
PGM.US,60,20201215,210000,50.38,50.38,50.38,50.38,196,0
PGM.US,60,20201216,180000,48.76,48.76,48.76,48.76,196,0
PGM.US,60,20201217,220000,49.6328,51.28,49.51,51.28,867,0
PGM.US,60,20201221,160000,48.64,48.64,48.079,48.079,200,0
PGM.US,60,20201222,170000,49.35,49.36,48.438,48.438,2119,0
PGM.US,60,20201224,200000,48.953,48.953,48.953,48.953,0,0
PGM.US,60,20201224,220000,48.953,48.953,48.953,48.953,0,0
PGM.US,60,20201229,160000,50.81,50.81,50.68,50.68,1100,0
PGM.US,60,20201230,170000,49.48,51.74,49.45,51.74,600,0
PGM.US,60,20201230,180000,51.3673,51.3673,51.3673,51.3673,100,0
PGM.US,60,20210106,210000,52.84,52.84,52.84,52.84,200,0
PGM.US,60,20210107,160000,54.02,54.02,54.02,54.02,100,0
PGM.US,60,20210107,210000,52.97,52.97,52.97,52.97,200,0
PGM.US,60,20210107,220000,53.83,53.83,53.83,53.83,200,0
PGM.US,60,20210108,170000,52,52,52,52,100,0
PGM.US,60,20210108,190000,50.973,50.973,50.973,50.973,100,0
PGM.US,60,20210112,220000,49.37,50.09,49.37,50.09,200,0
PGM.US,60,20210113,170000,51.9,51.9,51.9,51.9,100,0
PGM.US,60,20210114,180000,52.825,52.825,52.825,52.825,480,0
PGM.US,60,20210120,160000,52.75,53.74,52.66,52.66,400,0
PGM.US,60,20210120,180000,53.2114,53.2114,53.2114,53.2114,100,0
PGM.US,60,20210122,220000,53.85,53.85,53.45,53.45,300,0
PGM.US,60,20210125,180000,52.54,52.54,52.54,52.54,100,0
PGM.US,60,20210125,210000,52.555,52.555,52.555,52.555,100,0
PGM.US,60,20210126,170000,52.35,52.35,52.35,52.35,100,0
PGM.US,60,20210126,180000,52.2,52.2,52.2,52.2,100,0
PGM.US,60,20210126,190000,52,52,52,52,200,0
PGM.US,60,20210127,220000,53.28,53.3,51.32,51.32,918,0
PGM.US,60,20210201,170000,54.5507,54.5507,54.3999,54.3999,300,0
PGM.US,60,20210201,190000,54.6843,54.6843,54.6843,54.6843,100,0
PGM.US,60,20210201,200000,54.59,54.63,54.5572,54.5572,1696,0
PGM.US,60,20210201,220000,54.7,54.7,54.7,54.7,112,0
PGM.US,60,20210202,160000,54.73,54.73,54.73,54.73,106,0
PGM.US,60,20210202,180000,53.74,53.78,53.74,53.78,200,0
PGM.US,60,20210202,200000,52.54,52.54,52.54,52.54,100,0
PGM.US,60,20210204,180000,52.592,52.592,52.592,52.592,100,0
PGM.US,60,20210205,190000,54,54,54,54,100,0
PGM.US,60,20210205,210000,54.9,54.9,54.9,54.9,100,0
PGM.US,60,20210208,160000,57.31,57.47,55.415,55.415,893,0
PGM.US,60,20210208,170000,55.5189,55.9,55.5189,55.9,400,0
PGM.US,60,20210208,200000,56.4799,56.4799,56.4799,56.4799,100,0
PGM.US,60,20210208,220000,55.62,55.62,55.62,55.62,277,0
PGM.US,60,20210210,160000,59.51,59.51,59,59,732,0
PGM.US,60,20210210,170000,59,59,58.8175,58.8175,200,0
PGM.US,60,20210210,200000,59.87,60.53,59.4977,60.53,300,0
PGM.US,60,20210211,180000,59.2,59.2,59.2,59.2,155,0
PGM.US,60,20210211,190000,60,60,60,60,100,0
PGM.US,60,20210216,160000,60,61,60,61,400,0
PGM.US,60,20210216,170000,61,61,61,61,1862,0
PGM.US,60,20210216,180000,61.25,61.25,61.25,61.25,200,0
PGM.US,60,20210216,190000,61.23,61.6,61.23,61.6,200,0
PGM.US,60,20210216,210000,61,61,61,61,100,0
PGM.US,60,20210217,170000,60.72,60.72,60.72,60.72,400,0
PGM.US,60,20210217,200000,60.3296,60.3296,60.3296,60.3296,1500,0
PGM.US,60,20210218,160000,62.39,62.39,62.34,62.38,300,0
PGM.US,60,20210218,170000,61.36,61.78,61.35,61.35,800,0
PGM.US,60,20210218,180000,62.05,62.05,60.13,60.13,200,0
PGM.US,60,20210218,190000,60.09,60.09,60.09,60.09,149,0
PGM.US,60,20210218,220000,61.335,61.335,61.335,61.335,100,0
PGM.US,60,20210219,160000,62,62,62,62,320,0
PGM.US,60,20210219,200000,62.31,62.31,62.31,62.31,160,0
PGM.US,60,20210222,160000,62.49,62.49,62.49,62.49,100,0
PGM.US,60,20210222,200000,61.25,61.25,61.25,61.25,100,0
PGM.US,60,20210223,170000,57.73,57.73,57.73,57.73,200,0
PGM.US,60,20210223,200000,59.6696,59.6696,59.6696,59.6696,100,0
PGM.US,60,20210223,220000,60.18,60.18,60.18,60.18,600,0
PGM.US,60,20210226,160000,57.6805,57.6805,57.6805,57.6805,300,0
PGM.US,60,20210226,190000,56,56,56,56,100,0
PGM.US,60,20210226,210000,55.69,55.699,55.69,55.699,1525,0
PGM.US,60,20210301,190000,57.8,57.8,57.8,57.8,100,0
PGM.US,60,20210304,160000,54.48,54.48,54.48,54.48,200,0
PGM.US,60,20210305,170000,52.98,52.98,52.98,52.98,100,0
PGM.US,60,20210305,180000,52.25,52.5112,52.25,52.5112,248,0
PGM.US,60,20210308,170000,53.451,53.451,53.451,53.451,300,0
PGM.US,60,20210308,200000,53.86,53.86,53.86,53.86,150,0
PGM.US,60,20210310,210000,57.2246,57.2246,57.2246,57.2246,108,0
PGM.US,60,20210311,180000,56.5,56.5,56.5,56.5,145,0
PGM.US,60,20210312,190000,57.99,57.99,57.99,57.99,100,0
PGM.US,60,20210315,170000,56.32,56.32,56.32,56.32,100,0
PGM.US,60,20210315,180000,56.44,56.44,56.3,56.32,800,0
PGM.US,60,20210316,210000,57.705,57.705,57.705,57.705,100,0
PGM.US,60,20210317,190000,57.7096,57.7096,57.7096,57.7096,172,0
PGM.US,60,20210317,200000,57.71,57.71,57.71,57.71,139,0
PGM.US,60,20210319,210000,59.03,59.03,58.13,58.13,300,0
PGM.US,60,20210329,160000,55.87,57,54.71,57,810,0
PGM.US,60,20210401,170000,56,57.98,56,57.98,700,0
PGM.US,60,20210401,200000,57.99,57.99,57.99,57.99,150,0
PGM.US,60,20210401,220000,56.61,56.61,56.61,56.61,100,0
PGM.US,60,20210405,190000,56.29,56.895,56.29,56.895,500,0
PGM.US,60,20210405,200000,57.01,57.01,57.01,57.01,175,0
PGM.US,60,20210405,210000,57.3016,57.3016,57.3016,57.3016,450,0
PGM.US,60,20210409,170000,57.67,58.1018,56.515,57.44,4078,0
PGM.US,60,20210409,220000,56.8701,56.8701,56.8701,56.8701,100,0
PGM.US,60,20210412,160000,56.197,56.685,55.6061,56.2037,3891,0
PGM.US,60,20210412,220000,55.26,55.515,55.26,55.515,270,0
PGM.US,60,20210416,160000,55.72,57.37,55.3,57,911,0
PGM.US,60,20210416,200000,57.37,57.37,57.37,57.37,100,0
PGM.US,60,20210419,170000,57.51,57.51,57.51,57.51,160,0
PGM.US,60,20210421,160000,56.57,57.7703,55.915,57.08,2598,0
PGM.US,60,20210421,170000,57.29,58.1,57.11,57.5699,2400,0
PGM.US,60,20210421,220000,58.47,58.47,57.81,57.8101,1493,0
PGM.US,60,20210423,160000,57.8076,59.14,56.675,59.14,7119,0
PGM.US,60,20210423,180000,58.55,58.55,58.5499,58.5499,400,0
PGM.US,60,20210426,160000,58.67,59.145,57.435,58.2924,4598,0
PGM.US,60,20210426,220000,59.23,59.23,59.23,59.23,200,0
PGM.US,60,20210427,160000,59.34,59.7062,58.641,59.3,4002,0
PGM.US,60,20210427,180000,59.69,60.1326,59.6826,60.1326,2600,0
PGM.US,60,20210428,160000,57.56,58.634,57.39,58.255,3610,0
PGM.US,60,20210429,170000,58,58,56.2699,56.31,1598,0
PGM.US,60,20210503,220000,58.49,58.49,58.49,58.49,290,0
PGM.US,60,20210504,160000,58.4,61.27,58.4,60.8,1800,0
PGM.US,60,20210504,170000,60.38,60.38,60.38,60.38,200,0
PGM.US,60,20210504,190000,58.6,58.6,58.6,58.6,100,0
PGM.US,60,20210504,210000,58.47,58.47,58.37,58.37,200,0
PGM.US,60,20210504,220000,58.25,58.25,58.25,58.25,112,0
PGM.US,60,20210505,160000,59.88,59.88,58.2001,58.2001,999,0
PGM.US,60,20210505,170000,58.47,58.47,58.47,58.47,100,0
PGM.US,60,20210507,190000,59.33,60,59.33,60,1000,0
PGM.US,60,20210507,200000,59.41,59.5027,59.41,59.455,800,0
PGM.US,60,20210512,170000,60.01,60.14,57.408,58.61,6168,0
PGM.US,60,20210512,220000,57.49,57.49,56.41,56.41,1000,0
PGM.US,60,20210513,160000,57.67,57.77,57.4,57.4,400,0
PGM.US,60,20210514,170000,57.71,58.55,57.34,57.57,2134,0
PGM.US,60,20210518,160000,58.59,58.6,56.167,57.65,1200,0
PGM.US,60,20210518,170000,57.66,58,57.65,57.8561,501,0
PGM.US,60,20210518,190000,58.07,58.07,58.07,58.07,100,0
PGM.US,60,20210520,160000,54.73,55.86,54.73,55.86,350,0
PGM.US,60,20210524,170000,57.16,57.16,55.073,55.6924,3123,0
PGM.US,60,20210525,160000,56.18,56.18,56.1,56.1,397,0
PGM.US,60,20210525,180000,56.23,56.2362,56.23,56.2362,600,0
PGM.US,60,20210525,190000,56.15,56.2362,56.15,56.2362,1202,0
PGM.US,60,20210527,160000,56.85,56.85,55.4499,55.4499,1400,0
PGM.US,60,20210527,170000,55.48,55.65,55.4562,55.64,542,0
PGM.US,60,20210608,160000,54.58,54.6,54.58,54.59,1015,0
PGM.US,60,20210614,220000,54.95,55.33,54.43,55.33,559,0
PGM.US,60,20210617,200000,50,50,50,50,500,0
PGM.US,60,20210621,220000,49.85,49.85,49.85,49.85,500,0
PGM.US,60,20210701,160000,52.74,52.74,50.7,50.7,500,0
PGM.US,60,20210706,170000,52.03,52.03,52.03,52.03,200,0
PGM.US,60,20210706,220000,51.29,51.29,51.29,51.29,172,0
PGM.US,60,20210707,180000,51.195,51.195,51.195,51.195,150,0
