<TICKER>,<PER>,<DATE>,<TIME>,<OPEN>,<HIGH>,<LOW>,<CLOSE>,<VOL>,<OPENINT>
PHK.US,60,20200914,160000,5.3763,5.3861,5.3664,5.3708,42212,0
PHK.US,60,20200914,170000,5.3713,5.3763,5.3664,5.3678,44654,0
PHK.US,60,20200914,180000,5.3713,5.3763,5.3565,5.3615,83188,0
PHK.US,60,20200914,190000,5.3615,5.3664,5.3565,5.3633,59228,0
PHK.US,60,20200914,200000,5.3603,5.3664,5.3565,5.3598,34538,0
PHK.US,60,20200914,210000,5.3565,5.3664,5.3374,5.3551,97428,0
PHK.US,60,20200914,220000,5.3517,5.3763,5.3517,5.3763,42475,0
PHK.US,60,20200915,160000,5.3861,5.3861,5.3664,5.3763,22573,0
PHK.US,60,20200915,170000,5.3855,5.3855,5.3565,5.372,51870,0
PHK.US,60,20200915,180000,5.3763,5.3763,5.3664,5.3713,21543,0
PHK.US,60,20200915,190000,5.3688,5.3763,5.3664,5.3713,14998,0
PHK.US,60,20200915,200000,5.3763,5.3763,5.3565,5.3615,105877,0
PHK.US,60,20200915,210000,5.3607,5.3662,5.3467,5.3517,25528,0
PHK.US,60,20200915,220000,5.3565,5.3763,5.3271,5.3763,80561,0
PHK.US,60,20200916,160000,5.3565,5.3763,5.3542,5.3763,26814,0
PHK.US,60,20200916,170000,5.3623,5.3763,5.3565,5.3566,30806,0
PHK.US,60,20200916,180000,5.3565,5.3763,5.3565,5.3763,51342,0
PHK.US,60,20200916,190000,5.3688,5.3763,5.3583,5.3615,23124,0
PHK.US,60,20200916,200000,5.3565,5.3763,5.3419,5.3565,87565,0
PHK.US,60,20200916,210000,5.3565,5.3861,5.3565,5.3861,36916,0
PHK.US,60,20200916,220000,5.3804,5.3861,5.3662,5.3763,54229,0
PHK.US,60,20200917,160000,5.3271,5.3565,5.3083,5.3467,49517,0
PHK.US,60,20200917,170000,5.3565,5.3763,5.35,5.3743,20062,0
PHK.US,60,20200917,180000,5.3666,5.3763,5.3565,5.3694,39269,0
PHK.US,60,20200917,190000,5.3713,5.3763,5.3467,5.3634,72102,0
PHK.US,60,20200917,200000,5.3643,5.3664,5.3565,5.3565,20292,0
PHK.US,60,20200917,210000,5.3565,5.3763,5.3517,5.3762,18347,0
PHK.US,60,20200917,220000,5.3664,5.3861,5.3608,5.3861,76335,0
PHK.US,60,20200918,160000,5.3861,5.3959,5.3705,5.3763,62317,0
PHK.US,60,20200918,170000,5.386,5.4005,5.386,5.3938,19642,0
PHK.US,60,20200918,180000,5.391,5.3959,5.3861,5.3862,28858,0
PHK.US,60,20200918,190000,5.3823,5.3959,5.3764,5.3822,44584,0
PHK.US,60,20200918,200000,5.3763,5.4057,5.3698,5.3785,81616,0
PHK.US,60,20200918,210000,5.3797,5.3959,5.378,5.3912,22995,0
PHK.US,60,20200918,220000,5.3936,5.4057,5.3861,5.3959,42850,0
PHK.US,60,20200921,160000,5.3467,5.3565,5.3173,5.3222,66033,0
PHK.US,60,20200921,170000,5.3222,5.3271,5.2878,5.2928,86288,0
PHK.US,60,20200921,180000,5.2878,5.3271,5.2878,5.3205,66084,0
PHK.US,60,20200921,190000,5.3173,5.3271,5.2976,5.2976,36442,0
PHK.US,60,20200921,200000,5.2985,5.3138,5.2976,5.3075,47778,0
PHK.US,60,20200921,210000,5.3075,5.3369,5.2878,5.3075,99576,0
PHK.US,60,20200921,220000,5.3025,5.3173,5.2878,5.3173,57710,0
PHK.US,60,20200922,160000,5.3332,5.3491,5.3332,5.3467,6620,0
PHK.US,60,20200922,170000,5.3405,5.3467,5.3173,5.3271,51161,0
PHK.US,60,20200922,180000,5.3425,5.3425,5.3271,5.3364,40232,0
PHK.US,60,20200922,190000,5.3321,5.3467,5.3271,5.3369,54256,0
PHK.US,60,20200922,200000,5.3467,5.3565,5.3369,5.3467,28322,0
PHK.US,60,20200922,210000,5.3467,5.3467,5.3369,5.3369,59889,0
PHK.US,60,20200922,220000,5.342,5.3565,5.3271,5.3565,113755,0
PHK.US,60,20200923,160000,5.4057,5.4057,5.3763,5.3783,82533,0
PHK.US,60,20200923,170000,5.3834,5.3849,5.3664,5.3723,41903,0
PHK.US,60,20200923,180000,5.3634,5.3664,5.3192,5.3192,25163,0
PHK.US,60,20200923,190000,5.3173,5.3271,5.2878,5.3222,96270,0
PHK.US,60,20200923,200000,5.3189,5.3467,5.3173,5.327,46577,0
PHK.US,60,20200923,210000,5.3208,5.3334,5.3075,5.3255,28969,0
PHK.US,60,20200923,220000,5.3174,5.3174,5.2878,5.2976,90033,0
PHK.US,60,20200924,160000,5.2878,5.2878,5.2386,5.2613,85808,0
PHK.US,60,20200924,170000,5.2632,5.2878,5.2583,5.2632,47928,0
PHK.US,60,20200924,180000,5.2634,5.2681,5.2489,5.2677,28798,0
PHK.US,60,20200924,190000,5.2583,5.2681,5.2386,5.2534,44730,0
PHK.US,60,20200924,200000,5.2534,5.278,5.2534,5.2681,31198,0
PHK.US,60,20200924,210000,5.2681,5.2878,5.2681,5.2681,39021,0
PHK.US,60,20200924,220000,5.2744,5.2878,5.2583,5.278,39079,0
PHK.US,60,20200925,160000,5.2632,5.278,5.2632,5.2681,11077,0
PHK.US,60,20200925,170000,5.2534,5.2534,5.2092,5.2287,71000,0
PHK.US,60,20200925,180000,5.2239,5.2484,5.2105,5.2484,75011,0
PHK.US,60,20200925,190000,5.2399,5.2484,5.2288,5.2387,82647,0
PHK.US,60,20200925,200000,5.2436,5.278,5.2386,5.2584,94926,0
PHK.US,60,20200925,210000,5.2618,5.2632,5.2386,5.2436,70783,0
PHK.US,60,20200925,220000,5.2459,5.2484,5.2288,5.2386,65439,0
PHK.US,60,20200928,160000,5.2681,5.278,5.2583,5.2681,34088,0
PHK.US,60,20200928,170000,5.2643,5.2681,5.2584,5.2681,59045,0
PHK.US,60,20200928,180000,5.2632,5.2681,5.2484,5.2681,83313,0
PHK.US,60,20200928,190000,5.2681,5.2976,5.2681,5.2957,34364,0
PHK.US,60,20200928,200000,5.2976,5.2976,5.2878,5.2927,25765,0
PHK.US,60,20200928,210000,5.2927,5.2927,5.2583,5.2681,40926,0
PHK.US,60,20200928,220000,5.2681,5.2878,5.2602,5.2878,29878,0
PHK.US,60,20200929,160000,5.2878,5.3173,5.2781,5.3075,37695,0
PHK.US,60,20200929,170000,5.3075,5.3467,5.3075,5.3326,91051,0
PHK.US,60,20200929,180000,5.3326,5.3615,5.3271,5.3615,53860,0
PHK.US,60,20200929,190000,5.3566,5.3763,5.3467,5.3664,95535,0
PHK.US,60,20200929,200000,5.3713,5.3763,5.3565,5.3728,18647,0
PHK.US,60,20200929,210000,5.3713,5.3861,5.3664,5.3811,44931,0
PHK.US,60,20200929,220000,5.3813,5.3813,5.3664,5.3664,25401,0
PHK.US,60,20200930,160000,5.3763,5.3861,5.3675,5.3861,17760,0
PHK.US,60,20200930,170000,5.3811,5.3959,5.3763,5.3944,61318,0
PHK.US,60,20200930,180000,5.391,5.3959,5.3763,5.3811,23407,0
PHK.US,60,20200930,190000,5.3763,5.3861,5.3763,5.3763,13855,0
PHK.US,60,20200930,200000,5.3821,5.4057,5.3763,5.4057,34262,0
PHK.US,60,20200930,210000,5.4057,5.4156,5.4056,5.4057,81398,0
PHK.US,60,20200930,220000,5.4106,5.4106,5.3763,5.3763,107808,0
PHK.US,60,20201001,160000,5.4352,5.4352,5.4204,5.4303,71285,0
PHK.US,60,20201001,170000,5.4254,5.443,5.4106,5.4224,71090,0
PHK.US,60,20201001,180000,5.4156,5.4352,5.3899,5.3899,49081,0
PHK.US,60,20201001,190000,5.3959,5.4057,5.3861,5.3959,29984,0
PHK.US,60,20201001,200000,5.3959,5.3959,5.3861,5.391,27864,0
PHK.US,60,20201001,210000,5.3875,5.4055,5.3861,5.4008,39185,0
PHK.US,60,20201001,220000,5.4008,5.4057,5.3959,5.4057,73138,0
PHK.US,60,20201002,160000,5.3173,5.3565,5.3123,5.3467,92004,0
PHK.US,60,20201002,170000,5.3517,5.3959,5.349,5.384,95258,0
PHK.US,60,20201002,180000,5.3861,5.3959,5.3763,5.391,26857,0
PHK.US,60,20201002,190000,5.3861,5.4254,5.3827,5.4204,62963,0
PHK.US,60,20201002,200000,5.4254,5.4352,5.3861,5.4254,108726,0
PHK.US,60,20201002,210000,5.4352,5.445,5.4057,5.4203,54330,0
PHK.US,60,20201002,220000,5.4254,5.4254,5.4057,5.4254,40695,0
PHK.US,60,20201005,160000,5.445,5.45,5.4057,5.4156,143188,0
PHK.US,60,20201005,170000,5.42,5.4352,5.3959,5.4219,99676,0
PHK.US,60,20201005,180000,5.4157,5.4303,5.4077,5.4254,41447,0
PHK.US,60,20201005,190000,5.4331,5.4352,5.4204,5.4254,44692,0
PHK.US,60,20201005,200000,5.4219,5.4352,5.4157,5.4275,62295,0
PHK.US,60,20201005,210000,5.4254,5.4548,5.4156,5.4254,102642,0
PHK.US,60,20201005,220000,5.4156,5.4254,5.4057,5.4254,92551,0
PHK.US,60,20201006,160000,5.4254,5.4254,5.3959,5.4206,84536,0
PHK.US,60,20201006,170000,5.4254,5.4352,5.4057,5.4255,130857,0
PHK.US,60,20201006,180000,5.4254,5.4352,5.4254,5.4254,19658,0
PHK.US,60,20201006,190000,5.4254,5.4352,5.4254,5.4291,60878,0
PHK.US,60,20201006,200000,5.4303,5.4352,5.4008,5.4008,120070,0
PHK.US,60,20201006,210000,5.4008,5.4057,5.3811,5.3811,57794,0
PHK.US,60,20201006,220000,5.3812,5.3861,5.3271,5.3664,144037,0
PHK.US,60,20201007,160000,5.4057,5.4352,5.4057,5.4254,67818,0
PHK.US,60,20201007,170000,5.4253,5.4254,5.4057,5.4156,54485,0
PHK.US,60,20201007,180000,5.4077,5.4352,5.4058,5.4204,30150,0
PHK.US,60,20201007,190000,5.4254,5.4352,5.4254,5.4254,49340,0
PHK.US,60,20201007,200000,5.4303,5.4352,5.4254,5.4306,45696,0
PHK.US,60,20201007,210000,5.4352,5.4352,5.4156,5.4254,13825,0
PHK.US,60,20201007,220000,5.4204,5.4254,5.4057,5.4156,36940,0
PHK.US,60,20201008,160000,5.4254,5.4254,5.4057,5.4057,24554,0
PHK.US,60,20201008,170000,5.4156,5.4234,5.4057,5.4106,64571,0
PHK.US,60,20201008,180000,5.4097,5.4156,5.4057,5.4106,30147,0
PHK.US,60,20201008,190000,5.4156,5.4253,5.4057,5.4204,44085,0
PHK.US,60,20201008,200000,5.4156,5.4204,5.4057,5.4106,42057,0
PHK.US,60,20201008,210000,5.4156,5.4352,5.4057,5.4254,64761,0
PHK.US,60,20201008,220000,5.4254,5.4352,5.4156,5.4254,75614,0
PHK.US,60,20201009,160000,5.4353,5.4353,5.4055,5.4172,47419,0
PHK.US,60,20201009,170000,5.4246,5.4275,5.4155,5.4255,35627,0
PHK.US,60,20201009,180000,5.4353,5.4353,5.4254,5.4303,32896,0
PHK.US,60,20201009,190000,5.4353,5.4625,5.4255,5.4601,77156,0
PHK.US,60,20201009,200000,5.4571,5.4601,5.4374,5.4405,46988,0
PHK.US,60,20201009,210000,5.4353,5.4353,5.4055,5.4288,88082,0
PHK.US,60,20201009,220000,5.4275,5.4275,5.4055,5.4155,27797,0
PHK.US,60,20201012,160000,5.4551,5.4551,5.4254,5.4452,65723,0
PHK.US,60,20201012,170000,5.4388,5.4651,5.4353,5.4462,106722,0
PHK.US,60,20201012,180000,5.4551,5.475,5.4551,5.469,51622,0
PHK.US,60,20201012,190000,5.4651,5.467,5.4452,5.465,85232,0
PHK.US,60,20201012,200000,5.4651,5.4651,5.4452,5.4551,68346,0
PHK.US,60,20201012,210000,5.4504,5.4551,5.4452,5.4502,88073,0
PHK.US,60,20201012,220000,5.4472,5.4551,5.4353,5.4452,41961,0
PHK.US,60,20201013,160000,5.4502,5.4551,5.4353,5.4452,66331,0
PHK.US,60,20201013,170000,5.4403,5.4651,5.4403,5.4621,72449,0
PHK.US,60,20201013,180000,5.4601,5.4651,5.4254,5.4353,77071,0
PHK.US,60,20201013,190000,5.4292,5.4353,5.4254,5.4303,43991,0
PHK.US,60,20201013,200000,5.4254,5.4353,5.4254,5.4266,46529,0
PHK.US,60,20201013,210000,5.4254,5.4452,5.4254,5.4354,43986,0
PHK.US,60,20201013,220000,5.4354,5.4354,5.4055,5.4353,79579,0
PHK.US,60,20201014,160000,5.4353,5.4452,5.4254,5.4353,23398,0
PHK.US,60,20201014,170000,5.4352,5.4353,5.4253,5.4254,31105,0
PHK.US,60,20201014,180000,5.4254,5.435,5.4174,5.423,37428,0
PHK.US,60,20201014,190000,5.4204,5.4254,5.4155,5.4202,16570,0
PHK.US,60,20201014,200000,5.4155,5.4155,5.3857,5.3907,81564,0
PHK.US,60,20201014,210000,5.3857,5.3944,5.3758,5.3857,25786,0
PHK.US,60,20201014,220000,5.3936,5.3956,5.3758,5.3956,58076,0
PHK.US,60,20201015,160000,5.356,5.3658,5.3064,5.356,45944,0
PHK.US,60,20201015,170000,5.346,5.346,5.3064,5.3242,60680,0
PHK.US,60,20201015,180000,5.325,5.356,5.3163,5.356,100102,0
PHK.US,60,20201015,190000,5.346,5.3758,5.3361,5.366,76704,0
PHK.US,60,20201015,200000,5.3679,5.3857,5.356,5.3708,77593,0
PHK.US,60,20201015,210000,5.3659,5.3708,5.346,5.3638,106155,0
PHK.US,60,20201015,220000,5.3659,5.3659,5.356,5.356,53937,0
PHK.US,60,20201016,160000,5.3758,5.3858,5.3659,5.3775,18490,0
PHK.US,60,20201016,170000,5.3688,5.3844,5.3659,5.3764,15729,0
PHK.US,60,20201016,180000,5.3758,5.3758,5.3262,5.3361,110572,0
PHK.US,60,20201016,190000,5.3368,5.346,5.3361,5.3411,12882,0
PHK.US,60,20201016,200000,5.3441,5.3459,5.3262,5.3361,32079,0
PHK.US,60,20201016,210000,5.34,5.346,5.3361,5.3361,37304,0
PHK.US,60,20201016,220000,5.3421,5.3421,5.3262,5.3262,40323,0
PHK.US,60,20201019,160000,5.3361,5.3411,5.3262,5.3411,33245,0
PHK.US,60,20201019,170000,5.3451,5.3451,5.3163,5.3262,66665,0
PHK.US,60,20201019,180000,5.3261,5.3262,5.3163,5.3253,18922,0
PHK.US,60,20201019,190000,5.3163,5.3262,5.3163,5.3163,24658,0
PHK.US,60,20201019,200000,5.3113,5.3163,5.2766,5.2845,67531,0
PHK.US,60,20201019,210000,5.2849,5.2865,5.2766,5.2845,19808,0
PHK.US,60,20201019,220000,5.2845,5.2864,5.1973,5.2171,177214,0
PHK.US,60,20201020,160000,5.2171,5.2667,5.2082,5.2667,65802,0
PHK.US,60,20201020,170000,5.2651,5.2865,5.2534,5.2667,63127,0
PHK.US,60,20201020,180000,5.2667,5.2766,5.247,5.2667,33869,0
PHK.US,60,20201020,190000,5.2716,5.2766,5.2667,5.2716,21484,0
PHK.US,60,20201020,200000,5.2766,5.2766,5.2369,5.2518,72266,0
PHK.US,60,20201020,210000,5.2568,5.2667,5.2369,5.2502,19476,0
PHK.US,60,20201020,220000,5.2507,5.2518,5.227,5.2419,116819,0
PHK.US,60,20201021,160000,5.2568,5.2617,5.2369,5.2616,27923,0
PHK.US,60,20201021,170000,5.2647,5.2865,5.2568,5.2766,50138,0
PHK.US,60,20201021,180000,5.2776,5.2865,5.2667,5.2716,21974,0
PHK.US,60,20201021,190000,5.2668,5.3361,5.2668,5.3163,99006,0
PHK.US,60,20201021,200000,5.3212,5.3212,5.2667,5.2766,23247,0
PHK.US,60,20201021,210000,5.2765,5.2766,5.2667,5.2667,43760,0
PHK.US,60,20201021,220000,5.2667,5.2766,5.2488,5.2667,126532,0
PHK.US,60,20201022,160000,5.2865,5.2865,5.2568,5.265,36026,0
PHK.US,60,20201022,170000,5.2617,5.2716,5.232,5.2518,98825,0
PHK.US,60,20201022,180000,5.2548,5.2766,5.2469,5.2765,16586,0
PHK.US,60,20201022,190000,5.2745,5.2766,5.2568,5.2641,13365,0
PHK.US,60,20201022,200000,5.2625,5.2964,5.2568,5.2915,52684,0
PHK.US,60,20201022,210000,5.2964,5.2964,5.2667,5.2808,63104,0
PHK.US,60,20201022,220000,5.2799,5.3113,5.2766,5.3064,60204,0
PHK.US,60,20201023,160000,5.2865,5.2964,5.2766,5.2816,49442,0
PHK.US,60,20201023,170000,5.2816,5.3064,5.2667,5.3019,71307,0
PHK.US,60,20201023,180000,5.2936,5.2964,5.2766,5.2915,36562,0
PHK.US,60,20201023,190000,5.2934,5.2964,5.2766,5.2945,18553,0
PHK.US,60,20201023,200000,5.2877,5.3064,5.2865,5.2865,15955,0
PHK.US,60,20201023,210000,5.2915,5.3064,5.2865,5.3063,21670,0
PHK.US,60,20201023,220000,5.2979,5.3064,5.2766,5.2766,61328,0
PHK.US,60,20201026,150000,5.2667,5.2765,5.2568,5.2667,25476,0
PHK.US,60,20201026,160000,5.2667,5.2865,5.2369,5.2424,69496,0
PHK.US,60,20201026,170000,5.239,5.2469,5.227,5.2451,45167,0
PHK.US,60,20201026,180000,5.2469,5.2568,5.227,5.227,50600,0
PHK.US,60,20201026,190000,5.2271,5.2349,5.1873,5.2121,108180,0
PHK.US,60,20201026,200000,5.2081,5.2568,5.1991,5.2419,72403,0
PHK.US,60,20201026,210000,5.2369,5.2469,5.227,5.2469,40201,0
PHK.US,60,20201027,150000,5.2469,5.2865,5.2369,5.2814,42518,0
PHK.US,60,20201027,160000,5.2807,5.2807,5.2171,5.2446,130089,0
PHK.US,60,20201027,170000,5.2449,5.3163,5.2419,5.2985,150661,0
PHK.US,60,20201027,180000,5.2965,5.3113,5.2865,5.2915,42678,0
PHK.US,60,20201027,190000,5.2915,5.3063,5.2865,5.2964,24799,0
PHK.US,60,20201027,200000,5.2985,5.3163,5.2766,5.3113,84228,0
PHK.US,60,20201027,210000,5.3113,5.3163,5.2766,5.2865,116344,0
PHK.US,60,20201028,150000,5.2469,5.2568,5.2369,5.2369,43933,0
PHK.US,60,20201028,160000,5.2341,5.2568,5.227,5.232,71244,0
PHK.US,60,20201028,170000,5.2335,5.2568,5.2291,5.2527,65621,0
PHK.US,60,20201028,180000,5.2568,5.2667,5.247,5.2501,32076,0
PHK.US,60,20201028,190000,5.2538,5.2617,5.2369,5.2567,95277,0
PHK.US,60,20201028,200000,5.2469,5.2615,5.2394,5.2518,41151,0
PHK.US,60,20201028,210000,5.2568,5.2667,5.2171,5.2171,98296,0
PHK.US,60,20201029,150000,5.2171,5.2469,5.2121,5.2369,26870,0
PHK.US,60,20201029,160000,5.2352,5.2568,5.227,5.2518,46737,0
PHK.US,60,20201029,170000,5.2469,5.2469,5.2369,5.2419,21998,0
PHK.US,60,20201029,180000,5.2419,5.2568,5.2369,5.2469,28900,0
PHK.US,60,20201029,190000,5.2504,5.2568,5.2072,5.2257,92595,0
PHK.US,60,20201029,200000,5.2216,5.2369,5.2171,5.225,25042,0
PHK.US,60,20201029,210000,5.2208,5.2469,5.2171,5.2469,81204,0
PHK.US,60,20201030,150000,5.2469,5.2469,5.227,5.2315,13230,0
PHK.US,60,20201030,160000,5.2295,5.2369,5.2072,5.2164,48267,0
PHK.US,60,20201030,170000,5.2121,5.2269,5.2072,5.2171,31612,0
PHK.US,60,20201030,180000,5.215,5.2369,5.2092,5.2356,29828,0
PHK.US,60,20201030,190000,5.227,5.2425,5.2171,5.2171,35624,0
PHK.US,60,20201030,200000,5.2171,5.227,5.2072,5.2121,41538,0
PHK.US,60,20201030,210000,5.2129,5.2369,5.2121,5.227,45101,0
PHK.US,60,20201102,160000,5.2568,5.2766,5.2369,5.2468,78763,0
PHK.US,60,20201102,170000,5.2469,5.2667,5.2369,5.2569,145956,0
PHK.US,60,20201102,180000,5.2617,5.2766,5.2569,5.2716,30373,0
PHK.US,60,20201102,190000,5.275,5.2865,5.2667,5.2816,52399,0
PHK.US,60,20201102,200000,5.2766,5.2865,5.2667,5.2865,55482,0
PHK.US,60,20201102,210000,5.2766,5.2865,5.2766,5.2806,29509,0
PHK.US,60,20201102,220000,5.2816,5.2865,5.2716,5.2865,18206,0
PHK.US,60,20201103,160000,5.3064,5.3312,5.2964,5.3312,28830,0
PHK.US,60,20201103,170000,5.3361,5.356,5.3312,5.3348,90191,0
PHK.US,60,20201103,180000,5.3361,5.3361,5.3163,5.3242,44125,0
PHK.US,60,20201103,190000,5.3199,5.3312,5.3163,5.3163,39495,0
PHK.US,60,20201103,200000,5.3212,5.3262,5.3113,5.3115,46429,0
PHK.US,60,20201103,210000,5.3153,5.3215,5.2964,5.3163,44824,0
PHK.US,60,20201103,220000,5.3204,5.3262,5.3064,5.3163,28898,0
PHK.US,60,20201104,160000,5.3163,5.3164,5.2865,5.2964,25779,0
PHK.US,60,20201104,170000,5.2871,5.3262,5.2865,5.3115,84294,0
PHK.US,60,20201104,180000,5.3113,5.3262,5.3064,5.3262,34911,0
PHK.US,60,20201104,190000,5.3262,5.346,5.3212,5.3411,71763,0
PHK.US,60,20201104,200000,5.346,5.356,5.3361,5.356,37282,0
PHK.US,60,20201104,210000,5.351,5.4155,5.3361,5.4055,168410,0
PHK.US,60,20201104,220000,5.4006,5.4452,5.3857,5.4254,187228,0
PHK.US,60,20201105,160000,5.4452,5.4452,5.3858,5.4254,83960,0
PHK.US,60,20201105,170000,5.4202,5.4452,5.4155,5.4452,67157,0
PHK.US,60,20201105,180000,5.4431,5.4452,5.4254,5.4254,25736,0
PHK.US,60,20201105,190000,5.4313,5.4353,5.4253,5.4303,71095,0
PHK.US,60,20201105,200000,5.4254,5.4353,5.4155,5.4303,43444,0
PHK.US,60,20201105,210000,5.4353,5.4353,5.4194,5.4254,27561,0
PHK.US,60,20201105,220000,5.4298,5.4452,5.4254,5.4254,63009,0
PHK.US,60,20201106,160000,5.4254,5.4303,5.4055,5.4254,31478,0
PHK.US,60,20201106,170000,5.4204,5.4254,5.4055,5.4105,50667,0
PHK.US,60,20201106,180000,5.4105,5.4155,5.4055,5.4102,18572,0
PHK.US,60,20201106,190000,5.4135,5.4155,5.3956,5.4006,48153,0
PHK.US,60,20201106,200000,5.4035,5.4155,5.3956,5.4006,42775,0
PHK.US,60,20201106,210000,5.4053,5.4055,5.3956,5.3956,18393,0
PHK.US,60,20201106,220000,5.3907,5.3956,5.3758,5.3857,70115,0
PHK.US,60,20201109,160000,5.4452,5.4564,5.4275,5.4275,26037,0
PHK.US,60,20201109,170000,5.4303,5.4551,5.4254,5.4482,73078,0
PHK.US,60,20201109,180000,5.4502,5.4551,5.4452,5.4502,76255,0
PHK.US,60,20201109,190000,5.4551,5.475,5.4497,5.4658,98044,0
PHK.US,60,20201109,200000,5.47,5.475,5.4452,5.4591,54808,0
PHK.US,60,20201109,210000,5.4651,5.475,5.4452,5.475,100778,0
PHK.US,60,20201109,220000,5.4719,5.4948,5.4472,5.4948,110653,0
PHK.US,60,20201110,160000,5.4551,5.4551,5.3659,5.3956,66922,0
PHK.US,60,20201110,170000,5.4012,5.4254,5.3758,5.3977,72725,0
PHK.US,60,20201110,180000,5.4054,5.4155,5.3956,5.4155,41167,0
PHK.US,60,20201110,190000,5.4055,5.4303,5.4055,5.4303,68449,0
PHK.US,60,20201110,200000,5.4303,5.4353,5.4155,5.4253,31589,0
PHK.US,60,20201110,210000,5.4246,5.4352,5.4155,5.4204,35200,0
PHK.US,60,20201110,220000,5.4204,5.429,5.3956,5.4055,68955,0
PHK.US,60,20201111,160000,5.3956,5.4154,5.3878,5.4105,56570,0
PHK.US,60,20201111,170000,5.4122,5.4254,5.4055,5.4203,66576,0
PHK.US,60,20201111,180000,5.4204,5.4353,5.4155,5.4303,56507,0
PHK.US,60,20201111,190000,5.4353,5.4353,5.4055,5.4155,66559,0
PHK.US,60,20201111,200000,5.4234,5.4254,5.4155,5.4204,23615,0
PHK.US,60,20201111,210000,5.4204,5.4452,5.4155,5.4403,50107,0
PHK.US,60,20201111,220000,5.4448,5.4551,5.4353,5.4551,35872,0
PHK.US,60,20201112,160000,5.4551,5.4551,5.4353,5.4452,38421,0
PHK.US,60,20201112,170000,5.4502,5.4551,5.4452,5.4551,43031,0
PHK.US,60,20201112,180000,5.4601,5.4651,5.4551,5.4601,42726,0
PHK.US,60,20201112,190000,5.4592,5.475,5.4551,5.4631,37988,0
PHK.US,60,20201112,200000,5.4551,5.475,5.4551,5.466,63673,0
PHK.US,60,20201112,210000,5.4651,5.475,5.4651,5.47,21277,0
PHK.US,60,20201112,220000,5.4749,5.4849,5.4651,5.475,86913,0
PHK.US,60,20201113,160000,5.475,5.4849,5.475,5.4848,33781,0
PHK.US,60,20201113,170000,5.4792,5.4948,5.475,5.4815,32796,0
PHK.US,60,20201113,180000,5.4809,5.4948,5.475,5.4849,58499,0
PHK.US,60,20201113,190000,5.4899,5.4948,5.4758,5.4906,58425,0
PHK.US,60,20201113,200000,5.4899,5.4947,5.475,5.4848,25627,0
PHK.US,60,20201113,210000,5.4799,5.4837,5.4651,5.4768,39042,0
PHK.US,60,20201113,220000,5.4828,5.5047,5.4751,5.5047,61669,0
PHK.US,60,20201116,160000,5.5047,5.594,5.5047,5.594,143362,0
PHK.US,60,20201116,170000,5.5896,5.6039,5.5146,5.5385,181335,0
PHK.US,60,20201116,180000,5.5366,5.5642,5.5047,5.528,221715,0
PHK.US,60,20201116,190000,5.5345,5.5443,5.5047,5.5146,63092,0
PHK.US,60,20201116,200000,5.5196,5.5642,5.5196,5.5578,106512,0
PHK.US,60,20201116,210000,5.5593,5.5742,5.5587,5.5692,48608,0
PHK.US,60,20201116,220000,5.5692,5.5742,5.5246,5.5345,87568,0
PHK.US,60,20201117,160000,5.5543,5.594,5.5454,5.5543,68900,0
PHK.US,60,20201117,170000,5.5603,5.6039,5.5543,5.5973,59566,0
PHK.US,60,20201117,180000,5.6039,5.6238,5.5743,5.5839,72513,0
PHK.US,60,20201117,190000,5.5742,5.5841,5.5642,5.5642,34749,0
PHK.US,60,20201117,200000,5.5642,5.5742,5.5543,5.5742,39210,0
PHK.US,60,20201117,210000,5.5642,5.5742,5.5543,5.5642,64782,0
PHK.US,60,20201117,220000,5.5559,5.5642,5.5345,5.5543,62571,0
PHK.US,60,20201118,160000,5.594,5.6224,5.5742,5.5841,79097,0
PHK.US,60,20201118,170000,5.593,5.6039,5.5841,5.599,92977,0
PHK.US,60,20201118,180000,5.599,5.6138,5.594,5.6089,55966,0
PHK.US,60,20201118,190000,5.6138,5.6337,5.6039,5.6138,118806,0
PHK.US,60,20201118,200000,5.6138,5.6143,5.6039,5.6039,68220,0
PHK.US,60,20201118,210000,5.6039,5.6138,5.5841,5.5841,41135,0
PHK.US,60,20201118,220000,5.589,5.6039,5.5742,5.594,83659,0
PHK.US,60,20201119,160000,5.594,5.6226,5.5742,5.6125,29663,0
PHK.US,60,20201119,170000,5.6087,5.6337,5.6039,5.6039,67464,0
PHK.US,60,20201119,180000,5.6039,5.6089,5.5841,5.5841,52454,0
PHK.US,60,20201119,190000,5.5841,5.6039,5.5841,5.5939,37314,0
PHK.US,60,20201119,200000,5.5921,5.599,5.5841,5.589,53292,0
PHK.US,60,20201119,210000,5.5841,5.599,5.5841,5.5841,32765,0
PHK.US,60,20201119,220000,5.5841,5.6039,5.5841,5.594,110877,0
PHK.US,60,20201120,160000,5.6238,5.6436,5.6039,5.6337,61724,0
PHK.US,60,20201120,170000,5.6286,5.6436,5.6238,5.6337,29939,0
PHK.US,60,20201120,180000,5.6337,5.6535,5.6294,5.6514,53212,0
PHK.US,60,20201120,190000,5.6491,5.6733,5.6436,5.6444,71615,0
PHK.US,60,20201120,200000,5.6535,5.6733,5.6535,5.6545,55475,0
PHK.US,60,20201120,210000,5.6535,5.6633,5.6436,5.6436,21742,0
PHK.US,60,20201120,220000,5.6485,5.6733,5.6337,5.6337,114879,0
PHK.US,60,20201123,160000,5.6535,5.6932,5.6436,5.6634,88371,0
PHK.US,60,20201123,170000,5.6684,5.6833,5.6535,5.6733,56986,0
PHK.US,60,20201123,180000,5.6694,5.6733,5.6535,5.6535,34472,0
PHK.US,60,20201123,190000,5.6535,5.6634,5.6535,5.6535,19191,0
PHK.US,60,20201123,200000,5.6585,5.6634,5.6535,5.6634,28248,0
PHK.US,60,20201123,210000,5.6535,5.6833,5.6535,5.6733,80707,0
PHK.US,60,20201123,220000,5.6746,5.7031,5.6733,5.7031,90229,0
PHK.US,60,20201124,160000,5.7329,5.7824,5.7229,5.7725,89990,0
PHK.US,60,20201124,170000,5.7824,5.7924,5.7725,5.7883,75257,0
PHK.US,60,20201124,180000,5.7824,5.7924,5.7527,5.7577,54951,0
PHK.US,60,20201124,190000,5.7527,5.8023,5.7527,5.8023,64925,0
PHK.US,60,20201124,200000,5.7973,5.8122,5.7626,5.7725,102180,0
PHK.US,60,20201124,210000,5.7657,5.7823,5.7626,5.7626,42215,0
PHK.US,60,20201124,220000,5.7647,5.8023,5.7626,5.8023,56149,0
PHK.US,60,20201125,160000,5.832,5.8519,5.8221,5.837,46529,0
PHK.US,60,20201125,170000,5.8358,5.8816,5.8143,5.8767,126055,0
PHK.US,60,20201125,180000,5.8771,5.908,5.8717,5.9015,89882,0
PHK.US,60,20201125,190000,5.9016,5.9213,5.8866,5.9125,93389,0
PHK.US,60,20201125,200000,5.9163,5.9213,5.8915,5.9015,64722,0
PHK.US,60,20201125,210000,5.902,5.9114,5.9015,5.9039,39265,0
PHK.US,60,20201125,220000,5.9064,5.9114,5.8717,5.8717,82791,0
PHK.US,60,20201127,160000,5.9114,5.9511,5.9114,5.9213,84503,0
PHK.US,60,20201127,170000,5.9236,5.9461,5.9213,5.9354,122171,0
PHK.US,60,20201127,180000,5.9362,5.9411,5.9114,5.9114,100618,0
PHK.US,60,20201127,190000,5.9114,5.9213,5.9015,5.9015,148818,0
PHK.US,60,20201127,200000,5.9114,5.9114,5.9114,5.9114,463,0
PHK.US,60,20201130,160000,5.9511,5.9511,5.9114,5.9213,113238,0
PHK.US,60,20201130,170000,5.9213,5.9411,5.9015,5.9114,85836,0
PHK.US,60,20201130,180000,5.9213,5.9213,5.9015,5.9064,57096,0
PHK.US,60,20201130,190000,5.9015,5.9312,5.9015,5.9147,84620,0
PHK.US,60,20201130,200000,5.9152,5.9213,5.9015,5.9015,35527,0
PHK.US,60,20201130,210000,5.9015,5.9114,5.832,5.8618,189147,0
PHK.US,60,20201130,220000,5.8617,5.8717,5.842,5.8618,128692,0
PHK.US,60,20201201,160000,5.9411,5.9709,5.9213,5.9682,119996,0
PHK.US,60,20201201,170000,5.9659,5.9808,5.9312,5.9313,105886,0
PHK.US,60,20201201,180000,5.9312,5.9511,5.9213,5.9312,92285,0
PHK.US,60,20201201,190000,5.9312,5.961,5.9312,5.9312,91170,0
PHK.US,60,20201201,200000,5.9312,5.9411,5.9312,5.9312,34459,0
PHK.US,60,20201201,210000,5.9346,5.9423,5.9114,5.9411,86608,0
PHK.US,60,20201201,220000,5.9411,5.961,5.9312,5.9411,126666,0
PHK.US,60,20201202,160000,5.9564,6.0205,5.9564,6.0056,87497,0
PHK.US,60,20201202,170000,6.0106,6.0304,6.004,6.0254,108685,0
PHK.US,60,20201202,180000,6.0245,6.0502,6.0221,6.036,104338,0
PHK.US,60,20201202,190000,6.0349,6.0403,6.0304,6.0403,42087,0
PHK.US,60,20201202,200000,6.0403,6.0502,6.0106,6.0238,120281,0
PHK.US,60,20201202,210000,6.023,6.023,6.0039,6.0056,29742,0
PHK.US,60,20201202,220000,6.0007,6.0204,6.0007,6.0007,110113,0
PHK.US,60,20201203,160000,6.0106,6.0403,6.0008,6.0403,47307,0
PHK.US,60,20201203,170000,6.045,6.1098,6.045,6.1097,146632,0
PHK.US,60,20201203,180000,6.1002,6.1494,6.0998,6.1296,122381,0
PHK.US,60,20201203,190000,6.1445,6.1494,6.1197,6.1246,74888,0
PHK.US,60,20201203,200000,6.1197,6.1395,6.1098,6.1238,95392,0
PHK.US,60,20201203,210000,6.1197,6.1494,6.1197,6.1324,55587,0
PHK.US,60,20201203,220000,6.1296,6.1593,6.1197,6.1296,124563,0
PHK.US,60,20201204,160000,6.1891,6.2189,6.1693,6.211,107045,0
PHK.US,60,20201204,170000,6.2189,6.2387,6.2147,6.2308,87472,0
PHK.US,60,20201204,180000,6.2311,6.2387,6.2288,6.2364,64850,0
PHK.US,60,20201204,190000,6.2337,6.2437,6.2288,6.2387,71394,0
PHK.US,60,20201204,200000,6.234,6.2387,6.1693,6.1792,115951,0
PHK.US,60,20201204,210000,6.1799,6.1875,6.1296,6.1349,166848,0
PHK.US,60,20201204,220000,6.1346,6.157,6.1098,6.1395,243102,0
PHK.US,60,20201207,160000,6.1494,6.1693,6.1395,6.1643,64436,0
PHK.US,60,20201207,170000,6.1593,6.1891,6.1576,6.1891,113166,0
PHK.US,60,20201207,180000,6.1844,6.1891,6.1593,6.1693,98619,0
PHK.US,60,20201207,190000,6.1643,6.1693,6.1296,6.1385,100704,0
PHK.US,60,20201207,200000,6.1346,6.1395,6.1246,6.1387,58236,0
PHK.US,60,20201207,210000,6.1395,6.1395,6.0998,6.119,117368,0
PHK.US,60,20201207,220000,6.1168,6.1197,6.1016,6.1098,81304,0
PHK.US,60,20201208,160000,6.1395,6.1494,6.1098,6.1098,52388,0
PHK.US,60,20201208,170000,6.1155,6.1374,6.1098,6.1098,57476,0
PHK.US,60,20201208,180000,6.1166,6.1296,6.1098,6.1296,46756,0
PHK.US,60,20201208,190000,6.1296,6.1296,6.1098,6.1254,47377,0
PHK.US,60,20201208,200000,6.1256,6.1296,6.1197,6.1268,16382,0
PHK.US,60,20201208,210000,6.1198,6.1369,6.1198,6.1346,45449,0
PHK.US,60,20201208,220000,6.1346,6.1445,6.1197,6.1395,100562,0
PHK.US,60,20201209,160000,6.1494,6.1693,6.1395,6.1593,47729,0
PHK.US,60,20201209,170000,6.1494,6.1693,6.1445,6.1649,66781,0
PHK.US,60,20201209,180000,6.1643,6.1693,6.1494,6.1557,21780,0
PHK.US,60,20201209,190000,6.1593,6.1643,6.1395,6.1544,73125,0
PHK.US,60,20201209,200000,6.1544,6.1593,6.1395,6.1445,62640,0
PHK.US,60,20201209,210000,6.1445,6.1593,6.1197,6.1197,55055,0
PHK.US,60,20201209,220000,6.1231,6.1494,6.1197,6.1395,67942,0
PHK.US,60,20201210,160000,6.0899,6.0899,6.0701,6.075,70733,0
PHK.US,60,20201210,170000,6.0759,6.0899,6.0701,6.075,71003,0
PHK.US,60,20201210,180000,6.0702,6.075,6.0106,6.0304,134310,0
PHK.US,60,20201210,190000,6.0311,6.0502,6.0205,6.0304,96102,0
PHK.US,60,20201210,200000,6.0354,6.0403,6.0304,6.0383,40278,0
PHK.US,60,20201210,210000,6.0359,6.0403,6.0007,6.0007,82931,0
PHK.US,60,20201210,220000,6.0086,6.0106,6.0007,6.0106,68682,0
PHK.US,60,20201211,160000,6.0205,6.0205,5.9213,5.9808,183741,0
PHK.US,60,20201211,170000,5.9759,5.9808,5.961,5.9659,68686,0
PHK.US,60,20201211,180000,5.9709,6.0007,5.9511,5.9752,67958,0
PHK.US,60,20201211,190000,5.9808,5.9808,5.9411,5.9501,72415,0
PHK.US,60,20201211,200000,5.947,5.9511,5.9411,5.9461,45720,0
PHK.US,60,20201211,210000,5.951,5.9511,5.9411,5.9431,35348,0
PHK.US,60,20201211,220000,5.9464,5.961,5.9411,5.961,96621,0
PHK.US,60,20201214,160000,5.9907,6.0007,5.961,5.9708,97926,0
PHK.US,60,20201214,170000,5.9688,5.9907,5.956,5.9888,124944,0
PHK.US,60,20201214,180000,5.9808,5.9973,5.9808,5.9957,58789,0
PHK.US,60,20201214,190000,5.9927,6.0106,5.9907,5.9957,98642,0
PHK.US,60,20201214,200000,6.0007,6.0007,5.9808,5.9861,24360,0
PHK.US,60,20201214,210000,5.9812,5.9907,5.9808,5.9809,22135,0
PHK.US,60,20201214,220000,5.9809,5.9809,5.9481,5.961,83845,0
PHK.US,60,20201215,160000,5.961,5.9907,5.961,5.9705,28323,0
PHK.US,60,20201215,170000,5.9662,5.9709,5.9411,5.9582,112378,0
PHK.US,60,20201215,180000,5.961,5.9808,5.9512,5.9759,24987,0
PHK.US,60,20201215,190000,5.9787,6.0106,5.971,6.0007,84024,0
PHK.US,60,20201215,200000,6.0106,6.0304,6.0007,6.0205,74325,0
PHK.US,60,20201215,210000,6.0151,6.0205,6.0106,6.0205,26237,0
PHK.US,60,20201215,220000,6.0155,6.0304,5.9907,6.0007,117944,0
PHK.US,60,20201216,160000,6.0304,6.0502,6.0007,6.0348,75439,0
PHK.US,60,20201216,170000,6.0359,6.0402,6.0106,6.0188,27990,0
PHK.US,60,20201216,180000,6.0143,6.0304,6.0143,6.0224,15950,0
PHK.US,60,20201216,190000,6.0249,6.0304,6.0106,6.0163,69673,0
PHK.US,60,20201216,200000,6.0147,6.0184,5.9907,6.0034,76573,0
PHK.US,60,20201216,210000,6.0106,6.0205,6.0106,6.0155,37268,0
PHK.US,60,20201216,220000,6.0172,6.0304,6.0007,6.0304,79671,0
PHK.US,60,20201217,160000,6.0502,6.08,6.0502,6.0523,60985,0
PHK.US,60,20201217,170000,6.0582,6.08,6.0502,6.08,59982,0
PHK.US,60,20201217,180000,6.0735,6.08,6.0304,6.0402,82881,0
PHK.US,60,20201217,190000,6.036,6.0387,6.0106,6.0163,65155,0
PHK.US,60,20201217,200000,6.0205,6.0205,6.0106,6.0189,24788,0
PHK.US,60,20201217,210000,6.0185,6.0304,6.0106,6.0139,41865,0
PHK.US,60,20201217,220000,6.0184,6.0205,5.9709,5.9907,124860,0
PHK.US,60,20201218,160000,6.0106,6.0106,6.0007,6.0007,14326,0
PHK.US,60,20201218,170000,6.0086,6.0304,5.9907,6.0266,88650,0
PHK.US,60,20201218,180000,6.0205,6.0577,6.0205,6.0461,42252,0
PHK.US,60,20201218,190000,6.0438,6.0502,6.0304,6.0403,71275,0
PHK.US,60,20201218,200000,6.0403,6.0403,6.0007,6.0106,61181,0
PHK.US,60,20201218,210000,6.0088,6.0088,5.9914,6.0007,46971,0
PHK.US,60,20201218,220000,6.0056,6.0304,5.9808,6.0304,126295,0
PHK.US,60,20201221,160000,6.0007,6.0007,5.9511,5.9907,160555,0
PHK.US,60,20201221,170000,5.9907,5.9907,5.9511,5.9709,121534,0
PHK.US,60,20201221,180000,5.971,5.9808,5.961,5.961,56433,0
PHK.US,60,20201221,190000,5.9709,5.9709,5.961,5.961,67014,0
PHK.US,60,20201221,200000,5.9709,5.9858,5.961,5.9709,73255,0
PHK.US,60,20201221,210000,5.9709,5.9907,5.961,5.9808,73468,0
PHK.US,60,20201221,220000,5.9888,5.9888,5.9511,5.9709,113709,0
PHK.US,60,20201222,160000,5.9907,5.9907,5.9709,5.9764,14799,0
PHK.US,60,20201222,170000,5.9749,5.9907,5.9511,5.9563,74864,0
PHK.US,60,20201222,180000,5.9551,5.961,5.9496,5.9511,41465,0
PHK.US,60,20201222,190000,5.9461,5.961,5.9312,5.959,97518,0
PHK.US,60,20201222,200000,5.9564,5.961,5.9511,5.9511,56563,0
PHK.US,60,20201222,210000,5.957,5.961,5.9511,5.9511,20434,0
PHK.US,60,20201222,220000,5.9511,5.9609,5.9213,5.9312,131917,0
PHK.US,60,20201223,160000,5.9411,5.9709,5.9312,5.9683,45452,0
PHK.US,60,20201223,170000,5.9679,5.9679,5.9411,5.961,115777,0
PHK.US,60,20201223,180000,5.9664,5.9709,5.9312,5.961,120796,0
PHK.US,60,20201223,190000,5.9709,5.9749,5.961,5.9708,70507,0
PHK.US,60,20201223,200000,5.9659,5.9808,5.956,5.9659,85151,0
PHK.US,60,20201223,210000,5.9659,5.9808,5.961,5.9702,115051,0
PHK.US,60,20201223,220000,5.9659,5.9709,5.961,5.9709,56081,0
PHK.US,60,20201224,160000,5.9808,5.9808,5.961,5.971,86840,0
PHK.US,60,20201224,170000,5.9709,5.9907,5.961,5.9688,140455,0
PHK.US,60,20201224,180000,5.9708,5.9808,5.961,5.9659,79848,0
PHK.US,60,20201224,190000,5.9709,5.9957,5.961,5.9809,108325,0
PHK.US,60,20201224,200000,5.9907,5.9907,5.9907,5.9907,101,0
PHK.US,60,20201228,160000,6.0007,6.0205,5.9808,6.0056,118167,0
PHK.US,60,20201228,170000,6.0043,6.0205,6.0007,6.0174,119306,0
PHK.US,60,20201228,180000,6.0142,6.0205,6.0019,6.0107,132971,0
PHK.US,60,20201228,190000,6.0155,6.0205,6.0007,6.0106,96861,0
PHK.US,60,20201228,200000,6.0018,6.0205,6.0007,6.0007,93740,0
PHK.US,60,20201228,210000,6.0056,6.0105,5.9907,5.9907,82800,0
PHK.US,60,20201228,220000,5.9945,6.0106,5.9907,6.0106,46851,0
PHK.US,60,20201229,160000,6.0106,6.0304,5.9907,5.9957,123013,0
PHK.US,60,20201229,170000,5.9957,6.0205,5.9411,5.9511,149187,0
PHK.US,60,20201229,180000,5.959,5.9907,5.9511,5.9709,126323,0
PHK.US,60,20201229,190000,5.9759,5.9907,5.9709,5.9738,69912,0
PHK.US,60,20201229,200000,5.9759,6.0106,5.961,5.9709,135450,0
PHK.US,60,20201229,210000,5.9659,5.9659,5.9411,5.956,81938,0
PHK.US,60,20201229,220000,5.9659,5.9808,5.9511,5.9808,114644,0
PHK.US,60,20201230,160000,5.9808,6.0007,5.9808,5.9908,86722,0
PHK.US,60,20201230,170000,5.9939,6.0007,5.9808,5.9809,78626,0
PHK.US,60,20201230,180000,5.9907,5.9907,5.9808,5.9858,57956,0
PHK.US,60,20201230,190000,5.9907,6.0007,5.9709,5.9996,109416,0
PHK.US,60,20201230,200000,5.9956,6.0007,5.961,5.9709,101651,0
PHK.US,60,20201230,210000,5.9649,5.9808,5.9511,5.9759,81372,0
PHK.US,60,20201230,220000,5.9808,5.9907,5.961,5.9709,125747,0
PHK.US,60,20201231,160000,5.961,6.0007,5.961,6.0007,106946,0
PHK.US,60,20201231,170000,5.9908,6.0106,5.9808,5.9906,52366,0
PHK.US,60,20201231,180000,5.9838,5.9907,5.961,5.9906,99205,0
PHK.US,60,20201231,190000,5.9808,6.0007,5.9659,5.9907,187265,0
PHK.US,60,20201231,200000,5.9945,5.9957,5.9709,5.9759,56230,0
PHK.US,60,20201231,210000,5.9709,5.9907,5.9709,5.9808,68330,0
PHK.US,60,20201231,220000,5.9808,6.0106,5.9808,6.0007,133134,0
PHK.US,60,20210104,160000,6.0403,6.0602,6.0223,6.0602,169516,0
PHK.US,60,20210104,170000,6.0552,6.0602,6.0254,6.0254,110055,0
PHK.US,60,20210104,180000,6.0205,6.0304,6.0106,6.0106,52962,0
PHK.US,60,20210104,190000,6.0107,6.0205,6.0106,6.0106,62133,0
PHK.US,60,20210104,200000,6.0155,6.0304,6.0155,6.0254,23189,0
PHK.US,60,20210104,210000,6.0271,6.0304,5.9907,6.0056,101419,0
PHK.US,60,20210104,220000,6.0205,6.0304,6.0007,6.0205,51715,0
PHK.US,60,20210105,160000,6.0403,6.0527,6.0206,6.0403,83000,0
PHK.US,60,20210105,170000,6.0403,6.0602,6.0403,6.0501,214798,0
PHK.US,60,20210105,180000,6.0449,6.0602,6.0304,6.0602,99848,0
PHK.US,60,20210105,190000,6.0511,6.0701,6.0502,6.0602,87183,0
PHK.US,60,20210105,200000,6.0552,6.0899,6.0552,6.075,116761,0
PHK.US,60,20210105,210000,6.0742,6.0899,6.0602,6.0614,68531,0
PHK.US,60,20210105,220000,6.0602,6.075,6.0502,6.0701,119578,0
PHK.US,60,20210106,160000,6.0899,6.1098,6.0717,6.077,122329,0
PHK.US,60,20210106,170000,6.0758,6.0998,6.0701,6.09,76944,0
PHK.US,60,20210106,180000,6.085,6.0998,6.08,6.0998,72967,0
PHK.US,60,20210106,190000,6.0998,6.1098,6.0899,6.0949,96825,0
PHK.US,60,20210106,200000,6.0998,6.0998,6.0304,6.067,214064,0
PHK.US,60,20210106,210000,6.0691,6.08,6.0304,6.0304,52494,0
PHK.US,60,20210106,220000,6.0354,6.08,6.0304,6.0701,67009,0
PHK.US,60,20210107,160000,6.08,6.1098,6.08,6.1098,82202,0
PHK.US,60,20210107,170000,6.106,6.1098,6.0949,6.0984,74237,0
PHK.US,60,20210107,180000,6.0949,6.0998,6.08,6.0899,37668,0
PHK.US,60,20210107,190000,6.082,6.1147,6.082,6.1111,65921,0
PHK.US,60,20210107,200000,6.1147,6.1147,6.08,6.1098,78814,0
PHK.US,60,20210107,210000,6.1098,6.1395,6.1048,6.1296,97160,0
PHK.US,60,20210107,220000,6.1237,6.1296,6.0899,6.0899,123825,0
PHK.US,60,20210108,160000,6.1039,6.1255,6.0998,6.1062,55607,0
PHK.US,60,20210108,170000,6.1098,6.1296,6.0899,6.0973,118401,0
PHK.US,60,20210108,180000,6.0998,6.0998,6.0899,6.0998,50358,0
PHK.US,60,20210108,190000,6.0972,6.0998,6.0899,6.0984,52880,0
PHK.US,60,20210108,200000,6.0997,6.0998,6.0899,6.0949,41385,0
PHK.US,60,20210108,210000,6.0998,6.1098,6.08,6.0899,158467,0
PHK.US,60,20210108,220000,6.0899,6.1098,6.08,6.0899,66395,0
PHK.US,60,20210111,160000,6.08,6.0998,6.0701,6.0899,62888,0
PHK.US,60,20210111,170000,6.08,6.0998,6.0701,6.09,106249,0
PHK.US,60,20210111,180000,6.092,6.092,6.0502,6.0721,135326,0
PHK.US,60,20210111,190000,6.0762,6.08,6.0651,6.0651,36225,0
PHK.US,60,20210111,200000,6.07,6.08,6.0602,6.0701,80990,0
PHK.US,60,20210111,210000,6.0797,6.0898,6.0602,6.0701,154565,0
PHK.US,60,20210111,220000,6.0651,6.0899,6.0602,6.0701,86958,0
PHK.US,60,20210112,160000,6.0899,6.0899,6.0502,6.0587,79668,0
PHK.US,60,20210112,170000,6.0552,6.0552,6.0403,6.0453,86053,0
PHK.US,60,20210112,180000,6.0483,6.0568,6.0403,6.0502,82339,0
PHK.US,60,20210112,190000,6.0453,6.0899,6.0304,6.085,153056,0
PHK.US,60,20210112,200000,6.0899,6.1197,6.0502,6.0552,139956,0
PHK.US,60,20210112,210000,6.0502,6.08,6.0502,6.0701,51435,0
PHK.US,60,20210112,220000,6.071,6.08,6.0638,6.08,79200,0
PHK.US,60,20210113,160000,6.09,6.1,6.07,6.075,54714,0
PHK.US,60,20210113,170000,6.08,6.09,6.07,6.0898,68126,0
PHK.US,60,20210113,180000,6.09,6.09,6.08,6.0838,54950,0
PHK.US,60,20210113,190000,6.089,6.09,6.07,6.074,67230,0
PHK.US,60,20210113,200000,6.07,6.09,6.03,6.038,137411,0
PHK.US,60,20210113,210000,6.0399,6.06,6.0341,6.04,59602,0
PHK.US,60,20210113,220000,6.045,6.07,6.045,6.05,57652,0
PHK.US,60,20210114,160000,6.05,6.0621,6.0275,6.0372,47449,0
PHK.US,60,20210114,170000,6.04,6.05,6.03,6.04,54604,0
PHK.US,60,20210114,180000,6.035,6.05,6.03,6.04,55728,0
PHK.US,60,20210114,190000,6.039,6.045,6.03,6.04,104277,0
PHK.US,60,20210114,200000,6.05,6.06,6.04,6.055,24846,0
PHK.US,60,20210114,210000,6.0543,6.06,6.05,6.0594,15589,0
PHK.US,60,20210114,220000,6.0575,6.06,6.05,6.05,19720,0
PHK.US,60,20210115,160000,6.05,6.06,6.03,6.03,17229,0
PHK.US,60,20210115,170000,6.03,6.05,6.02,6.03,31502,0
PHK.US,60,20210115,180000,6.02,6.03,6.02,6.025,52062,0
PHK.US,60,20210115,190000,6.025,6.05,6.0148,6.0405,49633,0
PHK.US,60,20210115,200000,6.045,6.05,6.03,6.032,11516,0
PHK.US,60,20210115,210000,6.04,6.046,6.03,6.0394,31193,0
PHK.US,60,20210115,220000,6.0325,6.05,6.03,6.03,47690,0
PHK.US,60,20210119,160000,6.03,6.05,6.0267,6.04,114729,0
PHK.US,60,20210119,170000,6.04,6.08,6.02,6.06,140982,0
PHK.US,60,20210119,180000,6.06,6.07,6.04,6.045,85543,0
PHK.US,60,20210119,190000,6.045,6.06,6.042,6.0521,56755,0
PHK.US,60,20210119,200000,6.0505,6.07,6.05,6.0679,37631,0
PHK.US,60,20210119,210000,6.065,6.07,6.06,6.07,77960,0
PHK.US,60,20210119,220000,6.06,6.08,6.06,6.08,55320,0
PHK.US,60,20210120,160000,6.08,6.1,6.08,6.09,51621,0
PHK.US,60,20210120,170000,6.1,6.12,6.06,6.0679,189020,0
PHK.US,60,20210120,180000,6.0679,6.08,6.05,6.075,74024,0
PHK.US,60,20210120,190000,6.075,6.11,6.075,6.1,48131,0
PHK.US,60,20210120,200000,6.101,6.1099,6.09,6.105,33854,0
PHK.US,60,20210120,210000,6.1049,6.12,6.0923,6.11,73992,0
PHK.US,60,20210120,220000,6.12,6.12,6.06,6.09,141381,0
PHK.US,60,20210121,160000,6.11,6.12,6.09,6.1,27588,0
PHK.US,60,20210121,170000,6.098,6.0991,6.08,6.0862,47782,0
PHK.US,60,20210121,180000,6.09,6.1095,6.07,6.1095,51844,0
PHK.US,60,20210121,190000,6.1034,6.105,6.09,6.1,28149,0
PHK.US,60,20210121,200000,6.0918,6.1,6.06,6.0639,83833,0
PHK.US,60,20210121,210000,6.06,6.0799,6.06,6.07,81095,0
PHK.US,60,20210121,220000,6.07,6.08,6.06,6.08,89799,0
PHK.US,60,20210122,160000,6.09,6.09,6.08,6.09,42898,0
PHK.US,60,20210122,170000,6.09,6.1,6.08,6.0905,28912,0
PHK.US,60,20210122,180000,6.098,6.11,6.09,6.11,20183,0
PHK.US,60,20210122,190000,6.11,6.12,6.1,6.1,51965,0
PHK.US,60,20210122,200000,6.105,6.11,6.1,6.1022,31259,0
PHK.US,60,20210122,210000,6.105,6.11,6.1,6.1054,35432,0
PHK.US,60,20210122,220000,6.105,6.12,6.1,6.11,67150,0
PHK.US,60,20210125,160000,6.12,6.14,6.11,6.11,70163,0
PHK.US,60,20210125,170000,6.11,6.12,6.09,6.1099,67275,0
PHK.US,60,20210125,180000,6.1,6.13,6.09,6.1,89308,0
PHK.US,60,20210125,190000,6.1,6.1024,6.09,6.1,36006,0
PHK.US,60,20210125,200000,6.099,6.1,6.09,6.0933,46406,0
PHK.US,60,20210125,210000,6.1,6.12,6.09,6.1,43873,0
PHK.US,60,20210125,220000,6.095,6.11,6.09,6.09,48327,0
PHK.US,60,20210126,160000,6.1,6.11,6.08,6.09,58278,0
PHK.US,60,20210126,170000,6.093,6.12,6.09,6.1111,73111,0
PHK.US,60,20210126,180000,6.115,6.115,6.09,6.105,42174,0
PHK.US,60,20210126,190000,6.105,6.12,6.1,6.115,55715,0
PHK.US,60,20210126,200000,6.1101,6.115,6.1,6.105,18560,0
PHK.US,60,20210126,210000,6.11,6.14,6.1,6.125,61249,0
PHK.US,60,20210126,220000,6.1282,6.14,6.12,6.12,57403,0
PHK.US,60,20210127,160000,6.11,6.11,6.085,6.085,55438,0
PHK.US,60,20210127,170000,6.085,6.1099,6.07,6.1099,105288,0
PHK.US,60,20210127,180000,6.1,6.11,6.08,6.0801,43015,0
PHK.US,60,20210127,190000,6.08,6.11,6.08,6.09,59883,0
PHK.US,60,20210127,200000,6.095,6.11,6.09,6.0987,18898,0
PHK.US,60,20210127,210000,6.09,6.1,6.07,6.08,50020,0
PHK.US,60,20210127,220000,6.08,6.1,6.08,6.09,33510,0
PHK.US,60,20210128,160000,6.08,6.11,6.08,6.1,23613,0
PHK.US,60,20210128,170000,6.1,6.12,6.1,6.115,27064,0
PHK.US,60,20210128,180000,6.12,6.12,6.11,6.1199,25339,0
PHK.US,60,20210128,190000,6.1101,6.12,6.1,6.1001,26635,0
PHK.US,60,20210128,200000,6.11,6.11,6.09,6.0941,26871,0
PHK.US,60,20210128,210000,6.11,6.12,6.0978,6.1,19984,0
PHK.US,60,20210128,220000,6.1,6.11,6.08,6.09,183855,0
PHK.US,60,20210129,160000,6.1,6.12,6.09,6.0985,41122,0
PHK.US,60,20210129,170000,6.0999,6.1,6.06,6.0899,82981,0
PHK.US,60,20210129,180000,6.0856,6.1399,6.08,6.13,139311,0
PHK.US,60,20210129,190000,6.1201,6.1201,6.09,6.095,75760,0
PHK.US,60,20210129,200000,6.0945,6.11,6.08,6.0906,43633,0
PHK.US,60,20210129,210000,6.09,6.1,6.08,6.0921,39476,0
PHK.US,60,20210129,220000,6.095,6.1,6.08,6.09,37085,0
PHK.US,60,20210201,160000,6.09,6.13,6.0826,6.11,120746,0
PHK.US,60,20210201,170000,6.1099,6.13,6.09,6.1093,109769,0
PHK.US,60,20210201,180000,6.1067,6.12,6.09,6.1199,40036,0
PHK.US,60,20210201,190000,6.11,6.14,6.1,6.131,67708,0
PHK.US,60,20210201,200000,6.13,6.13,6.12,6.12,61642,0
PHK.US,60,20210201,210000,6.13,6.15,6.1106,6.15,72027,0
PHK.US,60,20210201,220000,6.14,6.16,6.14,6.14,145087,0
PHK.US,60,20210202,160000,6.16,6.1683,6.14,6.1683,81187,0
PHK.US,60,20210202,170000,6.165,6.17,6.1501,6.168,93072,0
PHK.US,60,20210202,180000,6.1601,6.18,6.15,6.18,86322,0
PHK.US,60,20210202,190000,6.18,6.19,6.1701,6.18,51129,0
PHK.US,60,20210202,200000,6.19,6.19,6.15,6.1653,82677,0
PHK.US,60,20210202,210000,6.1669,6.18,6.1669,6.18,22378,0
PHK.US,60,20210202,220000,6.17,6.19,6.17,6.18,72952,0
PHK.US,60,20210203,160000,6.18,6.19,6.173,6.18,29506,0
PHK.US,60,20210203,170000,6.1899,6.2,6.18,6.19,55983,0
PHK.US,60,20210203,180000,6.195,6.2,6.15,6.158,139471,0
PHK.US,60,20210203,190000,6.1581,6.17,6.15,6.1685,44088,0
PHK.US,60,20210203,200000,6.16,6.18,6.16,6.175,24854,0
PHK.US,60,20210203,210000,6.175,6.18,6.17,6.1735,39023,0
PHK.US,60,20210203,220000,6.175,6.18,6.17,6.17,43496,0
PHK.US,60,20210204,160000,6.19,6.2,6.18,6.19,31871,0
PHK.US,60,20210204,170000,6.184,6.22,6.18,6.2182,146695,0
PHK.US,60,20210204,180000,6.22,6.24,6.21,6.218,120942,0
PHK.US,60,20210204,190000,6.215,6.23,6.212,6.23,77201,0
PHK.US,60,20210204,200000,6.225,6.24,6.22,6.235,80890,0
PHK.US,60,20210204,210000,6.235,6.24,6.2,6.2115,77149,0
PHK.US,60,20210204,220000,6.21,6.22,6.2,6.2,38682,0
PHK.US,60,20210205,160000,6.23,6.24,6.2299,6.2375,48171,0
PHK.US,60,20210205,170000,6.2364,6.2528,6.235,6.2506,85947,0
PHK.US,60,20210205,180000,6.255,6.26,6.25,6.251,67283,0
PHK.US,60,20210205,190000,6.25,6.26,6.25,6.2522,101102,0
PHK.US,60,20210205,200000,6.26,6.26,6.25,6.25,49594,0
PHK.US,60,20210205,210000,6.24,6.24,6.23,6.235,48440,0
PHK.US,60,20210205,220000,6.231,6.25,6.22,6.24,72726,0
PHK.US,60,20210208,160000,6.26,6.29,6.26,6.285,57719,0
PHK.US,60,20210208,170000,6.285,6.29,6.26,6.27,106111,0
PHK.US,60,20210208,180000,6.269,6.29,6.269,6.29,62357,0
PHK.US,60,20210208,190000,6.29,6.29,6.26,6.2758,88240,0
PHK.US,60,20210208,200000,6.2796,6.29,6.27,6.2801,90338,0
PHK.US,60,20210208,210000,6.28,6.29,6.28,6.286,32997,0
PHK.US,60,20210208,220000,6.29,6.31,6.28,6.31,87086,0
PHK.US,60,20210209,160000,6.29,6.31,6.28,6.295,68121,0
PHK.US,60,20210209,170000,6.3,6.3,6.28,6.2999,70940,0
PHK.US,60,20210209,180000,6.295,6.31,6.28,6.29,82341,0
PHK.US,60,20210209,190000,6.28,6.305,6.28,6.2999,73119,0
PHK.US,60,20210209,200000,6.295,6.3,6.28,6.2953,31052,0
PHK.US,60,20210209,210000,6.295,6.3,6.29,6.29,57425,0
PHK.US,60,20210209,220000,6.29,6.31,6.29,6.31,112990,0
PHK.US,60,20210210,160000,6.29,6.29,6.26,6.2692,59543,0
PHK.US,60,20210210,170000,6.27,6.27,6.24,6.258,91584,0
PHK.US,60,20210210,180000,6.2501,6.26,6.25,6.254,63732,0
PHK.US,60,20210210,190000,6.2574,6.26,6.21,6.21,163215,0
PHK.US,60,20210210,200000,6.205,6.235,6.2,6.22,112173,0
PHK.US,60,20210210,210000,6.2281,6.235,6.212,6.23,101351,0
PHK.US,60,20210210,220000,6.225,6.23,6.21,6.22,58551,0
PHK.US,60,20210211,160000,6.22,6.2699,6.22,6.23,60243,0
PHK.US,60,20210211,170000,6.23,6.25,6.23,6.2426,26315,0
PHK.US,60,20210211,180000,6.245,6.28,6.24,6.265,55425,0
PHK.US,60,20210211,190000,6.2602,6.27,6.2401,6.27,62919,0
PHK.US,60,20210211,200000,6.2621,6.31,6.26,6.267,118044,0
PHK.US,60,20210211,210000,6.265,6.27,6.25,6.25,74779,0
PHK.US,60,20210211,220000,6.2501,6.29,6.25,6.29,74216,0
PHK.US,60,20210212,160000,6.28,6.28,6.24,6.255,59960,0
PHK.US,60,20210212,170000,6.25,6.26,6.2258,6.2566,48681,0
PHK.US,60,20210212,180000,6.25,6.29,6.25,6.285,64323,0
PHK.US,60,20210212,190000,6.285,6.295,6.2779,6.2799,71541,0
PHK.US,60,20210212,200000,6.28,6.2827,6.26,6.2672,54424,0
PHK.US,60,20210212,210000,6.265,6.2698,6.22,6.23,166786,0
PHK.US,60,20210212,220000,6.2224,6.24,6.22,6.24,73955,0
PHK.US,60,20210216,160000,6.23,6.26,6.23,6.25,74251,0
PHK.US,60,20210216,170000,6.2507,6.27,6.25,6.265,87966,0
PHK.US,60,20210216,180000,6.25,6.26,6.24,6.25,56739,0
PHK.US,60,20210216,190000,6.25,6.3,6.25,6.292,157275,0
PHK.US,60,20210216,200000,6.29,6.29,6.26,6.265,40815,0
PHK.US,60,20210216,210000,6.26,6.3,6.26,6.26,124539,0
PHK.US,60,20210216,220000,6.27,6.285,6.26,6.28,92055,0
PHK.US,60,20210217,160000,6.28,6.28,6.22,6.22,76286,0
PHK.US,60,20210217,170000,6.23,6.25,6.2,6.23,105437,0
PHK.US,60,20210217,180000,6.2274,6.24,6.22,6.235,34153,0
PHK.US,60,20210217,190000,6.235,6.24,6.22,6.235,79263,0
PHK.US,60,20210217,200000,6.2379,6.26,6.23,6.245,94938,0
PHK.US,60,20210217,210000,6.2499,6.26,6.235,6.255,50084,0
PHK.US,60,20210217,220000,6.255,6.27,6.24,6.26,70685,0
PHK.US,60,20210218,160000,6.23,6.25,6.23,6.2401,29613,0
PHK.US,60,20210218,170000,6.2474,6.25,6.22,6.22,77580,0
PHK.US,60,20210218,180000,6.225,6.23,6.22,6.23,58388,0
PHK.US,60,20210218,190000,6.235,6.25,6.215,6.2313,54297,0
PHK.US,60,20210218,200000,6.235,6.24,6.23,6.232,21327,0
PHK.US,60,20210218,210000,6.2346,6.24,6.22,6.22,46023,0
PHK.US,60,20210218,220000,6.2265,6.23,6.2,6.23,72339,0
PHK.US,60,20210219,160000,6.23,6.25,6.23,6.24,36939,0
PHK.US,60,20210219,170000,6.2379,6.25,6.2363,6.244,37069,0
PHK.US,60,20210219,180000,6.245,6.26,6.24,6.25,53958,0
PHK.US,60,20210219,190000,6.25,6.2599,6.23,6.24,56720,0
PHK.US,60,20210219,200000,6.235,6.24,6.23,6.24,26609,0
PHK.US,60,20210219,210000,6.2336,6.25,6.23,6.245,24391,0
PHK.US,60,20210219,220000,6.2454,6.26,6.2436,6.26,31349,0
PHK.US,60,20210222,160000,6.25,6.25,6.225,6.2262,57464,0
PHK.US,60,20210222,170000,6.235,6.24,6.22,6.2308,46069,0
PHK.US,60,20210222,180000,6.23,6.24,6.23,6.23,47429,0
PHK.US,60,20210222,190000,6.2361,6.25,6.23,6.25,61387,0
PHK.US,60,20210222,200000,6.25,6.26,6.245,6.25,26088,0
PHK.US,60,20210222,210000,6.251,6.26,6.25,6.26,56869,0
PHK.US,60,20210222,220000,6.26,6.27,6.25,6.27,64000,0
PHK.US,60,20210223,160000,6.2501,6.26,6.224,6.225,31630,0
PHK.US,60,20210223,170000,6.23,6.26,6.225,6.26,57310,0
PHK.US,60,20210223,180000,6.26,6.26,6.25,6.255,61076,0
PHK.US,60,20210223,190000,6.255,6.26,6.25,6.2599,45365,0
PHK.US,60,20210223,200000,6.258,6.28,6.25,6.26,49212,0
PHK.US,60,20210223,210000,6.26,6.27,6.26,6.26,21790,0
PHK.US,60,20210223,220000,6.26,6.3,6.26,6.3,59848,0
PHK.US,60,20210224,160000,6.28,6.28,6.26,6.27,21015,0
PHK.US,60,20210224,170000,6.265,6.3,6.2601,6.2982,54033,0
PHK.US,60,20210224,180000,6.3,6.3179,6.29,6.3179,40720,0
PHK.US,60,20210224,190000,6.31,6.32,6.31,6.31,34844,0
PHK.US,60,20210224,200000,6.315,6.32,6.3,6.3,40222,0
PHK.US,60,20210224,210000,6.3,6.31,6.3,6.31,46592,0
PHK.US,60,20210224,220000,6.305,6.33,6.3,6.32,56498,0
PHK.US,60,20210225,160000,6.33,6.3317,6.3,6.31,72311,0
PHK.US,60,20210225,170000,6.315,6.32,6.31,6.31,31890,0
PHK.US,60,20210225,180000,6.32,6.32,6.31,6.315,51539,0
PHK.US,60,20210225,190000,6.31,6.3155,6.28,6.29,71269,0
PHK.US,60,20210225,200000,6.2899,6.2899,6.25,6.255,53272,0
PHK.US,60,20210225,210000,6.2577,6.3,6.23,6.25,57528,0
PHK.US,60,20210225,220000,6.2582,6.2699,6.24,6.245,63368,0
PHK.US,60,20210226,160000,6.24,6.25,6.23,6.2301,67946,0
PHK.US,60,20210226,170000,6.24,6.25,6.21,6.25,109350,0
PHK.US,60,20210226,180000,6.2591,6.27,6.25,6.255,28019,0
PHK.US,60,20210226,190000,6.26,6.27,6.25,6.25,27786,0
PHK.US,60,20210226,200000,6.25,6.265,6.2401,6.2507,17442,0
PHK.US,60,20210226,210000,6.2516,6.26,6.2397,6.255,27697,0
PHK.US,60,20210226,220000,6.2556,6.26,6.22,6.26,85521,0
PHK.US,60,20210301,160000,6.29,6.31,6.27,6.31,86900,0
PHK.US,60,20210301,170000,6.29,6.33,6.29,6.31,67119,0
PHK.US,60,20210301,180000,6.31,6.34,6.308,6.3265,50469,0
PHK.US,60,20210301,190000,6.32,6.3233,6.31,6.32,11324,0
PHK.US,60,20210301,200000,6.31,6.33,6.3,6.3256,64127,0
PHK.US,60,20210301,210000,6.33,6.35,6.32,6.34,45414,0
PHK.US,60,20210301,220000,6.345,6.35,6.31,6.33,37082,0
PHK.US,60,20210302,160000,6.31,6.345,6.31,6.3401,93388,0
PHK.US,60,20210302,170000,6.35,6.38,6.35,6.3599,76472,0
PHK.US,60,20210302,180000,6.3521,6.36,6.34,6.3599,43110,0
PHK.US,60,20210302,190000,6.355,6.3938,6.35,6.39,38375,0
PHK.US,60,20210302,200000,6.39,6.4,6.39,6.3977,24702,0
PHK.US,60,20210302,210000,6.3901,6.41,6.39,6.4001,34431,0
PHK.US,60,20210302,220000,6.4032,6.42,6.375,6.39,89346,0
PHK.US,60,20210303,160000,6.4,6.4502,6.39,6.43,30185,0
PHK.US,60,20210303,170000,6.43,6.47,6.4101,6.47,65742,0
PHK.US,60,20210303,180000,6.46,6.5,6.44,6.5,146957,0
PHK.US,60,20210303,190000,6.5021,6.52,6.47,6.4899,102862,0
PHK.US,60,20210303,200000,6.485,6.53,6.48,6.5199,71739,0
PHK.US,60,20210303,210000,6.51,6.5101,6.45,6.458,97064,0
PHK.US,60,20210303,220000,6.4504,6.455,6.41,6.43,97276,0
PHK.US,60,20210304,160000,6.44,6.46,6.42,6.4343,34808,0
PHK.US,60,20210304,170000,6.4391,6.46,6.425,6.4599,41836,0
PHK.US,60,20210304,180000,6.45,6.49,6.44,6.4646,127782,0
PHK.US,60,20210304,190000,6.46,6.48,6.4,6.405,59131,0
PHK.US,60,20210304,200000,6.41,6.43,6.34,6.34,79373,0
PHK.US,60,20210304,210000,6.3401,6.41,6.33,6.41,64374,0
PHK.US,60,20210304,220000,6.4099,6.43,6.4,6.4,39404,0
PHK.US,60,20210305,160000,6.43,6.44,6.4,6.41,9370,0
PHK.US,60,20210305,170000,6.41,6.44,6.41,6.43,105534,0
PHK.US,60,20210305,180000,6.43,6.43,6.37,6.42,78029,0
PHK.US,60,20210305,190000,6.4098,6.44,6.4098,6.4397,41104,0
PHK.US,60,20210305,200000,6.4367,6.44,6.43,6.43,30309,0
PHK.US,60,20210305,210000,6.43,6.44,6.43,6.4392,29910,0
PHK.US,60,20210305,220000,6.43,6.4699,6.43,6.45,48372,0
PHK.US,60,20210308,160000,6.48,6.49,6.45,6.45,68620,0
PHK.US,60,20210308,170000,6.46,6.48,6.46,6.4779,49210,0
PHK.US,60,20210308,180000,6.48,6.48,6.47,6.4719,50457,0
PHK.US,60,20210308,190000,6.4774,6.48,6.47,6.4701,46025,0
PHK.US,60,20210308,200000,6.475,6.49,6.455,6.455,63267,0
PHK.US,60,20210308,210000,6.45,6.49,6.45,6.485,85103,0
PHK.US,60,20210308,220000,6.48,6.485,6.44,6.45,78904,0
PHK.US,60,20210309,160000,6.4799,6.48,6.46,6.4777,11382,0
PHK.US,60,20210309,170000,6.4799,6.48,6.47,6.475,36200,0
PHK.US,60,20210309,180000,6.475,6.48,6.47,6.4799,62177,0
PHK.US,60,20210309,190000,6.48,6.48,6.46,6.465,66740,0
PHK.US,60,20210309,200000,6.47,6.49,6.46,6.49,65483,0
PHK.US,60,20210309,210000,6.485,6.49,6.47,6.4705,75853,0
PHK.US,60,20210309,220000,6.47,6.5,6.46,6.49,137728,0
PHK.US,60,20210310,160000,6.45,6.468,6.44,6.45,55281,0
PHK.US,60,20210310,170000,6.4499,6.45,6.43,6.4479,44748,0
PHK.US,60,20210310,180000,6.44,6.45,6.44,6.44,48131,0
PHK.US,60,20210310,190000,6.44,6.45,6.43,6.45,35651,0
PHK.US,60,20210310,200000,6.44,6.46,6.44,6.455,19111,0
PHK.US,60,20210310,210000,6.455,6.46,6.4499,6.455,23477,0
PHK.US,60,20210310,220000,6.455,6.458,6.44,6.44,28530,0
PHK.US,60,20210311,160000,6.47,6.47,6.4581,6.47,60591,0
PHK.US,60,20210311,170000,6.4699,6.4895,6.4614,6.4801,66806,0
PHK.US,60,20210311,180000,6.4856,6.51,6.48,6.505,176601,0
PHK.US,60,20210311,190000,6.5099,6.51,6.48,6.4993,84628,0
PHK.US,60,20210311,200000,6.5,6.51,6.4904,6.5082,21539,0
PHK.US,60,20210311,210000,6.5,6.53,6.5,6.525,43862,0
PHK.US,60,20210311,220000,6.525,6.53,6.5,6.52,92826,0
PHK.US,60,20210312,160000,6.47,6.4904,6.46,6.4655,36036,0
PHK.US,60,20210312,170000,6.465,6.47,6.44,6.455,23934,0
PHK.US,60,20210312,180000,6.4586,6.47,6.45,6.458,29727,0
PHK.US,60,20210312,190000,6.46,6.48,6.46,6.47,38304,0
PHK.US,60,20210312,200000,6.47,6.4783,6.46,6.4643,21261,0
PHK.US,60,20210312,210000,6.46,6.47,6.46,6.46,38510,0
PHK.US,60,20210312,220000,6.46,6.5,6.46,6.47,52575,0
PHK.US,60,20210315,150000,6.5,6.53,6.5,6.52,70087,0
PHK.US,60,20210315,160000,6.52,6.5326,6.4985,6.5326,59636,0
PHK.US,60,20210315,170000,6.5359,6.539,6.49,6.4995,54260,0
PHK.US,60,20210315,180000,6.495,6.498,6.48,6.49,18667,0
PHK.US,60,20210315,190000,6.49,6.52,6.485,6.505,40779,0
PHK.US,60,20210315,200000,6.5,6.52,6.5,6.515,18537,0
PHK.US,60,20210315,210000,6.5179,6.53,6.5119,6.53,40853,0
PHK.US,60,20210316,150000,6.54,6.54,6.49,6.5,86660,0
PHK.US,60,20210316,160000,6.52,6.53,6.51,6.51,75858,0
PHK.US,60,20210316,170000,6.515,6.5156,6.5,6.5008,27506,0
PHK.US,60,20210316,180000,6.5008,6.5008,6.48,6.49,57410,0
PHK.US,60,20210316,190000,6.4879,6.5,6.485,6.5,20909,0
PHK.US,60,20210316,200000,6.5,6.5,6.48,6.48,20389,0
PHK.US,60,20210316,210000,6.4879,6.49,6.48,6.48,39779,0
PHK.US,60,20210317,150000,6.5,6.5183,6.47,6.5,90655,0
PHK.US,60,20210317,160000,6.5,6.51,6.49,6.495,15331,0
PHK.US,60,20210317,170000,6.51,6.52,6.505,6.518,15011,0
PHK.US,60,20210317,180000,6.5103,6.52,6.5,6.515,50008,0
PHK.US,60,20210317,190000,6.51,6.52,6.51,6.5157,54834,0
PHK.US,60,20210317,200000,6.52,6.53,6.5,6.515,67385,0
PHK.US,60,20210317,210000,6.515,6.52,6.5,6.51,22209,0
PHK.US,60,20210318,150000,6.52,6.53,6.5105,6.5179,41565,0
PHK.US,60,20210318,160000,6.51,6.52,6.5,6.5,27997,0
PHK.US,60,20210318,170000,6.5,6.53,6.5,6.51,28478,0
PHK.US,60,20210318,180000,6.5,6.52,6.5,6.51,25135,0
PHK.US,60,20210318,190000,6.5122,6.5181,6.5,6.5,24099,0
PHK.US,60,20210318,200000,6.5,6.5099,6.49,6.49,34478,0
PHK.US,60,20210318,210000,6.49,6.5,6.46,6.48,121426,0
PHK.US,60,20210319,150000,6.46,6.48,6.45,6.451,35287,0
PHK.US,60,20210319,160000,6.45,6.46,6.42,6.4386,76738,0
PHK.US,60,20210319,170000,6.4394,6.46,6.4394,6.45,47606,0
PHK.US,60,20210319,180000,6.45,6.455,6.42,6.435,63586,0
PHK.US,60,20210319,190000,6.44,6.47,6.44,6.47,63405,0
PHK.US,60,20210319,200000,6.4644,6.48,6.4601,6.4657,24674,0
PHK.US,60,20210319,210000,6.47,6.4702,6.45,6.45,17168,0
PHK.US,60,20210322,150000,6.48,6.48,6.46,6.47,44696,0
PHK.US,60,20210322,160000,6.48,6.5,6.47,6.495,53374,0
PHK.US,60,20210322,170000,6.495,6.5,6.47,6.49,43102,0
PHK.US,60,20210322,180000,6.485,6.5,6.48,6.4899,71742,0
PHK.US,60,20210322,190000,6.49,6.49,6.48,6.49,10083,0
PHK.US,60,20210322,200000,6.49,6.49,6.48,6.485,84854,0
PHK.US,60,20210322,210000,6.485,6.485,6.47,6.48,32611,0
PHK.US,60,20210323,150000,6.5,6.51,6.48,6.5077,35848,0
PHK.US,60,20210323,160000,6.4999,6.55,6.4999,6.539,70842,0
PHK.US,60,20210323,170000,6.53,6.54,6.51,6.5199,37995,0
PHK.US,60,20210323,180000,6.515,6.53,6.51,6.525,13014,0
PHK.US,60,20210323,190000,6.5299,6.54,6.5209,6.5295,27744,0
PHK.US,60,20210323,200000,6.525,6.53,6.52,6.525,26975,0
PHK.US,60,20210323,210000,6.52,6.54,6.52,6.54,36380,0
PHK.US,60,20210324,150000,6.55,6.58,6.5439,6.55,58865,0
PHK.US,60,20210324,160000,6.5588,6.59,6.55,6.58,75054,0
PHK.US,60,20210324,170000,6.5801,6.6,6.5801,6.5931,42649,0
PHK.US,60,20210324,180000,6.6,6.63,6.59,6.62,45183,0
PHK.US,60,20210324,190000,6.6116,6.64,6.57,6.6286,93902,0
PHK.US,60,20210324,200000,6.63,6.63,6.6,6.6087,61685,0
PHK.US,60,20210324,210000,6.61,6.63,6.6,6.61,53516,0
PHK.US,60,20210325,150000,6.63,6.64,6.61,6.62,86678,0
PHK.US,60,20210325,160000,6.6201,6.63,6.61,6.615,75746,0
PHK.US,60,20210325,170000,6.615,6.62,6.61,6.61,30564,0
PHK.US,60,20210325,180000,6.615,6.63,6.61,6.62,41954,0
PHK.US,60,20210325,190000,6.6292,6.6292,6.62,6.6292,27618,0
PHK.US,60,20210325,200000,6.6291,6.63,6.62,6.625,17983,0
PHK.US,60,20210325,210000,6.625,6.63,6.62,6.63,22874,0
PHK.US,60,20210326,150000,6.63,6.64,6.63,6.6354,29972,0
PHK.US,60,20210326,160000,6.6383,6.65,6.63,6.635,32620,0
PHK.US,60,20210326,170000,6.635,6.67,6.635,6.6537,41620,0
PHK.US,60,20210326,180000,6.655,6.67,6.65,6.67,23666,0
PHK.US,60,20210326,190000,6.67,6.67,6.655,6.67,27093,0
PHK.US,60,20210326,200000,6.6701,6.68,6.66,6.67,16541,0
PHK.US,60,20210326,210000,6.675,6.69,6.67,6.69,32839,0
PHK.US,60,20210329,160000,6.69,6.7,6.65,6.68,75108,0
PHK.US,60,20210329,170000,6.6881,6.7,6.6789,6.69,43429,0
PHK.US,60,20210329,180000,6.69,6.71,6.685,6.7016,47744,0
PHK.US,60,20210329,190000,6.7,6.7,6.69,6.695,29467,0
PHK.US,60,20210329,200000,6.6999,6.7,6.68,6.69,34468,0
PHK.US,60,20210329,210000,6.6835,6.69,6.67,6.68,59453,0
PHK.US,60,20210329,220000,6.6836,6.7,6.68,6.68,48407,0
PHK.US,60,20210330,160000,6.69,6.71,6.68,6.7,50085,0
PHK.US,60,20210330,170000,6.705,6.73,6.7005,6.725,42984,0
PHK.US,60,20210330,180000,6.72,6.74,6.72,6.7325,59240,0
PHK.US,60,20210330,190000,6.73,6.73,6.71,6.71,27217,0
PHK.US,60,20210330,200000,6.72,6.73,6.71,6.7294,59563,0
PHK.US,60,20210330,210000,6.725,6.74,6.72,6.7383,35071,0
PHK.US,60,20210330,220000,6.7371,6.74,6.72,6.725,26113,0
PHK.US,60,20210331,160000,6.7,6.75,6.7,6.748,75824,0
PHK.US,60,20210331,170000,6.75,6.82,6.74,6.8163,148004,0
PHK.US,60,20210331,180000,6.8,6.8,6.72,6.78,124504,0
PHK.US,60,20210331,190000,6.78,6.8,6.7633,6.7906,92442,0
PHK.US,60,20210331,200000,6.7986,6.8,6.77,6.77,64770,0
PHK.US,60,20210331,210000,6.7899,6.79,6.76,6.77,27133,0
PHK.US,60,20210331,220000,6.76,6.77,6.74,6.74,107702,0
PHK.US,60,20210401,160000,6.79,6.82,6.78,6.8,80140,0
PHK.US,60,20210401,170000,6.8064,6.82,6.78,6.8,103703,0
PHK.US,60,20210401,180000,6.81,6.82,6.8,6.8182,65434,0
PHK.US,60,20210401,190000,6.815,6.82,6.8,6.81,53274,0
PHK.US,60,20210401,200000,6.81,6.8152,6.77,6.78,120772,0
PHK.US,60,20210401,210000,6.7794,6.7999,6.77,6.79,28629,0
PHK.US,60,20210401,220000,6.795,6.8,6.77,6.77,55792,0
PHK.US,60,20210405,160000,6.81,6.83,6.8,6.82,116975,0
PHK.US,60,20210405,170000,6.83,6.87,6.83,6.8601,132212,0
PHK.US,60,20210405,180000,6.8652,6.88,6.85,6.875,94765,0
PHK.US,60,20210405,190000,6.8772,6.9,6.86,6.88,66904,0
PHK.US,60,20210405,200000,6.885,6.885,6.84,6.845,141835,0
PHK.US,60,20210405,210000,6.84,6.85,6.82,6.82,51039,0
PHK.US,60,20210405,220000,6.82,6.8299,6.8,6.81,61043,0
PHK.US,60,20210406,160000,6.84,6.87,6.8255,6.84,52018,0
PHK.US,60,20210406,170000,6.85,6.88,6.85,6.8799,43580,0
PHK.US,60,20210406,180000,6.87,6.88,6.85,6.8699,108788,0
PHK.US,60,20210406,190000,6.86,6.87,6.85,6.85,75969,0
PHK.US,60,20210406,200000,6.8699,6.87,6.85,6.85,32707,0
PHK.US,60,20210406,210000,6.855,6.88,6.85,6.8799,20998,0
PHK.US,60,20210406,220000,6.8761,6.88,6.86,6.88,83957,0
PHK.US,60,20210407,160000,6.9,6.91,6.89,6.8907,76307,0
PHK.US,60,20210407,170000,6.9,6.94,6.8988,6.93,129458,0
PHK.US,60,20210407,180000,6.9307,6.94,6.93,6.935,32388,0
PHK.US,60,20210407,190000,6.93,6.94,6.92,6.935,42956,0
PHK.US,60,20210407,200000,6.9342,6.96,6.93,6.96,30652,0
PHK.US,60,20210407,210000,6.96,6.97,6.9401,6.9699,63501,0
PHK.US,60,20210407,220000,6.97,6.98,6.96,6.98,85771,0
PHK.US,60,20210408,160000,6.99,6.99,6.93,6.9583,121653,0
PHK.US,60,20210408,170000,6.9513,6.96,6.94,6.96,68822,0
PHK.US,60,20210408,180000,6.9513,6.97,6.94,6.96,57214,0
PHK.US,60,20210408,190000,6.96,6.97,6.94,6.95,24404,0
PHK.US,60,20210408,200000,6.96,6.97,6.94,6.965,69079,0
PHK.US,60,20210408,210000,6.97,6.99,6.9545,6.955,54028,0
PHK.US,60,20210408,220000,6.96,6.99,6.95,6.95,137073,0
PHK.US,60,20210409,160000,6.9,6.95,6.9,6.93,47383,0
PHK.US,60,20210409,170000,6.92,6.95,6.92,6.93,58836,0
PHK.US,60,20210409,180000,6.93,6.9455,6.93,6.9401,18873,0
PHK.US,60,20210409,190000,6.93,6.95,6.93,6.94,38198,0
PHK.US,60,20210409,200000,6.945,6.9499,6.93,6.9499,27523,0
PHK.US,60,20210409,210000,6.9444,6.9476,6.94,6.945,16912,0
PHK.US,60,20210409,220000,6.9421,6.97,6.94,6.96,76939,0
PHK.US,60,20210412,160000,6.9,6.9149,6.87,6.87,164395,0
PHK.US,60,20210412,170000,6.8799,6.9003,6.87,6.88,101352,0
PHK.US,60,20210412,180000,6.885,6.9,6.87,6.8843,118533,0
PHK.US,60,20210412,190000,6.885,6.89,6.87,6.89,44319,0
PHK.US,60,20210412,200000,6.889,6.89,6.87,6.88,54755,0
PHK.US,60,20210412,210000,6.88,6.89,6.87,6.885,40347,0
PHK.US,60,20210412,220000,6.8835,6.9,6.88,6.89,44293,0
PHK.US,60,20210413,160000,6.88,6.8952,6.88,6.8952,29484,0
PHK.US,60,20210413,170000,6.895,6.9,6.88,6.8822,59590,0
PHK.US,60,20210413,180000,6.88,6.89,6.87,6.885,24557,0
PHK.US,60,20210413,190000,6.888,6.888,6.87,6.8797,28497,0
PHK.US,60,20210413,200000,6.8775,6.88,6.87,6.875,39115,0
PHK.US,60,20210413,210000,6.87,6.875,6.79,6.805,156212,0
PHK.US,60,20210413,220000,6.8,6.81,6.73,6.77,165873,0
PHK.US,60,20210414,160000,6.77,6.8155,6.77,6.8,70306,0
PHK.US,60,20210414,170000,6.7999,6.8,6.79,6.795,43247,0
PHK.US,60,20210414,180000,6.7972,6.805,6.79,6.8,40422,0
PHK.US,60,20210414,190000,6.8,6.83,6.8,6.82,27823,0
PHK.US,60,20210414,200000,6.81,6.83,6.81,6.81,37391,0
PHK.US,60,20210414,210000,6.805,6.82,6.8,6.8,17905,0
PHK.US,60,20210414,220000,6.81,6.81,6.8,6.81,31208,0
PHK.US,60,20210415,160000,6.85,6.86,6.8358,6.85,68232,0
PHK.US,60,20210415,170000,6.86,6.88,6.8426,6.87,56813,0
PHK.US,60,20210415,180000,6.8793,6.9,6.8743,6.9,46626,0
PHK.US,60,20210415,190000,6.9,6.9,6.88,6.88,30321,0
PHK.US,60,20210415,200000,6.88,6.9,6.875,6.89,30777,0
PHK.US,60,20210415,210000,6.895,6.9,6.87,6.8773,78607,0
PHK.US,60,20210415,220000,6.87,6.88,6.85,6.88,45595,0
PHK.US,60,20210416,160000,6.9,6.92,6.9,6.92,60885,0
PHK.US,60,20210416,170000,6.91,6.93,6.9099,6.9201,57887,0
PHK.US,60,20210416,180000,6.925,6.93,6.92,6.925,29718,0
PHK.US,60,20210416,190000,6.925,6.95,6.92,6.9401,75538,0
PHK.US,60,20210416,200000,6.9474,6.95,6.94,6.945,54727,0
PHK.US,60,20210416,210000,6.95,6.955,6.9401,6.955,58999,0
PHK.US,60,20210416,220000,6.955,6.97,6.95,6.95,48785,0
PHK.US,60,20210419,160000,6.94,6.9595,6.91,6.9201,75003,0
PHK.US,60,20210419,170000,6.9201,6.93,6.91,6.915,52181,0
PHK.US,60,20210419,180000,6.915,6.9299,6.9,6.9299,40033,0
PHK.US,60,20210419,190000,6.9201,6.93,6.86,6.86,94436,0
PHK.US,60,20210419,200000,6.865,6.9083,6.86,6.89,53377,0
PHK.US,60,20210419,210000,6.895,6.92,6.8916,6.91,28509,0
PHK.US,60,20210419,220000,6.91,6.92,6.9099,6.91,23166,0
PHK.US,60,20210420,160000,6.93,6.9479,6.93,6.93,20573,0
PHK.US,60,20210420,170000,6.93,6.9344,6.9,6.91,25254,0
PHK.US,60,20210420,180000,6.91,6.91,6.895,6.91,43732,0
PHK.US,60,20210420,190000,6.91,6.92,6.86,6.89,54701,0
PHK.US,60,20210420,200000,6.8887,6.8887,6.815,6.85,75832,0
PHK.US,60,20210420,210000,6.85,6.86,6.8201,6.83,65066,0
PHK.US,60,20210420,220000,6.83,6.8499,6.83,6.84,18861,0
PHK.US,60,20210421,160000,6.85,6.87,6.84,6.86,40655,0
PHK.US,60,20210421,170000,6.865,6.9,6.865,6.88,31707,0
PHK.US,60,20210421,180000,6.88,6.89,6.84,6.88,49546,0
PHK.US,60,20210421,190000,6.88,6.89,6.87,6.875,47433,0
PHK.US,60,20210421,200000,6.88,6.89,6.86,6.87,29245,0
PHK.US,60,20210421,210000,6.86,6.88,6.86,6.875,46003,0
PHK.US,60,20210421,220000,6.875,6.875,6.84,6.86,14131,0
PHK.US,60,20210422,160000,6.86,6.88,6.86,6.88,71358,0
PHK.US,60,20210422,170000,6.88,6.94,6.875,6.9379,100351,0
PHK.US,60,20210422,180000,6.94,6.94,6.915,6.93,85160,0
PHK.US,60,20210422,190000,6.9201,6.94,6.92,6.935,18019,0
PHK.US,60,20210422,200000,6.94,6.94,6.88,6.9,55852,0
PHK.US,60,20210422,210000,6.89,6.89,6.875,6.88,48362,0
PHK.US,60,20210422,220000,6.875,6.882,6.87,6.88,46034,0
PHK.US,60,20210423,160000,6.9,6.92,6.9,6.9,59422,0
PHK.US,60,20210423,170000,6.91,6.92,6.87,6.88,98387,0
PHK.US,60,20210423,180000,6.88,6.9,6.88,6.885,25748,0
PHK.US,60,20210423,190000,6.89,6.89,6.88,6.885,26839,0
PHK.US,60,20210423,200000,6.88,6.89,6.87,6.8779,31863,0
PHK.US,60,20210423,210000,6.8791,6.88,6.86,6.8799,31342,0
PHK.US,60,20210423,220000,6.885,6.89,6.88,6.89,18481,0
PHK.US,60,20210426,160000,6.9,6.92,6.89,6.89,43969,0
PHK.US,60,20210426,170000,6.895,6.91,6.87,6.875,112062,0
PHK.US,60,20210426,180000,6.88,6.8886,6.87,6.8886,120456,0
PHK.US,60,20210426,190000,6.89,6.89,6.875,6.8802,71906,0
PHK.US,60,20210426,200000,6.8899,6.8899,6.87,6.8758,57562,0
PHK.US,60,20210426,210000,6.875,6.875,6.86,6.86,81632,0
PHK.US,60,20210426,220000,6.87,6.87,6.85,6.85,176714,0
PHK.US,60,20210427,160000,6.88,6.88,6.85,6.85,70114,0
PHK.US,60,20210427,170000,6.8602,6.88,6.85,6.86,103972,0
PHK.US,60,20210427,180000,6.8699,6.87,6.85,6.85,60966,0
PHK.US,60,20210427,190000,6.86,6.86,6.8,6.8104,171536,0
PHK.US,60,20210427,200000,6.81,6.8199,6.76,6.81,209460,0
PHK.US,60,20210427,210000,6.8089,6.82,6.79,6.7937,64364,0
PHK.US,60,20210427,220000,6.7938,6.8001,6.79,6.8,70586,0
PHK.US,60,20210428,160000,6.79,6.81,6.77,6.79,218504,0
PHK.US,60,20210428,170000,6.7801,6.8,6.78,6.7999,90160,0
PHK.US,60,20210428,180000,6.8,6.8099,6.79,6.7987,44984,0
PHK.US,60,20210428,190000,6.7987,6.82,6.79,6.8063,50584,0
PHK.US,60,20210428,200000,6.81,6.82,6.8,6.82,24906,0
PHK.US,60,20210428,210000,6.82,6.82,6.81,6.815,49432,0
PHK.US,60,20210428,220000,6.82,6.83,6.8101,6.82,200790,0
PHK.US,60,20210429,160000,6.86,6.86,6.8,6.81,103158,0
PHK.US,60,20210429,170000,6.81,6.81,6.78,6.7801,152342,0
PHK.US,60,20210429,180000,6.7894,6.8,6.78,6.7901,48600,0
PHK.US,60,20210429,190000,6.795,6.82,6.795,6.8005,44996,0
PHK.US,60,20210429,200000,6.8,6.84,6.8,6.84,34030,0
PHK.US,60,20210429,210000,6.84,6.84,6.83,6.835,49148,0
PHK.US,60,20210429,220000,6.8348,6.85,6.83,6.85,134432,0
PHK.US,60,20210430,160000,6.83,6.83,6.81,6.828,67892,0
PHK.US,60,20210430,170000,6.83,6.8449,6.82,6.837,99034,0
PHK.US,60,20210430,180000,6.8383,6.8399,6.83,6.8328,31002,0
PHK.US,60,20210430,190000,6.835,6.835,6.82,6.8275,107014,0
PHK.US,60,20210430,200000,6.823,6.84,6.82,6.8224,73766,0
PHK.US,60,20210430,210000,6.8293,6.84,6.815,6.835,117588,0
PHK.US,60,20210430,220000,6.835,6.85,6.8201,6.83,272098,0
PHK.US,60,20210503,160000,6.85,6.87,6.83,6.84,93639,0
PHK.US,60,20210503,170000,6.8401,6.88,6.84,6.8597,94360,0
PHK.US,60,20210503,180000,6.855,6.88,6.84,6.86,90190,0
PHK.US,60,20210503,190000,6.865,6.88,6.85,6.8531,49651,0
PHK.US,60,20210503,200000,6.855,6.86,6.81,6.81,63638,0
PHK.US,60,20210503,210000,6.82,6.8464,6.82,6.84,11551,0
PHK.US,60,20210503,220000,6.835,6.84,6.82,6.82,50942,0
PHK.US,60,20210504,160000,6.82,6.85,6.82,6.85,77889,0
PHK.US,60,20210504,170000,6.85,6.86,6.83,6.84,131245,0
PHK.US,60,20210504,180000,6.845,6.86,6.84,6.84,98518,0
PHK.US,60,20210504,190000,6.8434,6.86,6.84,6.85,47025,0
PHK.US,60,20210504,200000,6.86,6.87,6.8399,6.85,94439,0
PHK.US,60,20210504,210000,6.845,6.87,6.84,6.8699,34811,0
PHK.US,60,20210504,220000,6.8699,6.9,6.86,6.88,67067,0
PHK.US,60,20210505,160000,6.92,6.92,6.86,6.88,100935,0
PHK.US,60,20210505,170000,6.8701,6.88,6.86,6.88,63758,0
PHK.US,60,20210505,180000,6.87,6.88,6.87,6.8714,23260,0
PHK.US,60,20210505,190000,6.8771,6.9,6.87,6.8901,56781,0
PHK.US,60,20210505,200000,6.8984,6.9,6.88,6.8874,52123,0
PHK.US,60,20210505,210000,6.8879,6.905,6.885,6.895,26933,0
PHK.US,60,20210505,220000,6.8996,6.91,6.885,6.89,112598,0
PHK.US,60,20210506,160000,6.91,6.94,6.9,6.93,75229,0
PHK.US,60,20210506,170000,6.925,6.93,6.9,6.93,58893,0
PHK.US,60,20210506,180000,6.925,6.95,6.925,6.9429,70145,0
PHK.US,60,20210506,190000,6.945,6.95,6.92,6.945,42273,0
PHK.US,60,20210506,200000,6.95,6.95,6.94,6.947,27140,0
PHK.US,60,20210506,210000,6.9499,6.95,6.925,6.93,77174,0
PHK.US,60,20210506,220000,6.935,6.94,6.91,6.94,116435,0
PHK.US,60,20210507,160000,6.93,6.96,6.92,6.9501,59759,0
PHK.US,60,20210507,170000,6.955,6.97,6.95,6.9685,69463,0
PHK.US,60,20210507,180000,6.965,7,6.96,6.97,104816,0
PHK.US,60,20210507,190000,6.9699,7,6.965,7,97493,0
PHK.US,60,20210507,200000,6.995,7,6.99,6.9925,67061,0
PHK.US,60,20210507,210000,6.9999,7,6.97,6.975,59620,0
PHK.US,60,20210507,220000,6.975,7,6.97,6.99,75776,0
PHK.US,60,20210510,160000,7,7.04,6.975,7.03,229536,0
PHK.US,60,20210510,170000,7.025,7.04,7.02,7.03,62714,0
PHK.US,60,20210510,180000,7.0301,7.18,7.03,7.14,481200,0
PHK.US,60,20210510,190000,7.14,7.18,7.13,7.14,137646,0
PHK.US,60,20210510,200000,7.15,7.16,7.08,7.0999,99606,0
PHK.US,60,20210510,210000,7.0999,7.11,7.0499,7.07,91254,0
PHK.US,60,20210510,220000,7.065,7.08,7.02,7.02,80032,0
PHK.US,60,20210511,160000,6.96,7.05,6.93,7.05,96566,0
PHK.US,60,20210511,170000,7.05,7.05,6.93,6.95,108786,0
PHK.US,60,20210511,180000,6.94,7,6.93,7,67845,0
PHK.US,60,20210511,190000,6.9961,7,6.97,6.97,55671,0
PHK.US,60,20210511,200000,6.96,6.98,6.96,6.97,51299,0
PHK.US,60,20210511,210000,6.97,6.99,6.96,6.9859,58520,0
PHK.US,60,20210511,220000,6.9887,7.005,6.97,6.99,79309,0
PHK.US,60,20210512,160000,6.91,6.95,6.88,6.9,78574,0
PHK.US,60,20210512,170000,6.9,6.9,6.79,6.8,200583,0
PHK.US,60,20210512,180000,6.8,6.83,6.6,6.61,426168,0
PHK.US,60,20210512,190000,6.61,6.62,6.47,6.605,448512,0
PHK.US,60,20210512,200000,6.61,6.63,6.57,6.6194,181819,0
PHK.US,60,20210512,210000,6.6146,6.67,6.61,6.67,128541,0
PHK.US,60,20210512,220000,6.67,6.71,6.61,6.61,132424,0
PHK.US,60,20210513,160000,6.59,6.68,6.59,6.66,141767,0
PHK.US,60,20210513,170000,6.66,6.74,6.65,6.72,149453,0
PHK.US,60,20210513,180000,6.73,6.73,6.61,6.64,134053,0
PHK.US,60,20210513,190000,6.6221,6.7,6.6221,6.675,111139,0
PHK.US,60,20210513,200000,6.675,6.7,6.62,6.62,45267,0
PHK.US,60,20210513,210000,6.62,6.66,6.55,6.5599,247609,0
PHK.US,60,20210513,220000,6.555,6.61,6.555,6.58,75542,0
PHK.US,60,20210514,160000,6.62,6.7,6.6001,6.69,125354,0
PHK.US,60,20210514,170000,6.7,6.7,6.67,6.6901,81513,0
PHK.US,60,20210514,180000,6.6999,6.7,6.68,6.6952,20304,0
PHK.US,60,20210514,190000,6.7,6.7,6.69,6.695,12057,0
PHK.US,60,20210514,200000,6.6999,6.7,6.68,6.7,28741,0
PHK.US,60,20210514,210000,6.7,6.71,6.69,6.69,31673,0
PHK.US,60,20210514,220000,6.699,6.71,6.69,6.69,22857,0
PHK.US,60,20210517,160000,6.7,6.77,6.7,6.77,69047,0
PHK.US,60,20210517,170000,6.7699,6.79,6.75,6.76,62091,0
PHK.US,60,20210517,180000,6.75,6.77,6.74,6.75,32899,0
PHK.US,60,20210517,190000,6.7401,6.78,6.74,6.76,19142,0
PHK.US,60,20210517,200000,6.77,6.7765,6.74,6.76,14180,0
PHK.US,60,20210517,210000,6.7584,6.8,6.75,6.77,41292,0
PHK.US,60,20210517,220000,6.7771,6.8,6.77,6.8,50925,0
PHK.US,60,20210518,160000,6.8,6.8199,6.75,6.75,58155,0
PHK.US,60,20210518,170000,6.7529,6.84,6.7529,6.839,112726,0
PHK.US,60,20210518,180000,6.84,6.84,6.8,6.8199,57803,0
PHK.US,60,20210518,190000,6.81,6.8165,6.8,6.8031,20149,0
PHK.US,60,20210518,200000,6.8099,6.82,6.79,6.8,69473,0
PHK.US,60,20210518,210000,6.795,6.8,6.73,6.735,80128,0
PHK.US,60,20210518,220000,6.735,6.7702,6.7,6.7,97262,0
PHK.US,60,20210519,160000,6.67,6.71,6.64,6.71,82275,0
PHK.US,60,20210519,170000,6.7047,6.7047,6.64,6.67,61220,0
PHK.US,60,20210519,180000,6.685,6.73,6.6846,6.71,38404,0
PHK.US,60,20210519,190000,6.71,6.74,6.71,6.73,13319,0
PHK.US,60,20210519,200000,6.73,6.75,6.7294,6.7483,31779,0
PHK.US,60,20210519,210000,6.75,6.8,6.69,6.76,72759,0
PHK.US,60,20210519,220000,6.7599,6.79,6.745,6.78,22738,0
PHK.US,60,20210520,160000,6.79,6.79,6.7,6.73,74430,0
PHK.US,60,20210520,170000,6.735,6.74,6.72,6.74,40771,0
PHK.US,60,20210520,180000,6.7399,6.8,6.7399,6.7637,67203,0
PHK.US,60,20210520,190000,6.78,6.78,6.75,6.76,33539,0
PHK.US,60,20210520,200000,6.75,6.76,6.75,6.7593,20144,0
PHK.US,60,20210520,210000,6.755,6.77,6.75,6.77,34806,0
PHK.US,60,20210520,220000,6.765,6.79,6.765,6.79,45070,0
PHK.US,60,20210521,160000,6.8,6.82,6.7835,6.81,44872,0
PHK.US,60,20210521,170000,6.81,6.82,6.7648,6.78,68131,0
PHK.US,60,20210521,180000,6.7808,6.81,6.74,6.7492,80125,0
PHK.US,60,20210521,190000,6.7499,6.76,6.74,6.755,16656,0
PHK.US,60,20210521,200000,6.76,6.76,6.74,6.7492,9266,0
PHK.US,60,20210521,210000,6.7571,6.76,6.7401,6.745,14517,0
PHK.US,60,20210521,220000,6.74,6.75,6.73,6.73,40215,0
PHK.US,60,20210524,160000,6.74,6.7761,6.74,6.7665,21116,0
PHK.US,60,20210524,170000,6.7433,6.78,6.7433,6.765,82840,0
PHK.US,60,20210524,180000,6.764,6.82,6.76,6.8,71357,0
PHK.US,60,20210524,190000,6.8053,6.8084,6.78,6.78,26706,0
PHK.US,60,20210524,200000,6.785,6.79,6.78,6.7808,14327,0
PHK.US,60,20210524,210000,6.79,6.8,6.77,6.7757,45693,0
PHK.US,60,20210524,220000,6.78,6.78,6.75,6.76,22449,0
PHK.US,60,20210525,160000,6.8,6.8,6.77,6.77,28522,0
PHK.US,60,20210525,170000,6.775,6.78,6.76,6.7691,27307,0
PHK.US,60,20210525,180000,6.7699,6.78,6.7644,6.78,19435,0
PHK.US,60,20210525,190000,6.775,6.7801,6.77,6.77,33611,0
PHK.US,60,20210525,200000,6.772,6.78,6.772,6.7799,6143,0
PHK.US,60,20210525,210000,6.79,6.79,6.76,6.76,27379,0
PHK.US,60,20210525,220000,6.765,6.79,6.76,6.77,17519,0
PHK.US,60,20210526,160000,6.79,6.8,6.778,6.79,19553,0
PHK.US,60,20210526,170000,6.79,6.7963,6.74,6.75,58302,0
PHK.US,60,20210526,180000,6.745,6.78,6.735,6.76,29028,0
PHK.US,60,20210526,190000,6.76,6.77,6.75,6.7554,20812,0
PHK.US,60,20210526,200000,6.7555,6.76,6.7507,6.7555,10543,0
PHK.US,60,20210526,210000,6.76,6.76,6.75,6.7599,11062,0
PHK.US,60,20210526,220000,6.7544,6.78,6.7544,6.77,44582,0
PHK.US,60,20210527,160000,6.77,6.7883,6.77,6.785,38818,0
PHK.US,60,20210527,170000,6.78,6.799,6.78,6.785,74918,0
PHK.US,60,20210527,180000,6.78,6.79,6.78,6.79,12248,0
PHK.US,60,20210527,190000,6.7858,6.8,6.78,6.8,18572,0
PHK.US,60,20210527,200000,6.7999,6.8058,6.79,6.7946,29259,0
PHK.US,60,20210527,210000,6.8,6.81,6.79,6.8036,17311,0
PHK.US,60,20210527,220000,6.79,6.81,6.78,6.8,46781,0
PHK.US,60,20210528,160000,6.81,6.81,6.785,6.7899,35378,0
PHK.US,60,20210528,170000,6.7806,6.7947,6.78,6.7894,65824,0
PHK.US,60,20210528,180000,6.7869,6.81,6.785,6.8099,27801,0
PHK.US,60,20210528,190000,6.805,6.81,6.79,6.8061,36386,0
PHK.US,60,20210528,200000,6.805,6.81,6.79,6.8034,40249,0
PHK.US,60,20210528,210000,6.805,6.81,6.795,6.795,17344,0
PHK.US,60,20210528,220000,6.8,6.82,6.8,6.82,60337,0
PHK.US,60,20210601,160000,6.83,6.8386,6.8,6.815,65925,0
PHK.US,60,20210601,170000,6.8181,6.83,6.8,6.8221,52780,0
PHK.US,60,20210601,180000,6.83,6.86,6.8241,6.835,101498,0
PHK.US,60,20210601,190000,6.8351,6.84,6.83,6.84,18388,0
PHK.US,60,20210601,200000,6.837,6.84,6.81,6.81,47191,0
PHK.US,60,20210601,210000,6.815,6.84,6.81,6.83,40918,0
PHK.US,60,20210601,220000,6.83,6.85,6.8226,6.83,60837,0
PHK.US,60,20210602,160000,6.85,6.9,6.84,6.8601,57567,0
PHK.US,60,20210602,170000,6.87,6.89,6.8694,6.8866,40325,0
PHK.US,60,20210602,180000,6.885,6.9,6.88,6.8977,34667,0
PHK.US,60,20210602,190000,6.89,6.9,6.8845,6.89,47464,0
PHK.US,60,20210602,200000,6.8852,6.89,6.87,6.885,21107,0
PHK.US,60,20210602,210000,6.886,6.9,6.86,6.8688,44804,0
PHK.US,60,20210602,220000,6.87,6.9,6.863,6.88,51130,0
PHK.US,60,20210603,160000,6.88,6.8899,6.81,6.8778,49164,0
PHK.US,60,20210603,170000,6.87,6.9096,6.83,6.88,120642,0
PHK.US,60,20210603,180000,6.875,6.88,6.87,6.875,27533,0
PHK.US,60,20210603,190000,6.8703,6.91,6.87,6.8991,68666,0
PHK.US,60,20210603,200000,6.8901,6.9,6.87,6.895,42367,0
PHK.US,60,20210603,210000,6.895,6.9,6.89,6.895,14144,0
PHK.US,60,20210603,220000,6.895,6.9,6.89,6.89,29800,0
PHK.US,60,20210604,160000,6.91,6.93,6.9,6.91,38303,0
PHK.US,60,20210604,170000,6.91,6.94,6.9077,6.93,102137,0
PHK.US,60,20210604,180000,6.928,6.9399,6.92,6.9367,18871,0
PHK.US,60,20210604,190000,6.9354,6.94,6.93,6.935,20332,0
PHK.US,60,20210604,200000,6.94,6.95,6.93,6.95,45645,0
PHK.US,60,20210604,210000,6.9418,6.98,6.94,6.96,88113,0
PHK.US,60,20210604,220000,6.965,6.99,6.96,6.98,72342,0
PHK.US,60,20210607,160000,6.98,7,6.9785,6.9959,105430,0
PHK.US,60,20210607,170000,6.9915,7.02,6.9915,7.005,117053,0
PHK.US,60,20210607,180000,7.002,7.01,6.99,6.99,30444,0
PHK.US,60,20210607,190000,6.995,7,6.99,6.995,17825,0
PHK.US,60,20210607,200000,6.9908,7,6.98,6.995,32230,0
PHK.US,60,20210607,210000,6.995,7.02,6.97,6.9792,80066,0
PHK.US,60,20210607,220000,6.975,7.01,6.97,7,49971,0
PHK.US,60,20210608,160000,7.01,7.02,7,7.0097,33956,0
PHK.US,60,20210608,170000,7.01,7.0499,7.005,7.04,65251,0
PHK.US,60,20210608,180000,7.04,7.05,7.03,7.05,46409,0
PHK.US,60,20210608,190000,7.05,7.05,7.035,7.0374,33559,0
PHK.US,60,20210608,200000,7.035,7.07,7.03,7.045,100378,0
PHK.US,60,20210608,210000,7.0593,7.0599,7.04,7.0564,43559,0
PHK.US,60,20210608,220000,7.058,7.0699,7.0366,7.06,63588,0
PHK.US,60,20210609,160000,7.06,7.07,7.05,7.06,32855,0
PHK.US,60,20210609,170000,7.0588,7.07,7.0558,7.065,63178,0
PHK.US,60,20210609,180000,7.065,7.07,7.05,7.05,72741,0
PHK.US,60,20210609,190000,7.0599,7.06,7.03,7.045,87415,0
PHK.US,60,20210609,200000,7.0499,7.05,7.03,7.05,47184,0
PHK.US,60,20210609,210000,7.04,7.04,7,7.005,61942,0
PHK.US,60,20210609,220000,7.0047,7.01,6.9601,6.97,135613,0
PHK.US,60,20210610,160000,6.89,6.96,6.88,6.95,87326,0
PHK.US,60,20210610,170000,6.96,6.99,6.94,6.95,30558,0
PHK.US,60,20210610,180000,6.96,6.97,6.94,6.94,40163,0
PHK.US,60,20210610,190000,6.945,6.95,6.94,6.948,15946,0
PHK.US,60,20210610,200000,6.945,6.95,6.93,6.94,17604,0
PHK.US,60,20210610,210000,6.9454,6.95,6.94,6.945,11085,0
PHK.US,60,20210610,220000,6.94,6.9488,6.91,6.91,76719,0
PHK.US,60,20210611,160000,6.96,6.96,6.93,6.94,102606,0
PHK.US,60,20210611,170000,6.94,6.95,6.9109,6.92,34005,0
PHK.US,60,20210611,180000,6.92,6.95,6.9,6.93,76980,0
PHK.US,60,20210611,190000,6.9336,6.935,6.91,6.9293,33425,0
PHK.US,60,20210611,200000,6.9228,6.94,6.92,6.93,18044,0
PHK.US,60,20210611,210000,6.935,6.94,6.93,6.935,6284,0
PHK.US,60,20210611,220000,6.9301,6.94,6.93,6.94,15212,0
PHK.US,60,20210614,160000,6.95,6.97,6.92,6.925,47136,0
PHK.US,60,20210614,170000,6.93,6.96,6.91,6.955,73891,0
PHK.US,60,20210614,180000,6.95,6.99,6.94,6.9799,67582,0
PHK.US,60,20210614,190000,6.97,6.99,6.91,6.925,54647,0
PHK.US,60,20210614,200000,6.9226,6.96,6.9226,6.9499,46922,0
PHK.US,60,20210614,210000,6.95,6.96,6.94,6.95,18499,0
PHK.US,60,20210614,220000,6.945,6.95,6.91,6.94,33449,0
PHK.US,60,20210615,160000,6.94,6.94,6.91,6.915,44670,0
PHK.US,60,20210615,170000,6.92,6.93,6.78,6.8199,217956,0
PHK.US,60,20210615,180000,6.81,6.84,6.8,6.8243,90075,0
PHK.US,60,20210615,190000,6.82,6.85,6.82,6.85,46450,0
PHK.US,60,20210615,200000,6.8331,6.8391,6.82,6.82,36203,0
PHK.US,60,20210615,210000,6.82,6.84,6.81,6.83,67654,0
PHK.US,60,20210615,220000,6.8299,6.85,6.82,6.83,86802,0
PHK.US,60,20210616,160000,6.86,6.88,6.8,6.8286,150541,0
PHK.US,60,20210616,170000,6.84,6.84,6.8,6.8002,84808,0
PHK.US,60,20210616,180000,6.805,6.8201,6.73,6.8102,205358,0
PHK.US,60,20210616,190000,6.8268,6.83,6.81,6.8141,19757,0
PHK.US,60,20210616,200000,6.815,6.8173,6.8,6.8088,18974,0
PHK.US,60,20210616,210000,6.81,6.835,6.8,6.83,52971,0
PHK.US,60,20210616,220000,6.84,6.85,6.82,6.85,46048,0
PHK.US,60,20210617,160000,6.85,6.8802,6.85,6.87,19642,0
PHK.US,60,20210617,170000,6.8702,6.8702,6.81,6.826,52596,0
PHK.US,60,20210617,180000,6.82,6.83,6.81,6.83,29219,0
PHK.US,60,20210617,190000,6.82,6.8299,6.81,6.8147,22508,0
PHK.US,60,20210617,200000,6.8195,6.82,6.81,6.81,16686,0
PHK.US,60,20210617,210000,6.8101,6.82,6.81,6.8199,36241,0
PHK.US,60,20210617,220000,6.8101,6.8602,6.8,6.84,58196,0
PHK.US,60,20210618,160000,6.81,6.84,6.81,6.83,17631,0
PHK.US,60,20210618,170000,6.8373,6.84,6.82,6.82,46896,0
PHK.US,60,20210618,180000,6.82,6.825,6.81,6.81,70636,0
PHK.US,60,20210618,190000,6.815,6.82,6.8,6.8,63648,0
PHK.US,60,20210618,200000,6.8,6.81,6.79,6.7909,30751,0
PHK.US,60,20210618,210000,6.8,6.83,6.79,6.8107,140098,0
PHK.US,60,20210618,220000,6.81,6.8199,6.79,6.8,54627,0
PHK.US,60,20210621,160000,6.83,6.835,6.81,6.81,83050,0
PHK.US,60,20210621,170000,6.8199,6.83,6.8,6.81,79076,0
PHK.US,60,20210621,180000,6.805,6.81,6.79,6.79,46341,0
PHK.US,60,20210621,190000,6.7989,6.81,6.76,6.7792,134996,0
PHK.US,60,20210621,200000,6.7761,6.79,6.76,6.77,29077,0
PHK.US,60,20210621,210000,6.7748,6.7748,6.76,6.7694,35378,0
PHK.US,60,20210621,220000,6.7689,6.8,6.76,6.79,59200,0
PHK.US,60,20210622,160000,6.77,6.83,6.77,6.8104,43395,0
PHK.US,60,20210622,170000,6.81,6.8164,6.8,6.81,33161,0
PHK.US,60,20210622,180000,6.8107,6.83,6.8,6.8007,54836,0
PHK.US,60,20210622,190000,6.8007,6.81,6.795,6.795,18328,0
PHK.US,60,20210622,200000,6.7901,6.8,6.79,6.8,32600,0
PHK.US,60,20210622,210000,6.8,6.8,6.79,6.795,34744,0
PHK.US,60,20210622,220000,6.795,6.8,6.78,6.78,28228,0
PHK.US,60,20210623,160000,6.82,6.85,6.81,6.8347,53006,0
PHK.US,60,20210623,170000,6.83,6.85,6.82,6.83,59467,0
PHK.US,60,20210623,180000,6.825,6.83,6.82,6.8272,38789,0
PHK.US,60,20210623,190000,6.82,6.84,6.82,6.835,63210,0
PHK.US,60,20210623,200000,6.83,6.85,6.83,6.8329,22491,0
PHK.US,60,20210623,210000,6.83,6.84,6.83,6.84,8733,0
PHK.US,60,20210623,220000,6.835,6.84,6.82,6.83,54801,0
PHK.US,60,20210624,160000,6.85,6.87,6.83,6.8584,26283,0
PHK.US,60,20210624,170000,6.855,6.88,6.8501,6.865,43964,0
PHK.US,60,20210624,180000,6.8639,6.87,6.855,6.8601,27558,0
PHK.US,60,20210624,190000,6.87,6.88,6.86,6.8707,33296,0
PHK.US,60,20210624,200000,6.87,6.88,6.87,6.8799,16822,0
PHK.US,60,20210624,210000,6.87,6.8741,6.87,6.87,5363,0
PHK.US,60,20210624,220000,6.8735,6.8735,6.85,6.85,38974,0
PHK.US,60,20210625,160000,6.85,6.86,6.85,6.8589,51913,0
PHK.US,60,20210625,170000,6.8507,6.87,6.85,6.87,25740,0
PHK.US,60,20210625,180000,6.8609,6.87,6.85,6.85,33291,0
PHK.US,60,20210625,190000,6.8516,6.86,6.8516,6.8577,24532,0
PHK.US,60,20210625,200000,6.86,6.86,6.84,6.845,39982,0
PHK.US,60,20210625,210000,6.8436,6.86,6.8401,6.86,21855,0
PHK.US,60,20210625,220000,6.855,6.86,6.8425,6.85,61638,0
PHK.US,60,20210628,160000,6.85,6.85,6.83,6.831,20396,0
PHK.US,60,20210628,170000,6.84,6.865,6.83,6.84,61168,0
PHK.US,60,20210628,180000,6.845,6.86,6.845,6.85,22968,0
PHK.US,60,20210628,190000,6.855,6.86,6.85,6.8599,24024,0
PHK.US,60,20210628,200000,6.855,6.86,6.85,6.855,28876,0
PHK.US,60,20210628,210000,6.8571,6.86,6.85,6.855,45727,0
PHK.US,60,20210628,220000,6.8571,6.8584,6.84,6.84,22868,0
PHK.US,60,20210629,160000,6.86,6.88,6.85,6.8701,76090,0
PHK.US,60,20210629,170000,6.875,6.88,6.86,6.86,40174,0
PHK.US,60,20210629,180000,6.8621,6.87,6.8401,6.845,16453,0
PHK.US,60,20210629,190000,6.845,6.86,6.845,6.86,18295,0
PHK.US,60,20210629,200000,6.8594,6.86,6.85,6.85,25460,0
PHK.US,60,20210629,210000,6.8599,6.86,6.85,6.86,27371,0
PHK.US,60,20210629,220000,6.855,6.86,6.855,6.86,24910,0
PHK.US,60,20210630,160000,6.85,6.87,6.85,6.865,9153,0
PHK.US,60,20210630,170000,6.8693,6.88,6.85,6.85,45602,0
PHK.US,60,20210630,180000,6.855,6.86,6.85,6.8597,11561,0
PHK.US,60,20210630,190000,6.86,6.86,6.85,6.855,14816,0
PHK.US,60,20210630,200000,6.855,6.86,6.85,6.86,18344,0
PHK.US,60,20210630,210000,6.86,6.86,6.8501,6.8557,7840,0
PHK.US,60,20210630,220000,6.86,6.86,6.84,6.84,83927,0
PHK.US,60,20210701,160000,6.87,6.87,6.85,6.86,49242,0
PHK.US,60,20210701,170000,6.86,6.88,6.85,6.875,42451,0
PHK.US,60,20210701,180000,6.8745,6.9,6.8715,6.8903,62916,0
PHK.US,60,20210701,190000,6.8827,6.9,6.88,6.88,19565,0
PHK.US,60,20210701,200000,6.89,6.8929,6.8801,6.89,28275,0
PHK.US,60,20210701,210000,6.8801,6.89,6.88,6.8801,15683,0
PHK.US,60,20210701,220000,6.89,6.9,6.87,6.87,50102,0
PHK.US,60,20210702,160000,6.88,6.91,6.88,6.9001,49079,0
PHK.US,60,20210702,170000,6.91,6.9501,6.906,6.9397,87260,0
PHK.US,60,20210702,180000,6.945,6.95,6.93,6.9399,60238,0
PHK.US,60,20210702,190000,6.94,6.94,6.9316,6.935,8121,0
PHK.US,60,20210702,200000,6.94,6.94,6.92,6.934,33337,0
PHK.US,60,20210702,210000,6.935,6.94,6.93,6.9313,18970,0
PHK.US,60,20210702,220000,6.94,6.95,6.93,6.95,36148,0
PHK.US,60,20210706,160000,6.95,6.96,6.95,6.96,60209,0
PHK.US,60,20210706,170000,6.9597,6.96,6.93,6.95,41205,0
PHK.US,60,20210706,180000,6.955,6.96,6.94,6.95,18924,0
PHK.US,60,20210706,190000,6.94,6.96,6.94,6.95,29037,0
PHK.US,60,20210706,200000,6.945,6.96,6.94,6.96,34372,0
PHK.US,60,20210706,210000,6.96,6.97,6.9566,6.9612,55741,0
PHK.US,60,20210706,220000,6.97,6.97,6.935,6.97,61043,0
PHK.US,60,20210707,160000,6.98,6.98,6.97,6.975,56432,0
PHK.US,60,20210707,170000,6.9799,7.0005,6.95,6.9812,151458,0
PHK.US,60,20210707,180000,6.98,6.99,6.975,6.98,45049,0
PHK.US,60,20210707,190000,6.98,6.98,6.96,6.96,29995,0
PHK.US,60,20210707,200000,6.9608,6.97,6.95,6.965,38479,0
PHK.US,60,20210707,210000,6.964,6.98,6.9301,6.9499,62501,0
PHK.US,60,20210707,220000,6.945,6.96,6.94,6.94,11865,0
PHK.US,60,20210708,160000,6.93,6.95,6.91,6.9331,63720,0
PHK.US,60,20210708,170000,6.935,6.9377,6.91,6.92,47978,0
PHK.US,60,20210708,180000,6.92,6.94,6.9101,6.925,36723,0
PHK.US,60,20210708,190000,6.925,6.94,6.925,6.93,18906,0
PHK.US,60,20210708,200000,6.9291,6.93,6.92,6.92,13492,0
PHK.US,60,20210708,210000,6.9228,6.93,6.92,6.92,18284,0
PHK.US,60,20210708,220000,6.9143,6.9147,6.9,6.9,52722,0
PHK.US,60,20210709,160000,6.85,6.875,6.85,6.85,41421,0
PHK.US,60,20210709,170000,6.85,6.88,6.85,6.88,37172,0
PHK.US,60,20210709,180000,6.875,6.8892,6.845,6.8557,134927,0
PHK.US,60,20210709,190000,6.8527,6.86,6.85,6.8559,14546,0
PHK.US,60,20210709,200000,6.855,6.86,6.83,6.835,128378,0
PHK.US,60,20210709,210000,6.834,6.85,6.82,6.83,104829,0
PHK.US,60,20210709,220000,6.83,6.84,6.82,6.83,31491,0
