<TICKER>,<PER>,<DATE>,<TIME>,<OPEN>,<HIGH>,<LOW>,<CLOSE>,<VOL>,<OPENINT>
RE.US,60,20200914,160000,204.92,205.5,204.59,205.04,2215,0
RE.US,60,20200914,170000,205.75,207.84,205.65,207.26,6623,0
RE.US,60,20200914,180000,207.38,207.68,206.52,206.98,7787,0
RE.US,60,20200914,190000,207.11,208.86,207.11,208.86,4126,0
RE.US,60,20200914,200000,209.19,209.21,207.64,207.99,8148,0
RE.US,60,20200914,210000,208.17,208.28,207.39,207.94,18695,0
RE.US,60,20200914,220000,207.72,208.17,206.4,207.01,102049,0
RE.US,60,20200915,160000,207.42,208.51,205.43,205.81,12512,0
RE.US,60,20200915,170000,205.8,207.83,205.17,207.83,19567,0
RE.US,60,20200915,180000,207.62,207.64,204.89,204.89,7824,0
RE.US,60,20200915,190000,204.84,205.44,204.31,205.23,3048,0
RE.US,60,20200915,200000,205.45,205.53,204.11,204.11,4092,0
RE.US,60,20200915,210000,204.21,204.8,203.66,203.75,7394,0
RE.US,60,20200915,220000,203.77,203.84,202.75,203.47,52285,0
RE.US,60,20200916,160000,204.24,204.86,203.23,203.23,4042,0
RE.US,60,20200916,170000,203.71,205.87,203.65,205.87,4074,0
RE.US,60,20200916,180000,205.9,207.67,205.9,207.64,6719,0
RE.US,60,20200916,190000,207.37,207.6,206.36,206.67,9751,0
RE.US,60,20200916,200000,206.46,206.46,205.25,205.25,6473,0
RE.US,60,20200916,210000,205.62,207.02,204.36,206.3,11813,0
RE.US,60,20200916,220000,206.6,206.6,202.77,203.63,109644,0
RE.US,60,20200917,160000,201.78,201.78,199.81,199.83,5557,0
RE.US,60,20200917,170000,200.09,202,199.79,201.64,11325,0
RE.US,60,20200917,180000,201.69,203.16,201.69,202.41,11674,0
RE.US,60,20200917,190000,202.47,203.84,201.9,203.71,38708,0
RE.US,60,20200917,200000,203.63,203.99,203.07,203.71,10922,0
RE.US,60,20200917,210000,203.81,204.21,202.74,202.74,8560,0
RE.US,60,20200917,220000,202.96,202.96,201.7,202.33,77470,0
RE.US,60,20200918,160000,201.63,203.15,201.63,203.12,30095,0
RE.US,60,20200918,170000,203.03,203.89,202.43,202.6,8527,0
RE.US,60,20200918,180000,202.69,202.89,200.75,201.84,15798,0
RE.US,60,20200918,190000,201.94,202.12,200.61,200.65,11141,0
RE.US,60,20200918,200000,200.79,200.91,198.85,199.72,15896,0
RE.US,60,20200918,210000,199.92,200.11,199.01,199.16,17341,0
RE.US,60,20200918,220000,199.25,199.72,197.85,198.77,165581,0
RE.US,60,20200921,160000,194.2,198.43,193.47,198.43,9825,0
RE.US,60,20200921,170000,198.33,198.73,196.25,197.29,19081,0
RE.US,60,20200921,180000,197.14,197.44,195.96,197.26,97764,0
RE.US,60,20200921,190000,197.02,198.21,196.68,197.49,68350,0
RE.US,60,20200921,200000,197.57,197.82,197.3,197.81,28233,0
RE.US,60,20200921,210000,197.79,198.01,197.37,197.75,18124,0
RE.US,60,20200921,220000,197.59,199.9,197.59,199.71,114032,0
RE.US,60,20200922,160000,200.37,204.09,200.37,201.13,6268,0
RE.US,60,20200922,170000,201.67,202.27,198.7,198.7,18942,0
RE.US,60,20200922,180000,198.67,199.04,197.27,197.65,7599,0
RE.US,60,20200922,190000,197.63,197.72,197.23,197.51,16476,0
RE.US,60,20200922,200000,197.53,198.53,196.9,197.7,32033,0
RE.US,60,20200922,210000,197.79,197.84,196.6,197.01,16461,0
RE.US,60,20200922,220000,196.98,198,196.77,197.55,93721,0
RE.US,60,20200923,160000,197.63,199.12,197.54,198.17,3253,0
RE.US,60,20200923,170000,198.18,198.18,196.42,197.01,6806,0
RE.US,60,20200923,180000,196.7,197.04,195.75,195.94,3604,0
RE.US,60,20200923,190000,195.8,196.48,195.36,196.19,7649,0
RE.US,60,20200923,200000,196.13,196.13,195.44,195.69,16478,0
RE.US,60,20200923,210000,195.46,195.84,193.72,193.92,14091,0
RE.US,60,20200923,220000,194.05,195.53,193.41,194.57,114421,0
RE.US,60,20200924,160000,194.18,194.4,192.29,193.2,7969,0
RE.US,60,20200924,170000,193.2,195.66,193.2,194.63,13915,0
RE.US,60,20200924,180000,194.47,195.66,194.24,195.48,19472,0
RE.US,60,20200924,190000,195.66,196.32,195.5,196.06,11844,0
RE.US,60,20200924,200000,196.44,198.87,196.44,197.46,7210,0
RE.US,60,20200924,210000,197.59,197.76,196.05,196.05,17994,0
RE.US,60,20200924,220000,196.17,197.92,195.88,197.11,108674,0
RE.US,60,20200925,160000,194.77,196.36,194.77,195.8,1670,0
RE.US,60,20200925,170000,195.57,195.91,193.56,195.23,6822,0
RE.US,60,20200925,180000,195.05,195.39,194.76,194.96,15209,0
RE.US,60,20200925,190000,195.02,195.45,194.92,195.43,7510,0
RE.US,60,20200925,200000,195.37,195.85,195.18,195.46,4578,0
RE.US,60,20200925,210000,195.48,195.77,194.89,195.73,12825,0
RE.US,60,20200925,220000,195.78,196.95,195.69,196.1,69790,0
RE.US,60,20200928,160000,199.17,201.03,198.43,199.61,5600,0
RE.US,60,20200928,170000,199.79,201.77,199.54,200.93,3140,0
RE.US,60,20200928,180000,201.16,201.16,200.07,200.69,4651,0
RE.US,60,20200928,190000,200.82,201.53,200.82,201.09,4972,0
RE.US,60,20200928,200000,200.86,201.11,200.14,200.22,5746,0
RE.US,60,20200928,210000,200.24,200.88,199.89,200.01,7553,0
RE.US,60,20200928,220000,200.01,200.11,198.77,199.02,57863,0
RE.US,60,20200929,160000,197.76,199.36,197.66,197.71,11365,0
RE.US,60,20200929,170000,197.47,199.36,196.82,196.95,11969,0
RE.US,60,20200929,180000,196.81,196.98,195.19,195.34,9096,0
RE.US,60,20200929,190000,195.01,196.97,194.77,196.86,11147,0
RE.US,60,20200929,200000,196.94,198.2,196.36,198.18,6345,0
RE.US,60,20200929,210000,198.19,198.71,197.78,198.41,6379,0
RE.US,60,20200929,220000,198.47,198.49,197.12,197.22,54191,0
RE.US,60,20200930,160000,198.43,199.16,197.39,198.09,16096,0
RE.US,60,20200930,170000,198.08,199.15,194.95,194.98,12150,0
RE.US,60,20200930,180000,194.69,195.23,194.21,194.73,14806,0
RE.US,60,20200930,190000,194.95,198.14,194.95,197.29,17583,0
RE.US,60,20200930,200000,197.23,197.32,196.17,196.4,12830,0
RE.US,60,20200930,210000,196.26,196.74,193.18,194.56,51471,0
RE.US,60,20200930,220000,194.38,195.25,192.04,195,210494,0
RE.US,60,20201001,160000,195.05,198.2,195.05,196.23,12500,0
RE.US,60,20201001,170000,196.22,196.22,193.29,195.74,40114,0
RE.US,60,20201001,180000,196.01,196.74,195.5,196.2,17350,0
RE.US,60,20201001,190000,195.99,196.56,195.66,196.01,16743,0
RE.US,60,20201001,200000,195.63,195.8,193.27,193.32,15046,0
RE.US,60,20201001,210000,193.29,193.83,192.25,192.89,17311,0
RE.US,60,20201001,220000,193.11,194.47,192.34,194.41,91623,0
RE.US,60,20201002,160000,191.35,192.78,191.03,191.99,2375,0
RE.US,60,20201002,170000,191.67,192.43,190.55,191.41,9588,0
RE.US,60,20201002,180000,191.14,193.67,191.14,192.67,11195,0
RE.US,60,20201002,190000,192.98,196.23,192.98,196.15,18666,0
RE.US,60,20201002,200000,196.34,197.35,195.02,195.89,24151,0
RE.US,60,20201002,210000,195.88,196.9,195.69,196.13,8023,0
RE.US,60,20201002,220000,196.13,197.04,195.54,196.12,64160,0
RE.US,60,20201005,160000,198.1,198.59,197.64,198.22,5953,0
RE.US,60,20201005,170000,198.49,200.59,198.22,199.73,22013,0
RE.US,60,20201005,180000,199.58,200.57,199.13,199.8,15409,0
RE.US,60,20201005,190000,199.78,200.18,199.2,199.43,16744,0
RE.US,60,20201005,200000,199.44,200.87,199.44,200.33,15882,0
RE.US,60,20201005,210000,200.31,200.86,200.11,200.5,16365,0
RE.US,60,20201005,220000,200.46,201.48,200.12,201.36,71199,0
RE.US,60,20201006,160000,203.78,203.84,200.74,201,12463,0
RE.US,60,20201006,170000,201.31,203.01,200.77,202.55,7838,0
RE.US,60,20201006,180000,202.49,203.43,201.32,201.32,8687,0
RE.US,60,20201006,190000,201.35,201.6,200.6,201.33,8205,0
RE.US,60,20201006,200000,201.21,202.3,201.03,201.03,6049,0
RE.US,60,20201006,210000,201.06,202.64,198.16,198.16,15695,0
RE.US,60,20201006,220000,197.62,198.52,196.64,197.26,54766,0
RE.US,60,20201007,160000,197.17,199.13,196.07,196.62,4102,0
RE.US,60,20201007,170000,196.27,198.16,195.68,196.95,9397,0
RE.US,60,20201007,180000,196.66,197.01,192.5,192.8,13721,0
RE.US,60,20201007,190000,193.07,193.94,192.37,193.35,17620,0
RE.US,60,20201007,200000,193.5,193.58,192.53,193.22,10754,0
RE.US,60,20201007,210000,193.18,195.33,193,194.92,13539,0
RE.US,60,20201007,220000,195.14,196.25,194.98,195.79,126994,0
RE.US,60,20201008,160000,196.4,200.14,196.4,200.11,7949,0
RE.US,60,20201008,170000,199.5,201.38,198.35,200.49,21890,0
RE.US,60,20201008,180000,200.25,200.51,198.56,199.09,14128,0
RE.US,60,20201008,190000,199.1,200.51,198.95,200.39,7956,0
RE.US,60,20201008,200000,200.26,200.26,199.27,200.21,8738,0
RE.US,60,20201008,210000,200.33,201.27,200.33,201.24,10209,0
RE.US,60,20201008,220000,201.1,202.36,200.77,201.47,68135,0
RE.US,60,20201009,160000,203.57,203.57,200.92,202.7,5980,0
RE.US,60,20201009,170000,202.65,202.65,200.61,201.95,12915,0
RE.US,60,20201009,180000,202.15,203.93,201.68,203.73,9688,0
RE.US,60,20201009,190000,203.85,203.92,201.81,202.35,9924,0
RE.US,60,20201009,200000,202.4,202.94,202.18,202.75,6639,0
RE.US,60,20201009,210000,202.98,203,202.11,202.88,10221,0
RE.US,60,20201009,220000,202.81,202.84,201.94,202.31,64839,0
RE.US,60,20201012,160000,202.55,203.44,201.72,202.45,4573,0
RE.US,60,20201012,170000,201.98,204.81,201.98,203.81,33185,0
RE.US,60,20201012,180000,203.8,204.63,203.8,204.32,8143,0
RE.US,60,20201012,190000,204.26,204.26,203.26,203.74,4153,0
RE.US,60,20201012,200000,203.66,204.13,203.21,203.65,6573,0
RE.US,60,20201012,210000,203.84,203.84,202.77,203.23,4047,0
RE.US,60,20201012,220000,203.37,204.1,202.63,203.06,40234,0
RE.US,60,20201013,160000,201.29,202.54,200.52,200.93,5426,0
RE.US,60,20201013,170000,200.94,201.27,198.27,198.27,11067,0
RE.US,60,20201013,180000,198.33,198.74,197.32,198.5,10028,0
RE.US,60,20201013,190000,198.64,198.82,197.38,198.82,14758,0
RE.US,60,20201013,200000,198.42,199.54,198.42,199.09,14914,0
RE.US,60,20201013,210000,198.99,199.77,198.57,199.31,16471,0
RE.US,60,20201013,220000,199.1,199.91,198.82,199.91,117614,0
RE.US,60,20201014,160000,197.88,202.6,196.12,202.21,10353,0
RE.US,60,20201014,170000,201.88,203.05,200.55,201.58,15326,0
RE.US,60,20201014,180000,201.58,201.61,200.36,200.67,11293,0
RE.US,60,20201014,190000,200.74,201.74,200.44,200.98,27184,0
RE.US,60,20201014,200000,200.87,201.13,200.3,200.42,13908,0
RE.US,60,20201014,210000,200.31,200.91,199.8,200.36,19724,0
RE.US,60,20201014,220000,200.22,200.6,199.75,199.76,212899,0
RE.US,60,20201015,160000,197.12,197.92,196.37,197.92,3203,0
RE.US,60,20201015,170000,197.99,198.8,197.64,198.08,7168,0
RE.US,60,20201015,180000,198.14,198.64,197.32,197.63,22423,0
RE.US,60,20201015,190000,197.79,198.89,197.63,198.37,8989,0
RE.US,60,20201015,200000,198.42,199.41,198.39,199.08,6429,0
RE.US,60,20201015,210000,199.09,199.68,199.04,199.68,3950,0
RE.US,60,20201015,220000,199.59,199.68,198.5,199.21,41989,0
RE.US,60,20201016,160000,198.97,199.55,197.49,198.05,13368,0
RE.US,60,20201016,170000,197.87,199.32,197.68,199.08,3500,0
RE.US,60,20201016,180000,199.26,200.89,199.26,200.09,3725,0
RE.US,60,20201016,190000,199.47,199.47,198.33,198.49,2971,0
RE.US,60,20201016,200000,198.79,199.28,198.66,199.14,2146,0
RE.US,60,20201016,210000,199.17,199.49,198.94,199.38,3176,0
RE.US,60,20201016,220000,199.16,199.16,198.11,198.22,45060,0
RE.US,60,20201019,160000,198.12,198.83,197.52,198.83,2292,0
RE.US,60,20201019,170000,198.28,199.26,196.83,199.26,4232,0
RE.US,60,20201019,180000,198.68,198.68,197.62,198.25,3625,0
RE.US,60,20201019,190000,198.08,198.08,197.49,197.62,2736,0
RE.US,60,20201019,200000,197.44,197.71,196.78,197.33,6891,0
RE.US,60,20201019,210000,197.21,197.21,194.93,194.93,9937,0
RE.US,60,20201019,220000,194.98,195.79,194.72,194.96,31502,0
RE.US,60,20201020,160000,197.13,198.27,197.13,197.9,6069,0
RE.US,60,20201020,170000,197.92,199.11,197.56,198.06,38162,0
RE.US,60,20201020,180000,197.97,197.99,196.66,196.66,6273,0
RE.US,60,20201020,190000,196.59,198.07,196,197.98,8436,0
RE.US,60,20201020,200000,198.02,199.01,198.01,198.42,6705,0
RE.US,60,20201020,210000,198.44,198.74,198.14,198.38,3829,0
RE.US,60,20201020,220000,198.2,198.23,196.42,197.28,24709,0
RE.US,60,20201021,160000,198.38,199.17,196.11,197.91,9961,0
RE.US,60,20201021,170000,198.12,200.69,198.12,199.96,14007,0
RE.US,60,20201021,180000,200.07,200.97,199.77,200.16,8207,0
RE.US,60,20201021,190000,200.49,202.02,200.4,201.96,15798,0
RE.US,60,20201021,200000,202.07,202.3,201.39,201.75,13364,0
RE.US,60,20201021,210000,201.86,202.67,201.86,202.31,14438,0
RE.US,60,20201021,220000,202.56,203.36,201.7,202.83,127582,0
RE.US,60,20201022,160000,203.12,204.15,202.23,203.94,3705,0
RE.US,60,20201022,170000,203.45,204.17,202.94,203.39,18814,0
RE.US,60,20201022,180000,203.36,204.24,202.83,202.83,15363,0
RE.US,60,20201022,190000,202.85,204.09,202.85,204.09,22269,0
RE.US,60,20201022,200000,204.1,204.84,203.94,204.8,18740,0
RE.US,60,20201022,210000,204.8,205.09,204.34,204.72,12380,0
RE.US,60,20201022,220000,204.6,205,204,204.46,29559,0
RE.US,60,20201023,160000,206.81,210.23,205.33,210.01,39288,0
RE.US,60,20201023,170000,210.05,211.45,209.73,210.23,26320,0
RE.US,60,20201023,180000,210.23,210.83,209.41,210.29,12172,0
RE.US,60,20201023,190000,210.35,210.4,208.75,209.09,15020,0
RE.US,60,20201023,200000,208.95,210.9,208.95,210.18,13076,0
RE.US,60,20201023,210000,210.31,210.81,210.17,210.81,16561,0
RE.US,60,20201023,220000,210.73,211.69,210.6,211.27,78790,0
RE.US,60,20201026,150000,209.44,210.06,207.62,209.1,6974,0
RE.US,60,20201026,160000,208.88,210.06,207.99,208.86,21586,0
RE.US,60,20201026,170000,208.74,209.4,207.34,209.4,19620,0
RE.US,60,20201026,180000,209.06,209.3,207.52,207.98,103776,0
RE.US,60,20201026,190000,207.24,207.45,204.59,205.57,15811,0
RE.US,60,20201026,200000,205.4,206.1,204.89,205.54,8967,0
RE.US,60,20201026,210000,205.34,206.78,204.52,206.42,56010,0
RE.US,60,20201027,150000,206.17,206.17,203.67,204.18,3344,0
RE.US,60,20201027,160000,204.07,204.7,203.14,204.26,26428,0
RE.US,60,20201027,170000,204.29,204.4,201.95,202.47,8626,0
RE.US,60,20201027,180000,202.46,202.78,201.77,201.93,16343,0
RE.US,60,20201027,190000,201.94,203.15,201.05,201.92,16459,0
RE.US,60,20201027,200000,201.75,201.97,201.04,201.07,9374,0
RE.US,60,20201027,210000,201.16,201.26,199.18,199.5,104259,0
RE.US,60,20201028,150000,196.71,198.93,196.71,198.77,22904,0
RE.US,60,20201028,160000,198.89,198.89,195.13,195.69,12224,0
RE.US,60,20201028,170000,195.46,197.66,195.06,197.54,27158,0
RE.US,60,20201028,180000,197.68,198.93,196.61,196.61,24940,0
RE.US,60,20201028,190000,196.86,197.04,194.85,195.19,12918,0
RE.US,60,20201028,200000,194.89,196.13,193.89,195.22,37576,0
RE.US,60,20201028,210000,195.43,195.79,193.72,194.04,76885,0
RE.US,60,20201029,150000,192.92,195.39,191.21,194.63,8794,0
RE.US,60,20201029,160000,194.41,199.21,193.82,198.52,16488,0
RE.US,60,20201029,170000,198.54,199.23,197.79,197.99,16150,0
RE.US,60,20201029,180000,198.38,198.47,197.08,198.19,8338,0
RE.US,60,20201029,190000,198.27,199.55,197.06,199.28,10705,0
RE.US,60,20201029,200000,199.36,200.78,199.1,199.26,21096,0
RE.US,60,20201029,210000,199.35,200.38,198.39,199.51,114267,0
RE.US,60,20201030,150000,201.89,203.56,198.02,199.95,10958,0
RE.US,60,20201030,160000,200.08,200.57,191.84,194.4,41742,0
RE.US,60,20201030,170000,194.69,195.98,193.48,193.48,50545,0
RE.US,60,20201030,180000,193.64,195.65,193.61,194.28,46440,0
RE.US,60,20201030,190000,194.42,194.42,191.14,192.39,40597,0
RE.US,60,20201030,200000,192.14,193.99,191.8,193.61,75155,0
RE.US,60,20201030,210000,193.6,194.77,191.63,194.55,185493,0
RE.US,60,20201102,160000,196.63,198.86,194.42,198.86,11306,0
RE.US,60,20201102,170000,199.37,200.47,197.66,199.52,20701,0
RE.US,60,20201102,180000,199.77,202.86,199.77,202.64,13059,0
RE.US,60,20201102,190000,202.8,204.11,202.04,202.58,13657,0
RE.US,60,20201102,200000,202.54,202.7,201.22,201.96,19874,0
RE.US,60,20201102,210000,201.83,203.87,201.8,202.94,20677,0
RE.US,60,20201102,220000,202.98,204.52,202.63,204.35,127640,0
RE.US,60,20201103,160000,208.12,211.42,207.21,210.35,10386,0
RE.US,60,20201103,170000,209.72,214.21,209.68,214.21,38932,0
RE.US,60,20201103,180000,214.62,215.52,213.24,214.19,41283,0
RE.US,60,20201103,190000,214.17,215.63,213.25,213.45,33784,0
RE.US,60,20201103,200000,213.64,215.1,213.5,214.43,21110,0
RE.US,60,20201103,210000,214.46,215.65,213.94,214.73,31877,0
RE.US,60,20201103,220000,214.58,214.96,212.57,212.87,120803,0
RE.US,60,20201104,160000,207.67,211.92,205.68,211.61,6695,0
RE.US,60,20201104,170000,211.62,214.21,210.96,213.1,23066,0
RE.US,60,20201104,180000,213.2,214.45,213.1,213.89,19333,0
RE.US,60,20201104,190000,213.73,215.05,213.68,214.08,15411,0
RE.US,60,20201104,200000,214.4,214.74,212.02,212.43,15609,0
RE.US,60,20201104,210000,212.53,213.35,211.76,211.76,15434,0
RE.US,60,20201104,220000,211.84,211.86,208.6,208.93,134415,0
RE.US,60,20201105,160000,210.63,210.63,207.18,207.18,8104,0
RE.US,60,20201105,170000,207.67,210.4,207.64,209.57,18877,0
RE.US,60,20201105,180000,209.56,212.26,209.18,212.26,11037,0
RE.US,60,20201105,190000,212.27,212.95,210.22,212.95,24074,0
RE.US,60,20201105,200000,213.22,213.88,212.04,212.41,10826,0
RE.US,60,20201105,210000,212.4,212.4,209.44,209.47,16175,0
RE.US,60,20201105,220000,209.23,209.78,208.59,209.12,79799,0
RE.US,60,20201106,160000,210.13,210.13,209.26,209.28,2407,0
RE.US,60,20201106,170000,209.97,210.04,206.07,206.29,11714,0
RE.US,60,20201106,180000,206.48,207.96,205.36,207.96,13879,0
RE.US,60,20201106,190000,207.87,208.18,207.16,207.58,17035,0
RE.US,60,20201106,200000,208,209.13,207.56,208.71,12832,0
RE.US,60,20201106,210000,208.84,208.87,207.19,207.92,7459,0
RE.US,60,20201106,220000,207.74,209.88,207.5,207.97,121956,0
RE.US,60,20201109,160000,224.56,227,223.48,223.92,7543,0
RE.US,60,20201109,170000,224.28,225.36,221.37,224.27,45915,0
RE.US,60,20201109,180000,224.3,225.8,223.65,225.8,26826,0
RE.US,60,20201109,190000,225.92,230.67,223.56,229.58,31628,0
RE.US,60,20201109,200000,229.66,232.03,229.35,231.48,21899,0
RE.US,60,20201109,210000,231.3,231.77,229.5,230.16,28852,0
RE.US,60,20201109,220000,230.01,231.37,227.56,228.72,234911,0
RE.US,60,20201110,160000,228.78,231.81,228.78,231.81,2026,0
RE.US,60,20201110,170000,231.68,233.78,231.03,232.32,10080,0
RE.US,60,20201110,180000,232.94,234.14,232.41,232.98,18114,0
RE.US,60,20201110,190000,232.92,236.02,232.75,234.8,23953,0
RE.US,60,20201110,200000,235.1,235.93,233.84,235.78,20116,0
RE.US,60,20201110,210000,235.96,237.87,235.45,237.77,39145,0
RE.US,60,20201110,220000,237.54,238.25,236.17,237.12,160363,0
RE.US,60,20201111,160000,237.21,237.43,232.91,233.23,11143,0
RE.US,60,20201111,170000,233.39,233.73,232.25,233.11,12342,0
RE.US,60,20201111,180000,233.05,234.37,232.13,232.26,13866,0
RE.US,60,20201111,190000,232.5,234.91,232.5,234.84,12358,0
RE.US,60,20201111,200000,235.23,235.23,232.24,232.24,13499,0
RE.US,60,20201111,210000,232.39,233.76,230.59,231.26,11606,0
RE.US,60,20201111,220000,231.03,232.54,230.36,232.02,69710,0
RE.US,60,20201112,160000,229.88,230.54,227.91,228.76,5421,0
RE.US,60,20201112,170000,228.31,229.89,227.62,229.75,30551,0
RE.US,60,20201112,180000,230.05,230.71,228.53,228.64,29758,0
RE.US,60,20201112,190000,228.46,229.31,226.91,227.5,10485,0
RE.US,60,20201112,200000,227.18,227.18,225.31,226.8,13177,0
RE.US,60,20201112,210000,226.8,226.95,225.03,225.13,10406,0
RE.US,60,20201112,220000,224.97,227.87,224.57,227.34,91559,0
RE.US,60,20201113,160000,229.28,231.09,228.12,230.9,5834,0
RE.US,60,20201113,170000,231.26,231.98,229.97,229.97,12660,0
RE.US,60,20201113,180000,230.24,230.77,228.85,230.77,11106,0
RE.US,60,20201113,190000,231.13,231.23,228.97,229.38,10813,0
RE.US,60,20201113,200000,229.46,231.04,229.18,230.78,8635,0
RE.US,60,20201113,210000,230.84,231.38,230.54,231.09,7729,0
RE.US,60,20201113,220000,230.92,231,228.81,229.39,59662,0
RE.US,60,20201116,160000,235.18,236.03,230.99,231.53,11236,0
RE.US,60,20201116,170000,231.58,234.08,230.89,234.08,14003,0
RE.US,60,20201116,180000,234.08,235.43,233.16,234.98,9963,0
RE.US,60,20201116,190000,234.61,235.85,234.39,234.98,12455,0
RE.US,60,20201116,200000,234.79,235.03,233.37,234.5,11749,0
RE.US,60,20201116,210000,234.45,236.64,234.17,236.57,12837,0
RE.US,60,20201116,220000,236.55,236.55,234.63,235.73,132383,0
RE.US,60,20201117,160000,232.34,234.48,232.34,232.68,4560,0
RE.US,60,20201117,170000,232.36,232.74,230.76,232.65,9600,0
RE.US,60,20201117,180000,232.72,234.34,232.72,233.56,6672,0
RE.US,60,20201117,190000,233.25,235.67,233.14,234.95,5877,0
RE.US,60,20201117,200000,235.05,235.51,234.44,235.11,8242,0
RE.US,60,20201117,210000,235.13,235.63,234.63,235.24,6144,0
RE.US,60,20201117,220000,235.21,235.63,234.58,235.33,75371,0
RE.US,60,20201118,160000,236.37,237.07,234.64,237.05,6720,0
RE.US,60,20201118,170000,237.11,237.98,236.64,236.64,13532,0
RE.US,60,20201118,180000,236.65,237.9,236.65,237.15,5398,0
RE.US,60,20201118,190000,236.82,237.64,236.35,237.12,13086,0
RE.US,60,20201118,200000,237.55,237.66,235.48,235.48,8765,0
RE.US,60,20201118,210000,235.7,236.14,234.19,234.66,10401,0
RE.US,60,20201118,220000,233.98,234.84,232.11,232.12,72064,0
RE.US,60,20201119,160000,229.91,229.91,224.53,228.4,13505,0
RE.US,60,20201119,170000,228.69,231.67,228.69,230.67,22082,0
RE.US,60,20201119,180000,230.62,231.56,229.25,229.51,14698,0
RE.US,60,20201119,190000,229.59,229.66,227.86,228.47,16107,0
RE.US,60,20201119,200000,228.6,229.77,228.56,229.65,8668,0
RE.US,60,20201119,210000,229.54,230.58,228.85,229.74,10443,0
RE.US,60,20201119,220000,229.67,231.11,229.23,230.83,69103,0
RE.US,60,20201120,160000,231.01,231.01,228.44,228.76,8473,0
RE.US,60,20201120,170000,229.01,229.01,226.15,227.02,8624,0
RE.US,60,20201120,180000,226.82,228.36,226.64,227.57,9116,0
RE.US,60,20201120,190000,227.59,227.59,225.94,226.45,6233,0
RE.US,60,20201120,200000,226.91,227.94,226.42,227.26,6679,0
RE.US,60,20201120,210000,227.36,227.89,226.82,227.04,5959,0
RE.US,60,20201120,220000,227.34,229.02,226.45,228.13,90602,0
RE.US,60,20201123,160000,230.21,231.03,228.13,230.15,8326,0
RE.US,60,20201123,170000,229.76,231.34,229.15,230.87,6641,0
RE.US,60,20201123,180000,231.19,231.32,228.58,228.58,9693,0
RE.US,60,20201123,190000,228.32,230.22,228.24,230.08,7564,0
RE.US,60,20201123,200000,230.21,230.73,229.41,229.97,9428,0
RE.US,60,20201123,210000,229.97,231.13,229.71,230.96,7745,0
RE.US,60,20201123,220000,230.87,231.59,230.45,230.73,58473,0
RE.US,60,20201124,160000,234.91,236.23,231.79,234.76,8125,0
RE.US,60,20201124,170000,234.56,237.9,234.56,235.76,11791,0
RE.US,60,20201124,180000,235.84,239.33,235.7,238.56,17483,0
RE.US,60,20201124,190000,238.56,238.69,238,238.59,12778,0
RE.US,60,20201124,200000,238.75,239.58,238.11,238.11,24886,0
RE.US,60,20201124,210000,238.22,238.32,236.8,237.57,14490,0
RE.US,60,20201124,220000,237.6,238.88,237.22,238.44,110862,0
RE.US,60,20201125,160000,237.33,237.33,232.01,233.54,8352,0
RE.US,60,20201125,170000,233.03,235.3,233.03,233.93,10208,0
RE.US,60,20201125,180000,234.19,235.52,233.79,235.31,7538,0
RE.US,60,20201125,190000,235.26,235.54,233.78,233.91,5577,0
RE.US,60,20201125,200000,233.98,234.37,233.54,234.22,6474,0
RE.US,60,20201125,210000,234.22,234.94,234.03,234.94,7672,0
RE.US,60,20201125,220000,234.78,235.31,233.78,234.44,94336,0
RE.US,60,20201127,160000,233.53,233.53,229.58,231.56,12983,0
RE.US,60,20201127,170000,231.62,233.57,230.61,231.54,13593,0
RE.US,60,20201127,180000,231.59,232.46,230.48,231.83,16898,0
RE.US,60,20201127,190000,231.7,231.91,230.02,230.04,24105,0
RE.US,60,20201127,200000,230.46,230.46,230.46,230.46,10910,0
RE.US,60,20201130,160000,228.22,229.89,228.22,229.17,12322,0
RE.US,60,20201130,170000,229.12,230.05,226.67,228.17,15919,0
RE.US,60,20201130,180000,228.46,228.91,225.34,225.39,16269,0
RE.US,60,20201130,190000,225.26,226.04,225.14,225.91,13148,0
RE.US,60,20201130,200000,225.89,225.89,223.73,223.79,17521,0
RE.US,60,20201130,210000,223.63,224.76,222.63,223.31,20790,0
RE.US,60,20201130,220000,223.29,225.48,222.8,224.41,750567,0
RE.US,60,20201201,160000,229.69,229.78,227.56,228.22,13769,0
RE.US,60,20201201,170000,227.95,231.66,227.48,231.44,37148,0
RE.US,60,20201201,180000,231.55,232.38,230.14,230.2,20570,0
RE.US,60,20201201,190000,230.04,231.12,230.04,230.42,9901,0
RE.US,60,20201201,200000,230.34,230.39,229.45,230.28,10854,0
RE.US,60,20201201,210000,230.28,230.85,229.91,230.01,11253,0
RE.US,60,20201201,220000,229.9,230.1,228.95,229.31,63577,0
RE.US,60,20201202,160000,228.09,230.24,227.27,229.29,4599,0
RE.US,60,20201202,170000,230.17,230.17,228.07,228.18,10070,0
RE.US,60,20201202,180000,228.68,229.1,227.51,227.51,4639,0
RE.US,60,20201202,190000,227.98,228.64,227.63,228.64,4529,0
RE.US,60,20201202,200000,228.66,229.55,228.22,229.14,15895,0
RE.US,60,20201202,210000,229.01,230.75,228.87,230.26,17693,0
RE.US,60,20201202,220000,230.28,231.32,229.91,230.98,85791,0
RE.US,60,20201203,160000,230.48,232.66,230.44,230.54,7638,0
RE.US,60,20201203,170000,230.14,232.23,229.89,231.58,8657,0
RE.US,60,20201203,180000,231.78,232.42,230.48,230.57,13639,0
RE.US,60,20201203,190000,230.75,231.65,230.63,231.29,4569,0
RE.US,60,20201203,200000,231.22,231.26,230.29,230.35,4770,0
RE.US,60,20201203,210000,230.48,231.62,230.45,231.49,23636,0
RE.US,60,20201203,220000,231.53,232.27,230.42,231.16,66086,0
RE.US,60,20201204,160000,232.73,233.63,232.73,233.5,2646,0
RE.US,60,20201204,170000,233.35,234.21,232.13,233.71,17952,0
RE.US,60,20201204,180000,233.9,234.46,233.11,234.46,18667,0
RE.US,60,20201204,190000,234.63,234.66,232.2,234.06,20710,0
RE.US,60,20201204,200000,234.06,234.5,232.09,232.34,27903,0
RE.US,60,20201204,210000,232.29,233.06,231.92,232.42,8942,0
RE.US,60,20201204,220000,232.58,233.3,231.88,233.22,64183,0
RE.US,60,20201207,160000,231.02,231.08,230.03,231.08,4346,0
RE.US,60,20201207,170000,230.54,230.84,229.29,230.71,6604,0
RE.US,60,20201207,180000,230.9,231.08,229.62,229.98,9353,0
RE.US,60,20201207,190000,230.23,230.41,229.46,229.66,19445,0
RE.US,60,20201207,200000,229.59,229.61,228.36,228.45,5827,0
RE.US,60,20201207,210000,228.22,229.02,228.06,228.88,10030,0
RE.US,60,20201207,220000,228.86,229.63,227.83,228.93,95179,0
RE.US,60,20201208,160000,231.47,231.52,229.2,230.5,11129,0
RE.US,60,20201208,170000,230.72,232.74,230.32,232.3,28166,0
RE.US,60,20201208,180000,232.45,232.85,231.28,231.92,8320,0
RE.US,60,20201208,190000,231.42,232.85,231.42,232.11,9177,0
RE.US,60,20201208,200000,231.77,232.11,231.36,231.36,3229,0
RE.US,60,20201208,210000,231.48,233.02,231.34,232.87,18361,0
RE.US,60,20201208,220000,232.8,233.88,231.87,233.32,117161,0
RE.US,60,20201209,160000,234.59,234.59,232.16,232.35,2873,0
RE.US,60,20201209,170000,232.57,233.05,231.18,232.92,20276,0
RE.US,60,20201209,180000,232.46,233.01,230.45,232.76,21500,0
RE.US,60,20201209,190000,232.82,233.88,232.58,233.74,6638,0
RE.US,60,20201209,200000,233.74,234.3,233.26,233.98,6475,0
RE.US,60,20201209,210000,234.08,235.07,233.83,234.51,5567,0
RE.US,60,20201209,220000,234.61,235.32,233.84,234.57,80879,0
RE.US,60,20201210,160000,232.72,234.57,232.24,233.94,7308,0
RE.US,60,20201210,170000,234.23,234.5,232.8,233.49,19250,0
RE.US,60,20201210,180000,233.98,234.34,233.58,233.76,7468,0
RE.US,60,20201210,190000,233.89,235.11,233.7,235.05,11393,0
RE.US,60,20201210,200000,235.07,235.63,234.04,234.47,11470,0
RE.US,60,20201210,210000,234.32,234.94,233.75,234.63,16511,0
RE.US,60,20201210,220000,234.76,235.61,234.17,234.39,81945,0
RE.US,60,20201211,160000,232.14,234.38,232.14,233.84,4734,0
RE.US,60,20201211,170000,234.22,235.75,233.83,234.21,9555,0
RE.US,60,20201211,180000,234.05,234.08,232.54,232.54,11542,0
RE.US,60,20201211,190000,232.47,232.56,230.93,231.34,5131,0
RE.US,60,20201211,200000,231.2,231.73,230.8,231.73,4794,0
RE.US,60,20201211,210000,231.92,232.35,231.08,231.08,6332,0
RE.US,60,20201211,220000,230.87,231.49,230.2,230.22,68457,0
RE.US,60,20201214,160000,232.66,233.97,231.45,232.37,5792,0
RE.US,60,20201214,170000,232.39,232.66,230.21,230.46,14829,0
RE.US,60,20201214,180000,229.94,230.23,229.35,229.35,9525,0
RE.US,60,20201214,190000,229.35,229.84,228.46,228.88,13514,0
RE.US,60,20201214,200000,228.97,229.72,228.67,228.98,7729,0
RE.US,60,20201214,210000,229.01,229.54,227.76,229.38,10097,0
RE.US,60,20201214,220000,229.38,229.99,228.31,228.31,99380,0
RE.US,60,20201215,160000,229.32,229.46,228.78,229.33,2615,0
RE.US,60,20201215,170000,229.17,229.34,227.39,228.63,10272,0
RE.US,60,20201215,180000,228.46,230.14,228.17,230.14,6954,0
RE.US,60,20201215,190000,230.36,231.7,229.56,231.7,6128,0
RE.US,60,20201215,200000,232.09,232.23,231.37,231.72,12915,0
RE.US,60,20201215,210000,231.65,232.69,231.36,231.85,13361,0
RE.US,60,20201215,220000,231.98,232.53,231.38,231.86,72331,0
RE.US,60,20201216,160000,232.31,232.71,231.14,232.13,5215,0
RE.US,60,20201216,170000,232.47,234.09,231.81,234.09,26134,0
RE.US,60,20201216,180000,233.78,234.46,232.85,233.19,15196,0
RE.US,60,20201216,190000,233.24,233.24,231.14,231.69,6286,0
RE.US,60,20201216,200000,231.49,231.49,230.84,231.34,4889,0
RE.US,60,20201216,210000,231.79,233.22,231.2,233.22,30656,0
RE.US,60,20201216,220000,233.31,233.31,231.85,231.96,68631,0
RE.US,60,20201217,160000,232.41,232.97,231.52,231.52,2018,0
RE.US,60,20201217,170000,231.78,233.82,231.43,233.49,11041,0
RE.US,60,20201217,180000,233.66,234.53,233.21,234.2,7947,0
RE.US,60,20201217,190000,233.77,233.8,232.47,233.17,8151,0
RE.US,60,20201217,200000,233.26,233.86,232.74,232.96,12843,0
RE.US,60,20201217,210000,233.13,233.73,232.96,233.33,7685,0
RE.US,60,20201217,220000,233.35,233.97,232.7,233.74,126527,0
RE.US,60,20201218,160000,233.74,235.45,232.8,233.61,29902,0
RE.US,60,20201218,170000,234.12,234.31,233.06,233.49,17660,0
RE.US,60,20201218,180000,233.29,233.29,231.09,232.11,19682,0
RE.US,60,20201218,190000,231.96,232.68,231.81,231.96,9368,0
RE.US,60,20201218,200000,231.92,231.92,230.72,230.8,8558,0
RE.US,60,20201218,210000,230.75,232.03,230.42,230.69,10903,0
RE.US,60,20201218,220000,230.74,231.8,229.24,231.12,238971,0
RE.US,60,20201221,160000,230.6,230.6,226.43,226.43,4475,0
RE.US,60,20201221,170000,225.7,225.7,223.16,225.07,14574,0
RE.US,60,20201221,180000,225.28,226.32,224.72,225.38,6823,0
RE.US,60,20201221,190000,225.4,227.22,225.23,226.71,5980,0
RE.US,60,20201221,200000,226.68,227.26,225.53,226.76,12137,0
RE.US,60,20201221,210000,226.69,227.26,226.25,226.41,9023,0
RE.US,60,20201221,220000,226.57,227.77,225.97,227.75,76026,0
RE.US,60,20201222,160000,227.06,228.78,226.62,227.26,3408,0
RE.US,60,20201222,170000,227.37,228.79,227.06,227.06,13876,0
RE.US,60,20201222,180000,227.33,228.13,226.66,227.09,5138,0
RE.US,60,20201222,190000,226.82,227.43,226.49,226.63,5282,0
RE.US,60,20201222,200000,226.82,228.86,226.63,228.86,16070,0
RE.US,60,20201222,210000,228.77,228.84,227.8,228.14,4564,0
RE.US,60,20201222,220000,228.32,228.4,226.36,226.76,60019,0
RE.US,60,20201223,160000,228.28,230.86,227.59,230.63,6685,0
RE.US,60,20201223,170000,231.17,231.17,229.06,229.49,3920,0
RE.US,60,20201223,180000,229.14,229.4,228.49,228.98,2893,0
RE.US,60,20201223,190000,229.09,229.13,228.49,229.01,9215,0
RE.US,60,20201223,200000,228.89,228.89,228.05,228.45,2417,0
RE.US,60,20201223,210000,228.47,228.51,227.74,227.91,5612,0
RE.US,60,20201223,220000,227.91,228.7,227.62,228.16,51796,0
RE.US,60,20201224,160000,228.14,228.14,224.87,226.29,2670,0
RE.US,60,20201224,170000,226.25,227.7,225.63,227.7,12152,0
RE.US,60,20201224,180000,227.63,227.71,226.87,227.32,5555,0
RE.US,60,20201224,190000,227.3,228.53,226.85,228.06,10820,0
RE.US,60,20201224,200000,227.79,227.79,227.79,227.79,18215,0
RE.US,60,20201228,160000,229.32,229.97,228.41,229.83,5076,0
RE.US,60,20201228,170000,229.96,231.35,229.72,230.58,6951,0
RE.US,60,20201228,180000,231.03,231.19,229.41,229.53,3365,0
RE.US,60,20201228,190000,229.57,229.99,229.12,229.14,3025,0
RE.US,60,20201228,200000,229.15,229.85,229.04,229.67,16966,0
RE.US,60,20201228,210000,229.98,229.98,229.11,229.29,5583,0
RE.US,60,20201228,220000,229.35,229.58,228.63,229.38,43609,0
RE.US,60,20201229,160000,230.63,230.63,228.67,228.67,2390,0
RE.US,60,20201229,170000,229.14,229.71,227.69,227.69,2182,0
RE.US,60,20201229,180000,227.63,228.86,227.32,228.86,2214,0
RE.US,60,20201229,190000,229.03,229.15,227.28,227.68,3510,0
RE.US,60,20201229,200000,227.59,227.91,227.31,227.52,4781,0
RE.US,60,20201229,210000,227.42,228.1,226.52,227.42,30975,0
RE.US,60,20201229,220000,227.12,228.62,227.07,227.94,40263,0
RE.US,60,20201230,160000,228.46,229.6,228.46,229.21,1693,0
RE.US,60,20201230,170000,229.08,229.45,228.63,228.86,2784,0
RE.US,60,20201230,180000,228.78,228.89,227.18,227.2,3364,0
RE.US,60,20201230,190000,227.5,228.84,227.47,228.75,19385,0
RE.US,60,20201230,200000,228.77,229.13,228.07,228.23,4908,0
RE.US,60,20201230,210000,228.23,228.43,227.74,227.74,4398,0
RE.US,60,20201230,220000,227.96,229.18,227.96,228.97,41392,0
RE.US,60,20201231,160000,229.32,231.18,227.29,228.32,2022,0
RE.US,60,20201231,170000,228.59,229.96,228.59,229.41,3432,0
RE.US,60,20201231,180000,229.29,230.27,229.29,229.58,1242,0
RE.US,60,20201231,190000,229.98,230.26,229.49,229.71,2918,0
RE.US,60,20201231,200000,229.82,230.41,229.34,229.78,5824,0
RE.US,60,20201231,210000,230.09,231.05,230.01,230.46,4639,0
RE.US,60,20201231,220000,230.26,232.98,230.26,232.67,59676,0
RE.US,60,20210104,160000,233.58,234.48,229.38,230.04,3544,0
RE.US,60,20210104,170000,228.83,229.09,226.23,226.91,8358,0
RE.US,60,20210104,180000,226.4,226.8,225.4,225.92,5790,0
RE.US,60,20210104,190000,226.02,226.59,225.54,226.27,4544,0
RE.US,60,20210104,200000,226.32,227.69,226.04,227.15,2817,0
RE.US,60,20210104,210000,227.22,227.22,226.05,226.73,5974,0
RE.US,60,20210104,220000,226.64,227.7,226.19,226.73,68349,0
RE.US,60,20210105,160000,226.7,228.28,226.39,226.39,8805,0
RE.US,60,20210105,170000,226.63,227.39,224.46,225.29,13628,0
RE.US,60,20210105,180000,225.25,225.54,224.21,225.4,5873,0
RE.US,60,20210105,190000,225.39,226.42,225.31,226.4,3315,0
RE.US,60,20210105,200000,226.29,226.64,225.23,225.68,3524,0
RE.US,60,20210105,210000,225.92,226.9,225.86,225.86,5880,0
RE.US,60,20210105,220000,225.94,226.3,224.47,224.86,63058,0
RE.US,60,20210106,160000,228.12,231.2,228.07,231.2,21848,0
RE.US,60,20210106,170000,231.35,236.25,230.23,236.25,18536,0
RE.US,60,20210106,180000,236.32,237.88,236.01,237.07,21279,0
RE.US,60,20210106,190000,237.1,238.02,237.03,237.69,7608,0
RE.US,60,20210106,200000,237.92,239.02,237.39,238.53,10249,0
RE.US,60,20210106,210000,238.62,239.05,236.27,237.05,15162,0
RE.US,60,20210106,220000,237.31,239,236.95,238.19,120618,0
RE.US,60,20210107,160000,239.78,239.78,237.21,238.34,5996,0
RE.US,60,20210107,170000,238.9,239.24,237.3,238.05,6613,0
RE.US,60,20210107,180000,238.3,238.78,236.81,237.28,4620,0
RE.US,60,20210107,190000,237.7,239.05,237.7,239.01,13406,0
RE.US,60,20210107,200000,239.29,240.02,238.49,239.1,7609,0
RE.US,60,20210107,210000,239.22,240.03,238.95,239.97,8760,0
RE.US,60,20210107,220000,240.16,240.35,238.51,239.9,128472,0
RE.US,60,20210108,160000,240.35,240.4,239.51,239.51,1464,0
RE.US,60,20210108,170000,239.87,240.24,238.54,239.06,7309,0
RE.US,60,20210108,180000,239.21,239.51,237.4,238.09,12222,0
RE.US,60,20210108,190000,238.05,238.3,237.31,237.31,5724,0
RE.US,60,20210108,200000,237.07,237.29,234.58,235.09,5037,0
RE.US,60,20210108,210000,234.79,237.54,234.79,236.96,18423,0
RE.US,60,20210108,220000,237.39,238.16,236.85,237.52,94448,0
RE.US,60,20210111,160000,236.55,238.27,236.55,236.83,4249,0
RE.US,60,20210111,170000,236.72,236.72,234.67,235.21,7153,0
RE.US,60,20210111,180000,235.11,237.51,235.11,236.09,41415,0
RE.US,60,20210111,190000,236.12,237.1,235.86,236.3,10983,0
RE.US,60,20210111,200000,236.3,236.71,235.25,235.32,11772,0
RE.US,60,20210111,210000,235.15,235.65,234.58,234.94,10211,0
RE.US,60,20210111,220000,235.01,236.17,234.49,235.81,57518,0
RE.US,60,20210112,160000,237.16,239.31,236.7,238.36,5625,0
RE.US,60,20210112,170000,238.41,240.44,238.36,238.61,17485,0
RE.US,60,20210112,180000,238.77,239.88,238.65,239.29,8043,0
RE.US,60,20210112,190000,239.29,239.42,238.22,238.93,5860,0
RE.US,60,20210112,200000,238.43,239.48,238.43,239.32,7101,0
RE.US,60,20210112,210000,239.5,239.6,238.73,239.15,5344,0
RE.US,60,20210112,220000,239.82,239.82,237.88,237.97,53003,0
RE.US,60,20210113,160000,237.24,240.25,237.24,237.68,3269,0
RE.US,60,20210113,170000,237.29,237.62,235.48,237.02,6655,0
RE.US,60,20210113,180000,237.03,237.37,236.25,237.24,6290,0
RE.US,60,20210113,190000,237.14,237.67,236.74,237.42,4322,0
RE.US,60,20210113,200000,237.03,237.95,236.9,237.69,8321,0
RE.US,60,20210113,210000,237.76,238.17,237.25,237.49,13684,0
RE.US,60,20210113,220000,237.49,237.65,236.46,236.8,59310,0
RE.US,60,20210114,160000,238.22,238.22,234.5,234.54,9995,0
RE.US,60,20210114,170000,234.67,235.94,232.71,232.71,14340,0
RE.US,60,20210114,180000,233.01,234.73,232.98,234.39,8840,0
RE.US,60,20210114,190000,234.53,235.05,233.64,234.01,7303,0
RE.US,60,20210114,200000,234.28,235.01,233.23,233.93,12602,0
RE.US,60,20210114,210000,234.09,234.87,233.72,234.27,18040,0
RE.US,60,20210114,220000,234.33,234.74,233.4,233.78,57155,0
RE.US,60,20210115,160000,231.92,233.64,231.1,231.12,27610,0
RE.US,60,20210115,170000,231.31,232.26,229.47,230.27,23139,0
RE.US,60,20210115,180000,229.91,230.88,229.24,230.65,19254,0
RE.US,60,20210115,190000,230.49,230.96,229.48,230.32,11876,0
RE.US,60,20210115,200000,230.26,231.09,230.26,230.87,6049,0
RE.US,60,20210115,210000,230.79,231.13,230.37,230.42,9782,0
RE.US,60,20210115,220000,230.6,231.37,229.19,229.8,86925,0
RE.US,60,20210119,160000,229.26,231.33,228.34,231.32,12046,0
RE.US,60,20210119,170000,231.39,232.65,229,231.96,21463,0
RE.US,60,20210119,180000,232.12,232.12,230.62,230.77,14249,0
RE.US,60,20210119,190000,230.87,232.07,230.7,231.98,7484,0
RE.US,60,20210119,200000,231.85,231.85,230.57,231.78,10731,0
RE.US,60,20210119,210000,231.68,231.92,231.21,231.53,12079,0
RE.US,60,20210119,220000,231.65,232.13,230.75,231.33,86277,0
RE.US,60,20210120,160000,230.26,231.25,229.85,230.93,5256,0
RE.US,60,20210120,170000,230.61,232.43,230.6,231.63,9634,0
RE.US,60,20210120,180000,231.36,231.83,230.71,231.04,4953,0
RE.US,60,20210120,190000,231.23,232.58,231.23,232.49,7697,0
RE.US,60,20210120,200000,232.72,234.45,232.72,233.49,6850,0
RE.US,60,20210120,210000,233.46,233.96,233.28,233.83,5562,0
RE.US,60,20210120,220000,233.8,235.61,233.53,235.15,52758,0
RE.US,60,20210121,160000,235.05,236.34,233.62,235.58,10544,0
RE.US,60,20210121,170000,235.62,236.5,235.38,235.64,9528,0
RE.US,60,20210121,180000,235.76,235.8,234.57,234.58,9907,0
RE.US,60,20210121,190000,234.06,234.06,232.77,233.3,10549,0
RE.US,60,20210121,200000,233.12,233.12,232.12,232.55,5829,0
RE.US,60,20210121,210000,232.26,233.2,231.61,232.65,7502,0
RE.US,60,20210121,220000,232.55,232.82,230.35,230.4,57719,0
RE.US,60,20210122,160000,228.33,228.33,226.43,227.69,6198,0
RE.US,60,20210122,170000,227.26,227.61,224.04,226.4,28846,0
RE.US,60,20210122,180000,226.73,227.39,225.24,227.39,9671,0
RE.US,60,20210122,190000,227.39,227.94,226.4,227.94,6789,0
RE.US,60,20210122,200000,227.96,228.09,227.02,227.14,6114,0
RE.US,60,20210122,210000,226.71,227.97,226.71,227.97,12475,0
RE.US,60,20210122,220000,228,228.68,227.53,227.53,74976,0
RE.US,60,20210125,160000,225.89,227.69,224.76,226.98,5182,0
RE.US,60,20210125,170000,227.38,230.97,227.21,228.14,14603,0
RE.US,60,20210125,180000,228.07,228.18,225.44,227.62,5302,0
RE.US,60,20210125,190000,227.59,227.74,226.68,227.34,13644,0
RE.US,60,20210125,200000,227.58,227.93,226.83,227.25,7484,0
RE.US,60,20210125,210000,227.15,227.52,226.24,226.39,5914,0
RE.US,60,20210125,220000,226.69,227.29,226.6,226.87,62731,0
RE.US,60,20210126,160000,226.85,229.08,226.85,228.29,13247,0
RE.US,60,20210126,170000,227.99,229.93,227.61,228.38,16400,0
RE.US,60,20210126,180000,228.36,228.36,226.23,226.65,12781,0
RE.US,60,20210126,190000,226.55,227,225.83,226.83,12973,0
RE.US,60,20210126,200000,226.72,227.44,225.92,225.92,18328,0
RE.US,60,20210126,210000,225.88,226.03,224.42,226.03,13379,0
RE.US,60,20210126,220000,226.16,227.16,225.44,225.79,77177,0
RE.US,60,20210127,160000,222.67,222.67,217.87,219.37,9360,0
RE.US,60,20210127,170000,219.3,221.31,217.29,219.74,23686,0
RE.US,60,20210127,180000,219.66,223.1,219.51,221.25,14030,0
RE.US,60,20210127,190000,220.66,222.01,219.63,221.31,17671,0
RE.US,60,20210127,200000,221.33,222.08,220.66,220.8,9950,0
RE.US,60,20210127,210000,220.99,221.26,217.89,219.57,31482,0
RE.US,60,20210127,220000,219.2,219.6,217.19,217.6,85045,0
RE.US,60,20210128,160000,219.48,219.48,216.95,218.35,6418,0
RE.US,60,20210128,170000,218.24,218.9,217.67,217.74,15930,0
RE.US,60,20210128,180000,217.7,218.74,217.44,218.17,15046,0
RE.US,60,20210128,190000,218.03,218.72,217.15,217.65,11735,0
RE.US,60,20210128,200000,217.66,218.06,216.45,217.01,21787,0
RE.US,60,20210128,210000,217.06,217.79,215.62,216.13,20443,0
RE.US,60,20210128,220000,216.05,216.43,215.16,215.79,90708,0
RE.US,60,20210129,160000,214.4,214.4,211.93,212.91,3284,0
RE.US,60,20210129,170000,212.41,213.94,211.81,212.27,8645,0
RE.US,60,20210129,180000,212.11,212.16,209.3,209.98,18464,0
RE.US,60,20210129,190000,209.81,210.18,208.36,209.13,22190,0
RE.US,60,20210129,200000,209,209.68,208.36,209.18,10619,0
RE.US,60,20210129,210000,209.32,212.53,209.32,212.11,32863,0
RE.US,60,20210129,220000,212.18,212.7,209.38,209.8,94104,0
RE.US,60,20210201,160000,211.6,211.88,210.02,210.28,4625,0
RE.US,60,20210201,170000,210.07,210.97,208.74,209.47,19704,0
RE.US,60,20210201,180000,209.28,209.78,208.53,209.75,20715,0
RE.US,60,20210201,190000,209.76,210.48,208.96,209.17,11729,0
RE.US,60,20210201,200000,209.09,209.63,208.54,208.92,10009,0
RE.US,60,20210201,210000,208.92,210.86,208.52,210.37,11959,0
RE.US,60,20210201,220000,210.34,210.99,209.78,210.22,67607,0
RE.US,60,20210202,160000,212.54,213.94,210.39,213.81,15747,0
RE.US,60,20210202,170000,213.92,214.77,212.8,213.35,16542,0
RE.US,60,20210202,180000,213.38,215.24,213.22,215.17,22514,0
RE.US,60,20210202,190000,215.3,215.6,214.22,215.6,10612,0
RE.US,60,20210202,200000,215.53,215.9,215.05,215.41,7615,0
RE.US,60,20210202,210000,215.37,215.68,214.12,214.46,32057,0
RE.US,60,20210202,220000,214.27,214.3,212.03,212.81,90105,0
RE.US,60,20210203,160000,211.7,214.43,211.7,212.06,7351,0
RE.US,60,20210203,170000,212.25,212.93,210.87,211.03,10021,0
RE.US,60,20210203,180000,210.65,211.56,210.29,211.47,12550,0
RE.US,60,20210203,190000,211.32,211.52,210.41,210.58,6679,0
RE.US,60,20210203,200000,210.73,211.08,210.64,211.01,4523,0
RE.US,60,20210203,210000,210.96,211.73,210.95,211.61,5932,0
RE.US,60,20210203,220000,211.79,213.12,211.46,212.98,63038,0
RE.US,60,20210204,160000,214.53,216.16,211.33,216.12,8717,0
RE.US,60,20210204,170000,216.28,216.89,215.84,215.97,18530,0
RE.US,60,20210204,180000,216.41,218.05,216.41,217.7,14850,0
RE.US,60,20210204,190000,217.54,219.39,217.29,219.39,13161,0
RE.US,60,20210204,200000,219.49,220.23,219.47,219.91,9268,0
RE.US,60,20210204,210000,219.88,220.74,219.79,220.61,13465,0
RE.US,60,20210204,220000,220.55,220.55,219.08,219.59,91328,0
RE.US,60,20210205,160000,220.77,222.38,220.48,220.69,6446,0
RE.US,60,20210205,170000,220.79,221.61,219.73,221.4,6775,0
RE.US,60,20210205,180000,221.27,221.27,219.76,219.76,10723,0
RE.US,60,20210205,190000,219.7,219.74,219,219.09,8658,0
RE.US,60,20210205,200000,219.08,219.11,217.84,218.18,10093,0
RE.US,60,20210205,210000,218.09,218.6,217.86,217.96,11608,0
RE.US,60,20210205,220000,217.85,218.28,217.59,218.07,71497,0
RE.US,60,20210208,160000,218.66,222.36,217.92,221.64,16502,0
RE.US,60,20210208,170000,221.65,222.11,220.22,220.98,11744,0
RE.US,60,20210208,180000,221.3,223.35,220.92,223.1,11192,0
RE.US,60,20210208,190000,223.06,223.2,221.98,222.47,10479,0
RE.US,60,20210208,200000,222.41,222.66,221.67,222.66,8905,0
RE.US,60,20210208,210000,222.79,223.45,222.17,223.06,11825,0
RE.US,60,20210208,220000,223.04,224.05,222.77,223.83,66296,0
RE.US,60,20210209,160000,226.82,238.94,226.82,233.41,42538,0
RE.US,60,20210209,170000,234.18,234.22,231.45,231.66,26852,0
RE.US,60,20210209,180000,231.44,232.41,229.95,230.34,26232,0
RE.US,60,20210209,190000,230.41,235.84,230.41,235.54,32703,0
RE.US,60,20210209,200000,235.84,236.64,234.29,234.53,21779,0
RE.US,60,20210209,210000,234.5,234.72,232.67,233.18,19199,0
RE.US,60,20210209,220000,233.2,233.42,231.57,231.63,98212,0
RE.US,60,20210210,160000,232.31,232.58,230.73,232.27,9936,0
RE.US,60,20210210,170000,232.46,234.96,232.35,234.96,10849,0
RE.US,60,20210210,180000,234.24,234.65,230.61,230.61,5189,0
RE.US,60,20210210,190000,230.56,232.39,229.8,232.21,11010,0
RE.US,60,20210210,200000,231.93,233.39,231.9,232.99,14024,0
RE.US,60,20210210,210000,233.09,233.71,232.37,233.54,11731,0
RE.US,60,20210210,220000,233.65,234.33,232.63,233.27,85925,0
RE.US,60,20210211,160000,234.23,236.5,233.71,236.5,2854,0
RE.US,60,20210211,170000,236.06,240.09,235.94,239.53,31041,0
RE.US,60,20210211,180000,239.14,240.88,239.06,240.53,27362,0
RE.US,60,20210211,190000,240.39,240.54,239.09,240.17,23985,0
RE.US,60,20210211,200000,240.16,240.9,239.57,240.55,15195,0
RE.US,60,20210211,210000,240.32,241.92,240.07,241.84,26932,0
RE.US,60,20210211,220000,241.96,243.55,241.45,243.47,107518,0
RE.US,60,20210212,160000,242.12,245.56,242.12,245.34,10953,0
RE.US,60,20210212,170000,245.04,246.12,241.6,241.71,21949,0
RE.US,60,20210212,180000,241.73,241.74,240.35,240.65,14211,0
RE.US,60,20210212,190000,240.68,240.97,240.14,240.65,19042,0
RE.US,60,20210212,200000,240.65,241.18,239.99,240.15,19819,0
RE.US,60,20210212,210000,239.97,240.3,239.24,239.32,31047,0
RE.US,60,20210212,220000,239.28,242.88,239.19,242.07,94578,0
RE.US,60,20210216,160000,243.29,243.29,241.04,242.75,5056,0
RE.US,60,20210216,170000,242.29,242.29,237.47,238.98,16213,0
RE.US,60,20210216,180000,238.84,239.79,238.34,239.73,19346,0
RE.US,60,20210216,190000,239.65,240.44,239.43,239.67,8918,0
RE.US,60,20210216,200000,239.77,240.43,239.49,239.87,6297,0
RE.US,60,20210216,210000,239.76,239.97,238.95,239.27,13446,0
RE.US,60,20210216,220000,239.19,240.87,238.89,238.98,102196,0
RE.US,60,20210217,160000,239.76,240.52,238.09,239.59,4995,0
RE.US,60,20210217,170000,239.9,240.59,238.49,240.22,9035,0
RE.US,60,20210217,180000,239.48,241.45,238.72,241.44,7440,0
RE.US,60,20210217,190000,241.43,241.85,240.49,241.43,6110,0
RE.US,60,20210217,200000,241.31,242.58,240.77,241.2,9821,0
RE.US,60,20210217,210000,240.92,242.08,240.31,241.09,14868,0
RE.US,60,20210217,220000,241.24,241.55,240.52,241.25,64406,0
RE.US,60,20210218,160000,239.15,240.9,238.62,240.37,5538,0
RE.US,60,20210218,170000,240.42,241.83,240.15,240.84,14053,0
RE.US,60,20210218,180000,240.53,240.53,239.03,239.67,7896,0
RE.US,60,20210218,190000,239.85,240.04,239.39,239.39,4597,0
RE.US,60,20210218,200000,239.4,240.64,239.18,240.11,7641,0
RE.US,60,20210218,210000,240.43,240.98,240.23,240.69,6315,0
RE.US,60,20210218,220000,240.7,241.16,239.42,239.44,57090,0
RE.US,60,20210219,160000,240.85,240.85,236.42,236.55,16028,0
RE.US,60,20210219,170000,236.39,238.29,236.27,237.93,25022,0
RE.US,60,20210219,180000,237.85,239.82,237.62,239.46,21885,0
RE.US,60,20210219,190000,239.53,240.28,239.19,239.7,19979,0
RE.US,60,20210219,200000,239.81,239.82,237.95,239.39,23593,0
RE.US,60,20210219,210000,239.36,239.73,238.63,238.95,18207,0
RE.US,60,20210219,220000,238.76,239.29,236.15,237.85,119396,0
RE.US,60,20210222,160000,236.62,237.47,235.83,236.79,7355,0
RE.US,60,20210222,170000,237.09,240.78,236.8,239.53,16473,0
RE.US,60,20210222,180000,239.44,240.39,238.69,240.37,14618,0
RE.US,60,20210222,190000,240.31,241.8,240.09,241.8,10619,0
RE.US,60,20210222,200000,241.81,241.81,240.53,240.91,15198,0
RE.US,60,20210222,210000,240.97,241.79,240.4,240.6,15857,0
RE.US,60,20210222,220000,240.54,241.43,240,240.35,108597,0
RE.US,60,20210223,160000,242.32,243.92,241.69,242.11,2607,0
RE.US,60,20210223,170000,241.6,242.03,239.34,240.17,7548,0
RE.US,60,20210223,180000,240.13,240.77,239.3,240.09,16227,0
RE.US,60,20210223,190000,239.96,240.91,239.77,240.54,19832,0
RE.US,60,20210223,200000,240.45,240.66,238.63,238.68,11286,0
RE.US,60,20210223,210000,238.69,239.15,237.99,238.58,18021,0
RE.US,60,20210223,220000,238.55,239.04,237.46,238.53,127428,0
RE.US,60,20210224,160000,239.54,241.99,239.43,241.6,7725,0
RE.US,60,20210224,170000,242.73,245.6,242.73,245.32,13402,0
RE.US,60,20210224,180000,245.85,246.56,244.67,244.67,7995,0
RE.US,60,20210224,190000,245.07,245.17,244.38,244.75,13725,0
RE.US,60,20210224,200000,244.67,244.88,243.94,244.08,6738,0
RE.US,60,20210224,210000,244.58,244.58,243.62,243.66,11302,0
RE.US,60,20210224,220000,243.7,244.07,243.09,243.24,74126,0
RE.US,60,20210225,160000,244.67,244.67,241.77,243.13,9012,0
RE.US,60,20210225,170000,243.37,243.37,240.16,240.24,8587,0
RE.US,60,20210225,180000,240.39,240.73,238.77,239.76,12354,0
RE.US,60,20210225,190000,239.84,239.93,237.91,237.91,9867,0
RE.US,60,20210225,200000,237.94,239.69,237.46,238.61,12619,0
RE.US,60,20210225,210000,238.4,239.6,238,238.17,11681,0
RE.US,60,20210225,220000,238.17,238.42,236.55,237.3,35461,0
RE.US,60,20210226,160000,237.41,239.09,236.36,237.44,11334,0
RE.US,60,20210226,170000,237.65,238.3,235.32,237.31,21556,0
RE.US,60,20210226,180000,238.04,239.85,237.54,239.85,16959,0
RE.US,60,20210226,190000,240.09,241.78,239.67,239.75,16319,0
RE.US,60,20210226,200000,239.89,239.93,238.48,238.64,13125,0
RE.US,60,20210226,210000,238.52,239.86,238.52,239.84,23478,0
RE.US,60,20210226,220000,239.89,242.38,239.69,240.35,167102,0
RE.US,60,20210301,160000,243.13,245.32,242.78,244.47,9751,0
RE.US,60,20210301,170000,244.06,244.22,241.76,242.61,9474,0
RE.US,60,20210301,180000,242.42,242.51,239.04,240.25,17634,0
RE.US,60,20210301,190000,240.35,241.17,239.76,240.05,8416,0
RE.US,60,20210301,200000,240.19,242.52,240.1,242.36,9295,0
RE.US,60,20210301,210000,242.44,243.11,242.32,242.32,10763,0
RE.US,60,20210301,220000,242.37,242.59,240.38,241.17,59681,0
RE.US,60,20210302,160000,240.81,241.15,240.3,240.86,5871,0
RE.US,60,20210302,170000,240.73,241.26,239.32,240.31,10973,0
RE.US,60,20210302,180000,240.25,242.32,240.06,241.09,7583,0
RE.US,60,20210302,190000,241.04,242.52,241.04,242.03,6811,0
RE.US,60,20210302,200000,242.46,243.05,242.07,242.34,10356,0
RE.US,60,20210302,210000,242.3,242.3,241.04,242.18,10572,0
RE.US,60,20210302,220000,242.13,242.57,240.42,240.46,61096,0
RE.US,60,20210303,160000,238.63,241.88,238.63,241.17,7913,0
RE.US,60,20210303,170000,241.89,242.21,240.01,240.03,17062,0
RE.US,60,20210303,180000,240.03,242.2,239.88,242.2,9523,0
RE.US,60,20210303,190000,241.57,242.89,241.39,242.15,8264,0
RE.US,60,20210303,200000,242.58,243.46,241.23,241.23,12372,0
RE.US,60,20210303,210000,241.41,242.34,240.56,241.28,13736,0
RE.US,60,20210303,220000,241.21,241.87,240.4,240.76,87571,0
RE.US,60,20210304,160000,239.6,244.47,239.6,244.47,6986,0
RE.US,60,20210304,170000,243.43,243.43,239.47,240.03,13383,0
RE.US,60,20210304,180000,240.46,240.91,239.48,240.45,4426,0
RE.US,60,20210304,190000,240.73,241.38,239.04,239.13,9063,0
RE.US,60,20210304,200000,239.13,239.53,236.92,237.4,16704,0
RE.US,60,20210304,210000,237.44,239.67,236.94,239.3,9676,0
RE.US,60,20210304,220000,239.04,239.12,237.26,238.23,63003,0
RE.US,60,20210305,160000,240.9,241.5,240.22,240.52,4784,0
RE.US,60,20210305,170000,240.34,241.48,239.19,239.38,10554,0
RE.US,60,20210305,180000,239.25,240.43,238.94,240.43,8804,0
RE.US,60,20210305,190000,240.81,242.06,240.53,241.09,8575,0
RE.US,60,20210305,200000,241.06,241.97,240.37,241.75,7051,0
RE.US,60,20210305,210000,241.89,243.4,241.29,242.98,11661,0
RE.US,60,20210305,220000,243.6,246.95,243.05,245.4,77035,0
RE.US,60,20210308,160000,246.66,247.83,245.99,247.07,4756,0
RE.US,60,20210308,170000,246.67,248.97,246.67,248.9,7223,0
RE.US,60,20210308,180000,249.08,249.64,248.06,249.17,6591,0
RE.US,60,20210308,190000,248.99,252.17,248.83,252.09,13592,0
RE.US,60,20210308,200000,252.38,252.46,250.2,250.55,11657,0
RE.US,60,20210308,210000,250.35,251.15,248.87,250.8,38052,0
RE.US,60,20210308,220000,250.58,251.26,249.47,249.52,76042,0
RE.US,60,20210309,160000,248.39,248.39,244.21,246.78,11321,0
RE.US,60,20210309,170000,246.45,250.1,246.45,249.79,30733,0
RE.US,60,20210309,180000,249.57,250.93,248.92,250.93,17124,0
RE.US,60,20210309,190000,251.22,251.32,249.58,249.63,13983,0
RE.US,60,20210309,200000,250.05,250.11,249.22,249.91,12413,0
RE.US,60,20210309,210000,249.92,250.42,249.26,249.4,18755,0
RE.US,60,20210309,220000,249.41,249.81,245.65,245.65,98726,0
RE.US,60,20210310,160000,245.18,247.4,244.73,247.4,6199,0
RE.US,60,20210310,170000,247.79,248.76,247.14,248.3,10475,0
RE.US,60,20210310,180000,248.55,250.33,248.52,250.19,6574,0
RE.US,60,20210310,190000,250.3,251.08,249.84,249.87,8426,0
RE.US,60,20210310,200000,249.59,251.23,249.59,250.34,10663,0
RE.US,60,20210310,210000,250.42,250.69,249.25,249.27,12514,0
RE.US,60,20210310,220000,249.11,249.49,248.54,248.7,68896,0
RE.US,60,20210311,160000,246.73,247.96,244.96,246.85,6789,0
RE.US,60,20210311,170000,246.98,247.87,245.85,247.87,12192,0
RE.US,60,20210311,180000,247.8,249.27,247.55,248.31,18974,0
RE.US,60,20210311,190000,248.44,248.64,247.19,247.73,4455,0
RE.US,60,20210311,200000,247.99,248.31,246.82,248.25,4784,0
RE.US,60,20210311,210000,248.2,248.8,247.72,248.12,8234,0
RE.US,60,20210311,220000,248.23,248.5,247.3,247.91,61792,0
RE.US,60,20210312,160000,250.4,251.35,249.47,250.3,8240,0
RE.US,60,20210312,170000,250.27,252.57,250.02,252.43,15451,0
RE.US,60,20210312,180000,252.42,252.63,249.9,250.59,7493,0
RE.US,60,20210312,190000,250.25,250.25,249.18,249.59,6698,0
RE.US,60,20210312,200000,249.7,250.1,249.28,249.45,4014,0
RE.US,60,20210312,210000,249.83,250.75,249.62,250.16,8623,0
RE.US,60,20210312,220000,249.9,251.47,249.71,251.29,81301,0
RE.US,60,20210315,150000,250.24,251.62,249.06,250.22,8058,0
RE.US,60,20210315,160000,249.41,252.7,248.85,251.72,16735,0
RE.US,60,20210315,170000,251.65,252.81,250.89,250.96,9924,0
RE.US,60,20210315,180000,251.01,253.21,251.01,252.78,9634,0
RE.US,60,20210315,190000,252.84,252.85,251.32,252.32,9019,0
RE.US,60,20210315,200000,252.57,253.19,251.19,251.86,18638,0
RE.US,60,20210315,210000,251.72,255.05,251.53,254.42,68557,0
RE.US,60,20210316,150000,251.13,252.53,250.67,250.815,8822,0
RE.US,60,20210316,160000,250.84,251.27,249.89,251.01,8379,0
RE.US,60,20210316,170000,250.9,252.64,250.42,252.25,14626,0
RE.US,60,20210316,180000,252.305,252.96,251.93,252.195,7813,0
RE.US,60,20210316,190000,252.22,252.815,252,252.3,7886,0
RE.US,60,20210316,200000,252.46,253.58,252.35,252.97,7600,0
RE.US,60,20210316,210000,252.885,253.8,252.25,253.37,64065,0
RE.US,60,20210317,150000,255.6,255.6,252.245,252.67,5185,0
RE.US,60,20210317,160000,252.68,252.68,249.985,250.03,6968,0
RE.US,60,20210317,170000,250.27,251.17,249.985,250.155,5217,0
RE.US,60,20210317,180000,250.955,250.955,249.13,249.68,8638,0
RE.US,60,20210317,190000,249.72,250.36,249.03,249.27,8288,0
RE.US,60,20210317,200000,249.45,250.49,249.28,249.71,12243,0
RE.US,60,20210317,210000,249.56,251.52,248.68,251.28,70031,0
RE.US,60,20210318,150000,253.71,253.71,251.63,251.83,3903,0
RE.US,60,20210318,160000,250.86,253.74,250.61,253.63,4600,0
RE.US,60,20210318,170000,253.72,255.67,253.72,254.94,5446,0
RE.US,60,20210318,180000,254.88,256.06,254.345,254.345,18902,0
RE.US,60,20210318,190000,254.55,254.56,253.365,253.41,17774,0
RE.US,60,20210318,200000,253.54,254.26,252.915,253.9,10706,0
RE.US,60,20210318,210000,253.735,253.92,251.68,252.02,42105,0
RE.US,60,20210319,150000,251.75,251.75,246.4,248.25,46122,0
RE.US,60,20210319,160000,248.52,250.63,248.51,248.935,22999,0
RE.US,60,20210319,170000,248.955,249.42,248.205,248.96,17576,0
RE.US,60,20210319,180000,248.88,249.13,247.86,248.03,11843,0
RE.US,60,20210319,190000,247.7,248.1,247.2,247.43,6881,0
RE.US,60,20210319,200000,247.425,247.68,246.92,247.625,11077,0
RE.US,60,20210319,210000,247.47,247.96,245.67,245.83,201096,0
RE.US,60,20210322,150000,244.27,244.27,241.775,243.5,14720,0
RE.US,60,20210322,160000,243.5,245.125,243.05,244.68,8083,0
RE.US,60,20210322,170000,244.19,244.99,243.19,244.475,6308,0
RE.US,60,20210322,180000,244.68,244.83,243.28,244.325,24240,0
RE.US,60,20210322,190000,244.49,244.49,243.42,244.24,11042,0
RE.US,60,20210322,200000,244.205,244.96,243.92,244.38,9332,0
RE.US,60,20210322,210000,244.475,244.67,243.324,243.88,96024,0
RE.US,60,20210323,150000,242.75,244.145,242.51,243.045,8051,0
RE.US,60,20210323,160000,243.06,243.49,240.79,241.115,29094,0
RE.US,60,20210323,170000,241.15,242.83,241.14,242.76,16575,0
RE.US,60,20210323,180000,243.06,243.25,242.66,242.71,11576,0
RE.US,60,20210323,190000,242.74,243.05,242.39,242.565,11336,0
RE.US,60,20210323,200000,242.445,243.18,242.41,243.05,20952,0
RE.US,60,20210323,210000,242.9,243.31,241,241.36,105653,0
RE.US,60,20210324,150000,245.5,245.805,243.245,243.245,14495,0
RE.US,60,20210324,160000,243.65,246.18,243.34,245.725,22223,0
RE.US,60,20210324,170000,245.87,245.88,244.09,244.98,60098,0
RE.US,60,20210324,180000,245.105,245.86,244.6,244.6,51757,0
RE.US,60,20210324,190000,244.63,244.925,244.195,244.69,9017,0
RE.US,60,20210324,200000,244.54,244.715,243.19,243.34,12114,0
RE.US,60,20210324,210000,243.625,244.505,242.78,242.95,97350,0
RE.US,60,20210325,150000,243.2,243.62,242.13,242.76,7712,0
RE.US,60,20210325,160000,242.76,243.47,242,243.18,19327,0
RE.US,60,20210325,170000,243.15,244.765,242.85,244.765,9488,0
RE.US,60,20210325,180000,244.785,244.89,243.63,244.365,21862,0
RE.US,60,20210325,190000,244.32,245.395,244.025,245.005,16795,0
RE.US,60,20210325,200000,245.005,246,244.59,245.695,13082,0
RE.US,60,20210325,210000,245.575,248.86,245.575,247.86,138725,0
RE.US,60,20210326,150000,250,250.29,248.13,249.17,4483,0
RE.US,60,20210326,160000,249.5,250.245,248.99,249.37,14946,0
RE.US,60,20210326,170000,249.635,250.03,248.015,248.42,3848,0
RE.US,60,20210326,180000,248.69,249.605,248.51,249.01,5601,0
RE.US,60,20210326,190000,249.23,249.62,248.39,248.78,5128,0
RE.US,60,20210326,200000,248.89,249.46,248.2,249.28,9931,0
RE.US,60,20210326,210000,249.175,250.37,248.6,250.15,77110,0
RE.US,60,20210329,160000,251.42,253.66,251.065,253.66,9049,0
RE.US,60,20210329,170000,253.47,254.87,251.375,251.375,6462,0
RE.US,60,20210329,180000,251.44,252.515,250.82,251.8,39631,0
RE.US,60,20210329,190000,251.65,251.81,250.71,250.98,42726,0
RE.US,60,20210329,200000,250.94,252.999,250.94,252.73,88794,0
RE.US,60,20210329,210000,253.03,253.855,252.89,253.75,56752,0
RE.US,60,20210329,220000,253.8,255.83,253.63,254.09,108267,0
RE.US,60,20210330,160000,254.77,256.92,254.63,254.63,12804,0
RE.US,60,20210330,170000,254.47,255.44,253.97,254.6,34128,0
RE.US,60,20210330,180000,254.52,255.83,254.17,254.41,9025,0
RE.US,60,20210330,190000,254.65,254.83,253.44,253.96,5945,0
RE.US,60,20210330,200000,253.79,255.23,253.58,255.23,7992,0
RE.US,60,20210330,210000,255.11,255.515,254.465,255.51,24184,0
RE.US,60,20210330,220000,255.29,255.46,253.85,254.29,113098,0
RE.US,60,20210331,160000,254.23,254.34,252.07,253.37,4521,0
RE.US,60,20210331,170000,253.78,254.18,250.43,251.375,6216,0
RE.US,60,20210331,180000,251.03,252.38,250.45,250.6,5991,0
RE.US,60,20210331,190000,250.61,251.39,250.285,250.82,8343,0
RE.US,60,20210331,200000,251.54,251.54,249.7,250.13,9404,0
RE.US,60,20210331,210000,250.02,250.04,248.93,249.56,19336,0
RE.US,60,20210331,220000,249.23,249.5,247.63,247.81,127973,0
RE.US,60,20210401,160000,246.18,248.51,245.6,246.09,6969,0
RE.US,60,20210401,170000,246.495,250.16,246.495,250.08,9795,0
RE.US,60,20210401,180000,250.06,251.59,250.05,250.57,9381,0
RE.US,60,20210401,190000,250.6,251.395,250.5,250.74,14902,0
RE.US,60,20210401,200000,250.56,251.64,250.325,250.65,8711,0
RE.US,60,20210401,210000,250.46,251.44,250.46,250.725,13011,0
RE.US,60,20210401,220000,250.84,251.48,250.745,251.11,78419,0
RE.US,60,20210405,160000,252.86,253.385,249.93,249.93,11303,0
RE.US,60,20210405,170000,250.12,251.5,249.72,251.275,21389,0
RE.US,60,20210405,180000,251.315,251.57,250.31,250.755,50520,0
RE.US,60,20210405,190000,250.73,251.54,250.67,251.15,19315,0
RE.US,60,20210405,200000,251.075,251.31,250.31,250.91,12627,0
RE.US,60,20210405,210000,250.98,251.21,250.38,250.82,15884,0
RE.US,60,20210405,220000,250.69,251.765,250.56,251.01,101421,0
RE.US,60,20210406,160000,250.31,253.55,250.31,253.55,9382,0
RE.US,60,20210406,170000,253.045,254.81,252.63,252.63,46107,0
RE.US,60,20210406,180000,252.21,252.21,250.32,251.4,13229,0
RE.US,60,20210406,190000,251.29,252.985,251.215,252.7,7537,0
RE.US,60,20210406,200000,252.79,253.29,252.435,252.705,8310,0
RE.US,60,20210406,210000,252.47,252.69,252.04,252.305,7744,0
RE.US,60,20210406,220000,252.3,253.81,252.05,253.58,91046,0
RE.US,60,20210407,160000,253.58,255.64,252.625,252.63,6247,0
RE.US,60,20210407,170000,252.41,254.39,252.4,253.535,9064,0
RE.US,60,20210407,180000,253.35,254.25,253.33,254,21810,0
RE.US,60,20210407,190000,253.92,254.57,253.64,254.33,10697,0
RE.US,60,20210407,200000,254.33,254.33,253.835,254.17,11899,0
RE.US,60,20210407,210000,254.17,254.48,253.85,253.95,15561,0
RE.US,60,20210407,220000,254.1,256.16,254.1,255.76,89477,0
RE.US,60,20210408,160000,254.04,254.16,251.99,252.955,3946,0
RE.US,60,20210408,170000,252.72,253.56,251.945,252.885,11307,0
RE.US,60,20210408,180000,253.03,253.12,251.64,252.24,16978,0
RE.US,60,20210408,190000,252.24,253.65,252.22,252.94,12575,0
RE.US,60,20210408,200000,253.13,254,252.8,253.97,10006,0
RE.US,60,20210408,210000,253.97,254.495,253.56,254.495,25938,0
RE.US,60,20210408,220000,254.45,254.6,252.82,253.3,90935,0
RE.US,60,20210409,160000,254.45,255.2,254.195,254.424,9197,0
RE.US,60,20210409,170000,254.505,254.505,252.677,254.35,6332,0
RE.US,60,20210409,180000,254.6,254.75,253.69,253.896,4948,0
RE.US,60,20210409,190000,253.98,253.98,253.33,253.8,6369,0
RE.US,60,20210409,200000,253.53,253.53,252.75,253.39,9474,0
RE.US,60,20210409,210000,253.41,253.5,253.14,253.25,7502,0
RE.US,60,20210409,220000,253.44,255.05,253.44,254.77,64867,0
RE.US,60,20210412,160000,254.47,254.57,252.33,252.82,9975,0
RE.US,60,20210412,170000,252.73,253.08,251.27,252.14,40371,0
RE.US,60,20210412,180000,252.27,254.84,251.658,254.43,19366,0
RE.US,60,20210412,190000,254.51,255.185,253.94,253.94,14003,0
RE.US,60,20210412,200000,253.57,254.34,253.21,253.53,25324,0
RE.US,60,20210412,210000,253.55,253.975,253.17,253.77,12620,0
RE.US,60,20210412,220000,253.69,255,253.58,254.98,50717,0
RE.US,60,20210413,160000,254.71,254.71,251.77,251.96,7003,0
RE.US,60,20210413,170000,252.515,254.31,252.32,253.52,9087,0
RE.US,60,20210413,180000,253.69,254.26,253.48,254.14,6208,0
RE.US,60,20210413,190000,254.2,254.52,253.545,253.865,8438,0
RE.US,60,20210413,200000,253.865,255.85,253.5,255.825,15977,0
RE.US,60,20210413,210000,255.92,256.36,255.47,255.93,11839,0
RE.US,60,20210413,220000,255.81,256.63,255.55,256.07,102165,0
RE.US,60,20210414,160000,256.25,258.492,255.89,258.415,6117,0
RE.US,60,20210414,170000,258.475,258.97,258.085,258.935,10409,0
RE.US,60,20210414,180000,258.945,259.64,258.74,259.435,12880,0
RE.US,60,20210414,190000,259.31,259.4,258.725,259.26,12244,0
RE.US,60,20210414,200000,259.235,260.2,259.09,259.63,18739,0
RE.US,60,20210414,210000,259.365,260.45,259.365,260,12503,0
RE.US,60,20210414,220000,259.965,260.14,258.7,259.45,93302,0
RE.US,60,20210415,160000,259.81,260.88,259.35,260.88,5585,0
RE.US,60,20210415,170000,260.91,261.89,259.855,261.23,5755,0
RE.US,60,20210415,180000,261.37,261.47,260.38,261,7636,0
RE.US,60,20210415,190000,260.89,261.85,260.85,261.54,4506,0
RE.US,60,20210415,200000,261.49,262.08,260.99,261.21,7672,0
RE.US,60,20210415,210000,261.48,262.05,261.35,262.05,9069,0
RE.US,60,20210415,220000,261.82,263.27,261.45,262.8,84632,0
RE.US,60,20210416,160000,264.28,264.82,263.224,263.69,15079,0
RE.US,60,20210416,170000,263.76,264.3,261.97,262.52,11201,0
RE.US,60,20210416,180000,262.615,262.915,261.43,262.71,14321,0
RE.US,60,20210416,190000,262.565,262.94,261.302,261.465,7000,0
RE.US,60,20210416,200000,261.41,262.37,261.3,262.27,9958,0
RE.US,60,20210416,210000,262.1,262.49,261.74,262.11,9004,0
RE.US,60,20210416,220000,262.09,263.04,261.82,262.1,80456,0
RE.US,60,20210419,160000,263.6,264.29,261.16,263.03,11838,0
RE.US,60,20210419,170000,262.73,263.53,262.08,262.62,4971,0
RE.US,60,20210419,180000,262.047,263.07,261.92,262.75,5190,0
RE.US,60,20210419,190000,262.75,263.245,262.56,262.72,3221,0
RE.US,60,20210419,200000,262.87,263.68,262.79,263.18,4730,0
RE.US,60,20210419,210000,263.15,263.52,262.765,263.52,6501,0
RE.US,60,20210419,220000,263.525,264.26,263.32,264,56252,0
RE.US,60,20210420,160000,263.41,265,263,263.51,13941,0
RE.US,60,20210420,170000,263.26,263.29,261.99,262.485,20924,0
RE.US,60,20210420,180000,262.27,262.7,261.75,261.76,21701,0
RE.US,60,20210420,190000,261.75,262.23,261.325,261.66,19073,0
RE.US,60,20210420,200000,261.5,262.05,261.25,261.565,12061,0
RE.US,60,20210420,210000,261.48,262.3,261.08,261.3,41713,0
RE.US,60,20210420,220000,261.3,263.23,261.18,262.43,105197,0
RE.US,60,20210421,160000,262.43,264.39,262.43,263.55,3368,0
RE.US,60,20210421,170000,263.94,265.93,263.94,265.93,7839,0
RE.US,60,20210421,180000,265.96,266.39,264.96,266.07,15627,0
RE.US,60,20210421,190000,265.91,266.56,265.62,266.56,5973,0
RE.US,60,20210421,200000,266.55,267.28,266.049,266.92,8444,0
RE.US,60,20210421,210000,266.68,267.425,266.68,266.96,8317,0
RE.US,60,20210421,220000,266.89,267.8,266.42,267.64,71977,0
RE.US,60,20210422,160000,266.3,266.69,265.13,265.835,5199,0
RE.US,60,20210422,170000,265.14,266.18,264.92,265.48,7861,0
RE.US,60,20210422,180000,265.61,266.43,265.52,266.33,9241,0
RE.US,60,20210422,190000,266.17,266.21,265.66,266,27042,0
RE.US,60,20210422,200000,265.9,265.92,264.7,264.7,21556,0
RE.US,60,20210422,210000,264.55,265.59,263.83,265.05,15744,0
RE.US,60,20210422,220000,265.295,265.295,264.5,264.51,56632,0
RE.US,60,20210423,160000,265.27,266.59,265.27,266.58,2215,0
RE.US,60,20210423,170000,266.94,266.94,264.89,266.56,12790,0
RE.US,60,20210423,180000,266.48,266.72,265.76,266.2,13350,0
RE.US,60,20210423,190000,266.43,266.87,266.03,266.835,11316,0
RE.US,60,20210423,200000,266.91,267.65,266.655,267.16,13828,0
RE.US,60,20210423,210000,267.58,268.22,266.97,268.04,5101,0
RE.US,60,20210423,220000,267.965,268.71,266.71,266.82,49402,0
RE.US,60,20210426,160000,267.11,268.63,267.11,267.63,17155,0
RE.US,60,20210426,170000,267.69,268.19,267.19,268.11,11768,0
RE.US,60,20210426,180000,268.38,269.232,267.93,268.77,23386,0
RE.US,60,20210426,190000,268.64,269.02,268.095,268.555,14996,0
RE.US,60,20210426,200000,268.7,268.87,267.11,267.11,23982,0
RE.US,60,20210426,210000,267.31,267.31,266.33,266.8,13660,0
RE.US,60,20210426,220000,266.63,266.8,265.585,266,177924,0
RE.US,60,20210427,160000,266.99,267.8,265.495,267.43,24396,0
RE.US,60,20210427,170000,267.47,268.38,267.43,267.9,23250,0
RE.US,60,20210427,180000,267.55,267.79,266.015,266.57,15674,0
RE.US,60,20210427,190000,267.16,267.51,266.16,266.33,15836,0
RE.US,60,20210427,200000,266.41,267.28,266.03,267.075,18484,0
RE.US,60,20210427,210000,267.1,267.1,266.455,266.79,19052,0
RE.US,60,20210427,220000,266.76,267.53,266.64,267.05,123900,0
RE.US,60,20210428,160000,269.33,269.33,266.5,267.3,14294,0
RE.US,60,20210428,170000,267.325,268.08,266.96,267.74,19082,0
RE.US,60,20210428,180000,267.64,267.68,266.57,266.71,27938,0
RE.US,60,20210428,190000,266.855,267.02,265.77,266.59,26296,0
RE.US,60,20210428,200000,266.65,266.75,265.49,265.72,18716,0
RE.US,60,20210428,210000,265.665,266.53,265.33,266.01,50060,0
RE.US,60,20210428,220000,266.13,266.65,265.5,266.12,191614,0
RE.US,60,20210429,160000,266.34,269.95,264.77,267.35,78430,0
RE.US,60,20210429,170000,266.67,269.31,266.67,267.48,96856,0
RE.US,60,20210429,180000,267.64,269.5,267.1,268.4,115214,0
RE.US,60,20210429,190000,268,268.67,267.47,268.24,111524,0
RE.US,60,20210429,200000,268.165,268.53,267.175,268.28,84586,0
RE.US,60,20210429,210000,268.4,269.57,268.3,268.79,112266,0
RE.US,60,20210429,220000,268.85,272.73,268.545,272.45,278498,0
RE.US,60,20210430,160000,273.05,274.07,271.5,273.855,27646,0
RE.US,60,20210430,170000,273.92,276.05,272.905,273.88,53260,0
RE.US,60,20210430,180000,273.75,277.74,273.75,277.45,55930,0
RE.US,60,20210430,190000,277.135,278.05,274.94,275.16,21870,0
RE.US,60,20210430,200000,275.33,277.464,275.01,277.09,47298,0
RE.US,60,20210430,210000,277.23,278.56,276.985,278.56,46426,0
RE.US,60,20210430,220000,278.56,278.94,276.58,276.88,225494,0
RE.US,60,20210503,160000,279.19,281.27,278.44,279.09,12368,0
RE.US,60,20210503,170000,279.625,279.625,276.31,276.81,18396,0
RE.US,60,20210503,180000,277.16,277.5,275.19,276.25,30084,0
RE.US,60,20210503,190000,276.25,276.31,274.2,275.755,11923,0
RE.US,60,20210503,200000,275.74,275.96,274.42,274.975,26223,0
RE.US,60,20210503,210000,274.805,275.61,274.38,275.49,36175,0
RE.US,60,20210503,220000,275.43,275.505,271.76,272.07,105472,0
RE.US,60,20210504,160000,272.18,274.99,271.47,272.143,12523,0
RE.US,60,20210504,170000,272.12,275.76,272.06,274.9,31559,0
RE.US,60,20210504,180000,274.79,275.36,273.45,274.584,61038,0
RE.US,60,20210504,190000,274.52,277.485,274.52,276.395,59331,0
RE.US,60,20210504,200000,276.21,276.51,274.18,274.41,23370,0
RE.US,60,20210504,210000,274.07,274.89,272.91,273.16,12039,0
RE.US,60,20210504,220000,273.03,273.79,272.63,273.42,88318,0
RE.US,60,20210505,160000,273.11,273.11,266.81,267.55,21670,0
RE.US,60,20210505,170000,267.89,270.88,267.545,270.09,21190,0
RE.US,60,20210505,180000,270.11,271.22,269.9,271.115,15579,0
RE.US,60,20210505,190000,271.23,272.17,270.93,272.02,21162,0
RE.US,60,20210505,200000,272.005,273.09,271.72,273.09,12299,0
RE.US,60,20210505,210000,272.86,274.02,272.86,274.02,12348,0
RE.US,60,20210505,220000,273.96,274.975,272.55,273.11,74927,0
RE.US,60,20210506,160000,274.78,274.78,271.49,273.84,7706,0
RE.US,60,20210506,170000,273.96,274.795,273.03,273.69,14721,0
RE.US,60,20210506,180000,273.62,274.95,273.32,273.72,12023,0
RE.US,60,20210506,190000,273.67,273.76,270.58,270.58,14156,0
RE.US,60,20210506,200000,270.645,271.41,270.53,271.29,15074,0
RE.US,60,20210506,210000,271.25,271.53,270.11,270.67,17384,0
RE.US,60,20210506,220000,270.97,273.4,270.89,273.32,77702,0
RE.US,60,20210507,160000,270.18,272.455,269.55,272.41,7213,0
RE.US,60,20210507,170000,271.645,274,271.645,272.27,19868,0
RE.US,60,20210507,180000,272.44,272.59,271.405,271.855,21875,0
RE.US,60,20210507,190000,271.8,272.05,271.16,271.405,18363,0
RE.US,60,20210507,200000,271.43,272.005,270.79,271.595,17716,0
RE.US,60,20210507,210000,271.46,273.93,271.265,273.29,16368,0
RE.US,60,20210507,220000,273.29,273.47,272.075,273.1,72076,0
RE.US,60,20210510,160000,274.23,275.2,273.85,274.38,6758,0
RE.US,60,20210510,170000,274.56,275.8,273.715,274.22,7225,0
RE.US,60,20210510,180000,274.25,275.59,273.99,274.77,22750,0
RE.US,60,20210510,190000,274.71,274.88,273.01,273.66,19321,0
RE.US,60,20210510,200000,273.75,275.1,273.64,274.83,23312,0
RE.US,60,20210510,210000,274.79,275.19,272.9,273.41,23165,0
RE.US,60,20210510,220000,273.505,273.8,272.675,272.81,113682,0
RE.US,60,20210511,160000,271.6,271.855,267.82,269.545,15984,0
RE.US,60,20210511,170000,270.01,270.45,267.45,269.05,19222,0
RE.US,60,20210511,180000,268.995,270.95,268.995,270.77,9980,0
RE.US,60,20210511,190000,270.01,270.81,268.54,268.7,11822,0
RE.US,60,20210511,200000,268.347,269.52,268.025,269.22,8033,0
RE.US,60,20210511,210000,269.19,269.59,267.55,267.58,20626,0
RE.US,60,20210511,220000,267.66,267.66,264.71,265.57,102872,0
RE.US,60,20210512,160000,267.09,267.67,264.815,265.49,10114,0
RE.US,60,20210512,170000,265.655,265.765,264.2,265.1,17334,0
RE.US,60,20210512,180000,264.89,266.37,264.595,264.755,17514,0
RE.US,60,20210512,190000,264.74,265.4,264.36,264.895,20397,0
RE.US,60,20210512,200000,264.83,265.22,264.385,264.95,13241,0
RE.US,60,20210512,210000,264.965,265.24,263.32,265.04,14173,0
RE.US,60,20210512,220000,265.145,265.2,262.02,262.44,100505,0
RE.US,60,20210513,160000,261.07,265.99,261.07,265.67,10291,0
RE.US,60,20210513,170000,265.475,267.18,265.12,266.965,8510,0
RE.US,60,20210513,180000,267.24,267.92,266.84,267.55,11202,0
RE.US,60,20210513,190000,267.64,268.855,267.36,268.53,10924,0
RE.US,60,20210513,200000,268.31,268.61,267.77,268.495,11681,0
RE.US,60,20210513,210000,268.49,270.55,268.49,270.43,8398,0
RE.US,60,20210513,220000,270.48,272.105,270.47,270.96,62815,0
RE.US,60,20210514,160000,270.75,271.97,269,271.5,7412,0
RE.US,60,20210514,170000,271.77,272.24,269.21,269.94,14494,0
RE.US,60,20210514,180000,269.5,270.81,269.13,270.165,8771,0
RE.US,60,20210514,190000,270.21,271.34,270.06,271.24,6759,0
RE.US,60,20210514,200000,271.32,271.7,271.1,271.45,8557,0
RE.US,60,20210514,210000,271.46,271.51,271,271,10391,0
RE.US,60,20210514,220000,271.395,272.35,271.08,271.43,54911,0
RE.US,60,20210517,160000,271.14,272.26,268.14,268.66,6392,0
RE.US,60,20210517,170000,268.87,270.59,267.01,270.465,24344,0
RE.US,60,20210517,180000,270.56,271.4,268.88,271.3,13912,0
RE.US,60,20210517,190000,271.42,272.77,271.255,272.03,18245,0
RE.US,60,20210517,200000,272.37,273.22,271.8,273.09,11988,0
RE.US,60,20210517,210000,273,273.2,272.56,272.78,13091,0
RE.US,60,20210517,220000,272.78,273.1,271.98,272.11,113934,0
RE.US,60,20210518,160000,270.48,270.63,268.475,268.71,16575,0
RE.US,60,20210518,170000,268.43,270.635,267.25,269.91,31618,0
RE.US,60,20210518,180000,270.21,270.765,269.395,270.09,12612,0
RE.US,60,20210518,190000,269.97,271.245,269.96,270.86,20078,0
RE.US,60,20210518,200000,270.905,272.3,270.905,272.3,22757,0
RE.US,60,20210518,210000,272.21,272.31,271.705,272.2,24189,0
RE.US,60,20210518,220000,272.115,272.245,271.078,271.51,145700,0
RE.US,60,20210519,160000,270.32,270.81,267.6,269.75,14308,0
RE.US,60,20210519,170000,269.635,269.74,266.76,267.8,16332,0
RE.US,60,20210519,180000,267.84,267.92,266.9,267.539,17416,0
RE.US,60,20210519,190000,267.3,268.485,267.3,268.22,20550,0
RE.US,60,20210519,200000,268.31,268.31,267.22,267.795,19232,0
RE.US,60,20210519,210000,267.725,268.12,266.52,267.39,31415,0
RE.US,60,20210519,220000,267.09,269.22,266.61,269.2,85728,0
RE.US,60,20210520,160000,269.69,270.18,267.52,267.99,8128,0
RE.US,60,20210520,170000,268.13,268.546,267.15,268.05,19116,0
RE.US,60,20210520,180000,267.97,268.79,267.66,268.28,10659,0
RE.US,60,20210520,190000,268.237,268.51,266.7,267.504,11686,0
RE.US,60,20210520,200000,267.7,269.3,267.7,268.8,13243,0
RE.US,60,20210520,210000,268.68,268.95,268.115,268.18,12419,0
RE.US,60,20210520,220000,268.02,268.97,267.98,268.42,66393,0
RE.US,60,20210521,160000,268.62,270.76,268.1,268.96,18048,0
RE.US,60,20210521,170000,268.45,268.45,265.62,266.83,18406,0
RE.US,60,20210521,180000,266.62,266.75,264.47,265.01,15332,0
RE.US,60,20210521,190000,265.13,265.275,263.78,263.78,12810,0
RE.US,60,20210521,200000,263.91,264.94,263.91,264.46,8305,0
RE.US,60,20210521,210000,264.42,265.23,264.08,264.6,14391,0
RE.US,60,20210521,220000,264.43,265.05,263.91,264.29,60476,0
RE.US,60,20210524,160000,265.45,265.835,263.68,264.328,9391,0
RE.US,60,20210524,170000,264.14,264.92,263.02,264.2,25675,0
RE.US,60,20210524,180000,264.06,264.185,262.58,262.7,18043,0
RE.US,60,20210524,190000,262.74,263.53,262.48,262.875,49279,0
RE.US,60,20210524,200000,263.06,263.18,262.69,262.96,17311,0
RE.US,60,20210524,210000,263.08,263.53,262.76,263.11,22758,0
RE.US,60,20210524,220000,263.14,264.49,263.13,263.57,116766,0
RE.US,60,20210525,160000,261.78,261.78,258.59,259.52,17435,0
RE.US,60,20210525,170000,259.195,259.89,257.56,257.78,24421,0
RE.US,60,20210525,180000,257.7,258.55,256.715,256.92,56219,0
RE.US,60,20210525,190000,257.01,257.76,256.705,256.98,28046,0
RE.US,60,20210525,200000,257.095,257.55,256.207,256.207,39123,0
RE.US,60,20210525,210000,256.25,256.28,255.06,255.15,57412,0
RE.US,60,20210525,220000,255.08,255.36,253.4,254.44,163196,0
RE.US,60,20210526,160000,254.93,255.33,253.665,254.36,14623,0
RE.US,60,20210526,170000,254.5,256.47,254.18,256.165,20226,0
RE.US,60,20210526,180000,256.165,256.6,255.35,255.9,21284,0
RE.US,60,20210526,190000,255.86,256.015,255.215,255.475,35326,0
RE.US,60,20210526,200000,255.52,256.29,255.275,255.61,27728,0
RE.US,60,20210526,210000,255.695,256.27,254.79,254.95,34572,0
RE.US,60,20210526,220000,255,255.45,254.62,254.7,180988,0
RE.US,60,20210527,160000,256.59,258.31,255.5,257.37,27321,0
RE.US,60,20210527,170000,257.29,257.53,255.16,255.8,39576,0
RE.US,60,20210527,180000,255.88,256.99,254.91,256.99,28553,0
RE.US,60,20210527,190000,256.87,257.84,256.29,256.99,27470,0
RE.US,60,20210527,200000,257.02,258.152,256.94,257.918,28488,0
RE.US,60,20210527,210000,257.88,258.01,256.28,256.517,33197,0
RE.US,60,20210527,220000,256.32,259.98,255.725,259.93,1250160,0
RE.US,60,20210528,160000,261.58,261.58,258.37,259.11,14699,0
RE.US,60,20210528,170000,259.691,259.691,257.03,258.547,23427,0
RE.US,60,20210528,180000,258.545,259.51,258.3,259.205,13074,0
RE.US,60,20210528,190000,259.04,260.25,258.99,260.09,14520,0
RE.US,60,20210528,200000,259.749,260.78,259.749,260.78,12007,0
RE.US,60,20210528,210000,260.96,261.08,259.96,260.42,11406,0
RE.US,60,20210528,220000,260.49,261.56,259.82,259.96,148179,0
RE.US,60,20210601,160000,262.41,263.07,259.45,260.105,9606,0
RE.US,60,20210601,170000,260.275,261.39,258.96,259.69,23514,0
RE.US,60,20210601,180000,259.83,261.98,259.72,261.24,18736,0
RE.US,60,20210601,190000,261.14,261.27,259.89,259.9,17935,0
RE.US,60,20210601,200000,259.84,259.99,258.85,259.29,20569,0
RE.US,60,20210601,210000,259.33,260.42,258.95,260.29,25102,0
RE.US,60,20210601,220000,260.29,260.56,259.535,259.8,138734,0
RE.US,60,20210602,160000,259.49,259.49,256.74,258.685,14413,0
RE.US,60,20210602,170000,258.87,259.22,256.96,257.73,20986,0
RE.US,60,20210602,180000,258,258,257.01,257.01,14133,0
RE.US,60,20210602,190000,256.815,258.32,256.54,258.18,18521,0
RE.US,60,20210602,200000,258.38,258.699,258.01,258.23,13753,0
RE.US,60,20210602,210000,258.48,258.68,257.37,257.57,17541,0
RE.US,60,20210602,220000,257.53,257.78,256.82,257.09,89988,0
RE.US,60,20210603,160000,256.19,256.19,254.51,255.19,16206,0
RE.US,60,20210603,170000,254.955,257.11,254.955,256.94,15228,0
RE.US,60,20210603,180000,256.85,258.53,256.68,258.38,18472,0
RE.US,60,20210603,190000,258.52,258.54,257.2,257.355,23359,0
RE.US,60,20210603,200000,257.34,257.84,257.305,257.69,19013,0
RE.US,60,20210603,210000,257.81,257.81,257.08,257.2,13419,0
RE.US,60,20210603,220000,257.11,258.175,257,257,98267,0
RE.US,60,20210604,160000,256.77,257.64,255.67,256.25,6463,0
RE.US,60,20210604,170000,256.85,256.85,255.265,256.57,10611,0
RE.US,60,20210604,180000,256.57,257.53,256.38,256.87,19622,0
RE.US,60,20210604,190000,256.79,257.95,256.77,257.89,11026,0
RE.US,60,20210604,200000,257.87,258.31,257.82,258.31,16852,0
RE.US,60,20210604,210000,258.225,259.22,258.21,259.22,11149,0
RE.US,60,20210604,220000,259.19,259.845,258.965,259.37,69166,0
RE.US,60,20210607,160000,259.18,259.45,258.18,258.18,7391,0
RE.US,60,20210607,170000,258.274,258.58,257.39,257.555,25687,0
RE.US,60,20210607,180000,257.5,257.67,256.78,257.27,25394,0
RE.US,60,20210607,190000,257.22,257.305,256.305,257.09,26357,0
RE.US,60,20210607,200000,257.06,257.7,256.895,257.42,16432,0
RE.US,60,20210607,210000,257.3,257.7,256.99,257.67,18957,0
RE.US,60,20210607,220000,257.725,258.49,257.42,257.79,100198,0
RE.US,60,20210608,160000,257.22,258.35,255.46,256.2,9620,0
RE.US,60,20210608,170000,256.33,258.27,255.74,257.87,36655,0
RE.US,60,20210608,180000,257.9,259.505,257.9,259.29,12625,0
RE.US,60,20210608,190000,259.29,259.65,258.28,258.94,20672,0
RE.US,60,20210608,200000,258.78,259.23,258.53,258.84,39684,0
RE.US,60,20210608,210000,258.819,259.72,258.69,258.98,17418,0
RE.US,60,20210608,220000,259.015,259.65,258.88,259.17,61767,0
RE.US,60,20210609,160000,257.65,259.01,257.28,258.62,25324,0
RE.US,60,20210609,170000,258.66,258.92,257.11,258.35,14239,0
RE.US,60,20210609,180000,258.61,258.65,257.94,258.075,5090,0
RE.US,60,20210609,190000,258.14,258.17,257.71,257.83,10892,0
RE.US,60,20210609,200000,257.76,258.615,257.72,258.14,14463,0
RE.US,60,20210609,210000,258.18,258.46,257.98,258.05,16676,0
RE.US,60,20210609,220000,258.05,258.305,257.53,257.65,61005,0
RE.US,60,20210610,160000,258.94,259.08,257.65,258.9,13516,0
RE.US,60,20210610,170000,259.094,259.39,257.99,258.38,17233,0
RE.US,60,20210610,180000,258.47,258.47,257.69,257.97,11461,0
RE.US,60,20210610,190000,258.09,258.09,257.475,257.915,9407,0
RE.US,60,20210610,200000,257.79,257.85,257.29,257.29,20571,0
RE.US,60,20210610,210000,257.11,257.32,256.63,256.67,13834,0
RE.US,60,20210610,220000,256.475,256.63,254.74,254.88,70047,0
RE.US,60,20210611,160000,254.78,256.18,254.78,255.51,10261,0
RE.US,60,20210611,170000,255.26,255.86,254.8,254.91,13575,0
RE.US,60,20210611,180000,254.985,255.29,254.65,254.97,23809,0
RE.US,60,20210611,190000,254.89,254.89,254.43,254.6,9351,0
RE.US,60,20210611,200000,254.58,254.92,254.3,254.325,14616,0
RE.US,60,20210611,210000,254.315,255,254.2,254.275,18473,0
RE.US,60,20210611,220000,254.25,254.39,253.33,253.84,97629,0
RE.US,60,20210614,160000,253.78,253.78,252.75,252.77,7263,0
RE.US,60,20210614,170000,252.87,253.84,252.87,253.5,9050,0
RE.US,60,20210614,180000,253.42,254.01,252.13,252.27,12405,0
RE.US,60,20210614,190000,252.3,252.64,252,252.39,12965,0
RE.US,60,20210614,200000,252.26,252.79,252.15,252.53,11347,0
RE.US,60,20210614,210000,252.54,253.39,252.39,253.23,17642,0
RE.US,60,20210614,220000,253.28,254.15,253.17,254.03,67414,0
RE.US,60,20210615,160000,254.39,255.05,253.06,253.15,5073,0
RE.US,60,20210615,170000,253.38,254.47,252.84,254.285,16568,0
RE.US,60,20210615,180000,254.19,254.335,253.4,253.688,13588,0
RE.US,60,20210615,190000,253.75,256.22,253.75,256.22,10455,0
RE.US,60,20210615,200000,256.285,257.47,256.22,257.47,9670,0
RE.US,60,20210615,210000,257.52,258.49,257.26,258.26,10858,0
RE.US,60,20210615,220000,258.245,258.43,256.56,256.58,68954,0
RE.US,60,20210616,160000,255.95,256.43,255.29,256.06,6550,0
RE.US,60,20210616,170000,256.275,256.57,255.55,256.01,5786,0
RE.US,60,20210616,180000,256.16,257.35,256.16,256.95,11834,0
RE.US,60,20210616,190000,256.85,256.85,255.02,255.19,8374,0
RE.US,60,20210616,200000,255.34,255.47,254.47,254.89,7034,0
RE.US,60,20210616,210000,254.24,256.13,254.24,255.98,10492,0
RE.US,60,20210616,220000,256.025,256.87,254.12,254.19,67272,0
RE.US,60,20210617,160000,254.93,255.18,251.785,252.035,12838,0
RE.US,60,20210617,170000,252.18,253.17,250.76,250.76,14054,0
RE.US,60,20210617,180000,250.53,250.59,247.865,247.865,21060,0
RE.US,60,20210617,190000,247.6,247.83,245.57,246.64,29811,0
RE.US,60,20210617,200000,246.67,247.26,245.745,246.1,13666,0
RE.US,60,20210617,210000,246.16,246.73,245.48,245.7,14775,0
RE.US,60,20210617,220000,245.61,247.105,245.44,245.53,87521,0
RE.US,60,20210618,160000,239.29,241.02,239.05,239.69,49335,0
RE.US,60,20210618,170000,240.06,240.38,237.38,238.59,29061,0
RE.US,60,20210618,180000,238.16,240.09,237.67,238.495,30298,0
RE.US,60,20210618,190000,238.33,238.79,237.215,237.405,18935,0
RE.US,60,20210618,200000,237.5,238.955,237.33,238.295,16762,0
RE.US,60,20210618,210000,238.31,238.9,237.07,237.3,22735,0
RE.US,60,20210618,220000,237.26,238.29,236.13,236.21,264883,0
RE.US,60,20210621,160000,237.87,241.75,237.87,240.34,25032,0
RE.US,60,20210621,170000,240.54,243.49,240.54,243.415,28528,0
RE.US,60,20210621,180000,243.5,243.5,241.57,243.24,19350,0
RE.US,60,20210621,190000,243.06,243.22,242.23,242.61,15081,0
RE.US,60,20210621,200000,242.62,243.95,242.43,243.85,14918,0
RE.US,60,20210621,210000,243.74,243.92,242.82,243.19,12281,0
RE.US,60,20210621,220000,243.16,243.917,242.99,243.58,91588,0
RE.US,60,20210622,160000,243.52,243.92,241.71,242.605,11085,0
RE.US,60,20210622,170000,242.9,243.29,242.02,242.91,10595,0
RE.US,60,20210622,180000,242.86,243.86,242.58,242.71,8002,0
RE.US,60,20210622,190000,242.79,243.38,242.48,242.67,7509,0
RE.US,60,20210622,200000,242.81,243.45,242.81,243.39,10592,0
RE.US,60,20210622,210000,243.35,244.93,242.72,244.78,26717,0
RE.US,60,20210622,220000,244.86,245.06,244.17,244.44,118690,0
RE.US,60,20210623,160000,244.33,244.725,243.2,244.165,8857,0
RE.US,60,20210623,170000,244.17,245.04,243.69,244.69,21008,0
RE.US,60,20210623,180000,244.525,244.985,243.64,243.7,12397,0
RE.US,60,20210623,190000,243.68,245,243.62,244.84,19954,0
RE.US,60,20210623,200000,244.795,245.35,244.73,245.35,17680,0
RE.US,60,20210623,210000,245.35,246.35,245.175,246.07,33357,0
RE.US,60,20210623,220000,246.02,246.77,245.69,245.78,158551,0
RE.US,60,20210624,160000,247.47,249.99,246.845,249.61,22075,0
RE.US,60,20210624,170000,249.395,251.29,249.27,249.95,23990,0
RE.US,60,20210624,180000,250.17,251.04,249.92,250.48,16357,0
RE.US,60,20210624,190000,250.37,252.37,249.86,251.76,26052,0
RE.US,60,20210624,200000,251.85,253.12,251.715,253.08,14838,0
RE.US,60,20210624,210000,253.15,253.17,252.38,252.84,17970,0
RE.US,60,20210624,220000,253.05,253.62,252.61,252.61,87082,0
RE.US,60,20210625,160000,253.65,254.78,252.37,254.53,8782,0
RE.US,60,20210625,170000,254.385,255.22,254.05,254.6,14179,0
RE.US,60,20210625,180000,254.61,255.32,254.45,255.23,8700,0
RE.US,60,20210625,190000,255.29,255.93,255.1,255.93,7607,0
RE.US,60,20210625,200000,255.68,256.25,255.26,256.25,4907,0
RE.US,60,20210625,210000,256.43,256.43,255.65,256.04,6895,0
RE.US,60,20210625,220000,256.19,256.76,255.285,256.24,214732,0
RE.US,60,20210628,160000,255.76,255.76,252.4,253.6,14090,0
RE.US,60,20210628,170000,253.06,253.62,251.285,252.52,20798,0
RE.US,60,20210628,180000,252.61,252.845,251.23,252.045,12430,0
RE.US,60,20210628,190000,252.06,252.49,250.53,251.26,9631,0
RE.US,60,20210628,200000,251.135,251.7,250.91,251.695,7134,0
RE.US,60,20210628,210000,251.79,252.23,250.96,250.96,11199,0
RE.US,60,20210628,220000,251.01,251.91,250.96,251.55,68680,0
RE.US,60,20210629,160000,252.8,253.92,251.6,251.92,8247,0
RE.US,60,20210629,170000,252.04,253.118,251.84,252.5,45461,0
RE.US,60,20210629,180000,252.37,252.74,252.28,252.52,18327,0
RE.US,60,20210629,190000,252.45,252.89,251.39,252.72,46001,0
RE.US,60,20210629,200000,252.67,253.18,252.43,252.5,26345,0
RE.US,60,20210629,210000,252.45,252.91,252.19,252.9,39355,0
RE.US,60,20210629,220000,252.75,253.47,252.59,253,84648,0
RE.US,60,20210630,160000,251.98,252.89,251.81,251.81,3003,0
RE.US,60,20210630,170000,251.99,252.475,251.635,252.31,21528,0
RE.US,60,20210630,180000,252.25,253.03,252.19,252.55,10926,0
RE.US,60,20210630,190000,252.655,252.67,251.735,251.735,6041,0
RE.US,60,20210630,200000,251.86,251.86,250.5,250.62,6216,0
RE.US,60,20210630,210000,250.72,252.07,250.72,251.97,18133,0
RE.US,60,20210630,220000,251.95,252.4,251.74,251.87,43670,0
RE.US,60,20210701,160000,252.96,253.43,251.31,253.393,11740,0
RE.US,60,20210701,170000,253.255,254.21,253.09,253.56,8428,0
RE.US,60,20210701,180000,253.97,254.81,253.97,254.19,8488,0
RE.US,60,20210701,190000,254.33,254.595,254.07,254.4,14751,0
RE.US,60,20210701,200000,254.405,255.64,254.36,255.475,18577,0
RE.US,60,20210701,210000,255.58,256.78,255.57,256.36,13924,0
RE.US,60,20210701,220000,256.3,257.12,256.12,256.82,127638,0
RE.US,60,20210702,160000,255.27,255.76,253.58,253.58,11120,0
RE.US,60,20210702,170000,253.18,253.21,251.09,251.58,18826,0
RE.US,60,20210702,180000,251.58,252.58,251.31,252.58,8023,0
RE.US,60,20210702,190000,252.33,253.19,251.91,252.96,13698,0
RE.US,60,20210702,200000,253.01,253.61,252.49,252.71,12633,0
RE.US,60,20210702,210000,252.79,252.87,252.15,252.29,48084,0
RE.US,60,20210702,220000,252.307,252.61,251.75,252.35,103256,0
RE.US,60,20210706,160000,251.09,251.09,249.02,249.93,18120,0
RE.US,60,20210706,170000,249.39,249.49,247.23,247.51,45653,0
RE.US,60,20210706,180000,247.56,248.76,247.23,248.6,92537,0
RE.US,60,20210706,190000,248.63,249.05,248.36,248.71,60017,0
RE.US,60,20210706,200000,248.745,249.37,248.67,249,37872,0
RE.US,60,20210706,210000,248.83,249.15,248.645,249,41715,0
RE.US,60,20210706,220000,248.93,249.18,248.14,248.38,193239,0
RE.US,60,20210707,160000,246.73,249.85,246.73,248.85,35157,0
RE.US,60,20210707,170000,248.84,249.84,248.11,248.22,103477,0
RE.US,60,20210707,180000,248.03,250.06,248.01,249.425,68659,0
RE.US,60,20210707,190000,249.85,250.08,249.5,250,22821,0
RE.US,60,20210707,200000,250,251,250,250.75,16360,0
RE.US,60,20210707,210000,250.75,251.04,250.44,250.915,25847,0
RE.US,60,20210707,220000,250.86,252.03,250.68,250.98,109501,0
RE.US,60,20210708,160000,247.01,247.01,244.51,246.19,21739,0
RE.US,60,20210708,170000,246.03,246.03,243.79,244.53,14759,0
RE.US,60,20210708,180000,244.59,246.58,244.58,246.17,12511,0
RE.US,60,20210708,190000,246.43,246.75,245.658,246.2,11073,0
RE.US,60,20210708,200000,246.22,246.22,244,244.12,9265,0
RE.US,60,20210708,210000,244.175,244.22,242.71,243.06,12637,0
RE.US,60,20210708,220000,243.28,244.03,242.451,242.99,69766,0
RE.US,60,20210709,160000,246.85,247.91,245.45,246.76,8206,0
RE.US,60,20210709,170000,246.7,247.95,246.13,246.25,12115,0
RE.US,60,20210709,180000,246.34,247.47,246.28,246.57,6641,0
RE.US,60,20210709,190000,246.56,246.69,245.35,246.34,6294,0
RE.US,60,20210709,200000,246.35,246.74,245.66,246.57,27760,0
RE.US,60,20210709,210000,246.61,247.42,246.273,247.37,57412,0
RE.US,60,20210709,220000,247.585,247.87,247.28,247.86,63332,0
