<TICKER>,<PER>,<DATE>,<TIME>,<OPEN>,<HIGH>,<LOW>,<CLOSE>,<VOL>,<OPENINT>
SJT.US,60,20200914,160000,2.3722,2.3915,2.3722,2.3915,2677,0
SJT.US,60,20200914,170000,2.3818,2.41,2.3818,2.41,3405,0
SJT.US,60,20200914,180000,2.4149,2.4149,2.4149,2.4149,105,0
SJT.US,60,20200914,190000,2.4195,2.4195,2.3912,2.41,8635,0
SJT.US,60,20200914,200000,2.4195,2.4195,2.4101,2.4101,6073,0
SJT.US,60,20200914,210000,2.4291,2.4317,2.4291,2.4317,10473,0
SJT.US,60,20200914,220000,2.4337,2.4855,2.4337,2.4668,35670,0
SJT.US,60,20200915,160000,2.4385,2.4904,2.4385,2.4904,2790,0
SJT.US,60,20200915,170000,2.4764,2.4764,2.4764,2.4764,373,0
SJT.US,60,20200915,180000,2.5046,2.5124,2.5046,2.5124,2912,0
SJT.US,60,20200915,190000,2.514,2.514,2.514,2.514,1384,0
SJT.US,60,20200915,200000,2.5071,2.5113,2.5047,2.5113,1209,0
SJT.US,60,20200915,210000,2.514,2.514,2.514,2.514,317,0
SJT.US,60,20200915,220000,2.514,2.5329,2.5047,2.5047,25605,0
SJT.US,60,20200916,160000,2.5047,2.5657,2.5047,2.5657,5454,0
SJT.US,60,20200916,170000,2.5801,2.5801,2.5047,2.5047,18770,0
SJT.US,60,20200916,180000,2.4952,2.5891,2.4952,2.5519,18929,0
SJT.US,60,20200916,190000,2.5521,2.5708,2.5519,2.5707,14265,0
SJT.US,60,20200916,200000,2.5614,2.5654,2.5047,2.5236,7293,0
SJT.US,60,20200916,210000,2.5237,2.5701,2.4855,2.5701,5462,0
SJT.US,60,20200916,220000,2.5519,2.5521,2.5047,2.5519,25932,0
SJT.US,60,20200917,160000,2.4573,2.552,2.4573,2.5519,28155,0
SJT.US,60,20200917,170000,2.5519,2.5614,2.5519,2.5564,10207,0
SJT.US,60,20200917,180000,2.5614,2.5614,2.552,2.552,846,0
SJT.US,60,20200917,190000,2.5519,2.5574,2.5519,2.5574,15183,0
SJT.US,60,20200917,220000,2.5519,2.5586,2.5519,2.5566,6771,0
SJT.US,60,20200918,160000,2.5237,2.5519,2.5237,2.5519,1360,0
SJT.US,60,20200918,170000,2.5519,2.5548,2.5519,2.552,4889,0
SJT.US,60,20200918,190000,2.5707,2.5707,2.552,2.5614,427,0
SJT.US,60,20200918,200000,2.5519,2.5544,2.5519,2.5519,9509,0
SJT.US,60,20200918,210000,2.5519,2.5554,2.5519,2.5519,22611,0
SJT.US,60,20200918,220000,2.5519,2.5566,2.5519,2.5519,11412,0
SJT.US,60,20200921,160000,2.4385,2.5519,2.41,2.5519,9920,0
SJT.US,60,20200921,170000,2.5519,2.5519,2.5424,2.5471,2961,0
SJT.US,60,20200921,180000,2.5519,2.5598,2.5424,2.5598,3173,0
SJT.US,60,20200921,190000,2.5519,2.5521,2.5329,2.5456,3069,0
SJT.US,60,20200921,210000,2.5519,2.5519,2.5519,2.5519,1370,0
SJT.US,60,20200921,220000,2.5424,2.5519,2.5329,2.5519,10213,0
SJT.US,60,20200922,160000,2.5519,2.5519,2.5192,2.5329,2743,0
SJT.US,60,20200922,170000,2.5329,2.5329,2.514,2.514,213,0
SJT.US,60,20200922,180000,2.5237,2.5237,2.4573,2.4573,15129,0
SJT.US,60,20200922,190000,2.4385,2.5394,2.4385,2.478,12445,0
SJT.US,60,20200922,200000,2.4763,2.514,2.4719,2.5047,27667,0
SJT.US,60,20200922,210000,2.514,2.515,2.514,2.514,3502,0
SJT.US,60,20200922,220000,2.5047,2.5237,2.4855,2.4855,718,0
SJT.US,60,20200923,160000,2.4573,2.4692,2.4573,2.4668,713,0
SJT.US,60,20200923,170000,2.4573,2.5,2.4573,2.4885,8821,0
SJT.US,60,20200923,180000,2.4855,2.5047,2.4763,2.4952,19722,0
SJT.US,60,20200923,190000,2.4976,2.514,2.4955,2.4965,4180,0
SJT.US,60,20200923,200000,2.5106,2.5106,2.5047,2.5047,846,0
SJT.US,60,20200923,210000,2.5093,2.5093,2.5047,2.5047,1164,0
SJT.US,60,20200923,220000,2.5188,2.5519,2.4952,2.5519,37034,0
SJT.US,60,20200924,160000,2.5047,2.5896,2.5047,2.5896,5517,0
SJT.US,60,20200924,170000,2.5614,2.5614,2.5252,2.5252,740,0
SJT.US,60,20200924,180000,2.5237,2.5237,2.4952,2.4952,3170,0
SJT.US,60,20200924,190000,2.4855,2.4855,2.4669,2.4669,6484,0
SJT.US,60,20200924,200000,2.4668,2.4855,2.4668,2.4855,4819,0
SJT.US,60,20200924,210000,2.5047,2.514,2.4952,2.4952,4740,0
SJT.US,60,20200924,220000,2.4952,2.4952,2.3722,2.3722,13470,0
SJT.US,60,20200925,160000,2.3912,2.4478,2.3912,2.4476,3238,0
SJT.US,60,20200925,170000,2.4478,2.4855,2.4478,2.4855,1724,0
SJT.US,60,20200925,180000,2.4836,2.4859,2.4825,2.4859,4548,0
SJT.US,60,20200925,190000,2.4739,2.4763,2.4668,2.4668,8604,0
SJT.US,60,20200925,200000,2.4669,2.4763,2.4669,2.4719,2750,0
SJT.US,60,20200925,210000,2.4855,2.4855,2.4855,2.4855,105,0
SJT.US,60,20200925,220000,2.4763,2.4763,2.4668,2.4762,2697,0
SJT.US,60,20200928,160000,2.4385,2.4951,2.4385,2.4855,4289,0
SJT.US,60,20200928,170000,2.4855,2.4855,2.4763,2.4855,3386,0
SJT.US,60,20200928,180000,2.4931,2.4952,2.4855,2.4952,838,0
SJT.US,60,20200928,210000,2.4952,2.4952,2.4668,2.4763,2818,0
SJT.US,60,20200929,160000,2.41,2.4701,2.41,2.4701,8311,0
SJT.US,60,20200929,170000,2.4478,2.462,2.4385,2.4385,2119,0
SJT.US,60,20200929,180000,2.4417,2.4422,2.4195,2.4291,4814,0
SJT.US,60,20200929,190000,2.4195,2.4286,2.41,2.4286,4655,0
SJT.US,60,20200929,210000,2.4195,2.4668,2.41,2.4668,10417,0
SJT.US,60,20200929,220000,2.4668,2.4763,2.4573,2.4668,2802,0
SJT.US,60,20200930,160000,2.4291,2.4291,2.4291,2.4291,3255,0
SJT.US,60,20200930,170000,2.4668,2.4668,2.4643,2.4645,1587,0
SJT.US,60,20200930,180000,2.4763,2.4763,2.4668,2.4715,962,0
SJT.US,60,20200930,190000,2.4715,2.4734,2.4385,2.4385,5778,0
SJT.US,60,20200930,200000,2.4195,2.4385,2.41,2.41,10940,0
SJT.US,60,20200930,210000,2.382,2.396,2.3722,2.3722,4375,0
SJT.US,60,20200930,220000,2.3722,2.3898,2.3722,2.3722,9644,0
SJT.US,60,20201001,160000,2.3722,2.4008,2.3722,2.3995,2827,0
SJT.US,60,20201001,170000,2.3722,2.4008,2.3722,2.4008,6036,0
SJT.US,60,20201001,180000,2.3959,2.41,2.3912,2.41,6539,0
SJT.US,60,20201001,190000,2.4075,2.41,2.4075,2.41,3649,0
SJT.US,60,20201001,200000,2.4008,2.412,2.4008,2.412,689,0
SJT.US,60,20201001,210000,2.4292,2.4337,2.4292,2.4337,288,0
SJT.US,60,20201001,220000,2.4291,2.4573,2.4291,2.4573,566,0
SJT.US,60,20201002,160000,2.4179,2.4179,2.4053,2.4053,645,0
SJT.US,60,20201002,170000,2.4155,2.4478,2.41,2.4478,2855,0
SJT.US,60,20201002,180000,2.4291,2.4385,2.4291,2.4385,1917,0
SJT.US,60,20201002,190000,2.4385,2.4385,2.4337,2.4337,597,0
SJT.US,60,20201002,200000,2.4195,2.4195,2.4008,2.4008,274,0
SJT.US,60,20201002,210000,2.3959,2.4194,2.3912,2.4074,1980,0
SJT.US,60,20201002,220000,2.3941,2.4478,2.3941,2.4385,2274,0
SJT.US,60,20201005,160000,2.3818,2.5047,2.3818,2.5046,25446,0
SJT.US,60,20201005,170000,2.4878,2.4878,2.4878,2.4878,1851,0
SJT.US,60,20201005,180000,2.4855,2.4961,2.4763,2.4838,5231,0
SJT.US,60,20201005,190000,2.5047,2.5519,2.3156,2.4007,107070,0
SJT.US,60,20201005,200000,2.3865,2.4384,2.3865,2.4008,7989,0
SJT.US,60,20201005,210000,2.4195,2.4195,2.3722,2.3912,28893,0
SJT.US,60,20201005,220000,2.3918,2.4385,2.3918,2.4385,10639,0
SJT.US,60,20201006,160000,2.4385,2.4385,2.4053,2.4385,9629,0
SJT.US,60,20201006,170000,2.3913,2.4385,2.3913,2.4385,553,0
SJT.US,60,20201006,180000,2.4952,2.5424,2.4763,2.4855,25792,0
SJT.US,60,20201006,190000,2.4671,2.4952,2.4668,2.4952,3376,0
SJT.US,60,20201006,200000,2.4855,2.4904,2.4763,2.4904,2488,0
SJT.US,60,20201006,210000,2.4763,2.4763,2.3923,2.4181,20527,0
SJT.US,60,20201006,220000,2.4195,2.4195,2.325,2.3534,41170,0
SJT.US,60,20201007,170000,2.3912,2.41,2.3722,2.376,11065,0
SJT.US,60,20201007,180000,2.3628,2.3985,2.3628,2.3985,6526,0
SJT.US,60,20201007,190000,2.3818,2.3818,2.3818,2.3818,105,0
SJT.US,60,20201007,210000,2.3912,2.4114,2.3912,2.4114,4020,0
SJT.US,60,20201007,220000,2.4076,2.4077,2.4008,2.4008,1701,0
SJT.US,60,20201008,160000,2.3818,2.3818,2.3818,2.3818,2117,0
SJT.US,60,20201008,170000,2.4008,2.4008,2.3912,2.3984,6140,0
SJT.US,60,20201008,180000,2.4008,2.4008,2.3722,2.3912,2280,0
SJT.US,60,20201008,190000,2.4008,2.4291,2.3959,2.41,33456,0
SJT.US,60,20201008,200000,2.4195,2.4385,2.4008,2.4385,11956,0
SJT.US,60,20201008,210000,2.4195,2.4385,2.41,2.4385,6083,0
SJT.US,60,20201008,220000,2.4291,2.4291,2.3912,2.41,9628,0
SJT.US,60,20201009,160000,2.3722,2.4055,2.3722,2.4055,633,0
SJT.US,60,20201009,170000,2.4053,2.4195,2.4053,2.41,6279,0
SJT.US,60,20201009,180000,2.41,2.4478,2.41,2.4478,5684,0
SJT.US,60,20201009,190000,2.4573,2.4668,2.4195,2.4195,6754,0
SJT.US,60,20201009,200000,2.4195,2.4195,2.41,2.4195,3020,0
SJT.US,60,20201009,210000,2.4097,2.4097,2.3818,2.4008,14264,0
SJT.US,60,20201009,220000,2.3993,2.4291,2.3912,2.4289,55674,0
SJT.US,60,20201012,160000,2.4008,2.4943,2.4008,2.4763,9403,0
SJT.US,60,20201012,170000,2.4573,2.4668,2.4478,2.4478,12252,0
SJT.US,60,20201012,180000,2.4473,2.4478,2.4385,2.4478,13100,0
SJT.US,60,20201012,190000,2.4551,2.4811,2.4551,2.4811,9622,0
SJT.US,60,20201012,200000,2.4929,2.5047,2.4855,2.5047,2545,0
SJT.US,60,20201012,210000,2.5047,2.5237,2.5047,2.5237,12156,0
SJT.US,60,20201012,220000,2.5237,2.5896,2.5237,2.5896,65403,0
SJT.US,60,20201013,160000,2.5047,2.5237,2.5047,2.5237,1332,0
SJT.US,60,20201013,170000,2.528,2.5424,2.528,2.5424,3846,0
SJT.US,60,20201013,180000,2.5351,2.5614,2.5351,2.5519,13963,0
SJT.US,60,20201013,190000,2.5614,2.5868,2.5614,2.5868,4020,0
SJT.US,60,20201013,200000,2.5802,2.618,2.5802,2.618,19702,0
SJT.US,60,20201013,210000,2.64,2.6794,2.64,2.6794,12939,0
SJT.US,60,20201013,220000,2.6747,2.6843,2.6274,2.6417,10699,0
SJT.US,60,20201014,160000,2.5992,2.6181,2.5992,2.6181,1683,0
SJT.US,60,20201014,170000,2.6417,2.6936,2.6381,2.6635,17240,0
SJT.US,60,20201014,180000,2.6794,2.6936,2.6747,2.6843,2593,0
SJT.US,60,20201014,190000,2.6747,2.6794,2.6465,2.6465,7327,0
SJT.US,60,20201014,200000,2.6369,2.6481,2.6369,2.6481,5154,0
SJT.US,60,20201014,210000,2.6482,2.6511,2.6369,2.6465,4972,0
SJT.US,60,20201014,220000,2.6465,2.6465,2.6086,2.6465,19336,0
SJT.US,60,20201015,160000,2.5707,2.6465,2.5707,2.6274,3076,0
SJT.US,60,20201015,170000,2.6274,2.6478,2.5802,2.6478,1995,0
SJT.US,60,20201015,180000,2.6527,2.6747,2.6527,2.6747,3044,0
SJT.US,60,20201015,190000,2.6747,2.6843,2.6747,2.6843,1542,0
SJT.US,60,20201015,200000,2.6843,2.7069,2.6655,2.7069,7643,0
SJT.US,60,20201015,210000,2.6936,2.7125,2.6936,2.6936,12436,0
SJT.US,60,20201015,220000,2.703,2.7125,2.6818,2.7125,12895,0
SJT.US,60,20201016,160000,2.6369,2.7219,2.6369,2.7219,1382,0
SJT.US,60,20201016,170000,2.6519,2.6843,2.6519,2.6843,11194,0
SJT.US,60,20201016,180000,2.6936,2.6936,2.6843,2.6843,2358,0
SJT.US,60,20201016,190000,2.6843,2.6843,2.6511,2.6593,13284,0
SJT.US,60,20201016,200000,2.647,2.6558,2.6465,2.6558,2545,0
SJT.US,60,20201016,210000,2.6465,2.6604,2.6465,2.6558,15108,0
SJT.US,60,20201016,220000,2.6558,2.6747,2.6558,2.6653,5902,0
SJT.US,60,20201019,160000,2.6086,2.6747,2.6086,2.6747,8576,0
SJT.US,60,20201019,170000,2.6227,2.6653,2.6227,2.6562,3543,0
SJT.US,60,20201019,180000,2.6558,2.67,2.6558,2.6595,2969,0
SJT.US,60,20201019,190000,2.6606,2.6636,2.6559,2.6559,1068,0
SJT.US,60,20201019,200000,2.6558,2.6558,2.6369,2.6369,11322,0
SJT.US,60,20201019,210000,2.6274,2.6369,2.6274,2.6369,1057,0
SJT.US,60,20201019,220000,2.6181,2.6488,2.618,2.6465,13485,0
SJT.US,60,20201020,160000,2.6653,2.7313,2.6653,2.7313,22308,0
SJT.US,60,20201020,170000,2.7125,2.7314,2.7125,2.7126,18547,0
SJT.US,60,20201020,180000,2.7267,2.7597,2.6839,2.6843,20814,0
SJT.US,60,20201020,190000,2.6843,2.6936,2.6558,2.6558,33425,0
SJT.US,60,20201020,200000,2.6465,2.6558,2.646,2.6511,2683,0
SJT.US,60,20201020,210000,2.6558,2.6691,2.6369,2.6369,12765,0
SJT.US,60,20201020,220000,2.6369,2.6843,2.6086,2.6843,31871,0
SJT.US,60,20201021,160000,2.6747,2.6936,2.6747,2.6936,396,0
SJT.US,60,20201021,170000,2.6843,2.6843,2.6843,2.6843,741,0
SJT.US,60,20201021,180000,2.6936,2.741,2.67,2.7361,43544,0
SJT.US,60,20201021,190000,2.741,2.7882,2.741,2.7882,21066,0
SJT.US,60,20201021,200000,2.7881,2.7889,2.782,2.7889,4118,0
SJT.US,60,20201021,210000,2.8166,2.8449,2.8151,2.8449,33089,0
SJT.US,60,20201021,220000,2.8449,2.8826,2.8433,2.8543,25349,0
SJT.US,60,20201022,160000,2.8166,2.8166,2.7973,2.7975,10180,0
SJT.US,60,20201022,170000,2.8166,2.8166,2.807,2.807,316,0
SJT.US,60,20201022,180000,2.807,2.8117,2.7787,2.7787,12833,0
SJT.US,60,20201022,190000,2.7842,2.807,2.7842,2.7976,8973,0
SJT.US,60,20201022,210000,2.7882,2.807,2.7623,2.807,22584,0
SJT.US,60,20201022,220000,2.807,2.8166,2.7975,2.807,4168,0
SJT.US,60,20201023,160000,2.8166,2.8166,2.8034,2.8034,1803,0
SJT.US,60,20201023,170000,2.7975,2.7975,2.7882,2.7975,5936,0
SJT.US,60,20201023,180000,2.7982,2.807,2.7975,2.7975,3280,0
SJT.US,60,20201023,190000,2.8065,2.8065,2.8065,2.8065,529,0
SJT.US,60,20201023,200000,2.7997,2.808,2.7997,2.8027,1598,0
SJT.US,60,20201023,210000,2.8117,2.8117,2.8117,2.8117,1164,0
SJT.US,60,20201023,220000,2.8117,2.8353,2.8112,2.8353,8446,0
SJT.US,60,20201026,150000,2.741,2.7975,2.7125,2.7882,8737,0
SJT.US,60,20201026,160000,2.8225,2.8225,2.7693,2.7975,27837,0
SJT.US,60,20201026,170000,2.7975,2.8022,2.7314,2.7787,7503,0
SJT.US,60,20201026,180000,2.7777,2.7975,2.7597,2.7975,10857,0
SJT.US,60,20201026,190000,2.7411,2.807,2.7411,2.8024,9285,0
SJT.US,60,20201026,200000,2.807,2.807,2.807,2.807,356,0
SJT.US,60,20201026,210000,2.7975,2.7975,2.7882,2.7975,15447,0
SJT.US,60,20201027,150000,2.7597,2.8732,2.7597,2.8732,32287,0
SJT.US,60,20201027,160000,2.8732,2.924,2.8582,2.8833,48173,0
SJT.US,60,20201027,170000,2.8922,2.911,2.8922,2.8922,6841,0
SJT.US,60,20201027,180000,2.8734,2.8922,2.8638,2.892,10430,0
SJT.US,60,20201027,190000,2.8826,2.8827,2.8825,2.8827,1588,0
SJT.US,60,20201027,200000,2.8842,2.8874,2.8826,2.8826,6580,0
SJT.US,60,20201027,210000,2.8874,2.8922,2.8732,2.8732,6963,0
SJT.US,60,20201028,150000,2.8354,2.8416,2.826,2.826,17529,0
SJT.US,60,20201028,160000,2.7597,2.7882,2.7125,2.7221,9780,0
SJT.US,60,20201028,170000,2.826,2.8449,2.8054,2.8449,4445,0
SJT.US,60,20201028,180000,2.8212,2.8449,2.8212,2.8449,2593,0
SJT.US,60,20201028,190000,2.8543,2.8732,2.8356,2.8732,15783,0
SJT.US,60,20201028,200000,2.8732,2.8732,2.8518,2.859,2752,0
SJT.US,60,20201028,210000,2.8449,2.845,2.7315,2.807,9839,0
SJT.US,60,20201029,150000,2.7823,2.8109,2.7823,2.8109,919,0
SJT.US,60,20201029,160000,2.8161,2.8202,2.8146,2.8202,2871,0
SJT.US,60,20201029,170000,2.8287,2.8287,2.8202,2.8202,3410,0
SJT.US,60,20201029,190000,2.8202,2.8202,2.8109,2.8109,2104,0
SJT.US,60,20201029,200000,2.8109,2.8393,2.7871,2.8393,19843,0
SJT.US,60,20201029,210000,2.8488,2.8488,2.8169,2.8488,12161,0
SJT.US,60,20201030,150000,2.7823,2.9438,2.7823,2.9438,25400,0
SJT.US,60,20201030,160000,2.9531,2.9835,2.9484,2.9771,4497,0
SJT.US,60,20201030,170000,2.9627,3.0317,2.9627,3.0291,38050,0
SJT.US,60,20201030,180000,3.0291,3.0302,3.0198,3.0299,8479,0
SJT.US,60,20201030,190000,3.0387,3.0766,3.0293,3.0633,20746,0
SJT.US,60,20201030,200000,3.0654,3.123,3.0613,3.0831,38387,0
SJT.US,60,20201030,210000,3.0675,3.1337,3.0424,3.1147,42034,0
SJT.US,60,20201102,160000,3.1241,3.1621,3.1116,3.1621,25983,0
SJT.US,60,20201102,170000,3.1432,3.1481,3.1147,3.1194,16460,0
SJT.US,60,20201102,180000,3.1053,3.1053,3.0103,3.0103,18579,0
SJT.US,60,20201102,190000,2.9927,3.0198,2.9927,3.0055,1789,0
SJT.US,60,20201102,200000,2.9911,2.9911,2.8963,2.8964,5792,0
SJT.US,60,20201102,210000,2.9247,2.9531,2.901,2.9531,16027,0
SJT.US,60,20201102,220000,2.9911,3.0291,2.9911,3.0007,12855,0
SJT.US,60,20201103,160000,2.9723,3.0007,2.9439,3.0007,1180,0
SJT.US,60,20201103,170000,3.0007,3.0007,2.9531,2.9531,5158,0
SJT.US,60,20201103,180000,2.9438,2.9438,2.9021,2.9141,9414,0
SJT.US,60,20201103,190000,2.922,2.9247,2.9138,2.9184,2211,0
SJT.US,60,20201103,200000,2.9153,2.9347,2.9153,2.9247,17971,0
SJT.US,60,20201103,210000,2.9365,2.939,2.9247,2.9247,7025,0
SJT.US,60,20201103,220000,2.9247,2.9247,2.901,2.9058,3508,0
SJT.US,60,20201104,160000,2.9108,2.9108,2.8202,2.825,8794,0
SJT.US,60,20201104,170000,2.8267,2.8267,2.7823,2.7918,4451,0
SJT.US,60,20201104,180000,2.7965,2.8409,2.7965,2.8409,2975,0
SJT.US,60,20201104,190000,2.8502,2.882,2.8488,2.882,947,0
SJT.US,60,20201104,200000,2.8677,2.8677,2.8393,2.8498,7615,0
SJT.US,60,20201104,210000,2.8393,2.8393,2.8109,2.811,5060,0
SJT.US,60,20201104,220000,2.8297,2.8297,2.8013,2.8013,1816,0
SJT.US,60,20201105,160000,2.8013,2.8677,2.8013,2.8583,8388,0
SJT.US,60,20201105,170000,2.8488,2.9722,2.8488,2.9722,50111,0
SJT.US,60,20201105,180000,2.9531,3.0387,2.9531,3.0217,26057,0
SJT.US,60,20201105,190000,3.0245,3.0245,2.9911,2.9911,15854,0
SJT.US,60,20201105,200000,2.9911,2.997,2.9911,2.997,3960,0
SJT.US,60,20201105,210000,2.9921,3.0198,2.9911,3.0198,10467,0
SJT.US,60,20201105,220000,3.0245,3.0387,3.0198,3.0198,4594,0
SJT.US,60,20201106,160000,2.9819,3.0007,2.9819,3.0007,1212,0
SJT.US,60,20201106,170000,3.0387,3.1092,3.0387,3.0483,7923,0
SJT.US,60,20201106,180000,3.0719,3.0719,3.0387,3.0387,10653,0
SJT.US,60,20201106,190000,3.0482,3.0482,3.0311,3.0311,3464,0
SJT.US,60,20201106,200000,2.996,3.0149,2.9911,3.0149,1369,0
SJT.US,60,20201106,210000,3.0055,3.0198,3.0055,3.0055,11887,0
SJT.US,60,20201106,220000,3.0007,3.0007,3.0007,3.0007,422,0
SJT.US,60,20201109,160000,2.9531,2.9531,2.9531,2.9531,700,0
SJT.US,60,20201109,170000,3.0149,3.0673,3.0103,3.0577,43650,0
SJT.US,60,20201109,180000,3.0516,3.0537,3.0482,3.0529,3466,0
SJT.US,60,20201109,190000,3.0547,3.0961,3.0547,3.0915,10955,0
SJT.US,60,20201109,200000,3.091,3.0957,3.0482,3.0503,17500,0
SJT.US,60,20201109,210000,3.0482,3.0482,3.0482,3.0482,1591,0
SJT.US,60,20201109,220000,3.0577,3.0673,3.0482,3.0577,19721,0
SJT.US,60,20201110,160000,3.0766,3.0766,3.0766,3.0766,210,0
SJT.US,60,20201110,170000,3.0673,3.0673,3.0388,3.0482,8615,0
SJT.US,60,20201110,180000,3.0482,3.0577,3.0482,3.0534,1023,0
SJT.US,60,20201110,190000,3.0484,3.0484,3.0482,3.0482,422,0
SJT.US,60,20201110,200000,3.0572,3.0572,3.0387,3.0482,3584,0
SJT.US,60,20201110,210000,3.0482,3.0482,3.0291,3.0321,5909,0
SJT.US,60,20201110,220000,3.0482,3.0673,3.0387,3.0673,9611,0
SJT.US,60,20201111,160000,3.0957,3.0957,3.055,3.055,1307,0
SJT.US,60,20201111,170000,3.0577,3.0862,3.0483,3.0862,24925,0
SJT.US,60,20201111,180000,3.0857,3.1199,3.0857,3.1052,16227,0
SJT.US,60,20201111,200000,3.0862,3.0862,3.0673,3.0862,2326,0
SJT.US,60,20201111,210000,3.0815,3.0947,3.0815,3.0947,841,0
SJT.US,60,20201111,220000,3.0862,3.1146,3.0577,3.0862,15797,0
SJT.US,60,20201112,160000,3.0198,3.0862,2.9912,2.9912,644,0
SJT.US,60,20201112,170000,3.0862,3.1147,3.0674,3.0711,7448,0
SJT.US,60,20201112,180000,3.1147,3.2475,3.1147,3.2191,52768,0
SJT.US,60,20201112,190000,3.2001,3.2666,3.1908,3.2666,13281,0
SJT.US,60,20201112,200000,3.2381,3.3046,3.2381,3.3046,12403,0
SJT.US,60,20201112,210000,3.2951,3.371,3.2951,3.371,23595,0
SJT.US,60,20201112,220000,3.371,3.371,3.2951,3.3236,35363,0
SJT.US,60,20201113,160000,3.2286,3.2999,3.2096,3.2999,17088,0
SJT.US,60,20201113,170000,3.3142,3.4091,3.3142,3.4078,32840,0
SJT.US,60,20201113,180000,3.3996,3.466,3.3853,3.3996,15831,0
SJT.US,60,20201113,190000,3.4091,3.4091,3.3919,3.4032,6311,0
SJT.US,60,20201113,200000,3.406,3.4185,3.371,3.4091,24488,0
SJT.US,60,20201113,210000,3.4084,3.4566,3.4043,3.429,9759,0
SJT.US,60,20201113,220000,3.4444,3.447,3.3236,3.3236,39449,0
SJT.US,60,20201116,160000,3.466,3.5039,3.2987,3.2987,26242,0
SJT.US,60,20201116,170000,3.2951,3.3235,3.2857,3.2867,5409,0
SJT.US,60,20201116,180000,3.2951,3.314,3.2857,3.2951,4623,0
SJT.US,60,20201116,190000,3.2857,3.3046,3.2761,3.2903,9392,0
SJT.US,60,20201116,200000,3.2857,3.3425,3.2761,3.333,40420,0
SJT.US,60,20201116,210000,3.3421,3.3422,3.3236,3.3236,28163,0
SJT.US,60,20201116,220000,3.3236,3.3302,3.2572,3.2857,11940,0
SJT.US,60,20201117,160000,3.1337,3.2761,3.1337,3.1526,20883,0
SJT.US,60,20201117,170000,3.1559,3.1716,3.1526,3.1716,10269,0
SJT.US,60,20201117,180000,3.1812,3.2001,3.1622,3.2001,1928,0
SJT.US,60,20201117,190000,3.2116,3.2191,3.1621,3.1621,4034,0
SJT.US,60,20201117,200000,3.1859,3.2049,3.1526,3.1526,3869,0
SJT.US,60,20201117,210000,3.2013,3.2096,3.1526,3.2096,2958,0
SJT.US,60,20201117,220000,3.1908,3.1908,3.1241,3.1241,13791,0
SJT.US,60,20201118,160000,3.1716,3.1716,3.1434,3.1434,690,0
SJT.US,60,20201118,170000,3.1337,3.1526,3.0766,3.1517,10799,0
SJT.US,60,20201118,180000,3.1478,3.1945,3.1478,3.1813,12287,0
SJT.US,60,20201118,190000,3.1832,3.2381,3.1832,3.2381,19606,0
SJT.US,60,20201118,200000,3.2334,3.2475,3.2286,3.2474,3573,0
SJT.US,60,20201118,210000,3.2475,3.2928,3.238,3.2903,17744,0
SJT.US,60,20201118,220000,3.2893,3.3142,3.2893,3.2999,10319,0
SJT.US,60,20201119,160000,3.3046,3.4091,3.2826,3.3806,42536,0
SJT.US,60,20201119,170000,3.3896,3.5325,3.3896,3.5106,25222,0
SJT.US,60,20201119,180000,3.5135,3.5705,3.447,3.5135,44609,0
SJT.US,60,20201119,190000,3.485,3.5325,3.4708,3.5136,35067,0
SJT.US,60,20201119,200000,3.5135,3.5622,3.5135,3.5622,73536,0
SJT.US,60,20201119,210000,3.561,3.561,3.5135,3.5514,19331,0
SJT.US,60,20201119,220000,3.5563,3.5894,3.5563,3.561,16817,0
SJT.US,60,20201120,160000,3.561,3.7035,3.561,3.6888,18559,0
SJT.US,60,20201120,170000,3.7109,3.7109,3.6398,3.6561,15532,0
SJT.US,60,20201120,180000,3.6606,3.6798,3.6559,3.6798,6292,0
SJT.US,60,20201120,190000,3.6761,3.6819,3.6559,3.6597,4658,0
SJT.US,60,20201120,200000,3.6655,3.7203,3.6655,3.7167,18660,0
SJT.US,60,20201120,210000,3.7224,3.732,3.7224,3.732,7667,0
SJT.US,60,20201120,220000,3.7414,3.7414,3.7035,3.7129,7231,0
SJT.US,60,20201123,160000,3.7699,3.7699,3.7224,3.733,7366,0
SJT.US,60,20201123,170000,3.7241,3.8268,3.6559,3.8268,89793,0
SJT.US,60,20201123,180000,3.8364,4.0357,3.8268,4.0216,95618,0
SJT.US,60,20201123,190000,4.0216,4.0357,3.9693,3.9693,17650,0
SJT.US,60,20201123,200000,3.9679,3.9679,3.9218,3.9224,10995,0
SJT.US,60,20201123,210000,3.9218,3.9218,3.8309,3.8459,16186,0
SJT.US,60,20201123,220000,3.846,3.8644,3.6749,3.7035,44369,0
SJT.US,60,20201124,160000,3.6749,3.7035,3.6464,3.6893,23398,0
SJT.US,60,20201124,170000,3.7035,3.7605,3.7035,3.7604,40016,0
SJT.US,60,20201124,180000,3.7604,3.8364,3.7508,3.7858,29885,0
SJT.US,60,20201124,190000,3.7889,3.8459,3.7728,3.8268,37197,0
SJT.US,60,20201124,200000,3.7993,3.8167,3.7984,3.8079,8313,0
SJT.US,60,20201124,210000,3.8079,3.8086,3.7508,3.8031,62847,0
SJT.US,60,20201124,220000,3.7936,3.8459,3.7936,3.8364,35398,0
SJT.US,60,20201125,160000,3.8554,3.8554,3.7414,3.7414,8171,0
SJT.US,60,20201125,170000,3.7414,3.7508,3.6171,3.6559,7096,0
SJT.US,60,20201125,180000,3.7015,3.7015,3.6559,3.6789,3220,0
SJT.US,60,20201125,190000,3.637,3.6509,3.6085,3.6085,11926,0
SJT.US,60,20201125,200000,3.6085,3.6179,3.58,3.6132,8418,0
SJT.US,60,20201125,210000,3.6202,3.6464,3.6167,3.6464,7582,0
SJT.US,60,20201125,220000,3.637,3.694,3.637,3.6749,6682,0
SJT.US,60,20201127,160000,3.6624,3.7007,3.6624,3.6987,1563,0
SJT.US,60,20201127,170000,3.6624,3.6624,3.6051,3.6051,9701,0
SJT.US,60,20201127,180000,3.6529,3.825,3.6051,3.8155,7544,0
SJT.US,60,20201127,190000,3.8155,3.8729,3.768,3.768,15070,0
SJT.US,60,20201130,160000,3.6529,3.7103,3.5066,3.6147,20703,0
SJT.US,60,20201130,170000,3.6137,3.6137,3.5444,3.5478,4182,0
SJT.US,60,20201130,180000,3.5415,3.5415,3.452,3.4903,7830,0
SJT.US,60,20201130,190000,3.5285,3.5415,3.4999,3.5078,2405,0
SJT.US,60,20201130,200000,3.5143,3.5187,3.4999,3.5187,1552,0
SJT.US,60,20201130,210000,3.5071,3.5116,3.452,3.4617,6223,0
SJT.US,60,20201130,220000,3.4617,3.4903,3.4426,3.4903,11250,0
SJT.US,60,20201201,160000,3.4903,3.4903,3.452,3.452,2608,0
SJT.US,60,20201201,170000,3.4999,3.4999,3.4426,3.4426,10222,0
SJT.US,60,20201201,180000,3.4426,3.4428,3.4426,3.4426,4952,0
SJT.US,60,20201201,190000,3.4449,3.4999,3.4426,3.4808,12074,0
SJT.US,60,20201201,200000,3.5394,3.5394,3.5046,3.5046,1541,0
SJT.US,60,20201201,210000,3.4947,3.4999,3.4617,3.4902,9038,0
SJT.US,60,20201201,220000,3.4903,3.4903,3.4426,3.452,2914,0
SJT.US,60,20201202,160000,3.4597,3.4597,3.4597,3.4597,261,0
SJT.US,60,20201202,170000,3.4521,3.5096,3.4426,3.4426,7975,0
SJT.US,60,20201202,180000,3.4426,3.4612,3.4342,3.4612,2699,0
SJT.US,60,20201202,190000,3.452,3.452,3.4234,3.4234,3568,0
SJT.US,60,20201202,200000,3.4426,3.452,3.4337,3.4337,1255,0
SJT.US,60,20201202,210000,3.4317,3.4317,3.4139,3.4139,2942,0
SJT.US,60,20201202,220000,3.4139,3.4426,3.366,3.3852,16477,0
SJT.US,60,20201203,160000,3.366,3.366,3.2676,3.2676,12050,0
SJT.US,60,20201203,170000,3.269,3.28,3.2226,3.28,28041,0
SJT.US,60,20201203,180000,3.2704,3.2894,3.237,3.2799,15326,0
SJT.US,60,20201203,190000,3.28,3.2991,3.2513,3.2609,6902,0
SJT.US,60,20201203,200000,3.2672,3.2991,3.2513,3.2513,3732,0
SJT.US,60,20201203,210000,3.2656,3.2656,3.2035,3.2035,24953,0
SJT.US,60,20201203,220000,3.2365,3.2365,3.2035,3.2226,5086,0
SJT.US,60,20201204,160000,3.2035,3.2512,3.2035,3.2131,8268,0
SJT.US,60,20201204,170000,3.2226,3.2322,3.1462,3.151,30333,0
SJT.US,60,20201204,180000,3.1494,3.1652,3.1271,3.1591,8599,0
SJT.US,60,20201204,190000,3.1556,3.1556,3.1079,3.1462,9663,0
SJT.US,60,20201204,200000,3.2035,3.2035,3.1219,3.1556,34023,0
SJT.US,60,20201204,210000,3.1462,3.1462,3.1173,3.1173,12904,0
SJT.US,60,20201204,220000,3.1223,3.1652,3.1173,3.127,34699,0
SJT.US,60,20201207,160000,3.1173,3.1844,3.0505,3.0505,25139,0
SJT.US,60,20201207,170000,3.1173,3.1652,3.0601,3.1462,6365,0
SJT.US,60,20201207,180000,3.1462,3.1555,3.0887,3.1079,17227,0
SJT.US,60,20201207,190000,3.1079,3.1652,3.1079,3.1652,6535,0
SJT.US,60,20201207,200000,3.1742,3.1742,3.1366,3.1699,12027,0
SJT.US,60,20201207,210000,3.1749,3.1892,3.1749,3.1892,3325,0
SJT.US,60,20201207,220000,3.2035,3.2226,3.1173,3.1173,24607,0
SJT.US,60,20201208,160000,3.127,3.1709,3.127,3.1709,1270,0
SJT.US,60,20201208,170000,3.1749,3.2031,3.0123,3.0862,29076,0
SJT.US,60,20201208,180000,3.0696,3.0844,2.9548,3.0622,23817,0
SJT.US,60,20201208,190000,3.0505,3.0505,3.0027,3.0181,11137,0
SJT.US,60,20201208,200000,3.0231,3.0231,3.0123,3.0218,522,0
SJT.US,60,20201208,210000,3.0361,3.0361,2.9836,3.0027,10248,0
SJT.US,60,20201208,220000,3.0027,3.0218,2.9741,2.9741,42261,0
SJT.US,60,20201209,160000,3.0218,3.0887,3.0218,3.0595,4932,0
SJT.US,60,20201209,170000,3.0313,3.0313,2.9741,2.9816,6747,0
SJT.US,60,20201209,180000,3.0009,3.0217,2.9741,2.9741,6755,0
SJT.US,60,20201209,190000,2.9741,3.0386,2.9741,3.0123,3515,0
SJT.US,60,20201209,200000,3.0027,3.0218,2.9741,2.9835,3975,0
SJT.US,60,20201209,210000,2.9835,2.9905,2.9453,2.9453,5803,0
SJT.US,60,20201209,220000,2.9788,3.0123,2.9548,2.9548,12798,0
SJT.US,60,20201210,160000,2.9835,3.0409,2.9548,3.0171,5533,0
SJT.US,60,20201210,170000,3.0601,3.1366,3.0601,3.0984,30124,0
SJT.US,60,20201210,180000,3.119,3.1691,3.0984,3.1614,5775,0
SJT.US,60,20201210,190000,3.1462,3.1462,3.0123,3.0123,20516,0
SJT.US,60,20201210,200000,3.0218,3.0792,3.0123,3.0218,6788,0
SJT.US,60,20201210,210000,3.0505,3.0505,3.0218,3.0457,4078,0
SJT.US,60,20201210,220000,3.0457,3.0505,3.0123,3.0313,12314,0
SJT.US,60,20201211,160000,3.0409,3.0505,2.9645,2.9741,6111,0
SJT.US,60,20201211,170000,2.9645,3.0505,2.9645,3.0218,41962,0
SJT.US,60,20201211,180000,3.0218,3.0505,2.9741,2.9741,8031,0
SJT.US,60,20201211,190000,2.995,3.01,2.9453,2.9453,9016,0
SJT.US,60,20201211,200000,2.9453,2.9863,2.9358,2.9829,7105,0
SJT.US,60,20201211,210000,2.9358,2.9867,2.9358,2.9741,8082,0
SJT.US,60,20201211,220000,2.9741,3.0027,2.9741,2.9835,23683,0
SJT.US,60,20201214,160000,3.0601,3.0601,3.0027,3.0027,10578,0
SJT.US,60,20201214,170000,3.0218,3.1079,3.0218,3.0696,18774,0
SJT.US,60,20201214,180000,3.0906,3.0906,3.0409,3.0603,4618,0
SJT.US,60,20201214,190000,3.0601,3.0744,3.0409,3.0505,11515,0
SJT.US,60,20201214,200000,3.0505,3.0587,3.0218,3.0218,8775,0
SJT.US,60,20201214,210000,3.0539,3.0539,3.0218,3.0496,3717,0
SJT.US,60,20201214,220000,3.0384,3.0384,3.0123,3.0218,19312,0
SJT.US,60,20201215,160000,3.0218,3.0505,3.0218,3.0505,2744,0
SJT.US,60,20201215,170000,3.0409,3.1079,3.0313,3.0313,48335,0
SJT.US,60,20201215,180000,3.0457,3.0457,2.9645,2.9879,20876,0
SJT.US,60,20201215,190000,3.0123,3.0123,2.9645,3.0074,25673,0
SJT.US,60,20201215,200000,3.0027,3.0027,2.9645,2.9692,5515,0
SJT.US,60,20201215,210000,2.9645,2.9741,2.9548,2.9671,19538,0
SJT.US,60,20201215,220000,2.9835,2.9835,2.9578,2.9741,22526,0
SJT.US,60,20201216,160000,2.9645,2.9654,2.9627,2.9627,4128,0
SJT.US,60,20201216,170000,2.9645,3.0123,2.9645,2.9835,2979,0
SJT.US,60,20201216,180000,2.9835,3.0123,2.9835,3.0041,10233,0
SJT.US,60,20201216,190000,3.0027,3.0887,3.0027,3.0887,34137,0
SJT.US,60,20201216,200000,3.0887,3.0887,3.0601,3.0744,6450,0
SJT.US,60,20201216,210000,3.0696,3.0696,3.0313,3.0409,7447,0
SJT.US,60,20201216,220000,3.0505,3.0601,3.0123,3.0313,29131,0
SJT.US,60,20201217,160000,3.0027,3.058,2.9931,3.0489,3872,0
SJT.US,60,20201217,170000,3.0409,3.0577,2.9645,2.9645,9500,0
SJT.US,60,20201217,180000,2.9911,2.9911,2.888,2.9166,20157,0
SJT.US,60,20201217,190000,2.9166,2.9398,2.8783,2.8975,7264,0
SJT.US,60,20201217,200000,2.894,2.894,2.8592,2.888,17412,0
SJT.US,60,20201217,210000,2.8783,2.9022,2.8688,2.9022,29572,0
SJT.US,60,20201217,220000,2.9022,2.9644,2.9004,2.9453,10171,0
SJT.US,60,20201218,160000,2.9453,2.9517,2.8209,2.8688,39395,0
SJT.US,60,20201218,170000,2.8852,2.8852,2.8209,2.8497,29957,0
SJT.US,60,20201218,180000,2.8449,2.8496,2.8209,2.8449,6432,0
SJT.US,60,20201218,190000,2.8402,2.8449,2.8305,2.8401,19337,0
SJT.US,60,20201218,200000,2.8402,2.8884,2.8401,2.8856,10785,0
SJT.US,60,20201218,210000,2.8928,2.8928,2.8688,2.8688,15862,0
SJT.US,60,20201218,220000,2.8783,2.8975,2.8402,2.8402,41781,0
SJT.US,60,20201221,160000,2.8592,2.8708,2.7444,2.8349,31424,0
SJT.US,60,20201221,170000,2.8061,2.8061,2.7158,2.763,22782,0
SJT.US,60,20201221,180000,2.7589,2.7631,2.7158,2.7158,24859,0
SJT.US,60,20201221,190000,2.7158,2.7158,2.6584,2.6775,53230,0
SJT.US,60,20201221,200000,2.6584,2.6775,2.6488,2.653,11846,0
SJT.US,60,20201221,210000,2.6537,2.6584,2.6298,2.6584,27050,0
SJT.US,60,20201221,220000,2.6537,2.6584,2.6298,2.6394,36810,0
SJT.US,60,20201222,160000,2.6298,2.6775,2.6298,2.6488,6831,0
SJT.US,60,20201222,170000,2.6584,2.7444,2.6584,2.735,38169,0
SJT.US,60,20201222,180000,2.735,2.7732,2.7254,2.7732,18069,0
SJT.US,60,20201222,190000,2.7732,2.7732,2.71,2.7187,22009,0
SJT.US,60,20201222,200000,2.7165,2.7165,2.6584,2.6727,51726,0
SJT.US,60,20201222,210000,2.6719,2.6719,2.6584,2.6584,1546,0
SJT.US,60,20201222,220000,2.6584,2.6743,2.6488,2.6488,19902,0
SJT.US,60,20201223,160000,2.6394,2.6775,2.6394,2.6775,15609,0
SJT.US,60,20201223,170000,2.6723,2.7119,2.668,2.7119,11895,0
SJT.US,60,20201223,180000,2.6968,2.7293,2.6966,2.7206,12666,0
SJT.US,60,20201223,190000,2.7254,2.7923,2.7206,2.7732,38036,0
SJT.US,60,20201223,200000,2.7845,2.8208,2.7637,2.7925,19204,0
SJT.US,60,20201223,210000,2.7924,2.8153,2.7924,2.8021,14122,0
SJT.US,60,20201223,220000,2.8115,2.8209,2.7826,2.8019,13335,0
SJT.US,60,20201224,160000,2.7444,2.8135,2.7444,2.7582,16774,0
SJT.US,60,20201224,170000,2.7254,2.7627,2.7254,2.7353,11653,0
SJT.US,60,20201224,180000,2.735,2.735,2.6966,2.7206,6957,0
SJT.US,60,20201224,190000,2.7087,2.7543,2.7087,2.7458,15419,0
SJT.US,60,20201224,200000,2.735,2.735,2.735,2.735,522,0
SJT.US,60,20201228,160000,2.735,2.735,2.6871,2.723,9674,0
SJT.US,60,20201228,170000,2.735,2.735,2.6775,2.6775,22460,0
SJT.US,60,20201228,180000,2.6775,2.7158,2.6489,2.668,25674,0
SJT.US,60,20201228,190000,2.6622,2.6745,2.6488,2.6585,2614,0
SJT.US,60,20201228,200000,2.6515,2.6775,2.6106,2.6394,28808,0
SJT.US,60,20201228,210000,2.6394,2.6584,2.6298,2.6441,7057,0
SJT.US,60,20201228,220000,2.6488,2.6488,2.6105,2.6105,8702,0
SJT.US,60,20201229,160000,2.5915,2.6774,2.5915,2.6221,7027,0
SJT.US,60,20201229,170000,2.5837,2.5915,2.5819,2.584,11835,0
SJT.US,60,20201229,180000,2.5819,2.5819,2.5628,2.5628,12641,0
SJT.US,60,20201229,190000,2.5628,2.5723,2.4862,2.4958,65604,0
SJT.US,60,20201229,200000,2.4958,2.5246,2.4193,2.516,67059,0
SJT.US,60,20201229,210000,2.5246,2.5246,2.5055,2.5086,7578,0
SJT.US,60,20201229,220000,2.5108,2.5246,2.5055,2.5055,36870,0
SJT.US,60,20201230,160000,2.5399,2.5591,2.5399,2.5543,17621,0
SJT.US,60,20201230,170000,2.5506,2.5801,2.5503,2.5795,16048,0
SJT.US,60,20201230,180000,2.5822,2.6167,2.5687,2.607,35616,0
SJT.US,60,20201230,190000,2.5879,2.6151,2.5879,2.5974,6520,0
SJT.US,60,20201230,200000,2.607,2.6167,2.5879,2.607,8870,0
SJT.US,60,20201230,210000,2.5879,2.5974,2.5687,2.5687,5666,0
SJT.US,60,20201230,220000,2.5639,2.5782,2.5399,2.5399,14611,0
SJT.US,60,20201231,160000,2.5015,2.5399,2.492,2.492,23291,0
SJT.US,60,20201231,170000,2.5014,2.5014,2.4441,2.4538,22090,0
SJT.US,60,20201231,180000,2.4538,2.492,2.4441,2.492,24814,0
SJT.US,60,20201231,190000,2.4825,2.5016,2.4632,2.4632,15802,0
SJT.US,60,20201231,200000,2.4926,2.5782,2.4926,2.566,19037,0
SJT.US,60,20201231,210000,2.5687,2.5687,2.5304,2.54,5954,0
SJT.US,60,20201231,220000,2.5543,2.5782,2.5402,2.5591,11122,0
SJT.US,60,20210104,160000,2.5208,2.6741,2.5208,2.6358,23496,0
SJT.US,60,20210104,170000,2.6167,2.6168,2.5782,2.5974,10330,0
SJT.US,60,20210104,180000,2.5927,2.6044,2.5879,2.5975,6886,0
SJT.US,60,20210104,190000,2.6018,2.607,2.5889,2.5889,3516,0
SJT.US,60,20210104,200000,2.5974,2.606,2.5974,2.606,469,0
SJT.US,60,20210104,210000,2.607,2.607,2.6022,2.607,601,0
SJT.US,60,20210104,220000,2.607,2.614,2.5974,2.5974,9125,0
SJT.US,60,20210105,160000,2.6167,2.6167,2.6167,2.6167,104,0
SJT.US,60,20210105,170000,2.6455,2.6645,2.6455,2.6645,2029,0
SJT.US,60,20210105,180000,2.6741,2.7316,2.6741,2.7268,15968,0
SJT.US,60,20210105,190000,2.7316,2.7586,2.7316,2.7586,15149,0
SJT.US,60,20210105,200000,2.7556,2.837,2.7556,2.8274,83926,0
SJT.US,60,20210105,210000,2.8274,2.8274,2.813,2.813,31210,0
SJT.US,60,20210105,220000,2.7987,2.8068,2.7603,2.7796,10939,0
SJT.US,60,20210106,160000,2.7796,2.789,2.7796,2.789,5938,0
SJT.US,60,20210106,170000,2.7603,2.7603,2.7124,2.7225,7116,0
SJT.US,60,20210106,180000,2.722,2.7316,2.6454,2.6842,42111,0
SJT.US,60,20210106,190000,2.6837,2.7413,2.6789,2.7413,9412,0
SJT.US,60,20210106,200000,2.7796,2.8083,2.7725,2.7747,4237,0
SJT.US,60,20210106,210000,2.7796,2.7796,2.7651,2.7651,1096,0
SJT.US,60,20210106,220000,2.7603,2.7603,2.7028,2.722,8007,0
SJT.US,60,20210107,160000,2.6933,2.7413,2.6933,2.7123,3104,0
SJT.US,60,20210107,170000,2.6837,2.789,2.6837,2.7124,15778,0
SJT.US,60,20210107,180000,2.7125,2.7364,2.7124,2.7268,2196,0
SJT.US,60,20210107,190000,2.7124,2.7124,2.6645,2.6837,2504,0
SJT.US,60,20210107,200000,2.6837,2.7413,2.6741,2.7413,20685,0
SJT.US,60,20210107,210000,2.716,2.7603,2.716,2.7603,1640,0
SJT.US,60,20210107,220000,2.7556,2.7987,2.7413,2.789,8231,0
SJT.US,60,20210108,160000,2.789,2.789,2.7796,2.7796,1316,0
SJT.US,60,20210108,170000,2.7651,2.7794,2.7509,2.77,6234,0
SJT.US,60,20210108,180000,2.7605,2.7796,2.7605,2.7794,999,0
SJT.US,60,20210108,190000,2.77,2.77,2.745,2.7651,7895,0
SJT.US,60,20210108,200000,2.7619,2.7619,2.7603,2.7603,1222,0
SJT.US,60,20210108,210000,2.77,2.7987,2.77,2.7752,4679,0
SJT.US,60,20210108,220000,2.77,2.77,2.7508,2.7508,3768,0
SJT.US,60,20210111,160000,2.7316,2.7316,2.7124,2.7316,8109,0
SJT.US,60,20210111,170000,2.7415,2.8179,2.7415,2.789,11235,0
SJT.US,60,20210111,180000,2.7846,2.7846,2.761,2.761,1175,0
SJT.US,60,20210111,190000,2.7796,2.7827,2.7603,2.7827,3584,0
SJT.US,60,20210111,200000,2.789,2.8061,2.789,2.7907,3950,0
SJT.US,60,20210111,210000,2.789,2.789,2.7602,2.7602,18258,0
SJT.US,60,20210111,220000,2.7409,2.789,2.7282,2.789,12972,0
SJT.US,60,20210112,160000,2.7796,2.7827,2.7796,2.7827,5058,0
SJT.US,60,20210112,170000,2.7796,2.9137,2.7796,2.8814,31218,0
SJT.US,60,20210112,180000,2.885,2.9042,2.8802,2.8965,9402,0
SJT.US,60,20210112,190000,2.9089,2.9233,2.8946,2.9079,10536,0
SJT.US,60,20210112,200000,2.9062,2.9062,2.8945,2.8945,5876,0
SJT.US,60,20210112,210000,2.8945,2.8986,2.8658,2.8754,9456,0
SJT.US,60,20210112,220000,2.885,2.8945,2.8754,2.8945,14426,0
SJT.US,60,20210113,160000,2.9233,2.9233,2.9032,2.9032,3577,0
SJT.US,60,20210113,170000,2.9069,2.9233,2.885,2.885,14071,0
SJT.US,60,20210113,180000,2.8851,2.8945,2.837,2.8418,14550,0
SJT.US,60,20210113,190000,2.8427,2.8467,2.8083,2.8188,12857,0
SJT.US,60,20210113,200000,2.8274,2.8648,2.8273,2.8648,3119,0
SJT.US,60,20210113,210000,2.8701,2.8701,2.8569,2.8643,3495,0
SJT.US,60,20210113,220000,2.8498,2.8754,2.8498,2.8658,7381,0
SJT.US,60,20210114,160000,2.8562,2.8651,2.818,2.8587,8083,0
SJT.US,60,20210114,170000,2.856,2.9233,2.8467,2.9047,18976,0
SJT.US,60,20210114,180000,2.9233,2.9479,2.9219,2.9338,9215,0
SJT.US,60,20210114,190000,2.9616,2.9785,2.9447,2.9569,10020,0
SJT.US,60,20210114,200000,2.9601,3.0239,2.9482,3.0239,21393,0
SJT.US,60,20210114,210000,3.0202,3.0288,3.0192,3.0239,7511,0
SJT.US,60,20210114,220000,3.0221,3.115,3.0221,3.0958,42135,0
SJT.US,60,20210115,160000,3.0958,3.0958,3.0408,3.0408,3468,0
SJT.US,60,20210115,170000,3.0853,3.0958,3.0383,3.0623,12264,0
SJT.US,60,20210115,180000,3.0671,3.0958,3.0526,3.0885,10930,0
SJT.US,60,20210115,190000,3.0958,3.115,3.0671,3.1054,6589,0
SJT.US,60,20210115,200000,3.0786,3.0958,3.0786,3.0863,7408,0
SJT.US,60,20210115,210000,3.115,3.1245,3.0959,3.1242,13228,0
SJT.US,60,20210115,220000,3.0959,3.1198,3.0959,3.115,18209,0
SJT.US,60,20210119,160000,3.1629,3.3594,3.1629,3.3068,86319,0
SJT.US,60,20210119,170000,3.3114,3.3451,3.2971,3.3164,38439,0
SJT.US,60,20210119,180000,3.3258,3.3258,3.3067,3.3258,20780,0
SJT.US,60,20210119,190000,3.3087,3.5335,3.3087,3.3632,64998,0
SJT.US,60,20210119,200000,3.3624,3.3834,3.3548,3.3731,12154,0
SJT.US,60,20210119,210000,3.3641,3.6116,3.3641,3.5655,24579,0
SJT.US,60,20210119,220000,3.5655,3.8893,3.5463,3.7668,230274,0
SJT.US,60,20210120,160000,3.738,3.8818,3.738,3.7955,19275,0
SJT.US,60,20210120,170000,3.738,3.8435,3.738,3.7859,75717,0
SJT.US,60,20210120,180000,3.7751,3.7751,3.5847,3.6613,28353,0
SJT.US,60,20210120,190000,3.6865,3.7189,3.6434,3.7189,10648,0
SJT.US,60,20210120,200000,3.7004,3.7955,3.6996,3.7859,10072,0
SJT.US,60,20210120,210000,3.7476,3.7476,3.5799,3.5799,49582,0
SJT.US,60,20210120,220000,3.5799,3.623,3.556,3.6038,16517,0
SJT.US,60,20210121,160000,3.6038,3.6461,3.6038,3.6461,2587,0
SJT.US,60,20210121,170000,3.5942,3.5942,3.5942,3.5942,209,0
SJT.US,60,20210121,180000,3.5847,3.6038,3.551,3.575,12280,0
SJT.US,60,20210121,190000,3.5703,3.5703,3.5176,3.5176,16247,0
SJT.US,60,20210121,200000,3.5176,3.5271,3.4121,3.4888,23970,0
SJT.US,60,20210121,210000,3.4674,3.5789,3.4674,3.5789,4747,0
SJT.US,60,20210121,220000,3.5847,3.7189,3.5847,3.6709,13819,0
SJT.US,60,20210122,160000,3.5655,3.5655,3.4696,3.5463,10891,0
SJT.US,60,20210122,170000,3.556,3.5942,3.556,3.5655,20872,0
SJT.US,60,20210122,180000,3.5744,3.5942,3.508,3.5942,16334,0
SJT.US,60,20210122,190000,3.5271,3.5942,3.5271,3.556,6765,0
SJT.US,60,20210122,200000,3.5271,3.5463,3.5176,3.5463,4701,0
SJT.US,60,20210122,210000,3.5463,3.5942,3.5272,3.5942,5573,0
SJT.US,60,20210122,220000,3.5942,3.623,3.5607,3.6038,5305,0
SJT.US,60,20210125,160000,3.5655,3.632,3.5367,3.5728,5742,0
SJT.US,60,20210125,170000,3.556,3.5847,3.5271,3.5655,10016,0
SJT.US,60,20210125,180000,3.556,3.6038,3.5271,3.6038,8744,0
SJT.US,60,20210125,190000,3.6326,3.6901,3.623,3.6901,8229,0
SJT.US,60,20210125,200000,3.623,3.738,3.623,3.738,7350,0
SJT.US,60,20210125,210000,3.7029,3.7029,3.6756,3.6901,1550,0
SJT.US,60,20210125,220000,3.6949,3.6949,3.6489,3.6613,1432,0
SJT.US,60,20210126,160000,3.7476,3.7476,3.5751,3.6229,20933,0
SJT.US,60,20210126,170000,3.5799,3.6374,3.556,3.6374,34144,0
SJT.US,60,20210126,180000,3.6453,3.6453,3.5463,3.5847,12566,0
SJT.US,60,20210126,190000,3.556,3.575,3.5368,3.575,5384,0
SJT.US,60,20210126,200000,3.5463,3.599,3.5463,3.577,4475,0
SJT.US,60,20210126,210000,3.5847,3.5848,3.556,3.556,18353,0
SJT.US,60,20210126,220000,3.5654,3.5942,3.5463,3.5942,17962,0
SJT.US,60,20210127,160000,3.5463,3.5463,3.4026,3.4026,16065,0
SJT.US,60,20210127,170000,3.4793,3.514,3.4696,3.514,2319,0
SJT.US,60,20210127,180000,3.5463,3.5846,3.5224,3.5846,7480,0
SJT.US,60,20210127,190000,3.5489,3.6423,3.5489,3.6038,13838,0
SJT.US,60,20210127,200000,3.5847,3.5847,3.4696,3.532,12120,0
SJT.US,60,20210127,210000,3.5462,3.5463,3.4793,3.4793,5849,0
SJT.US,60,20210127,220000,3.4696,3.4793,3.4218,3.46,10268,0
SJT.US,60,20210128,160000,3.5176,3.5565,3.4883,3.5565,6871,0
SJT.US,60,20210128,170000,3.5468,3.5468,3.4932,3.5071,5651,0
SJT.US,60,20210128,180000,3.5271,3.537,3.4396,3.4493,4916,0
SJT.US,60,20210128,190000,3.4785,3.4785,3.4201,3.4493,1071,0
SJT.US,60,20210128,200000,3.4344,3.4493,3.4143,3.4493,1692,0
SJT.US,60,20210128,210000,3.4422,3.5565,3.4422,3.5555,10320,0
SJT.US,60,20210128,220000,3.5272,3.5469,3.5078,3.537,18898,0
SJT.US,60,20210129,160000,3.4688,3.5151,3.4233,3.4786,2766,0
SJT.US,60,20210129,170000,3.4591,3.4786,3.4298,3.4688,3648,0
SJT.US,60,20210129,180000,3.4396,3.4493,3.3909,3.3909,37328,0
SJT.US,60,20210129,190000,3.3909,3.3909,3.2983,3.3256,9720,0
SJT.US,60,20210129,200000,3.303,3.3129,3.2642,3.2897,12863,0
SJT.US,60,20210129,210000,3.2935,3.3227,3.2934,3.3227,2431,0
SJT.US,60,20210129,220000,3.3421,3.4006,3.3421,3.4006,8900,0
SJT.US,60,20210201,160000,3.3714,3.4201,3.196,3.2155,19968,0
SJT.US,60,20210201,170000,3.2447,3.4006,3.1765,3.3909,74773,0
SJT.US,60,20210201,180000,3.3617,3.4323,3.3617,3.4323,14275,0
SJT.US,60,20210201,190000,3.4493,3.4688,3.4298,3.4298,13310,0
SJT.US,60,20210201,200000,3.4398,3.4864,3.4398,3.469,3473,0
SJT.US,60,20210201,210000,3.498,3.5565,3.4688,3.527,21529,0
SJT.US,60,20210201,220000,3.576,3.5858,3.4787,3.498,20854,0
SJT.US,60,20210202,160000,3.498,3.6052,3.498,3.5955,15968,0
SJT.US,60,20210202,170000,3.5955,3.5955,3.5761,3.5906,1531,0
SJT.US,60,20210202,180000,3.5809,3.615,3.5789,3.615,7662,0
SJT.US,60,20210202,190000,3.615,3.615,3.5889,3.5955,3918,0
SJT.US,60,20210202,200000,3.5804,3.6247,3.576,3.6247,2799,0
SJT.US,60,20210202,210000,3.6199,3.7027,3.5957,3.6004,19110,0
SJT.US,60,20210202,220000,3.5906,3.6247,3.5551,3.5711,3801,0
SJT.US,60,20210203,160000,3.615,3.6345,3.5566,3.5649,3420,0
SJT.US,60,20210203,170000,3.5565,3.5955,3.5078,3.5955,7704,0
SJT.US,60,20210203,180000,3.5955,3.6052,3.5858,3.5955,5696,0
SJT.US,60,20210203,190000,3.5836,3.5836,3.5836,3.5836,410,0
SJT.US,60,20210203,200000,3.5662,3.5662,3.5565,3.5662,1413,0
SJT.US,60,20210203,210000,3.5646,3.5809,3.5566,3.5809,9971,0
SJT.US,60,20210203,220000,3.5955,3.6052,3.5858,3.5955,8675,0
SJT.US,60,20210204,160000,3.5858,3.6286,3.576,3.579,7581,0
SJT.US,60,20210204,170000,3.5609,3.5711,3.4786,3.5271,10496,0
SJT.US,60,20210204,180000,3.5309,3.5602,3.5272,3.5602,4930,0
SJT.US,60,20210204,190000,3.5565,3.5858,3.5565,3.5799,12178,0
SJT.US,60,20210204,200000,3.5857,3.5857,3.537,3.537,3914,0
SJT.US,60,20210204,210000,3.5652,3.5652,3.537,3.5565,16629,0
SJT.US,60,20210204,220000,3.5565,3.6014,3.5565,3.5662,21237,0
SJT.US,60,20210205,160000,3.7027,3.8098,3.6082,3.6082,14137,0
SJT.US,60,20210205,170000,3.6442,3.7221,3.6052,3.7215,35717,0
SJT.US,60,20210205,180000,3.6929,3.7124,3.6808,3.6978,4056,0
SJT.US,60,20210205,190000,3.6831,3.711,3.6831,3.7078,1437,0
SJT.US,60,20210205,200000,3.7019,3.7019,3.6929,3.6997,4693,0
SJT.US,60,20210205,210000,3.6978,3.7027,3.6831,3.6929,8487,0
SJT.US,60,20210205,220000,3.6918,3.6918,3.6345,3.6345,26780,0
SJT.US,60,20210208,160000,3.7221,3.7221,3.6345,3.6929,12738,0
SJT.US,60,20210208,170000,3.6811,3.6811,3.6151,3.6151,9282,0
SJT.US,60,20210208,180000,3.6247,3.6491,3.615,3.6491,16420,0
SJT.US,60,20210208,190000,3.6433,3.6481,3.615,3.6247,7126,0
SJT.US,60,20210208,200000,3.615,3.615,3.5662,3.5945,13982,0
SJT.US,60,20210208,210000,3.6051,3.6052,3.5662,3.589,4136,0
SJT.US,60,20210208,220000,3.576,3.6051,3.5662,3.5662,8897,0
SJT.US,60,20210209,160000,3.6052,3.6052,3.576,3.576,4288,0
SJT.US,60,20210209,170000,3.5858,3.5939,3.5565,3.5565,12062,0
SJT.US,60,20210209,180000,3.5322,3.5468,3.4418,3.4493,48149,0
SJT.US,60,20210209,190000,3.4737,3.5272,3.4737,3.5272,1590,0
SJT.US,60,20210209,200000,3.537,3.6052,3.537,3.5809,63989,0
SJT.US,60,20210209,210000,3.5954,3.5955,3.5782,3.5908,5849,0
SJT.US,60,20210209,220000,3.5955,3.604,3.5468,3.5662,6139,0
SJT.US,60,20210210,160000,3.6735,3.6735,3.615,3.6637,19481,0
SJT.US,60,20210210,170000,3.6734,3.6831,3.6247,3.6636,53629,0
SJT.US,60,20210210,180000,3.6735,3.7027,3.6735,3.7026,7610,0
SJT.US,60,20210210,190000,3.7027,3.7027,3.6831,3.6831,5085,0
SJT.US,60,20210210,200000,3.6881,3.6929,3.6832,3.6929,7902,0
SJT.US,60,20210210,210000,3.6929,3.6929,3.6442,3.6831,10554,0
SJT.US,60,20210210,220000,3.6831,3.7027,3.6735,3.7027,20146,0
SJT.US,60,20210211,160000,3.6247,3.6929,3.615,3.6637,21061,0
SJT.US,60,20210211,170000,3.6928,3.7514,3.6735,3.7319,29498,0
SJT.US,60,20210211,180000,3.7514,3.8001,3.7319,3.771,68419,0
SJT.US,60,20210211,190000,3.7904,3.8001,3.6747,3.6823,25902,0
SJT.US,60,20210211,200000,3.683,3.7027,3.683,3.6929,13674,0
SJT.US,60,20210211,210000,3.686,3.686,3.6831,3.6831,2464,0
SJT.US,60,20210211,220000,3.6715,3.6831,3.6345,3.6539,18294,0
SJT.US,60,20210212,160000,3.7904,3.7904,3.6539,3.7904,29859,0
SJT.US,60,20210212,170000,3.7904,3.7904,3.7417,3.7882,44125,0
SJT.US,60,20210212,180000,3.7904,3.7904,3.7833,3.7903,11263,0
SJT.US,60,20210212,190000,3.7904,3.878,3.7846,3.8684,55037,0
SJT.US,60,20210212,200000,3.878,3.878,3.8488,3.8488,27713,0
SJT.US,60,20210212,210000,3.8488,3.8586,3.8196,3.8307,6413,0
SJT.US,60,20210212,220000,3.839,3.839,3.7709,3.8294,16674,0
SJT.US,60,20210216,160000,3.9268,4.1623,3.878,4.1509,108703,0
SJT.US,60,20210216,170000,4.1217,4.3263,4.0729,4.2318,111679,0
SJT.US,60,20210216,180000,4.2288,4.3263,4.2094,4.3263,49697,0
SJT.US,60,20210216,190000,4.3223,4.3223,4.2484,4.3139,40261,0
SJT.US,60,20210216,200000,4.312,4.312,4.2386,4.2678,17907,0
SJT.US,60,20210216,210000,4.2581,4.3263,4.2484,4.297,47300,0
SJT.US,60,20210216,220000,4.2776,4.3263,4.2678,4.3263,36363,0
SJT.US,60,20210217,160000,4.3457,4.3847,4.242,4.3165,30480,0
SJT.US,60,20210217,170000,4.2987,4.3068,4.2025,4.2386,19644,0
SJT.US,60,20210217,180000,4.2386,4.2386,4.0594,4.1217,41639,0
SJT.US,60,20210217,190000,4.1303,4.1411,4.0145,4.0729,69357,0
SJT.US,60,20210217,200000,4.0805,4.1314,4.0632,4.1314,28434,0
SJT.US,60,20210217,210000,4.0924,4.1509,4.0924,4.1498,4291,0
SJT.US,60,20210217,220000,4.1509,4.1996,4.1119,4.1606,23069,0
SJT.US,60,20210218,160000,4.2581,4.2581,4.1119,4.1606,5901,0
SJT.US,60,20210218,170000,4.1802,4.1802,4.0632,4.0632,14573,0
SJT.US,60,20210218,180000,4.0923,4.1719,4.0632,4.1509,19476,0
SJT.US,60,20210218,190000,4.1509,4.1996,4.1509,4.1898,27475,0
SJT.US,60,20210218,200000,4.1606,4.1606,4.1412,4.1509,11956,0
SJT.US,60,20210218,210000,4.1412,4.1704,4.1412,4.1606,5485,0
SJT.US,60,20210218,220000,4.1606,4.2094,4.1412,4.1802,23777,0
SJT.US,60,20210219,160000,4.2484,4.2766,4.2094,4.2337,5452,0
SJT.US,60,20210219,170000,4.2444,4.2672,4.2191,4.2191,5597,0
SJT.US,60,20210219,180000,4.2288,4.2776,4.2191,4.2386,20201,0
SJT.US,60,20210219,190000,4.2191,4.2442,4.1999,4.1999,4905,0
SJT.US,60,20210219,200000,4.2142,4.2581,4.2094,4.2581,12126,0
SJT.US,60,20210219,210000,4.2678,4.2678,4.2191,4.2484,12905,0
SJT.US,60,20210219,220000,4.2581,4.2776,4.1996,4.2288,13687,0
SJT.US,60,20210222,160000,4.2386,4.3653,4.2386,4.3186,19562,0
SJT.US,60,20210222,170000,4.3062,4.375,4.3062,4.3263,74197,0
SJT.US,60,20210222,180000,4.3652,4.4189,4.3555,4.4054,49522,0
SJT.US,60,20210222,190000,4.4063,4.4273,4.3848,4.387,16375,0
SJT.US,60,20210222,200000,4.3751,4.4091,4.3512,4.3512,22219,0
SJT.US,60,20210222,210000,4.3263,4.3263,4.2993,4.2993,16481,0
SJT.US,60,20210222,220000,4.2932,4.3009,4.2484,4.2873,12919,0
SJT.US,60,20210223,160000,4.1314,4.1402,4.0145,4.0361,18080,0
SJT.US,60,20210223,170000,4.0437,4.2288,4.0437,4.222,44848,0
SJT.US,60,20210223,180000,4.2288,4.2386,4.2094,4.224,13953,0
SJT.US,60,20210223,190000,4.2385,4.2678,4.22,4.2386,17173,0
SJT.US,60,20210223,200000,4.2288,4.2366,4.2094,4.2213,13402,0
SJT.US,60,20210223,210000,4.2191,4.2386,4.2191,4.2198,8338,0
SJT.US,60,20210223,220000,4.2314,4.297,4.2314,4.2873,13302,0
SJT.US,60,20210224,160000,4.3165,4.3165,4.2581,4.2873,12835,0
SJT.US,60,20210224,170000,4.2873,4.3653,4.274,4.3653,17268,0
SJT.US,60,20210224,180000,4.3263,4.3575,4.2776,4.2873,24600,0
SJT.US,60,20210224,190000,4.2873,4.3262,4.2581,4.2717,10491,0
SJT.US,60,20210224,200000,4.2581,4.2581,4.1898,4.2269,19552,0
SJT.US,60,20210224,210000,4.2192,4.3359,4.2192,4.3165,18600,0
SJT.US,60,20210224,220000,4.3093,4.3093,4.2678,4.2776,14346,0
SJT.US,60,20210225,160000,4.3417,4.3417,4.2924,4.3007,10006,0
SJT.US,60,20210225,170000,4.2924,4.2924,4.243,4.243,6303,0
SJT.US,60,20210225,180000,4.2133,4.2133,4.1246,4.1633,7458,0
SJT.US,60,20210225,190000,4.1542,4.1542,4.095,4.095,30970,0
SJT.US,60,20210225,200000,4.095,4.1245,4.0767,4.1245,8659,0
SJT.US,60,20210225,210000,4.1098,4.1542,4.1098,4.1295,18489,0
SJT.US,60,20210225,220000,4.1147,4.1641,4.1147,4.1641,11426,0
SJT.US,60,20210226,160000,4.0062,4.1345,4.0062,4.0358,14602,0
SJT.US,60,20210226,170000,4.0549,4.0549,3.947,4.0161,15402,0
SJT.US,60,20210226,180000,3.9865,4.095,3.9569,4.0901,31996,0
SJT.US,60,20210226,190000,4.0949,4.1246,4.0555,4.0555,17665,0
SJT.US,60,20210226,200000,4.0259,4.0259,3.947,3.9519,42947,0
SJT.US,60,20210226,210000,3.9471,3.9569,3.8878,3.8878,19304,0
SJT.US,60,20210226,220000,3.8878,3.8878,3.7398,3.7398,92793,0
SJT.US,60,20210301,160000,3.8681,3.9717,3.7398,3.8699,64689,0
SJT.US,60,20210301,170000,3.8977,4.1718,3.8977,4.1649,65469,0
SJT.US,60,20210301,180000,4.1642,4.1652,4.0696,4.1089,38453,0
SJT.US,60,20210301,190000,4.0753,4.0851,3.9865,4.0051,17262,0
SJT.US,60,20210301,200000,3.9963,3.9963,3.9767,3.9865,2436,0
SJT.US,60,20210301,210000,3.9963,4.0457,3.9815,4.0259,16546,0
SJT.US,60,20210301,220000,4.0111,4.0259,3.9865,3.9865,14442,0
SJT.US,60,20210302,160000,4.0062,4.0161,4.0062,4.0161,304,0
SJT.US,60,20210302,170000,3.9766,3.9781,3.9075,3.947,18150,0
SJT.US,60,20210302,180000,3.9448,3.947,3.9338,3.9371,4181,0
SJT.US,60,20210302,190000,3.9511,3.9963,3.9511,3.9963,7257,0
SJT.US,60,20210302,200000,3.9962,4.0259,3.9914,4.0238,6688,0
SJT.US,60,20210302,210000,4.0062,4.0259,3.9865,3.9865,3420,0
SJT.US,60,20210302,220000,3.9766,3.9865,3.947,3.947,5296,0
SJT.US,60,20210303,160000,3.8977,3.9963,3.8977,3.9914,6607,0
SJT.US,60,20210303,170000,3.9569,4.0259,3.9569,3.9786,9037,0
SJT.US,60,20210303,180000,4.0013,4.0161,3.9174,3.9174,22828,0
SJT.US,60,20210303,190000,3.9371,3.947,3.9371,3.9401,3040,0
SJT.US,60,20210303,200000,3.9371,3.9469,3.9273,3.936,3170,0
SJT.US,60,20210303,210000,3.9273,3.9371,3.9273,3.9371,1216,0
SJT.US,60,20210303,220000,3.9273,3.9371,3.9174,3.9174,5899,0
SJT.US,60,20210304,160000,3.8779,3.9371,3.8483,3.8977,14414,0
SJT.US,60,20210304,170000,3.8434,3.8976,3.7991,3.8976,13621,0
SJT.US,60,20210304,180000,3.8916,3.8976,3.8408,3.8583,10777,0
SJT.US,60,20210304,190000,3.8631,3.8779,3.7891,3.7891,9620,0
SJT.US,60,20210304,200000,3.7891,3.7891,3.7299,3.7397,26568,0
SJT.US,60,20210304,210000,3.7339,3.7496,3.726,3.7398,5971,0
SJT.US,60,20210304,220000,3.7496,3.7793,3.7496,3.7496,6602,0
SJT.US,60,20210305,160000,3.8187,3.8582,3.7941,3.7941,8639,0
SJT.US,60,20210305,170000,3.8187,3.8187,3.7891,3.7891,1377,0
SJT.US,60,20210305,180000,3.7891,3.7891,3.7124,3.7321,7315,0
SJT.US,60,20210305,190000,3.7312,3.8089,3.7312,3.8089,3746,0
SJT.US,60,20210305,200000,3.8286,3.8384,3.8286,3.8383,1049,0
SJT.US,60,20210305,210000,3.8385,3.8581,3.8313,3.856,5777,0
SJT.US,60,20210305,220000,3.8538,3.8779,3.8286,3.8286,11623,0
SJT.US,60,20210308,160000,3.8483,3.8977,3.8483,3.8668,15024,0
SJT.US,60,20210308,170000,3.8483,3.8977,3.8483,3.8977,5047,0
SJT.US,60,20210308,180000,3.8939,3.8939,3.8582,3.8582,5716,0
SJT.US,60,20210308,190000,3.868,3.868,3.8505,3.8569,2939,0
SJT.US,60,20210308,200000,3.868,3.868,3.8483,3.8483,1419,0
SJT.US,60,20210308,210000,3.8335,3.8483,3.8276,3.8286,1837,0
SJT.US,60,20210308,220000,3.821,3.8681,3.821,3.8681,3908,0
SJT.US,60,20210309,160000,3.8385,3.8385,3.7299,3.7979,9972,0
SJT.US,60,20210309,170000,3.7941,3.8434,3.7496,3.8385,29248,0
SJT.US,60,20210309,180000,3.8779,3.9153,3.873,3.9125,6043,0
SJT.US,60,20210309,190000,3.9174,3.9273,3.8977,3.8977,3497,0
SJT.US,60,20210309,200000,3.8889,3.8976,3.8681,3.873,9797,0
SJT.US,60,20210309,210000,3.873,3.8742,3.8682,3.8742,2269,0
SJT.US,60,20210309,220000,3.8701,3.8701,3.799,3.799,16732,0
SJT.US,60,20210310,160000,3.799,3.8483,3.799,3.8483,15104,0
SJT.US,60,20210310,170000,3.8385,3.9174,3.8385,3.9174,5853,0
SJT.US,60,20210310,180000,3.9174,3.947,3.9075,3.9273,18248,0
SJT.US,60,20210310,190000,3.9174,4.0161,3.8977,4.0161,9917,0
SJT.US,60,20210310,200000,4.0259,4.0358,3.9865,4.0259,5869,0
SJT.US,60,20210310,210000,4.0457,4.0654,4.0161,4.0654,5548,0
SJT.US,60,20210310,220000,4.0457,4.0653,4.0259,4.0259,14424,0
SJT.US,60,20210311,160000,4.0259,4.0827,4.0259,4.0653,12522,0
SJT.US,60,20210311,170000,4.0358,4.0753,4.0358,4.0654,20444,0
SJT.US,60,20210311,180000,4.0406,4.0654,4.0358,4.0358,2814,0
SJT.US,60,20210311,190000,4.0654,4.095,4.0358,4.095,30197,0
SJT.US,60,20210311,200000,4.0753,4.0979,4.0753,4.095,7278,0
SJT.US,60,20210311,210000,4.0901,4.1147,4.0754,4.1138,16458,0
SJT.US,60,20210311,220000,4.0901,4.0901,4.0555,4.0851,3788,0
SJT.US,60,20210312,160000,4.2036,4.2036,4.1049,4.1542,15279,0
SJT.US,60,20210312,170000,4.1542,4.1937,4.1345,4.1937,9632,0
SJT.US,60,20210312,180000,4.1681,4.1937,4.1345,4.1641,23678,0
SJT.US,60,20210312,190000,4.1593,4.1838,4.1593,4.1641,5466,0
SJT.US,60,20210312,200000,4.1725,4.1741,4.1345,4.1443,16784,0
SJT.US,60,20210312,210000,4.1265,4.1443,4.1265,4.1414,4111,0
SJT.US,60,20210312,220000,4.1356,4.1356,4.095,4.1147,8030,0
SJT.US,60,20210315,150000,4.1443,4.1443,4.0358,4.0457,21499,0
SJT.US,60,20210315,160000,4.0499,4.095,4.0259,4.0358,52985,0
SJT.US,60,20210315,170000,4.0358,4.0358,3.9371,3.9371,31486,0
SJT.US,60,20210315,180000,3.9371,3.9766,3.9174,3.9766,20703,0
SJT.US,60,20210315,190000,3.9914,3.9963,3.9883,3.9953,8158,0
SJT.US,60,20210315,200000,3.9865,3.9865,3.9371,3.9469,24463,0
SJT.US,60,20210315,210000,3.942,3.947,3.9371,3.9371,23480,0
SJT.US,60,20210316,150000,3.9174,3.9371,3.8878,3.8977,5575,0
SJT.US,60,20210316,160000,3.8977,3.9272,3.8977,3.8977,17242,0
SJT.US,60,20210316,170000,3.9174,3.9174,3.8879,3.8879,14390,0
SJT.US,60,20210316,180000,3.8977,3.8977,3.8187,3.8457,18826,0
SJT.US,60,20210316,190000,3.8681,3.9075,3.8582,3.8779,29284,0
SJT.US,60,20210316,200000,3.9273,3.947,3.8977,3.9174,7955,0
SJT.US,60,20210316,210000,3.9174,3.9569,3.9174,3.947,11620,0
SJT.US,60,20210317,150000,3.9667,3.9865,3.9274,3.9766,3078,0
SJT.US,60,20210317,160000,3.9717,3.9963,3.9273,3.9273,40132,0
SJT.US,60,20210317,170000,3.8977,3.9174,3.8483,3.8779,12126,0
SJT.US,60,20210317,180000,3.8926,3.8976,3.8878,3.8878,964,0
SJT.US,60,20210317,190000,3.8944,3.8974,3.8878,3.8966,1242,0
SJT.US,60,20210317,200000,3.9371,3.947,3.9273,3.9371,18610,0
SJT.US,60,20210317,210000,3.9371,3.9371,3.9174,3.9174,29601,0
SJT.US,60,20210318,150000,3.9667,3.9667,3.9223,3.937,5061,0
SJT.US,60,20210318,160000,3.9371,3.9371,3.9075,3.9273,8762,0
SJT.US,60,20210318,170000,3.9273,3.9273,3.8978,3.9049,16877,0
SJT.US,60,20210318,180000,3.9035,3.9035,3.834,3.834,5330,0
SJT.US,60,20210318,190000,3.8335,3.8779,3.8335,3.8779,2780,0
SJT.US,60,20210318,200000,3.8779,3.8779,3.8187,3.8187,4890,0
SJT.US,60,20210318,210000,3.8185,3.8185,3.7694,3.799,24446,0
SJT.US,60,20210319,150000,3.8977,3.9963,3.8977,3.9273,30849,0
SJT.US,60,20210319,160000,3.9322,4.0457,3.8483,4.0259,84570,0
SJT.US,60,20210319,170000,4.0259,4.0457,4.0161,4.0161,10116,0
SJT.US,60,20210319,180000,3.9964,4.1641,3.9964,4.1049,16176,0
SJT.US,60,20210319,190000,4.095,4.1937,4.0855,4.174,26336,0
SJT.US,60,20210319,200000,4.174,4.2233,4.174,4.2134,38940,0
SJT.US,60,20210319,210000,4.2134,4.243,4.174,4.174,34006,0
SJT.US,60,20210322,150000,4.174,4.174,4.1147,4.1542,5440,0
SJT.US,60,20210322,160000,4.1443,4.1443,3.947,4.0358,27919,0
SJT.US,60,20210322,170000,4.0259,4.0457,3.9766,4.0161,14442,0
SJT.US,60,20210322,180000,4.0358,4.0358,3.9659,3.9659,10394,0
SJT.US,60,20210322,190000,3.9667,3.9865,3.9667,3.9863,1216,0
SJT.US,60,20210322,200000,3.9858,3.9962,3.9568,3.9569,9394,0
SJT.US,60,20210322,210000,3.947,3.947,3.8653,3.8878,30836,0
SJT.US,60,20210323,150000,3.947,3.947,3.8977,3.8977,7929,0
SJT.US,60,20210323,160000,3.9174,3.9174,3.8385,3.8483,12671,0
SJT.US,60,20210323,170000,3.8286,3.8331,3.7793,3.8331,9564,0
SJT.US,60,20210323,180000,3.8287,3.8511,3.8287,3.8511,3703,0
SJT.US,60,20210323,190000,3.8745,3.9174,3.8631,3.9026,16074,0
SJT.US,60,20210323,200000,3.9026,3.9273,3.8483,3.8776,5737,0
SJT.US,60,20210323,210000,3.8483,3.8483,3.8088,3.8089,12808,0
SJT.US,60,20210324,150000,3.8582,3.8923,3.7891,3.7993,6853,0
SJT.US,60,20210324,160000,3.799,3.8483,3.799,3.8385,13609,0
SJT.US,60,20210324,170000,3.8325,3.8582,3.8286,3.8313,4641,0
SJT.US,60,20210324,180000,3.8287,3.8463,3.8286,3.8385,8459,0
SJT.US,60,20210324,190000,3.8384,3.8384,3.7891,3.7989,8932,0
SJT.US,60,20210324,200000,3.7918,3.799,3.7602,3.7732,5964,0
SJT.US,60,20210324,210000,3.7694,3.789,3.7595,3.7595,10881,0
SJT.US,60,20210325,150000,3.7694,3.8016,3.7595,3.7956,1752,0
SJT.US,60,20210325,160000,3.7955,3.8138,3.7694,3.7694,12042,0
SJT.US,60,20210325,170000,3.7744,3.799,3.7694,3.799,14947,0
SJT.US,60,20210325,180000,3.799,3.8779,3.799,3.8483,7449,0
SJT.US,60,20210325,190000,3.8612,3.8681,3.8483,3.8681,3898,0
SJT.US,60,20210325,200000,3.873,3.8779,3.873,3.8756,7300,0
SJT.US,60,20210325,210000,3.8483,3.8582,3.8385,3.8483,4996,0
SJT.US,60,20210326,150000,3.9371,3.9371,3.8779,3.9075,5943,0
SJT.US,60,20210326,160000,3.9075,3.9075,3.8872,3.8872,4395,0
SJT.US,60,20210326,170000,3.8878,3.9075,3.8871,3.9075,1184,0
SJT.US,60,20210326,180000,3.9174,3.947,3.8977,3.947,18945,0
SJT.US,60,20210326,190000,3.947,3.947,3.9391,3.9391,3217,0
SJT.US,60,20210326,200000,3.9371,3.9371,3.8977,3.9074,6038,0
SJT.US,60,20210326,210000,3.9026,3.9273,3.891,3.9273,2804,0
SJT.US,60,20210329,160000,4.0457,4.0457,3.947,3.9614,9491,0
SJT.US,60,20210329,170000,3.9865,3.9865,3.9174,3.9273,7667,0
SJT.US,60,20210329,180000,3.9272,3.9273,3.8681,3.8779,18126,0
SJT.US,60,20210329,190000,3.8779,4.0062,3.8681,3.9371,57713,0
SJT.US,60,20210329,200000,3.9469,3.947,3.9299,3.9371,24770,0
SJT.US,60,20210329,210000,3.9371,3.947,3.9273,3.9273,6416,0
SJT.US,60,20210329,220000,3.947,3.947,3.9371,3.947,19837,0
SJT.US,60,20210330,160000,3.99,3.99,3.82,3.83,12646,0
SJT.US,60,20210330,170000,3.82,3.8983,3.82,3.85,6983,0
SJT.US,60,20210330,180000,3.87,3.989,3.87,3.965,13543,0
SJT.US,60,20210330,190000,3.96,3.98,3.95,3.95,12286,0
SJT.US,60,20210330,200000,3.971,4.1,3.971,4.029,34632,0
SJT.US,60,20210330,210000,4.04,4.05,4.01,4.04,6136,0
SJT.US,60,20210330,220000,4.02,4.091,4.02,4.07,28067,0
SJT.US,60,20210331,160000,4.1,4.1,3.95,3.96,9878,0
SJT.US,60,20210331,170000,3.9601,4.04,3.9601,4.04,5382,0
SJT.US,60,20210331,180000,4.04,4.05,4.02,4.02,2310,0
SJT.US,60,20210331,190000,4.0384,4.0384,4.02,4.025,5270,0
SJT.US,60,20210331,200000,4.0209,4.05,4.02,4.03,31782,0
SJT.US,60,20210331,210000,4.03,4.04,4.03,4.04,7249,0
SJT.US,60,20210331,220000,4.03,4.03,3.96,3.96,20664,0
SJT.US,60,20210401,160000,4.03,4.03,3.9702,3.9899,13508,0
SJT.US,60,20210401,170000,3.9917,4.01,3.9725,4,3785,0
SJT.US,60,20210401,180000,4.0082,4.04,3.9842,4.03,13483,0
SJT.US,60,20210401,190000,4.0338,4.0338,4,4.02,10614,0
SJT.US,60,20210401,200000,4.034,4.034,4.0301,4.0301,1090,0
SJT.US,60,20210401,210000,4.05,4.1523,4.02,4.1296,39835,0
SJT.US,60,20210401,220000,4.11,4.1199,4.06,4.11,33502,0
SJT.US,60,20210405,160000,4.15,4.15,4.1,4.1,5412,0
SJT.US,60,20210405,170000,4.09,4.09,4.05,4.05,2142,0
SJT.US,60,20210405,180000,4.08,4.08,4.08,4.08,2500,0
SJT.US,60,20210405,190000,4.045,4.05,4.04,4.049,3500,0
SJT.US,60,20210405,200000,4.0401,4.07,4.019,4.05,9411,0
SJT.US,60,20210405,210000,4.051,4.051,4.03,4.0461,12986,0
SJT.US,60,20210405,220000,4.0328,4.09,4.0302,4.07,8256,0
SJT.US,60,20210406,160000,4.03,4.07,4.03,4.07,3395,0
SJT.US,60,20210406,170000,4.08,4.2612,4.07,4.1301,58048,0
SJT.US,60,20210406,180000,4.1438,4.1577,4.03,4.04,16009,0
SJT.US,60,20210406,190000,4.0539,4.06,4.03,4.05,10746,0
SJT.US,60,20210406,200000,4.07,4.07,4.03,4.055,3200,0
SJT.US,60,20210406,210000,4.06,4.06,4.0401,4.0499,2869,0
SJT.US,60,20210406,220000,4.0492,4.05,4.03,4.04,10353,0
SJT.US,60,20210407,160000,4.04,4.1,4.04,4.1,4620,0
SJT.US,60,20210407,170000,4.0788,4.14,4.0788,4.14,3274,0
SJT.US,60,20210407,180000,4.13,4.13,4.07,4.07,5458,0
SJT.US,60,20210407,190000,4.0899,4.091,4.0794,4.091,1276,0
SJT.US,60,20210407,200000,4.08,4.1,4.07,4.07,11981,0
SJT.US,60,20210407,210000,4.0766,4.085,4.0701,4.08,6457,0
SJT.US,60,20210407,220000,4.0701,4.1,4.0701,4.08,6095,0
SJT.US,60,20210408,160000,4.0665,4.07,4.05,4.0564,6399,0
SJT.US,60,20210408,170000,4.06,4.0649,4.0589,4.0649,1201,0
SJT.US,60,20210408,180000,4.07,4.1085,4.07,4.1085,8510,0
SJT.US,60,20210408,190000,4.13,4.13,4.12,4.1234,1748,0
SJT.US,60,20210408,200000,4.115,4.1299,4.1,4.115,4283,0
SJT.US,60,20210408,210000,4.1,4.12,4.09,4.1161,7900,0
SJT.US,60,20210408,220000,4.1197,4.19,4.1197,4.19,18185,0
SJT.US,60,20210409,160000,4.2,4.22,4.2,4.22,2908,0
SJT.US,60,20210409,170000,4.1801,4.2,4.1801,4.1815,3485,0
SJT.US,60,20210409,180000,4.1847,4.21,4.1847,4.21,2328,0
SJT.US,60,20210409,190000,4.21,4.21,4.1801,4.1801,1125,0
SJT.US,60,20210409,200000,4.191,4.1999,4.16,4.1725,8415,0
SJT.US,60,20210409,210000,4.16,4.16,4.12,4.13,6601,0
SJT.US,60,20210409,220000,4.1219,4.2,4.12,4.2,6983,0
SJT.US,60,20210412,160000,4.13,4.19,4.1,4.12,36294,0
SJT.US,60,20210412,170000,4.095,4.14,4.095,4.14,7677,0
SJT.US,60,20210412,180000,4.15,4.2,4.1401,4.1992,7413,0
SJT.US,60,20210412,190000,4.19,4.3,4.19,4.2801,57384,0
SJT.US,60,20210412,200000,4.27,4.29,4.255,4.28,10666,0
SJT.US,60,20210412,210000,4.29,4.33,4.29,4.32,11328,0
SJT.US,60,20210412,220000,4.325,4.33,4.21,4.21,11602,0
SJT.US,60,20210413,160000,4.24,4.24,4.17,4.2052,7350,0
SJT.US,60,20210413,170000,4.19,4.21,4.163,4.21,9613,0
SJT.US,60,20210413,180000,4.22,4.24,4.16,4.1717,7595,0
SJT.US,60,20210413,190000,4.18,4.19,4.1724,4.19,1231,0
SJT.US,60,20210413,200000,4.19,4.22,4.185,4.22,3200,0
SJT.US,60,20210413,210000,4.21,4.22,4.18,4.2,12275,0
SJT.US,60,20210413,220000,4.1801,4.2,4.18,4.2,14196,0
SJT.US,60,20210414,160000,4.22,4.28,4.22,4.24,12507,0
SJT.US,60,20210414,170000,4.2397,4.26,4.23,4.26,11067,0
SJT.US,60,20210414,180000,4.28,4.28,4.225,4.28,6537,0
SJT.US,60,20210414,190000,4.28,4.28,4.24,4.265,9955,0
SJT.US,60,20210414,200000,4.26,4.26,4.23,4.23,21597,0
SJT.US,60,20210414,210000,4.21,4.21,4.1507,4.16,21791,0
SJT.US,60,20210414,220000,4.15,4.1599,4.11,4.12,31264,0
SJT.US,60,20210415,160000,4.15,4.15,4.15,4.15,2112,0
SJT.US,60,20210415,170000,4.1427,4.215,4.131,4.179,16912,0
SJT.US,60,20210415,180000,4.18,4.19,4.1278,4.1399,20633,0
SJT.US,60,20210415,190000,4.1394,4.1467,4.1229,4.1229,5240,0
SJT.US,60,20210415,200000,4.1282,4.14,4.12,4.1357,4711,0
SJT.US,60,20210415,210000,4.12,4.13,4.1188,4.13,3460,0
SJT.US,60,20210415,220000,4.14,4.17,4.1201,4.17,11541,0
SJT.US,60,20210416,160000,4.17,4.17,4.11,4.126,2391,0
SJT.US,60,20210416,170000,4.13,4.1392,4.09,4.13,19590,0
SJT.US,60,20210416,180000,4.12,4.1938,4.12,4.185,22825,0
SJT.US,60,20210416,190000,4.2,4.23,4.2,4.227,10739,0
SJT.US,60,20210416,200000,4.2255,4.2337,4.225,4.225,1109,0
SJT.US,60,20210416,210000,4.2177,4.22,4.2177,4.22,1183,0
SJT.US,60,20210416,220000,4.23,4.25,4.2216,4.24,5666,0
SJT.US,60,20210419,160000,4.23,4.27,4.225,4.27,4669,0
SJT.US,60,20210419,170000,4.27,4.34,4.2665,4.2843,17173,0
SJT.US,60,20210419,180000,4.2937,4.36,4.27,4.3024,27537,0
SJT.US,60,20210419,190000,4.3167,4.3167,4.3002,4.31,1840,0
SJT.US,60,20210419,200000,4.32,4.3599,4.32,4.345,13439,0
SJT.US,60,20210419,210000,4.3303,4.359,4.33,4.335,6510,0
SJT.US,60,20210419,220000,4.34,4.34,4.32,4.34,5859,0
SJT.US,60,20210420,160000,4.46,4.83,4.46,4.7316,346498,0
SJT.US,60,20210420,170000,4.72,4.8,4.6,4.6699,226749,0
SJT.US,60,20210420,180000,4.6631,4.79,4.6316,4.65,153381,0
SJT.US,60,20210420,190000,4.631,4.67,4.55,4.56,71569,0
SJT.US,60,20210420,200000,4.59,4.6767,4.5701,4.6767,30595,0
SJT.US,60,20210420,210000,4.7,4.7,4.55,4.609,69140,0
SJT.US,60,20210420,220000,4.61,4.67,4.46,4.51,187602,0
SJT.US,60,20210421,160000,4.64,4.69,4.5601,4.665,43222,0
SJT.US,60,20210421,170000,4.68,4.78,4.671,4.671,149792,0
SJT.US,60,20210421,180000,4.7,4.7,4.6,4.65,42992,0
SJT.US,60,20210421,190000,4.655,4.655,4.56,4.5782,29128,0
SJT.US,60,20210421,200000,4.57,4.61,4.56,4.58,26635,0
SJT.US,60,20210421,210000,4.59,4.6,4.58,4.59,10375,0
SJT.US,60,20210421,220000,4.6,4.61,4.59,4.61,27502,0
SJT.US,60,20210422,160000,4.61,4.65,4.53,4.56,46193,0
SJT.US,60,20210422,170000,4.5999,4.7395,4.585,4.71,168206,0
SJT.US,60,20210422,180000,4.72,4.77,4.65,4.7166,71061,0
SJT.US,60,20210422,190000,4.717,4.77,4.66,4.7183,50374,0
SJT.US,60,20210422,200000,4.715,4.78,4.65,4.688,39155,0
SJT.US,60,20210422,210000,4.6635,4.779,4.6635,4.75,43252,0
SJT.US,60,20210422,220000,4.72,4.76,4.7,4.75,36483,0
SJT.US,60,20210423,160000,4.78,4.785,4.7044,4.7433,34398,0
SJT.US,60,20210423,170000,4.74,4.87,4.74,4.7703,94424,0
SJT.US,60,20210423,180000,4.76,4.77,4.7301,4.75,20350,0
SJT.US,60,20210423,190000,4.74,4.7699,4.74,4.74,38399,0
SJT.US,60,20210423,200000,4.72,4.72,4.55,4.6504,58963,0
SJT.US,60,20210423,210000,4.66,4.68,4.6228,4.63,24138,0
SJT.US,60,20210423,220000,4.62,4.6632,4.62,4.63,26083,0
SJT.US,60,20210426,160000,4.81,4.81,4.67,4.69,72666,0
SJT.US,60,20210426,170000,4.6822,4.7,4.63,4.6899,112180,0
SJT.US,60,20210426,180000,4.6999,4.72,4.6824,4.72,18094,0
SJT.US,60,20210426,190000,4.71,4.79,4.69,4.755,57290,0
SJT.US,60,20210426,200000,4.7584,4.82,4.7413,4.82,63674,0
SJT.US,60,20210426,210000,4.79,4.795,4.72,4.77,24152,0
SJT.US,60,20210426,220000,4.7537,4.79,4.7,4.79,27126,0
SJT.US,60,20210427,160000,4.8,4.84,4.79,4.8243,48102,0
SJT.US,60,20210427,170000,4.84,4.84,4.7503,4.77,89312,0
SJT.US,60,20210427,180000,4.773,4.79,4.75,4.76,66682,0
SJT.US,60,20210427,190000,4.76,4.79,4.76,4.7821,36980,0
SJT.US,60,20210427,200000,4.7802,4.81,4.77,4.78,98408,0
SJT.US,60,20210427,210000,4.7823,4.8,4.776,4.8,25032,0
SJT.US,60,20210427,220000,4.8,4.8299,4.79,4.82,72864,0
SJT.US,60,20210428,160000,4.88,4.9,4.82,4.86,43588,0
SJT.US,60,20210428,170000,4.86,4.8699,4.79,4.83,84060,0
SJT.US,60,20210428,180000,4.827,4.8499,4.79,4.84,61232,0
SJT.US,60,20210428,190000,4.8,4.87,4.8,4.83,52392,0
SJT.US,60,20210428,200000,4.83,4.89,4.8,4.89,60838,0
SJT.US,60,20210428,210000,4.9,4.95,4.83,4.83,133972,0
SJT.US,60,20210428,220000,4.8398,4.92,4.81,4.81,123796,0
SJT.US,60,20210429,160000,4.78,4.86,4.7745,4.78,13720,0
SJT.US,60,20210429,170000,4.7899,4.8399,4.712,4.78,40328,0
SJT.US,60,20210429,180000,4.8,4.8,4.7601,4.7732,3394,0
SJT.US,60,20210429,190000,4.78,4.86,4.77,4.79,41388,0
SJT.US,60,20210429,200000,4.7801,4.805,4.7801,4.805,6574,0
SJT.US,60,20210429,210000,4.819,4.85,4.79,4.82,27894,0
SJT.US,60,20210429,220000,4.8281,4.835,4.77,4.82,55018,0
SJT.US,60,20210430,160000,4.83,4.85,4.72,4.8199,33354,0
SJT.US,60,20210430,170000,4.81,4.81,4.74,4.789,48738,0
SJT.US,60,20210430,180000,4.7577,4.81,4.75,4.77,14210,0
SJT.US,60,20210430,190000,4.77,4.89,4.77,4.89,25616,0
SJT.US,60,20210430,200000,4.88,4.92,4.85,4.9,95106,0
SJT.US,60,20210430,210000,4.9,5,4.87,4.94,118616,0
SJT.US,60,20210430,220000,4.94,4.98,4.8,4.8,72708,0
SJT.US,60,20210503,160000,4.85,4.99,4.85,4.96,43325,0
SJT.US,60,20210503,170000,4.94,4.94,4.88,4.9255,52093,0
SJT.US,60,20210503,180000,4.9351,4.98,4.91,4.94,41726,0
SJT.US,60,20210503,190000,4.9528,4.99,4.931,4.956,28400,0
SJT.US,60,20210503,200000,4.95,5.04,4.95,5.0225,65448,0
SJT.US,60,20210503,210000,5.02,5.039,5.01,5.0188,6126,0
SJT.US,60,20210503,220000,5.01,5.12,5.01,5.08,78688,0
SJT.US,60,20210504,160000,5.1,5.1,4.95,5.015,24943,0
SJT.US,60,20210504,170000,5.021,5.0299,4.98,5.01,11102,0
SJT.US,60,20210504,180000,5.01,5.0227,5,5.0185,16532,0
SJT.US,60,20210504,190000,5.03,5.075,5.0299,5.06,14074,0
SJT.US,60,20210504,200000,5.0699,5.0699,5.01,5.04,31416,0
SJT.US,60,20210504,210000,5.0599,5.0899,5.0393,5.085,3407,0
SJT.US,60,20210504,220000,5.0877,5.0877,5.03,5.04,57288,0
SJT.US,60,20210505,160000,5.09,5.09,5.02,5.02,9215,0
SJT.US,60,20210505,170000,5.02,5.05,5,5.0276,18983,0
SJT.US,60,20210505,180000,5.03,5.03,5,5.0001,13925,0
SJT.US,60,20210505,190000,5.0001,5.03,4.9681,4.9681,93830,0
SJT.US,60,20210505,200000,4.95,4.99,4.95,4.96,14785,0
SJT.US,60,20210505,210000,4.96,4.9973,4.96,4.975,6286,0
SJT.US,60,20210505,220000,4.97,4.99,4.95,4.98,18547,0
SJT.US,60,20210506,160000,5,5,4.96,5,10292,0
SJT.US,60,20210506,170000,5.0452,5.0452,4.99,4.99,14250,0
SJT.US,60,20210506,180000,4.99,5,4.98,5,14535,0
SJT.US,60,20210506,190000,5.0102,5.0281,5.0102,5.025,1396,0
SJT.US,60,20210506,200000,5.0201,5.0498,5.02,5.02,1526,0
SJT.US,60,20210506,210000,5.03,5.06,5.02,5.06,5364,0
SJT.US,60,20210506,220000,5.05,5.06,5.02,5.05,25767,0
SJT.US,60,20210507,160000,5.05,5.1,5.0429,5.0899,8391,0
SJT.US,60,20210507,170000,5.0799,5.0912,5.031,5.0482,25142,0
SJT.US,60,20210507,180000,5.0301,5.08,5.03,5.0682,16326,0
SJT.US,60,20210507,190000,5.07,5.08,5.0688,5.076,3328,0
SJT.US,60,20210507,200000,5.0799,5.08,5.0591,5.08,9424,0
SJT.US,60,20210507,210000,5.0684,5.08,5.0684,5.07,44740,0
SJT.US,60,20210507,220000,5.07,5.08,5.05,5.08,29256,0
SJT.US,60,20210510,160000,5.06,5.07,5.05,5.07,40772,0
SJT.US,60,20210510,170000,5.07,5.1,5.0077,5.04,23422,0
SJT.US,60,20210510,180000,5.0258,5.065,5.01,5.065,3725,0
SJT.US,60,20210510,190000,5.0799,5.08,5.04,5.07,21022,0
SJT.US,60,20210510,200000,5.062,5.0899,5.061,5.061,8374,0
SJT.US,60,20210510,210000,5.06,5.08,4.99,4.99,35742,0
SJT.US,60,20210510,220000,4.996,5.11,4.996,5.08,36598,0
SJT.US,60,20210511,160000,5.03,5.0813,4.99,5.0813,25104,0
SJT.US,60,20210511,170000,5.1,5.1,4.98,4.985,9774,0
SJT.US,60,20210511,180000,5.02,5.045,5.01,5.045,31339,0
SJT.US,60,20210511,190000,5.0499,5.0539,5.0046,5.0046,23916,0
SJT.US,60,20210511,200000,5.0092,5.01,5,5.005,8768,0
SJT.US,60,20210511,210000,5,5.01,4.9903,5,16040,0
SJT.US,60,20210511,220000,5.01,5.01,4.95,4.95,26871,0
SJT.US,60,20210512,160000,5,5.119,5,5.08,29492,0
SJT.US,60,20210512,170000,5.08,5.11,4.97,4.9999,59482,0
SJT.US,60,20210512,180000,4.9999,5.03,4.9794,5,37543,0
SJT.US,60,20210512,190000,4.9849,5.03,4.97,4.99,53819,0
SJT.US,60,20210512,200000,4.99,5.01,4.97,5.01,27370,0
SJT.US,60,20210512,210000,5.03,5.03,5,5.01,9934,0
SJT.US,60,20210512,220000,4.99,5.007,4.974,5,13362,0
SJT.US,60,20210513,160000,5.01,5.0403,4.97,4.9701,9694,0
SJT.US,60,20210513,170000,4.9937,5.05,4.98,5.01,9058,0
SJT.US,60,20210513,180000,5.01,5.01,4.92,4.9201,25492,0
SJT.US,60,20210513,190000,4.948,4.96,4.89,4.9306,15308,0
SJT.US,60,20210513,200000,4.96,4.98,4.9001,4.9199,38441,0
SJT.US,60,20210513,210000,4.95,5,4.9455,4.99,7334,0
SJT.US,60,20210513,220000,4.99,5,4.97,5,8526,0
SJT.US,60,20210514,160000,5.07,5.0797,4.99,5.01,55367,0
SJT.US,60,20210514,170000,5.005,5.055,4.98,5,63727,0
SJT.US,60,20210514,180000,5,5.15,5,5.11,56209,0
SJT.US,60,20210514,190000,5.1,5.2,5.09,5.1801,46511,0
SJT.US,60,20210514,200000,5.1701,5.2353,5.17,5.2353,40538,0
SJT.US,60,20210514,210000,5.23,5.3161,5.23,5.2512,19424,0
SJT.US,60,20210514,220000,5.25,5.28,5.21,5.27,36055,0
SJT.US,60,20210517,160000,5.34,5.5,5.3395,5.495,157026,0
SJT.US,60,20210517,170000,5.497,5.79,5.47,5.6295,160352,0
SJT.US,60,20210517,180000,5.62,5.79,5.62,5.7204,42134,0
SJT.US,60,20210517,190000,5.7022,5.85,5.6533,5.8087,40484,0
SJT.US,60,20210517,200000,5.85,6,5.82,5.97,126466,0
SJT.US,60,20210517,210000,5.99,6.14,5.98,6.09,82031,0
SJT.US,60,20210517,220000,6.04,6.0599,5.87,5.9,82118,0
SJT.US,60,20210518,160000,5.5,5.5,5.1248,5.32,189849,0
SJT.US,60,20210518,170000,5.32,5.49,5.24,5.462,135781,0
SJT.US,60,20210518,180000,5.4899,5.51,5.3701,5.4942,30959,0
SJT.US,60,20210518,190000,5.54,5.85,5.4901,5.7511,123438,0
SJT.US,60,20210518,200000,5.76,5.83,5.7101,5.7101,21536,0
SJT.US,60,20210518,210000,5.715,5.74,5.56,5.63,68521,0
SJT.US,60,20210518,220000,5.65,5.67,5.57,5.59,47121,0
SJT.US,60,20210519,160000,5.5,5.5,5.21,5.295,121315,0
SJT.US,60,20210519,170000,5.2899,5.3,5.23,5.2747,16368,0
SJT.US,60,20210519,180000,5.28,5.28,5.2001,5.26,28805,0
SJT.US,60,20210519,190000,5.24,5.36,5.2201,5.335,24310,0
SJT.US,60,20210519,200000,5.35,5.42,5.35,5.3801,8400,0
SJT.US,60,20210519,210000,5.3996,5.4,5.36,5.38,13158,0
SJT.US,60,20210519,220000,5.37,5.45,5.35,5.45,13049,0
SJT.US,60,20210520,160000,5.58,5.68,5.42,5.42,27677,0
SJT.US,60,20210520,170000,5.418,5.46,5.3601,5.4244,33592,0
SJT.US,60,20210520,180000,5.37,5.43,5.37,5.42,6704,0
SJT.US,60,20210520,190000,5.42,5.42,5.3301,5.3581,8206,0
SJT.US,60,20210520,200000,5.3797,5.3797,5.3501,5.355,5938,0
SJT.US,60,20210520,210000,5.36,5.36,5.28,5.3588,20345,0
SJT.US,60,20210520,220000,5.36,5.36,5.25,5.27,35429,0
SJT.US,60,20210521,160000,5.39,5.41,5.3,5.41,16985,0
SJT.US,60,20210521,170000,5.4024,5.6512,5.37,5.63,85505,0
SJT.US,60,20210521,180000,5.63,5.64,5.55,5.59,30267,0
SJT.US,60,20210521,190000,5.58,5.64,5.515,5.54,24211,0
SJT.US,60,20210521,200000,5.553,5.6,5.54,5.6,38844,0
SJT.US,60,20210521,210000,5.6,5.62,5.545,5.545,16184,0
SJT.US,60,20210521,220000,5.56,5.62,5.55,5.61,62264,0
SJT.US,60,20210524,160000,5.65,5.65,5.57,5.631,22484,0
SJT.US,60,20210524,170000,5.61,5.64,5.575,5.575,13477,0
SJT.US,60,20210524,180000,5.57,5.595,5.55,5.57,12089,0
SJT.US,60,20210524,190000,5.5744,5.59,5.565,5.5768,8050,0
SJT.US,60,20210524,200000,5.5703,5.6165,5.57,5.575,11819,0
SJT.US,60,20210524,210000,5.5997,5.65,5.5785,5.65,12974,0
SJT.US,60,20210524,220000,5.65,5.7,5.61,5.66,16838,0
SJT.US,60,20210525,160000,5.7,5.72,5.621,5.65,6796,0
SJT.US,60,20210525,170000,5.62,5.65,5.59,5.6,9816,0
SJT.US,60,20210525,180000,5.58,5.59,5.5,5.57,36099,0
SJT.US,60,20210525,190000,5.5543,5.57,5.52,5.54,6308,0
SJT.US,60,20210525,200000,5.54,5.5547,5.51,5.5101,13318,0
SJT.US,60,20210525,210000,5.52,5.52,5.45,5.5,21848,0
SJT.US,60,20210525,220000,5.5,5.5,5.34,5.41,46333,0
SJT.US,60,20210526,160000,5.38,5.39,5.28,5.35,22263,0
SJT.US,60,20210526,170000,5.37,5.45,5.3001,5.4,27185,0
SJT.US,60,20210526,180000,5.38,5.42,5.33,5.42,16710,0
SJT.US,60,20210526,190000,5.3854,5.42,5.3789,5.3934,4600,0
SJT.US,60,20210526,200000,5.36,5.4,5.35,5.3601,7521,0
SJT.US,60,20210526,210000,5.3806,5.3888,5.37,5.3888,5647,0
SJT.US,60,20210526,220000,5.3938,5.4755,5.38,5.38,17197,0
SJT.US,60,20210527,160000,5.39,5.4283,5.34,5.385,21102,0
SJT.US,60,20210527,170000,5.47,5.6,5.47,5.5532,46544,0
SJT.US,60,20210527,180000,5.55,5.56,5.52,5.54,13973,0
SJT.US,60,20210527,190000,5.54,5.58,5.535,5.535,37011,0
SJT.US,60,20210527,200000,5.5211,5.59,5.51,5.565,25349,0
SJT.US,60,20210527,210000,5.54,5.56,5.524,5.552,17955,0
SJT.US,60,20210527,220000,5.545,5.57,5.52,5.57,32139,0
SJT.US,60,20210528,160000,5.6,5.6,5.5301,5.5608,8017,0
SJT.US,60,20210528,170000,5.545,5.59,5.53,5.54,6664,0
SJT.US,60,20210528,180000,5.54,5.59,5.53,5.57,17650,0
SJT.US,60,20210528,190000,5.56,5.57,5.545,5.545,6317,0
SJT.US,60,20210528,200000,5.5499,5.5499,5.5149,5.5279,6805,0
SJT.US,60,20210528,210000,5.52,5.56,5.5001,5.55,10601,0
SJT.US,60,20210528,220000,5.5436,5.64,5.5436,5.64,38275,0
SJT.US,60,20210601,160000,5.67,5.76,5.65,5.6504,33200,0
SJT.US,60,20210601,170000,5.69,5.72,5.58,5.59,43465,0
SJT.US,60,20210601,180000,5.57,5.59,5.5,5.5,47878,0
SJT.US,60,20210601,190000,5.505,5.51,5.41,5.43,26815,0
SJT.US,60,20210601,200000,5.435,5.55,5.4201,5.55,26343,0
SJT.US,60,20210601,210000,5.56,5.59,5.53,5.56,15860,0
SJT.US,60,20210601,220000,5.5618,5.59,5.54,5.56,30438,0
SJT.US,60,20210602,160000,5.61,5.62,5.44,5.48,28081,0
SJT.US,60,20210602,170000,5.51,5.535,5.49,5.52,15560,0
SJT.US,60,20210602,180000,5.52,5.61,5.52,5.57,20414,0
SJT.US,60,20210602,190000,5.58,5.6,5.5,5.55,15257,0
SJT.US,60,20210602,200000,5.55,5.59,5.5,5.51,8063,0
SJT.US,60,20210602,210000,5.525,5.5497,5.49,5.541,21466,0
SJT.US,60,20210602,220000,5.55,5.55,5.47,5.49,27813,0
SJT.US,60,20210603,160000,5.39,5.4598,5.39,5.45,19721,0
SJT.US,60,20210603,170000,5.4401,5.49,5.4399,5.45,13675,0
SJT.US,60,20210603,180000,5.4393,5.47,5.42,5.43,26025,0
SJT.US,60,20210603,190000,5.4309,5.4319,5.4073,5.43,19602,0
SJT.US,60,20210603,200000,5.4101,5.43,5.4,5.405,9386,0
SJT.US,60,20210603,210000,5.405,5.405,5.37,5.38,21669,0
SJT.US,60,20210603,220000,5.38,5.3999,5.33,5.36,22230,0
SJT.US,60,20210604,160000,5.29,5.35,5.201,5.31,37244,0
SJT.US,60,20210604,170000,5.3,5.3399,5.25,5.304,14205,0
SJT.US,60,20210604,180000,5.3,5.3096,5.26,5.285,18485,0
SJT.US,60,20210604,190000,5.2878,5.29,5.25,5.258,37436,0
SJT.US,60,20210604,200000,5.25,5.29,5.22,5.24,46052,0
SJT.US,60,20210604,210000,5.24,5.27,5.23,5.2489,26683,0
SJT.US,60,20210604,220000,5.2411,5.2897,5.2299,5.23,26675,0
SJT.US,60,20210607,160000,5.24,5.32,5.24,5.2817,17943,0
SJT.US,60,20210607,170000,5.28,5.2877,5.225,5.24,14805,0
SJT.US,60,20210607,180000,5.23,5.2499,5.22,5.24,11223,0
SJT.US,60,20210607,190000,5.25,5.2783,5.23,5.25,23553,0
SJT.US,60,20210607,200000,5.2516,5.27,5.25,5.2577,8326,0
SJT.US,60,20210607,210000,5.2413,5.25,5.206,5.214,15209,0
SJT.US,60,20210607,220000,5.2027,5.236,5.16,5.23,31580,0
SJT.US,60,20210608,160000,5.29,5.29,5.17,5.17,13641,0
SJT.US,60,20210608,170000,5.2299,5.28,5.18,5.2136,36921,0
SJT.US,60,20210608,180000,5.2012,5.2848,5.17,5.2812,46931,0
SJT.US,60,20210608,190000,5.29,5.335,5.28,5.32,14826,0
SJT.US,60,20210608,200000,5.32,5.33,5.27,5.32,6860,0
SJT.US,60,20210608,210000,5.29,5.3415,5.29,5.33,14283,0
SJT.US,60,20210608,220000,5.31,5.33,5.27,5.3,17531,0
SJT.US,60,20210609,160000,5.33,5.35,5.3046,5.35,15854,0
SJT.US,60,20210609,170000,5.3554,5.38,5.35,5.38,6600,0
SJT.US,60,20210609,180000,5.3488,5.49,5.3488,5.4598,24849,0
SJT.US,60,20210609,190000,5.47,5.5,5.465,5.4954,13259,0
SJT.US,60,20210609,200000,5.5,5.5,5.4436,5.49,10701,0
SJT.US,60,20210609,210000,5.49,5.4999,5.42,5.4795,13743,0
SJT.US,60,20210609,220000,5.4771,5.4771,5.41,5.45,10680,0
SJT.US,60,20210610,160000,5.51,5.51,5.4677,5.47,10838,0
SJT.US,60,20210610,170000,5.4527,5.54,5.4527,5.54,13725,0
SJT.US,60,20210610,180000,5.5239,5.54,5.49,5.5041,10478,0
SJT.US,60,20210610,190000,5.51,5.51,5.46,5.51,12721,0
SJT.US,60,20210610,200000,5.51,5.52,5.51,5.51,4810,0
SJT.US,60,20210610,210000,5.51,5.52,5.5022,5.51,5041,0
SJT.US,60,20210610,220000,5.5,5.51,5.4521,5.48,9638,0
SJT.US,60,20210611,160000,5.53,5.57,5.5,5.545,23816,0
SJT.US,60,20210611,170000,5.5359,5.6299,5.5359,5.6173,63615,0
SJT.US,60,20210611,180000,5.6,5.63,5.53,5.61,31091,0
SJT.US,60,20210611,190000,5.61,5.65,5.5901,5.6422,20586,0
SJT.US,60,20210611,200000,5.65,5.65,5.61,5.6373,11300,0
SJT.US,60,20210611,210000,5.6349,5.64,5.5948,5.5948,9105,0
SJT.US,60,20210611,220000,5.6,5.71,5.57,5.71,82436,0
SJT.US,60,20210614,160000,5.8,5.8,5.71,5.7599,38104,0
SJT.US,60,20210614,170000,5.7582,5.807,5.7399,5.8,31807,0
SJT.US,60,20210614,180000,5.8,5.8017,5.74,5.79,17539,0
SJT.US,60,20210614,190000,5.76,5.783,5.744,5.75,7099,0
SJT.US,60,20210614,200000,5.73,5.76,5.725,5.725,5340,0
SJT.US,60,20210614,210000,5.7372,5.7535,5.73,5.745,3640,0
SJT.US,60,20210614,220000,5.7597,5.7597,5.72,5.75,14670,0
SJT.US,60,20210615,160000,5.79,5.79,5.7,5.735,10870,0
SJT.US,60,20210615,170000,5.7599,5.76,5.65,5.7,16978,0
SJT.US,60,20210615,180000,5.72,5.739,5.69,5.72,4598,0
SJT.US,60,20210615,190000,5.7388,5.75,5.7388,5.7401,2444,0
SJT.US,60,20210615,200000,5.74,5.7899,5.73,5.7899,19562,0
SJT.US,60,20210615,210000,5.7899,5.9,5.75,5.8894,52901,0
SJT.US,60,20210615,220000,5.884,5.89,5.82,5.86,89805,0
SJT.US,60,20210616,160000,5.9,5.9,5.84,5.87,27594,0
SJT.US,60,20210616,170000,5.8501,5.89,5.78,5.79,37177,0
SJT.US,60,20210616,180000,5.8,5.8699,5.78,5.8561,49655,0
SJT.US,60,20210616,190000,5.8599,5.8599,5.79,5.797,7745,0
SJT.US,60,20210616,200000,5.7817,5.79,5.7577,5.78,26671,0
SJT.US,60,20210616,210000,5.77,5.8,5.7401,5.7528,52380,0
SJT.US,60,20210616,220000,5.76,5.8,5.7567,5.77,35638,0
SJT.US,60,20210617,160000,5.71,5.75,5.65,5.72,28159,0
SJT.US,60,20210617,170000,5.7062,5.71,5.6001,5.645,11252,0
SJT.US,60,20210617,180000,5.65,5.65,5.565,5.6,31745,0
SJT.US,60,20210617,190000,5.6,5.6052,5.52,5.5644,23906,0
SJT.US,60,20210617,200000,5.55,5.65,5.55,5.65,19940,0
SJT.US,60,20210617,210000,5.63,5.63,5.6,5.615,7163,0
SJT.US,60,20210617,220000,5.6299,5.6495,5.59,5.59,10056,0
SJT.US,60,20210618,160000,5.41,5.47,4.99,5.14,229322,0
SJT.US,60,20210618,170000,5.1001,5.1012,4.626,4.64,316259,0
SJT.US,60,20210618,180000,4.65,4.75,4.43,4.75,434647,0
SJT.US,60,20210618,190000,4.735,4.75,4.65,4.71,95367,0
SJT.US,60,20210618,200000,4.74,4.87,4.7,4.8155,57679,0
SJT.US,60,20210618,210000,4.82,4.89,4.81,4.8758,45825,0
SJT.US,60,20210618,220000,4.8548,4.94,4.8201,4.84,90105,0
SJT.US,60,20210621,160000,4.83,4.9,4.83,4.8917,18489,0
SJT.US,60,20210621,170000,4.89,4.9864,4.89,4.96,17037,0
SJT.US,60,20210621,180000,4.96,4.97,4.92,4.9401,39639,0
SJT.US,60,20210621,190000,4.9401,4.95,4.9067,4.95,7348,0
SJT.US,60,20210621,200000,4.95,4.9699,4.9201,4.9301,12432,0
SJT.US,60,20210621,210000,4.9399,4.95,4.93,4.9301,11202,0
SJT.US,60,20210621,220000,4.9301,4.99,4.9301,4.94,58873,0
SJT.US,60,20210622,160000,4.98,5,4.92,4.93,32467,0
SJT.US,60,20210622,170000,4.92,4.96,4.92,4.9301,3503,0
SJT.US,60,20210622,180000,4.96,5,4.91,4.9399,20431,0
SJT.US,60,20210622,190000,4.9232,4.93,4.88,4.89,7736,0
SJT.US,60,20210622,200000,4.88,4.88,4.84,4.86,11355,0
SJT.US,60,20210622,210000,4.861,4.89,4.82,4.88,27142,0
SJT.US,60,20210622,220000,4.885,4.99,4.8701,4.93,51702,0
SJT.US,60,20210623,160000,4.98,5.0576,4.95,5.04,28963,0
SJT.US,60,20210623,170000,5.04,5.2,5.03,5.18,63664,0
SJT.US,60,20210623,180000,5.16,5.16,5.0833,5.11,37125,0
SJT.US,60,20210623,190000,5.11,5.1204,5.09,5.0901,28900,0
SJT.US,60,20210623,200000,5.09,5.16,5.06,5.15,26101,0
SJT.US,60,20210623,210000,5.15,5.165,5.14,5.1599,28720,0
SJT.US,60,20210623,220000,5.16,5.26,5.15,5.2,105244,0
SJT.US,60,20210624,160000,5.29,5.3,5.18,5.25,16280,0
SJT.US,60,20210624,170000,5.26,5.2707,5.23,5.27,14124,0
SJT.US,60,20210624,180000,5.27,5.33,5.2587,5.33,10693,0
SJT.US,60,20210624,190000,5.32,5.32,5.215,5.24,28921,0
SJT.US,60,20210624,200000,5.2447,5.3099,5.2447,5.2999,42765,0
SJT.US,60,20210624,210000,5.2978,5.3981,5.29,5.3721,36880,0
SJT.US,60,20210624,220000,5.37,5.41,5.31,5.31,72357,0
SJT.US,60,20210625,160000,5.31,5.37,5.2601,5.3068,14905,0
SJT.US,60,20210625,170000,5.2501,5.34,5.2501,5.2501,9082,0
SJT.US,60,20210625,180000,5.28,5.31,5.27,5.27,10156,0
SJT.US,60,20210625,190000,5.31,5.32,5.2201,5.2799,10845,0
SJT.US,60,20210625,200000,5.26,5.26,5.2,5.22,11005,0
SJT.US,60,20210625,210000,5.2359,5.2833,5.23,5.2679,13434,0
SJT.US,60,20210625,220000,5.24,5.26,5.18,5.18,50318,0
SJT.US,60,20210628,160000,5.15,5.1501,5.07,5.1281,22860,0
SJT.US,60,20210628,170000,5.13,5.16,5.085,5.15,24300,0
SJT.US,60,20210628,180000,5.15,5.16,5.0701,5.1275,9016,0
SJT.US,60,20210628,190000,5.13,5.15,5.1124,5.125,13999,0
SJT.US,60,20210628,200000,5.14,5.16,5.1,5.14,10313,0
SJT.US,60,20210628,210000,5.14,5.16,5.1,5.13,6074,0
SJT.US,60,20210628,220000,5.11,5.19,5.11,5.12,40317,0
SJT.US,60,20210629,160000,5.09,5.23,5.09,5.195,13097,0
SJT.US,60,20210629,170000,5.21,5.21,5.1318,5.15,78141,0
SJT.US,60,20210629,180000,5.15,5.15,5.1436,5.15,44196,0
SJT.US,60,20210629,190000,5.15,5.15,5.11,5.13,6156,0
SJT.US,60,20210629,200000,5.135,5.15,5.1101,5.14,11422,0
SJT.US,60,20210629,210000,5.13,5.15,5.12,5.14,23805,0
SJT.US,60,20210629,220000,5.14,5.14,5.1,5.12,46859,0
SJT.US,60,20210630,160000,5.25,5.3999,5.25,5.3999,31392,0
SJT.US,60,20210630,170000,5.39,5.45,5.3081,5.3081,53696,0
SJT.US,60,20210630,180000,5.31,5.34,5.2,5.26,118908,0
SJT.US,60,20210630,190000,5.27,5.27,5.07,5.11,156704,0
SJT.US,60,20210630,200000,5.1,5.1126,5.07,5.0803,28454,0
SJT.US,60,20210630,210000,5.1099,5.14,5.1099,5.13,41926,0
SJT.US,60,20210630,220000,5.11,5.21,5.105,5.16,55820,0
SJT.US,60,20210701,160000,5.15,5.2495,5.15,5.2017,12881,0
SJT.US,60,20210701,170000,5.22,5.27,5.17,5.215,45101,0
SJT.US,60,20210701,180000,5.2,5.24,5.19,5.24,28180,0
SJT.US,60,20210701,190000,5.21,5.25,5.2027,5.21,7500,0
SJT.US,60,20210701,200000,5.21,5.24,5.18,5.18,8349,0
SJT.US,60,20210701,210000,5.17,5.2101,5.1591,5.197,24035,0
SJT.US,60,20210701,220000,5.2,5.24,5.16,5.16,34776,0
SJT.US,60,20210702,160000,5.11,5.14,4.94,4.985,45127,0
SJT.US,60,20210702,170000,4.9899,5.06,4.9749,5.06,52550,0
SJT.US,60,20210702,180000,5.06,5.0699,4.97,5.02,18363,0
SJT.US,60,20210702,190000,5.02,5.07,5.02,5.07,7696,0
SJT.US,60,20210702,200000,5.05,5.0573,5.01,5.01,42886,0
SJT.US,60,20210702,210000,5.03,5.03,4.96,4.97,44439,0
SJT.US,60,20210702,220000,4.97,5.04,4.96,4.98,77622,0
SJT.US,60,20210706,160000,4.94,5.06,4.93,5.06,53706,0
SJT.US,60,20210706,170000,5.08,5.08,4.95,4.98,35469,0
SJT.US,60,20210706,180000,4.99,5.08,4.96,5.055,9730,0
SJT.US,60,20210706,190000,5.08,5.08,4.99,5.005,14282,0
SJT.US,60,20210706,200000,5.02,5.1,5,5.04,19432,0
SJT.US,60,20210706,210000,5.04,5.15,5.04,5.1299,43890,0
SJT.US,60,20210706,220000,5.13,5.2,5.09,5.15,90293,0
SJT.US,60,20210707,160000,5.14,5.17,5.04,5.04,51576,0
SJT.US,60,20210707,170000,5.07,5.07,4.92,4.9799,45546,0
SJT.US,60,20210707,180000,4.99,5.01,4.98,4.98,3689,0
SJT.US,60,20210707,190000,4.98,5.06,4.98,5.0273,23608,0
SJT.US,60,20210707,200000,5.0174,5.03,4.97,4.9805,51575,0
SJT.US,60,20210707,210000,4.98,4.991,4.95,4.95,9309,0
SJT.US,60,20210707,220000,4.96,5,4.91,4.93,104380,0
SJT.US,60,20210708,160000,4.93,4.93,4.83,4.83,36947,0
SJT.US,60,20210708,170000,4.875,4.92,4.87,4.87,24826,0
SJT.US,60,20210708,180000,4.8839,5.02,4.8839,4.99,48082,0
SJT.US,60,20210708,190000,4.98,4.99,4.95,4.9799,17164,0
SJT.US,60,20210708,200000,4.95,4.96,4.92,4.92,8000,0
SJT.US,60,20210708,210000,4.92,4.95,4.91,4.95,6223,0
SJT.US,60,20210708,220000,4.9734,5,4.93,4.95,32073,0
SJT.US,60,20210709,160000,5,5,4.942,4.9932,22399,0
SJT.US,60,20210709,170000,4.98,5.0799,4.98,5.0326,50573,0
SJT.US,60,20210709,180000,5.03,5.03,4.95,5,73025,0
SJT.US,60,20210709,190000,4.984,5,4.9702,4.9753,8572,0
SJT.US,60,20210709,200000,4.985,4.99,4.96,4.968,8912,0
SJT.US,60,20210709,210000,4.95,5,4.94,4.95,43589,0
SJT.US,60,20210709,220000,4.95,5,4.92,4.92,56900,0
