<TICKER>,<PER>,<DATE>,<TIME>,<OPEN>,<HIGH>,<LOW>,<CLOSE>,<VOL>,<OPENINT>
TWND.US,60,20201026,170000,9.63,9.7,9.63,9.63,40360,0
TWND.US,60,20201026,180000,9.63,9.63,9.62,9.62,6221,0
TWND.US,60,20201026,190000,9.61,9.62,9.57,9.62,1311,0
TWND.US,60,20201026,200000,9.62,9.62,9.58,9.58,3360,0
TWND.US,60,20201026,210000,9.5967,9.64,9.579,9.64,34169,0
TWND.US,60,20201027,160000,9.58,9.625,9.55,9.625,900,0
TWND.US,60,20201027,170000,9.6,9.6,9.6,9.6,199,0
TWND.US,60,20201027,200000,9.61,9.625,9.6,9.6,50293,0
TWND.US,60,20201027,210000,9.625,9.65,9.6,9.6,106284,0
TWND.US,60,20201028,150000,9.8,9.8,9.55,9.55,7248,0
TWND.US,60,20201028,160000,9.65,9.65,9.65,9.65,100,0
TWND.US,60,20201028,180000,9.64,9.65,9.64,9.64,10400,0
TWND.US,60,20201028,200000,9.6,9.6,9.58,9.58,2400,0
TWND.US,60,20201028,210000,9.6,9.6,9.6,9.6,1808,0
TWND.US,60,20201029,160000,9.6297,9.7,9.6,9.6,42501,0
TWND.US,60,20201029,170000,9.6,9.6194,9.6,9.6,166000,0
TWND.US,60,20201029,180000,9.62,9.63,9.6,9.63,1350,0
TWND.US,60,20201029,200000,9.61,9.62,9.61,9.62,819,0
TWND.US,60,20201029,210000,9.6,9.6,9.6,9.6,700,0
TWND.US,60,20201030,150000,9.73,9.73,9.73,9.73,220,0
TWND.US,60,20201030,170000,9.6366,9.6366,9.6,9.6,24835,0
TWND.US,60,20201030,180000,9.63,9.64,9.6,9.64,1300,0
TWND.US,60,20201102,210000,9.6,9.62,9.6,9.62,2000,0
TWND.US,60,20201102,220000,9.61,9.61,9.61,9.61,165,0
TWND.US,60,20201103,160000,9.8,9.8,9.62,9.635,4000,0
TWND.US,60,20201103,170000,9.62,9.62,9.62,9.62,5700,0
TWND.US,60,20201103,180000,9.65,9.65,9.65,9.65,300,0
TWND.US,60,20201103,190000,9.65,9.65,9.65,9.65,500,0
TWND.US,60,20201103,200000,9.65,9.65,9.65,9.65,400,0
TWND.US,60,20201103,220000,9.62,9.62,9.62,9.62,4847,0
TWND.US,60,20201104,170000,9.62,9.6402,9.62,9.6402,2252,0
TWND.US,60,20201104,180000,9.635,9.635,9.635,9.635,600,0
TWND.US,60,20201104,190000,9.635,9.635,9.635,9.635,1000,0
TWND.US,60,20201104,210000,9.65,9.65,9.65,9.65,300,0
TWND.US,60,20201104,220000,9.65,9.66,9.65,9.65,7628,0
TWND.US,60,20201105,170000,9.7,9.7,9.69,9.69,1900,0
TWND.US,60,20201105,180000,9.65,9.68,9.65,9.68,54310,0
TWND.US,60,20201105,190000,9.675,9.68,9.675,9.68,104528,0
TWND.US,60,20201105,200000,9.7,9.7,9.7,9.7,140,0
TWND.US,60,20201105,210000,9.66,9.66,9.66,9.66,1700,0
TWND.US,60,20201105,220000,9.67,9.67,9.65,9.65,4700,0
TWND.US,60,20201106,160000,9.64,9.65,9.64,9.65,7100,0
TWND.US,60,20201106,170000,9.66,9.67,9.66,9.66,14264,0
TWND.US,60,20201106,180000,9.655,9.655,9.65,9.65,1100,0
TWND.US,60,20201106,190000,9.65,9.65,9.65,9.65,1500,0
TWND.US,60,20201106,220000,9.66,9.67,9.65,9.67,12301,0
TWND.US,60,20201109,160000,9.67,9.67,9.67,9.67,2000,0
TWND.US,60,20201109,170000,9.6975,9.6975,9.6975,9.6975,400,0
TWND.US,60,20201109,180000,9.7,9.7,9.68,9.68,3446,0
TWND.US,60,20201109,190000,9.68,9.68,9.68,9.68,200,0
TWND.US,60,20201109,200000,9.68,9.68,9.68,9.68,7946,0
TWND.US,60,20201109,210000,9.68,9.68,9.64,9.65,15800,0
TWND.US,60,20201110,190000,9.65,9.65,9.65,9.65,4000,0
TWND.US,60,20201110,200000,9.65,9.65,9.65,9.65,4000,0
TWND.US,60,20201110,210000,9.65,9.65,9.65,9.65,393055,0
TWND.US,60,20201110,220000,9.65,9.68,9.65,9.65,155800,0
TWND.US,60,20201111,160000,9.683,9.683,9.683,9.683,1000,0
TWND.US,60,20201111,180000,9.65,9.65,9.65,9.65,2400,0
TWND.US,60,20201111,190000,9.65,9.67,9.65,9.67,2030,0
TWND.US,60,20201111,200000,9.66,9.66,9.65,9.65,4866,0
TWND.US,60,20201111,210000,9.65,9.6683,9.65,9.6683,1200,0
TWND.US,60,20201111,220000,9.6767,9.6767,9.6767,9.6767,150,0
TWND.US,60,20201112,170000,9.7,9.7,9.7,9.7,200,0
TWND.US,60,20201112,180000,9.6846,9.7,9.6846,9.7,2800,0
TWND.US,60,20201112,190000,9.7,9.7,9.7,9.7,600,0
TWND.US,60,20201112,200000,9.69,9.7,9.6855,9.7,1200,0
TWND.US,60,20201112,210000,9.7,9.7,9.7,9.7,304,0
TWND.US,60,20201112,220000,9.69,9.69,9.69,9.69,100,0
TWND.US,60,20201113,180000,9.68,9.7,9.68,9.69,21504,0
TWND.US,60,20201113,190000,9.68,9.85,9.65,9.75,14291,0
TWND.US,60,20201113,200000,9.7,9.7,9.7,9.7,100300,0
TWND.US,60,20201113,210000,9.75,9.75,9.75,9.75,1604,0
TWND.US,60,20201113,220000,9.73,9.73,9.73,9.73,300,0
TWND.US,60,20201116,160000,9.85,9.85,9.72,9.76,1848,0
TWND.US,60,20201116,170000,9.77,9.85,9.76,9.83,17233,0
TWND.US,60,20201116,180000,9.82,9.92,9.72,9.81,88208,0
TWND.US,60,20201116,190000,9.82,9.93,9.82,9.93,23100,0
TWND.US,60,20201116,200000,9.81,9.81,9.8,9.8,1300,0
TWND.US,60,20201116,210000,9.85,9.85,9.85,9.85,1200,0
TWND.US,60,20201116,220000,9.8,9.84,9.8,9.82,8253,0
TWND.US,60,20201117,160000,9.77,9.77,9.77,9.77,400,0
TWND.US,60,20201117,170000,9.8,9.83,9.78,9.82,110900,0
TWND.US,60,20201117,180000,9.83,9.88,9.79,9.85,162670,0
TWND.US,60,20201117,190000,9.83,9.83,9.83,9.83,6300,0
TWND.US,60,20201117,200000,9.8,9.835,9.8,9.8,1900,0
TWND.US,60,20201117,210000,9.8,9.8,9.8,9.8,432,0
TWND.US,60,20201117,220000,9.8099,9.8099,9.78,9.78,2301,0
TWND.US,60,20201118,180000,9.78,9.78,9.78,9.78,200,0
TWND.US,60,20201118,190000,9.78,9.78,9.76,9.76,1300,0
TWND.US,60,20201118,200000,9.76,9.76,9.76,9.76,1801,0
TWND.US,60,20201118,220000,9.75,9.75,9.67,9.67,6395,0
TWND.US,60,20201119,170000,9.69,9.69,9.69,9.69,7500,0
TWND.US,60,20201119,180000,9.69,9.69,9.69,9.69,3000,0
TWND.US,60,20201119,190000,9.69,9.69,9.69,9.69,30400,0
TWND.US,60,20201119,200000,9.69,9.69,9.68,9.68,1000,0
TWND.US,60,20201119,220000,9.7464,9.7464,9.6801,9.6801,7000,0
TWND.US,60,20201120,160000,9.67,9.67,9.67,9.67,2500,0
TWND.US,60,20201120,170000,9.67,9.68,9.67,9.67,484,0
TWND.US,60,20201120,180000,9.7,9.7,9.7,9.7,100,0
TWND.US,60,20201120,200000,9.73,9.73,9.71,9.71,2084,0
TWND.US,60,20201120,210000,9.7122,9.7122,9.71,9.71,1109,0
TWND.US,60,20201120,220000,9.71,9.71,9.71,9.71,2495,0
TWND.US,60,20201123,170000,9.76,9.77,9.7,9.77,20669,0
TWND.US,60,20201123,190000,9.77,9.77,9.77,9.77,500,0
TWND.US,60,20201123,200000,9.75,9.77,9.75,9.77,595,0
TWND.US,60,20201123,210000,9.77,9.77,9.75,9.75,2200,0
TWND.US,60,20201123,220000,9.75,9.76,9.75,9.76,3180,0
TWND.US,60,20201124,170000,9.78,9.78,9.78,9.78,200,0
TWND.US,60,20201124,180000,9.76,9.78,9.7,9.75,12998,0
TWND.US,60,20201124,190000,9.75,9.7547,9.72,9.75,3377,0
TWND.US,60,20201124,200000,9.7549,9.7801,9.75,9.78,16406,0
TWND.US,60,20201124,210000,9.78,9.78,9.78,9.78,24700,0
TWND.US,60,20201124,220000,9.78,9.85,9.78,9.8,31498,0
TWND.US,60,20201125,160000,9.85,9.85,9.8,9.8,848,0
TWND.US,60,20201125,170000,9.8277,9.8277,9.75,9.75,32706,0
TWND.US,60,20201125,180000,9.7556,9.7563,9.7556,9.7563,659,0
TWND.US,60,20201125,190000,9.756,9.756,9.754,9.754,200,0
TWND.US,60,20201125,200000,9.75,9.76,9.75,9.75,2600,0
TWND.US,60,20201125,210000,9.7753,9.8,9.75,9.75,5213,0
TWND.US,60,20201125,220000,9.785,9.85,9.785,9.85,1105,0
TWND.US,60,20201127,160000,9.85,9.85,9.85,9.85,100,0
TWND.US,60,20201127,170000,9.85,9.9,9.75,9.85,57462,0
TWND.US,60,20201127,180000,9.8587,9.86,9.85,9.85,260257,0
TWND.US,60,20201127,190000,9.87,9.8981,9.75,9.89,16000,0
TWND.US,60,20201127,200000,9.9,9.9,9.9,9.9,700,0
TWND.US,60,20201130,160000,9.9,9.9,9.85,9.85,501,0
TWND.US,60,20201130,170000,9.8,9.88,9.77,9.78,8800,0
TWND.US,60,20201130,180000,9.7799,9.84,9.7799,9.84,1600,0
TWND.US,60,20201130,190000,9.8101,9.87,9.8,9.85,3840,0
TWND.US,60,20201130,200000,9.84,9.84,9.84,9.84,100,0
TWND.US,60,20201130,210000,9.83,9.84,9.8,9.8,912,0
TWND.US,60,20201130,220000,9.84,9.92,9.8303,9.92,7301,0
TWND.US,60,20201201,160000,9.92,9.92,9.76,9.76,8164,0
TWND.US,60,20201201,170000,9.77,9.87,9.76,9.83,24920,0
TWND.US,60,20201201,180000,9.8524,9.8524,9.85,9.85,600,0
TWND.US,60,20201201,200000,9.84,9.84,9.84,9.84,3865,0
TWND.US,60,20201201,210000,9.84,9.845,9.84,9.84,7599,0
TWND.US,60,20201201,220000,9.84,9.85,9.84,9.84,49049,0
TWND.US,60,20201202,170000,9.7848,9.88,9.7848,9.85,20642,0
TWND.US,60,20201202,180000,9.85,9.85,9.83,9.83,10047,0
TWND.US,60,20201202,200000,9.83,9.84,9.83,9.83,1200,0
TWND.US,60,20201202,210000,9.88,9.88,9.88,9.88,100,0
TWND.US,60,20201202,220000,9.8566,9.874,9.83,9.87,4603,0
TWND.US,60,20201203,160000,9.9,9.9,9.83,9.83,1800,0
TWND.US,60,20201203,170000,9.88,9.88,9.865,9.865,410,0
TWND.US,60,20201203,180000,9.88,9.88,9.88,9.88,400,0
TWND.US,60,20201203,190000,9.88,9.88,9.85,9.87,3970,0
TWND.US,60,20201203,210000,9.85,9.86,9.85,9.86,20100,0
TWND.US,60,20201203,220000,9.89,9.89,9.89,9.89,300,0
TWND.US,60,20201204,160000,9.89,9.91,9.89,9.905,5150,0
TWND.US,60,20201204,170000,9.91,9.91,9.905,9.905,600,0
TWND.US,60,20201204,180000,9.91,9.91,9.89,9.9,1244,0
TWND.US,60,20201204,190000,9.9,9.9,9.81,9.85,2650,0
TWND.US,60,20201204,200000,9.82,9.89,9.82,9.844,11500,0
TWND.US,60,20201204,210000,9.8453,9.875,9.8253,9.875,16989,0
TWND.US,60,20201204,220000,9.89,9.91,9.87,9.91,18522,0
TWND.US,60,20201207,160000,10,10,9.89,9.92,18158,0
TWND.US,60,20201207,170000,9.89,9.96,9.86,9.93,192099,0
TWND.US,60,20201207,180000,9.9891,9.99,9.95,9.99,7330,0
TWND.US,60,20201207,190000,9.99,9.99,9.95,9.95,19337,0
TWND.US,60,20201207,200000,9.94,9.95,9.92,9.94,1600,0
TWND.US,60,20201207,210000,9.9495,9.9799,9.94,9.96,8864,0
TWND.US,60,20201207,220000,9.96,9.98,9.96,9.96,1697,0
TWND.US,60,20201208,160000,10.03,10.03,9.95,9.95,36127,0
TWND.US,60,20201208,170000,9.95,10,9.9,9.95,296605,0
TWND.US,60,20201208,180000,9.95,9.9849,9.95,9.9849,28420,0
TWND.US,60,20201208,190000,9.95,9.975,9.9,9.9,23381,0
TWND.US,60,20201208,210000,9.9436,9.97,9.9436,9.95,2400,0
TWND.US,60,20201208,220000,9.95,9.96,9.85,9.9,62400,0
TWND.US,60,20201209,160000,10,10,9.85,9.86,5341,0
TWND.US,60,20201209,170000,9.86,9.8772,9.85,9.8772,2115,0
TWND.US,60,20201209,180000,9.8836,9.915,9.88,9.89,279150,0
TWND.US,60,20201209,190000,9.89,9.9,9.89,9.89,2850,0
TWND.US,60,20201209,200000,9.89,9.95,9.89,9.89,29014,0
TWND.US,60,20201209,210000,9.89,9.91,9.89,9.8901,65819,0
TWND.US,60,20201209,220000,9.89,9.99,9.89,9.9,9889,0
TWND.US,60,20201210,160000,9.86,9.95,9.86,9.95,45270,0
TWND.US,60,20201210,170000,9.9538,10,9.9538,10,4816,0
TWND.US,60,20201210,180000,10,10.01,9.95,10,128311,0
TWND.US,60,20201210,190000,9.96,10.04,9.96,10,72965,0
TWND.US,60,20201210,200000,10,10.01,10,10,63967,0
TWND.US,60,20201210,210000,10,10,9.96,10,153299,0
TWND.US,60,20201210,220000,9.9995,10,9.98,9.98,34094,0
TWND.US,60,20201211,160000,10.1,10.1,10.01,10.02,14037,0
TWND.US,60,20201211,170000,10.04,10.04,9.96,9.99,37070,0
TWND.US,60,20201211,180000,9.99,10.05,9.975,10.05,6711,0
TWND.US,60,20201211,190000,10.06,10.06,10.01,10.01,325548,0
TWND.US,60,20201211,200000,10.0449,10.05,10,10.03,127546,0
TWND.US,60,20201211,210000,10.05,10.06,9.9964,10.0355,37630,0
TWND.US,60,20201211,220000,10.04,10.07,10,10,14457,0
TWND.US,60,20201214,160000,10.1,10.12,10.05,10.12,14813,0
TWND.US,60,20201214,170000,10.1,10.13,10.03,10.03,3991,0
TWND.US,60,20201214,180000,10.03,10.09,10.02,10.03,45433,0
TWND.US,60,20201214,190000,10.03,10.055,10,10.04,34700,0
TWND.US,60,20201214,200000,10.0799,10.0799,10,10.03,6061,0
TWND.US,60,20201214,210000,10.06,10.09,10.01,10.065,15039,0
TWND.US,60,20201214,220000,10.02,10.1,9.99,10.04,11139,0
TWND.US,60,20201215,160000,10.16,10.16,10.01,10.01,2146,0
TWND.US,60,20201215,170000,10,10.035,9.97,10.02,46364,0
TWND.US,60,20201215,180000,10,10.02,9.99,10,9798,0
TWND.US,60,20201215,190000,10,10,9.97,10,15598,0
TWND.US,60,20201215,200000,10,10.07,9.98,10.07,9727,0
TWND.US,60,20201215,210000,10.06,10.06,10.01,10.01,6982,0
TWND.US,60,20201215,220000,10.05,10.06,10,10.04,22619,0
TWND.US,60,20201216,160000,10.15,10.15,10.1,10.11,7533,0
TWND.US,60,20201216,170000,10.11,10.16,10.11,10.15,7070,0
TWND.US,60,20201216,180000,10.12,10.15,10.11,10.14,4072,0
TWND.US,60,20201216,190000,10.14,10.14,10.1,10.1,27200,0
TWND.US,60,20201216,200000,10.12,10.14,10.12,10.14,800,0
TWND.US,60,20201216,210000,10.14,10.14,10.1266,10.14,15665,0
TWND.US,60,20201216,220000,10.1455,10.1599,10.14,10.15,16146,0
TWND.US,60,20201217,160000,10.2,10.2,10.05,10.1216,9899,0
TWND.US,60,20201217,170000,10.1491,10.15,10.09,10.125,6500,0
TWND.US,60,20201217,180000,10.11,10.12,10.06,10.06,21320,0
TWND.US,60,20201217,190000,10.085,10.1,10.01,10.1,22271,0
TWND.US,60,20201217,200000,10.09,10.13,10.08,10.1,5820,0
TWND.US,60,20201217,210000,10.13,10.13,10.12,10.12,599,0
TWND.US,60,20201217,220000,10.12,10.1267,10.1,10.1,2780,0
TWND.US,60,20201218,160000,10.13,10.1798,10.09,10.1798,11308,0
TWND.US,60,20201218,170000,10.1449,10.1498,10.14,10.1498,1100,0
TWND.US,60,20201218,180000,10.13,10.1401,10.13,10.14,7582,0
TWND.US,60,20201218,190000,10.137,10.137,10.137,10.137,200,0
TWND.US,60,20201218,200000,10.15,10.15,10.15,10.15,100,0
TWND.US,60,20201218,210000,10.1499,10.2,10.1497,10.19,20780,0
TWND.US,60,20201218,220000,10.19,10.19,10.16,10.17,22928,0
TWND.US,60,20201221,160000,10.15,10.29,10.15,10.29,25016,0
TWND.US,60,20201221,170000,10.21,10.22,10.2,10.22,10163,0
TWND.US,60,20201221,180000,10.2327,10.2327,10.21,10.21,697,0
TWND.US,60,20201221,190000,10.2297,10.2297,10.225,10.225,309,0
TWND.US,60,20201221,200000,10.2165,10.3,10.2165,10.2959,25944,0
TWND.US,60,20201221,210000,10.2944,10.3,10.26,10.26,21203,0
TWND.US,60,20201221,220000,10.26,10.286,10.2297,10.286,59954,0
TWND.US,60,20201222,160000,10.87,10.8765,10.26,10.29,11622,0
TWND.US,60,20201222,170000,10.29,10.55,10.28,10.38,55573,0
TWND.US,60,20201222,180000,10.365,10.38,10.3337,10.35,169280,0
TWND.US,60,20201222,190000,10.36,10.38,10.34,10.36,42901,0
TWND.US,60,20201222,200000,10.43,10.473,10.43,10.43,3800,0
TWND.US,60,20201222,210000,10.4,10.42,10.39,10.42,14900,0
TWND.US,60,20201222,220000,10.41,10.54,10.4,10.5,52526,0
TWND.US,60,20201223,160000,10.46,10.5,10.43,10.45,3914,0
TWND.US,60,20201223,170000,10.46,10.48,10.46,10.4699,8791,0
TWND.US,60,20201223,180000,10.4699,10.47,10.45,10.45,16200,0
TWND.US,60,20201223,190000,10.45,10.4699,10.375,10.4,35476,0
TWND.US,60,20201223,200000,10.41,10.44,10.3899,10.3899,17790,0
TWND.US,60,20201223,210000,10.39,10.39,10.385,10.39,18519,0
TWND.US,60,20201223,220000,10.39,10.42,10.39,10.4,58836,0
TWND.US,60,20201224,160000,10.36,10.4,10.36,10.3999,16172,0
TWND.US,60,20201224,170000,10.3802,10.3802,10.34,10.35,73046,0
TWND.US,60,20201224,180000,10.35,10.35,10.23,10.23,29004,0
TWND.US,60,20201224,190000,10.25,10.25,10.2423,10.25,37630,0
TWND.US,60,20201224,200000,10.25,10.25,10.25,10.25,136,0
TWND.US,60,20201228,160000,10.32,10.39,10.3,10.39,58852,0
TWND.US,60,20201228,170000,10.3501,10.4099,10.3,10.38,25815,0
TWND.US,60,20201228,180000,10.38,10.4,10.3099,10.35,18214,0
TWND.US,60,20201228,190000,10.33,10.34,10.31,10.33,16119,0
TWND.US,60,20201228,200000,10.34,10.4697,10.33,10.46,30481,0
TWND.US,60,20201228,210000,10.45,10.45,10.31,10.35,27209,0
TWND.US,60,20201228,220000,10.3905,10.4,10.31,10.36,60838,0
TWND.US,60,20201229,160000,10.41,10.41,10.25,10.2545,6862,0
TWND.US,60,20201229,170000,10.23,10.3,10.09,10.29,35752,0
TWND.US,60,20201229,180000,10.245,10.2854,10.245,10.25,8207,0
TWND.US,60,20201229,190000,10.25,10.28,10.23,10.2675,18930,0
TWND.US,60,20201229,200000,10.25,10.29,10.25,10.28,14613,0
TWND.US,60,20201229,210000,10.28,10.2999,10.24,10.25,59952,0
TWND.US,60,20201229,220000,10.24,10.25,10.21,10.229,9121,0
TWND.US,60,20201230,160000,10.19,10.2663,10.19,10.2444,2714,0
TWND.US,60,20201230,170000,10.26,10.28,10.25,10.26,6424,0
TWND.US,60,20201230,180000,10.26,10.26,10.2486,10.25,6304,0
TWND.US,60,20201230,190000,10.255,10.26,10.25,10.25,20658,0
TWND.US,60,20201230,200000,10.25,10.26,10.25,10.25,58646,0
TWND.US,60,20201230,210000,10.26,10.27,10.25,10.25,23621,0
TWND.US,60,20201230,220000,10.25,10.2535,10.24,10.25,23493,0
TWND.US,60,20201231,160000,10.33,10.33,10.21,10.22,5268,0
TWND.US,60,20201231,170000,10.23,10.2629,10.23,10.23,17033,0
TWND.US,60,20201231,180000,10.23,10.24,10.23,10.23,51050,0
TWND.US,60,20201231,190000,10.23,10.235,10.2,10.23,7000,0
TWND.US,60,20201231,200000,10.23,10.285,10.23,10.285,8854,0
TWND.US,60,20201231,210000,10.28,10.285,10.28,10.28,8500,0
TWND.US,60,20201231,220000,10.28,10.39,10.28,10.39,43685,0
TWND.US,60,20210104,160000,10.44,10.44,10.21,10.25,3939,0
TWND.US,60,20210104,170000,10.22,10.28,10.21,10.24,10742,0
TWND.US,60,20210104,180000,10.24,10.36,10.24,10.33,16527,0
TWND.US,60,20210104,190000,10.2431,10.36,10.24,10.34,51765,0
TWND.US,60,20210104,200000,10.34,10.37,10.2708,10.2708,5372,0
TWND.US,60,20210104,210000,10.25,10.26,10.205,10.21,47082,0
TWND.US,60,20210104,220000,10.21,10.28,10.2,10.25,39962,0
TWND.US,60,20210105,160000,10.3,10.3,10.18,10.18,6103,0
TWND.US,60,20210105,170000,10.2152,10.24,10.2152,10.24,547,0
TWND.US,60,20210105,180000,10.23,10.24,10.23,10.24,8088,0
TWND.US,60,20210105,190000,10.2,10.2,10.18,10.18,2000,0
TWND.US,60,20210105,200000,10.21,10.24,10.2,10.2,5231,0
TWND.US,60,20210105,210000,10.2,10.23,10.19,10.19,9980,0
TWND.US,60,20210105,220000,10.215,10.2323,10.19,10.2,2495,0
TWND.US,60,20210106,160000,10.2,10.2844,10.2,10.2844,655,0
TWND.US,60,20210106,170000,10.22,10.22,10.22,10.22,250,0
TWND.US,60,20210106,180000,10.22,10.33,10.22,10.33,11886,0
TWND.US,60,20210106,190000,10.3251,10.3251,10.28,10.29,2600,0
TWND.US,60,20210106,200000,10.2994,10.2994,10.2994,10.2994,400,0
TWND.US,60,20210106,210000,10.2502,10.33,10.2502,10.305,1526,0
TWND.US,60,20210106,220000,10.27,10.31,10.27,10.29,1700,0
TWND.US,60,20210107,160000,10.25,10.25,10.23,10.2499,9692,0
TWND.US,60,20210107,170000,10.2901,10.2901,10.25,10.25,5387,0
TWND.US,60,20210107,180000,10.245,10.25,10.24,10.24,18913,0
TWND.US,60,20210107,190000,10.24,10.25,10.23,10.25,9687,0
TWND.US,60,20210107,200000,10.24,10.25,10.2101,10.25,11500,0
TWND.US,60,20210107,210000,10.2466,10.25,10.2466,10.25,1100,0
TWND.US,60,20210107,220000,10.24,10.275,10.22,10.23,10052,0
TWND.US,60,20210108,160000,10.21,10.235,10.21,10.22,1049,0
TWND.US,60,20210108,170000,10.25,10.33,10.2305,10.27,18243,0
TWND.US,60,20210108,180000,10.26,10.27,10.26,10.2602,3577,0
TWND.US,60,20210108,190000,10.27,10.3,10.27,10.2999,16255,0
TWND.US,60,20210108,200000,10.2906,10.3,10.27,10.3,1692,0
TWND.US,60,20210108,210000,10.2999,10.3,10.27,10.3,7059,0
TWND.US,60,20210108,220000,10.2999,10.3,10.22,10.23,16638,0
TWND.US,60,20210111,160000,10.28,10.33,10.28,10.33,26021,0
TWND.US,60,20210111,170000,10.39,10.39,10.34,10.37,19182,0
TWND.US,60,20210111,180000,10.37,10.37,10.34,10.35,26805,0
TWND.US,60,20210111,190000,10.36,10.36,10.34,10.3501,6338,0
TWND.US,60,20210111,200000,10.3599,10.37,10.35,10.37,14261,0
TWND.US,60,20210111,210000,10.36,10.36,10.36,10.36,100,0
TWND.US,60,20210111,220000,10.36,10.38,10.35,10.38,8244,0
TWND.US,60,20210112,160000,10.44,10.44,10.405,10.43,5001,0
TWND.US,60,20210112,170000,10.42,10.46,10.4013,10.46,27499,0
TWND.US,60,20210112,180000,10.46,10.55,10.4598,10.5299,44412,0
TWND.US,60,20210112,190000,10.53,10.53,10.4901,10.4901,6231,0
TWND.US,60,20210112,200000,10.53,10.53,10.47,10.485,6682,0
TWND.US,60,20210112,210000,10.485,10.4876,10.47,10.48,6006,0
TWND.US,60,20210112,220000,10.485,10.5,10.46,10.47,33086,0
TWND.US,60,20210113,160000,10.48,10.505,10.41,10.41,95540,0
TWND.US,60,20210113,170000,10.48,10.52,10.4709,10.49,26230,0
TWND.US,60,20210113,180000,10.48,10.52,10.465,10.51,17840,0
TWND.US,60,20210113,190000,10.51,10.555,10.5001,10.5101,42394,0
TWND.US,60,20210113,200000,10.5,10.5,10.4501,10.4501,4874,0
TWND.US,60,20210113,210000,10.4681,10.4899,10.45,10.47,4594,0
TWND.US,60,20210113,220000,10.45,10.465,10.41,10.42,16469,0
TWND.US,60,20210114,160000,10.55,10.6,10.54,10.54,38304,0
TWND.US,60,20210114,170000,10.55,10.6,10.5,10.56,100682,0
TWND.US,60,20210114,180000,10.56,10.6,10.5,10.5,78784,0
TWND.US,60,20210114,190000,10.5,10.55,10.47,10.48,75563,0
TWND.US,60,20210114,200000,10.48,10.5,10.47,10.48,36426,0
TWND.US,60,20210114,210000,10.48,10.48,10.45,10.45,29134,0
TWND.US,60,20210114,220000,10.45,10.47,10.4305,10.46,33912,0
TWND.US,60,20210115,160000,10.75,10.75,10.46,10.5,22463,0
TWND.US,60,20210115,170000,10.51,10.57,10.48,10.51,28306,0
TWND.US,60,20210115,180000,10.49,10.535,10.45,10.45,13363,0
TWND.US,60,20210115,190000,10.45,10.499,10.4145,10.45,19816,0
TWND.US,60,20210115,200000,10.455,10.51,10.37,10.37,24091,0
TWND.US,60,20210115,210000,10.38,10.38,10.35,10.3778,46423,0
TWND.US,60,20210115,220000,10.37,10.37,10.33,10.36,31545,0
TWND.US,60,20210119,160000,10.43,10.45,10.36,10.4,66951,0
TWND.US,60,20210119,170000,10.4,10.4115,10.32,10.36,29272,0
TWND.US,60,20210119,180000,10.35,10.4,10.11,10.395,43292,0
TWND.US,60,20210119,190000,10.395,10.4,10.3001,10.4,25018,0
TWND.US,60,20210119,200000,10.4,10.41,10.3301,10.36,7908,0
TWND.US,60,20210119,210000,10.375,10.43,10.32,10.35,23458,0
TWND.US,60,20210119,220000,10.37,10.4,10.3301,10.4,27220,0
TWND.US,60,20210120,160000,10.5,10.57,10.47,10.5001,22665,0
TWND.US,60,20210120,170000,10.53,10.58,10.48,10.48,12390,0
TWND.US,60,20210120,180000,10.48,10.5,10.4,10.44,9030,0
TWND.US,60,20210120,190000,10.44,10.44,10.44,10.44,5200,0
TWND.US,60,20210120,200000,10.445,10.5,10.41,10.44,11699,0
TWND.US,60,20210120,210000,10.48,10.51,10.4,10.41,31664,0
TWND.US,60,20210120,220000,10.43,10.49,10.35,10.43,47699,0
TWND.US,60,20210121,160000,10.55,10.63,10.37,10.4453,14391,0
TWND.US,60,20210121,170000,10.49,10.49,10.37,10.38,30236,0
TWND.US,60,20210121,180000,10.3799,10.43,10.368,10.4299,4160,0
TWND.US,60,20210121,190000,10.395,10.4199,10.3886,10.405,5700,0
TWND.US,60,20210121,200000,10.4,10.45,10.3702,10.425,11861,0
TWND.US,60,20210121,210000,10.425,10.45,10.41,10.43,7275,0
TWND.US,60,20210121,220000,10.43,10.4599,10.35,10.39,46346,0
TWND.US,60,20210122,160000,10.36,10.465,10.36,10.46,32866,0
TWND.US,60,20210122,170000,10.465,10.49,10.42,10.42,33606,0
TWND.US,60,20210122,180000,10.43,10.47,10.42,10.44,41379,0
TWND.US,60,20210122,190000,10.43,10.45,10.42,10.45,19166,0
TWND.US,60,20210122,200000,10.43,10.47,10.43,10.445,22512,0
TWND.US,60,20210122,210000,10.43,10.45,10.42,10.44,6433,0
TWND.US,60,20210122,220000,10.43,10.46,10.4,10.42,16342,0
TWND.US,60,20210125,160000,10.59,10.76,10.44,10.6325,46515,0
TWND.US,60,20210125,170000,10.6,10.6199,10.48,10.492,58019,0
TWND.US,60,20210125,180000,10.4978,10.52,10.42,10.52,10379,0
TWND.US,60,20210125,190000,10.52,11.05,10.52,10.66,67816,0
TWND.US,60,20210125,200000,10.71,10.83,10.6201,10.8,16977,0
TWND.US,60,20210125,210000,10.79,10.79,10.66,10.75,104876,0
TWND.US,60,20210125,220000,10.75,10.755,10.5,10.62,556573,0
TWND.US,60,20210126,160000,10.74,10.83,10.62,10.78,14973,0
TWND.US,60,20210126,170000,10.6,10.78,10.6,10.71,113579,0
TWND.US,60,20210126,180000,10.67,10.72,10.63,10.66,12120,0
TWND.US,60,20210126,190000,10.66,10.73,10.63,10.69,41819,0
TWND.US,60,20210126,200000,10.69,10.73,10.52,10.65,78486,0
TWND.US,60,20210126,210000,10.66,10.66,10.36,10.56,122573,0
TWND.US,60,20210126,220000,10.56,10.63,10.45,10.49,85688,0
TWND.US,60,20210127,160000,10.39,10.4605,10.3,10.4605,12696,0
TWND.US,60,20210127,170000,10.435,10.47,10.4,10.4,21611,0
TWND.US,60,20210127,180000,10.38,10.41,10.35,10.35,18292,0
TWND.US,60,20210127,190000,10.35,10.38,10.24,10.345,46695,0
TWND.US,60,20210127,200000,10.32,10.3205,10.2,10.23,52794,0
TWND.US,60,20210127,210000,10.23,10.24,10.2,10.22,12056,0
TWND.US,60,20210127,220000,10.22,10.23,10.13,10.16,145933,0
TWND.US,60,20210128,160000,10.22,10.36,10.22,10.27,7811,0
TWND.US,60,20210128,170000,10.29,10.35,10.2411,10.25,98462,0
TWND.US,60,20210128,180000,10.25,10.29,10.225,10.25,5183,0
TWND.US,60,20210128,190000,10.21,10.28,10.2,10.27,33552,0
TWND.US,60,20210128,200000,10.28,10.3,10.1999,10.23,22860,0
TWND.US,60,20210128,210000,10.24,10.28,10.23,10.27,9172,0
TWND.US,60,20210128,220000,10.28,10.28,10.27,10.28,51375,0
TWND.US,60,20210129,160000,10.27,10.4,10.27,10.38,4766,0
TWND.US,60,20210129,170000,10.36,10.495,10.36,10.4,58300,0
TWND.US,60,20210129,180000,10.3501,10.46,10.3501,10.455,6925,0
TWND.US,60,20210129,190000,10.455,10.455,10.28,10.29,7418,0
TWND.US,60,20210129,200000,10.2599,10.43,10.2599,10.4,8230,0
TWND.US,60,20210129,210000,10.4,10.4012,10.3999,10.4012,5628,0
TWND.US,60,20210129,220000,10.3901,10.55,10.36,10.53,53023,0
TWND.US,60,20210201,160000,10.51,10.6,10.51,10.5575,14818,0
TWND.US,60,20210201,170000,10.59,10.71,10.59,10.67,10807,0
TWND.US,60,20210201,180000,10.69,10.83,10.59,10.665,27899,0
TWND.US,60,20210201,190000,10.66,10.67,10.59,10.63,7591,0
TWND.US,60,20210201,200000,10.6298,10.69,10.59,10.69,12315,0
TWND.US,60,20210201,210000,10.63,10.75,10.6,10.64,24057,0
TWND.US,60,20210201,220000,10.64,10.79,10.62,10.73,51158,0
TWND.US,60,20210202,160000,10.74,10.84,10.74,10.84,3228,0
TWND.US,60,20210202,170000,10.7816,10.93,10.74,10.75,57321,0
TWND.US,60,20210202,180000,10.745,10.75,10.65,10.69,27614,0
TWND.US,60,20210202,190000,10.6809,10.75,10.6809,10.72,14803,0
TWND.US,60,20210202,200000,10.72,10.79,10.71,10.76,9696,0
TWND.US,60,20210202,210000,10.7587,10.76,10.73,10.73,10021,0
TWND.US,60,20210202,220000,10.75,10.75,10.7235,10.74,59060,0
TWND.US,60,20210203,160000,10.8,10.88,10.74,10.87,14982,0
TWND.US,60,20210203,170000,10.86,10.86,10.75,10.83,9575,0
TWND.US,60,20210203,180000,10.82,10.85,10.79,10.805,12674,0
TWND.US,60,20210203,190000,10.84,10.889,10.7701,10.88,16837,0
TWND.US,60,20210203,200000,10.88,10.88,10.77,10.82,13727,0
TWND.US,60,20210203,210000,10.82,10.82,10.74,10.76,23223,0
TWND.US,60,20210203,220000,10.76,10.76,10.71,10.75,18743,0
TWND.US,60,20210204,160000,10.73,10.78,10.71,10.71,14316,0
TWND.US,60,20210204,170000,10.71,10.77,10.71,10.74,26057,0
TWND.US,60,20210204,180000,10.74,10.76,10.57,10.6,10568,0
TWND.US,60,20210204,190000,10.64,10.72,10.6,10.7001,13124,0
TWND.US,60,20210204,200000,10.72,10.72,10.7,10.7,7715,0
TWND.US,60,20210204,210000,10.7099,10.91,10.7,10.9,34845,0
TWND.US,60,20210204,220000,10.91,10.93,10.7,10.77,126146,0
TWND.US,60,20210205,160000,10.76,10.913,10.76,10.79,8123,0
TWND.US,60,20210205,170000,10.8,10.9,10.8,10.8128,25517,0
TWND.US,60,20210205,180000,10.82,10.96,10.82,10.94,50336,0
TWND.US,60,20210205,190000,10.95,11.06,10.92,10.94,77392,0
TWND.US,60,20210205,200000,10.86,10.94,10.86,10.87,128925,0
TWND.US,60,20210205,210000,10.87,10.88,10.85,10.86,38760,0
TWND.US,60,20210205,220000,10.85,10.91,10.79,10.88,96886,0
TWND.US,60,20210208,160000,10.94,10.95,10.81,10.81,18240,0
TWND.US,60,20210208,170000,10.82,11.13,10.82,11.03,62615,0
TWND.US,60,20210208,180000,11.03,11.03,10.84,10.9,53212,0
TWND.US,60,20210208,190000,10.893,10.9,10.82,10.83,3200,0
TWND.US,60,20210208,200000,10.845,10.92,10.83,10.87,22270,0
TWND.US,60,20210208,210000,10.88,10.96,10.87,10.955,15514,0
TWND.US,60,20210208,220000,10.97,11.02,10.9,10.95,27660,0
TWND.US,60,20210209,160000,11.02,11.025,10.92,10.94,7765,0
TWND.US,60,20210209,170000,11,11,10.75,10.77,67194,0
TWND.US,60,20210209,180000,10.77,10.79,10.7,10.74,58795,0
TWND.US,60,20210209,190000,10.73,10.9,10.73,10.9,14792,0
TWND.US,60,20210209,200000,10.9,11,10.8911,11,14527,0
TWND.US,60,20210209,210000,10.99,11.1,10.99,11.08,23030,0
TWND.US,60,20210209,220000,11.08,11.08,10.93,11,20434,0
TWND.US,60,20210210,160000,11.055,11.1,11.0101,11.04,6460,0
TWND.US,60,20210210,170000,11.05,11.1,10.91,10.95,25611,0
TWND.US,60,20210210,180000,10.95,11.1,10.95,11.02,13764,0
TWND.US,60,20210210,190000,11,11.32,11,11.27,307808,0
TWND.US,60,20210210,200000,11.265,11.265,11.085,11.21,377352,0
TWND.US,60,20210210,210000,11.21,11.28,11.14,11.24,37194,0
TWND.US,60,20210210,220000,11.24,11.24,11.205,11.24,161118,0
TWND.US,60,20210211,160000,11.15,11.24,11.15,11.24,18720,0
TWND.US,60,20210211,170000,11.25,11.25,11.15,11.1501,16383,0
TWND.US,60,20210211,180000,11.2,11.22,11.15,11.16,8541,0
TWND.US,60,20210211,190000,11.16,11.16,11.04,11.09,10245,0
TWND.US,60,20210211,200000,11.05,11.05,10.89,10.98,39183,0
TWND.US,60,20210211,210000,10.97,11,10.91,11,11428,0
TWND.US,60,20210211,220000,10.95,11.07,10.95,11.03,11404,0
TWND.US,60,20210212,160000,11.05,11.05,11.005,11.05,9393,0
TWND.US,60,20210212,170000,11.05,11.18,11.025,11.13,50346,0
TWND.US,60,20210212,180000,11.1,11.13,11.05,11.13,18731,0
TWND.US,60,20210212,190000,11.13,11.13,11.0757,11.12,33307,0
TWND.US,60,20210212,200000,11.13,11.15,11.05,11.0501,12518,0
TWND.US,60,20210212,210000,11.05,11.05,10.9,10.995,48245,0
TWND.US,60,20210212,220000,11,11.15,10.95,11.14,208927,0
TWND.US,60,20210216,160000,11.45,11.45,11.21,11.25,26620,0
TWND.US,60,20210216,170000,11.2177,11.24,11.17,11.235,31872,0
TWND.US,60,20210216,180000,11.24,11.25,11.17,11.19,10209,0
TWND.US,60,20210216,190000,11.21,11.25,11.2,11.2228,14883,0
TWND.US,60,20210216,200000,11.2,11.2,11.165,11.18,8439,0
TWND.US,60,20210216,210000,11.165,11.205,11.125,11.18,21237,0
TWND.US,60,20210216,220000,11.17,11.18,10.87,11.12,29616,0
TWND.US,60,20210217,160000,11.09,11.15,11.085,11.11,9742,0
TWND.US,60,20210217,170000,11.11,11.13,11.04,11.11,12105,0
TWND.US,60,20210217,180000,11.0899,11.1,11.06,11.0686,13943,0
TWND.US,60,20210217,190000,11.065,11.11,11.065,11.11,8258,0
TWND.US,60,20210217,200000,11.1,11.1,11.07,11.07,16192,0
TWND.US,60,20210217,210000,11.14,11.1799,11.1299,11.1799,17136,0
TWND.US,60,20210217,220000,11.1199,11.16,11.085,11.09,11325,0
TWND.US,60,20210218,160000,11.2,11.28,11.16,11.28,100020,0
TWND.US,60,20210218,170000,11.28,11.3899,11.18,11.205,37072,0
TWND.US,60,20210218,180000,11.2,11.25,11.2,11.235,42879,0
TWND.US,60,20210218,190000,11.235,11.56,11.23,11.4,62493,0
TWND.US,60,20210218,200000,11.4,11.5,11.26,11.37,99362,0
TWND.US,60,20210218,210000,11.38,11.44,11.31,11.32,74999,0
TWND.US,60,20210218,220000,11.315,11.52,11.31,11.5,107394,0
TWND.US,60,20210219,160000,11.65,11.65,11.51,11.52,29376,0
TWND.US,60,20210219,170000,11.52,11.59,11.43,11.56,28604,0
TWND.US,60,20210219,180000,11.55,11.59,11.45,11.485,50052,0
TWND.US,60,20210219,190000,11.46,11.51,11.41,11.45,23845,0
TWND.US,60,20210219,200000,11.43,11.46,11.42,11.46,11215,0
TWND.US,60,20210219,210000,11.47,11.47,11.4,11.405,24207,0
TWND.US,60,20210219,220000,11.405,11.45,11.38,11.42,30308,0
TWND.US,60,20210222,160000,11.25,11.47,11.25,11.3503,2844,0
TWND.US,60,20210222,170000,11.38,11.43,11.3,11.32,19005,0
TWND.US,60,20210222,180000,11.3199,11.3199,11.27,11.27,14440,0
TWND.US,60,20210222,190000,11.285,11.285,11.11,11.14,72693,0
TWND.US,60,20210222,200000,11.16,11.25,11.14,11.238,60111,0
TWND.US,60,20210222,210000,11.25,11.275,11.22,11.22,43269,0
TWND.US,60,20210222,220000,11.225,11.25,11.12,11.2,51587,0
TWND.US,60,20210223,160000,10.7601,10.94,10.6,10.7684,43733,0
TWND.US,60,20210223,170000,10.75,10.96,10.75,10.93,39780,0
TWND.US,60,20210223,180000,10.96,11.07,10.945,10.96,68360,0
TWND.US,60,20210223,190000,10.96,10.9604,10.79,10.8,36586,0
TWND.US,60,20210223,200000,10.8702,10.8702,10.73,10.74,49120,0
TWND.US,60,20210223,210000,10.81,10.93,10.78,10.85,20385,0
TWND.US,60,20210223,220000,10.85,10.9,10.8101,10.9,22717,0
TWND.US,60,20210224,160000,11,11,10.9,10.9,33024,0
TWND.US,60,20210224,170000,10.9,10.9,10.79,10.89,42501,0
TWND.US,60,20210224,180000,10.89,11.07,10.89,11.06,31605,0
TWND.US,60,20210224,190000,11.08,11.08,11,11.03,36187,0
TWND.US,60,20210224,200000,11.03,11.05,11,11,31611,0
TWND.US,60,20210224,210000,11.01,11.03,10.86,10.94,59406,0
TWND.US,60,20210224,220000,10.955,11,10.79,10.85,40695,0
TWND.US,60,20210225,160000,10.65,10.99,10.55,10.84,23943,0
TWND.US,60,20210225,170000,10.9,10.99,10.81,10.81,26362,0
TWND.US,60,20210225,180000,10.815,10.87,10.8,10.81,49527,0
TWND.US,60,20210225,190000,10.76,10.76,10.41,10.47,98720,0
TWND.US,60,20210225,200000,10.48,10.5799,10.43,10.5,54148,0
TWND.US,60,20210225,210000,10.58,10.65,10.54,10.65,24050,0
TWND.US,60,20210225,220000,10.66,10.73,10.61,10.69,65345,0
TWND.US,60,20210226,160000,10.61,10.8,10.56,10.56,19660,0
TWND.US,60,20210226,170000,10.56,10.57,10.45,10.48,52499,0
TWND.US,60,20210226,180000,10.45,10.55,10.45,10.51,12554,0
TWND.US,60,20210226,190000,10.52,10.68,10.52,10.62,30247,0
TWND.US,60,20210226,200000,10.6199,10.71,10.56,10.6,52249,0
TWND.US,60,20210226,210000,10.59,10.6,10.55,10.59,21425,0
TWND.US,60,20210226,220000,10.6,10.6,10.51,10.51,62845,0
TWND.US,60,20210301,160000,10.79,10.8199,10.68,10.739,16336,0
TWND.US,60,20210301,170000,10.7315,10.74,10.57,10.68,23729,0
TWND.US,60,20210301,180000,10.68,10.8,10.62,10.6285,62695,0
TWND.US,60,20210301,190000,10.62,10.75,10.62,10.64,53190,0
TWND.US,60,20210301,200000,10.65,10.66,10.62,10.64,12449,0
TWND.US,60,20210301,210000,10.6411,10.65,10.56,10.63,52435,0
TWND.US,60,20210301,220000,10.65,10.9,10.64,10.89,211034,0
TWND.US,60,20210302,160000,10.4,10.45,10.3,10.33,940922,0
TWND.US,60,20210302,170000,10.32,10.39,10.21,10.23,1161561,0
TWND.US,60,20210302,180000,10.22,10.2299,10.095,10.155,411619,0
TWND.US,60,20210302,190000,10.1592,10.2,10.08,10.18,355903,0
TWND.US,60,20210302,200000,10.175,10.38,10.16,10.34,1556826,0
TWND.US,60,20210302,210000,10.34,10.39,10.15,10.16,576675,0
TWND.US,60,20210302,220000,10.15,10.22,10.15,10.21,642683,0
TWND.US,60,20210303,160000,10.2,10.2,10.09,10.1,129184,0
TWND.US,60,20210303,170000,10.1,10.14,10.05,10.105,472855,0
TWND.US,60,20210303,180000,10.11,10.18,10.09,10.1,290248,0
TWND.US,60,20210303,190000,10.1,10.1099,10.01,10.06,136152,0
TWND.US,60,20210303,200000,10.04,10.1,10.03,10.0495,57471,0
TWND.US,60,20210303,210000,10.05,10.1,10.02,10.08,95682,0
TWND.US,60,20210303,220000,10.08,10.18,10.01,10.02,625434,0
TWND.US,60,20210304,160000,10.03,10.08,10,10.07,109884,0
TWND.US,60,20210304,170000,10.05,10.09,10.03,10.0491,238564,0
TWND.US,60,20210304,180000,10.06,10.11,10.05,10.07,106834,0
TWND.US,60,20210304,190000,10.0602,10.11,10.06,10.1,69612,0
TWND.US,60,20210304,200000,10.1,10.12,10.055,10.07,172204,0
TWND.US,60,20210304,210000,10.07,10.1,10,10.07,172710,0
TWND.US,60,20210304,220000,10.05,10.15,10,10.11,2117235,0
TWND.US,60,20210305,160000,10.05,10.19,10.05,10.065,94286,0
TWND.US,60,20210305,170000,10.07,10.09,10.05,10.09,200039,0
TWND.US,60,20210305,180000,10.09,10.09,10.05,10.05,165152,0
TWND.US,60,20210305,190000,10.0501,10.14,10.05,10.1,148259,0
TWND.US,60,20210305,200000,10.1,10.17,10.1,10.17,129546,0
TWND.US,60,20210305,210000,10.16,10.24,10.12,10.2301,100531,0
TWND.US,60,20210305,220000,10.235,10.33,10.23,10.31,151039,0
TWND.US,60,20210308,160000,10.33,10.34,10.2,10.23,79675,0
TWND.US,60,20210308,170000,10.235,10.255,10.22,10.245,61873,0
TWND.US,60,20210308,180000,10.245,10.25,10.24,10.245,52304,0
TWND.US,60,20210308,190000,10.2401,10.26,10.23,10.25,75996,0
TWND.US,60,20210308,200000,10.25,10.26,10.16,10.25,312496,0
TWND.US,60,20210308,210000,10.25,10.2553,10.25,10.25,39779,0
TWND.US,60,20210308,220000,10.25,10.26,10.23,10.25,319442,0
TWND.US,60,20210309,160000,10.3,10.39,10.2,10.25,122218,0
TWND.US,60,20210309,170000,10.26,10.31,10.25,10.25,62949,0
TWND.US,60,20210309,180000,10.26,10.28,10.25,10.28,159829,0
TWND.US,60,20210309,190000,10.27,10.3,10.25,10.27,152080,0
TWND.US,60,20210309,200000,10.27,10.3,10.27,10.29,39479,0
TWND.US,60,20210309,210000,10.29,10.3,10.26,10.26,81788,0
TWND.US,60,20210309,220000,10.26,10.34,10.26,10.3,168871,0
TWND.US,60,20210310,160000,10.35,10.38,10.25,10.36,37227,0
TWND.US,60,20210310,170000,10.36,10.37,10.34,10.35,213792,0
TWND.US,60,20210310,180000,10.35,10.37,10.34,10.36,26713,0
TWND.US,60,20210310,190000,10.36,10.36,10.35,10.35,20812,0
TWND.US,60,20210310,200000,10.35,10.36,10.34,10.35,124304,0
TWND.US,60,20210310,210000,10.35,10.35,10.3401,10.35,31430,0
TWND.US,60,20210310,220000,10.35,10.35,10.34,10.34,47538,0
TWND.US,60,20210311,160000,10.36,10.38,10.33,10.345,63386,0
TWND.US,60,20210311,170000,10.34,10.35,10.26,10.31,16400,0
TWND.US,60,20210311,180000,10.315,10.36,10.315,10.3599,179076,0
TWND.US,60,20210311,190000,10.35,10.375,10.35,10.365,58654,0
TWND.US,60,20210311,200000,10.365,10.4,10.36,10.4,27634,0
TWND.US,60,20210311,210000,10.41,10.47,10.38,10.4098,504437,0
TWND.US,60,20210311,220000,10.4199,10.4199,10.34,10.37,497844,0
TWND.US,60,20210312,160000,10.27,10.35,10.27,10.32,4549,0
TWND.US,60,20210312,170000,10.29,10.31,10.25,10.2722,203402,0
TWND.US,60,20210312,180000,10.28,10.3,10.245,10.26,328666,0
TWND.US,60,20210312,190000,10.25,10.285,10.2,10.25,106561,0
TWND.US,60,20210312,200000,10.25,10.26,10.225,10.23,55496,0
TWND.US,60,20210312,210000,10.2222,10.25,10.2222,10.245,79742,0
TWND.US,60,20210312,220000,10.245,10.25,10.18,10.22,130575,0
TWND.US,60,20210315,150000,10.24,10.27,10.24,10.27,6334,0
TWND.US,60,20210315,160000,10.26,10.26,10.2,10.2,14019,0
TWND.US,60,20210315,170000,10.2,10.215,10.18,10.19,45504,0
TWND.US,60,20210315,180000,10.19,10.21,10.16,10.1897,126271,0
TWND.US,60,20210315,190000,10.195,10.2,10.16,10.19,40937,0
TWND.US,60,20210315,200000,10.2,10.22,10.18,10.21,35351,0
TWND.US,60,20210315,210000,10.2,10.2,10.17,10.19,104490,0
TWND.US,60,20210316,150000,10.2,10.22,10.1922,10.22,11930,0
TWND.US,60,20210316,160000,10.2,10.22,10.19,10.2,17822,0
TWND.US,60,20210316,170000,10.2,10.23,10.19,10.22,65586,0
TWND.US,60,20210316,180000,10.21,10.215,10.2,10.21,25056,0
TWND.US,60,20210316,190000,10.21,10.21,10.2,10.205,57707,0
TWND.US,60,20210316,200000,10.205,10.21,10.195,10.205,18787,0
TWND.US,60,20210316,210000,10.2,10.23,10.19,10.2,60684,0
TWND.US,60,20210317,150000,10.16,10.19,10.14,10.15,69834,0
TWND.US,60,20210317,160000,10.15,10.17,10.15,10.155,41074,0
TWND.US,60,20210317,170000,10.155,10.18,10.15,10.18,16236,0
TWND.US,60,20210317,180000,10.18,10.19,10.15,10.16,46582,0
TWND.US,60,20210317,190000,10.16,10.16,10.15,10.155,32664,0
TWND.US,60,20210317,200000,10.155,10.18,10.15,10.18,8758,0
TWND.US,60,20210317,210000,10.18,10.2,10.17,10.2,38750,0
TWND.US,60,20210318,150000,10.34,10.34,10.18,10.1899,40960,0
TWND.US,60,20210318,160000,10.19,10.2,10.18,10.1899,20574,0
TWND.US,60,20210318,170000,10.2,10.24,10.17,10.23,62765,0
TWND.US,60,20210318,180000,10.23,10.24,10.19,10.19,12498,0
TWND.US,60,20210318,190000,10.195,10.2,10.18,10.1898,25801,0
TWND.US,60,20210318,200000,10.2,10.2,10.185,10.19,12775,0
TWND.US,60,20210318,210000,10.19,10.2,10.16,10.18,143818,0
TWND.US,60,20210319,150000,10.21,10.21,10.17,10.1701,5296,0
TWND.US,60,20210319,160000,10.17,10.17,10.14,10.1501,93872,0
TWND.US,60,20210319,170000,10.16,10.17,10.15,10.17,66941,0
TWND.US,60,20210319,180000,10.16,10.17,10.16,10.165,50777,0
TWND.US,60,20210319,190000,10.16,10.1687,10.16,10.16,19352,0
TWND.US,60,20210319,200000,10.16,10.17,10.16,10.16,31662,0
TWND.US,60,20210319,210000,10.17,10.18,10.16,10.16,38446,0
TWND.US,60,20210322,150000,10.18,10.18,10.15,10.16,12663,0
TWND.US,60,20210322,160000,10.16,10.1699,10.15,10.155,11704,0
TWND.US,60,20210322,170000,10.1585,10.17,10.15,10.1672,14185,0
TWND.US,60,20210322,180000,10.165,10.1699,10.16,10.1657,4900,0
TWND.US,60,20210322,190000,10.16,10.17,10.16,10.17,36515,0
TWND.US,60,20210322,200000,10.17,10.18,10.16,10.1698,29272,0
TWND.US,60,20210322,210000,10.17,10.18,10.15,10.17,27671,0
TWND.US,60,20210323,150000,10.16,10.16,10.16,10.16,1917,0
TWND.US,60,20210323,160000,10.16,10.16,10.13,10.14,47129,0
TWND.US,60,20210323,170000,10.145,10.15,10.14,10.145,3142,0
TWND.US,60,20210323,180000,10.14,10.15,10.1199,10.1199,14233,0
TWND.US,60,20210323,190000,10.11,10.115,10.09,10.1,16727,0
TWND.US,60,20210323,200000,10.1,10.1,10.04,10.075,40217,0
TWND.US,60,20210323,210000,10.07,10.075,10.05,10.06,49066,0
TWND.US,60,20210324,150000,10.03,10.0925,10.03,10.05,5990,0
TWND.US,60,20210324,160000,10.05,10.075,10.045,10.07,64578,0
TWND.US,60,20210324,170000,10.08,10.1,10.03,10.05,202971,0
TWND.US,60,20210324,180000,10.07,10.1,9.96,9.96,242059,0
TWND.US,60,20210324,190000,9.975,9.98,9.95,9.97,8909,0
TWND.US,60,20210324,200000,9.965,9.98,9.965,9.98,14783,0
TWND.US,60,20210324,210000,9.98,9.9875,9.97,9.98,270684,0
TWND.US,60,20210325,150000,9.91,9.98,9.85,9.955,670512,0
TWND.US,60,20210325,160000,9.95,10.04,9.94,9.98,46812,0
TWND.US,60,20210325,170000,9.975,10,9.9743,10,284759,0
TWND.US,60,20210325,180000,10,10,9.92,9.92,39784,0
TWND.US,60,20210325,190000,9.92,9.925,9.85,9.88,349867,0
TWND.US,60,20210325,200000,9.885,9.91,9.875,9.9,37774,0
TWND.US,60,20210325,210000,9.9,10,9.9,9.99,57432,0
TWND.US,60,20210326,150000,10.01,10.04,9.93,9.96,13093,0
TWND.US,60,20210326,160000,9.94,10.045,9.94,10.04,48495,0
TWND.US,60,20210326,170000,10.02,10.08,9.99,10.02,47927,0
TWND.US,60,20210326,180000,10.01,10.03,9.95,9.97,65319,0
TWND.US,60,20210326,190000,9.9635,9.97,9.945,9.95,10483,0
TWND.US,60,20210326,200000,9.95,9.98,9.95,9.965,21912,0
TWND.US,60,20210326,210000,9.9686,10,9.96,10,27203,0
TWND.US,60,20210329,160000,10,10,9.99,9.995,42389,0
TWND.US,60,20210329,170000,10,10.005,9.96,9.965,64108,0
TWND.US,60,20210329,180000,9.965,10,9.96,9.9911,16096,0
TWND.US,60,20210329,190000,9.99,10.01,9.97,9.97,35994,0
TWND.US,60,20210329,200000,9.97,9.975,9.97,9.975,4300,0
TWND.US,60,20210329,210000,9.975,9.98,9.97,9.97,8671,0
TWND.US,60,20210329,220000,9.975,9.98,9.97,9.975,22761,0
TWND.US,60,20210330,160000,9.97,9.97,9.9601,9.9601,1508,0
TWND.US,60,20210330,170000,9.98,9.98,9.96,9.97,7700,0
TWND.US,60,20210330,180000,9.97,9.98,9.96,9.96,11466,0
TWND.US,60,20210330,190000,9.97,9.98,9.93,9.94,86166,0
TWND.US,60,20210330,200000,9.935,9.94,9.92,9.94,3604,0
TWND.US,60,20210330,210000,9.9301,9.95,9.93,9.93,30716,0
TWND.US,60,20210330,220000,9.93,9.95,9.92,9.95,15878,0
TWND.US,60,20210331,160000,9.92,9.952,9.9,9.9,8617,0
TWND.US,60,20210331,170000,9.89,9.9,9.8899,9.895,7658,0
TWND.US,60,20210331,180000,9.89,9.9,9.89,9.89,6000,0
TWND.US,60,20210331,190000,9.89,9.9,9.89,9.89,8144,0
TWND.US,60,20210331,200000,9.89,9.895,9.89,9.89,6085,0
TWND.US,60,20210331,210000,9.8901,9.8999,9.8802,9.885,22089,0
TWND.US,60,20210331,220000,9.885,9.92,9.88,9.92,48140,0
TWND.US,60,20210401,160000,10,10.07,9.96,9.97,23900,0
TWND.US,60,20210401,170000,9.945,9.945,9.9,9.9,18568,0
TWND.US,60,20210401,180000,9.9012,9.93,9.9012,9.93,11439,0
TWND.US,60,20210401,190000,9.93,9.96,9.93,9.945,11010,0
TWND.US,60,20210401,200000,9.945,9.9545,9.9348,9.95,11191,0
TWND.US,60,20210401,210000,9.95,9.96,9.9301,9.945,10864,0
TWND.US,60,20210401,220000,9.95,10.11,9.945,10.1,93147,0
TWND.US,60,20210405,160000,10.14,10.14,9.95,9.95,11281,0
TWND.US,60,20210405,170000,9.95,9.959,9.92,9.93,13705,0
TWND.US,60,20210405,180000,9.925,9.98,9.92,9.96,28162,0
TWND.US,60,20210405,190000,9.96,9.97,9.95,9.97,9507,0
TWND.US,60,20210405,200000,9.97,10.02,9.965,10,34710,0
TWND.US,60,20210405,210000,10,10.0101,10,10.01,11303,0
TWND.US,60,20210405,220000,10.01,10.06,10.01,10.06,14455,0
TWND.US,60,20210406,160000,10.1,10.1,9.97,9.98,8852,0
TWND.US,60,20210406,170000,9.98,9.985,9.96,9.96,9100,0
TWND.US,60,20210406,180000,9.96,10.009,9.96,9.97,21264,0
TWND.US,60,20210406,190000,9.97,9.98,9.95,9.97,16736,0
TWND.US,60,20210406,200000,9.97,9.99,9.95,9.99,8949,0
TWND.US,60,20210406,210000,9.99,9.99,9.98,9.99,10925,0
TWND.US,60,20210406,220000,9.99,10,9.98,10,29016,0
TWND.US,60,20210407,160000,9.97,9.975,9.92,9.92,3750,0
TWND.US,60,20210407,170000,9.94,9.95,9.94,9.95,5647,0
TWND.US,60,20210407,180000,9.98,10.02,9.98,10,136106,0
TWND.US,60,20210407,190000,10.03,10.04,10.0001,10.02,6555,0
TWND.US,60,20210407,200000,10.03,10.03,10.01,10.02,4850,0
TWND.US,60,20210407,210000,10.02,10.02,10.01,10.02,27269,0
TWND.US,60,20210407,220000,10.02,10.02,10.01,10.02,13441,0
TWND.US,60,20210408,160000,10,10.02,10,10.01,150180,0
TWND.US,60,20210408,170000,10.02,10.04,10.01,10.03,63791,0
TWND.US,60,20210408,180000,10.02,10.0201,10,10,15892,0
TWND.US,60,20210408,190000,10,10.01,10,10.005,102600,0
TWND.US,60,20210408,200000,10.01,10.01,10,10.005,33380,0
TWND.US,60,20210408,210000,10,10.005,10,10,14058,0
TWND.US,60,20210408,220000,10,10,9.95,10,15315,0
TWND.US,60,20210409,160000,9.98,10.01,9.98,10.01,46268,0
TWND.US,60,20210409,170000,10,10.025,10,10.025,66906,0
TWND.US,60,20210409,180000,10.01,10.04,10.01,10.02,3900,0
TWND.US,60,20210409,190000,10.02,10.05,10.02,10.04,5727,0
TWND.US,60,20210409,200000,10.04,10.04,10.04,10.04,3195,0
TWND.US,60,20210409,210000,10.04,10.04,10.01,10.01,11985,0
TWND.US,60,20210409,220000,10.02,10.045,10,10.03,15757,0
TWND.US,60,20210412,160000,10.07,10.07,10.02,10.05,5057,0
TWND.US,60,20210412,170000,10.045,10.05,10.0243,10.035,8531,0
TWND.US,60,20210412,180000,10.035,10.04,10.0301,10.04,8300,0
TWND.US,60,20210412,190000,10.0388,10.0388,10.025,10.03,7280,0
TWND.US,60,20210412,200000,10.025,10.03,10,10,24665,0
TWND.US,60,20210412,210000,10,10,9.98,9.98,486,0
TWND.US,60,20210412,220000,9.98,9.99,9.93,9.97,14864,0
TWND.US,60,20210413,160000,9.95,9.9871,9.92,9.9209,6091,0
TWND.US,60,20210413,170000,9.92,9.95,9.92,9.95,36150,0
TWND.US,60,20210413,180000,9.95,9.96,9.94,9.955,38639,0
TWND.US,60,20210413,190000,9.95,9.99,9.95,9.96,13550,0
TWND.US,60,20210413,200000,9.96,9.96,9.95,9.95,4980,0
TWND.US,60,20210413,210000,9.95,9.965,9.95,9.96,13105,0
TWND.US,60,20210413,220000,9.96,9.98,9.95,9.97,35421,0
TWND.US,60,20210414,160000,10.01,10.01,9.9393,9.955,1426,0
TWND.US,60,20210414,170000,9.95,9.95,9.9,9.9097,37293,0
TWND.US,60,20210414,180000,9.92,9.92,9.91,9.91,2111,0
TWND.US,60,20210414,190000,9.91,9.92,9.905,9.91,4894,0
TWND.US,60,20210414,200000,9.91,9.911,9.9097,9.91,3792,0
TWND.US,60,20210414,210000,9.91,9.92,9.91,9.92,8447,0
TWND.US,60,20210414,220000,9.92,9.93,9.92,9.93,12649,0
TWND.US,60,20210415,160000,9.94,9.97,9.94,9.97,13986,0
TWND.US,60,20210415,170000,9.9701,9.98,9.96,9.97,7944,0
TWND.US,60,20210415,180000,9.98,9.98,9.96,9.975,11400,0
TWND.US,60,20210415,190000,9.975,9.98,9.97,9.975,13350,0
TWND.US,60,20210415,200000,9.975,9.98,9.91,9.925,53148,0
TWND.US,60,20210415,210000,9.92,9.93,9.91,9.92,9806,0
TWND.US,60,20210415,220000,9.92,9.94,9.9,9.92,30737,0
TWND.US,60,20210416,160000,9.9,9.9066,9.9,9.9066,1280,0
TWND.US,60,20210416,170000,9.91,9.91,9.81,9.89,78821,0
TWND.US,60,20210416,180000,9.885,9.9,9.885,9.895,4069,0
TWND.US,60,20210416,190000,9.895,9.895,9.88,9.885,9119,0
TWND.US,60,20210416,200000,9.88,9.91,9.88,9.9,8630,0
TWND.US,60,20210416,210000,9.91,9.91,9.89,9.895,4966,0
TWND.US,60,20210416,220000,9.89,9.9,9.89,9.9,12312,0
TWND.US,60,20210419,160000,9.84,9.9,9.84,9.85,3120,0
TWND.US,60,20210419,170000,9.85,9.88,9.85,9.85,6100,0
TWND.US,60,20210419,180000,9.85,9.86,9.85,9.85,3831,0
TWND.US,60,20210419,190000,9.8588,9.8599,9.85,9.85,13229,0
TWND.US,60,20210419,200000,9.8599,9.8599,9.85,9.85,46770,0
TWND.US,60,20210419,210000,9.85,9.865,9.85,9.854,72364,0
TWND.US,60,20210419,220000,9.85,9.865,9.85,9.86,21351,0
TWND.US,60,20210420,160000,9.8,9.89,9.75,9.87,11654,0
TWND.US,60,20210420,170000,9.84,9.84,9.82,9.825,7900,0
TWND.US,60,20210420,180000,9.82,9.83,9.82,9.82,10359,0
TWND.US,60,20210420,190000,9.82,9.83,9.81,9.82,44619,0
TWND.US,60,20210420,200000,9.82,9.835,9.81,9.8311,52071,0
TWND.US,60,20210420,210000,9.835,9.84,9.8217,9.83,3773,0
TWND.US,60,20210420,220000,9.82,9.86,9.82,9.86,14612,0
TWND.US,60,20210421,160000,9.83,9.85,9.83,9.85,2228,0
TWND.US,60,20210421,170000,9.84,9.86,9.83,9.86,8981,0
TWND.US,60,20210421,180000,9.87,9.88,9.87,9.87,3098,0
TWND.US,60,20210421,190000,9.87,9.88,9.87,9.88,3535,0
TWND.US,60,20210421,200000,9.885,9.9,9.88,9.9,74488,0
TWND.US,60,20210421,210000,9.9,9.9,9.87,9.89,115024,0
TWND.US,60,20210421,220000,9.9,9.95,9.89,9.94,48438,0
TWND.US,60,20210422,160000,9.9,9.9,9.9,9.9,906,0
TWND.US,60,20210422,170000,9.94,9.94,9.9,9.905,10116,0
TWND.US,60,20210422,180000,9.9,9.905,9.88,9.9,58273,0
TWND.US,60,20210422,190000,9.9,9.92,9.895,9.915,12486,0
TWND.US,60,20210422,200000,9.91,9.91,9.86,9.8699,37029,0
TWND.US,60,20210422,210000,9.86,9.91,9.85,9.91,7512,0
TWND.US,60,20210422,220000,9.88,9.91,9.88,9.91,76249,0
TWND.US,60,20210423,160000,9.95,9.95,9.95,9.95,350,0
TWND.US,60,20210423,170000,9.8858,9.95,9.88,9.88,1700,0
TWND.US,60,20210423,180000,9.89,9.9255,9.89,9.92,38102,0
TWND.US,60,20210423,190000,9.92,9.9205,9.92,9.92,5782,0
TWND.US,60,20210423,200000,9.92,9.9201,9.9,9.9,13271,0
TWND.US,60,20210423,210000,9.9025,9.9048,9.88,9.88,5787,0
TWND.US,60,20210423,220000,9.88,9.92,9.88,9.91,32924,0
TWND.US,60,20210426,160000,9.88,9.96,9.88,9.95,9752,0
TWND.US,60,20210426,170000,9.95,9.97,9.95,9.95,50104,0
TWND.US,60,20210426,180000,9.95,9.955,9.95,9.95,11200,0
TWND.US,60,20210426,190000,9.95,9.95,9.9,9.9,48476,0
TWND.US,60,20210426,200000,9.9,9.92,9.9,9.915,19296,0
TWND.US,60,20210426,210000,9.91,9.91,9.88,9.885,15334,0
TWND.US,60,20210426,220000,9.88,9.9,9.88,9.9,95860,0
TWND.US,60,20210427,160000,9.94,9.94,9.9,9.915,1400,0
TWND.US,60,20210427,170000,9.93,9.93,9.93,9.93,2014,0
TWND.US,60,20210427,180000,9.9,9.9,9.9,9.9,800,0
TWND.US,60,20210427,190000,9.9012,9.92,9.89,9.895,182250,0
TWND.US,60,20210427,200000,9.895,9.9,9.89,9.9,65984,0
TWND.US,60,20210427,210000,9.9,9.91,9.895,9.9,5098,0
TWND.US,60,20210427,220000,9.9,9.91,9.9,9.91,23530,0
TWND.US,60,20210428,160000,9.9,9.91,9.9,9.9,1478,0
TWND.US,60,20210428,170000,9.9,9.905,9.89,9.9,6554,0
TWND.US,60,20210428,180000,9.9,9.9101,9.89,9.9101,6432,0
TWND.US,60,20210428,190000,9.91,9.9102,9.9,9.91,4544,0
TWND.US,60,20210428,200000,9.91,9.91,9.9,9.905,10094,0
TWND.US,60,20210428,210000,9.9,9.905,9.9,9.905,4570,0
TWND.US,60,20210428,220000,9.905,9.92,9.9,9.92,33762,0
TWND.US,60,20210429,160000,9.92,9.92,9.92,9.92,2240,0
TWND.US,60,20210429,170000,9.915,9.92,9.9,9.9,56028,0
TWND.US,60,20210429,180000,9.905,9.91,9.9,9.91,11100,0
TWND.US,60,20210429,190000,9.9,9.9099,9.9,9.905,10000,0
TWND.US,60,20210429,200000,9.9,9.91,9.9,9.91,8000,0
TWND.US,60,20210429,210000,9.9,9.905,9.9,9.905,7200,0
TWND.US,60,20210429,220000,9.9099,9.91,9.9,9.91,30280,0
TWND.US,60,20210430,160000,9.91,9.91,9.9,9.9,3002,0
TWND.US,60,20210430,170000,9.9,9.905,9.9,9.9,9810,0
TWND.US,60,20210430,180000,9.91,9.91,9.88,9.9,169640,0
TWND.US,60,20210430,190000,9.89,9.91,9.89,9.91,192328,0
TWND.US,60,20210430,200000,9.905,9.91,9.9,9.91,188010,0
TWND.US,60,20210430,210000,9.905,9.95,9.9,9.95,337254,0
TWND.US,60,20210430,220000,9.95,9.95,9.9,9.91,290476,0
TWND.US,60,20210503,160000,9.91,9.94,9.91,9.94,45507,0
TWND.US,60,20210503,170000,9.9393,9.94,9.91,9.91,11903,0
TWND.US,60,20210503,180000,9.93,9.93,9.91,9.91,46179,0
TWND.US,60,20210503,190000,9.91,9.93,9.91,9.91,3306,0
TWND.US,60,20210503,200000,9.91,9.915,9.9001,9.91,13820,0
TWND.US,60,20210503,210000,9.91,9.9197,9.9,9.9,3425,0
TWND.US,60,20210503,220000,9.9,9.91,9.9,9.91,12751,0
TWND.US,60,20210504,160000,9.89,9.9099,9.89,9.9,5971,0
TWND.US,60,20210504,170000,9.9,9.91,9.88,9.9,19666,0
TWND.US,60,20210504,180000,9.9,9.9,9.89,9.9,3108,0
TWND.US,60,20210504,190000,9.9,9.9,9.89,9.89,4100,0
TWND.US,60,20210504,200000,9.8975,9.905,9.89,9.9,7191,0
TWND.US,60,20210504,210000,9.9,9.905,9.89,9.9,41387,0
TWND.US,60,20210504,220000,9.9,9.98,9.9,9.95,61151,0
TWND.US,60,20210505,160000,9.95,9.955,9.93,9.95,155997,0
TWND.US,60,20210505,170000,9.95,9.95,9.94,9.94,26153,0
TWND.US,60,20210505,180000,9.94,9.942,9.94,9.94,18415,0
TWND.US,60,20210505,190000,9.95,9.95,9.94,9.94,15098,0
TWND.US,60,20210505,200000,9.948,9.95,9.93,9.93,5663,0
TWND.US,60,20210505,210000,9.935,9.9399,9.93,9.93,3032,0
TWND.US,60,20210505,220000,9.93,9.95,9.93,9.95,26918,0
TWND.US,60,20210506,160000,9.95,9.95,9.91,9.92,4276,0
TWND.US,60,20210506,170000,9.925,9.925,9.9215,9.9215,300,0
TWND.US,60,20210506,180000,9.92,9.92,9.91,9.9102,5295,0
TWND.US,60,20210506,190000,9.9,9.91,9.9,9.9,4169,0
TWND.US,60,20210506,200000,9.9002,9.9002,9.88,9.8909,8745,0
TWND.US,60,20210506,210000,9.89,9.8901,9.88,9.88,7023,0
TWND.US,60,20210506,220000,9.88,9.89,9.88,9.89,12566,0
TWND.US,60,20210507,160000,9.9,9.97,9.9,9.97,127248,0
TWND.US,60,20210507,170000,9.97,9.97,9.92,9.92,2300,0
TWND.US,60,20210507,180000,9.92,9.92,9.92,9.92,100,0
TWND.US,60,20210507,190000,9.92,9.94,9.92,9.94,4687,0
TWND.US,60,20210507,200000,9.9409,9.9409,9.9409,9.9409,1000,0
TWND.US,60,20210507,210000,9.9,9.91,9.9,9.9,1500,0
TWND.US,60,20210507,220000,9.9,9.91,9.9,9.9,7729,0
TWND.US,60,20210510,160000,9.9,9.9222,9.89,9.92,4418,0
TWND.US,60,20210510,170000,9.925,9.93,9.9202,9.9299,5928,0
TWND.US,60,20210510,180000,9.9289,9.93,9.92,9.925,5074,0
TWND.US,60,20210510,200000,9.9212,9.93,9.92,9.925,4256,0
TWND.US,60,20210510,210000,9.93,9.935,9.91,9.935,28495,0
TWND.US,60,20210510,220000,9.93,9.94,9.92,9.93,12195,0
TWND.US,60,20210511,160000,9.88,9.8992,9.88,9.897,3447,0
TWND.US,60,20210511,170000,9.895,9.9,9.88,9.88,2800,0
TWND.US,60,20210511,180000,9.8826,9.885,9.88,9.88,5485,0
TWND.US,60,20210511,190000,9.88,9.89,9.88,9.88,5700,0
TWND.US,60,20210511,200000,9.88,9.89,9.88,9.89,12098,0
TWND.US,60,20210511,210000,9.88,9.88,9.87,9.87,69398,0
TWND.US,60,20210511,220000,9.87,9.88,9.86,9.88,8312,0
TWND.US,60,20210512,160000,9.87,9.88,9.86,9.86,48103,0
TWND.US,60,20210512,170000,9.86,9.86,9.8,9.83,76427,0
TWND.US,60,20210512,180000,9.83,9.83,9.815,9.825,6800,0
TWND.US,60,20210512,190000,9.825,9.85,9.82,9.85,9360,0
TWND.US,60,20210512,200000,9.85,9.85,9.82,9.84,8631,0
TWND.US,60,20210512,210000,9.825,9.85,9.82,9.845,98392,0
TWND.US,60,20210512,220000,9.845,9.88,9.81,9.84,604895,0
TWND.US,60,20210513,160000,9.85,9.87,9.85,9.86,4936,0
TWND.US,60,20210513,170000,9.865,9.87,9.86,9.86,5287,0
TWND.US,60,20210513,180000,9.865,9.865,9.85,9.8512,4800,0
TWND.US,60,20210513,190000,9.85,9.86,9.83,9.84,49188,0
TWND.US,60,20210513,200000,9.845,9.85,9.84,9.84,7593,0
TWND.US,60,20210513,210000,9.85,9.86,9.84,9.855,8779,0
TWND.US,60,20210513,220000,9.855,9.88,9.85,9.86,57164,0
TWND.US,60,20210514,160000,9.88,9.88,9.86,9.865,1332,0
TWND.US,60,20210514,170000,9.86,9.87,9.86,9.86,13331,0
TWND.US,60,20210514,180000,9.86,9.87,9.86,9.86,11992,0
TWND.US,60,20210514,190000,9.86,9.87,9.86,9.86,17636,0
TWND.US,60,20210514,200000,9.86,9.87,9.85,9.865,15909,0
TWND.US,60,20210514,210000,9.86,9.87,9.86,9.86,7100,0
TWND.US,60,20210514,220000,9.86,9.87,9.86,9.86,7759,0
TWND.US,60,20210517,160000,9.86,9.86,9.86,9.86,5510,0
TWND.US,60,20210517,170000,9.863,9.88,9.86,9.87,9550,0
TWND.US,60,20210517,180000,9.86,9.87,9.86,9.865,8627,0
TWND.US,60,20210517,190000,9.865,9.87,9.86,9.87,17490,0
TWND.US,60,20210517,200000,9.865,9.865,9.8625,9.8625,2973,0
TWND.US,60,20210517,210000,9.865,9.91,9.8625,9.895,68815,0
TWND.US,60,20210517,220000,9.895,9.91,9.88,9.88,56631,0
TWND.US,60,20210518,160000,9.86,9.89,9.86,9.89,1310,0
TWND.US,60,20210518,170000,9.891,9.91,9.89,9.895,9436,0
TWND.US,60,20210518,180000,9.91,9.91,9.89,9.89,6500,0
TWND.US,60,20210518,190000,9.89,9.9,9.88,9.885,22868,0
TWND.US,60,20210518,200000,9.885,9.89,9.86,9.86,107923,0
TWND.US,60,20210518,210000,9.86,9.865,9.85,9.855,71693,0
TWND.US,60,20210518,220000,9.855,9.88,9.8525,9.88,20734,0
TWND.US,60,20210519,160000,9.86,9.86,9.84,9.85,54877,0
TWND.US,60,20210519,170000,9.85,9.86,9.84,9.85,76117,0
TWND.US,60,20210519,180000,9.85,9.86,9.84,9.86,166317,0
TWND.US,60,20210519,190000,9.86,9.86,9.85,9.86,4071,0
TWND.US,60,20210519,200000,9.86,9.87,9.86,9.87,2150,0
TWND.US,60,20210519,210000,9.87,9.87,9.86,9.865,5154,0
TWND.US,60,20210519,220000,9.86,9.88,9.85,9.87,112199,0
TWND.US,60,20210520,170000,9.87,9.87,9.87,9.87,100,0
TWND.US,60,20210520,180000,9.875,9.91,9.875,9.9011,16176,0
TWND.US,60,20210520,190000,9.91,9.91,9.9,9.9011,1029,0
TWND.US,60,20210520,220000,9.905,9.91,9.89,9.91,18584,0
TWND.US,60,20210521,160000,9.9,9.9043,9.9,9.9043,800,0
TWND.US,60,20210521,170000,9.9,9.905,9.9,9.9,11975,0
TWND.US,60,20210521,190000,9.9,9.905,9.9,9.905,3100,0
TWND.US,60,20210521,200000,9.9,9.9,9.9,9.9,1920,0
TWND.US,60,20210521,210000,9.9,9.905,9.9,9.9,2000,0
TWND.US,60,20210521,220000,9.9,9.91,9.9,9.91,5193,0
TWND.US,60,20210524,160000,9.86,9.9,9.86,9.9,14557,0
TWND.US,60,20210524,170000,9.905,9.91,9.9,9.905,1780,0
TWND.US,60,20210524,180000,9.905,9.91,9.9,9.905,8300,0
TWND.US,60,20210524,190000,9.905,9.905,9.9001,9.9001,200,0
TWND.US,60,20210524,200000,9.905,9.91,9.905,9.905,400,0
TWND.US,60,20210524,210000,9.9,9.91,9.9,9.9,7772,0
TWND.US,60,20210524,220000,9.9,9.91,9.9,9.91,4711,0
TWND.US,60,20210525,160000,9.88,9.91,9.88,9.9,8598,0
TWND.US,60,20210525,170000,9.905,9.91,9.9,9.9,7083,0
TWND.US,60,20210525,180000,9.905,9.91,9.9,9.905,13700,0
TWND.US,60,20210525,190000,9.91,9.91,9.9,9.905,2877,0
TWND.US,60,20210525,200000,9.9,9.91,9.9,9.905,1959,0
TWND.US,60,20210525,210000,9.9,9.905,9.89,9.905,102477,0
TWND.US,60,20210525,220000,9.9,9.91,9.9,9.91,38904,0
TWND.US,60,20210526,160000,9.9,9.91,9.89,9.91,11059,0
TWND.US,60,20210526,170000,9.9,9.91,9.9,9.9,12496,0
TWND.US,60,20210526,180000,9.9,9.91,9.89,9.89,38868,0
TWND.US,60,20210526,190000,9.9,9.9,9.895,9.895,25328,0
TWND.US,60,20210526,200000,9.895,9.92,9.895,9.9,29544,0
TWND.US,60,20210526,210000,9.89,9.895,9.89,9.89,1400,0
TWND.US,60,20210526,220000,9.8991,9.9,9.89,9.89,6118,0
TWND.US,60,20210527,160000,9.9,9.9098,9.9,9.9,5587,0
TWND.US,60,20210527,170000,9.9,9.9,9.9,9.9,3246,0
TWND.US,60,20210527,180000,9.9,9.907,9.9,9.905,3600,0
TWND.US,60,20210527,190000,9.9,9.91,9.9,9.9,13550,0
TWND.US,60,20210527,200000,9.9,9.91,9.9,9.9,11473,0
TWND.US,60,20210527,210000,9.9,9.905,9.9,9.905,4100,0
TWND.US,60,20210527,220000,9.905,9.91,9.9,9.91,7365,0
TWND.US,60,20210528,160000,9.91,9.91,9.9,9.9012,48500,0
TWND.US,60,20210528,170000,9.9099,9.92,9.9,9.91,11249,0
TWND.US,60,20210528,180000,9.915,9.915,9.9101,9.9136,520,0
TWND.US,60,20210528,190000,9.915,9.92,9.91,9.91,5558,0
TWND.US,60,20210528,200000,9.92,9.92,9.92,9.92,100,0
TWND.US,60,20210528,210000,9.915,9.92,9.9,9.92,106107,0
TWND.US,60,20210528,220000,9.92,9.93,9.9,9.91,72105,0
TWND.US,60,20210601,160000,9.92,9.92,9.91,9.91,13884,0
TWND.US,60,20210601,170000,9.92,9.92,9.913,9.92,4300,0
TWND.US,60,20210601,180000,9.92,9.93,9.92,9.93,8073,0
TWND.US,60,20210601,190000,9.92,9.92,9.905,9.91,104258,0
TWND.US,60,20210601,200000,9.91,9.91,9.905,9.91,9731,0
TWND.US,60,20210601,210000,9.91,9.91,9.9,9.91,12336,0
TWND.US,60,20210601,220000,9.905,9.91,9.905,9.91,28497,0
TWND.US,60,20210602,160000,9.91,9.91,9.88,9.9009,71099,0
TWND.US,60,20210602,170000,9.905,9.905,9.905,9.905,300,0
TWND.US,60,20210602,180000,9.9,9.91,9.9,9.91,25100,0
TWND.US,60,20210602,190000,9.91,9.91,9.9,9.9,300,0
TWND.US,60,20210602,200000,9.905,9.905,9.9001,9.9001,300,0
TWND.US,60,20210602,210000,9.91,9.91,9.9,9.9,2650,0
TWND.US,60,20210602,220000,9.9,9.91,9.9,9.91,6026,0
TWND.US,60,20210603,160000,9.91,9.91,9.9009,9.9009,200,0
TWND.US,60,20210603,170000,9.9,9.91,9.9,9.91,75561,0
TWND.US,60,20210603,180000,9.91,9.91,9.905,9.905,900,0
TWND.US,60,20210603,190000,9.9088,9.91,9.9088,9.91,400,0
TWND.US,60,20210603,200000,9.91,9.91,9.91,9.91,100,0
TWND.US,60,20210603,210000,9.91,9.91,9.9,9.9,16800,0
TWND.US,60,20210603,220000,9.905,9.91,9.9,9.91,4378,0
TWND.US,60,20210604,160000,9.91,9.91,9.91,9.91,330,0
TWND.US,60,20210604,190000,9.91,9.92,9.91,9.91,34833,0
TWND.US,60,20210604,200000,9.91,9.915,9.91,9.915,300,0
TWND.US,60,20210604,210000,9.915,9.9199,9.91,9.915,9394,0
TWND.US,60,20210604,220000,9.91,9.92,9.91,9.91,3178,0
TWND.US,60,20210607,160000,9.91,9.915,9.91,9.912,19057,0
TWND.US,60,20210607,170000,9.91,9.915,9.91,9.91,3420,0
TWND.US,60,20210607,180000,9.917,9.92,9.917,9.917,2200,0
TWND.US,60,20210607,190000,9.9199,9.92,9.9113,9.92,900,0
TWND.US,60,20210607,200000,9.92,9.92,9.92,9.92,100,0
TWND.US,60,20210607,210000,9.91,9.92,9.9,9.91,20326,0
TWND.US,60,20210607,220000,9.91,9.92,9.9,9.9,94163,0
TWND.US,60,20210608,160000,9.92,9.92,9.91,9.91,1600,0
TWND.US,60,20210608,170000,9.9,9.92,9.9,9.9,1720,0
TWND.US,60,20210608,180000,9.9,9.9,9.9,9.9,1100,0
TWND.US,60,20210608,190000,9.9,9.9,9.9,9.9,1100,0
TWND.US,60,20210608,200000,9.9,9.92,9.9,9.92,2500,0
TWND.US,60,20210608,210000,9.91,9.92,9.91,9.92,3300,0
TWND.US,60,20210608,220000,9.91,9.92,9.9,9.9,35590,0
TWND.US,60,20210609,160000,9.92,9.94,9.92,9.94,48416,0
TWND.US,60,20210609,170000,9.94,9.94,9.92,9.93,8737,0
TWND.US,60,20210609,180000,9.93,9.93,9.9188,9.92,1990,0
TWND.US,60,20210609,190000,9.9199,9.92,9.9199,9.92,2230,0
TWND.US,60,20210609,200000,9.92,9.92,9.9101,9.92,93300,0
TWND.US,60,20210609,210000,9.92,9.92,9.918,9.918,1140,0
TWND.US,60,20210609,220000,9.92,9.92,9.91,9.92,12295,0
TWND.US,60,20210610,160000,9.92,9.92,9.915,9.92,21438,0
TWND.US,60,20210610,170000,9.92,9.92,9.9199,9.92,14100,0
TWND.US,60,20210610,180000,9.92,9.92,9.9189,9.92,1000,0
TWND.US,60,20210610,190000,9.92,9.93,9.92,9.93,600,0
TWND.US,60,20210610,200000,9.93,9.93,9.925,9.93,6300,0
TWND.US,60,20210610,210000,9.92,9.93,9.92,9.925,2900,0
TWND.US,60,20210610,220000,9.93,9.95,9.92,9.95,28700,0
TWND.US,60,20210611,160000,9.93,9.93,9.9201,9.93,16500,0
TWND.US,60,20210611,170000,9.94,9.94,9.935,9.939,19120,0
TWND.US,60,20210611,180000,9.935,9.94,9.935,9.94,500,0
TWND.US,60,20210611,190000,9.94,9.94,9.935,9.94,45434,0
TWND.US,60,20210611,200000,9.935,9.9391,9.935,9.9391,600,0
TWND.US,60,20210611,210000,9.935,9.94,9.935,9.94,200,0
TWND.US,60,20210611,220000,9.94,9.94,9.93,9.94,5896,0
TWND.US,60,20210614,160000,9.93,9.94,9.93,9.94,66812,0
TWND.US,60,20210614,170000,9.9205,9.94,9.9205,9.94,100881,0
TWND.US,60,20210614,180000,9.9301,9.95,9.9301,9.95,120541,0
TWND.US,60,20210614,190000,9.945,9.95,9.945,9.95,2100,0
TWND.US,60,20210614,200000,9.95,9.95,9.95,9.95,56600,0
TWND.US,60,20210614,210000,9.95,9.95,9.93,9.935,60507,0
TWND.US,60,20210614,220000,9.935,9.94,9.93,9.935,8410,0
TWND.US,60,20210615,160000,9.94,9.94,9.9339,9.9339,16870,0
TWND.US,60,20210615,170000,9.935,9.94,9.925,9.93,113406,0
TWND.US,60,20210615,180000,9.93,9.94,9.92,9.94,10600,0
TWND.US,60,20210615,190000,9.94,9.94,9.93,9.93,221662,0
TWND.US,60,20210615,200000,9.93,9.94,9.93,9.93,3200,0
TWND.US,60,20210615,210000,9.94,9.94,9.93,9.9399,1242,0
TWND.US,60,20210615,220000,9.93,9.94,9.92,9.93,18997,0
TWND.US,60,20210616,170000,9.94,9.95,9.9311,9.94,157647,0
TWND.US,60,20210616,180000,9.94,9.95,9.94,9.95,2807,0
TWND.US,60,20210616,200000,9.9479,9.9479,9.945,9.945,401,0
TWND.US,60,20210616,220000,9.95,9.95,9.95,9.95,600,0
TWND.US,60,20210617,160000,9.94,9.94,9.94,9.94,14187,0
TWND.US,60,20210617,170000,9.94,9.95,9.94,9.95,116752,0
TWND.US,60,20210617,180000,9.94,9.94,9.93,9.93,110773,0
TWND.US,60,20210617,190000,9.93,9.93,9.92,9.925,5800,0
TWND.US,60,20210617,200000,9.93,9.94,9.926,9.93,11947,0
TWND.US,60,20210617,210000,9.93,9.94,9.93,9.94,101000,0
TWND.US,60,20210617,220000,9.94,9.94,9.94,9.94,1003,0
TWND.US,60,20210618,160000,9.93,9.93,9.93,9.93,2595,0
TWND.US,60,20210618,170000,9.935,9.94,9.93,9.935,1200,0
TWND.US,60,20210618,180000,9.935,9.94,9.92,9.93,156857,0
TWND.US,60,20210618,190000,9.93,9.94,9.93,9.94,84000,0
TWND.US,60,20210618,200000,9.93,9.94,9.93,9.94,5600,0
TWND.US,60,20210618,210000,9.93,9.945,9.92,9.93,106303,0
TWND.US,60,20210618,220000,9.94,9.95,9.935,9.94,45093,0
TWND.US,60,20210621,160000,9.92,9.93,9.92,9.93,500,0
TWND.US,60,20210621,170000,9.93,9.94,9.93,9.93,3000,0
TWND.US,60,20210621,180000,9.935,9.94,9.93,9.935,3578,0
TWND.US,60,20210621,190000,9.94,9.94,9.93,9.9399,1200,0
TWND.US,60,20210621,210000,9.93,9.935,9.93,9.935,13000,0
TWND.US,60,20210621,220000,9.935,9.94,9.93,9.94,2545,0
TWND.US,60,20210622,160000,9.94,9.94,9.93,9.93,8550,0
TWND.US,60,20210622,170000,9.94,9.94,9.93,9.93,42599,0
TWND.US,60,20210622,180000,9.935,9.935,9.93,9.93,5200,0
TWND.US,60,20210622,190000,9.93,9.94,9.93,9.935,7170,0
TWND.US,60,20210622,200000,9.93,9.935,9.93,9.93,1701,0
TWND.US,60,20210622,210000,9.935,9.935,9.93,9.93,2600,0
TWND.US,60,20210622,220000,9.935,9.94,9.925,9.94,229917,0
TWND.US,60,20210623,160000,9.94,9.94,9.92,9.9301,1621,0
TWND.US,60,20210623,170000,9.93,9.9309,9.9232,9.93,16136,0
TWND.US,60,20210623,180000,9.9261,9.9261,9.9261,9.9261,100,0
TWND.US,60,20210623,190000,9.93,9.93,9.9227,9.9227,7850,0
TWND.US,60,20210623,200000,9.92,9.92,9.92,9.92,100,0
TWND.US,60,20210623,210000,9.925,9.93,9.92,9.925,7600,0
TWND.US,60,20210623,220000,9.925,9.93,9.92,9.93,20818,0
TWND.US,60,20210624,160000,9.93,9.93,9.92,9.93,12561,0
TWND.US,60,20210624,170000,9.9232,9.94,9.9232,9.94,32200,0
TWND.US,60,20210624,180000,9.93,9.94,9.93,9.93,148075,0
TWND.US,60,20210624,190000,9.94,9.94,9.9301,9.9301,24602,0
TWND.US,60,20210624,200000,9.935,9.94,9.935,9.94,200,0
TWND.US,60,20210624,220000,9.935,9.94,9.93,9.93,1050,0
TWND.US,60,20210625,160000,9.93,9.935,9.93,9.935,500,0
TWND.US,60,20210625,170000,9.935,9.94,9.93,9.94,2248,0
TWND.US,60,20210625,180000,9.935,9.94,9.93,9.94,1627,0
TWND.US,60,20210625,190000,9.94,9.94,9.93,9.94,17304,0
TWND.US,60,20210625,200000,9.93,9.94,9.93,9.935,27876,0
TWND.US,60,20210625,210000,9.935,9.94,9.9305,9.935,7100,0
TWND.US,60,20210625,220000,9.9301,9.94,9.93,9.935,21376,0
TWND.US,60,20210628,160000,9.95,9.97,9.95,9.97,229950,0
TWND.US,60,20210628,170000,9.965,9.98,9.965,9.97,35077,0
TWND.US,60,20210628,180000,9.965,9.965,9.965,9.965,500,0
TWND.US,60,20210628,190000,9.965,9.97,9.96,9.96,25674,0
TWND.US,60,20210628,200000,9.96,9.97,9.96,9.97,4381,0
TWND.US,60,20210628,220000,9.96,9.97,9.96,9.96,21396,0
TWND.US,60,20210629,160000,9.96,9.97,9.96,9.965,10808,0
TWND.US,60,20210629,170000,9.96,9.965,9.96,9.965,400,0
TWND.US,60,20210629,180000,9.965,9.97,9.96,9.96,900,0
TWND.US,60,20210629,190000,9.97,9.97,9.96,9.96,1400,0
TWND.US,60,20210629,200000,9.96,9.965,9.96,9.96,2800,0
TWND.US,60,20210629,210000,9.9624,9.965,9.96,9.96,650,0
TWND.US,60,20210629,220000,9.965,9.97,9.96,9.96,30770,0
TWND.US,60,20210630,160000,9.96,9.97,9.96,9.96,13357,0
TWND.US,60,20210630,170000,9.965,9.97,9.96,9.96,16200,0
TWND.US,60,20210630,180000,9.96,9.97,9.96,9.97,12347,0
TWND.US,60,20210630,190000,9.97,9.97,9.96,9.97,75830,0
TWND.US,60,20210630,200000,9.965,9.97,9.96,9.97,126137,0
TWND.US,60,20210630,210000,9.97,9.97,9.96,9.96,155200,0
TWND.US,60,20210630,220000,9.965,9.98,9.96,9.97,302697,0
TWND.US,60,20210701,160000,9.96,9.97,9.96,9.97,2385,0
TWND.US,60,20210701,170000,9.965,9.97,9.96,9.965,36475,0
TWND.US,60,20210701,180000,9.965,9.98,9.96,9.96,27939,0
TWND.US,60,20210701,190000,9.96,9.97,9.96,9.965,37736,0
TWND.US,60,20210701,200000,9.965,9.97,9.96,9.965,64198,0
TWND.US,60,20210701,210000,9.965,9.97,9.96,9.96,5243,0
TWND.US,60,20210701,220000,9.96,9.97,9.96,9.96,10715,0
TWND.US,60,20210702,160000,9.96,9.98,9.96,9.98,137082,0
TWND.US,60,20210702,170000,9.98,9.98,9.97,9.97,12365,0
TWND.US,60,20210702,180000,9.97,9.97,9.97,9.97,1370,0
TWND.US,60,20210702,190000,9.97,9.98,9.97,9.97,94222,0
TWND.US,60,20210702,200000,9.97,9.98,9.97,9.98,33212,0
TWND.US,60,20210702,210000,9.97,9.97,9.97,9.97,100,0
TWND.US,60,20210702,220000,9.97,9.98,9.97,9.97,1500,0
TWND.US,60,20210706,160000,9.97,9.98,9.96,9.98,28568,0
TWND.US,60,20210706,170000,9.973,9.973,9.97,9.97,18900,0
TWND.US,60,20210706,180000,9.97,9.98,9.97,9.97,5329,0
TWND.US,60,20210706,190000,9.97,9.9715,9.97,9.97,6854,0
TWND.US,60,20210706,200000,9.97,9.98,9.97,9.97,34908,0
TWND.US,60,20210706,210000,9.97,9.98,9.97,9.97,39424,0
TWND.US,60,20210706,220000,9.97,9.97,9.97,9.97,30818,0
TWND.US,60,20210707,160000,9.97,9.98,9.96,9.97,117215,0
TWND.US,60,20210707,170000,9.97,9.98,9.97,9.97,34923,0
TWND.US,60,20210707,180000,9.97,9.98,9.97,9.98,3535,0
TWND.US,60,20210707,190000,9.97,9.98,9.97,9.9705,21679,0
TWND.US,60,20210707,200000,9.9728,9.9728,9.97,9.97,23509,0
TWND.US,60,20210707,210000,9.97,9.97,9.97,9.97,3600,0
TWND.US,60,20210707,220000,9.97,9.98,9.97,9.97,20781,0
TWND.US,60,20210708,160000,9.96,9.98,9.96,9.97,200538,0
TWND.US,60,20210708,170000,9.97,9.98,9.965,9.965,547873,0
TWND.US,60,20210708,180000,9.965,9.97,9.96,9.96,85097,0
TWND.US,60,20210708,190000,9.96,9.97,9.96,9.965,61558,0
TWND.US,60,20210708,200000,9.965,9.97,9.96,9.96,274102,0
TWND.US,60,20210708,210000,9.96,9.965,9.96,9.965,12818,0
TWND.US,60,20210708,220000,9.965,9.97,9.96,9.96,23875,0
TWND.US,60,20210709,160000,9.96,9.965,9.96,9.965,772,0
TWND.US,60,20210709,170000,9.965,9.969,9.965,9.965,5250,0
TWND.US,60,20210709,180000,9.965,9.9699,9.96,9.965,14244,0
TWND.US,60,20210709,190000,9.96,9.97,9.96,9.9661,26360,0
TWND.US,60,20210709,200000,9.965,9.97,9.96,9.965,19351,0
TWND.US,60,20210709,210000,9.965,9.97,9.96,9.97,25000,0
TWND.US,60,20210709,220000,9.96,9.98,9.96,9.98,105289,0
