<TICKER>,<PER>,<DATE>,<TIME>,<OPEN>,<HIGH>,<LOW>,<CLOSE>,<VOL>,<OPENINT>
ABIO.US,60,20200914,160000,4.53,4.58,4.4489,4.57,25145,0
ABIO.US,60,20200914,170000,4.5386,4.59,4.51,4.53,43123,0
ABIO.US,60,20200914,180000,4.53,4.77,4.52,4.7501,271698,0
ABIO.US,60,20200914,190000,4.74,4.8099,4.66,4.72,156154,0
ABIO.US,60,20200914,200000,4.71,4.75,4.7,4.7406,115695,0
ABIO.US,60,20200914,210000,4.74,4.8,4.7,4.74,84346,0
ABIO.US,60,20200914,220000,4.77,4.7934,4.72,4.78,146858,0
ABIO.US,60,20200915,160000,5.09,5.28,5.02,5.27,712212,0
ABIO.US,60,20200915,170000,5.27,5.49,5.06,5.17,1295849,0
ABIO.US,60,20200915,180000,5.17,5.275,5.1,5.23,323139,0
ABIO.US,60,20200915,190000,5.22,5.2699,5.12,5.155,152130,0
ABIO.US,60,20200915,200000,5.155,5.24,5.145,5.174,129856,0
ABIO.US,60,20200915,210000,5.18,5.2,5.1341,5.18,140596,0
ABIO.US,60,20200915,220000,5.17,5.4,5.15,5.23,1496334,0
ABIO.US,60,20200916,160000,5.19,5.2,4.85,4.98,312907,0
ABIO.US,60,20200916,170000,4.98,5.05,4.94,5.0178,187606,0
ABIO.US,60,20200916,180000,5.0087,5.04,4.95,4.985,121458,0
ABIO.US,60,20200916,190000,4.98,5.0699,4.965,5.06,137373,0
ABIO.US,60,20200916,200000,5.06,5.11,5.05,5.065,117059,0
ABIO.US,60,20200916,210000,5.07,5.15,5.045,5.11,124950,0
ABIO.US,60,20200916,220000,5.1071,5.13,5.06,5.12,207973,0
ABIO.US,60,20200917,160000,5.03,5.1124,4.9185,5.06,82076,0
ABIO.US,60,20200917,170000,5.04,5.18,5.0281,5.12,127012,0
ABIO.US,60,20200917,180000,5.139,5.17,5.04,5.07,60771,0
ABIO.US,60,20200917,190000,5.0996,5.11,5.02,5.0622,54589,0
ABIO.US,60,20200917,200000,5.06,5.08,5.02,5.0581,35156,0
ABIO.US,60,20200917,210000,5.0622,5.0799,5.0049,5.05,58526,0
ABIO.US,60,20200917,220000,5.05,5.0799,5.02,5.07,66866,0
ABIO.US,60,20200918,160000,5.07,5.12,5.0427,5.057,59639,0
ABIO.US,60,20200918,170000,5.0589,5.14,5.0368,5.08,57483,0
ABIO.US,60,20200918,180000,5.08,5.1,5.0322,5.0911,87344,0
ABIO.US,60,20200918,190000,5.0822,5.1,5.05,5.0512,49786,0
ABIO.US,60,20200918,200000,5.06,5.07,4.99,5.024,86403,0
ABIO.US,60,20200918,210000,5.0278,5.08,5.0101,5.075,37871,0
ABIO.US,60,20200918,220000,5.0709,5.25,5.06,5.18,466595,0
ABIO.US,60,20200921,160000,4.96,5.05,4.65,4.73,324530,0
ABIO.US,60,20200921,170000,4.73,4.76,4.55,4.6,287522,0
ABIO.US,60,20200921,180000,4.6136,4.83,4.58,4.735,216440,0
ABIO.US,60,20200921,190000,4.735,4.7899,4.67,4.75,85097,0
ABIO.US,60,20200921,200000,4.76,4.7699,4.64,4.648,75950,0
ABIO.US,60,20200921,210000,4.66,4.7,4.56,4.65,193240,0
ABIO.US,60,20200921,220000,4.64,4.72,4.63,4.63,158616,0
ABIO.US,60,20200922,160000,4.75,4.75,4.61,4.705,119878,0
ABIO.US,60,20200922,170000,4.7,4.7,4.6,4.6252,143828,0
ABIO.US,60,20200922,180000,4.6498,4.68,4.551,4.6578,86653,0
ABIO.US,60,20200922,190000,4.6422,4.67,4.6,4.6213,35187,0
ABIO.US,60,20200922,200000,4.63,4.655,4.61,4.6409,37847,0
ABIO.US,60,20200922,210000,4.6401,4.71,4.64,4.676,32213,0
ABIO.US,60,20200922,220000,4.66,4.7,4.6,4.62,75941,0
ABIO.US,60,20200923,160000,4.43,4.44,4.17,4.3141,275580,0
ABIO.US,60,20200923,170000,4.325,4.43,4.23,4.39,273662,0
ABIO.US,60,20200923,180000,4.37,4.4212,4.22,4.255,84686,0
ABIO.US,60,20200923,190000,4.2774,4.3368,4.25,4.2833,50356,0
ABIO.US,60,20200923,200000,4.27,4.2788,4.2084,4.24,92734,0
ABIO.US,60,20200923,210000,4.2,4.25,4.15,4.2177,121973,0
ABIO.US,60,20200923,220000,4.2,4.2,4.11,4.18,149605,0
ABIO.US,60,20200924,160000,4,4,3.85,3.9102,133124,0
ABIO.US,60,20200924,170000,3.9405,4.16,3.935,4.075,163830,0
ABIO.US,60,20200924,180000,4.0743,4.1,4.04,4.09,46776,0
ABIO.US,60,20200924,190000,4.09,4.0978,4.03,4.09,27741,0
ABIO.US,60,20200924,200000,4.0989,4.195,4.095,4.175,53497,0
ABIO.US,60,20200924,210000,4.1602,4.1649,4.06,4.06,32001,0
ABIO.US,60,20200924,220000,4.0583,4.0914,4.03,4.07,45595,0
ABIO.US,60,20200925,160000,4.16,4.4323,4.16,4.3573,97007,0
ABIO.US,60,20200925,170000,4.3351,4.4271,4.3078,4.3451,93106,0
ABIO.US,60,20200925,180000,4.34,4.37,4.32,4.3699,30473,0
ABIO.US,60,20200925,190000,4.36,4.39,4.331,4.355,35794,0
ABIO.US,60,20200925,200000,4.3511,4.5499,4.35,4.5059,74241,0
ABIO.US,60,20200925,210000,4.5099,4.54,4.4349,4.5,100201,0
ABIO.US,60,20200925,220000,4.49,4.54,4.4,4.49,74016,0
ABIO.US,60,20200928,160000,4.6127,4.65,4.46,4.54,106306,0
ABIO.US,60,20200928,170000,4.54,4.61,4.49,4.49,84037,0
ABIO.US,60,20200928,180000,4.4999,4.535,4.3888,4.4283,86605,0
ABIO.US,60,20200928,190000,4.435,4.4957,4.42,4.44,27341,0
ABIO.US,60,20200928,200000,4.44,4.563,4.42,4.5609,31686,0
ABIO.US,60,20200928,210000,4.5183,4.59,4.5001,4.56,26471,0
ABIO.US,60,20200928,220000,4.575,4.59,4.51,4.55,58650,0
ABIO.US,60,20200929,160000,4.46,4.49,4.4007,4.475,60179,0
ABIO.US,60,20200929,170000,4.4741,4.52,4.41,4.4595,44859,0
ABIO.US,60,20200929,180000,4.46,4.535,4.4501,4.48,28046,0
ABIO.US,60,20200929,190000,4.5064,4.52,4.4807,4.51,27012,0
ABIO.US,60,20200929,200000,4.52,4.52,4.41,4.43,39047,0
ABIO.US,60,20200929,210000,4.45,4.49,4.42,4.48,31829,0
ABIO.US,60,20200929,220000,4.4601,4.4854,4.37,4.44,90217,0
ABIO.US,60,20200930,160000,4.38,4.5,4.38,4.4465,31435,0
ABIO.US,60,20200930,170000,4.435,4.48,4.4213,4.46,16199,0
ABIO.US,60,20200930,180000,4.45,4.52,4.4403,4.51,24070,0
ABIO.US,60,20200930,190000,4.51,4.555,4.47,4.5236,36999,0
ABIO.US,60,20200930,200000,4.51,4.52,4.45,4.4879,12480,0
ABIO.US,60,20200930,210000,4.4708,4.5,4.42,4.44,36471,0
ABIO.US,60,20200930,220000,4.44,4.48,4.4,4.42,22770,0
ABIO.US,60,20201001,160000,4.45,4.47,4.3925,4.4,27729,0
ABIO.US,60,20201001,170000,4.4,4.4347,4.27,4.36,66460,0
ABIO.US,60,20201001,180000,4.385,4.4899,4.37,4.435,73010,0
ABIO.US,60,20201001,190000,4.4468,4.4468,4.386,4.41,12663,0
ABIO.US,60,20201001,200000,4.4,4.44,4.39,4.407,9517,0
ABIO.US,60,20201001,210000,4.41,4.43,4.38,4.41,12412,0
ABIO.US,60,20201001,220000,4.4359,4.44,4.345,4.43,20318,0
ABIO.US,60,20201002,160000,4.32,4.39,4.2038,4.3899,32910,0
ABIO.US,60,20201002,170000,4.39,4.39,4.335,4.36,39377,0
ABIO.US,60,20201002,180000,4.353,4.3676,4.3026,4.32,9472,0
ABIO.US,60,20201002,190000,4.32,4.41,4.28,4.34,63335,0
ABIO.US,60,20201002,200000,4.34,4.397,4.3199,4.3801,51944,0
ABIO.US,60,20201002,210000,4.397,4.52,4.38,4.51,66654,0
ABIO.US,60,20201002,220000,4.5122,4.6,4.4301,4.55,211131,0
ABIO.US,60,20201005,160000,4.62,4.715,4.6,4.64,56516,0
ABIO.US,60,20201005,170000,4.65,4.68,4.56,4.5821,67761,0
ABIO.US,60,20201005,180000,4.6,4.61,4.42,4.5301,120785,0
ABIO.US,60,20201005,190000,4.53,4.58,4.515,4.565,16747,0
ABIO.US,60,20201005,200000,4.5789,4.5789,4.5,4.52,22182,0
ABIO.US,60,20201005,210000,4.51,4.55,4.495,4.55,18405,0
ABIO.US,60,20201005,220000,4.5601,4.63,4.55,4.6,62351,0
ABIO.US,60,20201006,160000,4.64,4.6766,4.6012,4.6499,35406,0
ABIO.US,60,20201006,170000,4.63,4.98,4.62,4.8984,393105,0
ABIO.US,60,20201006,180000,4.9172,4.94,4.8114,4.8297,80396,0
ABIO.US,60,20201006,190000,4.84,5.04,4.82,5.0056,183815,0
ABIO.US,60,20201006,200000,5.02,5.14,4.9749,5.03,355548,0
ABIO.US,60,20201006,210000,5.01,5.05,4.87,4.91,175821,0
ABIO.US,60,20201006,220000,4.915,5.23,4.71,5.18,499358,0
ABIO.US,60,20201007,160000,5.35,5.3999,4.75,4.86,1177287,0
ABIO.US,60,20201007,170000,4.8599,4.9855,4.62,4.8,827412,0
ABIO.US,60,20201007,180000,4.81,4.88,4.71,4.8113,245216,0
ABIO.US,60,20201007,190000,4.82,4.82,4.7,4.75,280698,0
ABIO.US,60,20201007,200000,4.74,4.86,4.731,4.7999,148979,0
ABIO.US,60,20201007,210000,4.771,4.8,4.75,4.76,95525,0
ABIO.US,60,20201007,220000,4.7614,4.7897,4.72,4.74,208624,0
ABIO.US,60,20201008,160000,4.58,4.58,4.43,4.4604,194936,0
ABIO.US,60,20201008,170000,4.46,4.52,4.44,4.48,182943,0
ABIO.US,60,20201008,180000,4.47,4.49,4.4,4.41,246769,0
ABIO.US,60,20201008,190000,4.41,4.4499,4.35,4.3978,181178,0
ABIO.US,60,20201008,200000,4.38,4.4055,4.32,4.335,151294,0
ABIO.US,60,20201008,210000,4.34,4.43,4.3201,4.43,121761,0
ABIO.US,60,20201008,220000,4.435,4.44,4.36,4.38,124196,0
ABIO.US,60,20201009,160000,4.4,4.4219,4.26,4.34,184103,0
ABIO.US,60,20201009,170000,4.35,4.4099,4.34,4.38,73635,0
ABIO.US,60,20201009,180000,4.3888,4.48,4.3757,4.4101,75831,0
ABIO.US,60,20201009,190000,4.4186,4.44,4.3601,4.4099,30452,0
ABIO.US,60,20201009,200000,4.4,4.4099,4.3501,4.3811,22603,0
ABIO.US,60,20201009,210000,4.38,4.3948,4.35,4.36,35031,0
ABIO.US,60,20201009,220000,4.3748,4.41,4.34,4.38,88381,0
ABIO.US,60,20201012,160000,4.43,4.4301,4.28,4.355,67235,0
ABIO.US,60,20201012,170000,4.34,4.36,4.25,4.295,104707,0
ABIO.US,60,20201012,180000,4.28,4.32,4.26,4.27,64098,0
ABIO.US,60,20201012,190000,4.2778,4.28,4.22,4.255,62388,0
ABIO.US,60,20201012,200000,4.26,4.26,4.204,4.2358,73755,0
ABIO.US,60,20201012,210000,4.23,4.2455,4.2,4.2256,34803,0
ABIO.US,60,20201012,220000,4.22,4.23,4.19,4.2,116107,0
ABIO.US,60,20201013,160000,4.202,4.27,4.16,4.2213,44413,0
ABIO.US,60,20201013,170000,4.225,4.24,4.155,4.205,49724,0
ABIO.US,60,20201013,180000,4.2,4.2,4.17,4.18,37149,0
ABIO.US,60,20201013,190000,4.17,4.2431,4.16,4.24,60265,0
ABIO.US,60,20201013,200000,4.24,4.2599,4.21,4.23,28231,0
ABIO.US,60,20201013,210000,4.24,4.24,4.185,4.19,22313,0
ABIO.US,60,20201013,220000,4.1975,4.2356,4.18,4.22,35388,0
ABIO.US,60,20201014,160000,4.2,4.21,4.16,4.1674,36866,0
ABIO.US,60,20201014,170000,4.1611,4.25,4.1,4.21,125627,0
ABIO.US,60,20201014,180000,4.2101,4.2399,4.205,4.21,23301,0
ABIO.US,60,20201014,190000,4.2,4.22,4.18,4.21,13374,0
ABIO.US,60,20201014,200000,4.2057,4.22,4.16,4.2,17150,0
ABIO.US,60,20201014,210000,4.2,4.22,4.165,4.202,27190,0
ABIO.US,60,20201014,220000,4.2,4.2201,4.16,4.16,50944,0
ABIO.US,60,20201015,160000,4.16,4.22,4.16,4.1822,20471,0
ABIO.US,60,20201015,170000,4.1934,4.21,4.16,4.1998,28336,0
ABIO.US,60,20201015,180000,4.195,4.335,4.18,4.3008,113406,0
ABIO.US,60,20201015,190000,4.26,4.29,4.23,4.245,18273,0
ABIO.US,60,20201015,200000,4.251,4.3,4.2414,4.28,18073,0
ABIO.US,60,20201015,210000,4.26,4.305,4.25,4.27,37772,0
ABIO.US,60,20201015,220000,4.26,4.3,4.25,4.29,26044,0
ABIO.US,60,20201016,160000,4.25,4.3,4.22,4.2461,14919,0
ABIO.US,60,20201016,170000,4.255,4.2899,4.236,4.2425,19107,0
ABIO.US,60,20201016,180000,4.24,4.27,4.22,4.26,24255,0
ABIO.US,60,20201016,190000,4.255,4.26,4.21,4.22,22194,0
ABIO.US,60,20201016,200000,4.2174,4.2378,4.21,4.23,18083,0
ABIO.US,60,20201016,210000,4.2261,4.23,4.21,4.2247,11614,0
ABIO.US,60,20201016,220000,4.215,4.24,4.16,4.17,49466,0
ABIO.US,60,20201019,160000,4.18,4.24,4.17,4.2171,18380,0
ABIO.US,60,20201019,170000,4.2153,4.2308,4.17,4.2236,50547,0
ABIO.US,60,20201019,180000,4.22,4.2951,4.199,4.27,24455,0
ABIO.US,60,20201019,190000,4.275,4.2778,4.24,4.24,8270,0
ABIO.US,60,20201019,200000,4.23,4.2462,4.2122,4.22,16369,0
ABIO.US,60,20201019,210000,4.21,4.2299,4.2,4.205,10703,0
ABIO.US,60,20201019,220000,4.205,4.21,4.16,4.21,53984,0
ABIO.US,60,20201020,160000,4.2,4.25,4.2,4.2201,20650,0
ABIO.US,60,20201020,170000,4.2214,4.29,4.19,4.2,50424,0
ABIO.US,60,20201020,180000,4.1948,4.22,4.17,4.21,20110,0
ABIO.US,60,20201020,190000,4.1922,4.2,4.13,4.18,48695,0
ABIO.US,60,20201020,200000,4.177,4.2199,4.15,4.19,62862,0
ABIO.US,60,20201020,210000,4.19,4.1901,4.15,4.1689,33893,0
ABIO.US,60,20201020,220000,4.165,4.17,4.1189,4.16,39508,0
ABIO.US,60,20201021,160000,4.17,4.24,4.137,4.1489,15535,0
ABIO.US,60,20201021,170000,4.155,4.1951,4.11,4.127,18826,0
ABIO.US,60,20201021,180000,4.1222,4.1222,4.07,4.1178,34082,0
ABIO.US,60,20201021,190000,4.1,4.1132,4.08,4.11,16290,0
ABIO.US,60,20201021,200000,4.1002,4.11,4.08,4.1026,20522,0
ABIO.US,60,20201021,210000,4.1011,4.12,4.1,4.1,6590,0
ABIO.US,60,20201021,220000,4.1099,4.11,4.05,4.08,41151,0
ABIO.US,60,20201022,160000,4.09,4.11,4.03,4.11,21346,0
ABIO.US,60,20201022,170000,4.09,4.105,4.01,4.07,48293,0
ABIO.US,60,20201022,180000,4.06,4.08,4.0222,4.03,15872,0
ABIO.US,60,20201022,190000,4.04,4.08,4.031,4.07,18063,0
ABIO.US,60,20201022,200000,4.07,4.07,4.04,4.0501,13225,0
ABIO.US,60,20201022,210000,4.0589,4.145,4.0589,4.13,48663,0
ABIO.US,60,20201022,220000,4.1326,4.1448,4.1,4.1,40226,0
ABIO.US,60,20201023,160000,4.12,4.158,4.08,4.08,9750,0
ABIO.US,60,20201023,170000,4.1,4.1281,4.01,4.03,47025,0
ABIO.US,60,20201023,180000,4.039,4.09,4.0301,4.0673,14627,0
ABIO.US,60,20201023,190000,4.052,4.0764,4.03,4.035,17933,0
ABIO.US,60,20201023,200000,4.035,4.08,4.0201,4.0648,7533,0
ABIO.US,60,20201023,210000,4.06,4.06,4.02,4.04,12455,0
ABIO.US,60,20201023,220000,4.02,4.07,4.02,4.03,30668,0
ABIO.US,60,20201026,150000,4.04,4.0477,4.0101,4.035,17883,0
ABIO.US,60,20201026,160000,4.035,4.04,3.95,3.9981,131560,0
ABIO.US,60,20201026,170000,4.02,4.12,4.0001,4.0701,106129,0
ABIO.US,60,20201026,180000,4.07,4.1146,4.03,4.0461,32000,0
ABIO.US,60,20201026,190000,4.05,4.07,3.96,3.9978,59437,0
ABIO.US,60,20201026,200000,4,4.0183,3.9601,4,17491,0
ABIO.US,60,20201026,210000,4.02,4.02,3.98,3.982,27741,0
ABIO.US,60,20201027,150000,4,4.0344,3.98,3.9812,12301,0
ABIO.US,60,20201027,160000,3.98,4,3.9514,3.9801,26042,0
ABIO.US,60,20201027,170000,4,4.01,3.97,3.98,13644,0
ABIO.US,60,20201027,180000,3.9889,3.99,3.96,3.96,23708,0
ABIO.US,60,20201027,190000,3.9689,3.985,3.9635,3.9761,15626,0
ABIO.US,60,20201027,200000,3.98,3.9989,3.9701,3.9811,15454,0
ABIO.US,60,20201027,210000,3.98,3.985,3.95,3.95,24683,0
ABIO.US,60,20201028,150000,3.87,3.91,3.8,3.81,102158,0
ABIO.US,60,20201028,160000,3.8138,3.8225,3.71,3.7699,136217,0
ABIO.US,60,20201028,170000,3.76,3.8089,3.76,3.8089,49263,0
ABIO.US,60,20201028,180000,3.8001,3.99,3.79,3.915,236781,0
ABIO.US,60,20201028,190000,3.925,3.925,3.85,3.92,46506,0
ABIO.US,60,20201028,200000,3.9066,3.93,3.8726,3.8726,18122,0
ABIO.US,60,20201028,210000,3.89,3.93,3.8749,3.885,38652,0
ABIO.US,60,20201029,150000,3.86,3.9284,3.825,3.8764,7008,0
ABIO.US,60,20201029,160000,3.8826,3.8835,3.83,3.8835,10823,0
ABIO.US,60,20201029,170000,3.8684,3.8853,3.83,3.83,6344,0
ABIO.US,60,20201029,180000,3.8483,3.86,3.815,3.815,3766,0
ABIO.US,60,20201029,190000,3.815,3.85,3.78,3.845,19931,0
ABIO.US,60,20201029,200000,3.85,3.92,3.85,3.87,7754,0
ABIO.US,60,20201029,210000,3.91,3.91,3.84,3.84,15388,0
ABIO.US,60,20201030,150000,3.85,3.85,3.7603,3.84,12162,0
ABIO.US,60,20201030,160000,3.81,3.82,3.71,3.73,40230,0
ABIO.US,60,20201030,170000,3.73,3.7958,3.72,3.795,23206,0
ABIO.US,60,20201030,180000,3.7901,3.815,3.74,3.75,27302,0
ABIO.US,60,20201030,190000,3.75,3.86,3.7473,3.81,105859,0
ABIO.US,60,20201030,200000,3.8352,3.86,3.81,3.84,14800,0
ABIO.US,60,20201030,210000,3.84,3.8578,3.81,3.85,56558,0
ABIO.US,60,20201102,160000,3.98,4.11,3.965,4.02,190514,0
ABIO.US,60,20201102,170000,4.02,4.06,3.95,4.015,124124,0
ABIO.US,60,20201102,180000,4.0101,4.0586,4,4.03,44348,0
ABIO.US,60,20201102,190000,4.035,4.04,3.9822,3.984,38745,0
ABIO.US,60,20201102,200000,3.9981,4.0181,3.93,3.9581,121759,0
ABIO.US,60,20201102,210000,3.955,4.02,3.9513,3.97,40664,0
ABIO.US,60,20201102,220000,3.9959,4.07,3.99,4.05,67718,0
ABIO.US,60,20201103,160000,4.05,4.0601,3.97,4.0001,21012,0
ABIO.US,60,20201103,170000,3.99,4.01,3.96,3.98,26620,0
ABIO.US,60,20201103,180000,3.985,4.02,3.97,3.99,23671,0
ABIO.US,60,20201103,190000,4,4.02,3.98,4,15635,0
ABIO.US,60,20201103,200000,4.005,4.01,3.95,3.9799,19700,0
ABIO.US,60,20201103,210000,3.978,4,3.9593,4,11301,0
ABIO.US,60,20201103,220000,4,4.04,3.98,4.02,26193,0
ABIO.US,60,20201104,160000,4.03,4.035,3.9798,3.99,13072,0
ABIO.US,60,20201104,170000,3.96,4.0099,3.93,3.95,23406,0
ABIO.US,60,20201104,180000,3.96,3.99,3.91,3.9862,64443,0
ABIO.US,60,20201104,190000,4,4.03,3.97,3.98,20652,0
ABIO.US,60,20201104,200000,3.99,4.02,3.97,4.02,40377,0
ABIO.US,60,20201104,210000,4.02,4.1468,4.02,4.0422,203319,0
ABIO.US,60,20201104,220000,4.0422,4.08,4.02,4.03,28282,0
ABIO.US,60,20201105,160000,4.0335,4.0549,3.96,3.96,13025,0
ABIO.US,60,20201105,170000,3.9954,4.0656,3.96,4.02,23076,0
ABIO.US,60,20201105,180000,4.02,4.035,3.98,3.98,22848,0
ABIO.US,60,20201105,190000,3.98,4.016,3.94,4.0062,18279,0
ABIO.US,60,20201105,200000,4.01,4.0177,3.9812,3.99,11663,0
ABIO.US,60,20201105,210000,3.98,4.0055,3.96,3.97,26908,0
ABIO.US,60,20201105,220000,3.98,4.047,3.98,3.99,77505,0
ABIO.US,60,20201106,160000,4,4.0068,3.96,3.9843,16307,0
ABIO.US,60,20201106,170000,3.9752,4.03,3.97,3.9878,33677,0
ABIO.US,60,20201106,180000,3.98,4,3.925,3.985,36448,0
ABIO.US,60,20201106,190000,3.985,4.02,3.98,3.9845,13238,0
ABIO.US,60,20201106,200000,3.99,4.015,3.98,4.0016,9207,0
ABIO.US,60,20201106,210000,4.005,4.02,3.96,3.9764,11290,0
ABIO.US,60,20201106,220000,3.98,3.99,3.95,3.95,18382,0
ABIO.US,60,20201109,160000,3.9986,4.05,3.94,3.98,19283,0
ABIO.US,60,20201109,170000,3.94,3.97,3.89,3.94,64410,0
ABIO.US,60,20201109,180000,3.92,3.94,3.86,3.87,31334,0
ABIO.US,60,20201109,190000,3.87,3.9,3.82,3.8337,28130,0
ABIO.US,60,20201109,200000,3.86,3.88,3.8,3.81,22308,0
ABIO.US,60,20201109,210000,3.84,3.84,3.78,3.83,41873,0
ABIO.US,60,20201109,220000,3.83,3.8625,3.77,3.81,118847,0
ABIO.US,60,20201110,160000,3.78,3.81,3.76,3.8082,11549,0
ABIO.US,60,20201110,170000,3.8174,3.8659,3.74,3.8534,40560,0
ABIO.US,60,20201110,180000,3.8501,3.9059,3.8201,3.8762,49051,0
ABIO.US,60,20201110,190000,3.8789,3.94,3.8789,3.92,37676,0
ABIO.US,60,20201110,200000,3.9111,3.9278,3.87,3.91,22406,0
ABIO.US,60,20201110,210000,3.9,3.93,3.89,3.895,9451,0
ABIO.US,60,20201110,220000,3.89,3.9,3.86,3.87,13217,0
ABIO.US,60,20201111,160000,3.88,3.8819,3.8431,3.8431,7171,0
ABIO.US,60,20201111,170000,3.83,3.89,3.83,3.875,10317,0
ABIO.US,60,20201111,180000,3.88,3.91,3.844,3.88,14563,0
ABIO.US,60,20201111,190000,3.88,3.9,3.85,3.85,26959,0
ABIO.US,60,20201111,200000,3.86,3.87,3.825,3.8322,24985,0
ABIO.US,60,20201111,210000,3.83,3.841,3.77,3.8089,20873,0
ABIO.US,60,20201111,220000,3.805,3.89,3.803,3.82,29319,0
ABIO.US,60,20201112,160000,3.85,3.88,3.83,3.88,10235,0
ABIO.US,60,20201112,170000,3.88,3.95,3.88,3.905,46857,0
ABIO.US,60,20201112,180000,3.88,3.93,3.88,3.92,12294,0
ABIO.US,60,20201112,190000,3.93,3.93,3.84,3.875,23308,0
ABIO.US,60,20201112,200000,3.85,3.9,3.83,3.88,14845,0
ABIO.US,60,20201112,210000,3.8999,3.95,3.8664,3.9,51309,0
ABIO.US,60,20201112,220000,3.94,3.99,3.91,3.98,41788,0
ABIO.US,60,20201113,160000,3.95,4.01,3.95,3.99,18817,0
ABIO.US,60,20201113,170000,4,4.05,3.98,4.03,47895,0
ABIO.US,60,20201113,180000,4.0248,4.09,4.01,4.03,31891,0
ABIO.US,60,20201113,190000,4.03,4.035,3.98,4.0265,26255,0
ABIO.US,60,20201113,200000,4.025,4.03,3.99,4.0101,24893,0
ABIO.US,60,20201113,210000,4.02,4.05,4.01,4.0202,16013,0
ABIO.US,60,20201113,220000,4.02,4.028,3.9998,4,6120,0
ABIO.US,60,20201116,160000,4.01,4.01,3.96,4,26653,0
ABIO.US,60,20201116,170000,3.99,4.04,3.98,4.03,18997,0
ABIO.US,60,20201116,180000,4.055,4.06,4,4.05,8671,0
ABIO.US,60,20201116,190000,4.03,4.05,4.01,4.05,6475,0
ABIO.US,60,20201116,200000,4.035,4.04,4.01,4.02,7810,0
ABIO.US,60,20201116,210000,4.02,4.06,4.01,4.06,21316,0
ABIO.US,60,20201116,220000,4.06,4.09,4.0201,4.05,47163,0
ABIO.US,60,20201117,160000,4.04,4.04,3.97,4,8944,0
ABIO.US,60,20201117,170000,4,4.02,3.96,3.9883,11117,0
ABIO.US,60,20201117,180000,3.9799,4,3.97,3.98,18107,0
ABIO.US,60,20201117,190000,3.975,4,3.95,3.9956,7207,0
ABIO.US,60,20201117,200000,3.99,3.99,3.97,3.97,9696,0
ABIO.US,60,20201117,210000,3.9789,3.9999,3.96,3.96,21877,0
ABIO.US,60,20201117,220000,3.96,3.9642,3.93,3.93,12509,0
ABIO.US,60,20201118,160000,3.95,3.9672,3.9,3.9,19692,0
ABIO.US,60,20201118,170000,3.93,3.94,3.88,3.9238,20661,0
ABIO.US,60,20201118,180000,3.9122,3.93,3.9,3.905,6807,0
ABIO.US,60,20201118,190000,3.905,3.93,3.8938,3.92,16015,0
ABIO.US,60,20201118,200000,3.9189,3.9899,3.9189,3.96,29335,0
ABIO.US,60,20201118,210000,3.955,3.97,3.9199,3.92,38877,0
ABIO.US,60,20201118,220000,3.915,3.94,3.8801,3.9,17723,0
ABIO.US,60,20201119,160000,3.89,3.92,3.86,3.92,21226,0
ABIO.US,60,20201119,170000,3.9056,3.92,3.869,3.9,22356,0
ABIO.US,60,20201119,180000,3.9,3.9,3.86,3.8759,33390,0
ABIO.US,60,20201119,190000,3.88,3.88,3.83,3.862,24001,0
ABIO.US,60,20201119,200000,3.85,3.865,3.82,3.83,59786,0
ABIO.US,60,20201119,210000,3.84,3.85,3.81,3.85,18357,0
ABIO.US,60,20201119,220000,3.85,3.86,3.73,3.74,193230,0
ABIO.US,60,20201120,160000,3.78,3.79,3.73,3.76,30864,0
ABIO.US,60,20201120,170000,3.7501,3.8284,3.75,3.8,34246,0
ABIO.US,60,20201120,180000,3.79,3.83,3.77,3.7801,91725,0
ABIO.US,60,20201120,190000,3.78,3.8,3.76,3.76,11887,0
ABIO.US,60,20201120,200000,3.75,3.8141,3.75,3.7925,12837,0
ABIO.US,60,20201120,210000,3.7978,3.89,3.795,3.8884,53780,0
ABIO.US,60,20201120,220000,3.89,3.9,3.85,3.89,26334,0
ABIO.US,60,20201123,160000,4.05,4.23,4,4.0676,441710,0
ABIO.US,60,20201123,170000,4.06,4.14,3.9603,4.1397,200053,0
ABIO.US,60,20201123,180000,4.14,4.19,4.103,4.13,144760,0
ABIO.US,60,20201123,190000,4.13,4.17,4.06,4.13,91209,0
ABIO.US,60,20201123,200000,4.125,4.16,4.08,4.1322,90022,0
ABIO.US,60,20201123,210000,4.14,4.28,4.14,4.261,142456,0
ABIO.US,60,20201123,220000,4.251,4.26,4.14,4.18,178483,0
ABIO.US,60,20201124,160000,4.13,4.1453,4,4,82986,0
ABIO.US,60,20201124,170000,4.025,4.0399,3.9101,3.985,106761,0
ABIO.US,60,20201124,180000,3.991,4.0296,3.95,4.01,47536,0
ABIO.US,60,20201124,190000,4.03,4.03,3.98,4,35477,0
ABIO.US,60,20201124,200000,3.9922,4.02,3.9611,3.985,24177,0
ABIO.US,60,20201124,210000,3.97,3.99,3.95,3.965,42269,0
ABIO.US,60,20201124,220000,3.975,4.08,3.975,4.04,65029,0
ABIO.US,60,20201125,160000,4.0052,4.04,3.98,4.015,27846,0
ABIO.US,60,20201125,170000,4.02,4.0399,4,4.0244,19823,0
ABIO.US,60,20201125,180000,4.025,4.13,4.02,4.1221,49928,0
ABIO.US,60,20201125,190000,4.12,4.1556,4.1,4.11,28320,0
ABIO.US,60,20201125,200000,4.11,4.14,4.0774,4.11,20208,0
ABIO.US,60,20201125,210000,4.11,4.13,4.09,4.1056,28670,0
ABIO.US,60,20201125,220000,4.105,4.19,4.105,4.19,51423,0
ABIO.US,60,20201127,160000,4.19,4.4498,4.19,4.34,297138,0
ABIO.US,60,20201127,170000,4.35,4.42,4.31,4.36,148388,0
ABIO.US,60,20201127,180000,4.3768,4.4099,4.29,4.3651,63001,0
ABIO.US,60,20201127,190000,4.35,4.35,4.22,4.25,64585,0
ABIO.US,60,20201127,200000,4.28,4.28,4.28,4.28,824,0
ABIO.US,60,20201130,160000,4.23,4.23,4.12,4.1593,43002,0
ABIO.US,60,20201130,170000,4.15,4.19,4.03,4.06,80677,0
ABIO.US,60,20201130,180000,4.06,4.16,4.04,4.1549,61219,0
ABIO.US,60,20201130,190000,4.1444,4.19,4.1349,4.1671,12150,0
ABIO.US,60,20201130,200000,4.17,4.2302,4.17,4.17,42692,0
ABIO.US,60,20201130,210000,4.18,4.23,4.1718,4.19,43355,0
ABIO.US,60,20201130,220000,4.2227,4.27,4.17,4.24,52687,0
ABIO.US,60,20201201,160000,4.24,4.24,4.14,4.1601,51304,0
ABIO.US,60,20201201,170000,4.1854,4.23,4.1,4.1,46847,0
ABIO.US,60,20201201,180000,4.115,4.16,4.1,4.1288,21007,0
ABIO.US,60,20201201,190000,4.12,4.17,4.11,4.14,32104,0
ABIO.US,60,20201201,200000,4.14,4.18,4.13,4.18,29710,0
ABIO.US,60,20201201,210000,4.18,4.1934,4.15,4.17,4135,0
ABIO.US,60,20201201,220000,4.15,4.2,4.11,4.19,34359,0
ABIO.US,60,20201202,160000,4.18,4.189,4.11,4.14,23159,0
ABIO.US,60,20201202,170000,4.1101,4.2825,4.1,4.255,71907,0
ABIO.US,60,20201202,180000,4.25,4.3,4.22,4.28,45285,0
ABIO.US,60,20201202,190000,4.29,4.33,4.27,4.2891,24620,0
ABIO.US,60,20201202,200000,4.285,4.285,4.2374,4.25,14236,0
ABIO.US,60,20201202,210000,4.25,4.28,4.23,4.2349,46920,0
ABIO.US,60,20201202,220000,4.2362,4.28,4.2,4.27,44593,0
ABIO.US,60,20201203,160000,4.24,4.29,4.22,4.2633,10141,0
ABIO.US,60,20201203,170000,4.2476,4.26,4.21,4.23,36069,0
ABIO.US,60,20201203,180000,4.2498,4.3099,4.2498,4.295,38537,0
ABIO.US,60,20201203,190000,4.3,4.35,4.29,4.3212,39422,0
ABIO.US,60,20201203,200000,4.3211,4.33,4.29,4.29,7756,0
ABIO.US,60,20201203,210000,4.29,4.3301,4.26,4.27,18578,0
ABIO.US,60,20201203,220000,4.295,4.295,4.23,4.26,21553,0
ABIO.US,60,20201204,160000,4.27,4.31,4.23,4.23,12897,0
ABIO.US,60,20201204,170000,4.238,4.26,4.18,4.2192,29294,0
ABIO.US,60,20201204,180000,4.2499,4.2499,4.18,4.2203,22923,0
ABIO.US,60,20201204,190000,4.2278,4.2461,4.19,4.2461,20948,0
ABIO.US,60,20201204,200000,4.23,4.231,4.2,4.23,12302,0
ABIO.US,60,20201204,210000,4.2232,4.2289,4.18,4.2289,15229,0
ABIO.US,60,20201204,220000,4.221,4.225,4.17,4.19,39973,0
ABIO.US,60,20201207,160000,4.19,4.24,4.1386,4.19,23359,0
ABIO.US,60,20201207,170000,4.186,4.2,4.1103,4.16,33682,0
ABIO.US,60,20201207,180000,4.155,4.161,4.14,4.161,13029,0
ABIO.US,60,20201207,190000,4.1699,4.1857,4.14,4.16,14894,0
ABIO.US,60,20201207,200000,4.1699,4.17,4.125,4.13,8247,0
ABIO.US,60,20201207,210000,4.13,4.14,4.09,4.1248,16362,0
ABIO.US,60,20201207,220000,4.1,4.15,4.09,4.09,32013,0
ABIO.US,60,20201208,160000,4.09,4.17,4.09,4.16,42716,0
ABIO.US,60,20201208,170000,4.1698,4.2,4.1001,4.1622,34262,0
ABIO.US,60,20201208,180000,4.1644,4.19,4.1,4.1511,16150,0
ABIO.US,60,20201208,190000,4.16,4.19,4.15,4.1682,22452,0
ABIO.US,60,20201208,200000,4.16,4.2,4.15,4.16,8241,0
ABIO.US,60,20201208,210000,4.1523,4.165,4.1299,4.15,11554,0
ABIO.US,60,20201208,220000,4.16,4.16,4.11,4.15,22135,0
ABIO.US,60,20201209,160000,4.15,4.1799,4.11,4.1301,12982,0
ABIO.US,60,20201209,170000,4.105,4.14,4.05,4.117,47296,0
ABIO.US,60,20201209,180000,4.1,4.15,4.09,4.14,6709,0
ABIO.US,60,20201209,190000,4.1332,4.16,4.1,4.11,15062,0
ABIO.US,60,20201209,200000,4.116,4.1278,3.97,4,53264,0
ABIO.US,60,20201209,210000,4,4.1,3.98,4.1,43046,0
ABIO.US,60,20201209,220000,4.095,4.15,4.0892,4.12,23317,0
ABIO.US,60,20201210,160000,4.07,4.2,4.06,4.1781,44783,0
ABIO.US,60,20201210,170000,4.184,4.34,4.17,4.2794,127833,0
ABIO.US,60,20201210,180000,4.25,4.25,4.1899,4.25,21038,0
ABIO.US,60,20201210,190000,4.23,4.32,4.22,4.269,53333,0
ABIO.US,60,20201210,200000,4.27,4.3,4.2499,4.25,13172,0
ABIO.US,60,20201210,210000,4.25,4.25,4.19,4.22,17879,0
ABIO.US,60,20201210,220000,4.24,4.3,4.22,4.3,52314,0
ABIO.US,60,20201211,160000,4.37,4.6,4.36,4.5899,224117,0
ABIO.US,60,20201211,170000,4.56,4.59,4.35,4.43,147450,0
ABIO.US,60,20201211,180000,4.42,4.4585,4.31,4.39,53998,0
ABIO.US,60,20201211,190000,4.3898,4.4,4.32,4.3855,53630,0
ABIO.US,60,20201211,200000,4.36,4.4,4.36,4.4,32932,0
ABIO.US,60,20201211,210000,4.41,4.42,4.36,4.3997,69043,0
ABIO.US,60,20201211,220000,4.42,4.52,4.4045,4.43,106075,0
ABIO.US,60,20201214,160000,4.44,4.5,4.38,4.42,41608,0
ABIO.US,60,20201214,170000,4.42,4.44,4.35,4.35,38659,0
ABIO.US,60,20201214,180000,4.3501,4.435,4.31,4.43,26085,0
ABIO.US,60,20201214,190000,4.415,4.44,4.39,4.3962,16000,0
ABIO.US,60,20201214,200000,4.3974,4.4114,4.35,4.36,13602,0
ABIO.US,60,20201214,210000,4.36,4.38,4.346,4.358,14997,0
ABIO.US,60,20201214,220000,4.35,4.36,4.27,4.3,30485,0
ABIO.US,60,20201215,160000,4.26,4.34,4.1,4.185,173587,0
ABIO.US,60,20201215,170000,4.1674,4.18,4.08,4.0859,90544,0
ABIO.US,60,20201215,180000,4.12,4.15,4.0777,4.12,51259,0
ABIO.US,60,20201215,190000,4.11,4.16,4.1,4.119,25035,0
ABIO.US,60,20201215,200000,4.14,4.16,4.11,4.125,18697,0
ABIO.US,60,20201215,210000,4.13,4.1704,4.1299,4.15,13916,0
ABIO.US,60,20201215,220000,4.1698,4.19,4.12,4.15,52309,0
ABIO.US,60,20201216,160000,4.14,4.18,4.06,4.11,36052,0
ABIO.US,60,20201216,170000,4.14,4.14,4.06,4.09,27707,0
ABIO.US,60,20201216,180000,4.1,4.12,4.08,4.1111,28365,0
ABIO.US,60,20201216,190000,4.11,4.14,4.09,4.1041,13399,0
ABIO.US,60,20201216,200000,4.1003,4.115,4.07,4.08,25660,0
ABIO.US,60,20201216,210000,4.09,4.1,4.075,4.0801,38878,0
ABIO.US,60,20201216,220000,4.07,4.13,4.0525,4.12,42401,0
ABIO.US,60,20201217,160000,4.14,4.14,4.06,4.0705,12628,0
ABIO.US,60,20201217,170000,4.06,4.17,4.05,4.1,45828,0
ABIO.US,60,20201217,180000,4.1,4.12,4.08,4.08,12087,0
ABIO.US,60,20201217,190000,4.08,4.15,4.08,4.11,28012,0
ABIO.US,60,20201217,200000,4.11,4.12,4.08,4.0976,17423,0
ABIO.US,60,20201217,210000,4.11,4.13,4.08,4.0947,12721,0
ABIO.US,60,20201217,220000,4.1178,4.12,4.07,4.08,26175,0
ABIO.US,60,20201218,160000,4.07,4.08,4.04,4.06,25162,0
ABIO.US,60,20201218,170000,4.06,4.0978,4.04,4.06,22922,0
ABIO.US,60,20201218,180000,4.09,4.19,4.09,4.155,42612,0
ABIO.US,60,20201218,190000,4.145,4.15,4.12,4.13,26436,0
ABIO.US,60,20201218,200000,4.131,4.15,4.105,4.105,16265,0
ABIO.US,60,20201218,210000,4.11,4.1122,4.08,4.09,20253,0
ABIO.US,60,20201218,220000,4.09,4.1,4,4.01,62596,0
ABIO.US,60,20201221,160000,4.03,4.03,3.99,4.01,33197,0
ABIO.US,60,20201221,170000,4,4.22,3.97,4.17,184950,0
ABIO.US,60,20201221,180000,4.165,4.25,4.16,4.24,92749,0
ABIO.US,60,20201221,190000,4.2032,4.33,4.12,4.33,279644,0
ABIO.US,60,20201221,200000,4.34,4.53,4.3019,4.3186,591436,0
ABIO.US,60,20201221,210000,4.31,4.36,4.23,4.27,81047,0
ABIO.US,60,20201221,220000,4.27,4.29,4.23,4.27,50321,0
ABIO.US,60,20201222,160000,4.37,4.62,4.35,4.4167,295306,0
ABIO.US,60,20201222,170000,4.39,4.5,4.32,4.44,221760,0
ABIO.US,60,20201222,180000,4.45,4.75,4.45,4.5852,1448826,0
ABIO.US,60,20201222,190000,4.6,4.62,4.38,4.5,674125,0
ABIO.US,60,20201222,200000,4.49,4.54,4.41,4.42,169755,0
ABIO.US,60,20201222,210000,4.41,4.48,4.4,4.435,71037,0
ABIO.US,60,20201222,220000,4.44,4.45,4.35,4.43,135195,0
ABIO.US,60,20201223,160000,4.48,4.49,4.33,4.365,67283,0
ABIO.US,60,20201223,170000,4.37,4.415,4.3,4.38,70250,0
ABIO.US,60,20201223,180000,4.37,4.47,4.349,4.3638,92419,0
ABIO.US,60,20201223,190000,4.375,4.4045,4.36,4.39,38055,0
ABIO.US,60,20201223,200000,4.39,4.39,4.36,4.39,16777,0
ABIO.US,60,20201223,210000,4.4,4.41,4.36,4.395,30364,0
ABIO.US,60,20201223,220000,4.395,4.4,4.33,4.36,40289,0
ABIO.US,60,20201224,160000,4.41,4.42,4.2,4.24,121328,0
ABIO.US,60,20201224,170000,4.25,4.25,4.2012,4.22,80975,0
ABIO.US,60,20201224,180000,4.2,4.24,4.18,4.2101,134881,0
ABIO.US,60,20201224,190000,4.2178,4.27,4.2,4.25,29464,0
ABIO.US,60,20201224,200000,4.25,4.25,4.25,4.25,367,0
ABIO.US,60,20201228,160000,4.26,4.3202,4.21,4.27,54165,0
ABIO.US,60,20201228,170000,4.26,4.26,4.15,4.19,89909,0
ABIO.US,60,20201228,180000,4.19,4.23,4.17,4.22,21489,0
ABIO.US,60,20201228,190000,4.21,4.213,4.15,4.15,28461,0
ABIO.US,60,20201228,200000,4.17,4.24,4.1522,4.2111,51302,0
ABIO.US,60,20201228,210000,4.2167,4.25,4.1873,4.19,12071,0
ABIO.US,60,20201228,220000,4.19,4.19,4.16,4.16,28948,0
ABIO.US,60,20201229,160000,4.19,4.19,4.08,4.1101,64768,0
ABIO.US,60,20201229,170000,4.1,4.15,4.0682,4.1099,68618,0
ABIO.US,60,20201229,180000,4.11,4.12,4.0585,4.0585,53314,0
ABIO.US,60,20201229,190000,4.06,4.09,4.02,4.035,63761,0
ABIO.US,60,20201229,200000,4.03,4.05,4.01,4.01,109391,0
ABIO.US,60,20201229,210000,4.015,4.05,3.98,4.04,82362,0
ABIO.US,60,20201229,220000,4.025,4.05,3.99,4,67918,0
ABIO.US,60,20201230,160000,4.01,4.05,4.01,4.03,21285,0
ABIO.US,60,20201230,170000,4.0389,4.06,4.0189,4.06,40972,0
ABIO.US,60,20201230,180000,4.0622,4.1,4.04,4.068,31752,0
ABIO.US,60,20201230,190000,4.06,4.07,4.03,4.06,30989,0
ABIO.US,60,20201230,200000,4.055,4.0778,4.05,4.0684,35652,0
ABIO.US,60,20201230,210000,4.08,4.09,4.03,4.0475,50576,0
ABIO.US,60,20201230,220000,4.05,4.08,4.03,4.08,34289,0
ABIO.US,60,20201231,160000,4.08,4.0901,3.9895,4.015,91796,0
ABIO.US,60,20201231,170000,4.0398,4.06,4.01,4.0423,60151,0
ABIO.US,60,20201231,180000,4.0401,4.14,4.037,4.11,124332,0
ABIO.US,60,20201231,190000,4.11,4.11,4.03,4.03,50338,0
ABIO.US,60,20201231,200000,4.045,4.055,4.0045,4.0081,74473,0
ABIO.US,60,20201231,210000,4.01,4.0298,3.9601,3.99,82850,0
ABIO.US,60,20201231,220000,3.99,4.04,3.97,4.01,67034,0
ABIO.US,60,20210104,160000,4.02,4.1,4.02,4.06,33006,0
ABIO.US,60,20210104,170000,4.066,4.11,4.05,4.08,46877,0
ABIO.US,60,20210104,180000,4.07,4.1,4.035,4.0799,46306,0
ABIO.US,60,20210104,190000,4.066,4.1201,4.03,4.0445,60210,0
ABIO.US,60,20210104,200000,4.07,4.14,4.07,4.119,18631,0
ABIO.US,60,20210104,210000,4.1299,4.19,4.1,4.18,38279,0
ABIO.US,60,20210104,220000,4.1801,4.1883,4.12,4.16,33536,0
ABIO.US,60,20210105,160000,4.13,4.18,4.1,4.134,17721,0
ABIO.US,60,20210105,170000,4.16,4.18,4.1,4.1699,20478,0
ABIO.US,60,20210105,180000,4.17,4.2,4.15,4.199,24871,0
ABIO.US,60,20210105,190000,4.19,4.23,4.175,4.23,25499,0
ABIO.US,60,20210105,200000,4.24,4.2495,4.1845,4.19,29459,0
ABIO.US,60,20210105,210000,4.19,4.22,4.17,4.21,25828,0
ABIO.US,60,20210105,220000,4.2,4.29,4.2,4.26,72673,0
ABIO.US,60,20210106,160000,4.25,4.27,4.2,4.22,39835,0
ABIO.US,60,20210106,170000,4.2023,4.3,4.2023,4.26,31528,0
ABIO.US,60,20210106,180000,4.25,4.26,4.2,4.26,59567,0
ABIO.US,60,20210106,190000,4.236,4.28,4.236,4.265,23228,0
ABIO.US,60,20210106,200000,4.26,4.3,4.24,4.285,30176,0
ABIO.US,60,20210106,210000,4.3,4.36,4.12,4.2,79630,0
ABIO.US,60,20210106,220000,4.2,4.2,4.12,4.13,36098,0
ABIO.US,60,20210107,160000,4.16,4.28,4.16,4.26,38268,0
ABIO.US,60,20210107,170000,4.2323,4.2589,4.19,4.2,24538,0
ABIO.US,60,20210107,180000,4.2001,4.24,4.2,4.219,29459,0
ABIO.US,60,20210107,190000,4.2282,4.2299,4.19,4.2061,21342,0
ABIO.US,60,20210107,200000,4.215,4.215,4.16,4.185,20281,0
ABIO.US,60,20210107,210000,4.195,4.2235,4.1797,4.19,4737,0
ABIO.US,60,20210107,220000,4.2,4.22,4.17,4.17,18350,0
ABIO.US,60,20210108,160000,4.26,4.26,4.21,4.21,14446,0
ABIO.US,60,20210108,170000,4.2,4.22,4.17,4.18,38948,0
ABIO.US,60,20210108,180000,4.18,4.21,4.18,4.1999,14848,0
ABIO.US,60,20210108,190000,4.2,4.21,4.19,4.205,17028,0
ABIO.US,60,20210108,200000,4.2,4.205,4.11,4.15,39950,0
ABIO.US,60,20210108,210000,4.15,4.2,4.15,4.18,26443,0
ABIO.US,60,20210108,220000,4.185,4.22,4.17,4.22,25133,0
ABIO.US,60,20210111,160000,4.2,4.35,4.2,4.3442,57203,0
ABIO.US,60,20210111,170000,4.335,4.38,4.3,4.36,97591,0
ABIO.US,60,20210111,180000,4.34,4.37,4.33,4.347,20626,0
ABIO.US,60,20210111,190000,4.3301,4.36,4.32,4.34,19794,0
ABIO.US,60,20210111,200000,4.3499,4.36,4.3283,4.3283,16271,0
ABIO.US,60,20210111,210000,4.32,4.33,4.22,4.245,154564,0
ABIO.US,60,20210111,220000,4.245,4.3,4.2,4.29,74026,0
ABIO.US,60,20210112,160000,4.31,4.39,4.29,4.345,80612,0
ABIO.US,60,20210112,170000,4.3315,4.36,4.27,4.3,29457,0
ABIO.US,60,20210112,180000,4.3,4.3499,4.3,4.3111,12182,0
ABIO.US,60,20210112,190000,4.32,4.33,4.27,4.31,16695,0
ABIO.US,60,20210112,200000,4.32,4.35,4.305,4.34,28746,0
ABIO.US,60,20210112,210000,4.345,4.35,4.32,4.3499,22185,0
ABIO.US,60,20210112,220000,4.35,4.35,4.31,4.31,30179,0
ABIO.US,60,20210113,160000,4.38,4.46,4.34,4.4598,101326,0
ABIO.US,60,20210113,170000,4.46,4.47,4.4102,4.43,98864,0
ABIO.US,60,20210113,180000,4.43,4.55,4.41,4.42,286484,0
ABIO.US,60,20210113,190000,4.42,4.48,4.41,4.4201,53485,0
ABIO.US,60,20210113,200000,4.43,4.59,4.41,4.57,163115,0
ABIO.US,60,20210113,210000,4.5778,4.6,4.487,4.555,93777,0
ABIO.US,60,20210113,220000,4.555,4.56,4.48,4.55,75849,0
ABIO.US,60,20210114,160000,4.6,4.6,4.45,4.5146,70269,0
ABIO.US,60,20210114,170000,4.5139,4.55,4.48,4.5108,67625,0
ABIO.US,60,20210114,180000,4.515,4.55,4.48,4.5,93497,0
ABIO.US,60,20210114,190000,4.5023,4.5023,4.45,4.455,66962,0
ABIO.US,60,20210114,200000,4.455,4.5,4.41,4.4863,46599,0
ABIO.US,60,20210114,210000,4.49,4.55,4.48,4.5241,102157,0
ABIO.US,60,20210114,220000,4.525,4.5398,4.47,4.48,53464,0
ABIO.US,60,20210115,160000,4.46,4.55,4.45,4.54,37660,0
ABIO.US,60,20210115,170000,4.54,4.547,4.41,4.5137,44077,0
ABIO.US,60,20210115,180000,4.47,4.53,4.465,4.4938,36260,0
ABIO.US,60,20210115,190000,4.4811,4.51,4.48,4.483,14797,0
ABIO.US,60,20210115,200000,4.5,4.509,4.48,4.5,21661,0
ABIO.US,60,20210115,210000,4.48,4.52,4.48,4.52,32625,0
ABIO.US,60,20210115,220000,4.5192,4.52,4.42,4.45,50317,0
ABIO.US,60,20210119,160000,4.48,4.48,4.4339,4.44,12092,0
ABIO.US,60,20210119,170000,4.45,4.54,4.44,4.5001,42609,0
ABIO.US,60,20210119,180000,4.5,4.56,4.48,4.5483,72473,0
ABIO.US,60,20210119,190000,4.54,4.57,4.48,4.56,70034,0
ABIO.US,60,20210119,200000,4.55,4.64,4.54,4.58,216494,0
ABIO.US,60,20210119,210000,4.58,4.6,4.55,4.575,81108,0
ABIO.US,60,20210119,220000,4.58,4.8,4.5576,4.75,365943,0
ABIO.US,60,20210120,160000,4.71,4.74,4.59,4.66,170578,0
ABIO.US,60,20210120,170000,4.655,4.71,4.58,4.6169,186246,0
ABIO.US,60,20210120,180000,4.62,4.62,4.48,4.5411,154643,0
ABIO.US,60,20210120,190000,4.545,4.67,4.54,4.64,93047,0
ABIO.US,60,20210120,200000,4.6401,4.74,4.63,4.6851,195700,0
ABIO.US,60,20210120,210000,4.675,4.675,4.62,4.65,47848,0
ABIO.US,60,20210120,220000,4.65,4.68,4.61,4.61,65679,0
ABIO.US,60,20210121,160000,4.63,4.82,4.6,4.8,230387,0
ABIO.US,60,20210121,170000,4.795,4.84,4.69,4.7,214761,0
ABIO.US,60,20210121,180000,4.6981,4.73,4.66,4.67,87985,0
ABIO.US,60,20210121,190000,4.685,4.6963,4.6264,4.6478,87242,0
ABIO.US,60,20210121,200000,4.6364,4.68,4.63,4.64,43835,0
ABIO.US,60,20210121,210000,4.6301,4.68,4.62,4.67,76215,0
ABIO.US,60,20210121,220000,4.6685,4.69,4.6311,4.65,96974,0
ABIO.US,60,20210122,160000,4.69,4.6962,4.59,4.625,49159,0
ABIO.US,60,20210122,170000,4.61,4.67,4.6,4.639,95328,0
ABIO.US,60,20210122,180000,4.6517,4.6699,4.6389,4.66,30433,0
ABIO.US,60,20210122,190000,4.65,4.675,4.59,4.63,137685,0
ABIO.US,60,20210122,200000,4.62,4.75,4.61,4.7,227991,0
ABIO.US,60,20210122,210000,4.7,4.7137,4.66,4.6931,89057,0
ABIO.US,60,20210122,220000,4.68,4.7,4.62,4.66,110450,0
ABIO.US,60,20210125,160000,4.66,4.7274,4.63,4.71,101335,0
ABIO.US,60,20210125,170000,4.71,4.72,4.61,4.625,79843,0
ABIO.US,60,20210125,180000,4.6,4.61,4.415,4.5031,112964,0
ABIO.US,60,20210125,190000,4.5,4.54,4.43,4.49,88998,0
ABIO.US,60,20210125,200000,4.49,4.53,4.46,4.46,112216,0
ABIO.US,60,20210125,210000,4.4999,4.53,4.46,4.4999,74515,0
ABIO.US,60,20210125,220000,4.46,4.505,4.44,4.48,86492,0
ABIO.US,60,20210126,160000,4.51,4.6,4.4933,4.5663,58952,0
ABIO.US,60,20210126,170000,4.51,4.58,4.51,4.53,106580,0
ABIO.US,60,20210126,180000,4.5445,4.56,4.49,4.49,45333,0
ABIO.US,60,20210126,190000,4.49,4.5465,4.48,4.53,43141,0
ABIO.US,60,20210126,200000,4.54,4.56,4.49,4.5199,25276,0
ABIO.US,60,20210126,210000,4.52,4.54,4.5,4.5042,32288,0
ABIO.US,60,20210126,220000,4.505,4.53,4.47,4.51,60373,0
ABIO.US,60,20210127,160000,4.36,4.36,4.15,4.3,103793,0
ABIO.US,60,20210127,170000,4.2631,4.4601,4.2631,4.44,40030,0
ABIO.US,60,20210127,180000,4.42,4.46,4.37,4.39,59424,0
ABIO.US,60,20210127,190000,4.36,4.44,4.32,4.4142,59959,0
ABIO.US,60,20210127,200000,4.43,4.43,4.365,4.4001,35338,0
ABIO.US,60,20210127,210000,4.4018,4.41,4.253,4.27,90763,0
ABIO.US,60,20210127,220000,4.2782,4.29,4.21,4.23,107639,0
ABIO.US,60,20210128,160000,4.21,4.38,4.2,4.3051,57521,0
ABIO.US,60,20210128,170000,4.3,4.32,4.22,4.22,35566,0
ABIO.US,60,20210128,180000,4.25,4.26,4.14,4.21,73407,0
ABIO.US,60,20210128,190000,4.1899,4.24,4.17,4.2,30290,0
ABIO.US,60,20210128,200000,4.1902,4.25,4.165,4.23,46196,0
ABIO.US,60,20210128,210000,4.2101,4.28,4.21,4.27,28648,0
ABIO.US,60,20210128,220000,4.28,4.28,4.16,4.18,64350,0
ABIO.US,60,20210129,160000,4.24,4.27,4.2,4.26,28577,0
ABIO.US,60,20210129,170000,4.28,4.43,4.25,4.3201,66444,0
ABIO.US,60,20210129,180000,4.3248,4.38,4.28,4.3325,43147,0
ABIO.US,60,20210129,190000,4.346,4.35,4.16,4.24,77269,0
ABIO.US,60,20210129,200000,4.2053,4.26,4.16,4.22,54874,0
ABIO.US,60,20210129,210000,4.22,4.29,4.1799,4.19,64587,0
ABIO.US,60,20210129,220000,4.2,4.23,4.16,4.16,38794,0
ABIO.US,60,20210201,160000,4.28,4.29,4.2001,4.2001,69578,0
ABIO.US,60,20210201,170000,4.201,4.47,4.2008,4.36,275160,0
ABIO.US,60,20210201,180000,4.341,4.38,4.31,4.346,63116,0
ABIO.US,60,20210201,190000,4.3448,4.42,4.3401,4.3922,49326,0
ABIO.US,60,20210201,200000,4.3922,4.54,4.38,4.54,106613,0
ABIO.US,60,20210201,210000,4.535,4.55,4.4422,4.4599,97212,0
ABIO.US,60,20210201,220000,4.4599,4.55,4.459,4.52,124300,0
ABIO.US,60,20210202,160000,4.57,4.58,4.41,4.42,51203,0
ABIO.US,60,20210202,170000,4.445,4.4684,4.38,4.4004,58460,0
ABIO.US,60,20210202,180000,4.405,4.4115,4.35,4.37,65000,0
ABIO.US,60,20210202,190000,4.3501,4.39,4.34,4.3878,36565,0
ABIO.US,60,20210202,200000,4.39,4.4,4.36,4.38,16861,0
ABIO.US,60,20210202,210000,4.38,4.42,4.3761,4.42,44622,0
ABIO.US,60,20210202,220000,4.42,4.43,4.4,4.43,36651,0
ABIO.US,60,20210203,160000,4.48,4.71,4.47,4.59,204041,0
ABIO.US,60,20210203,170000,4.59,4.63,4.52,4.595,101828,0
ABIO.US,60,20210203,180000,4.59,4.6047,4.55,4.57,50038,0
ABIO.US,60,20210203,190000,4.58,4.59,4.55,4.5699,25660,0
ABIO.US,60,20210203,200000,4.56,4.57,4.5412,4.555,27114,0
ABIO.US,60,20210203,210000,4.55,4.56,4.51,4.5599,17624,0
ABIO.US,60,20210203,220000,4.56,4.57,4.5,4.54,62288,0
ABIO.US,60,20210204,160000,4.6,4.63,4.57,4.5901,58843,0
ABIO.US,60,20210204,170000,4.591,4.5999,4.55,4.5887,62735,0
ABIO.US,60,20210204,180000,4.573,4.625,4.57,4.62,56011,0
ABIO.US,60,20210204,190000,4.62,4.63,4.59,4.625,38609,0
ABIO.US,60,20210204,200000,4.63,4.64,4.555,4.5989,100353,0
ABIO.US,60,20210204,210000,4.59,4.67,4.56,4.6437,165645,0
ABIO.US,60,20210204,220000,4.66,4.69,4.62,4.66,122314,0
ABIO.US,60,20210205,160000,4.75,4.769,4.6737,4.74,213748,0
ABIO.US,60,20210205,170000,4.74,4.76,4.6525,4.68,249445,0
ABIO.US,60,20210205,180000,4.68,4.69,4.57,4.643,168861,0
ABIO.US,60,20210205,190000,4.6402,4.6587,4.61,4.6289,52894,0
ABIO.US,60,20210205,200000,4.6293,4.64,4.6,4.64,53564,0
ABIO.US,60,20210205,210000,4.63,4.69,4.63,4.6637,106153,0
ABIO.US,60,20210205,220000,4.68,4.69,4.64,4.66,117436,0
ABIO.US,60,20210208,160000,4.76,4.7778,4.73,4.76,112437,0
ABIO.US,60,20210208,170000,4.7628,4.8,4.73,4.785,220420,0
ABIO.US,60,20210208,180000,4.78,4.8,4.74,4.78,126221,0
ABIO.US,60,20210208,190000,4.77,4.8,4.76,4.79,191566,0
ABIO.US,60,20210208,200000,4.798,5.17,4.78,4.98,1761384,0
ABIO.US,60,20210208,210000,4.98,5.03,4.9,4.957,488976,0
ABIO.US,60,20210208,220000,4.9401,4.96,4.91,4.93,289093,0
ABIO.US,60,20210209,160000,5.01,5.038,4.7653,4.9,289319,0
ABIO.US,60,20210209,170000,4.9,4.93,4.81,4.84,223005,0
ABIO.US,60,20210209,180000,4.83,4.8997,4.8,4.885,227072,0
ABIO.US,60,20210209,190000,4.88,4.95,4.88,4.945,158257,0
ABIO.US,60,20210209,200000,4.94,4.9547,4.89,4.9378,122676,0
ABIO.US,60,20210209,210000,4.94,4.94,4.9,4.93,107382,0
ABIO.US,60,20210209,220000,4.93,4.99,4.92,4.97,129873,0
ABIO.US,60,20210210,160000,5.01,5.17,4.98,5.11,377085,0
ABIO.US,60,20210210,170000,5.11,5.16,4.7201,4.8735,535225,0
ABIO.US,60,20210210,180000,4.9,4.96,4.8308,4.935,222794,0
ABIO.US,60,20210210,190000,4.95,5.05,4.88,5.05,250190,0
ABIO.US,60,20210210,200000,5.0499,5.06,4.9655,4.98,204731,0
ABIO.US,60,20210210,210000,4.975,5.05,4.97,5.045,203861,0
ABIO.US,60,20210210,220000,5.045,5.0899,4.975,5.02,221081,0
ABIO.US,60,20210211,160000,5.2885,5.5,5.23,5.43,775349,0
ABIO.US,60,20210211,170000,5.42,5.4373,5.28,5.405,635434,0
ABIO.US,60,20210211,180000,5.4075,5.4434,5.33,5.3622,379267,0
ABIO.US,60,20210211,190000,5.3711,5.4,5.14,5.2,601087,0
ABIO.US,60,20210211,200000,5.201,5.3,5.2,5.2026,193463,0
ABIO.US,60,20210211,210000,5.21,5.23,5.15,5.215,224871,0
ABIO.US,60,20210211,220000,5.22,5.44,5.2023,5.3,1250953,0
ABIO.US,60,20210212,160000,5.3184,5.32,5.1201,5.1549,312684,0
ABIO.US,60,20210212,170000,5.1797,5.2099,5.14,5.1899,194055,0
ABIO.US,60,20210212,180000,5.18,5.23,5.17,5.2278,195937,0
ABIO.US,60,20210212,190000,5.23,5.2378,5.15,5.2,196135,0
ABIO.US,60,20210212,200000,5.195,5.208,5.11,5.17,140130,0
ABIO.US,60,20210212,210000,5.1701,5.1899,5.12,5.1538,151310,0
ABIO.US,60,20210212,220000,5.17,5.2,5.12,5.18,177324,0
ABIO.US,60,20210216,160000,5.31,5.318,5.15,5.2096,294110,0
ABIO.US,60,20210216,170000,5.21,5.27,5.16,5.205,274309,0
ABIO.US,60,20210216,180000,5.191,5.2189,5.16,5.1884,93483,0
ABIO.US,60,20210216,190000,5.18,5.1887,5.04,5.17,234944,0
ABIO.US,60,20210216,200000,5.139,5.17,5.12,5.1222,51004,0
ABIO.US,60,20210216,210000,5.1223,5.16,5.0949,5.15,57606,0
ABIO.US,60,20210216,220000,5.1338,5.19,5.121,5.17,159115,0
ABIO.US,60,20210217,160000,5.14,5.14,4.89,5.0499,226956,0
ABIO.US,60,20210217,170000,5.0381,5.07,4.96,4.9741,142095,0
ABIO.US,60,20210217,180000,4.98,4.9878,4.77,4.89,268556,0
ABIO.US,60,20210217,190000,4.891,4.93,4.86,4.89,86799,0
ABIO.US,60,20210217,200000,4.9022,4.9358,4.89,4.89,61616,0
ABIO.US,60,20210217,210000,4.9,4.92,4.81,4.91,142239,0
ABIO.US,60,20210217,220000,4.91,4.93,4.87,4.92,141064,0
ABIO.US,60,20210218,160000,4.8,4.9,4.7201,4.87,129928,0
ABIO.US,60,20210218,170000,4.8799,4.9,4.55,4.71,388304,0
ABIO.US,60,20210218,180000,4.71,4.78,4.68,4.74,38848,0
ABIO.US,60,20210218,190000,4.7481,4.75,4.7,4.74,60636,0
ABIO.US,60,20210218,200000,4.721,4.74,4.67,4.68,40464,0
ABIO.US,60,20210218,210000,4.6888,4.72,4.66,4.68,49412,0
ABIO.US,60,20210218,220000,4.68,4.705,4.63,4.66,133467,0
ABIO.US,60,20210219,160000,4.67,4.7,4.59,4.63,81208,0
ABIO.US,60,20210219,170000,4.655,4.7701,4.61,4.72,295373,0
ABIO.US,60,20210219,180000,4.72,4.85,4.7198,4.78,221517,0
ABIO.US,60,20210219,190000,4.78,4.81,4.6701,4.68,99305,0
ABIO.US,60,20210219,200000,4.69,4.74,4.65,4.68,73814,0
ABIO.US,60,20210219,210000,4.71,4.71,4.64,4.67,62147,0
ABIO.US,60,20210219,220000,4.67,4.84,4.67,4.75,1385083,0
ABIO.US,60,20210222,160000,4.74,4.76,4.67,4.7236,95991,0
ABIO.US,60,20210222,170000,4.7399,4.74,4.63,4.665,172372,0
ABIO.US,60,20210222,180000,4.68,4.78,4.65,4.77,207715,0
ABIO.US,60,20210222,190000,4.78,5.1,4.77,4.97,1795096,0
ABIO.US,60,20210222,200000,4.96,5.08,4.86,5.015,396636,0
ABIO.US,60,20210222,210000,5.0001,5.1,4.96,5.07,267378,0
ABIO.US,60,20210222,220000,5.065,5.07,4.83,4.89,296009,0
ABIO.US,60,20210223,160000,4.635,4.69,4.3091,4.4773,210763,0
ABIO.US,60,20210223,170000,4.465,4.6,4.45,4.5511,193497,0
ABIO.US,60,20210223,180000,4.55,4.6,4.42,4.45,128723,0
ABIO.US,60,20210223,190000,4.46,4.46,4.3601,4.39,155709,0
ABIO.US,60,20210223,200000,4.4,4.49,4.38,4.43,134830,0
ABIO.US,60,20210223,210000,4.4401,4.58,4.43,4.55,552783,0
ABIO.US,60,20210223,220000,4.5499,4.72,4.45,4.68,825178,0
ABIO.US,60,20210224,160000,4.81,4.87,4.7,4.7,159330,0
ABIO.US,60,20210224,170000,4.71,4.75,4.63,4.739,80394,0
ABIO.US,60,20210224,180000,4.735,4.79,4.72,4.74,90935,0
ABIO.US,60,20210224,190000,4.74,4.76,4.66,4.66,83016,0
ABIO.US,60,20210224,200000,4.65,4.72,4.6,4.7001,163232,0
ABIO.US,60,20210224,210000,4.71,4.75,4.69,4.75,99215,0
ABIO.US,60,20210224,220000,4.75,4.75,4.68,4.71,123109,0
ABIO.US,60,20210225,160000,4.65,4.65,4.56,4.58,89284,0
ABIO.US,60,20210225,170000,4.5978,4.62,4.51,4.5301,126747,0
ABIO.US,60,20210225,180000,4.53,4.5987,4.47,4.52,86289,0
ABIO.US,60,20210225,190000,4.5199,4.5199,4.38,4.4,134056,0
ABIO.US,60,20210225,200000,4.4,4.525,4.4,4.4228,91865,0
ABIO.US,60,20210225,210000,4.4458,4.4985,4.43,4.45,68054,0
ABIO.US,60,20210225,220000,4.46,4.468,4.3,4.39,186825,0
ABIO.US,60,20210226,160000,4.4177,4.4177,4.22,4.227,124870,0
ABIO.US,60,20210226,170000,4.2334,4.27,4.12,4.27,217065,0
ABIO.US,60,20210226,180000,4.2779,4.31,4.24,4.3,56996,0
ABIO.US,60,20210226,190000,4.3,4.37,4.275,4.335,58587,0
ABIO.US,60,20210226,200000,4.3499,4.3499,4.26,4.27,59754,0
ABIO.US,60,20210226,210000,4.27,4.32,4.21,4.25,70552,0
ABIO.US,60,20210226,220000,4.2501,4.32,4.21,4.23,77435,0
ABIO.US,60,20210301,160000,4.33,4.395,4.3008,4.31,77442,0
ABIO.US,60,20210301,170000,4.31,4.38,4.29,4.365,68278,0
ABIO.US,60,20210301,180000,4.37,4.39,4.3411,4.3789,47417,0
ABIO.US,60,20210301,190000,4.375,4.38,4.3401,4.36,43613,0
ABIO.US,60,20210301,200000,4.35,4.46,4.33,4.45,116021,0
ABIO.US,60,20210301,210000,4.4478,4.4601,4.38,4.39,67724,0
ABIO.US,60,20210301,220000,4.39,4.39,4.3598,4.37,50276,0
ABIO.US,60,20210302,160000,4.405,4.46,4.3508,4.38,58185,0
ABIO.US,60,20210302,170000,4.38,4.58,4.33,4.5407,511877,0
ABIO.US,60,20210302,180000,4.5401,4.6779,4.48,4.67,342243,0
ABIO.US,60,20210302,190000,4.665,4.8,4.633,4.75,723335,0
ABIO.US,60,20210302,200000,4.7489,4.75,4.56,4.5798,340224,0
ABIO.US,60,20210302,210000,4.58,4.6307,4.46,4.53,197070,0
ABIO.US,60,20210302,220000,4.53,4.56,4.46,4.52,178569,0
ABIO.US,60,20210303,160000,4.53,4.58,4.41,4.425,115466,0
ABIO.US,60,20210303,170000,4.42,4.43,4.27,4.42,179422,0
ABIO.US,60,20210303,180000,4.4289,4.45,4.36,4.37,86351,0
ABIO.US,60,20210303,190000,4.365,4.378,4.33,4.35,49555,0
ABIO.US,60,20210303,200000,4.3315,4.38,4.32,4.3338,78561,0
ABIO.US,60,20210303,210000,4.33,4.34,4.22,4.32,146165,0
ABIO.US,60,20210303,220000,4.32,4.3299,4.223,4.27,175851,0
ABIO.US,60,20210304,160000,4.21,4.25,4.04,4.05,197720,0
ABIO.US,60,20210304,170000,4.071,4.19,4.01,4.18,227364,0
ABIO.US,60,20210304,180000,4.175,4.2,4.0801,4.1501,65226,0
ABIO.US,60,20210304,190000,4.14,4.16,3.88,3.9183,322531,0
ABIO.US,60,20210304,200000,3.91,3.97,3.81,3.8299,384766,0
ABIO.US,60,20210304,210000,3.8218,4.04,3.82,4,138032,0
ABIO.US,60,20210304,220000,4.02,4.02,3.9101,3.98,102540,0
ABIO.US,60,20210305,160000,4.01,4.06,3.865,3.87,74107,0
ABIO.US,60,20210305,170000,3.87,3.91,3.5972,3.65,363848,0
ABIO.US,60,20210305,180000,3.66,3.72,3.52,3.695,245947,0
ABIO.US,60,20210305,190000,3.6901,3.81,3.68,3.73,140932,0
ABIO.US,60,20210305,200000,3.7362,4.01,3.7201,3.913,354607,0
ABIO.US,60,20210305,210000,3.915,4.085,3.91,4.0827,225408,0
ABIO.US,60,20210305,220000,4.09,4.15,4.055,4.12,201416,0
ABIO.US,60,20210308,160000,4.1843,4.19,4.01,4.0955,94119,0
ABIO.US,60,20210308,170000,4.1,4.15,4,4.1,199993,0
ABIO.US,60,20210308,180000,4.095,4.1099,4,4.0192,115630,0
ABIO.US,60,20210308,190000,4.0101,4.0599,4,4,69007,0
ABIO.US,60,20210308,200000,4,4.02,3.9401,3.95,49493,0
ABIO.US,60,20210308,210000,3.9599,4.02,3.9501,3.9738,89412,0
ABIO.US,60,20210308,220000,3.97,3.99,3.93,3.98,139801,0
ABIO.US,60,20210309,160000,4.04,4.15,4.01,4.12,132018,0
ABIO.US,60,20210309,170000,4.13,4.16,4.04,4.07,216901,0
ABIO.US,60,20210309,180000,4.08,4.12,4.0401,4.08,82594,0
ABIO.US,60,20210309,190000,4.08,4.12,4.045,4.045,128546,0
ABIO.US,60,20210309,200000,4.0401,4.0881,4.03,4.0701,135175,0
ABIO.US,60,20210309,210000,4.07,4.1,3.99,4.02,247084,0
ABIO.US,60,20210309,220000,4.03,4.08,4.02,4.06,172789,0
ABIO.US,60,20210310,160000,4.13,4.17,4.1,4.16,86303,0
ABIO.US,60,20210310,170000,4.157,4.16,4.02,4.07,90133,0
ABIO.US,60,20210310,180000,4.08,4.105,4.04,4.0999,20483,0
ABIO.US,60,20210310,190000,4.0989,4.1278,4.05,4.07,30774,0
ABIO.US,60,20210310,200000,4.0907,4.1062,4.04,4.06,21794,0
ABIO.US,60,20210310,210000,4.06,4.14,4.05,4.1303,42018,0
ABIO.US,60,20210310,220000,4.14,4.16,4.1,4.12,57979,0
ABIO.US,60,20210311,160000,4.16,4.16,4.1,4.13,29769,0
ABIO.US,60,20210311,170000,4.1311,4.21,4.12,4.21,117400,0
ABIO.US,60,20210311,180000,4.2,4.24,4.1901,4.21,55300,0
ABIO.US,60,20210311,190000,4.23,4.23,4.16,4.16,45501,0
ABIO.US,60,20210311,200000,4.16,4.26,4.13,4.24,73404,0
ABIO.US,60,20210311,210000,4.24,4.32,4.23,4.31,95802,0
ABIO.US,60,20210311,220000,4.3,4.3591,4.2703,4.31,164650,0
ABIO.US,60,20210312,160000,4.24,4.26,4.16,4.22,57619,0
ABIO.US,60,20210312,170000,4.23,4.27,4.21,4.2699,127502,0
ABIO.US,60,20210312,180000,4.2678,4.3,4.25,4.2978,36244,0
ABIO.US,60,20210312,190000,4.2999,4.3,4.24,4.2555,45570,0
ABIO.US,60,20210312,200000,4.255,4.31,4.255,4.2701,20386,0
ABIO.US,60,20210312,210000,4.2711,4.31,4.27,4.28,19102,0
ABIO.US,60,20210312,220000,4.2889,4.3278,4.24,4.27,106687,0
ABIO.US,60,20210315,150000,4.3,4.34,4.29,4.33,29307,0
ABIO.US,60,20210315,160000,4.33,4.35,4.29,4.32,60175,0
ABIO.US,60,20210315,170000,4.315,4.35,4.23,4.2701,57335,0
ABIO.US,60,20210315,180000,4.285,4.31,4.27,4.3032,75455,0
ABIO.US,60,20210315,190000,4.32,4.325,4.28,4.29,25568,0
ABIO.US,60,20210315,200000,4.295,4.34,4.28,4.34,38147,0
ABIO.US,60,20210315,210000,4.33,4.335,4.28,4.31,167230,0
ABIO.US,60,20210316,150000,4.32,4.35,4.251,4.29,74989,0
ABIO.US,60,20210316,160000,4.29,4.3,4.23,4.28,115406,0
ABIO.US,60,20210316,170000,4.29,4.3215,4.265,4.3099,52158,0
ABIO.US,60,20210316,180000,4.31,4.31,4.23,4.26,67034,0
ABIO.US,60,20210316,190000,4.25,4.2911,4.23,4.23,47513,0
ABIO.US,60,20210316,200000,4.23,4.26,4.09,4.14,95444,0
ABIO.US,60,20210316,210000,4.14,4.21,4.12,4.21,96168,0
ABIO.US,60,20210317,150000,4.11,4.14,3.94,4,279423,0
ABIO.US,60,20210317,160000,4.01,4.1,4,4.03,132640,0
ABIO.US,60,20210317,170000,4.045,4.13,4.04,4.13,29336,0
ABIO.US,60,20210317,180000,4.1101,4.12,4.03,4.055,63620,0
ABIO.US,60,20210317,190000,4.0548,4.095,4.0206,4.0699,21403,0
ABIO.US,60,20210317,200000,4.065,4.22,4.065,4.165,75602,0
ABIO.US,60,20210317,210000,4.1699,4.22,4.15,4.15,81828,0
ABIO.US,60,20210318,150000,4.09,4.17,4.05,4.17,34745,0
ABIO.US,60,20210318,160000,4.18,4.2,4.12,4.18,64530,0
ABIO.US,60,20210318,170000,4.18,4.23,4.18,4.23,21668,0
ABIO.US,60,20210318,180000,4.23,4.24,4.17,4.2,17486,0
ABIO.US,60,20210318,190000,4.195,4.26,4.1901,4.25,23359,0
ABIO.US,60,20210318,200000,4.2352,4.24,4.13,4.18,35250,0
ABIO.US,60,20210318,210000,4.17,4.18,4.06,4.06,71044,0
ABIO.US,60,20210319,150000,4.03,4.1,3.92,4.045,188285,0
ABIO.US,60,20210319,160000,4.045,4.05,3.95,4.03,142177,0
ABIO.US,60,20210319,170000,4.04,4.19,4.04,4.1,306509,0
ABIO.US,60,20210319,180000,4.12,4.34,4.11,4.25,504273,0
ABIO.US,60,20210319,190000,4.26,4.27,4.17,4.23,80328,0
ABIO.US,60,20210319,200000,4.22,4.23,4.17,4.185,46863,0
ABIO.US,60,20210319,210000,4.19,4.219,4.17,4.18,106867,0
ABIO.US,60,20210322,150000,4.24,4.27,4.22,4.25,72246,0
ABIO.US,60,20210322,160000,4.25,4.3199,4.19,4.29,182718,0
ABIO.US,60,20210322,170000,4.2901,4.33,4.2801,4.2928,42230,0
ABIO.US,60,20210322,180000,4.31,4.31,4.27,4.29,24162,0
ABIO.US,60,20210322,190000,4.2889,4.34,4.27,4.3113,161699,0
ABIO.US,60,20210322,200000,4.32,4.33,4.2801,4.29,38378,0
ABIO.US,60,20210322,210000,4.2898,4.31,4.25,4.26,101095,0
ABIO.US,60,20210323,150000,4.15,4.16,4.04,4.0473,97074,0
ABIO.US,60,20210323,160000,4.05,4.1,4.0099,4.06,126122,0
ABIO.US,60,20210323,170000,4.0401,4.08,4.01,4.04,53645,0
ABIO.US,60,20210323,180000,4.03,4.08,4.01,4.06,74928,0
ABIO.US,60,20210323,190000,4.07,4.0758,4.04,4.05,27924,0
ABIO.US,60,20210323,200000,4.0567,4.06,3.9601,3.97,62501,0
ABIO.US,60,20210323,210000,3.97,3.98,3.92,3.92,182888,0
ABIO.US,60,20210324,150000,3.93,3.989,3.82,3.86,102506,0
ABIO.US,60,20210324,160000,3.8572,3.97,3.8201,3.97,58543,0
ABIO.US,60,20210324,170000,3.95,3.9599,3.83,3.8408,65810,0
ABIO.US,60,20210324,180000,3.84,3.9,3.83,3.85,25685,0
ABIO.US,60,20210324,190000,3.85,3.85,3.761,3.81,124795,0
ABIO.US,60,20210324,200000,3.805,3.83,3.72,3.7601,74168,0
ABIO.US,60,20210324,210000,3.7747,3.7747,3.7,3.73,197889,0
ABIO.US,60,20210325,150000,3.63,3.71,3.6,3.63,82161,0
ABIO.US,60,20210325,160000,3.6308,3.7382,3.63,3.65,52596,0
ABIO.US,60,20210325,170000,3.6501,3.75,3.6501,3.73,31580,0
ABIO.US,60,20210325,180000,3.745,3.8399,3.73,3.788,63295,0
ABIO.US,60,20210325,190000,3.77,3.77,3.71,3.7585,16707,0
ABIO.US,60,20210325,200000,3.74,3.79,3.7337,3.775,9383,0
ABIO.US,60,20210325,210000,3.7806,3.82,3.76,3.8,49751,0
ABIO.US,60,20210326,150000,3.81,3.83,3.76,3.76,25412,0
ABIO.US,60,20210326,160000,3.77,3.81,3.71,3.71,53836,0
ABIO.US,60,20210326,170000,3.715,3.74,3.67,3.72,29458,0
ABIO.US,60,20210326,180000,3.7399,3.75,3.68,3.68,18866,0
ABIO.US,60,20210326,190000,3.67,3.72,3.645,3.65,129093,0
ABIO.US,60,20210326,200000,3.65,3.67,3.62,3.64,26175,0
ABIO.US,60,20210326,210000,3.65,3.73,3.64,3.68,73679,0
ABIO.US,60,20210329,160000,3.69,3.715,3.6642,3.68,22127,0
ABIO.US,60,20210329,170000,3.67,3.6975,3.58,3.599,58625,0
ABIO.US,60,20210329,180000,3.59,3.61,3.52,3.5915,81946,0
ABIO.US,60,20210329,190000,3.59,3.61,3.55,3.61,22193,0
ABIO.US,60,20210329,200000,3.61,3.6595,3.56,3.56,30914,0
ABIO.US,60,20210329,210000,3.55,3.5699,3.5022,3.52,38720,0
ABIO.US,60,20210329,220000,3.52,3.55,3.47,3.48,114114,0
ABIO.US,60,20210330,160000,3.49,3.5,3.37,3.4826,78567,0
ABIO.US,60,20210330,170000,3.48,3.52,3.4331,3.5,48918,0
ABIO.US,60,20210330,180000,3.51,3.5883,3.51,3.52,25724,0
ABIO.US,60,20210330,190000,3.5264,3.6,3.5201,3.57,13084,0
ABIO.US,60,20210330,200000,3.56,3.5622,3.49,3.5,23643,0
ABIO.US,60,20210330,210000,3.5,3.53,3.5,3.51,19626,0
ABIO.US,60,20210330,220000,3.5001,3.54,3.5,3.52,31482,0
ABIO.US,60,20210331,160000,3.55,3.68,3.55,3.68,39978,0
ABIO.US,60,20210331,170000,3.6798,3.7,3.61,3.67,25521,0
ABIO.US,60,20210331,180000,3.665,3.665,3.62,3.65,21379,0
ABIO.US,60,20210331,190000,3.64,3.68,3.6384,3.65,21820,0
ABIO.US,60,20210331,200000,3.655,3.67,3.64,3.655,21846,0
ABIO.US,60,20210331,210000,3.66,3.69,3.64,3.6585,21549,0
ABIO.US,60,20210331,220000,3.66,3.68,3.65,3.65,25662,0
ABIO.US,60,20210401,160000,3.75,3.754,3.665,3.75,61797,0
ABIO.US,60,20210401,170000,3.74,3.81,3.73,3.74,68437,0
ABIO.US,60,20210401,180000,3.73,3.77,3.72,3.76,29694,0
ABIO.US,60,20210401,190000,3.76,3.78,3.74,3.778,7266,0
ABIO.US,60,20210401,200000,3.7724,3.7724,3.72,3.7479,16534,0
ABIO.US,60,20210401,210000,3.7391,3.78,3.73,3.77,18937,0
ABIO.US,60,20210401,220000,3.765,3.77,3.74,3.76,56554,0
ABIO.US,60,20210405,160000,3.8034,3.8034,3.6931,3.73,29047,0
ABIO.US,60,20210405,170000,3.7228,3.7228,3.65,3.66,50743,0
ABIO.US,60,20210405,180000,3.664,3.67,3.59,3.5953,33578,0
ABIO.US,60,20210405,190000,3.6,3.66,3.6,3.6377,16939,0
ABIO.US,60,20210405,200000,3.64,3.7,3.63,3.7,12025,0
ABIO.US,60,20210405,210000,3.6821,3.69,3.6519,3.675,9357,0
ABIO.US,60,20210405,220000,3.66,3.7,3.6498,3.67,28463,0
ABIO.US,60,20210406,160000,3.66,3.7,3.59,3.66,47085,0
ABIO.US,60,20210406,170000,3.67,3.76,3.67,3.702,35737,0
ABIO.US,60,20210406,180000,3.7,3.73,3.69,3.72,14128,0
ABIO.US,60,20210406,190000,3.74,3.74,3.69,3.7,10928,0
ABIO.US,60,20210406,200000,3.69,3.698,3.67,3.6888,7660,0
ABIO.US,60,20210406,210000,3.68,3.69,3.64,3.64,11221,0
ABIO.US,60,20210406,220000,3.63,3.68,3.6,3.66,29161,0
ABIO.US,60,20210407,160000,3.61,3.61,3.56,3.61,25286,0
ABIO.US,60,20210407,170000,3.6005,3.64,3.5821,3.597,12666,0
ABIO.US,60,20210407,180000,3.59,3.63,3.55,3.59,32367,0
ABIO.US,60,20210407,190000,3.598,3.625,3.5501,3.625,29829,0
ABIO.US,60,20210407,200000,3.61,3.63,3.6,3.63,10420,0
ABIO.US,60,20210407,210000,3.62,3.67,3.6051,3.61,18964,0
ABIO.US,60,20210407,220000,3.61,3.66,3.61,3.63,36915,0
ABIO.US,60,20210408,160000,3.61,3.64,3.56,3.6,25288,0
ABIO.US,60,20210408,170000,3.58,3.5803,3.48,3.5495,60984,0
ABIO.US,60,20210408,180000,3.5484,3.57,3.52,3.565,29080,0
ABIO.US,60,20210408,190000,3.561,3.6,3.55,3.57,18601,0
ABIO.US,60,20210408,200000,3.575,3.58,3.5514,3.56,10373,0
ABIO.US,60,20210408,210000,3.58,3.6025,3.569,3.59,12788,0
ABIO.US,60,20210408,220000,3.59,3.63,3.57,3.61,37528,0
ABIO.US,60,20210409,160000,3.55,3.6,3.541,3.59,40336,0
ABIO.US,60,20210409,170000,3.6,3.72,3.57,3.69,98621,0
ABIO.US,60,20210409,180000,3.68,3.77,3.68,3.73,73748,0
ABIO.US,60,20210409,190000,3.721,3.725,3.64,3.66,32151,0
ABIO.US,60,20210409,200000,3.65,3.67,3.64,3.665,35630,0
ABIO.US,60,20210409,210000,3.66,3.67,3.629,3.629,28463,0
ABIO.US,60,20210409,220000,3.63,3.64,3.6,3.63,32459,0
ABIO.US,60,20210412,160000,3.66,3.66,3.5,3.51,92845,0
ABIO.US,60,20210412,170000,3.515,3.56,3.49,3.52,68813,0
ABIO.US,60,20210412,180000,3.53,3.55,3.525,3.5498,11732,0
ABIO.US,60,20210412,190000,3.54,3.57,3.52,3.54,7971,0
ABIO.US,60,20210412,200000,3.5236,3.54,3.5,3.5,11003,0
ABIO.US,60,20210412,210000,3.4914,3.5,3.4602,3.4899,40803,0
ABIO.US,60,20210412,220000,3.48,3.53,3.48,3.5,45128,0
ABIO.US,60,20210413,160000,3.48,3.569,3.48,3.56,81286,0
ABIO.US,60,20210413,170000,3.5301,3.55,3.5,3.5245,61188,0
ABIO.US,60,20210413,180000,3.51,3.5199,3.49,3.5,35831,0
ABIO.US,60,20210413,190000,3.4915,3.52,3.48,3.4812,32172,0
ABIO.US,60,20210413,200000,3.49,3.51,3.49,3.4936,6033,0
ABIO.US,60,20210413,210000,3.51,3.52,3.49,3.51,31277,0
ABIO.US,60,20210413,220000,3.5099,3.53,3.49,3.53,50377,0
ABIO.US,60,20210414,160000,3.51,3.5801,3.5,3.56,47366,0
ABIO.US,60,20210414,170000,3.57,3.5801,3.54,3.5591,81419,0
ABIO.US,60,20210414,180000,3.55,3.555,3.52,3.5301,27432,0
ABIO.US,60,20210414,190000,3.53,3.5499,3.51,3.512,18962,0
ABIO.US,60,20210414,200000,3.52,3.5298,3.4799,3.4799,48499,0
ABIO.US,60,20210414,210000,3.48,3.5195,3.44,3.47,76522,0
ABIO.US,60,20210414,220000,3.4609,3.485,3.45,3.46,32096,0
ABIO.US,60,20210415,160000,3.5,3.515,3.47,3.515,16687,0
ABIO.US,60,20210415,170000,3.53,3.53,3.4426,3.47,41954,0
ABIO.US,60,20210415,180000,3.46,3.4652,3.4,3.41,56386,0
ABIO.US,60,20210415,190000,3.41,3.43,3.35,3.36,64501,0
ABIO.US,60,20210415,200000,3.36,3.44,3.35,3.415,109958,0
ABIO.US,60,20210415,210000,3.415,3.45,3.41,3.4331,52094,0
ABIO.US,60,20210415,220000,3.4327,3.4345,3.4,3.4,42579,0
ABIO.US,60,20210416,160000,3.4,3.402,3.2401,3.26,141006,0
ABIO.US,60,20210416,170000,3.25,3.32,3.22,3.3,95726,0
ABIO.US,60,20210416,180000,3.2957,3.3,3.25,3.29,29214,0
ABIO.US,60,20210416,190000,3.298,3.3433,3.27,3.312,43876,0
ABIO.US,60,20210416,200000,3.31,3.3482,3.31,3.316,15381,0
ABIO.US,60,20210416,210000,3.327,3.37,3.32,3.36,28735,0
ABIO.US,60,20210416,220000,3.37,3.37,3.34,3.36,20529,0
ABIO.US,60,20210419,160000,3.34,3.4,3.3129,3.3899,33766,0
ABIO.US,60,20210419,170000,3.3501,3.363,3.26,3.33,71430,0
ABIO.US,60,20210419,180000,3.34,3.4,3.29,3.37,60256,0
ABIO.US,60,20210419,190000,3.37,3.38,3.3203,3.33,34381,0
ABIO.US,60,20210419,200000,3.34,3.35,3.32,3.35,13470,0
ABIO.US,60,20210419,210000,3.36,3.42,3.35,3.375,23071,0
ABIO.US,60,20210419,220000,3.39,3.41,3.37,3.39,46909,0
ABIO.US,60,20210420,160000,3.35,3.4401,3.35,3.39,59250,0
ABIO.US,60,20210420,170000,3.405,3.415,3.31,3.3415,51392,0
ABIO.US,60,20210420,180000,3.3614,3.3699,3.3101,3.35,33292,0
ABIO.US,60,20210420,190000,3.36,3.39,3.35,3.353,7927,0
ABIO.US,60,20210420,200000,3.35,3.36,3.33,3.33,22480,0
ABIO.US,60,20210420,210000,3.33,3.36,3.32,3.329,33262,0
ABIO.US,60,20210420,220000,3.32,3.34,3.28,3.3,58246,0
ABIO.US,60,20210421,160000,3.31,3.34,3.26,3.32,39941,0
ABIO.US,60,20210421,170000,3.32,3.43,3.32,3.37,145396,0
ABIO.US,60,20210421,180000,3.37,3.3873,3.34,3.3873,17326,0
ABIO.US,60,20210421,190000,3.38,3.38,3.34,3.365,18707,0
ABIO.US,60,20210421,200000,3.36,3.4079,3.36,3.4,30938,0
ABIO.US,60,20210421,210000,3.405,3.4509,3.4,3.45,44705,0
ABIO.US,60,20210421,220000,3.45,3.48,3.42,3.44,61354,0
ABIO.US,60,20210422,160000,3.44,3.48,3.43,3.45,32938,0
ABIO.US,60,20210422,170000,3.46,3.562,3.46,3.53,51990,0
ABIO.US,60,20210422,180000,3.5201,3.5683,3.51,3.56,23730,0
ABIO.US,60,20210422,190000,3.57,3.57,3.52,3.5501,27544,0
ABIO.US,60,20210422,200000,3.55,3.5573,3.4201,3.44,31260,0
ABIO.US,60,20210422,210000,3.439,3.52,3.43,3.51,26432,0
ABIO.US,60,20210422,220000,3.51,3.51,3.47,3.5,14411,0
ABIO.US,60,20210423,160000,3.52,3.54,3.48,3.5301,18761,0
ABIO.US,60,20210423,170000,3.5105,3.535,3.47,3.47,24791,0
ABIO.US,60,20210423,180000,3.4774,3.5,3.4601,3.499,21091,0
ABIO.US,60,20210423,190000,3.5,3.5,3.4599,3.4699,16420,0
ABIO.US,60,20210423,200000,3.47,3.5114,3.47,3.51,15653,0
ABIO.US,60,20210423,210000,3.52,3.5309,3.5046,3.5309,9892,0
ABIO.US,60,20210423,220000,3.53,3.55,3.5095,3.54,46602,0
ABIO.US,60,20210426,160000,3.51,3.5489,3.49,3.53,37554,0
ABIO.US,60,20210426,170000,3.54,3.62,3.51,3.57,258158,0
ABIO.US,60,20210426,180000,3.576,3.59,3.56,3.58,40956,0
ABIO.US,60,20210426,190000,3.57,3.69,3.5292,3.67,824614,0
ABIO.US,60,20210426,200000,3.67,3.69,3.6,3.6165,211402,0
ABIO.US,60,20210426,210000,3.62,3.63,3.59,3.61,72282,0
ABIO.US,60,20210426,220000,3.6101,3.65,3.59,3.59,118034,0
ABIO.US,60,20210427,160000,3.63,3.66,3.571,3.6416,58068,0
ABIO.US,60,20210427,170000,3.65,3.65,3.6,3.6034,189552,0
ABIO.US,60,20210427,180000,3.63,3.66,3.6001,3.62,227984,0
ABIO.US,60,20210427,190000,3.6101,3.63,3.56,3.5602,69530,0
ABIO.US,60,20210427,200000,3.5897,3.5897,3.53,3.565,48720,0
ABIO.US,60,20210427,210000,3.57,3.57,3.53,3.55,18194,0
ABIO.US,60,20210427,220000,3.5443,3.5611,3.52,3.55,93004,0
ABIO.US,60,20210428,160000,3.55,3.58,3.51,3.58,59766,0
ABIO.US,60,20210428,170000,3.57,3.58,3.56,3.5767,20966,0
ABIO.US,60,20210428,180000,3.5632,3.58,3.55,3.5683,24702,0
ABIO.US,60,20210428,190000,3.58,3.5897,3.55,3.5523,52014,0
ABIO.US,60,20210428,200000,3.57,3.57,3.51,3.53,55228,0
ABIO.US,60,20210428,210000,3.54,3.63,3.53,3.59,230616,0
ABIO.US,60,20210428,220000,3.61,3.61,3.55,3.59,131868,0
ABIO.US,60,20210429,160000,3.57,3.57,3.52,3.55,80828,0
ABIO.US,60,20210429,170000,3.55,3.6,3.52,3.5329,94562,0
ABIO.US,60,20210429,180000,3.5499,3.56,3.5,3.51,32526,0
ABIO.US,60,20210429,190000,3.5,3.54,3.47,3.5379,97032,0
ABIO.US,60,20210429,200000,3.53,3.54,3.5001,3.53,47184,0
ABIO.US,60,20210429,210000,3.52,3.54,3.5001,3.5172,20534,0
ABIO.US,60,20210429,220000,3.53,3.54,3.49,3.5,69790,0
ABIO.US,60,20210430,160000,3.49,3.53,3.48,3.52,26472,0
ABIO.US,60,20210430,170000,3.515,3.5399,3.44,3.44,70996,0
ABIO.US,60,20210430,180000,3.48,3.48,3.4401,3.47,28888,0
ABIO.US,60,20210430,190000,3.47,3.47,3.4198,3.44,31218,0
ABIO.US,60,20210430,200000,3.44,3.46,3.43,3.4599,32182,0
ABIO.US,60,20210430,210000,3.432,3.4655,3.43,3.454,64818,0
ABIO.US,60,20210430,220000,3.45,3.45,3.42,3.44,68168,0
ABIO.US,60,20210503,160000,3.46,3.49,3.4112,3.49,47155,0
ABIO.US,60,20210503,170000,3.46,3.48,3.4012,3.4123,45256,0
ABIO.US,60,20210503,180000,3.41,3.45,3.39,3.41,46981,0
ABIO.US,60,20210503,190000,3.42,3.45,3.38,3.4,39965,0
ABIO.US,60,20210503,200000,3.38,3.4079,3.3793,3.38,15557,0
ABIO.US,60,20210503,210000,3.385,3.4,3.37,3.37,33068,0
ABIO.US,60,20210503,220000,3.3699,3.39,3.36,3.36,34874,0
ABIO.US,60,20210504,160000,3.29,3.3591,3.23,3.25,78550,0
ABIO.US,60,20210504,170000,3.24,3.2499,3.17,3.2,75048,0
ABIO.US,60,20210504,180000,3.2033,3.24,3.19,3.21,57953,0
ABIO.US,60,20210504,190000,3.23,3.3,3.23,3.28,19841,0
ABIO.US,60,20210504,200000,3.29,3.3,3.274,3.29,14868,0
ABIO.US,60,20210504,210000,3.285,3.31,3.2797,3.29,15989,0
ABIO.US,60,20210504,220000,3.3099,3.33,3.29,3.29,15803,0
ABIO.US,60,20210505,160000,3.34,3.37,3.32,3.37,14289,0
ABIO.US,60,20210505,170000,3.3582,3.365,3.29,3.355,34422,0
ABIO.US,60,20210505,180000,3.35,3.35,3.28,3.3,15372,0
ABIO.US,60,20210505,190000,3.299,3.33,3.26,3.27,104761,0
ABIO.US,60,20210505,200000,3.265,3.29,3.2601,3.2883,11518,0
ABIO.US,60,20210505,210000,3.28,3.3277,3.277,3.3,25704,0
ABIO.US,60,20210505,220000,3.29,3.29,3.23,3.25,48640,0
ABIO.US,60,20210506,160000,3.26,3.2819,3.22,3.24,18060,0
ABIO.US,60,20210506,170000,3.22,3.22,3.16,3.161,62275,0
ABIO.US,60,20210506,180000,3.16,3.16,3.11,3.1483,34494,0
ABIO.US,60,20210506,190000,3.14,3.14,3.075,3.08,47996,0
ABIO.US,60,20210506,200000,3.08,3.1,3.07,3.07,31265,0
ABIO.US,60,20210506,210000,3.06,3.11,3.05,3.05,105593,0
ABIO.US,60,20210506,220000,3.0699,3.12,3.05,3.09,54874,0
ABIO.US,60,20210507,160000,3.14,3.3489,3.14,3.28,76080,0
ABIO.US,60,20210507,170000,3.28,3.28,3.2199,3.27,39574,0
ABIO.US,60,20210507,180000,3.26,3.27,3.22,3.22,8218,0
ABIO.US,60,20210507,190000,3.22,3.24,3.21,3.2225,21096,0
ABIO.US,60,20210507,200000,3.24,3.25,3.219,3.22,18550,0
ABIO.US,60,20210507,210000,3.22,3.23,3.19,3.2026,20115,0
ABIO.US,60,20210507,220000,3.23,3.25,3.21,3.23,26849,0
ABIO.US,60,20210510,160000,3.26,3.29,3.16,3.16,32123,0
ABIO.US,60,20210510,170000,3.16,3.21,3.13,3.1617,40895,0
ABIO.US,60,20210510,180000,3.15,3.178,3.13,3.1501,17082,0
ABIO.US,60,20210510,190000,3.15,3.1935,3.14,3.16,208071,0
ABIO.US,60,20210510,200000,3.15,3.179,3.12,3.15,123149,0
ABIO.US,60,20210510,210000,3.12,3.1447,3.06,3.091,34513,0
ABIO.US,60,20210510,220000,3.1,3.1197,3.06,3.06,67903,0
ABIO.US,60,20210511,160000,2.98,3.09,2.92,3.0799,151434,0
ABIO.US,60,20210511,170000,3.06,3.09,2.9867,3.03,58091,0
ABIO.US,60,20210511,180000,3.06,3.13,3.03,3.09,125192,0
ABIO.US,60,20210511,190000,3.09,3.1299,3.08,3.08,23650,0
ABIO.US,60,20210511,200000,3.0801,3.13,3.07,3.095,26520,0
ABIO.US,60,20210511,210000,3.1,3.15,3.1,3.12,22298,0
ABIO.US,60,20210511,220000,3.11,3.14,3.1,3.12,24018,0
ABIO.US,60,20210512,160000,3.17,3.3289,3.14,3.3289,169851,0
ABIO.US,60,20210512,170000,3.32,3.4294,3.2,3.21,403141,0
ABIO.US,60,20210512,180000,3.2286,3.29,3.2286,3.24,38239,0
ABIO.US,60,20210512,190000,3.2497,3.2601,3.2,3.25,33358,0
ABIO.US,60,20210512,200000,3.25,3.2688,3.22,3.24,13853,0
ABIO.US,60,20210512,210000,3.23,3.24,3.2,3.21,21888,0
ABIO.US,60,20210512,220000,3.192,3.21,3.1501,3.19,41172,0
ABIO.US,60,20210513,160000,3.19,3.27,3.1801,3.22,37823,0
ABIO.US,60,20210513,170000,3.25,3.26,3.2,3.2059,13568,0
ABIO.US,60,20210513,180000,3.2061,3.24,3.09,3.11,61866,0
ABIO.US,60,20210513,190000,3.1079,3.13,3.03,3.048,32476,0
ABIO.US,60,20210513,200000,3.0483,3.1,3.03,3.058,55544,0
ABIO.US,60,20210513,210000,3.06,3.12,3.06,3.1,34757,0
ABIO.US,60,20210513,220000,3.0847,3.1,3.05,3.07,38255,0
ABIO.US,60,20210514,160000,3.14,3.23,3.1,3.21,43802,0
ABIO.US,60,20210514,170000,3.24,3.2899,3.19,3.28,42896,0
ABIO.US,60,20210514,180000,3.27,3.271,3.205,3.24,40649,0
ABIO.US,60,20210514,190000,3.2484,3.26,3.23,3.25,39387,0
ABIO.US,60,20210514,200000,3.23,3.23,3.21,3.2146,11899,0
ABIO.US,60,20210514,210000,3.22,3.227,3.1882,3.1974,21945,0
ABIO.US,60,20210514,220000,3.2,3.23,3.1948,3.23,30099,0
ABIO.US,60,20210517,160000,3.2,3.2302,3.1801,3.215,37811,0
ABIO.US,60,20210517,170000,3.2125,3.2696,3.188,3.2696,13002,0
ABIO.US,60,20210517,180000,3.26,3.27,3.23,3.2401,10619,0
ABIO.US,60,20210517,190000,3.24,3.27,3.23,3.2683,15342,0
ABIO.US,60,20210517,200000,3.26,3.27,3.24,3.2413,6141,0
ABIO.US,60,20210517,210000,3.26,3.27,3.24,3.27,16982,0
ABIO.US,60,20210517,220000,3.28,3.31,3.25,3.28,38271,0
ABIO.US,60,20210518,160000,3.28,3.29,3.25,3.2862,11455,0
ABIO.US,60,20210518,170000,3.29,3.36,3.28,3.3221,29973,0
ABIO.US,60,20210518,180000,3.32,3.3477,3.32,3.3236,8591,0
ABIO.US,60,20210518,190000,3.3399,3.38,3.3399,3.36,42179,0
ABIO.US,60,20210518,200000,3.35,3.38,3.3201,3.37,21291,0
ABIO.US,60,20210518,210000,3.37,3.41,3.33,3.36,27749,0
ABIO.US,60,20210518,220000,3.37,3.38,3.34,3.36,21766,0
ABIO.US,60,20210519,160000,3.28,3.29,3.24,3.2782,16595,0
ABIO.US,60,20210519,170000,3.28,3.36,3.25,3.36,9617,0
ABIO.US,60,20210519,180000,3.33,3.36,3.3,3.31,8932,0
ABIO.US,60,20210519,190000,3.31,3.33,3.3,3.33,1743,0
ABIO.US,60,20210519,200000,3.305,3.32,3.3,3.31,15586,0
ABIO.US,60,20210519,210000,3.35,3.35,3.32,3.33,8451,0
ABIO.US,60,20210519,220000,3.33,3.3699,3.32,3.34,14013,0
ABIO.US,60,20210520,160000,3.34,3.35,3.27,3.35,9070,0
ABIO.US,60,20210520,170000,3.35,3.42,3.34,3.37,26090,0
ABIO.US,60,20210520,180000,3.3701,3.4,3.32,3.37,35230,0
ABIO.US,60,20210520,190000,3.39,3.39,3.3,3.3199,21727,0
ABIO.US,60,20210520,200000,3.31,3.32,3.3,3.31,6620,0
ABIO.US,60,20210520,210000,3.31,3.32,3.295,3.32,10504,0
ABIO.US,60,20210520,220000,3.32,3.34,3.3,3.33,19397,0
ABIO.US,60,20210521,160000,3.37,3.37,3.309,3.35,22472,0
ABIO.US,60,20210521,170000,3.35,3.38,3.3026,3.33,17333,0
ABIO.US,60,20210521,180000,3.33,3.35,3.32,3.32,4486,0
ABIO.US,60,20210521,190000,3.32,3.35,3.31,3.33,7111,0
ABIO.US,60,20210521,200000,3.33,3.34,3.32,3.33,13094,0
ABIO.US,60,20210521,210000,3.33,3.37,3.33,3.36,7333,0
ABIO.US,60,20210521,220000,3.35,3.35,3.31,3.33,15746,0
ABIO.US,60,20210524,160000,3.34,3.36,3.27,3.325,9187,0
ABIO.US,60,20210524,170000,3.32,3.33,3.23,3.24,20349,0
ABIO.US,60,20210524,180000,3.23,3.29,3.23,3.29,17766,0
ABIO.US,60,20210524,190000,3.2719,3.2719,3.2,3.255,19093,0
ABIO.US,60,20210524,200000,3.26,3.2666,3.23,3.2666,4503,0
ABIO.US,60,20210524,210000,3.257,3.27,3.231,3.27,6921,0
ABIO.US,60,20210524,220000,3.235,3.28,3.23,3.26,37417,0
ABIO.US,60,20210525,160000,3.25,3.27,3.23,3.25,13052,0
ABIO.US,60,20210525,170000,3.25,3.3,3.25,3.3,7022,0
ABIO.US,60,20210525,180000,3.2731,3.28,3.25,3.25,7167,0
ABIO.US,60,20210525,190000,3.25,3.27,3.23,3.27,2182,0
ABIO.US,60,20210525,200000,3.26,3.27,3.26,3.27,750,0
ABIO.US,60,20210525,210000,3.2513,3.29,3.25,3.29,14976,0
ABIO.US,60,20210525,220000,3.2776,3.28,3.26,3.27,18570,0
ABIO.US,60,20210526,160000,3.25,3.2967,3.22,3.27,12655,0
ABIO.US,60,20210526,170000,3.308,3.34,3.28,3.32,26372,0
ABIO.US,60,20210526,180000,3.3,3.34,3.29,3.31,14222,0
ABIO.US,60,20210526,190000,3.31,3.36,3.31,3.3417,17504,0
ABIO.US,60,20210526,200000,3.35,3.35,3.32,3.32,26918,0
ABIO.US,60,20210526,210000,3.335,3.3899,3.32,3.3899,26793,0
ABIO.US,60,20210526,220000,3.39,3.3904,3.35,3.38,37808,0
ABIO.US,60,20210527,160000,3.36,3.45,3.36,3.45,15771,0
ABIO.US,60,20210527,170000,3.45,3.47,3.35,3.39,35978,0
ABIO.US,60,20210527,180000,3.42,3.45,3.41,3.41,36927,0
ABIO.US,60,20210527,190000,3.431,3.45,3.41,3.45,7259,0
ABIO.US,60,20210527,200000,3.455,3.5,3.45,3.475,34118,0
ABIO.US,60,20210527,210000,3.49,3.49,3.4533,3.46,7690,0
ABIO.US,60,20210527,220000,3.45,3.45,3.43,3.44,16891,0
ABIO.US,60,20210528,160000,3.47,3.5303,3.46,3.5203,16571,0
ABIO.US,60,20210528,170000,3.5178,3.5206,3.46,3.4939,24759,0
ABIO.US,60,20210528,180000,3.4701,3.5197,3.4701,3.5,16807,0
ABIO.US,60,20210528,190000,3.4992,3.5,3.4701,3.49,9967,0
ABIO.US,60,20210528,200000,3.5,3.5055,3.48,3.495,13184,0
ABIO.US,60,20210528,210000,3.5,3.52,3.49,3.497,5777,0
ABIO.US,60,20210528,220000,3.52,3.52,3.485,3.49,15570,0
ABIO.US,60,20210601,160000,3.51,3.53,3.44,3.46,23116,0
ABIO.US,60,20210601,170000,3.46,3.49,3.42,3.46,17988,0
ABIO.US,60,20210601,180000,3.4301,3.47,3.43,3.47,13189,0
ABIO.US,60,20210601,190000,3.47,3.52,3.46,3.4908,12120,0
ABIO.US,60,20210601,200000,3.49,3.51,3.47,3.498,22898,0
ABIO.US,60,20210601,210000,3.5,3.5,3.47,3.49,11297,0
ABIO.US,60,20210601,220000,3.4999,3.5,3.45,3.49,27744,0
ABIO.US,60,20210602,160000,3.49,3.54,3.46,3.46,4126,0
ABIO.US,60,20210602,170000,3.47,3.51,3.45,3.4962,14735,0
ABIO.US,60,20210602,180000,3.47,3.49,3.39,3.49,33306,0
ABIO.US,60,20210602,190000,3.49,3.59,3.475,3.562,70174,0
ABIO.US,60,20210602,200000,3.56,3.58,3.53,3.53,19592,0
ABIO.US,60,20210602,210000,3.57,3.57,3.5369,3.5468,9358,0
ABIO.US,60,20210602,220000,3.56,3.57,3.54,3.56,22769,0
ABIO.US,60,20210603,160000,3.56,3.5874,3.54,3.55,10300,0
ABIO.US,60,20210603,170000,3.55,3.63,3.55,3.61,37500,0
ABIO.US,60,20210603,180000,3.6,3.62,3.58,3.6164,23376,0
ABIO.US,60,20210603,190000,3.6111,3.69,3.61,3.66,26156,0
ABIO.US,60,20210603,200000,3.68,3.72,3.65,3.689,33186,0
ABIO.US,60,20210603,210000,3.6969,3.7,3.65,3.68,43301,0
ABIO.US,60,20210603,220000,3.67,3.68,3.63,3.68,24842,0
ABIO.US,60,20210604,160000,3.63,3.72,3.6203,3.72,37887,0
ABIO.US,60,20210604,170000,3.7199,3.7199,3.6301,3.6338,16234,0
ABIO.US,60,20210604,180000,3.63,3.7,3.63,3.67,13685,0
ABIO.US,60,20210604,190000,3.6741,3.6741,3.64,3.64,5584,0
ABIO.US,60,20210604,200000,3.64,3.655,3.61,3.61,21842,0
ABIO.US,60,20210604,210000,3.621,3.628,3.58,3.6,28645,0
ABIO.US,60,20210604,220000,3.6,3.61,3.55,3.57,16961,0
ABIO.US,60,20210607,160000,3.58,3.652,3.58,3.63,10644,0
ABIO.US,60,20210607,170000,3.63,3.7,3.6,3.7,20316,0
ABIO.US,60,20210607,180000,3.685,3.7,3.65,3.6933,21337,0
ABIO.US,60,20210607,190000,3.685,3.69,3.6631,3.68,9859,0
ABIO.US,60,20210607,200000,3.68,3.7,3.67,3.67,12748,0
ABIO.US,60,20210607,210000,3.65,3.6941,3.62,3.65,22916,0
ABIO.US,60,20210607,220000,3.666,3.666,3.6,3.64,23980,0
ABIO.US,60,20210608,160000,3.68,3.75,3.66,3.706,33776,0
ABIO.US,60,20210608,170000,3.69,3.71,3.67,3.69,5968,0
ABIO.US,60,20210608,180000,3.69,3.69,3.58,3.655,46618,0
ABIO.US,60,20210608,190000,3.6201,3.7,3.6101,3.6402,46701,0
ABIO.US,60,20210608,200000,3.655,3.67,3.61,3.6418,14281,0
ABIO.US,60,20210608,210000,3.66,3.71,3.65,3.71,20009,0
ABIO.US,60,20210608,220000,3.71,3.75,3.6801,3.73,34983,0
ABIO.US,60,20210609,160000,3.77,3.8697,3.77,3.86,65889,0
ABIO.US,60,20210609,170000,3.85,3.87,3.82,3.8301,28797,0
ABIO.US,60,20210609,180000,3.84,3.85,3.78,3.7889,34075,0
ABIO.US,60,20210609,190000,3.7918,3.85,3.78,3.82,12258,0
ABIO.US,60,20210609,200000,3.805,3.805,3.76,3.77,10694,0
ABIO.US,60,20210609,210000,3.77,3.8,3.77,3.79,13717,0
ABIO.US,60,20210609,220000,3.78,3.8,3.751,3.78,23009,0
ABIO.US,60,20210610,160000,3.81,3.81,3.7101,3.7101,12998,0
ABIO.US,60,20210610,170000,3.7309,3.74,3.65,3.66,17473,0
ABIO.US,60,20210610,180000,3.6796,3.72,3.6501,3.6501,29050,0
ABIO.US,60,20210610,190000,3.65,3.67,3.63,3.66,21738,0
ABIO.US,60,20210610,200000,3.69,3.7,3.68,3.68,4324,0
ABIO.US,60,20210610,210000,3.69,3.705,3.67,3.692,7018,0
ABIO.US,60,20210610,220000,3.7,3.7004,3.67,3.69,28015,0
ABIO.US,60,20210611,160000,3.72,3.72,3.67,3.68,14981,0
ABIO.US,60,20210611,170000,3.6866,3.71,3.647,3.68,16428,0
ABIO.US,60,20210611,180000,3.6827,3.6899,3.6,3.632,10166,0
ABIO.US,60,20210611,190000,3.63,3.641,3.6101,3.63,12323,0
ABIO.US,60,20210611,200000,3.64,3.65,3.63,3.65,13896,0
ABIO.US,60,20210611,210000,3.65,3.68,3.65,3.68,9972,0
ABIO.US,60,20210611,220000,3.6786,3.68,3.62,3.68,22643,0
ABIO.US,60,20210614,160000,3.76,3.85,3.76,3.82,65383,0
ABIO.US,60,20210614,170000,3.8399,3.87,3.7842,3.7842,62989,0
ABIO.US,60,20210614,180000,3.81,3.8443,3.8,3.84,33262,0
ABIO.US,60,20210614,190000,3.8462,3.89,3.83,3.8701,25742,0
ABIO.US,60,20210614,200000,3.8708,3.88,3.84,3.84,12182,0
ABIO.US,60,20210614,210000,3.85,3.88,3.84,3.8603,13804,0
ABIO.US,60,20210614,220000,3.8591,3.9,3.85,3.9,42619,0
ABIO.US,60,20210615,160000,3.8085,3.89,3.8001,3.87,19689,0
ABIO.US,60,20210615,170000,3.87,3.88,3.7,3.788,60997,0
ABIO.US,60,20210615,180000,3.775,3.785,3.74,3.744,7145,0
ABIO.US,60,20210615,190000,3.755,3.8139,3.73,3.78,155962,0
ABIO.US,60,20210615,200000,3.79,3.79,3.74,3.74,13796,0
ABIO.US,60,20210615,210000,3.74,3.755,3.72,3.74,9171,0
ABIO.US,60,20210615,220000,3.73,3.76,3.71,3.76,25098,0
ABIO.US,60,20210616,160000,3.73,3.78,3.72,3.73,7472,0
ABIO.US,60,20210616,170000,3.73,3.75,3.68,3.6884,23217,0
ABIO.US,60,20210616,180000,3.7199,3.74,3.69,3.715,21720,0
ABIO.US,60,20210616,190000,3.73,3.73,3.69,3.73,6937,0
ABIO.US,60,20210616,200000,3.7116,3.73,3.6871,3.71,10551,0
ABIO.US,60,20210616,210000,3.71,3.71,3.64,3.67,14851,0
ABIO.US,60,20210616,220000,3.67,3.74,3.67,3.71,39134,0
ABIO.US,60,20210617,160000,3.71,3.75,3.7,3.73,6585,0
ABIO.US,60,20210617,170000,3.73,3.75,3.72,3.72,8120,0
ABIO.US,60,20210617,180000,3.71,3.74,3.66,3.66,20716,0
ABIO.US,60,20210617,190000,3.65,3.68,3.61,3.68,12755,0
ABIO.US,60,20210617,200000,3.6634,3.67,3.645,3.6648,11424,0
ABIO.US,60,20210617,210000,3.67,3.67,3.62,3.6376,7059,0
ABIO.US,60,20210617,220000,3.6373,3.66,3.6101,3.66,37885,0
ABIO.US,60,20210618,160000,3.64,3.68,3.61,3.65,7961,0
ABIO.US,60,20210618,170000,3.67,3.67,3.625,3.635,17543,0
ABIO.US,60,20210618,180000,3.64,3.67,3.63,3.63,11649,0
ABIO.US,60,20210618,190000,3.645,3.66,3.6,3.65,15638,0
ABIO.US,60,20210618,200000,3.6316,3.65,3.625,3.63,8447,0
ABIO.US,60,20210618,210000,3.64,3.65,3.62,3.65,15464,0
ABIO.US,60,20210618,220000,3.64,3.7,3.63,3.63,24366,0
ABIO.US,60,20210621,160000,3.61,3.65,3.561,3.612,35269,0
ABIO.US,60,20210621,170000,3.61,3.62,3.54,3.55,15502,0
ABIO.US,60,20210621,180000,3.57,3.59,3.5594,3.59,8521,0
ABIO.US,60,20210621,190000,3.58,3.58,3.53,3.54,14937,0
ABIO.US,60,20210621,200000,3.532,3.56,3.46,3.49,49270,0
ABIO.US,60,20210621,210000,3.49,3.49,3.46,3.47,18409,0
ABIO.US,60,20210621,220000,3.47,3.48,3.44,3.45,46736,0
ABIO.US,60,20210622,160000,3.43,3.45,3.4067,3.43,18128,0
ABIO.US,60,20210622,170000,3.4,3.4,3.36,3.38,39524,0
ABIO.US,60,20210622,180000,3.39,3.415,3.3703,3.4001,18493,0
ABIO.US,60,20210622,190000,3.4001,3.429,3.4,3.4,6886,0
ABIO.US,60,20210622,200000,3.4177,3.42,3.4,3.407,12959,0
ABIO.US,60,20210622,210000,3.41,3.4105,3.3906,3.3906,5380,0
ABIO.US,60,20210622,220000,3.395,3.42,3.36,3.39,32079,0
ABIO.US,60,20210623,160000,3.39,3.43,3.36,3.425,18053,0
ABIO.US,60,20210623,170000,3.42,3.4599,3.41,3.44,24358,0
ABIO.US,60,20210623,180000,3.4314,3.46,3.43,3.4598,10725,0
ABIO.US,60,20210623,190000,3.46,3.54,3.46,3.5,12344,0
ABIO.US,60,20210623,200000,3.5,3.5,3.4819,3.5,7667,0
ABIO.US,60,20210623,210000,3.5,3.5,3.488,3.497,3050,0
ABIO.US,60,20210623,220000,3.5,3.54,3.49,3.53,51288,0
ABIO.US,60,20210624,160000,3.58,3.58,3.52,3.52,10252,0
ABIO.US,60,20210624,170000,3.53,3.56,3.52,3.5579,14842,0
ABIO.US,60,20210624,180000,3.55,3.5599,3.52,3.5354,8510,0
ABIO.US,60,20210624,190000,3.545,3.56,3.53,3.55,13150,0
ABIO.US,60,20210624,200000,3.54,3.54,3.528,3.53,3960,0
ABIO.US,60,20210624,210000,3.54,3.55,3.53,3.5401,8629,0
ABIO.US,60,20210624,220000,3.55,3.55,3.52,3.54,17485,0
ABIO.US,60,20210625,160000,3.53,3.61,3.5277,3.59,5193,0
ABIO.US,60,20210625,170000,3.57,3.6,3.57,3.58,18200,0
ABIO.US,60,20210625,180000,3.58,3.6,3.552,3.5901,11186,0
ABIO.US,60,20210625,190000,3.6,3.6,3.57,3.6,17159,0
ABIO.US,60,20210625,200000,3.59,3.6,3.5761,3.5761,7207,0
ABIO.US,60,20210625,210000,3.59,3.599,3.56,3.59,27214,0
ABIO.US,60,20210625,220000,3.59,3.62,3.575,3.62,61858,0
ABIO.US,60,20210628,160000,3.63,3.65,3.5506,3.6,43003,0
ABIO.US,60,20210628,170000,3.57,3.59,3.4973,3.5064,35701,0
ABIO.US,60,20210628,180000,3.5398,3.58,3.52,3.57,37728,0
ABIO.US,60,20210628,190000,3.55,3.56,3.53,3.54,8417,0
ABIO.US,60,20210628,200000,3.56,3.56,3.5301,3.56,4818,0
ABIO.US,60,20210628,210000,3.56,3.57,3.5366,3.57,7660,0
ABIO.US,60,20210628,220000,3.55,3.58,3.54,3.58,9284,0
ABIO.US,60,20210629,160000,3.56,3.59,3.51,3.51,29430,0
ABIO.US,60,20210629,170000,3.5198,3.56,3.5198,3.52,27851,0
ABIO.US,60,20210629,180000,3.538,3.54,3.45,3.466,51983,0
ABIO.US,60,20210629,190000,3.45,3.5,3.44,3.49,12675,0
ABIO.US,60,20210629,200000,3.508,3.53,3.4959,3.518,9807,0
ABIO.US,60,20210629,210000,3.518,3.53,3.48,3.51,12277,0
ABIO.US,60,20210629,220000,3.5023,3.53,3.5,3.5,17437,0
ABIO.US,60,20210630,160000,3.52,3.52,3.45,3.4688,11220,0
ABIO.US,60,20210630,170000,3.465,3.5,3.46,3.4827,6310,0
ABIO.US,60,20210630,180000,3.48,3.5027,3.47,3.4801,16274,0
ABIO.US,60,20210630,190000,3.475,3.4827,3.475,3.4827,1300,0
ABIO.US,60,20210630,200000,3.4819,3.53,3.4819,3.4879,14338,0
ABIO.US,60,20210630,210000,3.5,3.52,3.48,3.48,19069,0
ABIO.US,60,20210630,220000,3.475,3.5,3.46,3.46,10964,0
ABIO.US,60,20210701,160000,3.5,3.55,3.48,3.48,9410,0
ABIO.US,60,20210701,170000,3.4947,3.52,3.4901,3.52,10892,0
ABIO.US,60,20210701,180000,3.52,3.52,3.47,3.48,14384,0
ABIO.US,60,20210701,190000,3.49,3.4908,3.45,3.48,5902,0
ABIO.US,60,20210701,200000,3.45,3.4742,3.44,3.44,2324,0
ABIO.US,60,20210701,210000,3.45,3.47,3.4,3.43,8817,0
ABIO.US,60,20210701,220000,3.465,3.4993,3.45,3.45,19873,0
ABIO.US,60,20210702,160000,3.46,3.4883,3.42,3.43,7139,0
ABIO.US,60,20210702,170000,3.43,3.43,3.4,3.42,14340,0
ABIO.US,60,20210702,180000,3.42,3.479,3.41,3.47,19868,0
ABIO.US,60,20210702,190000,3.4475,3.48,3.4401,3.48,11266,0
ABIO.US,60,20210702,200000,3.46,3.49,3.45,3.45,3411,0
ABIO.US,60,20210702,210000,3.44,3.4875,3.44,3.4871,4137,0
ABIO.US,60,20210702,220000,3.47,3.49,3.45,3.47,12086,0
ABIO.US,60,20210706,160000,3.545,3.56,3.44,3.46,29695,0
ABIO.US,60,20210706,170000,3.43,3.49,3.42,3.43,26168,0
ABIO.US,60,20210706,180000,3.42,3.45,3.4,3.4047,1994,0
ABIO.US,60,20210706,190000,3.4297,3.4299,3.4001,3.4001,7116,0
ABIO.US,60,20210706,200000,3.401,3.43,3.4,3.4,6263,0
ABIO.US,60,20210706,210000,3.39,3.42,3.38,3.42,37584,0
ABIO.US,60,20210706,220000,3.3801,3.44,3.3801,3.42,44232,0
ABIO.US,60,20210707,160000,3.479,3.48,3.32,3.3325,47410,0
ABIO.US,60,20210707,170000,3.3303,3.38,3.31,3.3311,34535,0
ABIO.US,60,20210707,180000,3.32,3.38,3.32,3.38,6697,0
ABIO.US,60,20210707,190000,3.3748,3.39,3.37,3.37,19145,0
ABIO.US,60,20210707,200000,3.39,3.54,3.386,3.52,267149,0
ABIO.US,60,20210707,210000,3.515,3.65,3.5,3.5675,260785,0
ABIO.US,60,20210707,220000,3.5651,3.75,3.52,3.74,430799,0
ABIO.US,60,20210708,160000,3.655,3.655,3.41,3.53,127398,0
ABIO.US,60,20210708,170000,3.53,3.59,3.49,3.54,63218,0
ABIO.US,60,20210708,180000,3.57,3.57,3.45,3.45,58699,0
ABIO.US,60,20210708,190000,3.465,3.51,3.45,3.48,28866,0
ABIO.US,60,20210708,200000,3.482,3.5,3.45,3.4523,14217,0
ABIO.US,60,20210708,210000,3.48,3.485,3.45,3.46,18664,0
ABIO.US,60,20210708,220000,3.47,3.48,3.41,3.48,61232,0
ABIO.US,60,20210709,160000,3.55,3.65,3.55,3.56,65265,0
ABIO.US,60,20210709,170000,3.5859,3.63,3.53,3.58,44978,0
ABIO.US,60,20210709,180000,3.605,3.66,3.58,3.6201,18440,0
ABIO.US,60,20210709,190000,3.61,3.68,3.61,3.6174,50721,0
ABIO.US,60,20210709,200000,3.611,3.65,3.6101,3.64,26951,0
ABIO.US,60,20210709,210000,3.64,3.65,3.62,3.65,11706,0
ABIO.US,60,20210709,220000,3.67,3.7027,3.63,3.68,75655,0
