<TICKER>,<PER>,<DATE>,<TIME>,<OPEN>,<HIGH>,<LOW>,<CLOSE>,<VOL>,<OPENINT>
APOG.US,60,20200914,160000,19.486,19.668,19.373,19.654,11625,0
APOG.US,60,20200914,170000,19.654,19.654,19.328,19.358,11783,0
APOG.US,60,20200914,180000,19.358,19.565,19.338,19.535,11664,0
APOG.US,60,20200914,190000,19.52,19.625,19.407,19.61,10074,0
APOG.US,60,20200914,200000,19.615,19.615,19.437,19.486,15187,0
APOG.US,60,20200914,210000,19.486,19.555,19.456,19.555,14902,0
APOG.US,60,20200914,220000,19.555,19.61,19.486,19.565,55112,0
APOG.US,60,20200915,160000,19.753,19.803,19.417,19.432,17230,0
APOG.US,60,20200915,170000,19.407,19.811,19.377,19.728,19427,0
APOG.US,60,20200915,180000,19.718,19.733,19.555,19.555,19171,0
APOG.US,60,20200915,190000,19.585,19.654,19.535,19.595,13729,0
APOG.US,60,20200915,200000,19.585,19.673,19.585,19.673,8132,0
APOG.US,60,20200915,210000,19.678,19.821,19.678,19.733,29922,0
APOG.US,60,20200915,220000,19.738,19.738,19.516,19.545,51156,0
APOG.US,60,20200916,160000,19.693,19.744,19.563,19.673,6869,0
APOG.US,60,20200916,170000,19.778,20.133,19.778,19.98,45031,0
APOG.US,60,20200916,180000,19.965,20.079,19.946,19.999,24233,0
APOG.US,60,20200916,190000,20.039,20.434,20.039,20.336,72716,0
APOG.US,60,20200916,200000,20.316,20.542,20.306,20.404,29404,0
APOG.US,60,20200916,210000,20.375,20.627,20.227,20.444,94434,0
APOG.US,60,20200916,220000,20.444,20.572,20.296,20.474,158175,0
APOG.US,60,20200917,160000,21.333,21.936,20.78,21.609,97579,0
APOG.US,60,20200917,170000,21.609,21.659,21.215,21.486,83771,0
APOG.US,60,20200917,180000,21.486,22.33,21.383,21.965,98477,0
APOG.US,60,20200917,190000,21.886,22.034,21.599,21.785,26105,0
APOG.US,60,20200917,200000,21.777,22.518,21.767,22.4,41956,0
APOG.US,60,20200917,210000,22.4,23.397,22.4,23.338,96395,0
APOG.US,60,20200917,220000,23.264,23.539,23.002,23.209,255118,0
APOG.US,60,20200918,160000,23.269,24.415,23.051,23.614,116497,0
APOG.US,60,20200918,170000,23.525,23.752,23.279,23.456,51325,0
APOG.US,60,20200918,180000,23.456,23.466,22.953,23.091,40258,0
APOG.US,60,20200918,190000,23.106,23.18,22.182,22.232,41622,0
APOG.US,60,20200918,200000,22.256,22.558,22.104,22.192,33042,0
APOG.US,60,20200918,210000,22.262,22.31,22.132,22.217,51412,0
APOG.US,60,20200918,220000,22.232,22.291,22.172,22.291,355657,0
APOG.US,60,20200921,160000,21.738,21.748,21.056,21.17,14298,0
APOG.US,60,20200921,170000,21.037,21.037,20.256,20.296,49953,0
APOG.US,60,20200921,180000,20.296,20.365,19.906,20.158,40837,0
APOG.US,60,20200921,190000,20.167,20.296,19.98,20.039,18906,0
APOG.US,60,20200921,200000,20.049,20.197,19.972,20.108,21023,0
APOG.US,60,20200921,210000,20.128,20.148,19.803,19.901,22324,0
APOG.US,60,20200921,220000,19.901,19.98,19.783,19.851,119923,0
APOG.US,60,20200922,160000,20.049,20.355,19.902,19.931,10204,0
APOG.US,60,20200922,170000,19.891,20.148,19.831,19.871,18168,0
APOG.US,60,20200922,180000,19.841,19.999,19.758,19.811,22356,0
APOG.US,60,20200922,190000,19.811,19.841,19.555,19.575,26234,0
APOG.US,60,20200922,200000,19.595,19.625,19.466,19.535,26125,0
APOG.US,60,20200922,210000,19.555,19.951,19.555,19.891,38906,0
APOG.US,60,20200922,220000,19.861,20.059,19.793,20.009,121655,0
APOG.US,60,20200923,160000,20.266,21.007,20.197,20.336,49682,0
APOG.US,60,20200923,170000,20.296,21.431,20.167,21.372,355602,0
APOG.US,60,20200923,180000,21.421,21.728,21.26,21.353,99206,0
APOG.US,60,20200923,190000,21.323,21.393,20.987,21.125,100428,0
APOG.US,60,20200923,200000,21.115,21.288,21.056,21.263,28150,0
APOG.US,60,20200923,210000,21.275,21.275,20.948,20.972,33733,0
APOG.US,60,20200923,220000,20.958,21.106,20.859,20.888,142132,0
APOG.US,60,20200924,160000,20.849,21.154,20.529,20.575,23435,0
APOG.US,60,20200924,170000,20.582,20.661,19.625,19.825,48509,0
APOG.US,60,20200924,180000,19.821,19.999,19.516,19.994,50185,0
APOG.US,60,20200924,190000,19.999,20.276,19.97,20.246,20615,0
APOG.US,60,20200924,200000,20.232,20.464,20.217,20.365,12889,0
APOG.US,60,20200924,210000,20.365,20.375,20.029,20.094,20030,0
APOG.US,60,20200924,220000,20.089,20.266,20.039,20.089,103773,0
APOG.US,60,20200925,160000,19.831,20.207,19.821,20.197,18209,0
APOG.US,60,20200925,170000,20.128,20.306,20.108,20.256,11739,0
APOG.US,60,20200925,180000,20.217,20.484,20.217,20.444,13660,0
APOG.US,60,20200925,190000,20.434,20.76,20.424,20.705,27646,0
APOG.US,60,20200925,200000,20.75,20.82,20.652,20.691,19140,0
APOG.US,60,20200925,210000,20.696,20.864,20.576,20.691,23756,0
APOG.US,60,20200925,220000,20.7,20.75,20.484,20.562,58841,0
APOG.US,60,20200928,160000,20.928,21.283,20.77,21.111,12862,0
APOG.US,60,20200928,170000,21.135,21.451,21.007,21.411,18094,0
APOG.US,60,20200928,180000,21.467,21.501,21.323,21.383,22908,0
APOG.US,60,20200928,190000,21.368,21.441,21.339,21.353,8009,0
APOG.US,60,20200928,200000,21.313,21.333,21.096,21.096,33163,0
APOG.US,60,20200928,210000,21.096,21.383,21.086,21.378,17580,0
APOG.US,60,20200928,220000,21.378,21.421,21.205,21.244,49703,0
APOG.US,60,20200929,160000,21.115,21.234,20.997,21.047,5354,0
APOG.US,60,20200929,170000,21.145,21.145,20.76,20.76,4516,0
APOG.US,60,20200929,180000,20.71,20.715,20.464,20.464,25700,0
APOG.US,60,20200929,190000,20.474,20.74,20.474,20.642,3475,0
APOG.US,60,20200929,200000,20.653,20.839,20.552,20.82,9095,0
APOG.US,60,20200929,210000,20.829,21.017,20.829,20.908,6134,0
APOG.US,60,20200929,220000,20.923,20.977,20.82,20.878,19312,0
APOG.US,60,20200930,160000,21.076,21.629,21.076,21.451,10908,0
APOG.US,60,20200930,170000,21.56,21.698,21.283,21.431,10625,0
APOG.US,60,20200930,180000,21.303,21.333,21.175,21.244,11943,0
APOG.US,60,20200930,190000,21.283,21.441,21.283,21.416,5591,0
APOG.US,60,20200930,200000,21.411,21.436,21.313,21.363,8585,0
APOG.US,60,20200930,210000,21.402,21.541,21.125,21.273,13305,0
APOG.US,60,20200930,220000,21.283,21.293,21.027,21.106,87263,0
APOG.US,60,20201001,160000,21.086,21.363,20.997,20.997,8224,0
APOG.US,60,20201001,170000,20.967,21.007,20.484,20.537,15310,0
APOG.US,60,20201001,180000,20.572,20.642,20.479,20.562,16434,0
APOG.US,60,20201001,190000,20.582,20.78,20.582,20.617,47849,0
APOG.US,60,20201001,200000,20.612,20.681,20.572,20.582,13345,0
APOG.US,60,20201001,210000,20.582,20.672,20.424,20.622,22111,0
APOG.US,60,20201001,220000,20.647,20.745,20.494,20.662,53649,0
APOG.US,60,20201002,160000,19.97,20.562,19.951,20.562,7331,0
APOG.US,60,20201002,170000,20.592,20.769,20.217,20.375,14531,0
APOG.US,60,20201002,180000,20.306,20.74,20.306,20.642,17000,0
APOG.US,60,20201002,190000,20.652,21.076,20.652,21.027,17223,0
APOG.US,60,20201002,200000,21.047,21.106,20.79,20.82,10419,0
APOG.US,60,20201002,210000,20.869,21.115,20.865,20.977,10768,0
APOG.US,60,20201002,220000,20.958,21.195,20.923,21.076,44877,0
APOG.US,60,20201005,160000,21.609,22.998,21.545,22.863,38028,0
APOG.US,60,20201005,170000,22.913,23.011,21.758,21.921,52977,0
APOG.US,60,20201005,180000,21.902,22.034,21.698,21.772,17365,0
APOG.US,60,20201005,190000,21.782,22.079,21.718,21.906,27293,0
APOG.US,60,20201005,200000,21.906,21.936,21.689,21.817,13782,0
APOG.US,60,20201005,210000,21.777,22.034,21.777,22.034,27924,0
APOG.US,60,20201005,220000,22.034,22.35,22.004,22.35,85384,0
APOG.US,60,20201006,160000,22.676,22.995,22.438,22.883,17891,0
APOG.US,60,20201006,170000,22.78,23.249,22.78,23.219,32616,0
APOG.US,60,20201006,180000,23.199,23.446,23.096,23.101,30235,0
APOG.US,60,20201006,190000,23.081,23.308,23.021,23.288,20005,0
APOG.US,60,20201006,200000,23.284,23.397,23.249,23.377,11059,0
APOG.US,60,20201006,210000,23.387,23.624,22.883,23.036,32666,0
APOG.US,60,20201006,220000,22.953,23.199,22.844,22.913,105001,0
APOG.US,60,20201007,160000,23.131,23.565,23.131,23.506,9310,0
APOG.US,60,20201007,170000,23.466,23.644,23.387,23.515,18437,0
APOG.US,60,20201007,180000,23.506,23.536,22.973,22.973,20114,0
APOG.US,60,20201007,190000,22.963,23.026,22.863,22.888,12890,0
APOG.US,60,20201007,200000,22.878,22.968,22.686,22.853,18142,0
APOG.US,60,20201007,210000,22.785,23.071,22.785,22.883,19597,0
APOG.US,60,20201007,220000,22.893,23.131,22.873,23.066,69235,0
APOG.US,60,20201008,160000,23.694,23.92,23.288,23.874,15911,0
APOG.US,60,20201008,170000,23.881,24.118,23.714,24.014,55980,0
APOG.US,60,20201008,180000,23.95,23.95,23.634,23.742,27571,0
APOG.US,60,20201008,190000,23.742,23.869,23.723,23.723,18004,0
APOG.US,60,20201008,200000,23.772,23.97,23.732,23.871,15696,0
APOG.US,60,20201008,210000,23.92,24.039,23.891,23.92,15642,0
APOG.US,60,20201008,220000,23.92,24.049,23.9,23.97,63818,0
APOG.US,60,20201009,160000,24.059,24.513,23.889,24.439,30994,0
APOG.US,60,20201009,170000,24.365,24.77,24.319,24.736,42652,0
APOG.US,60,20201009,180000,24.77,25.027,24.631,24.962,48068,0
APOG.US,60,20201009,190000,24.953,25.184,24.928,25.111,41498,0
APOG.US,60,20201009,200000,25.136,25.145,24.888,24.933,32139,0
APOG.US,60,20201009,210000,24.918,25.264,24.908,25.136,59045,0
APOG.US,60,20201009,220000,25.145,25.224,25.046,25.136,110209,0
APOG.US,60,20201012,160000,25.264,25.817,24.997,25.659,38770,0
APOG.US,60,20201012,170000,25.728,26.202,25.659,25.738,41326,0
APOG.US,60,20201012,180000,25.728,26.015,25.629,25.767,54387,0
APOG.US,60,20201012,190000,25.777,25.777,25.619,25.708,39682,0
APOG.US,60,20201012,200000,25.669,25.827,25.629,25.817,43809,0
APOG.US,60,20201012,210000,25.817,25.975,25.678,25.832,37670,0
APOG.US,60,20201012,220000,25.787,26.005,25.757,25.797,97182,0
APOG.US,60,20201013,160000,25.659,25.787,25.214,25.314,12587,0
APOG.US,60,20201013,170000,25.442,25.61,25.136,25.402,27785,0
APOG.US,60,20201013,180000,25.372,25.56,25.116,25.214,30510,0
APOG.US,60,20201013,190000,25.224,25.59,25.036,25.53,22384,0
APOG.US,60,20201013,200000,25.481,25.56,25.314,25.382,14572,0
APOG.US,60,20201013,210000,25.382,25.491,25.254,25.314,26877,0
APOG.US,60,20201013,220000,25.294,25.432,25.036,25.274,71362,0
APOG.US,60,20201014,160000,25.314,26.005,25.314,25.56,21554,0
APOG.US,60,20201014,170000,25.55,25.649,25.066,25.096,39422,0
APOG.US,60,20201014,180000,25.096,25.136,24.513,24.701,64039,0
APOG.US,60,20201014,190000,24.631,24.829,24.453,24.543,40934,0
APOG.US,60,20201014,200000,24.543,24.849,24.543,24.602,27332,0
APOG.US,60,20201014,210000,24.602,24.716,24.543,24.641,18884,0
APOG.US,60,20201014,220000,24.656,24.977,24.651,24.789,91768,0
APOG.US,60,20201015,160000,24.286,24.918,24.286,24.819,11252,0
APOG.US,60,20201015,170000,24.819,25.352,24.661,25.254,31074,0
APOG.US,60,20201015,180000,25.304,25.619,25.234,25.53,34487,0
APOG.US,60,20201015,190000,25.471,25.649,25.392,25.644,23892,0
APOG.US,60,20201015,200000,25.639,25.827,25.58,25.629,25304,0
APOG.US,60,20201015,210000,25.639,25.767,25.481,25.55,33151,0
APOG.US,60,20201015,220000,25.58,25.58,25.234,25.342,103448,0
APOG.US,60,20201016,160000,25.204,25.57,24.958,25.362,40096,0
APOG.US,60,20201016,170000,25.417,25.471,25.027,25.096,35281,0
APOG.US,60,20201016,180000,25.096,25.229,24.977,25.136,29892,0
APOG.US,60,20201016,190000,25.145,25.234,24.898,25.056,28478,0
APOG.US,60,20201016,200000,25.066,25.432,25.066,25.407,34552,0
APOG.US,60,20201016,210000,25.432,25.56,25.372,25.56,19814,0
APOG.US,60,20201016,220000,25.57,25.58,25.224,25.294,58272,0
APOG.US,60,20201019,160000,25.442,25.995,25.284,25.915,22353,0
APOG.US,60,20201019,170000,25.866,26.123,25.678,26.053,25389,0
APOG.US,60,20201019,180000,26.053,26.108,25.787,25.965,21760,0
APOG.US,60,20201019,190000,25.935,25.975,25.797,25.847,12535,0
APOG.US,60,20201019,200000,25.837,25.965,25.722,25.915,15712,0
APOG.US,60,20201019,210000,25.915,25.965,25.659,25.659,27010,0
APOG.US,60,20201019,220000,25.678,25.738,25.427,25.471,65122,0
APOG.US,60,20201020,160000,25.827,26.399,25.782,26.389,12167,0
APOG.US,60,20201020,170000,26.36,26.528,26.113,26.479,31032,0
APOG.US,60,20201020,180000,26.459,26.774,26.281,26.651,45404,0
APOG.US,60,20201020,190000,26.651,26.904,26.636,26.844,36065,0
APOG.US,60,20201020,200000,26.824,26.889,26.651,26.661,33715,0
APOG.US,60,20201020,210000,26.656,26.784,26.636,26.745,85228,0
APOG.US,60,20201020,220000,26.731,27.022,26.567,26.894,138101,0
APOG.US,60,20201021,160000,27.042,28.513,26.977,27.779,67217,0
APOG.US,60,20201021,170000,27.634,28.059,27.259,27.357,73023,0
APOG.US,60,20201021,180000,27.313,27.62,27.069,27.456,38418,0
APOG.US,60,20201021,190000,27.407,27.663,27.297,27.297,27962,0
APOG.US,60,20201021,200000,27.259,27.481,27.234,27.318,25164,0
APOG.US,60,20201021,210000,27.328,27.615,27.328,27.585,30846,0
APOG.US,60,20201021,220000,27.575,27.723,27.219,27.229,92093,0
APOG.US,60,20201022,160000,27.229,27.437,26.942,27.308,33953,0
APOG.US,60,20201022,170000,27.2,27.318,26.577,26.962,34684,0
APOG.US,60,20201022,180000,26.972,27.209,26.538,26.666,43198,0
APOG.US,60,20201022,190000,26.636,27.209,26.636,27.012,35206,0
APOG.US,60,20201022,200000,27.002,27.2,26.922,27.042,23021,0
APOG.US,60,20201022,210000,27.052,27.17,27.037,27.1,20265,0
APOG.US,60,20201022,220000,27.12,27.407,27.061,27.278,115434,0
APOG.US,60,20201023,160000,27.396,27.565,27.097,27.097,12489,0
APOG.US,60,20201023,170000,27.187,27.386,26.849,26.859,22467,0
APOG.US,60,20201023,180000,26.879,27.028,26.779,26.809,10970,0
APOG.US,60,20201023,190000,26.769,26.889,26.551,26.68,10651,0
APOG.US,60,20201023,200000,26.64,26.889,26.64,26.844,12640,0
APOG.US,60,20201023,210000,26.859,26.899,26.769,26.829,10010,0
APOG.US,60,20201023,220000,26.799,27.018,26.799,26.978,29726,0
APOG.US,60,20201026,150000,26.441,26.762,25.934,26.183,15755,0
APOG.US,60,20201026,160000,26.247,26.372,26.143,26.178,18128,0
APOG.US,60,20201026,170000,26.183,26.322,26.014,26.073,16815,0
APOG.US,60,20201026,180000,26.024,26.252,25.924,25.984,11993,0
APOG.US,60,20201026,190000,25.984,26.053,25.427,25.606,71187,0
APOG.US,60,20201026,200000,25.581,25.805,25.581,25.617,16121,0
APOG.US,60,20201026,210000,25.621,25.675,25.427,25.596,56074,0
APOG.US,60,20201027,150000,25.437,25.506,25.238,25.377,14473,0
APOG.US,60,20201027,160000,25.367,25.536,24.969,25.109,24205,0
APOG.US,60,20201027,170000,25.109,25.109,24.731,24.845,20779,0
APOG.US,60,20201027,180000,24.9,25.009,24.741,24.88,14473,0
APOG.US,60,20201027,190000,24.9,25.009,24.771,24.96,11700,0
APOG.US,60,20201027,200000,24.969,25.039,24.87,24.999,17799,0
APOG.US,60,20201027,210000,24.999,25.039,24.85,24.86,49928,0
APOG.US,60,20201028,150000,24.114,24.8,24.035,24.497,26352,0
APOG.US,60,20201028,160000,24.512,24.8,24.418,24.582,30693,0
APOG.US,60,20201028,170000,24.582,24.93,24.462,24.9,25867,0
APOG.US,60,20201028,180000,24.85,24.94,24.592,24.736,32991,0
APOG.US,60,20201028,190000,24.731,24.741,24.592,24.661,34373,0
APOG.US,60,20201028,200000,24.661,24.701,24.492,24.562,46343,0
APOG.US,60,20201028,210000,24.631,24.691,24.432,24.442,68145,0
APOG.US,60,20201029,150000,24.363,24.427,23.637,24,26356,0
APOG.US,60,20201029,160000,23.895,24.005,23.657,23.856,15013,0
APOG.US,60,20201029,170000,23.836,23.836,23.448,23.547,26226,0
APOG.US,60,20201029,180000,23.547,23.547,23.378,23.408,7183,0
APOG.US,60,20201029,200000,23.796,23.886,23.796,23.876,5048,0
APOG.US,60,20201029,210000,23.915,24.05,23.856,23.915,46910,0
APOG.US,60,20201030,150000,23.915,24.154,23.915,24.07,6304,0
APOG.US,60,20201030,160000,24.005,24.084,23.478,23.528,6167,0
APOG.US,60,20201030,170000,23.547,23.836,23.547,23.746,8554,0
APOG.US,60,20201030,180000,23.816,23.856,23.736,23.846,5843,0
APOG.US,60,20201030,190000,23.776,23.975,23.736,23.975,9306,0
APOG.US,60,20201030,200000,23.985,24.055,23.786,23.816,8398,0
APOG.US,60,20201030,210000,23.776,23.796,23.488,23.776,29627,0
APOG.US,60,20201102,160000,24.621,24.621,23.915,24.184,10819,0
APOG.US,60,20201102,170000,24.363,24.472,24.134,24.249,8688,0
APOG.US,60,20201102,180000,24.074,24.572,24.074,24.413,13713,0
APOG.US,60,20201102,190000,24.383,24.552,24.373,24.413,5563,0
APOG.US,60,20201102,200000,24.441,24.522,24.283,24.442,11910,0
APOG.US,60,20201102,210000,24.462,24.671,24.462,24.641,8282,0
APOG.US,60,20201102,220000,24.661,24.681,24.442,24.681,43066,0
APOG.US,60,20201103,160000,25.362,25.362,24.94,25.258,7402,0
APOG.US,60,20201103,170000,25.119,25.218,24.781,24.89,20142,0
APOG.US,60,20201103,180000,24.93,25.079,24.741,24.79,16001,0
APOG.US,60,20201103,190000,24.781,24.84,24.701,24.721,17407,0
APOG.US,60,20201103,200000,24.761,24.8,24.621,24.8,20494,0
APOG.US,60,20201103,210000,24.85,25.265,24.85,25.119,17535,0
APOG.US,60,20201103,220000,25.129,25.317,24.969,25.178,65792,0
APOG.US,60,20201104,160000,24.552,24.592,23.826,23.945,9457,0
APOG.US,60,20201104,170000,24.015,24.383,23.736,24.005,14338,0
APOG.US,60,20201104,180000,24.005,24.382,24.005,24.382,11583,0
APOG.US,60,20201104,190000,24.344,24.522,24.283,24.348,12924,0
APOG.US,60,20201104,200000,24.313,24.313,23.836,23.965,14382,0
APOG.US,60,20201104,210000,23.965,24.074,23.776,24.074,10782,0
APOG.US,60,20201104,220000,24.005,24.055,23.776,23.925,45101,0
APOG.US,60,20201105,160000,24.582,24.94,24.582,24.713,6046,0
APOG.US,60,20201105,170000,24.684,25.089,24.684,24.945,13508,0
APOG.US,60,20201105,180000,24.91,24.96,24.736,24.91,10712,0
APOG.US,60,20201105,190000,24.89,24.89,24.623,24.83,8010,0
APOG.US,60,20201105,200000,24.84,24.936,24.8,24.91,10870,0
APOG.US,60,20201105,210000,24.91,24.96,24.79,24.91,9491,0
APOG.US,60,20201105,220000,24.91,24.91,24.542,24.641,66793,0
APOG.US,60,20201106,160000,24.651,24.681,24.393,24.393,1911,0
APOG.US,60,20201106,170000,24.391,24.492,24.293,24.293,4856,0
APOG.US,60,20201106,180000,24.129,24.194,23.895,23.97,9835,0
APOG.US,60,20201106,190000,23.965,24.104,23.896,23.91,5855,0
APOG.US,60,20201106,200000,23.886,24.015,23.851,23.851,4721,0
APOG.US,60,20201106,210000,23.876,24.005,23.876,23.905,7700,0
APOG.US,60,20201106,220000,23.886,24.015,23.846,23.965,35026,0
APOG.US,60,20201109,160000,25.576,26.769,25.576,26.386,17924,0
APOG.US,60,20201109,170000,26.257,26.381,25.904,26.014,23968,0
APOG.US,60,20201109,180000,26.053,26.053,25.367,25.467,26912,0
APOG.US,60,20201109,190000,25.516,26.033,25.487,25.964,16406,0
APOG.US,60,20201109,200000,25.914,26.024,25.586,25.745,9674,0
APOG.US,60,20201109,210000,25.695,25.919,25.546,25.566,18313,0
APOG.US,60,20201109,220000,25.566,25.775,25.029,25.039,70264,0
APOG.US,60,20201110,160000,24.969,25.452,24.87,25.417,13161,0
APOG.US,60,20201110,170000,25.432,25.636,25.228,25.308,14127,0
APOG.US,60,20201110,180000,25.308,25.591,25.198,25.526,32966,0
APOG.US,60,20201110,190000,25.586,25.646,25.327,25.367,15461,0
APOG.US,60,20201110,200000,25.377,25.457,25.288,25.457,12851,0
APOG.US,60,20201110,210000,25.506,25.685,25.392,25.636,11529,0
APOG.US,60,20201110,220000,25.636,25.656,25.248,25.288,71468,0
APOG.US,60,20201111,160000,25.377,25.671,24.805,24.969,13076,0
APOG.US,60,20201111,170000,24.937,25.039,24.751,24.84,14895,0
APOG.US,60,20201111,180000,24.86,24.969,24.781,24.85,15296,0
APOG.US,60,20201111,190000,24.84,24.935,24.761,24.935,11028,0
APOG.US,60,20201111,200000,24.945,24.96,24.795,24.85,10319,0
APOG.US,60,20201111,210000,24.855,24.89,24.691,24.746,11621,0
APOG.US,60,20201111,220000,24.721,24.968,24.646,24.91,45073,0
APOG.US,60,20201112,160000,24.631,24.672,24.144,24.194,9229,0
APOG.US,60,20201112,170000,23.985,24.332,23.966,24.128,11279,0
APOG.US,60,20201112,180000,24.094,24.502,23.975,24.244,10299,0
APOG.US,60,20201112,190000,24.194,24.323,23.756,23.756,10009,0
APOG.US,60,20201112,200000,23.846,23.945,23.617,23.915,13111,0
APOG.US,60,20201112,210000,23.876,24.015,23.836,23.866,10837,0
APOG.US,60,20201112,220000,23.905,24.104,23.801,24.065,50999,0
APOG.US,60,20201113,160000,24.413,24.81,24.413,24.631,9114,0
APOG.US,60,20201113,170000,24.661,24.87,24.462,24.462,11557,0
APOG.US,60,20201113,180000,24.469,24.512,24.308,24.383,12526,0
APOG.US,60,20201113,190000,24.383,24.418,24.333,24.413,5373,0
APOG.US,60,20201113,200000,24.413,24.492,24.383,24.432,2884,0
APOG.US,60,20201113,210000,24.477,24.776,24.442,24.681,9244,0
APOG.US,60,20201113,220000,24.681,24.91,24.621,24.781,41228,0
APOG.US,60,20201116,160000,25.417,25.506,24.989,25.109,6036,0
APOG.US,60,20201116,170000,25.084,25.586,25.084,25.465,15202,0
APOG.US,60,20201116,180000,25.427,25.556,25.347,25.531,15467,0
APOG.US,60,20201116,190000,25.526,25.556,25.278,25.278,7500,0
APOG.US,60,20201116,200000,25.248,25.367,24.999,24.999,12939,0
APOG.US,60,20201116,210000,24.979,25.188,24.969,25.143,10171,0
APOG.US,60,20201116,220000,25.129,25.387,25.099,25.387,59084,0
APOG.US,60,20201117,160000,25.218,25.218,24.681,24.94,11853,0
APOG.US,60,20201117,170000,24.87,25.198,24.79,25.084,12018,0
APOG.US,60,20201117,180000,25.029,25.437,25.009,25.317,5530,0
APOG.US,60,20201117,190000,25.278,25.526,25.248,25.496,11454,0
APOG.US,60,20201117,200000,25.487,25.619,25.457,25.546,4613,0
APOG.US,60,20201117,210000,25.606,25.805,25.596,25.755,8851,0
APOG.US,60,20201117,220000,25.715,25.81,25.586,25.755,58314,0
APOG.US,60,20201118,160000,25.854,25.904,25.367,25.536,19338,0
APOG.US,60,20201118,170000,25.626,25.954,25.477,25.954,9208,0
APOG.US,60,20201118,180000,25.835,26.431,25.835,26.362,22831,0
APOG.US,60,20201118,190000,26.421,26.58,26.252,26.451,14954,0
APOG.US,60,20201118,200000,26.391,26.521,26.272,26.521,13544,0
APOG.US,60,20201118,210000,26.511,26.615,26.262,26.371,6985,0
APOG.US,60,20201118,220000,26.312,26.357,25.859,25.934,40144,0
APOG.US,60,20201119,160000,25.854,26.232,25.387,25.894,13681,0
APOG.US,60,20201119,170000,26.014,26.153,25.675,25.825,12079,0
APOG.US,60,20201119,180000,25.73,25.835,25.586,25.636,7928,0
APOG.US,60,20201119,190000,25.675,25.675,25.556,25.651,6512,0
APOG.US,60,20201119,200000,25.705,25.845,25.661,25.825,4766,0
APOG.US,60,20201119,210000,25.805,26.203,25.805,26.113,17658,0
APOG.US,60,20201119,220000,26.103,26.292,26.103,26.222,30154,0
APOG.US,60,20201120,160000,25.974,25.984,25.656,25.755,9725,0
APOG.US,60,20201120,170000,25.715,26.083,25.715,25.797,12670,0
APOG.US,60,20201120,180000,25.84,26.272,25.78,26.193,9815,0
APOG.US,60,20201120,190000,26.292,26.342,26.063,26.232,10733,0
APOG.US,60,20201120,200000,26.272,26.322,26.053,26.053,11038,0
APOG.US,60,20201120,210000,26.123,26.292,26.058,26.193,12170,0
APOG.US,60,20201120,220000,26.163,26.421,26.143,26.332,61800,0
APOG.US,60,20201123,160000,26.531,27.097,26.531,26.998,7559,0
APOG.US,60,20201123,170000,27.008,27.136,26.889,27.117,11790,0
APOG.US,60,20201123,180000,27.117,27.237,27.028,27.207,20817,0
APOG.US,60,20201123,190000,27.177,27.336,27.133,27.326,14485,0
APOG.US,60,20201123,200000,27.296,27.316,27.137,27.207,46331,0
APOG.US,60,20201123,210000,27.217,27.296,27.117,27.296,39355,0
APOG.US,60,20201123,220000,27.306,27.515,27.197,27.406,58924,0
APOG.US,60,20201124,160000,27.873,27.923,27.51,27.913,6042,0
APOG.US,60,20201124,170000,27.893,28.022,27.615,27.963,40330,0
APOG.US,60,20201124,180000,27.923,28.142,27.873,28.022,21425,0
APOG.US,60,20201124,190000,28.062,28.102,28.027,28.072,15882,0
APOG.US,60,20201124,200000,28.092,28.122,27.853,27.933,17033,0
APOG.US,60,20201124,210000,27.903,27.953,27.654,27.843,13538,0
APOG.US,60,20201124,220000,27.823,28.142,27.818,28.092,63583,0
APOG.US,60,20201125,160000,27.913,27.913,27.167,27.217,3792,0
APOG.US,60,20201125,170000,27.149,27.326,26.961,27.187,13173,0
APOG.US,60,20201125,180000,27.187,27.455,27.048,27.386,7220,0
APOG.US,60,20201125,190000,27.465,27.515,27.247,27.396,7759,0
APOG.US,60,20201125,200000,27.386,27.525,27.137,27.137,17481,0
APOG.US,60,20201125,210000,27.147,27.316,26.978,27.207,20780,0
APOG.US,60,20201125,220000,27.207,27.227,27.018,27.028,88075,0
APOG.US,60,20201127,160000,27.038,27.257,27.038,27.162,1081,0
APOG.US,60,20201127,170000,26.818,27.048,26.692,26.899,9420,0
APOG.US,60,20201127,180000,26.899,27.247,26.879,27.207,5998,0
APOG.US,60,20201127,190000,27.247,27.446,27.187,27.446,14900,0
APOG.US,60,20201127,200000,27.446,27.446,27.446,27.446,9312,0
APOG.US,60,20201130,160000,27.157,27.316,26.6,26.69,7259,0
APOG.US,60,20201130,170000,26.65,26.779,26.183,26.461,18487,0
APOG.US,60,20201130,180000,26.411,26.411,26.103,26.143,16135,0
APOG.US,60,20201130,190000,26.163,26.183,25.944,25.944,5927,0
APOG.US,60,20201130,200000,25.954,26.421,25.914,26.421,25230,0
APOG.US,60,20201130,210000,26.342,26.67,26.253,26.381,31456,0
APOG.US,60,20201130,220000,26.391,26.491,26.004,26.093,73310,0
APOG.US,60,20201201,160000,26.471,27.147,26.332,26.829,16552,0
APOG.US,60,20201201,170000,26.834,27.296,26.769,26.889,23207,0
APOG.US,60,20201201,180000,26.909,26.998,26.471,26.551,17816,0
APOG.US,60,20201201,190000,26.481,26.839,26.411,26.769,7148,0
APOG.US,60,20201201,200000,26.859,26.859,26.65,26.769,5658,0
APOG.US,60,20201201,210000,26.839,26.909,26.67,26.67,24166,0
APOG.US,60,20201201,220000,26.71,26.73,26.481,26.68,65394,0
APOG.US,60,20201202,160000,26.65,26.65,26.282,26.332,4525,0
APOG.US,60,20201202,170000,26.302,26.58,26.272,26.302,7926,0
APOG.US,60,20201202,180000,26.317,26.446,26.302,26.381,12647,0
APOG.US,60,20201202,190000,26.411,26.72,26.292,26.6,12243,0
APOG.US,60,20201202,200000,26.59,26.859,26.56,26.64,9483,0
APOG.US,60,20201202,210000,26.72,26.894,26.68,26.879,9690,0
APOG.US,60,20201202,220000,26.869,26.978,26.769,26.809,41682,0
APOG.US,60,20201203,160000,26.809,27.257,26.809,26.978,5433,0
APOG.US,60,20201203,170000,26.655,27.446,26.655,27.336,24607,0
APOG.US,60,20201203,180000,27.336,27.475,27.187,27.187,4124,0
APOG.US,60,20201203,190000,27.227,27.286,27.117,27.252,4231,0
APOG.US,60,20201203,200000,27.286,27.336,27.217,27.217,4680,0
APOG.US,60,20201203,210000,27.212,27.291,27.107,27.177,7115,0
APOG.US,60,20201203,220000,27.247,27.396,27.068,27.137,61149,0
APOG.US,60,20201204,160000,27.346,27.843,27.326,27.794,15076,0
APOG.US,60,20201204,170000,27.674,27.987,27.634,27.987,21591,0
APOG.US,60,20201204,180000,27.992,28.231,27.873,28.023,7461,0
APOG.US,60,20201204,190000,28.122,28.201,28.017,28.137,3129,0
APOG.US,60,20201204,200000,28.102,28.27,28.072,28.191,7062,0
APOG.US,60,20201204,210000,28.161,28.251,28.052,28.221,6319,0
APOG.US,60,20201204,220000,28.221,28.301,28.042,28.201,35920,0
APOG.US,60,20201207,160000,28.181,28.201,27.634,27.818,4428,0
APOG.US,60,20201207,170000,27.73,28.251,27.666,28.132,16196,0
APOG.US,60,20201207,180000,28.092,28.34,28.092,28.206,26011,0
APOG.US,60,20201207,190000,28.201,28.251,27.978,27.978,6196,0
APOG.US,60,20201207,200000,27.963,28.012,27.933,27.953,2444,0
APOG.US,60,20201207,210000,27.908,28.072,27.863,28.062,5633,0
APOG.US,60,20201207,220000,28.022,28.261,28.012,28.102,38746,0
APOG.US,60,20201208,160000,27.774,28.34,27.589,28.201,3980,0
APOG.US,60,20201208,170000,28.181,28.4,28.062,28.122,14169,0
APOG.US,60,20201208,180000,28.142,28.276,28.012,28.276,38232,0
APOG.US,60,20201208,190000,28.251,28.5,28.152,28.42,16332,0
APOG.US,60,20201208,200000,28.42,28.49,28.38,28.46,4983,0
APOG.US,60,20201208,210000,28.49,28.649,28.46,28.48,6077,0
APOG.US,60,20201208,220000,28.514,28.698,28.47,28.639,33227,0
APOG.US,60,20201209,160000,28.738,29.474,28.709,29.434,7603,0
APOG.US,60,20201209,170000,29.434,29.484,29.235,29.335,24928,0
APOG.US,60,20201209,180000,28.937,29.106,28.917,28.957,18146,0
APOG.US,60,20201209,190000,28.977,29.126,28.798,28.848,15821,0
APOG.US,60,20201209,200000,28.833,28.838,28.614,28.689,13846,0
APOG.US,60,20201209,210000,28.708,29.116,28.708,29.106,16262,0
APOG.US,60,20201209,220000,29.108,29.166,28.892,29.046,50706,0
APOG.US,60,20201210,160000,29.126,29.126,28.646,28.927,1911,0
APOG.US,60,20201210,170000,28.887,28.947,28.685,28.689,17694,0
APOG.US,60,20201210,180000,28.698,28.788,28.43,28.45,14780,0
APOG.US,60,20201210,190000,28.435,28.619,28.41,28.609,12355,0
APOG.US,60,20201210,200000,28.599,28.723,28.47,28.51,10086,0
APOG.US,60,20201210,210000,28.519,28.544,28.321,28.455,24542,0
APOG.US,60,20201210,220000,28.455,28.838,28.44,28.698,43074,0
APOG.US,60,20201211,160000,28.569,28.887,28.291,28.326,9212,0
APOG.US,60,20201211,170000,28.35,28.365,27.992,28.281,29997,0
APOG.US,60,20201211,180000,28.291,28.51,28.241,28.44,22323,0
APOG.US,60,20201211,190000,28.406,28.46,28.251,28.45,10740,0
APOG.US,60,20201211,200000,28.42,28.798,28.42,28.748,7875,0
APOG.US,60,20201211,210000,28.758,28.778,28.649,28.675,12369,0
APOG.US,60,20201211,220000,28.639,28.659,28.45,28.579,35188,0
APOG.US,60,20201214,160000,28.917,29.434,28.917,29.275,12570,0
APOG.US,60,20201214,170000,29.275,29.812,29.275,29.484,31686,0
APOG.US,60,20201214,180000,29.414,29.882,29.404,29.822,37007,0
APOG.US,60,20201214,190000,29.822,29.932,29.564,29.663,19651,0
APOG.US,60,20201214,200000,29.648,29.733,29.504,29.613,14796,0
APOG.US,60,20201214,210000,29.603,29.663,29.35,29.613,22633,0
APOG.US,60,20201214,220000,29.593,29.922,29.544,29.544,96450,0
APOG.US,60,20201215,160000,29.882,30.279,29.733,30.041,13719,0
APOG.US,60,20201215,170000,30.051,30.588,30.051,30.454,29585,0
APOG.US,60,20201215,180000,30.498,30.518,30.23,30.483,21550,0
APOG.US,60,20201215,190000,30.429,30.518,30.051,30.106,26023,0
APOG.US,60,20201215,200000,30.125,30.27,29.961,30.23,22538,0
APOG.US,60,20201215,210000,30.26,30.528,30.051,30.389,54267,0
APOG.US,60,20201215,220000,30.369,30.787,30.329,30.667,58534,0
APOG.US,60,20201216,160000,30.886,31.622,30.703,31.622,39363,0
APOG.US,60,20201216,170000,31.622,31.881,31.463,31.592,47435,0
APOG.US,60,20201216,180000,31.632,31.881,31.488,31.821,34434,0
APOG.US,60,20201216,190000,31.861,31.861,31.562,31.562,14490,0
APOG.US,60,20201216,200000,31.582,31.642,31.403,31.523,27316,0
APOG.US,60,20201216,210000,31.552,31.672,31.324,31.428,39135,0
APOG.US,60,20201216,220000,31.413,31.692,31.314,31.602,133025,0
APOG.US,60,20201217,160000,31.731,32.815,31.731,32.487,50575,0
APOG.US,60,20201217,170000,32.527,32.815,32.02,32.234,95192,0
APOG.US,60,20201217,180000,32.268,32.597,31.513,31.602,78041,0
APOG.US,60,20201217,190000,31.612,31.652,31.085,31.354,37136,0
APOG.US,60,20201217,200000,31.378,31.552,31.035,31.552,47526,0
APOG.US,60,20201217,210000,31.533,31.943,31.533,31.898,46460,0
APOG.US,60,20201217,220000,31.881,32.099,31.751,31.95,88958,0
APOG.US,60,20201218,160000,32.149,32.527,30.568,32.169,118808,0
APOG.US,60,20201218,170000,32.133,32.437,32.04,32.04,53189,0
APOG.US,60,20201218,180000,32.139,32.756,31.98,32.707,29023,0
APOG.US,60,20201218,190000,32.626,32.815,32.318,32.338,24805,0
APOG.US,60,20201218,200000,32.358,32.676,32.338,32.577,9369,0
APOG.US,60,20201218,210000,32.517,32.517,32.089,32.288,21255,0
APOG.US,60,20201218,220000,32.278,32.437,31.801,32.358,172515,0
APOG.US,60,20201221,160000,32.358,32.676,31.563,32.472,18800,0
APOG.US,60,20201221,170000,32.467,32.487,31.602,31.93,23777,0
APOG.US,60,20201221,180000,31.9,32.139,31.831,32.071,25632,0
APOG.US,60,20201221,190000,32.089,32.209,31.91,32.169,23017,0
APOG.US,60,20201221,200000,32.159,32.457,32.126,32.129,25815,0
APOG.US,60,20201221,210000,32.119,32.258,32.04,32.069,14731,0
APOG.US,60,20201221,220000,32.03,32.373,31.98,32.288,77741,0
APOG.US,60,20201222,160000,32.477,32.815,31.92,31.92,16001,0
APOG.US,60,20201222,170000,31.935,32.149,31.861,32,14382,0
APOG.US,60,20201222,180000,32.04,32.248,32,32.005,25294,0
APOG.US,60,20201222,190000,32.005,32.258,31.831,32.229,54004,0
APOG.US,60,20201222,200000,32.169,32.348,32.094,32.288,12165,0
APOG.US,60,20201222,210000,32.258,32.388,32.199,32.268,15568,0
APOG.US,60,20201222,220000,32.268,32.467,32.219,32.427,62424,0
APOG.US,60,20201223,160000,32.587,32.646,32.278,32.373,12441,0
APOG.US,60,20201223,170000,32.373,32.373,31.731,31.97,15362,0
APOG.US,60,20201223,180000,31.97,32.209,31.841,32.129,20051,0
APOG.US,60,20201223,190000,32.129,32.169,32.03,32.099,13359,0
APOG.US,60,20201223,200000,32.139,32.348,32.069,32.139,74478,0
APOG.US,60,20201223,210000,32.069,32.358,32.02,32.229,25153,0
APOG.US,60,20201223,220000,32.219,32.597,32.219,32.487,57000,0
APOG.US,60,20201224,160000,32.497,32.875,32.447,32.815,25901,0
APOG.US,60,20201224,170000,32.82,32.82,32.318,32.507,18442,0
APOG.US,60,20201224,180000,32.507,32.587,32.348,32.507,27291,0
APOG.US,60,20201224,190000,32.487,32.507,32.318,32.477,32464,0
APOG.US,60,20201224,200000,32.467,32.467,32.467,32.467,6868,0
APOG.US,60,20201228,160000,32.945,33.303,32.761,33.032,15397,0
APOG.US,60,20201228,170000,32.93,33.325,32.756,33.044,24513,0
APOG.US,60,20201228,180000,33.044,33.233,32.954,32.984,22305,0
APOG.US,60,20201228,190000,33.034,33.104,32.785,32.825,15854,0
APOG.US,60,20201228,200000,32.785,32.875,32.756,32.766,14069,0
APOG.US,60,20201228,210000,32.756,33.054,32.756,32.95,14404,0
APOG.US,60,20201228,220000,32.945,32.984,32.726,32.766,110266,0
APOG.US,60,20201229,160000,32.945,33.263,32.507,32.626,16047,0
APOG.US,60,20201229,170000,32.686,32.925,32.427,32.595,25301,0
APOG.US,60,20201229,180000,32.597,32.785,32.209,32.209,28535,0
APOG.US,60,20201229,190000,32.229,32.331,31.93,31.93,16054,0
APOG.US,60,20201229,200000,31.97,32.04,31.801,31.886,9101,0
APOG.US,60,20201229,210000,31.851,31.851,31.443,31.622,17076,0
APOG.US,60,20201229,220000,31.523,31.771,31.523,31.692,45727,0
APOG.US,60,20201230,160000,31.851,32.562,31.851,32.229,9801,0
APOG.US,60,20201230,170000,32.154,32.189,32.01,32.109,6835,0
APOG.US,60,20201230,180000,32.074,32.209,31.9,31.985,25283,0
APOG.US,60,20201230,190000,32.01,32.06,31.741,31.821,13417,0
APOG.US,60,20201230,200000,31.851,31.89,31.771,31.791,33461,0
APOG.US,60,20201230,210000,31.731,31.811,31.642,31.692,13438,0
APOG.US,60,20201230,220000,31.741,31.92,31.682,31.841,40844,0
APOG.US,60,20201231,160000,31.92,32.169,31.463,31.503,8019,0
APOG.US,60,20201231,170000,31.612,32.119,31.612,31.94,14629,0
APOG.US,60,20201231,180000,31.93,32.01,31.622,31.667,24057,0
APOG.US,60,20201231,190000,31.622,31.683,31.463,31.637,35520,0
APOG.US,60,20201231,200000,31.612,31.662,31.373,31.473,9165,0
APOG.US,60,20201231,210000,31.465,31.801,31.403,31.662,12199,0
APOG.US,60,20201231,220000,31.672,31.791,31.483,31.503,45837,0
APOG.US,60,20210104,160000,32.069,32.079,31.622,31.94,13865,0
APOG.US,60,20210104,170000,31.83,31.83,30.22,30.558,18555,0
APOG.US,60,20210104,180000,30.568,30.717,30.101,30.101,24977,0
APOG.US,60,20210104,190000,30.2,30.2,29.62,30.021,79523,0
APOG.US,60,20210104,200000,30.041,30.747,29.961,30.727,22505,0
APOG.US,60,20210104,210000,30.707,30.767,30.473,30.568,15552,0
APOG.US,60,20210104,220000,30.608,30.633,30.419,30.488,65643,0
APOG.US,60,20210105,160000,30.528,31.289,30.528,31.189,6596,0
APOG.US,60,20210105,170000,31.085,31.731,30.817,31.582,17765,0
APOG.US,60,20210105,180000,31.528,31.622,31.354,31.562,10604,0
APOG.US,60,20210105,190000,31.602,31.652,31.413,31.602,7020,0
APOG.US,60,20210105,200000,31.682,31.692,31.438,31.657,8983,0
APOG.US,60,20210105,210000,31.692,31.781,31.542,31.582,15712,0
APOG.US,60,20210105,220000,31.602,31.791,31.542,31.592,46722,0
APOG.US,60,20210106,160000,32.149,32.88,32.149,32.88,13565,0
APOG.US,60,20210106,170000,32.935,32.974,32.398,32.895,20143,0
APOG.US,60,20210106,180000,32.984,33.651,32.984,33.352,13764,0
APOG.US,60,20210106,190000,33.352,33.884,33.273,33.72,28682,0
APOG.US,60,20210106,200000,33.74,34.101,33.67,34.019,10520,0
APOG.US,60,20210106,210000,34.048,34.123,33.153,33.511,11839,0
APOG.US,60,20210106,220000,33.531,34.048,33.352,33.84,96133,0
APOG.US,60,20210107,160000,34.247,34.247,33.71,33.879,7326,0
APOG.US,60,20210107,170000,33.969,34.148,33.801,33.919,6760,0
APOG.US,60,20210107,180000,33.919,34.108,33.81,33.989,7649,0
APOG.US,60,20210107,190000,33.939,34.068,33.899,34.068,4730,0
APOG.US,60,20210107,200000,34.083,34.327,34.083,34.297,6131,0
APOG.US,60,20210107,210000,34.287,34.287,33.929,34.009,9071,0
APOG.US,60,20210107,220000,34.048,34.476,34.026,34.436,49553,0
APOG.US,60,20210108,160000,34.536,34.695,34.168,34.272,4439,0
APOG.US,60,20210108,170000,34.207,34.297,33.929,34.138,16322,0
APOG.US,60,20210108,180000,34.128,34.148,33.74,33.811,23891,0
APOG.US,60,20210108,190000,33.84,34.128,33.76,34.009,11448,0
APOG.US,60,20210108,200000,33.959,34.188,33.934,34.083,35723,0
APOG.US,60,20210108,210000,34.108,34.357,34.108,34.227,16129,0
APOG.US,60,20210108,220000,34.198,34.565,34.168,34.536,54306,0
APOG.US,60,20210111,160000,34.168,35.53,34.168,34.71,20323,0
APOG.US,60,20210111,170000,34.804,35.52,34.675,35.172,27433,0
APOG.US,60,20210111,180000,35.291,35.291,34.734,34.734,43707,0
APOG.US,60,20210111,190000,34.734,34.973,34.675,34.923,9810,0
APOG.US,60,20210111,200000,34.923,34.923,34.605,34.695,12459,0
APOG.US,60,20210111,210000,34.665,34.734,34.595,34.715,11296,0
APOG.US,60,20210111,220000,34.7,35.122,34.7,35.112,62556,0
APOG.US,60,20210112,160000,35.311,36.495,35.202,36.296,20266,0
APOG.US,60,20210112,170000,36.395,36.495,35.977,36.007,21360,0
APOG.US,60,20210112,180000,35.958,36.375,35.958,36.246,16877,0
APOG.US,60,20210112,190000,36.256,36.514,36.196,36.296,15240,0
APOG.US,60,20210112,200000,36.266,36.286,35.908,36.057,22652,0
APOG.US,60,20210112,210000,35.997,36.156,35.918,36.067,24921,0
APOG.US,60,20210112,220000,36.072,36.176,35.669,35.779,111530,0
APOG.US,60,20210113,160000,36.306,37.618,35.908,36.753,33284,0
APOG.US,60,20210113,170000,36.594,36.872,35.948,36.246,28672,0
APOG.US,60,20210113,180000,36.196,36.45,36.087,36.216,27030,0
APOG.US,60,20210113,190000,36.216,36.783,36.156,36.753,19876,0
APOG.US,60,20210113,200000,36.644,36.793,36.584,36.693,19919,0
APOG.US,60,20210113,210000,36.723,37.191,36.723,36.788,40175,0
APOG.US,60,20210113,220000,36.838,36.942,36.743,36.803,71082,0
APOG.US,60,20210114,160000,37.161,37.569,36.733,37.559,16043,0
APOG.US,60,20210114,170000,37.539,37.748,36.972,37.051,29218,0
APOG.US,60,20210114,180000,37.081,37.171,36.793,37.126,32834,0
APOG.US,60,20210114,190000,37.121,37.399,37.012,37.184,28147,0
APOG.US,60,20210114,200000,37.141,37.529,37.141,37.469,14573,0
APOG.US,60,20210114,210000,37.489,37.598,37.245,37.26,21167,0
APOG.US,60,20210114,220000,37.24,37.559,37.141,37.27,80162,0
APOG.US,60,20210115,160000,36.972,37.409,36.674,36.932,29370,0
APOG.US,60,20210115,170000,36.853,37.071,36.665,36.793,15539,0
APOG.US,60,20210115,180000,36.783,36.843,36.365,36.644,17798,0
APOG.US,60,20210115,190000,36.693,37.002,36.574,36.907,113892,0
APOG.US,60,20210115,200000,36.902,36.932,36.644,36.713,61165,0
APOG.US,60,20210115,210000,36.763,36.853,36.644,36.793,35210,0
APOG.US,60,20210115,220000,36.803,36.808,36.495,36.584,69805,0
APOG.US,60,20210119,160000,37.091,38.086,36.922,37.757,12669,0
APOG.US,60,20210119,170000,37.762,37.927,37.111,37.757,18769,0
APOG.US,60,20210119,180000,37.777,37.777,37.37,37.489,23942,0
APOG.US,60,20210119,190000,37.489,37.638,37.39,37.539,11924,0
APOG.US,60,20210119,200000,37.549,37.549,37.38,37.419,10801,0
APOG.US,60,20210119,210000,37.39,37.469,37.32,37.459,14911,0
APOG.US,60,20210119,220000,37.429,37.668,37.429,37.588,50961,0
APOG.US,60,20210120,160000,37.946,38.175,37.728,37.837,17885,0
APOG.US,60,20210120,170000,37.927,38.284,37.748,37.762,22280,0
APOG.US,60,20210120,180000,37.728,37.84,37.583,37.638,16871,0
APOG.US,60,20210120,190000,37.613,37.748,37.443,37.738,18243,0
APOG.US,60,20210120,200000,37.777,37.956,37.698,37.877,13290,0
APOG.US,60,20210120,210000,37.907,38.235,37.802,38.235,18981,0
APOG.US,60,20210120,220000,38.235,38.404,38.086,38.294,57775,0
APOG.US,60,20210121,160000,38.294,38.583,37.907,37.956,11140,0
APOG.US,60,20210121,170000,37.996,37.996,37.39,37.459,17449,0
APOG.US,60,20210121,180000,37.404,37.404,36.912,36.992,31747,0
APOG.US,60,20210121,190000,37.041,37.081,36.703,36.811,14609,0
APOG.US,60,20210121,200000,36.758,36.902,36.614,36.813,16321,0
APOG.US,60,20210121,210000,36.803,37.111,36.713,36.922,33107,0
APOG.US,60,20210121,220000,36.902,37.101,36.783,36.922,60297,0
APOG.US,60,20210122,160000,36.574,37.111,36.395,36.743,10651,0
APOG.US,60,20210122,170000,36.756,36.902,36.335,36.867,39605,0
APOG.US,60,20210122,180000,36.867,37.191,36.813,36.942,12640,0
APOG.US,60,20210122,190000,36.972,37.022,36.882,36.987,10403,0
APOG.US,60,20210122,200000,36.962,37.002,36.738,36.897,15358,0
APOG.US,60,20210122,210000,36.952,37.315,36.882,37.28,12355,0
APOG.US,60,20210122,220000,37.26,37.738,37.26,37.668,61496,0
APOG.US,60,20210125,160000,37.698,37.867,37.091,37.091,12235,0
APOG.US,60,20210125,170000,37.061,38.265,37.061,37.844,16776,0
APOG.US,60,20210125,180000,37.638,37.638,37.081,37.469,12955,0
APOG.US,60,20210125,190000,37.479,37.549,37.161,37.34,15847,0
APOG.US,60,20210125,200000,37.38,37.658,37.25,37.419,18419,0
APOG.US,60,20210125,210000,37.429,37.449,36.967,37.061,17547,0
APOG.US,60,20210125,220000,37.111,37.489,37.041,37.409,47099,0
APOG.US,60,20210126,160000,37.907,38.006,37.31,37.385,8842,0
APOG.US,60,20210126,170000,37.29,37.399,36.872,36.972,13085,0
APOG.US,60,20210126,180000,36.982,37.012,36.604,36.639,12128,0
APOG.US,60,20210126,190000,36.693,36.892,36.594,36.783,15517,0
APOG.US,60,20210126,200000,36.813,36.972,36.743,36.843,7386,0
APOG.US,60,20210126,210000,36.813,37.121,36.813,37.002,17003,0
APOG.US,60,20210126,220000,37.012,37.051,36.693,36.713,31770,0
APOG.US,60,20210127,160000,35.639,36.584,35.5,35.808,11485,0
APOG.US,60,20210127,170000,36.261,36.584,35.903,36.147,17368,0
APOG.US,60,20210127,180000,36.34,36.445,36.072,36.291,17212,0
APOG.US,60,20210127,190000,36.316,36.783,36.067,36.718,11105,0
APOG.US,60,20210127,200000,36.773,36.882,36.505,36.505,22086,0
APOG.US,60,20210127,210000,36.365,36.524,36.007,36.156,33168,0
APOG.US,60,20210127,220000,36.107,36.375,36.027,36.077,63330,0
APOG.US,60,20210128,160000,36.634,37.28,36.569,36.664,5355,0
APOG.US,60,20210128,170000,36.589,36.713,35.92,36.066,7979,0
APOG.US,60,20210128,180000,36.067,36.067,35.311,35.61,12510,0
APOG.US,60,20210128,190000,35.6,35.689,35.063,35.192,18414,0
APOG.US,60,20210128,200000,35.262,35.445,35.033,35.445,13322,0
APOG.US,60,20210128,210000,35.411,35.659,35.227,35.619,17571,0
APOG.US,60,20210128,220000,35.624,35.779,35.45,35.53,59732,0
APOG.US,60,20210129,160000,35.5,35.5,34.98,35.39,5713,0
APOG.US,60,20210129,170000,35.44,35.64,35.2535,35.64,5914,0
APOG.US,60,20210129,180000,35.61,35.65,35.0725,35.36,10772,0
APOG.US,60,20210129,190000,35.41,35.47,35.05,35.22,11082,0
APOG.US,60,20210129,200000,35.155,35.5,35.1,35.28,5005,0
APOG.US,60,20210129,210000,35.31,35.56,35.1,35.11,14312,0
APOG.US,60,20210129,220000,35.17,35.54,35.085,35.1,61302,0
APOG.US,60,20210201,160000,35.36,35.65,34.86,35.04,10098,0
APOG.US,60,20210201,170000,35.07,35.08,34.61,34.71,15784,0
APOG.US,60,20210201,180000,34.7,35.03,34.59,34.995,8123,0
APOG.US,60,20210201,190000,34.92,35.02,34.7,34.75,15629,0
APOG.US,60,20210201,200000,34.74,35.13,34.74,35.13,22393,0
APOG.US,60,20210201,210000,35.105,35.64,35.105,35.49,10580,0
APOG.US,60,20210201,220000,35.48,35.66,35.44,35.49,39576,0
APOG.US,60,20210202,160000,35.85,36,35.07,35.48,15234,0
APOG.US,60,20210202,170000,35.27,35.79,35.19,35.62,15169,0
APOG.US,60,20210202,180000,35.58,36.15,35.56,35.755,14762,0
APOG.US,60,20210202,190000,35.755,35.89,35.73,35.89,8415,0
APOG.US,60,20210202,200000,35.95,36.07,35.92,35.98,5267,0
APOG.US,60,20210202,210000,35.94,36.18,35.865,36.18,6953,0
APOG.US,60,20210202,220000,36.28,36.28,35.9,35.93,46865,0
APOG.US,60,20210203,160000,36.01,36.07,35.69,35.877,6623,0
APOG.US,60,20210203,170000,35.775,35.89,35.285,35.4,13924,0
APOG.US,60,20210203,180000,35.41,35.69,35.31,35.59,6987,0
APOG.US,60,20210203,190000,35.56,35.9078,35.54,35.86,9501,0
APOG.US,60,20210203,200000,35.86,35.965,35.79,35.93,5201,0
APOG.US,60,20210203,210000,36,36.1,36,36.01,7272,0
APOG.US,60,20210203,220000,36.07,36.13,35.85,35.9,33065,0
APOG.US,60,20210204,160000,35.94,36.45,35.94,36.35,5732,0
APOG.US,60,20210204,170000,36.44,36.72,36.33,36.59,5790,0
APOG.US,60,20210204,180000,36.615,36.63,36.34,36.485,5808,0
APOG.US,60,20210204,190000,36.54,36.71,36.39,36.53,10208,0
APOG.US,60,20210204,200000,36.5,36.68,36.44,36.59,4850,0
APOG.US,60,20210204,210000,36.61,36.76,36.61,36.74,5992,0
APOG.US,60,20210204,220000,36.71,36.79,36.47,36.56,77681,0
APOG.US,60,20210205,160000,36.91,36.98,36.4671,36.67,9222,0
APOG.US,60,20210205,170000,36.6,37.11,36.6,36.97,13944,0
APOG.US,60,20210205,180000,36.95,37.03,36.79,36.79,10817,0
APOG.US,60,20210205,190000,36.77,37.05,36.62,36.95,9007,0
APOG.US,60,20210205,200000,36.8708,36.88,36.61,36.78,8894,0
APOG.US,60,20210205,210000,36.79,36.852,36.53,36.77,6138,0
APOG.US,60,20210205,220000,36.77,36.99,36.66,36.94,32820,0
APOG.US,60,20210208,160000,37.43,37.7,37.25,37.46,8066,0
APOG.US,60,20210208,170000,37.415,37.75,37.32,37.51,7136,0
APOG.US,60,20210208,180000,37.56,37.72,37.5217,37.6375,5153,0
APOG.US,60,20210208,190000,37.68,37.77,37.62,37.625,4040,0
APOG.US,60,20210208,200000,37.59,37.64,37.4463,37.4463,4050,0
APOG.US,60,20210208,210000,37.53,37.62,37.5,37.57,4300,0
APOG.US,60,20210208,220000,37.54,37.81,37.4,37.81,70072,0
APOG.US,60,20210209,160000,37.46,37.69,36.95,37.08,4737,0
APOG.US,60,20210209,170000,37.09,37.3277,37.04,37.24,4185,0
APOG.US,60,20210209,180000,37.21,37.61,37.2,37.61,4091,0
APOG.US,60,20210209,190000,37.63,38.03,37.63,37.97,9038,0
APOG.US,60,20210209,200000,37.88,37.88,37.47,37.565,8162,0
APOG.US,60,20210209,210000,37.61,37.78,37.56,37.63,5025,0
APOG.US,60,20210209,220000,37.66,37.87,37.49,37.8,32085,0
APOG.US,60,20210210,160000,37.97,38.4,37.595,38,7118,0
APOG.US,60,20210210,170000,38.06,38.07,37.135,37.78,9070,0
APOG.US,60,20210210,180000,37.76,37.784,37.48,37.66,6300,0
APOG.US,60,20210210,190000,37.5,37.64,37.24,37.47,8177,0
APOG.US,60,20210210,200000,37.44,37.61,37.38,37.54,4152,0
APOG.US,60,20210210,210000,37.48,37.68,37.48,37.62,4870,0
APOG.US,60,20210210,220000,37.65,37.76,37.4,37.6,34200,0
APOG.US,60,20210211,160000,37.86,38.69,37.86,37.88,10842,0
APOG.US,60,20210211,170000,37.72,38.19,37.66,37.66,9717,0
APOG.US,60,20210211,180000,37.61,37.75,37.41,37.47,6181,0
APOG.US,60,20210211,190000,37.42,37.43,36.64,37,7895,0
APOG.US,60,20210211,200000,37.12,37.39,37,37.24,6662,0
APOG.US,60,20210211,210000,37.24,37.53,37.1014,37.495,4131,0
APOG.US,60,20210211,220000,37.51,37.73,37.475,37.67,38927,0
APOG.US,60,20210212,160000,37.36,37.6814,36.71,37.165,8570,0
APOG.US,60,20210212,170000,37.1389,37.67,37.1389,37.48,4991,0
APOG.US,60,20210212,180000,37.54,37.55,37.28,37.3,5068,0
APOG.US,60,20210212,190000,37.35,37.37,37.16,37.22,3729,0
APOG.US,60,20210212,200000,37.22,37.22,37.07,37.15,4004,0
APOG.US,60,20210212,210000,37.165,37.34,36.97,37.34,7309,0
APOG.US,60,20210212,220000,37.36,37.61,37.335,37.51,32866,0
APOG.US,60,20210216,160000,37.96,38.2,37.45,37.6,4897,0
APOG.US,60,20210216,170000,37.6,37.7,37.19,37.43,9212,0
APOG.US,60,20210216,180000,37.4,37.87,37.2,37.75,11321,0
APOG.US,60,20210216,190000,37.7,37.9884,37.7,37.73,3066,0
APOG.US,60,20210216,200000,37.77,37.9,37.68,37.69,4450,0
APOG.US,60,20210216,210000,37.77,37.88,37.75,37.76,3428,0
APOG.US,60,20210216,220000,37.935,37.95,37.6,37.6,33950,0
APOG.US,60,20210217,160000,37.19,37.48,36.95,36.95,6652,0
APOG.US,60,20210217,170000,37.04,37.47,36.9,37.35,18163,0
APOG.US,60,20210217,180000,37.32,37.38,37.07,37.33,5803,0
APOG.US,60,20210217,190000,37.42,37.68,37.37,37.68,9338,0
APOG.US,60,20210217,200000,37.58,37.675,37.45,37.48,6200,0
APOG.US,60,20210217,210000,37.53,37.6,37.41,37.6,3900,0
APOG.US,60,20210217,220000,37.65,37.65,37.34,37.44,16230,0
APOG.US,60,20210218,160000,37.09,37.34,37.09,37.3,1578,0
APOG.US,60,20210218,170000,37.1,37.13,36.96,36.9996,6808,0
APOG.US,60,20210218,180000,37.05,37.17,36.94,37.1,6259,0
APOG.US,60,20210218,190000,37.07,37.13,36.95,36.9925,2600,0
APOG.US,60,20210218,200000,36.97,37.32,36.96,37.21,4261,0
APOG.US,60,20210218,210000,37.29,37.32,37.23,37.23,1300,0
APOG.US,60,20210218,220000,37.255,37.29,36.69,36.73,47594,0
APOG.US,60,20210219,160000,36.94,37.33,36.8,37.29,4800,0
APOG.US,60,20210219,170000,37.325,37.4261,37.1,37.19,7465,0
APOG.US,60,20210219,180000,37.19,37.43,37.18,37.35,4800,0
APOG.US,60,20210219,190000,37.34,37.53,37.34,37.41,6308,0
APOG.US,60,20210219,200000,37.41,37.6,37.35,37.6,5276,0
APOG.US,60,20210219,210000,37.58,37.58,37.23,37.3,7708,0
APOG.US,60,20210219,220000,37.35,37.48,37.17,37.33,28299,0
APOG.US,60,20210222,160000,37.18,37.3,37.07,37.13,7645,0
APOG.US,60,20210222,170000,37.18,37.88,37.18,37.88,57207,0
APOG.US,60,20210222,180000,37.845,38.14,37.84,38.09,5190,0
APOG.US,60,20210222,190000,38.19,38.31,38.13,38.15,3369,0
APOG.US,60,20210222,200000,38.12,38.18,37.985,38.01,4700,0
APOG.US,60,20210222,210000,37.995,38.19,37.96,38.05,7436,0
APOG.US,60,20210222,220000,38.03,38.2,37.95,38.13,25701,0
APOG.US,60,20210223,160000,37.93,38.28,36.7,38.05,6226,0
APOG.US,60,20210223,170000,37.88,37.88,37.485,37.8217,3640,0
APOG.US,60,20210223,180000,37.87,37.92,37.56,37.585,21627,0
APOG.US,60,20210223,190000,37.55,37.59,37.25,37.3011,12815,0
APOG.US,60,20210223,200000,37.34,38.29,37.3,38.29,33925,0
APOG.US,60,20210223,210000,38.29,38.54,38.18,38.45,13361,0
APOG.US,60,20210223,220000,38.45,38.73,38.42,38.56,64520,0
APOG.US,60,20210224,160000,38.5,40,37.725,39.38,18117,0
APOG.US,60,20210224,170000,39.45,39.61,38.87,39.61,14159,0
APOG.US,60,20210224,180000,39.68,39.79,39.35,39.67,43295,0
APOG.US,60,20210224,190000,39.62,39.99,39.59,39.77,23409,0
APOG.US,60,20210224,200000,39.72,39.74,39.46,39.55,13775,0
APOG.US,60,20210224,210000,39.55,39.62,39.37,39.4,23355,0
APOG.US,60,20210224,220000,39.4,39.75,39.39,39.52,98491,0
APOG.US,60,20210225,160000,39.81,39.89,39.33,39.45,13240,0
APOG.US,60,20210225,170000,39.38,39.54,38.78,39.01,14412,0
APOG.US,60,20210225,180000,39,39.22,38.49,38.51,8791,0
APOG.US,60,20210225,190000,38.46,38.56,38.05,38.05,12633,0
APOG.US,60,20210225,200000,37.99,38.4,37.885,38.06,13675,0
APOG.US,60,20210225,210000,38.1888,38.43,38.06,38.11,19322,0
APOG.US,60,20210225,220000,38.17,38.23,37.64,37.64,74148,0
APOG.US,60,20210226,160000,37.61,37.68,37.13,37.51,12457,0
APOG.US,60,20210226,170000,37.4,37.4,36.69,37.15,50300,0
APOG.US,60,20210226,180000,37.08,37.96,37.08,37.51,14515,0
APOG.US,60,20210226,190000,37.51,37.99,37.51,37.81,15601,0
APOG.US,60,20210226,200000,37.795,37.98,37.48,37.73,11676,0
APOG.US,60,20210226,210000,37.62,37.62,37.16,37.57,14571,0
APOG.US,60,20210226,220000,37.69,37.86,37.31,37.31,47152,0
APOG.US,60,20210301,160000,38.09,38.59,38.09,38.34,2615,0
APOG.US,60,20210301,170000,38.44,38.86,38.41,38.86,5181,0
APOG.US,60,20210301,180000,39.26,39.28,38.9916,39.19,5867,0
APOG.US,60,20210301,190000,39.23,39.42,39.14,39.24,8076,0
APOG.US,60,20210301,200000,39.17,39.215,38.92,39.1218,22381,0
APOG.US,60,20210301,210000,39.11,39.5,38.88,39.25,9038,0
APOG.US,60,20210301,220000,39.19,39.41,39.08,39.29,71211,0
APOG.US,60,20210302,160000,39.24,39.5388,38.7601,39.385,8360,0
APOG.US,60,20210302,170000,39.24,39.37,38.935,39.08,8448,0
APOG.US,60,20210302,180000,39.13,39.28,38.79,38.86,9809,0
APOG.US,60,20210302,190000,38.805,38.98,38.7,38.72,11700,0
APOG.US,60,20210302,200000,38.77,39.08,38.73,38.92,4662,0
APOG.US,60,20210302,210000,38.945,38.95,38.72,38.775,4492,0
APOG.US,60,20210302,220000,38.76,38.83,38.09,38.27,55666,0
APOG.US,60,20210303,160000,38.62,38.62,38.2,38.33,5284,0
APOG.US,60,20210303,170000,38.17,38.785,38.05,38.725,6269,0
APOG.US,60,20210303,180000,38.8,38.88,38.605,38.76,16166,0
APOG.US,60,20210303,190000,38.84,38.9,38.76,38.76,10906,0
APOG.US,60,20210303,200000,38.75,38.97,38.64,38.64,5691,0
APOG.US,60,20210303,210000,38.65,38.7,38.32,38.7,7525,0
APOG.US,60,20210303,220000,38.76,38.85,38.25,38.25,36155,0
APOG.US,60,20210304,160000,38.44,38.625,38.15,38.44,4418,0
APOG.US,60,20210304,170000,38.58,38.58,38.065,38.33,6834,0
APOG.US,60,20210304,180000,38.35,38.45,38.05,38.4055,7179,0
APOG.US,60,20210304,190000,38.39,38.5599,38.02,38.02,11315,0
APOG.US,60,20210304,200000,38.04,38.11,37.17,37.37,27008,0
APOG.US,60,20210304,210000,37.22,37.67,37.07,37.67,11096,0
APOG.US,60,20210304,220000,37.65,37.83,37.41,37.6,54350,0
APOG.US,60,20210305,160000,38.25,38.28,37.79,38.06,3837,0
APOG.US,60,20210305,170000,38.09,38.59,38.02,38.23,10345,0
APOG.US,60,20210305,180000,38.15,38.16,37.39,38.07,13787,0
APOG.US,60,20210305,190000,37.94,38.16,37.75,38.095,8981,0
APOG.US,60,20210305,200000,38.14,38.27,37.81,38.23,16769,0
APOG.US,60,20210305,210000,38.0228,38.39,37.9,38.39,12820,0
APOG.US,60,20210305,220000,38.27,38.57,38.11,38.39,102581,0
APOG.US,60,20210308,160000,38.69,39.375,38.41,39,14863,0
APOG.US,60,20210308,170000,38.92,39.47,38.92,39.34,5250,0
APOG.US,60,20210308,180000,39.53,39.57,39.17,39.35,10515,0
APOG.US,60,20210308,190000,39.245,39.89,39.245,39.79,5681,0
APOG.US,60,20210308,200000,39.8,39.9599,39.42,39.45,9610,0
APOG.US,60,20210308,210000,39.51,39.83,39.47,39.64,6383,0
APOG.US,60,20210308,220000,39.68,40.36,39.5,40.09,68744,0
APOG.US,60,20210309,160000,40.42,40.7,39.58,39.89,4492,0
APOG.US,60,20210309,170000,39.57,40.175,39.57,40.175,16378,0
APOG.US,60,20210309,180000,40.21,40.44,40.17,40.17,5735,0
APOG.US,60,20210309,190000,40.16,40.43,40.16,40.24,6826,0
APOG.US,60,20210309,200000,40.22,40.36,40.015,40.26,8063,0
APOG.US,60,20210309,210000,40.2342,40.29,39.83,39.83,9774,0
APOG.US,60,20210309,220000,39.94,40.29,39.89,40.115,48829,0
APOG.US,60,20210310,160000,40.34,40.475,40.34,40.475,1436,0
APOG.US,60,20210310,170000,40.555,40.95,40.4901,40.76,9597,0
APOG.US,60,20210310,180000,40.81,40.97,40.61,40.71,6173,0
APOG.US,60,20210310,190000,40.78,40.9,40.67,40.77,5075,0
APOG.US,60,20210310,200000,40.71,40.87,40.64,40.85,4100,0
APOG.US,60,20210310,210000,40.85,41.25,40.77,41.1701,7918,0
APOG.US,60,20210310,220000,41.17,41.9099,41.16,41.74,47053,0
APOG.US,60,20210311,160000,41.39,41.91,40.6436,41.71,10947,0
APOG.US,60,20210311,170000,41.78,42.135,41.66,42.08,10074,0
APOG.US,60,20210311,180000,42.01,42.08,41.45,41.58,6803,0
APOG.US,60,20210311,190000,41.57,41.82,41.55,41.68,11212,0
APOG.US,60,20210311,200000,41.705,41.76,41.57,41.67,4500,0
APOG.US,60,20210311,210000,41.73,41.745,41.51,41.545,16787,0
APOG.US,60,20210311,220000,41.56,41.77,41.495,41.73,31193,0
APOG.US,60,20210312,160000,41.94,42.41,41.59,41.67,4130,0
APOG.US,60,20210312,170000,41.54,41.835,41.38,41.67,7937,0
APOG.US,60,20210312,180000,41.68,42.2245,41.68,41.955,6983,0
APOG.US,60,20210312,190000,41.82,42.1,41.8,42.1,3105,0
APOG.US,60,20210312,200000,41.82,42.035,41.82,41.89,2858,0
APOG.US,60,20210312,210000,42.03,42.37,41.89,42.34,3019,0
APOG.US,60,20210312,220000,42.3,42.7,42.29,42.56,46046,0
APOG.US,60,20210315,150000,42.32,42.49,41.905,42.04,5293,0
APOG.US,60,20210315,160000,41.94,42.02,41.46,41.93,9949,0
APOG.US,60,20210315,170000,41.94,41.95,41.51,41.8,6488,0
APOG.US,60,20210315,180000,41.77,41.87,41.59,41.83,6188,0
APOG.US,60,20210315,190000,41.77,42.07,41.76,42.07,5000,0
APOG.US,60,20210315,200000,42.05,42.21,41.9,42.15,6293,0
APOG.US,60,20210315,210000,42.17,42.57,42.08,42.56,32043,0
APOG.US,60,20210316,150000,42.03,42.41,41.515,41.7,4705,0
APOG.US,60,20210316,160000,41.69,41.97,41.49,41.49,12245,0
APOG.US,60,20210316,170000,41.48,41.65,41.38,41.65,8941,0
APOG.US,60,20210316,180000,41.64,41.64,41.25,41.49,5281,0
APOG.US,60,20210316,190000,41.47,41.53,41.33,41.37,9184,0
APOG.US,60,20210316,200000,41.39,41.52,41.21,41.24,6946,0
APOG.US,60,20210316,210000,41.22,41.31,41.01,41.11,30963,0
APOG.US,60,20210317,150000,41,41.28,40.56,40.63,13348,0
APOG.US,60,20210317,160000,40.55,40.95,40.49,40.62,13348,0
APOG.US,60,20210317,170000,40.62,40.86,40.5933,40.65,7560,0
APOG.US,60,20210317,180000,40.71,40.88,40.62,40.62,10383,0
APOG.US,60,20210317,190000,40.63,40.7704,40.57,40.58,7098,0
APOG.US,60,20210317,200000,40.61,40.82,40.59,40.735,16353,0
APOG.US,60,20210317,210000,40.735,40.85,40.55,40.84,63925,0
APOG.US,60,20210318,150000,40.82,40.87,40.39,40.525,6149,0
APOG.US,60,20210318,160000,40.59,41.46,40.59,41.35,14777,0
APOG.US,60,20210318,170000,41.35,41.795,41.35,41.645,7435,0
APOG.US,60,20210318,180000,41.655,41.66,41.16,41.16,6200,0
APOG.US,60,20210318,190000,41.14,41.355,41.12,41.19,5904,0
APOG.US,60,20210318,200000,41.165,41.165,40.48,40.695,6944,0
APOG.US,60,20210318,210000,40.635,40.64,39.81,40.06,32432,0
APOG.US,60,20210319,150000,39.74,39.74,39.03,39.05,89158,0
APOG.US,60,20210319,160000,39.1816,39.548,39.03,39.2317,12841,0
APOG.US,60,20210319,170000,39.4,40.07,39.34,40.07,7113,0
APOG.US,60,20210319,180000,40.06,40.135,39.97,39.98,4375,0
APOG.US,60,20210319,190000,39.87,39.975,39.74,39.9,4200,0
APOG.US,60,20210319,200000,39.9,39.9,39.55,39.639,4833,0
APOG.US,60,20210319,210000,39.675,40.2,39.63,39.75,45731,0
APOG.US,60,20210322,150000,39.87,39.89,39.195,39.4972,21940,0
APOG.US,60,20210322,160000,39.26,39.43,38.81,38.895,21649,0
APOG.US,60,20210322,170000,38.93,39.08,38.76,39.08,6758,0
APOG.US,60,20210322,180000,39.27,39.27,38.975,39.085,6747,0
APOG.US,60,20210322,190000,39.135,39.5,39.07,39.35,4133,0
APOG.US,60,20210322,200000,39.54,39.6099,39.27,39.31,7818,0
APOG.US,60,20210322,210000,39.33,39.53,39.195,39.34,53363,0
APOG.US,60,20210323,150000,38.88,39.1332,38.54,39.1332,7747,0
APOG.US,60,20210323,160000,39.14,39.205,38.6,38.72,17364,0
APOG.US,60,20210323,170000,38.69,38.87,38.66,38.66,6210,0
APOG.US,60,20210323,180000,38.6575,38.6575,38.28,38.42,5404,0
APOG.US,60,20210323,190000,38.39,38.39,37.79,37.79,10955,0
APOG.US,60,20210323,200000,37.825,38.02,37.5,37.5,6838,0
APOG.US,60,20210323,210000,37.48,37.68,37.47,37.58,95834,0
APOG.US,60,20210324,150000,38.1,39.23,37.83,38.4425,6131,0
APOG.US,60,20210324,160000,38.415,39.11,38.31,39.09,14171,0
APOG.US,60,20210324,170000,38.75,38.8,38.4,38.47,7775,0
APOG.US,60,20210324,180000,38.485,38.61,38.39,38.46,8607,0
APOG.US,60,20210324,190000,38.44,38.44,37.83,38.22,13434,0
APOG.US,60,20210324,200000,38.175,38.22,37.61,37.775,7292,0
APOG.US,60,20210324,210000,37.695,37.72,37.23,37.4,84999,0
APOG.US,60,20210325,150000,37.615,37.615,36.86,37.17,7086,0
APOG.US,60,20210325,160000,37.085,37.52,36.94,37.52,13070,0
APOG.US,60,20210325,170000,37.36,38.48,37.24,38.48,12550,0
APOG.US,60,20210325,180000,38.44,39.08,38.4,38.835,12477,0
APOG.US,60,20210325,190000,38.77,39.07,38.37,38.37,14274,0
APOG.US,60,20210325,200000,38.37,38.66,38.33,38.51,6294,0
APOG.US,60,20210325,210000,38.63,38.85,38.46,38.5,53812,0
APOG.US,60,20210326,150000,39.06,39.13,38.58,38.785,7495,0
APOG.US,60,20210326,160000,38.86,39.49,38.86,39.0394,11446,0
APOG.US,60,20210326,170000,39.01,39.13,38.78,38.99,8468,0
APOG.US,60,20210326,180000,39.05,39.27,39.015,39.205,4704,0
APOG.US,60,20210326,190000,39.26,39.27,38.45,38.7,10372,0
APOG.US,60,20210326,200000,38.66,38.88,38.48,38.88,10629,0
APOG.US,60,20210326,210000,38.945,39.1199,38.78,39.03,51418,0
APOG.US,60,20210329,160000,38.88,39.68,37.93,39.68,10391,0
APOG.US,60,20210329,170000,39.32,39.5,38.32,38.47,14933,0
APOG.US,60,20210329,180000,38.43,38.76,37.99,38.605,32204,0
APOG.US,60,20210329,190000,38.555,38.585,37.96,38.585,5120,0
APOG.US,60,20210329,200000,38.5,38.69,38.32,38.32,5503,0
APOG.US,60,20210329,210000,38.25,38.56,38.21,38.435,8089,0
APOG.US,60,20210329,220000,38.56,38.93,38,38.21,66270,0
APOG.US,60,20210330,160000,38.21,38.92,38.13,38.92,10033,0
APOG.US,60,20210330,170000,38.93,39.45,38.67,39.345,12373,0
APOG.US,60,20210330,180000,39.4045,39.79,39.4045,39.72,14674,0
APOG.US,60,20210330,190000,39.76,39.94,39.67,39.83,8419,0
APOG.US,60,20210330,200000,39.75,39.8,39.34,39.49,7691,0
APOG.US,60,20210330,210000,39.43,39.84,39.4,39.84,3198,0
APOG.US,60,20210330,220000,39.82,40.18,39.78,39.92,48674,0
APOG.US,60,20210331,160000,40.03,40.74,38.78,40.63,6272,0
APOG.US,60,20210331,170000,40.52,40.83,40.31,40.31,16656,0
APOG.US,60,20210331,180000,40.375,40.74,40.01,40.31,10998,0
APOG.US,60,20210331,190000,40.27,40.715,40.22,40.61,7035,0
APOG.US,60,20210331,200000,40.69,41.08,40.45,41.05,12431,0
APOG.US,60,20210331,210000,41.02,41.22,40.91,41.095,10641,0
APOG.US,60,20210331,220000,41.085,41.19,40.79,40.88,72726,0
APOG.US,60,20210401,160000,40.96,41.23,40.61,40.87,3201,0
APOG.US,60,20210401,170000,40.62,40.925,40.62,40.63,2600,0
APOG.US,60,20210401,180000,40.71,40.94,40.6,40.9,9891,0
APOG.US,60,20210401,190000,40.88,40.91,40.76,40.84,5548,0
APOG.US,60,20210401,200000,40.83,41,40.8,40.94,4603,0
APOG.US,60,20210401,210000,41.03,41.19,40.98,41.17,3497,0
APOG.US,60,20210401,220000,41.12,41.37,41.005,41.37,30059,0
APOG.US,60,20210405,160000,41.95,41.95,41.15,41.25,5140,0
APOG.US,60,20210405,170000,41.18,41.18,40.62,40.9,11884,0
APOG.US,60,20210405,180000,40.68,40.92,40.6,40.705,9448,0
APOG.US,60,20210405,190000,40.66,40.77,40.55,40.66,12400,0
APOG.US,60,20210405,200000,40.57,40.66,40.54,40.59,10217,0
APOG.US,60,20210405,210000,40.59,40.72,40.39,40.71,7302,0
APOG.US,60,20210405,220000,40.7,40.93,40.57,40.82,83381,0
APOG.US,60,20210406,160000,40.92,41.51,40.68,40.92,6305,0
APOG.US,60,20210406,170000,41.19,41.495,40.84,40.99,6650,0
APOG.US,60,20210406,180000,40.85,41.02,40.61,40.86,4491,0
APOG.US,60,20210406,190000,40.86,41.2,40.86,41.12,4127,0
APOG.US,60,20210406,200000,41.07,41.12,40.86,40.93,8002,0
APOG.US,60,20210406,210000,41.0032,41.0032,40.73,40.7894,5624,0
APOG.US,60,20210406,220000,40.72,40.72,40.5,40.59,36392,0
APOG.US,60,20210407,160000,40.66,41.1,39.72,39.983,11297,0
APOG.US,60,20210407,170000,39.74,39.87,39.48,39.77,9672,0
APOG.US,60,20210407,180000,39.64,39.8737,39.45,39.62,25583,0
APOG.US,60,20210407,190000,39.59,39.73,39.45,39.67,9537,0
APOG.US,60,20210407,200000,39.675,39.7,39.48,39.625,7874,0
APOG.US,60,20210407,210000,39.625,39.635,39.32,39.37,12327,0
APOG.US,60,20210407,220000,39.37,39.58,39.23,39.46,78229,0
APOG.US,60,20210408,160000,35.84,37.1174,35,35.89,43768,0
APOG.US,60,20210408,170000,35.86,36.29,35.2,35.7701,58060,0
APOG.US,60,20210408,180000,35.7,36.19,35.59,35.97,28943,0
APOG.US,60,20210408,190000,35.895,35.925,35.5,35.73,41113,0
APOG.US,60,20210408,200000,35.78,36.11,35.51,35.5199,31992,0
APOG.US,60,20210408,210000,35.52,35.79,35.28,35.32,49294,0
APOG.US,60,20210408,220000,35.32,35.5192,35.005,35.29,200675,0
APOG.US,60,20210409,160000,35.47,35.81,35.27,35.59,30650,0
APOG.US,60,20210409,170000,35.655,36,35.51,35.94,22190,0
APOG.US,60,20210409,180000,35.9,35.97,35.59,35.83,19938,0
APOG.US,60,20210409,190000,35.76,36.15,35.72,36.105,37050,0
APOG.US,60,20210409,200000,36.1,36.12,35.91,36.05,9530,0
APOG.US,60,20210409,210000,36.07,36.24,36.02,36.12,19956,0
APOG.US,60,20210409,220000,36.13,36.73,35.985,36.55,87542,0
APOG.US,60,20210412,160000,36.52,37.45,36.4465,36.99,37728,0
APOG.US,60,20210412,170000,37.03,37.17,36.47,36.71,14356,0
APOG.US,60,20210412,180000,36.7,36.7,36.42,36.52,9753,0
APOG.US,60,20210412,190000,36.505,36.73,36.29,36.56,17575,0
APOG.US,60,20210412,200000,36.56,36.8,36.55,36.61,12585,0
APOG.US,60,20210412,210000,36.645,36.92,36.56,36.86,17783,0
APOG.US,60,20210412,220000,36.82,36.945,36.65,36.66,50831,0
APOG.US,60,20210413,160000,36.66,36.66,35.6,35.8,15603,0
APOG.US,60,20210413,170000,35.8,35.8,35.44,35.51,16781,0
APOG.US,60,20210413,180000,35.51,35.73,35.29,35.5142,15734,0
APOG.US,60,20210413,190000,35.51,35.715,35.465,35.595,15281,0
APOG.US,60,20210413,200000,35.59,35.72,35.48,35.71,22944,0
APOG.US,60,20210413,210000,35.71,35.95,35.66,35.84,17760,0
APOG.US,60,20210413,220000,35.8,36.24,35.8,36.02,56846,0
APOG.US,60,20210414,160000,35.71,36.51,35.31,36.49,9761,0
APOG.US,60,20210414,170000,36.45,36.99,36.36,36.92,15125,0
APOG.US,60,20210414,180000,36.93,37,36.78,36.82,11187,0
APOG.US,60,20210414,190000,36.82,36.83,36.49,36.52,14545,0
APOG.US,60,20210414,200000,36.47,36.54,36.34,36.51,15659,0
APOG.US,60,20210414,210000,36.47,36.67,36.34,36.5,14134,0
APOG.US,60,20210414,220000,36.38,36.6,36.065,36.21,64296,0
APOG.US,60,20210415,160000,36.59,36.59,35.7,35.88,7289,0
APOG.US,60,20210415,170000,36.01,36.03,35.8,35.97,13608,0
APOG.US,60,20210415,180000,35.9,36.07,35.7501,35.97,13672,0
APOG.US,60,20210415,190000,35.95,36.06,35.8,35.83,12991,0
APOG.US,60,20210415,200000,35.86,35.9,35.705,35.705,11624,0
APOG.US,60,20210415,210000,35.75,35.8,35.64,35.76,15053,0
APOG.US,60,20210415,220000,35.77,35.87,35.57,35.71,61375,0
APOG.US,60,20210416,160000,35.93,36.33,35.8,35.8,27352,0
APOG.US,60,20210416,170000,35.86,36.15,35.86,36.05,22863,0
APOG.US,60,20210416,180000,36.065,36.14,35.95,36.06,11114,0
APOG.US,60,20210416,190000,36.04,36.14,36.02,36.1061,14808,0
APOG.US,60,20210416,200000,36.07,36.42,36.07,36.35,18515,0
APOG.US,60,20210416,210000,36.35,36.42,36.3,36.39,18712,0
APOG.US,60,20210416,220000,36.42,36.42,36.1,36.16,34437,0
APOG.US,60,20210419,160000,36.22,36.57,35.86,36.05,22105,0
APOG.US,60,20210419,170000,35.99,36.19,35.73,35.73,16962,0
APOG.US,60,20210419,180000,35.635,36.01,35.635,35.91,78714,0
APOG.US,60,20210419,190000,35.93,35.99,35.82,35.91,11651,0
APOG.US,60,20210419,200000,35.99,35.99,35.74,35.74,12263,0
APOG.US,60,20210419,210000,35.73,36.09,35.73,36.01,64495,0
APOG.US,60,20210419,220000,36.08,36.12,35.91,36.06,51235,0
APOG.US,60,20210420,160000,36.11,36.11,35.78,35.82,7019,0
APOG.US,60,20210420,170000,35.94,36.01,35.41,35.54,9368,0
APOG.US,60,20210420,180000,35.535,35.535,35.11,35.26,12666,0
APOG.US,60,20210420,190000,35.26,35.26,35.01,35.04,6854,0
APOG.US,60,20210420,200000,35.04,35.09,34.8,34.82,8425,0
APOG.US,60,20210420,210000,34.933,34.933,34.68,34.68,9627,0
APOG.US,60,20210420,220000,34.64,34.83,34.62,34.71,46654,0
APOG.US,60,20210421,160000,34.82,35.33,34.62,35.15,7424,0
APOG.US,60,20210421,170000,35.3,35.55,35.27,35.33,22083,0
APOG.US,60,20210421,180000,35.28,35.55,35.27,35.49,16587,0
APOG.US,60,20210421,190000,35.49,35.54,35.4,35.45,7278,0
APOG.US,60,20210421,200000,35.5,35.52,35.45,35.49,5066,0
APOG.US,60,20210421,210000,35.49,35.51,35.37,35.435,12034,0
APOG.US,60,20210421,220000,35.45,35.6,35.4,35.5,71810,0
APOG.US,60,20210422,160000,35.71,35.77,35.34,35.455,7062,0
APOG.US,60,20210422,170000,35.46,35.66,35.36,35.63,30360,0
APOG.US,60,20210422,180000,35.62,35.8736,35.59,35.73,11507,0
APOG.US,60,20210422,190000,35.73,36.1,35.61,36.04,37126,0
APOG.US,60,20210422,200000,36.05,36.055,35.4,35.45,8038,0
APOG.US,60,20210422,210000,35.445,35.7,35.44,35.6568,7137,0
APOG.US,60,20210422,220000,35.68,35.71,35.34,35.39,52355,0
APOG.US,60,20210423,160000,35.52,35.88,35.25,35.71,9337,0
APOG.US,60,20210423,170000,35.83,36.28,35.83,36.17,12610,0
APOG.US,60,20210423,180000,36.33,36.33,35.985,36.28,12161,0
APOG.US,60,20210423,190000,36.2,36.27,36.07,36.12,8894,0
APOG.US,60,20210423,200000,36.2,36.28,36.13,36.24,8173,0
APOG.US,60,20210423,210000,36.27,36.32,36.17,36.25,8908,0
APOG.US,60,20210423,220000,36.29,36.45,36.12,36.14,65835,0
APOG.US,60,20210426,160000,36.39,36.69,36.39,36.52,12542,0
APOG.US,60,20210426,170000,36.49,36.66,36.11,36.14,20212,0
APOG.US,60,20210426,180000,36.2,36.22,35.97,36.18,19176,0
APOG.US,60,20210426,190000,36.24,36.37,36.16,36.16,25430,0
APOG.US,60,20210426,200000,36.18,36.21,36.085,36.15,17496,0
APOG.US,60,20210426,210000,36.15,36.16,36.04,36.08,13022,0
APOG.US,60,20210426,220000,36.08,36.13,35.84,35.91,94150,0
APOG.US,60,20210427,160000,35.85,36.26,35.76,36.04,17186,0
APOG.US,60,20210427,170000,35.96,36.07,35.91,35.915,36026,0
APOG.US,60,20210427,180000,35.89,36.08,35.89,35.98,17704,0
APOG.US,60,20210427,190000,35.98,36.06,35.675,35.76,23918,0
APOG.US,60,20210427,200000,35.76,35.84,35.59,35.76,27060,0
APOG.US,60,20210427,210000,35.74,35.845,35.67,35.815,22912,0
APOG.US,60,20210427,220000,35.79,35.91,35.75,35.82,114572,0
APOG.US,60,20210428,160000,35.91,36.07,35.78,35.8,9548,0
APOG.US,60,20210428,170000,35.76,35.81,35.62,35.775,13906,0
APOG.US,60,20210428,180000,35.77,35.86,35.63,35.65,18032,0
APOG.US,60,20210428,190000,35.69,35.69,35.49,35.55,12888,0
APOG.US,60,20210428,200000,35.53,35.66,35.52,35.555,20594,0
APOG.US,60,20210428,210000,35.61,35.71,35.61,35.68,24732,0
APOG.US,60,20210428,220000,35.67,35.71,35.5,35.5,81434,0
APOG.US,60,20210429,160000,35.91,36.18,35.622,35.769,11172,0
APOG.US,60,20210429,170000,35.72,35.72,35.35,35.41,8304,0
APOG.US,60,20210429,180000,35.47,35.49,35.18,35.23,19892,0
APOG.US,60,20210429,190000,35.16,35.18,34.94,35.04,23178,0
APOG.US,60,20210429,200000,35.05,35.23,34.93,35.2,37066,0
APOG.US,60,20210429,210000,35.21,35.45,35.18,35.45,17774,0
APOG.US,60,20210429,220000,35.47,35.52,35.22,35.5,155274,0
APOG.US,60,20210430,160000,35.25,35.645,34.8849,35.5,7288,0
APOG.US,60,20210430,170000,35.6,35.645,34.5,34.9,223612,0
APOG.US,60,20210430,180000,34.86,35.4,34.77,35.09,48654,0
APOG.US,60,20210430,190000,35.04,35.05,34.8,34.8,34238,0
APOG.US,60,20210430,200000,34.792,34.9,34.7,34.7,23718,0
APOG.US,60,20210430,210000,34.71,34.76,34.62,34.72,13812,0
APOG.US,60,20210430,220000,34.71,35.34,34.66,35.19,214494,0
APOG.US,60,20210503,160000,35.22,35.74,35.22,35.52,12710,0
APOG.US,60,20210503,170000,35.48,35.48,35.03,35.26,9872,0
APOG.US,60,20210503,180000,35.26,35.52,35.26,35.37,11773,0
APOG.US,60,20210503,190000,35.4,35.815,35.38,35.55,16895,0
APOG.US,60,20210503,200000,35.56,35.74,35.51,35.705,15569,0
APOG.US,60,20210503,210000,35.7,35.93,35.68,35.87,10051,0
APOG.US,60,20210503,220000,35.85,36.18,35.83,36.06,71231,0
APOG.US,60,20210504,160000,35.68,36,35.52,35.52,2299,0
APOG.US,60,20210504,170000,35.56,36.09,35.505,35.95,9194,0
APOG.US,60,20210504,180000,35.88,35.92,35.5,35.91,6824,0
APOG.US,60,20210504,190000,36.07,36.15,35.9,35.935,7125,0
APOG.US,60,20210504,200000,35.94,36.15,35.87,36.12,11479,0
APOG.US,60,20210504,210000,36.115,36.115,35.89,36.06,11963,0
APOG.US,60,20210504,220000,36,36.34,35.89,36.19,58551,0
APOG.US,60,20210505,160000,36.4,36.4,36.04,36.11,5085,0
APOG.US,60,20210505,170000,36,36.04,35.75,36.04,5817,0
APOG.US,60,20210505,180000,35.99,36.14,35.95,35.98,9368,0
APOG.US,60,20210505,190000,35.96,36.09,35.88,35.88,8964,0
APOG.US,60,20210505,200000,35.91,36,35.86,35.95,8833,0
APOG.US,60,20210505,210000,35.97,36.05,35.93,36.02,10160,0
APOG.US,60,20210505,220000,36.02,36.24,35.955,36.22,49515,0
APOG.US,60,20210506,160000,36.22,36.39,35.9393,36.2,3076,0
APOG.US,60,20210506,170000,36.15,36.32,35.9688,36.15,18044,0
APOG.US,60,20210506,180000,36.23,36.4,36.1,36.4,10144,0
APOG.US,60,20210506,190000,36.41,36.435,36.14,36.18,10992,0
APOG.US,60,20210506,200000,36.22,36.3,36.19,36.2,3310,0
APOG.US,60,20210506,210000,36.208,36.208,36.01,36.12,7455,0
APOG.US,60,20210506,220000,36.105,36.36,36.07,36.34,77309,0
APOG.US,60,20210507,160000,36.02,36.29,35.72,36.005,3386,0
APOG.US,60,20210507,170000,36.07,36.27,36.0565,36.26,9349,0
APOG.US,60,20210507,180000,36.3,36.31,36.11,36.11,4428,0
APOG.US,60,20210507,190000,36.06,36.3104,36.0501,36.29,4946,0
APOG.US,60,20210507,200000,36.31,36.39,36.25,36.34,4736,0
APOG.US,60,20210507,210000,36.33,36.61,36.24,36.55,11436,0
APOG.US,60,20210507,220000,36.59,36.65,36.32,36.6,31239,0
APOG.US,60,20210510,160000,36.61,36.98,36.61,36.98,23152,0
APOG.US,60,20210510,170000,36.99,37.17,36.945,37.03,32387,0
APOG.US,60,20210510,180000,37.06,37.17,36.99,37.15,11828,0
APOG.US,60,20210510,190000,37.17,37.39,37.17,37.25,12765,0
APOG.US,60,20210510,200000,37.19,37.28,37.03,37.21,7436,0
APOG.US,60,20210510,210000,37.215,37.22,36.94,37.07,24434,0
APOG.US,60,20210510,220000,37.17,37.17,37.01,37.1,134510,0
APOG.US,60,20210511,160000,36.73,36.73,35.91,36.5,8211,0
APOG.US,60,20210511,170000,36.55,36.55,35.67,35.96,63548,0
APOG.US,60,20210511,180000,35.93,36.47,35.75,36.47,27855,0
APOG.US,60,20210511,190000,36.47,37.16,36.426,36.426,30050,0
APOG.US,60,20210511,200000,36.45,36.81,36.45,36.8,9582,0
APOG.US,60,20210511,210000,36.84,37.065,36.83,37.01,14396,0
APOG.US,60,20210511,220000,37,37.28,36.95,37.19,48384,0
APOG.US,60,20210512,160000,37.03,37.17,36.55,36.6463,9290,0
APOG.US,60,20210512,170000,36.66,36.88,36.51,36.63,9241,0
APOG.US,60,20210512,180000,36.61,36.94,36.44,36.55,11361,0
APOG.US,60,20210512,190000,36.55,36.69,36.41,36.62,12390,0
APOG.US,60,20210512,200000,36.59,36.89,36.59,36.83,11869,0
APOG.US,60,20210512,210000,36.78,36.9,36.53,36.55,15718,0
APOG.US,60,20210512,220000,36.55,36.56,35.88,36.11,102063,0
APOG.US,60,20210513,160000,36.23,37.26,35.3804,37.22,6654,0
APOG.US,60,20210513,170000,37.31,37.5,37.21,37.4,29214,0
APOG.US,60,20210513,180000,37.37,37.46,37.03,37.06,21654,0
APOG.US,60,20210513,190000,37.13,37.32,37.0775,37.16,20224,0
APOG.US,60,20210513,200000,37.15,37.28,36.92,37.075,14303,0
APOG.US,60,20210513,210000,37.14,37.57,37.12,37.47,34645,0
APOG.US,60,20210513,220000,37.53,38.06,37.53,37.76,63181,0
APOG.US,60,20210514,160000,38.09,38.4,37.76,38.3,6794,0
APOG.US,60,20210514,170000,38.085,38.64,38,38.57,22228,0
APOG.US,60,20210514,180000,38.555,38.78,38.4,38.72,14561,0
APOG.US,60,20210514,190000,38.72,38.85,38.68,38.82,8113,0
APOG.US,60,20210514,200000,38.82,38.92,38.8,38.91,9105,0
APOG.US,60,20210514,210000,38.88,39.11,38.88,39.11,26856,0
APOG.US,60,20210514,220000,39.1691,39.42,39.08,39.35,55864,0
APOG.US,60,20210517,160000,39,39.4,38.21,39.21,4863,0
APOG.US,60,20210517,170000,39.13,39.4,38.39,38.5,17374,0
APOG.US,60,20210517,180000,38.44,38.74,38.3,38.5,11802,0
APOG.US,60,20210517,190000,38.5,38.61,38.21,38.49,26239,0
APOG.US,60,20210517,200000,38.445,38.64,38.2301,38.61,23890,0
APOG.US,60,20210517,210000,38.63,38.77,38.5,38.635,24954,0
APOG.US,60,20210517,220000,38.635,38.76,38.53,38.65,66844,0
APOG.US,60,20210518,160000,38.86,38.86,38.175,38.66,5703,0
APOG.US,60,20210518,170000,38.49,38.86,38.28,38.86,15250,0
APOG.US,60,20210518,180000,38.77,38.81,38.65,38.77,5500,0
APOG.US,60,20210518,190000,38.66,38.72,38.51,38.59,7874,0
APOG.US,60,20210518,200000,38.55,38.64,38.47,38.47,9508,0
APOG.US,60,20210518,210000,38.53,38.53,38,38.17,13188,0
APOG.US,60,20210518,220000,38.15,38.18,37.67,37.71,55116,0
APOG.US,60,20210519,160000,37.15,37.15,36.6,36.83,3879,0
APOG.US,60,20210519,170000,36.76,37.14,36.635,37.11,10741,0
APOG.US,60,20210519,180000,37.07,37.42,37.03,37.42,7119,0
APOG.US,60,20210519,190000,37.37,37.49,37.15,37.29,4495,0
APOG.US,60,20210519,200000,37.3,37.5,37.23,37.4739,7841,0
APOG.US,60,20210519,210000,37.41,37.42,37.04,37.18,8106,0
APOG.US,60,20210519,220000,37.12,37.4,37.12,37.37,31115,0
APOG.US,60,20210520,160000,37.47,37.47,36.9,36.92,3778,0
APOG.US,60,20210520,170000,37.18,37.28,36.97,37.15,5526,0
APOG.US,60,20210520,180000,37.16,37.4925,37.16,37.41,4574,0
APOG.US,60,20210520,190000,37.37,37.3786,37.2,37.275,4233,0
APOG.US,60,20210520,200000,37.23,37.44,37.23,37.41,5000,0
APOG.US,60,20210520,210000,37.4,37.49,37.35,37.41,5124,0
APOG.US,60,20210520,220000,37.47,37.7,37.42,37.64,23381,0
APOG.US,60,20210521,160000,37.91,38.04,36.99,37.93,6682,0
APOG.US,60,20210521,170000,37.99,38.08,37.72,38.01,7475,0
APOG.US,60,20210521,180000,37.97,37.97,37.73,37.75,4146,0
APOG.US,60,20210521,190000,37.61,37.69,37.46,37.52,5842,0
APOG.US,60,20210521,200000,37.54,37.76,37.54,37.74,3409,0
APOG.US,60,20210521,210000,37.735,37.84,37.68,37.79,5395,0
APOG.US,60,20210521,220000,37.79,37.96,37.72,37.81,27601,0
APOG.US,60,20210524,160000,38.09,38.09,37.71,37.86,3364,0
APOG.US,60,20210524,170000,37.81,37.96,37.73,37.79,2790,0
APOG.US,60,20210524,180000,37.82,37.86,37.74,37.7875,1600,0
APOG.US,60,20210524,190000,37.73,37.73,37.62,37.63,2453,0
APOG.US,60,20210524,200000,37.655,37.85,37.655,37.83,3840,0
APOG.US,60,20210524,210000,37.77,37.9,37.765,37.9,3493,0
APOG.US,60,20210524,220000,37.87,37.94,37.62,37.62,26114,0
APOG.US,60,20210525,160000,37.77,38.08,37.27,37.76,5140,0
APOG.US,60,20210525,170000,37.66,37.73,37.5,37.63,5462,0
APOG.US,60,20210525,180000,37.64,37.68,37.285,37.45,6600,0
APOG.US,60,20210525,190000,37.44,37.5422,37.43,37.44,2419,0
APOG.US,60,20210525,200000,37.46,37.47,37.3,37.39,5600,0
APOG.US,60,20210525,210000,37.37,37.37,37.05,37.075,17439,0
APOG.US,60,20210525,220000,37.09,37.34,36.99,37.15,86632,0
APOG.US,60,20210526,160000,37.19,37.775,37,37.6,2665,0
APOG.US,60,20210526,170000,37.578,37.79,37.48,37.525,10828,0
APOG.US,60,20210526,180000,37.58,37.6025,37.41,37.42,10383,0
APOG.US,60,20210526,190000,37.455,37.53,37.38,37.46,5428,0
APOG.US,60,20210526,200000,37.38,37.54,37.37,37.37,6657,0
APOG.US,60,20210526,210000,37.395,37.66,37.395,37.6,7335,0
APOG.US,60,20210526,220000,37.625,37.76,37.53,37.76,38446,0
APOG.US,60,20210527,160000,38.05,38.13,37.78,37.975,5408,0
APOG.US,60,20210527,170000,37.95,38.07,37.76,38.01,8342,0
APOG.US,60,20210527,180000,37.99,38.18,37.97,38.18,6412,0
APOG.US,60,20210527,190000,38.13,38.17,38.075,38.09,6574,0
APOG.US,60,20210527,200000,38.03,38.29,38.03,38.265,5829,0
APOG.US,60,20210527,210000,38.24,38.29,38.185,38.23,7801,0
APOG.US,60,20210527,220000,38.18,38.265,38.08,38.08,50228,0
APOG.US,60,20210528,160000,38.15,38.15,37.79,37.96,1804,0
APOG.US,60,20210528,170000,38.01,38.01,37.49,37.75,2032,0
APOG.US,60,20210528,180000,37.82,37.895,37.81,37.881,2804,0
APOG.US,60,20210528,190000,37.84,37.86,37.75,37.78,1400,0
APOG.US,60,20210528,200000,37.91,37.95,37.89,37.91,1906,0
APOG.US,60,20210528,210000,37.95,37.95,37.73,37.77,4844,0
APOG.US,60,20210528,220000,37.75,38.07,37.74,38.01,27503,0
APOG.US,60,20210601,160000,38.11,38.5,37.75,38.44,5288,0
APOG.US,60,20210601,170000,38.43,38.75,38.43,38.67,7598,0
APOG.US,60,20210601,180000,38.67,38.86,38.63,38.79,8165,0
APOG.US,60,20210601,190000,38.83,39.06,38.83,38.98,5546,0
APOG.US,60,20210601,200000,38.9909,38.9909,38.64,38.69,5387,0
APOG.US,60,20210601,210000,38.72,38.97,38.72,38.95,5352,0
APOG.US,60,20210601,220000,38.99,39.02,38.73,38.77,65531,0
APOG.US,60,20210602,160000,38.96,39.04,38.15,38.15,3836,0
APOG.US,60,20210602,170000,38.16,38.58,38.16,38.45,6795,0
APOG.US,60,20210602,180000,38.4,38.71,38.25,38.265,9369,0
APOG.US,60,20210602,190000,38.275,38.34,38.0393,38.24,7516,0
APOG.US,60,20210602,200000,38.26,38.33,38.14,38.25,4200,0
APOG.US,60,20210602,210000,38.25,38.26,38.1,38.12,6740,0
APOG.US,60,20210602,220000,38.16,38.16,37.86,38.07,35277,0
APOG.US,60,20210603,160000,38.54,38.54,37.63,37.63,2231,0
APOG.US,60,20210603,170000,37.775,38.07,37.61,38.02,5252,0
APOG.US,60,20210603,180000,38.07,38.23,37.965,38.23,3700,0
APOG.US,60,20210603,190000,38.24,38.26,38.12,38.19,3300,0
APOG.US,60,20210603,200000,38.21,38.29,38.13,38.29,6959,0
APOG.US,60,20210603,210000,38.23,38.23,38.05,38.14,5975,0
APOG.US,60,20210603,220000,38.13,38.17,38,38.14,30519,0
APOG.US,60,20210604,160000,38.25,38.39,38.08,38.14,2070,0
APOG.US,60,20210604,170000,38.13,38.14,37.9,38.035,3598,0
APOG.US,60,20210604,180000,38.04,38.085,37.87,38.04,3852,0
APOG.US,60,20210604,190000,37.98,38.27,37.98,38.24,3840,0
APOG.US,60,20210604,200000,38.245,38.4,38.21,38.29,5171,0
APOG.US,60,20210604,210000,38.32,38.36,38.26,38.285,2556,0
APOG.US,60,20210604,220000,38.35,38.455,38.28,38.29,30185,0
APOG.US,60,20210607,160000,38.46,38.55,38.3,38.3101,2489,0
APOG.US,60,20210607,170000,38.33,38.51,38.01,38.18,4282,0
APOG.US,60,20210607,180000,38.24,38.3,38.13,38.19,5307,0
APOG.US,60,20210607,190000,38.15,38.28,38.11,38.27,8443,0
APOG.US,60,20210607,200000,38.322,38.3708,38.15,38.15,7690,0
APOG.US,60,20210607,210000,38.195,38.31,38.195,38.29,9025,0
APOG.US,60,20210607,220000,38.29,38.44,38.21,38.39,40775,0
APOG.US,60,20210608,160000,38.43,38.64,38.235,38.585,4725,0
APOG.US,60,20210608,170000,38.615,39.17,38.565,39.11,6517,0
APOG.US,60,20210608,180000,39.08,39.24,38.8,39.195,8300,0
APOG.US,60,20210608,190000,39.2,39.29,39.15,39.25,6218,0
APOG.US,60,20210608,200000,39.26,39.4,39.23,39.28,7910,0
APOG.US,60,20210608,210000,39.32,39.45,39.285,39.42,6129,0
APOG.US,60,20210608,220000,39.43,39.55,39.31,39.45,55808,0
APOG.US,60,20210609,160000,39.39,39.63,38.535,39.31,4417,0
APOG.US,60,20210609,170000,39.16,39.58,39.02,39.23,10806,0
APOG.US,60,20210609,180000,39.23,39.37,39.1575,39.35,8784,0
APOG.US,60,20210609,190000,39.29,39.33,39.151,39.151,7203,0
APOG.US,60,20210609,200000,39.15,39.29,39.15,39.22,8193,0
APOG.US,60,20210609,210000,39.25,39.31,39.15,39.27,10427,0
APOG.US,60,20210609,220000,39.26,39.27,38.89,39.06,74716,0
APOG.US,60,20210610,160000,39.33,39.365,38.435,38.57,7842,0
APOG.US,60,20210610,170000,38.695,38.78,38.44,38.6,10980,0
APOG.US,60,20210610,180000,38.605,38.68,38.5,38.56,6247,0
APOG.US,60,20210610,190000,38.58,38.61,38.495,38.55,6180,0
APOG.US,60,20210610,200000,38.55,38.66,38.38,38.39,5404,0
APOG.US,60,20210610,210000,38.365,38.5,38.365,38.38,6596,0
APOG.US,60,20210610,220000,38.37,38.48,38.2,38.27,40452,0
APOG.US,60,20210611,160000,38.34,38.705,38.01,38.705,1117,0
APOG.US,60,20210611,170000,38.72,39.12,38.71,39.09,9992,0
APOG.US,60,20210611,180000,39.06,39.17,38.97,39.08,7716,0
APOG.US,60,20210611,190000,39.06,39.22,39.02,39.22,4602,0
APOG.US,60,20210611,200000,39.24,39.32,39.16,39.22,4900,0
APOG.US,60,20210611,210000,39.225,39.29,39.17,39.21,4548,0
APOG.US,60,20210611,220000,39.22,39.38,39.16,39.38,24814,0
APOG.US,60,20210614,160000,38.825,39.375,38.261,39.25,5613,0
APOG.US,60,20210614,170000,39.38,39.42,39.13,39.14,8390,0
APOG.US,60,20210614,180000,39.15,39.15,38.86,38.92,4954,0
APOG.US,60,20210614,190000,38.93,39.06,38.7489,38.8,5642,0
APOG.US,60,20210614,200000,38.82,38.86,38.735,38.81,7797,0
APOG.US,60,20210614,210000,38.79,38.97,38.79,38.93,3283,0
APOG.US,60,20210614,220000,38.89,39.08,38.85,39,38128,0
APOG.US,60,20210615,160000,39,39,38.92,38.92,757,0
APOG.US,60,20210615,170000,39.01,39.01,38.62,38.74,7942,0
APOG.US,60,20210615,180000,38.65,38.7,38.53,38.65,16734,0
APOG.US,60,20210615,190000,38.655,39.1075,38.65,39.1075,7002,0
APOG.US,60,20210615,200000,39.08,39.21,39.02,39.18,4536,0
APOG.US,60,20210615,210000,39.2,39.215,39.12,39.14,3405,0
APOG.US,60,20210615,220000,39.11,39.2,38.94,39.19,59122,0
APOG.US,60,20210616,160000,39.01,39.01,38.55,38.55,6180,0
APOG.US,60,20210616,170000,38.605,38.87,38.55,38.73,17300,0
APOG.US,60,20210616,180000,38.735,39.05,38.65,39.05,8846,0
APOG.US,60,20210616,190000,39.01,39.01,38.76,38.88,6050,0
APOG.US,60,20210616,200000,38.81,38.85,38.62,38.62,8108,0
APOG.US,60,20210616,210000,38.6,38.72,38.46,38.69,10359,0
APOG.US,60,20210616,220000,38.705,38.87,38.68,38.74,39553,0
APOG.US,60,20210617,160000,39.19,39.19,38.61,38.65,6587,0
APOG.US,60,20210617,170000,38.63,38.68,38.21,38.21,9622,0
APOG.US,60,20210617,180000,38.2,38.29,37.82,37.985,12765,0
APOG.US,60,20210617,190000,37.86,37.97,37.62,37.97,10043,0
APOG.US,60,20210617,200000,38.02,38.24,37.98,38.2,9472,0
APOG.US,60,20210617,210000,38.165,38.18,37.9522,38.08,9258,0
APOG.US,60,20210617,220000,38.06,38.46,38.01,38.16,55339,0
APOG.US,60,20210618,160000,37.54,37.74,37.26,37.38,33742,0
APOG.US,60,20210618,170000,37.47,37.48,36.76,36.92,12690,0
APOG.US,60,20210618,180000,36.91,37.38,36.78,37.36,8148,0
APOG.US,60,20210618,190000,37.27,37.35,37.06,37.07,6060,0
APOG.US,60,20210618,200000,37.04,37.11,36.95,36.95,8711,0
APOG.US,60,20210618,210000,36.9,37,36.76,36.76,9459,0
APOG.US,60,20210618,220000,36.77,36.88,36.63,36.74,140280,0
APOG.US,60,20210621,160000,37.2882,37.6,36.96,37.26,8337,0
APOG.US,60,20210621,170000,37.165,37.77,37.165,37.57,11636,0
APOG.US,60,20210621,180000,37.59,37.74,37.48,37.68,9334,0
APOG.US,60,20210621,190000,37.725,37.725,37.59,37.66,6600,0
APOG.US,60,20210621,200000,37.59,37.73,37.59,37.7,7656,0
APOG.US,60,20210621,210000,37.76,37.81,37.66,37.8,5630,0
APOG.US,60,20210621,220000,37.84,37.895,37.63,37.7,51802,0
APOG.US,60,20210622,160000,37.7,37.7,37.19,37.34,2850,0
APOG.US,60,20210622,170000,37.35,37.71,37.3,37.685,6700,0
APOG.US,60,20210622,180000,37.75,37.925,37.67,37.705,4979,0
APOG.US,60,20210622,190000,37.73,37.77,37.61,37.66,4206,0
APOG.US,60,20210622,200000,37.68,37.73,37.6,37.7,5286,0
APOG.US,60,20210622,210000,37.67,37.81,37.66,37.705,5416,0
APOG.US,60,20210622,220000,37.71,38.04,37.71,37.77,42906,0
APOG.US,60,20210623,160000,38,38.14,37.611,37.74,1667,0
APOG.US,60,20210623,170000,37.74,38.31,37.611,38.31,9742,0
APOG.US,60,20210623,180000,38.4399,38.4399,38.13,38.131,5734,0
APOG.US,60,20210623,190000,38.16,38.2944,38.16,38.29,5039,0
APOG.US,60,20210623,200000,38.261,38.49,38.261,38.441,5571,0
APOG.US,60,20210623,210000,38.451,38.49,38.245,38.32,4525,0
APOG.US,60,20210623,220000,38.28,38.36,37.93,37.94,37949,0
APOG.US,60,20210624,160000,38.03,38.4518,37.92,38,7045,0
APOG.US,60,20210624,170000,37.96,38.39,37.95,38.31,5179,0
APOG.US,60,20210624,180000,38.39,38.56,38.33,38.5,5200,0
APOG.US,60,20210624,190000,38.475,38.76,38.29,38.76,4300,0
APOG.US,60,20210624,200000,38.73,38.82,38.63,38.79,7382,0
APOG.US,60,20210624,210000,38.86,38.86,38.68,38.7417,10171,0
APOG.US,60,20210624,220000,38.74,38.82,38.49,38.59,52152,0
APOG.US,60,20210625,160000,39.26,42.69,39.26,40.6,59922,0
APOG.US,60,20210625,170000,40.9,41.36,40.05,41.13,68768,0
APOG.US,60,20210625,180000,41.19,41.56,41.13,41.46,19151,0
APOG.US,60,20210625,190000,41.44,41.845,41.44,41.77,16985,0
APOG.US,60,20210625,200000,41.79,42.9,41.79,42.77,53202,0
APOG.US,60,20210625,210000,42.74,43.45,42.64,43.39,40569,0
APOG.US,60,20210625,220000,43.41,43.7321,43.26,43.3,491998,0
APOG.US,60,20210628,160000,43.76,43.76,41.16,41.91,26815,0
APOG.US,60,20210628,170000,41.72,41.72,40.38,40.61,17876,0
APOG.US,60,20210628,180000,40.66,40.83,40.01,40.135,18288,0
APOG.US,60,20210628,190000,40.12,40.44,39.9357,40.04,29401,0
APOG.US,60,20210628,200000,40.04,40.44,39.93,40.39,17320,0
APOG.US,60,20210628,210000,40.46,40.47,39.98,40.1,8033,0
APOG.US,60,20210628,220000,40.14,40.52,40,40.49,86477,0
APOG.US,60,20210629,160000,40.5,41.42,40.21,41.08,11352,0
APOG.US,60,20210629,170000,40.97,40.97,40.47,40.7,14220,0
APOG.US,60,20210629,180000,40.73,40.93,40.53,40.6,11147,0
APOG.US,60,20210629,190000,40.59,40.715,40.381,40.491,8729,0
APOG.US,60,20210629,200000,40.49,40.59,40.401,40.59,6570,0
APOG.US,60,20210629,210000,40.51,40.57,40.28,40.34,11600,0
APOG.US,60,20210629,220000,40.291,40.5,40.25,40.27,79269,0
APOG.US,60,20210630,160000,40.14,40.53,39.51,40.22,6097,0
APOG.US,60,20210630,170000,40.27,40.75,40.0281,40.585,12653,0
APOG.US,60,20210630,180000,40.61,40.839,40.34,40.74,7272,0
APOG.US,60,20210630,190000,40.65,41.01,40.65,40.81,6272,0
APOG.US,60,20210630,200000,40.88,40.95,40.73,40.81,6647,0
APOG.US,60,20210630,210000,40.81,40.95,40.78,40.95,6893,0
APOG.US,60,20210630,220000,40.95,40.95,40.68,40.71,20587,0
APOG.US,60,20210701,160000,41.03,41.05,40.37,40.38,3138,0
APOG.US,60,20210701,170000,40.35,40.79,40.21,40.73,6100,0
APOG.US,60,20210701,180000,40.66,41,40.63,40.85,7270,0
APOG.US,60,20210701,190000,40.81,41.26,40.81,41.26,4873,0
APOG.US,60,20210701,200000,41.3,41.51,41.3,41.46,6860,0
APOG.US,60,20210701,210000,41.469,41.66,41.285,41.54,7446,0
APOG.US,60,20210701,220000,41.54,41.78,41.46,41.61,55175,0
APOG.US,60,20210702,160000,41.5,41.51,40.57,40.57,3761,0
APOG.US,60,20210702,170000,40.54,40.56,39.98,40.03,6836,0
APOG.US,60,20210702,180000,40.03,40.245,39.9,40.1,7581,0
APOG.US,60,20210702,190000,40.12,40.24,39.92,40.24,4600,0
APOG.US,60,20210702,200000,40.29,40.45,40.16,40.22,4448,0
APOG.US,60,20210702,210000,40.21,40.5,40.21,40.46,4000,0
APOG.US,60,20210702,220000,40.48,40.52,40.21,40.33,40359,0
APOG.US,60,20210706,160000,40.1,40.14,39.361,39.361,5954,0
APOG.US,60,20210706,170000,39.33,39.33,38.9,38.97,13714,0
APOG.US,60,20210706,180000,38.97,39.42,38.81,39.26,6056,0
APOG.US,60,20210706,190000,39.26,39.47,39.245,39.26,2795,0
APOG.US,60,20210706,200000,39.281,39.38,39.251,39.36,1970,0
APOG.US,60,20210706,210000,39.3499,39.35,39.25,39.31,4435,0
APOG.US,60,20210706,220000,39.285,39.34,39.11,39.19,42029,0
APOG.US,60,20210707,160000,39.03,40.08,39.03,39.52,3844,0
APOG.US,60,20210707,170000,39.34,39.475,38.96,38.97,6564,0
APOG.US,60,20210707,180000,39.04,39.56,38.77,39.3,24831,0
APOG.US,60,20210707,190000,39.29,39.45,39.28,39.42,6095,0
APOG.US,60,20210707,200000,39.3814,39.3814,39.1,39.1,7036,0
APOG.US,60,20210707,210000,39.15,39.28,39.1,39.24,10263,0
APOG.US,60,20210707,220000,39.25,39.51,39.25,39.5,45944,0
APOG.US,60,20210708,160000,38.7,39.07,38.05,38.4,27659,0
APOG.US,60,20210708,170000,38.25,38.81,38.16,38.65,16829,0
APOG.US,60,20210708,180000,38.71,39.14,38.7,39.14,24554,0
APOG.US,60,20210708,190000,39.13,39.49,39.01,39.28,6200,0
APOG.US,60,20210708,200000,39.29,39.29,39.04,39.24,10337,0
APOG.US,60,20210708,210000,39.2,39.24,39.01,39.24,12330,0
APOG.US,60,20210708,220000,39.23,39.25,38.47,38.72,74410,0
APOG.US,60,20210709,160000,39.2,39.62,39.06,39.6,4232,0
APOG.US,60,20210709,170000,39.64,39.65,39.24,39.29,14269,0
APOG.US,60,20210709,180000,39.39,39.58,39.39,39.53,2421,0
APOG.US,60,20210709,190000,39.46,39.53,39.38,39.53,6813,0
APOG.US,60,20210709,200000,39.48,39.52,39.37,39.37,3035,0
APOG.US,60,20210709,210000,39.3,39.47,39.27,39.37,4315,0
APOG.US,60,20210709,220000,39.37,39.49,39.26,39.4,44255,0
