<TICKER>,<PER>,<DATE>,<TIME>,<OPEN>,<HIGH>,<LOW>,<CLOSE>,<VOL>,<OPENINT>
BCBP.US,60,20200914,160000,7.8686,7.927,7.8686,7.927,1582,0
BCBP.US,60,20200914,170000,7.9466,7.9854,7.9367,7.9854,1951,0
BCBP.US,60,20200914,180000,8.0049,8.0147,8.0049,8.0147,770,0
BCBP.US,60,20200914,190000,7.9757,8.0076,7.9562,7.9952,3491,0
BCBP.US,60,20200914,200000,8.0244,8.0244,7.9465,7.9465,1600,0
BCBP.US,60,20200914,210000,7.9562,7.9757,7.9562,7.9757,2299,0
BCBP.US,60,20200914,220000,7.9757,8.0049,7.9757,8.0049,4824,0
BCBP.US,60,20200915,160000,8.0438,8.0536,7.9757,7.9757,822,0
BCBP.US,60,20200915,170000,8.0402,8.0438,7.966,8.0244,786,0
BCBP.US,60,20200915,180000,8.0049,8.0049,7.9611,7.9611,884,0
BCBP.US,60,20200915,190000,7.9417,7.9417,7.9417,7.9417,102,0
BCBP.US,60,20200915,200000,7.9367,7.9367,7.8978,7.8978,3399,0
BCBP.US,60,20200915,210000,7.8978,7.927,7.8783,7.8783,1315,0
BCBP.US,60,20200915,220000,7.8588,7.8978,7.8199,7.8394,11415,0
BCBP.US,60,20200916,160000,7.9076,7.9076,7.8394,7.8881,1291,0
BCBP.US,60,20200916,170000,7.8978,7.9172,7.8588,7.9172,1231,0
BCBP.US,60,20200916,180000,7.8978,7.8978,7.8978,7.8978,102,0
BCBP.US,60,20200916,190000,7.8978,7.8978,7.8978,7.8978,324,0
BCBP.US,60,20200916,200000,7.9172,7.9172,7.8881,7.9076,2360,0
BCBP.US,60,20200916,210000,7.8881,7.9367,7.8881,7.9367,716,0
BCBP.US,60,20200916,220000,7.9076,7.927,7.8783,7.8978,7995,0
BCBP.US,60,20200917,160000,7.9076,7.9076,7.9076,7.9076,1027,0
BCBP.US,60,20200917,170000,7.9503,7.9757,7.9503,7.9757,307,0
BCBP.US,60,20200917,180000,7.9465,7.9465,7.9465,7.9465,102,0
BCBP.US,60,20200917,190000,7.963,7.9952,7.9465,7.966,3125,0
BCBP.US,60,20200917,200000,7.9757,8.0049,7.9757,7.9952,2567,0
BCBP.US,60,20200917,210000,8.0049,8.0049,7.966,7.9757,3101,0
BCBP.US,60,20200917,220000,7.9757,7.9757,7.9562,7.9757,3236,0
BCBP.US,60,20200918,160000,8.0244,8.0244,7.9562,7.9757,20568,0
BCBP.US,60,20200918,170000,7.9854,8.0829,7.9854,8.0829,1790,0
BCBP.US,60,20200918,180000,8.0971,8.1218,8.0634,8.0829,4418,0
BCBP.US,60,20200918,190000,8.0536,8.0536,7.966,7.966,615,0
BCBP.US,60,20200918,200000,7.9562,7.9562,7.9172,7.9513,1164,0
BCBP.US,60,20200918,210000,7.9757,8.0147,7.966,8.0049,4267,0
BCBP.US,60,20200918,220000,8.0244,8.0244,7.9757,7.9854,23010,0
BCBP.US,60,20200921,160000,7.8686,7.9562,7.8686,7.9562,2019,0
BCBP.US,60,20200921,170000,7.9367,7.9367,7.9076,7.927,5069,0
BCBP.US,60,20200921,180000,7.9367,7.966,7.927,7.9562,6150,0
BCBP.US,60,20200921,190000,7.9757,7.9952,7.966,7.9708,5504,0
BCBP.US,60,20200921,200000,7.966,8.0049,7.9562,7.9562,5992,0
BCBP.US,60,20200921,210000,7.9562,7.9854,7.9562,7.9854,7174,0
BCBP.US,60,20200921,220000,7.9854,7.9854,7.9562,7.9562,21793,0
BCBP.US,60,20200922,160000,7.9465,8.0049,7.9465,8.0049,464,0
BCBP.US,60,20200922,170000,7.8783,7.8783,7.8345,7.8345,700,0
BCBP.US,60,20200922,180000,7.7907,7.7907,7.7274,7.7298,7900,0
BCBP.US,60,20200922,190000,7.7323,7.7517,7.7323,7.7517,1560,0
BCBP.US,60,20200922,200000,7.7323,7.781,7.7225,7.7615,2113,0
BCBP.US,60,20200922,210000,7.7419,7.7419,7.7225,7.7323,2054,0
BCBP.US,60,20200922,220000,7.7225,7.7225,7.6835,7.6933,6683,0
BCBP.US,60,20200923,160000,7.7146,7.7907,7.7107,7.7907,2156,0
BCBP.US,60,20200923,170000,7.8199,7.8199,7.7907,7.8004,2716,0
BCBP.US,60,20200923,180000,7.8049,7.8199,7.7907,7.8004,1178,0
BCBP.US,60,20200923,190000,7.7907,7.7952,7.7858,7.7907,2554,0
BCBP.US,60,20200923,200000,7.7907,7.7908,7.781,7.7907,1849,0
BCBP.US,60,20200923,210000,7.7907,7.7907,7.6739,7.6739,7616,0
BCBP.US,60,20200923,220000,7.6739,7.7128,7.5959,7.6544,19588,0
BCBP.US,60,20200924,160000,7.6835,7.6835,7.6835,7.6835,238,0
BCBP.US,60,20200924,170000,7.6739,7.7481,7.6739,7.703,3103,0
BCBP.US,60,20200924,180000,7.7225,7.7323,7.5277,7.6251,9279,0
BCBP.US,60,20200924,190000,7.6348,7.6933,7.6154,7.6933,1233,0
BCBP.US,60,20200924,200000,7.7128,7.8199,7.7128,7.7877,2440,0
BCBP.US,60,20200924,210000,7.7128,7.7128,7.6348,7.6348,1140,0
BCBP.US,60,20200924,220000,7.6348,7.6835,7.5959,7.6544,5247,0
BCBP.US,60,20200925,160000,7.6641,7.703,7.6641,7.6641,693,0
BCBP.US,60,20200925,170000,7.7225,7.7226,7.6933,7.6933,2002,0
BCBP.US,60,20200925,190000,7.677,7.7419,7.677,7.7323,924,0
BCBP.US,60,20200925,200000,7.7419,7.7712,7.7323,7.7712,2232,0
BCBP.US,60,20200925,210000,7.7419,7.7419,7.7225,7.7225,983,0
BCBP.US,60,20200925,220000,7.7323,7.7517,7.6446,7.7128,10202,0
BCBP.US,60,20200928,160000,7.7323,7.8491,7.7225,7.8394,2739,0
BCBP.US,60,20200928,170000,7.8491,7.8978,7.8491,7.8549,1670,0
BCBP.US,60,20200928,180000,7.8735,7.8881,7.8735,7.8783,1367,0
BCBP.US,60,20200928,190000,7.8978,7.9417,7.8803,7.9172,1643,0
BCBP.US,60,20200928,200000,7.8881,7.8881,7.8491,7.8686,616,0
BCBP.US,60,20200928,210000,7.8832,8.0147,7.8686,8.0147,6161,0
BCBP.US,60,20200928,220000,8.0147,8.0634,8.0049,8.0049,11290,0
BCBP.US,60,20200929,160000,8.0147,8.0244,7.9465,7.9757,6556,0
BCBP.US,60,20200929,170000,7.927,7.927,7.7712,7.8296,1478,0
BCBP.US,60,20200929,180000,7.6933,7.7419,7.6933,7.703,2496,0
BCBP.US,60,20200929,190000,7.6933,7.781,7.6739,7.7419,1354,0
BCBP.US,60,20200929,200000,7.7469,7.8101,7.7225,7.8101,2515,0
BCBP.US,60,20200929,210000,7.8296,7.8394,7.8199,7.8199,663,0
BCBP.US,60,20200929,220000,7.8004,7.8296,7.7712,7.8101,3615,0
BCBP.US,60,20200930,160000,7.8394,7.9367,7.8394,7.8881,1626,0
BCBP.US,60,20200930,170000,7.8881,7.927,7.8881,7.927,205,0
BCBP.US,60,20200930,180000,7.8394,7.8394,7.781,7.781,550,0
BCBP.US,60,20200930,190000,7.7712,7.8588,7.7712,7.8588,2671,0
BCBP.US,60,20200930,200000,7.8588,7.8588,7.8296,7.8296,513,0
BCBP.US,60,20200930,210000,7.781,7.781,7.6739,7.6739,924,0
BCBP.US,60,20200930,220000,7.7176,7.7999,7.703,7.7907,5364,0
BCBP.US,60,20201001,160000,7.7907,7.7907,7.7225,7.7315,1672,0
BCBP.US,60,20201001,170000,7.703,7.703,7.6105,7.6544,1129,0
BCBP.US,60,20201001,180000,7.6446,7.6446,7.6446,7.6446,102,0
BCBP.US,60,20201001,190000,7.6641,7.6641,7.6641,7.6641,410,0
BCBP.US,60,20201001,200000,7.703,7.7517,7.703,7.7517,1849,0
BCBP.US,60,20201001,210000,7.6641,7.7128,7.6348,7.7128,1646,0
BCBP.US,60,20201001,220000,7.703,7.7907,7.6884,7.7323,8388,0
BCBP.US,60,20201002,160000,7.6446,7.6446,7.6348,7.6348,395,0
BCBP.US,60,20201002,170000,7.6252,7.7578,7.6252,7.7578,1232,0
BCBP.US,60,20201002,180000,7.6641,7.7225,7.6641,7.7225,307,0
BCBP.US,60,20201002,190000,7.7022,7.842,7.7022,7.842,1859,0
BCBP.US,60,20201002,200000,7.7907,7.8151,7.7907,7.8151,615,0
BCBP.US,60,20201002,210000,7.8367,7.8783,7.8101,7.8101,1406,0
BCBP.US,60,20201002,220000,7.8004,7.9172,7.8004,7.8394,7496,0
BCBP.US,60,20201005,160000,7.9562,7.9562,7.9124,7.9124,205,0
BCBP.US,60,20201005,170000,7.89,7.9562,7.89,7.9367,2157,0
BCBP.US,60,20201005,180000,7.9172,8.1035,7.9076,8.0829,10376,0
BCBP.US,60,20201005,190000,8.1218,8.1413,8.1023,8.112,615,0
BCBP.US,60,20201005,200000,8.1023,8.1413,8.1023,8.1315,1026,0
BCBP.US,60,20201005,210000,8.1218,8.1413,8.0829,8.1413,1502,0
BCBP.US,60,20201005,220000,8.1413,8.375,8.1413,8.3263,16738,0
BCBP.US,60,20201006,160000,8.375,8.375,8.2971,8.2971,728,0
BCBP.US,60,20201006,170000,8.3701,8.4626,8.2585,8.3617,1763,0
BCBP.US,60,20201006,180000,8.4528,8.4528,8.2799,8.2873,5078,0
BCBP.US,60,20201006,190000,8.375,8.375,8.375,8.375,205,0
BCBP.US,60,20201006,200000,8.4237,8.5503,8.2776,8.2971,18673,0
BCBP.US,60,20201006,210000,8.3944,8.3944,8.0936,8.0936,7189,0
BCBP.US,60,20201006,220000,7.9757,8.1266,7.9465,7.9757,7312,0
BCBP.US,60,20201007,160000,8.1023,8.1023,8.1023,8.1023,102,0
BCBP.US,60,20201007,170000,8.1315,8.151,8.0438,8.0438,3631,0
BCBP.US,60,20201007,180000,8.0682,8.0974,8.0438,8.0829,2823,0
BCBP.US,60,20201007,190000,8.0438,8.0585,8.0147,8.0341,996,0
BCBP.US,60,20201007,200000,8.0218,8.1315,8.0218,8.1315,1217,0
BCBP.US,60,20201007,210000,8.185,8.185,8.0585,8.0585,7824,0
BCBP.US,60,20201007,220000,8.0536,8.2386,8.0536,8.2191,9124,0
BCBP.US,60,20201008,160000,8.3166,8.3166,8.1997,8.1997,791,0
BCBP.US,60,20201008,170000,8.2679,8.2776,8.2679,8.2776,222,0
BCBP.US,60,20201008,180000,8.2403,8.2403,8.1997,8.2278,1353,0
BCBP.US,60,20201008,190000,8.1607,8.2095,8.1315,8.1578,429,0
BCBP.US,60,20201008,200000,8.112,8.1802,8.0925,8.1802,2054,0
BCBP.US,60,20201008,210000,8.2386,8.2386,8.1802,8.2289,410,0
BCBP.US,60,20201008,220000,8.2386,8.2971,8.2191,8.2386,6019,0
BCBP.US,60,20201009,160000,8.336,8.336,8.2776,8.2776,707,0
BCBP.US,60,20201009,170000,8.2095,8.2095,8.2095,8.2095,204,0
BCBP.US,60,20201009,180000,8.1997,8.1997,8.1997,8.1997,308,0
BCBP.US,60,20201009,190000,8.1705,8.1997,8.1705,8.1997,440,0
BCBP.US,60,20201009,200000,8.2153,8.2191,8.1607,8.19,698,0
BCBP.US,60,20201009,210000,8.2191,8.2191,8.1607,8.2095,760,0
BCBP.US,60,20201009,220000,8.1743,8.19,7.9952,8.151,9536,0
BCBP.US,60,20201012,160000,8.1413,8.1413,8.1413,8.1413,105,0
BCBP.US,60,20201012,170000,8.0247,8.1087,8.0147,8.0731,1848,0
BCBP.US,60,20201012,180000,8.0731,8.1997,8.0731,8.1997,924,0
BCBP.US,60,20201012,190000,8.1315,8.1315,8.0536,8.0829,924,0
BCBP.US,60,20201012,200000,8.0829,8.1044,8.0829,8.0829,1541,0
BCBP.US,60,20201012,210000,8.1218,8.1218,8.0829,8.1218,513,0
BCBP.US,60,20201012,220000,8.0634,8.1023,8.0147,8.0536,8486,0
BCBP.US,60,20201013,160000,7.9952,7.9952,7.9562,7.9562,389,0
BCBP.US,60,20201013,170000,7.9854,8.0244,7.9367,7.9367,2334,0
BCBP.US,60,20201013,180000,7.9367,7.9367,7.8978,7.8978,2497,0
BCBP.US,60,20201013,190000,7.8783,7.8783,7.8588,7.8588,1951,0
BCBP.US,60,20201013,200000,7.8588,7.8881,7.8588,7.8881,615,0
BCBP.US,60,20201013,210000,7.9172,7.9367,7.8881,7.927,2053,0
BCBP.US,60,20201013,220000,7.9124,7.9465,7.8394,7.8686,4952,0
BCBP.US,60,20201014,160000,7.927,7.927,7.8394,7.8394,1388,0
BCBP.US,60,20201014,170000,7.8296,7.8296,7.7907,7.8199,1541,0
BCBP.US,60,20201014,190000,7.8925,7.8925,7.8588,7.8588,357,0
BCBP.US,60,20201014,200000,7.873,7.8978,7.873,7.8978,3800,0
BCBP.US,60,20201014,210000,7.8978,7.927,7.8978,7.927,1746,0
BCBP.US,60,20201014,220000,7.9026,7.9076,7.8588,7.8881,6408,0
BCBP.US,60,20201015,160000,7.8783,7.9076,7.8783,7.9076,1027,0
BCBP.US,60,20201015,170000,7.8491,7.8491,7.8491,7.8491,102,0
BCBP.US,60,20201015,180000,7.8832,7.927,7.8832,7.927,1892,0
BCBP.US,60,20201015,190000,8.0244,8.0341,8.0244,8.0341,205,0
BCBP.US,60,20201015,200000,8.0147,8.0634,8.0147,8.0634,1437,0
BCBP.US,60,20201015,210000,8.039,8.0731,8.039,8.0731,616,0
BCBP.US,60,20201015,220000,8.0585,8.1315,8.0488,8.1218,7081,0
BCBP.US,60,20201016,160000,8.3263,8.3263,8.2776,8.2971,6506,0
BCBP.US,60,20201016,170000,8.3166,8.3457,8.3068,8.3457,1829,0
BCBP.US,60,20201016,190000,8.4042,8.4139,8.4042,8.4139,359,0
BCBP.US,60,20201016,200000,8.4237,8.4941,8.4139,8.4941,3812,0
BCBP.US,60,20201016,210000,8.4432,8.4432,8.4432,8.4432,102,0
BCBP.US,60,20201016,220000,8.4432,8.5308,8.4432,8.5308,7673,0
BCBP.US,60,20201019,160000,8.599,8.599,8.4042,8.5259,1892,0
BCBP.US,60,20201019,170000,8.4463,8.4663,8.4463,8.4663,257,0
BCBP.US,60,20201019,180000,8.4432,8.4528,8.4139,8.4139,2787,0
BCBP.US,60,20201019,190000,8.4042,8.4042,8.3652,8.3652,6187,0
BCBP.US,60,20201019,200000,8.3652,8.3652,8.3409,8.3555,2244,0
BCBP.US,60,20201019,210000,8.3068,8.336,8.3068,8.336,522,0
BCBP.US,60,20201019,220000,8.3263,8.3457,8.2191,8.2873,4161,0
BCBP.US,60,20201020,160000,8.3166,8.3166,8.19,8.19,514,0
BCBP.US,60,20201020,170000,8.2289,8.2289,8.2289,8.2289,307,0
BCBP.US,60,20201020,180000,8.2776,8.3166,8.2776,8.3154,513,0
BCBP.US,60,20201020,190000,8.2971,8.2971,8.2971,8.2971,102,0
BCBP.US,60,20201020,200000,8.2679,8.2679,8.2679,8.2679,411,0
BCBP.US,60,20201020,210000,8.2386,8.2971,8.2386,8.2971,513,0
BCBP.US,60,20201020,220000,8.2484,8.2873,8.2191,8.2776,1436,0
BCBP.US,60,20201021,160000,8.3555,8.3555,8.3145,8.3145,2156,0
BCBP.US,60,20201021,170000,8.2581,8.2873,8.2581,8.2873,718,0
BCBP.US,60,20201021,180000,8.2873,8.2873,8.2776,8.2776,307,0
BCBP.US,60,20201021,190000,8.2971,8.2971,8.2581,8.2776,1220,0
BCBP.US,60,20201021,200000,8.2386,8.2873,8.2386,8.2873,2402,0
BCBP.US,60,20201021,210000,8.2873,8.4528,8.2386,8.4528,1265,0
BCBP.US,60,20201021,220000,8.2435,8.5016,8.2435,8.4919,3845,0
BCBP.US,60,20201022,160000,8.5016,8.5016,8.3896,8.3896,1072,0
BCBP.US,60,20201022,170000,8.4285,8.4919,8.4285,8.4919,1176,0
BCBP.US,60,20201022,180000,8.5016,8.7645,8.4919,8.745,7219,0
BCBP.US,60,20201022,190000,8.7547,8.7547,8.5795,8.6476,7197,0
BCBP.US,60,20201022,200000,8.6087,8.6574,8.5772,8.6379,5136,0
BCBP.US,60,20201022,210000,8.6671,8.8034,8.6597,8.7938,6393,0
BCBP.US,60,20201022,220000,8.7216,8.8716,8.7216,8.8327,14415,0
BCBP.US,60,20201023,160000,8.9106,9.008,8.9009,8.9859,4590,0
BCBP.US,60,20201023,170000,8.9691,9.2319,8.9691,9.193,3700,0
BCBP.US,60,20201023,180000,9.2319,9.4362,9.193,9.4362,3379,0
BCBP.US,60,20201023,190000,9.4362,9.549,9.2514,9.3878,21324,0
BCBP.US,60,20201023,200000,9.3294,9.3294,9.3099,9.3099,204,0
BCBP.US,60,20201023,210000,9.3196,9.4461,9.3196,9.4461,4533,0
BCBP.US,60,20201023,220000,9.4757,9.554,9.4362,9.519,13194,0
BCBP.US,60,20201026,150000,9.4757,9.554,9.3976,9.3976,10954,0
BCBP.US,60,20201026,160000,9.4757,9.4757,9.3976,9.4559,2669,0
BCBP.US,60,20201026,170000,9.4075,9.4174,9.3585,9.4174,2070,0
BCBP.US,60,20201026,180000,9.3927,9.4263,9.3878,9.4075,718,0
BCBP.US,60,20201026,190000,9.3927,9.3927,9.3488,9.3878,3805,0
BCBP.US,60,20201026,200000,9.3976,9.3976,9.3488,9.3635,14002,0
BCBP.US,60,20201026,210000,9.3683,9.4559,9.3488,9.4174,5912,0
BCBP.US,60,20201027,150000,9.3878,9.4263,9.3878,9.4204,1066,0
BCBP.US,60,20201027,160000,9.339,9.4075,9.339,9.378,513,0
BCBP.US,60,20201027,170000,9.3099,9.3099,9.3099,9.3099,102,0
BCBP.US,60,20201027,180000,9.3486,9.4214,9.3486,9.4214,5293,0
BCBP.US,60,20201027,190000,9.4046,9.4362,9.3976,9.4263,1746,0
BCBP.US,60,20201027,200000,9.4174,9.4945,9.4075,9.4945,2362,0
BCBP.US,60,20201027,210000,9.501,9.501,9.4362,9.4945,14516,0
BCBP.US,60,20201028,150000,9.3099,9.4856,9.2572,9.4807,3631,0
BCBP.US,60,20201028,160000,9.4461,9.4461,9.3122,9.3537,1221,0
BCBP.US,60,20201028,170000,9.3585,9.4263,9.3001,9.3976,2157,0
BCBP.US,60,20201028,180000,9.3888,9.4263,9.3683,9.3683,6006,0
BCBP.US,60,20201028,190000,9.3683,9.4125,9.3585,9.378,13554,0
BCBP.US,60,20201028,200000,9.3683,9.3976,9.2612,9.2612,18679,0
BCBP.US,60,20201028,210000,9.2514,9.2709,9.1833,9.2417,5750,0
BCBP.US,60,20201029,150000,9.193,9.193,9.0372,9.0372,906,0
BCBP.US,60,20201029,160000,9.0275,9.1532,8.969,9.1532,2465,0
BCBP.US,60,20201029,170000,9.223,9.223,9.1053,9.1053,1746,0
BCBP.US,60,20201029,180000,9.1053,9.1053,9.0859,9.0859,410,0
BCBP.US,60,20201029,190000,9.0566,9.0859,9.0373,9.0859,3080,0
BCBP.US,60,20201029,200000,9.0859,9.1346,9.0566,9.0566,2223,0
BCBP.US,60,20201029,210000,9.0686,9.1637,9.0566,9.1637,4587,0
BCBP.US,60,20201030,150000,9.0664,9.0922,9.0566,9.0922,2803,0
BCBP.US,60,20201030,160000,9.0859,9.1053,8.9788,9.0372,6446,0
BCBP.US,60,20201030,170000,9.0372,9.0372,8.9885,8.9885,2383,0
BCBP.US,60,20201030,180000,8.9788,9.0275,8.9593,9.0275,410,0
BCBP.US,60,20201030,190000,8.9593,9.0275,8.9593,9.0275,410,0
BCBP.US,60,20201030,200000,8.9593,9.0275,8.9593,8.969,923,0
BCBP.US,60,20201030,210000,8.969,8.969,8.8327,8.9106,6607,0
BCBP.US,60,20201102,160000,8.9204,8.93,8.9204,8.93,351,0
BCBP.US,60,20201102,170000,8.969,9.0121,8.8911,8.9788,3810,0
BCBP.US,60,20201102,180000,8.9447,8.9568,8.9106,8.93,4121,0
BCBP.US,60,20201102,190000,8.9447,8.9593,8.9204,8.9495,513,0
BCBP.US,60,20201102,200000,8.9471,8.9495,8.8424,8.8424,982,0
BCBP.US,60,20201102,210000,8.8959,8.9173,8.8327,8.9009,5040,0
BCBP.US,60,20201102,220000,8.9009,8.969,8.8814,8.93,7262,0
BCBP.US,60,20201103,160000,9.008,9.0859,8.9204,9.0275,5575,0
BCBP.US,60,20201103,170000,9.0566,9.1637,9.008,9.1102,15536,0
BCBP.US,60,20201103,180000,9.1151,9.1735,9.1151,9.1637,513,0
BCBP.US,60,20201103,190000,9.2028,9.2028,9.2028,9.2028,102,0
BCBP.US,60,20201103,200000,9.1443,9.1637,9.1346,9.1346,2625,0
BCBP.US,60,20201103,210000,9.1053,9.1833,9.0957,9.1053,5926,0
BCBP.US,60,20201103,220000,9.0957,9.3001,9.0275,9.2514,24363,0
BCBP.US,60,20201104,160000,9.1637,9.1735,9.0275,9.1537,2483,0
BCBP.US,60,20201104,170000,9.1346,9.2417,9.1346,9.193,3500,0
BCBP.US,60,20201104,180000,9.1637,9.1833,9.029,9.1833,1574,0
BCBP.US,60,20201104,190000,9.193,9.3001,9.193,9.2806,821,0
BCBP.US,60,20201104,200000,9.2028,9.2806,9.2028,9.2806,2384,0
BCBP.US,60,20201104,210000,9.2806,9.3001,9.2319,9.3001,1319,0
BCBP.US,60,20201104,220000,9.3001,9.3976,9.2222,9.3878,7147,0
BCBP.US,60,20201105,160000,9.3779,9.4273,9.3431,9.3535,1445,0
BCBP.US,60,20201105,170000,9.4022,9.4125,9.3489,9.3496,5476,0
BCBP.US,60,20201105,180000,9.4075,9.4075,9.3878,9.4075,2953,0
BCBP.US,60,20201105,190000,9.4174,9.4174,9.3581,9.4174,1518,0
BCBP.US,60,20201105,200000,9.4174,9.4866,9.4174,9.4866,1648,0
BCBP.US,60,20201105,210000,9.4421,9.516,9.4421,9.516,405,0
BCBP.US,60,20201105,220000,9.556,9.803,9.556,9.615,13457,0
BCBP.US,60,20201106,160000,9.585,9.605,9.2988,9.3384,9321,0
BCBP.US,60,20201106,170000,9.3482,9.407,9.3285,9.3304,3487,0
BCBP.US,60,20201106,180000,9.289,9.3384,9.2889,9.3384,1416,0
BCBP.US,60,20201106,200000,9.2889,9.2889,9.2889,9.2889,503,0
BCBP.US,60,20201106,210000,9.2395,9.2395,9.1802,9.1802,1569,0
BCBP.US,60,20201106,220000,9.1704,9.2049,9.1506,9.1605,9639,0
BCBP.US,60,20201109,160000,9.2889,9.981,9.2889,9.4471,11874,0
BCBP.US,60,20201109,170000,9.4372,9.971,9.4372,9.912,9619,0
BCBP.US,60,20201109,180000,9.971,10.02,9.842,9.931,3461,0
BCBP.US,60,20201109,190000,9.862,10.238,9.862,10.03,9033,0
BCBP.US,60,20201109,200000,10.198,10.228,9.942,9.976,8571,0
BCBP.US,60,20201109,210000,10.025,10.025,9.931,10.02,1599,0
BCBP.US,60,20201109,220000,9.961,10.02,9.605,9.635,14149,0
BCBP.US,60,20201110,160000,9.753,9.753,9.53,9.704,670,0
BCBP.US,60,20201110,170000,9.931,10.188,9.921,10.168,3524,0
BCBP.US,60,20201110,180000,10.188,10.257,10.119,10.238,6156,0
BCBP.US,60,20201110,190000,10.297,10.351,10.178,10.336,3884,0
BCBP.US,60,20201110,200000,10.208,10.514,10.208,10.435,2903,0
BCBP.US,60,20201110,210000,10.455,10.524,10.415,10.415,4425,0
BCBP.US,60,20201110,220000,10.455,10.465,10.218,10.317,15177,0
BCBP.US,60,20201111,160000,10.267,10.267,10.267,10.267,135,0
BCBP.US,60,20201111,170000,10.094,10.149,9.991,10.149,405,0
BCBP.US,60,20201111,180000,10.139,10.268,10.089,10.235,2382,0
BCBP.US,60,20201111,190000,10.149,10.267,10.149,10.267,2325,0
BCBP.US,60,20201111,200000,10.198,10.277,10.129,10.203,3184,0
BCBP.US,60,20201111,210000,10.144,10.198,10.129,10.198,767,0
BCBP.US,60,20201111,220000,10.218,10.317,10.139,10.317,6586,0
BCBP.US,60,20201112,160000,10.287,10.287,10.01,10.01,955,0
BCBP.US,60,20201112,170000,10.01,10.06,9.991,9.991,556,0
BCBP.US,60,20201112,180000,10.04,10.159,10.03,10.159,506,0
BCBP.US,60,20201112,190000,10.094,10.094,10.01,10.01,404,0
BCBP.US,60,20201112,200000,9.991,10.01,9.803,10.01,2227,0
BCBP.US,60,20201112,210000,9.991,9.991,9.935,9.935,374,0
BCBP.US,60,20201112,220000,9.971,10.04,9.971,10.01,4859,0
BCBP.US,60,20201113,160000,10.129,10.129,10.094,10.119,517,0
BCBP.US,60,20201113,170000,10.112,10.396,10.112,10.317,4280,0
BCBP.US,60,20201113,180000,10.312,10.336,10.267,10.287,3461,0
BCBP.US,60,20201113,190000,10.257,10.257,10.11,10.208,970,0
BCBP.US,60,20201113,200000,10.149,10.149,10.149,10.149,101,0
BCBP.US,60,20201113,210000,10.198,10.376,10.198,10.376,1611,0
BCBP.US,60,20201113,220000,10.406,10.406,10.327,10.396,1923,0
BCBP.US,60,20201116,160000,10.356,10.623,10.317,10.623,3720,0
BCBP.US,60,20201116,170000,10.702,10.831,10.485,10.663,17159,0
BCBP.US,60,20201116,180000,10.702,10.712,10.572,10.574,1265,0
BCBP.US,60,20201116,190000,10.574,10.613,10.504,10.613,4978,0
BCBP.US,60,20201116,200000,10.603,10.603,10.445,10.455,10018,0
BCBP.US,60,20201116,210000,10.406,10.658,10.396,10.658,911,0
BCBP.US,60,20201116,220000,10.455,10.643,10.396,10.574,13101,0
BCBP.US,60,20201117,160000,10.386,10.534,10.386,10.534,1113,0
BCBP.US,60,20201117,170000,10.351,10.445,10.351,10.435,1619,0
BCBP.US,60,20201117,180000,10.445,10.495,10.435,10.495,506,0
BCBP.US,60,20201117,190000,10.534,10.554,10.495,10.544,809,0
BCBP.US,60,20201117,200000,10.564,10.603,10.554,10.554,506,0
BCBP.US,60,20201117,210000,10.593,10.603,10.554,10.559,1417,0
BCBP.US,60,20201117,220000,10.514,10.603,10.514,10.534,6847,0
BCBP.US,60,20201118,160000,10.623,10.771,10.62,10.771,9179,0
BCBP.US,60,20201118,170000,10.771,10.771,10.539,10.613,5342,0
BCBP.US,60,20201118,180000,10.613,10.613,10.495,10.603,3137,0
BCBP.US,60,20201118,190000,10.539,10.613,10.518,10.613,1703,0
BCBP.US,60,20201118,200000,10.613,10.613,10.569,10.569,202,0
BCBP.US,60,20201118,210000,10.554,10.554,10.475,10.554,2641,0
BCBP.US,60,20201118,220000,10.435,10.544,10.287,10.376,9523,0
BCBP.US,60,20201119,160000,10.49,10.49,10.49,10.49,284,0
BCBP.US,60,20201119,170000,10.346,10.346,10.243,10.243,202,0
BCBP.US,60,20201119,180000,10.313,10.376,10.277,10.376,6968,0
BCBP.US,60,20201119,200000,10.317,10.366,10.218,10.218,1476,0
BCBP.US,60,20201119,210000,10.247,10.307,10.223,10.297,809,0
BCBP.US,60,20201119,220000,10.307,10.356,10.247,10.307,13469,0
BCBP.US,60,20201120,160000,10.208,10.505,10.119,10.163,5603,0
BCBP.US,60,20201120,170000,10.208,10.277,10.126,10.208,3576,0
BCBP.US,60,20201120,180000,10.208,10.208,10.129,10.178,1994,0
BCBP.US,60,20201120,190000,10.198,10.218,10.188,10.188,506,0
BCBP.US,60,20201120,200000,10.228,10.282,10.228,10.257,2402,0
BCBP.US,60,20201120,210000,10.257,10.257,10.188,10.21,2272,0
BCBP.US,60,20201120,220000,10.208,10.228,10.149,10.178,10471,0
BCBP.US,60,20201123,160000,10.228,10.228,10.178,10.198,2109,0
BCBP.US,60,20201123,170000,10.277,10.376,10.277,10.336,5120,0
BCBP.US,60,20201123,180000,10.351,10.351,10.297,10.297,1075,0
BCBP.US,60,20201123,190000,10.287,10.341,10.267,10.317,6014,0
BCBP.US,60,20201123,200000,10.346,10.415,10.336,10.356,9867,0
BCBP.US,60,20201123,210000,10.366,10.366,10.327,10.356,2935,0
BCBP.US,60,20201123,220000,10.356,10.406,10.317,10.346,5035,0
BCBP.US,60,20201124,160000,10.346,10.588,10.346,10.588,5558,0
BCBP.US,60,20201124,170000,10.692,10.692,10.574,10.663,5009,0
BCBP.US,60,20201124,180000,10.643,10.821,10.643,10.811,2440,0
BCBP.US,60,20201124,190000,10.811,10.821,10.702,10.771,2407,0
BCBP.US,60,20201124,200000,10.821,10.821,10.761,10.761,687,0
BCBP.US,60,20201124,220000,10.799,10.929,10.799,10.89,17255,0
BCBP.US,60,20201125,160000,10.87,10.87,10.633,10.653,4737,0
BCBP.US,60,20201125,170000,10.653,10.653,10.564,10.588,3137,0
BCBP.US,60,20201125,180000,10.593,10.653,10.593,10.653,3725,0
BCBP.US,60,20201125,190000,10.643,10.751,10.593,10.722,8607,0
BCBP.US,60,20201125,200000,10.672,10.692,10.633,10.633,563,0
BCBP.US,60,20201125,210000,10.702,10.722,10.653,10.653,1016,0
BCBP.US,60,20201125,220000,10.722,10.732,10.707,10.722,3606,0
BCBP.US,60,20201127,170000,10.544,10.544,10.287,10.356,8320,0
BCBP.US,60,20201127,180000,10.376,10.524,10.297,10.524,2715,0
BCBP.US,60,20201127,190000,10.346,10.534,10.346,10.366,910,0
BCBP.US,60,20201127,200000,10.623,10.623,10.623,10.623,2422,0
BCBP.US,60,20201130,160000,10.514,10.524,10.504,10.504,1003,0
BCBP.US,60,20201130,170000,10.445,10.528,10.297,10.528,303,0
BCBP.US,60,20201130,180000,10.613,10.613,10.415,10.415,5174,0
BCBP.US,60,20201130,190000,10.327,10.327,10.297,10.307,925,0
BCBP.US,60,20201130,200000,10.327,10.336,10.317,10.317,1305,0
BCBP.US,60,20201130,210000,10.237,10.237,10.03,10.04,5840,0
BCBP.US,60,20201130,220000,10.06,10.228,10.05,10.05,8525,0
BCBP.US,60,20201201,160000,10.287,10.376,10.228,10.228,1693,0
BCBP.US,60,20201201,170000,10.238,10.386,10.178,10.386,830,0
BCBP.US,60,20201201,180000,10.277,10.287,10.149,10.173,5018,0
BCBP.US,60,20201201,190000,10.119,10.327,10.119,10.327,3157,0
BCBP.US,60,20201201,200000,10.335,10.335,10.312,10.312,608,0
BCBP.US,60,20201201,210000,10.336,10.46,10.327,10.435,2125,0
BCBP.US,60,20201201,220000,10.435,10.435,10.257,10.277,11043,0
BCBP.US,60,20201202,160000,10.227,10.297,10.227,10.297,208,0
BCBP.US,60,20201202,170000,10.504,10.504,10.371,10.371,303,0
BCBP.US,60,20201202,180000,10.322,10.322,10.312,10.312,304,0
BCBP.US,60,20201202,200000,10.346,10.346,10.346,10.346,101,0
BCBP.US,60,20201202,210000,10.336,10.544,10.336,10.44,2915,0
BCBP.US,60,20201202,220000,10.435,10.564,10.376,10.524,8544,0
BCBP.US,60,20201203,160000,10.425,10.544,10.425,10.465,777,0
BCBP.US,60,20201203,170000,10.514,10.534,10.356,10.534,1315,0
BCBP.US,60,20201203,190000,10.504,10.504,10.425,10.465,1589,0
BCBP.US,60,20201203,200000,10.42,10.42,10.42,10.42,304,0
BCBP.US,60,20201203,210000,10.356,10.356,10.356,10.356,101,0
BCBP.US,60,20201203,220000,10.327,10.346,10.228,10.287,7359,0
BCBP.US,60,20201204,160000,10.524,10.643,10.453,10.545,2125,0
BCBP.US,60,20201204,170000,10.376,10.425,10.376,10.425,1012,0
BCBP.US,60,20201204,180000,10.593,10.593,10.593,10.593,202,0
BCBP.US,60,20201204,190000,10.534,10.574,10.534,10.574,1699,0
BCBP.US,60,20201204,200000,10.574,10.574,10.549,10.574,5226,0
BCBP.US,60,20201204,210000,10.564,10.574,10.534,10.574,4739,0
BCBP.US,60,20201204,220000,10.574,10.692,10.573,10.692,7327,0
BCBP.US,60,20201207,160000,10.465,10.465,10.247,10.366,5602,0
BCBP.US,60,20201207,170000,10.366,10.534,10.346,10.485,2894,0
BCBP.US,60,20201207,180000,10.534,10.564,10.534,10.564,303,0
BCBP.US,60,20201207,190000,10.559,10.559,10.558,10.558,1455,0
BCBP.US,60,20201207,200000,10.544,10.603,10.544,10.603,1872,0
BCBP.US,60,20201207,210000,10.633,10.663,10.633,10.643,1001,0
BCBP.US,60,20201207,220000,10.643,10.672,10.603,10.603,3396,0
BCBP.US,60,20201208,160000,10.485,10.761,10.485,10.761,1160,0
BCBP.US,60,20201208,170000,10.583,10.623,10.564,10.588,2814,0
BCBP.US,60,20201208,180000,10.583,10.623,10.544,10.623,1781,0
BCBP.US,60,20201208,190000,10.583,10.717,10.583,10.717,3091,0
BCBP.US,60,20201208,200000,10.722,10.732,10.633,10.663,1913,0
BCBP.US,60,20201208,210000,10.682,10.722,10.672,10.722,2246,0
BCBP.US,60,20201208,220000,10.655,10.771,10.655,10.751,10322,0
BCBP.US,60,20201209,160000,10.771,10.89,10.771,10.89,3501,0
BCBP.US,60,20201209,170000,10.841,10.85,10.841,10.845,607,0
BCBP.US,60,20201209,180000,10.86,10.875,10.838,10.875,1954,0
BCBP.US,60,20201209,190000,10.87,10.919,10.87,10.919,1747,0
BCBP.US,60,20201209,200000,10.919,10.919,10.919,10.919,101,0
BCBP.US,60,20201209,210000,10.949,10.969,10.929,10.969,1315,0
BCBP.US,60,20201209,220000,10.939,11.018,10.93,10.969,11149,0
BCBP.US,60,20201210,170000,10.899,10.969,10.87,10.87,708,0
BCBP.US,60,20201210,180000,10.939,10.969,10.87,10.87,4414,0
BCBP.US,60,20201210,190000,10.87,11.018,10.87,11.018,2438,0
BCBP.US,60,20201210,200000,10.979,11.008,10.969,11.008,526,0
BCBP.US,60,20201210,210000,10.989,11.008,10.989,11.008,850,0
BCBP.US,60,20201210,220000,10.979,11.068,10.979,11.048,7427,0
BCBP.US,60,20201211,160000,11.018,11.107,10.88,10.929,1692,0
BCBP.US,60,20201211,170000,11.018,11.018,10.999,10.999,405,0
BCBP.US,60,20201211,180000,11.023,11.023,10.929,10.929,1145,0
BCBP.US,60,20201211,190000,10.87,10.88,10.831,10.831,1315,0
BCBP.US,60,20201211,200000,10.855,10.979,10.855,10.969,2810,0
BCBP.US,60,20201211,210000,10.99,10.99,10.99,10.99,304,0
BCBP.US,60,20201211,220000,10.969,10.999,10.919,10.969,6196,0
BCBP.US,60,20201214,160000,11.117,11.364,11.107,11.265,5769,0
BCBP.US,60,20201214,170000,11.211,11.265,11.211,11.216,2768,0
BCBP.US,60,20201214,180000,11.137,11.137,11.023,11.023,2611,0
BCBP.US,60,20201214,190000,10.984,10.999,10.984,10.989,607,0
BCBP.US,60,20201214,200000,10.974,10.999,10.969,10.999,3443,0
BCBP.US,60,20201214,210000,10.999,11.008,10.969,11.008,5599,0
BCBP.US,60,20201214,220000,11.018,11.048,10.91,10.91,14717,0
BCBP.US,60,20201215,160000,10.86,10.929,10.86,10.897,506,0
BCBP.US,60,20201215,170000,10.964,10.994,10.87,10.87,4993,0
BCBP.US,60,20201215,180000,10.945,10.999,10.945,10.999,633,0
BCBP.US,60,20201215,190000,11.019,11.097,11.008,11.068,1215,0
BCBP.US,60,20201215,200000,11.068,11.102,11.048,11.048,1515,0
BCBP.US,60,20201215,210000,11.048,11.246,11.048,11.127,1191,0
BCBP.US,60,20201215,220000,11.171,11.265,11.038,11.078,13193,0
BCBP.US,60,20201216,160000,11.107,11.107,11.107,11.107,101,0
BCBP.US,60,20201216,170000,11.236,11.255,11.127,11.186,2277,0
BCBP.US,60,20201216,180000,11.176,11.176,11.097,11.097,810,0
BCBP.US,60,20201216,190000,11.147,11.147,11.073,11.073,708,0
BCBP.US,60,20201216,200000,11.102,11.117,11.102,11.117,303,0
BCBP.US,60,20201216,210000,11.137,11.206,11.083,11.196,1681,0
BCBP.US,60,20201216,220000,11.196,11.206,11.107,11.147,13142,0
BCBP.US,60,20201217,160000,11.107,11.107,11.107,11.107,101,0
BCBP.US,60,20201217,170000,11.077,11.107,11.077,11.107,1602,0
BCBP.US,60,20201217,180000,11.107,11.147,11.097,11.127,877,0
BCBP.US,60,20201217,190000,11.166,11.166,11.127,11.127,202,0
BCBP.US,60,20201217,200000,11.176,11.176,11.147,11.147,202,0
BCBP.US,60,20201217,210000,11.157,11.216,11.147,11.206,819,0
BCBP.US,60,20201217,220000,11.137,11.216,11.107,11.216,6957,0
BCBP.US,60,20201218,160000,11.285,11.285,11.176,11.226,33977,0
BCBP.US,60,20201218,170000,11.226,11.241,11.196,11.236,1066,0
BCBP.US,60,20201218,180000,11.196,11.196,11.127,11.181,2741,0
BCBP.US,60,20201218,190000,11.216,11.315,11.216,11.315,606,0
BCBP.US,60,20201218,200000,11.305,11.364,11.305,11.364,577,0
BCBP.US,60,20201218,210000,11.344,11.344,11.285,11.285,405,0
BCBP.US,60,20201218,220000,11.246,11.334,10.529,10.593,15490,0
BCBP.US,60,20201221,160000,10.534,10.643,10.386,10.633,3685,0
BCBP.US,60,20201221,170000,10.554,10.554,10.445,10.534,2094,0
BCBP.US,60,20201221,180000,10.564,10.593,10.504,10.504,1083,0
BCBP.US,60,20201221,190000,10.544,10.593,10.514,10.593,1958,0
BCBP.US,60,20201221,200000,10.593,10.662,10.564,10.623,3627,0
BCBP.US,60,20201221,210000,10.653,10.751,10.653,10.682,1012,0
BCBP.US,60,20201221,220000,10.663,10.771,10.663,10.761,5170,0
BCBP.US,60,20201222,160000,10.86,10.86,10.76,10.76,1158,0
BCBP.US,60,20201222,180000,10.85,10.85,10.813,10.85,708,0
BCBP.US,60,20201222,190000,10.791,10.791,10.732,10.732,2333,0
BCBP.US,60,20201222,200000,10.702,10.712,10.583,10.593,2498,0
BCBP.US,60,20201222,210000,10.583,10.583,10.583,10.583,101,0
BCBP.US,60,20201222,220000,10.574,10.574,10.356,10.495,14728,0
BCBP.US,60,20201223,160000,10.623,10.633,10.618,10.618,3248,0
BCBP.US,60,20201223,170000,10.639,10.663,10.627,10.638,2727,0
BCBP.US,60,20201223,180000,10.638,10.702,10.638,10.702,2327,0
BCBP.US,60,20201223,190000,10.702,10.732,10.577,10.577,6495,0
BCBP.US,60,20201223,200000,10.574,10.653,10.574,10.623,607,0
BCBP.US,60,20201223,210000,10.604,10.692,10.604,10.692,607,0
BCBP.US,60,20201223,220000,10.643,10.692,10.598,10.672,9535,0
BCBP.US,60,20201224,160000,10.682,10.682,10.406,10.406,2928,0
BCBP.US,60,20201224,170000,10.524,10.524,10.415,10.415,1769,0
BCBP.US,60,20201224,180000,10.425,10.475,10.425,10.475,2099,0
BCBP.US,60,20201224,190000,10.475,10.672,10.455,10.672,5275,0
BCBP.US,60,20201224,200000,10.623,10.623,10.623,10.623,1368,0
BCBP.US,60,20201228,160000,10.751,10.751,10.623,10.702,1622,0
BCBP.US,60,20201228,170000,10.702,10.751,10.682,10.732,2530,0
BCBP.US,60,20201228,180000,10.722,10.751,10.633,10.633,3352,0
BCBP.US,60,20201228,190000,10.742,10.742,10.742,10.742,101,0
BCBP.US,60,20201228,200000,10.682,10.751,10.682,10.751,2176,0
BCBP.US,60,20201228,210000,10.751,10.87,10.698,10.791,5904,0
BCBP.US,60,20201228,220000,10.761,10.831,10.732,10.742,7121,0
BCBP.US,60,20201229,160000,10.702,10.821,10.702,10.796,3223,0
BCBP.US,60,20201229,170000,10.85,10.89,10.732,10.751,3317,0
BCBP.US,60,20201229,180000,10.732,10.751,10.682,10.682,2369,0
BCBP.US,60,20201229,190000,10.722,10.801,10.697,10.722,7877,0
BCBP.US,60,20201229,200000,10.761,10.791,10.751,10.786,1538,0
BCBP.US,60,20201229,210000,10.771,10.771,10.722,10.722,2497,0
BCBP.US,60,20201229,220000,10.737,10.771,10.692,10.742,7686,0
BCBP.US,60,20201230,160000,10.831,10.854,10.771,10.854,957,0
BCBP.US,60,20201230,170000,10.816,10.816,10.816,10.816,204,0
BCBP.US,60,20201230,180000,10.835,10.835,10.796,10.796,1031,0
BCBP.US,60,20201230,190000,10.811,10.88,10.811,10.88,2327,0
BCBP.US,60,20201230,200000,10.87,10.88,10.87,10.88,202,0
BCBP.US,60,20201230,210000,10.91,10.929,10.908,10.908,895,0
BCBP.US,60,20201230,220000,10.929,10.969,10.87,10.929,5606,0
BCBP.US,60,20201231,160000,10.88,11.028,10.88,11.028,1324,0
BCBP.US,60,20201231,170000,10.9,10.999,10.9,10.959,2024,0
BCBP.US,60,20201231,190000,10.974,10.975,10.959,10.975,824,0
BCBP.US,60,20201231,200000,10.959,10.969,10.89,10.919,4856,0
BCBP.US,60,20201231,210000,10.919,10.944,10.919,10.944,1063,0
BCBP.US,60,20201231,220000,10.969,11.028,10.939,10.939,12978,0
BCBP.US,60,20210104,160000,10.989,11.166,10.989,11.166,3377,0
BCBP.US,60,20210104,170000,11.186,11.196,11.078,11.078,1545,0
BCBP.US,60,20210104,180000,10.981,10.999,10.959,10.999,1705,0
BCBP.US,60,20210104,190000,10.999,10.999,10.939,10.979,1417,0
BCBP.US,60,20210104,200000,10.939,11.058,10.939,11.058,2125,0
BCBP.US,60,20210104,210000,11.107,11.157,11.058,11.157,936,0
BCBP.US,60,20210104,220000,11.097,11.137,10.949,10.969,17595,0
BCBP.US,60,20210105,160000,11.008,11.058,11.008,11.058,392,0
BCBP.US,60,20210105,170000,11.058,11.107,11.058,11.097,1012,0
BCBP.US,60,20210105,180000,11.097,11.117,11.097,11.117,1071,0
BCBP.US,60,20210105,190000,11.157,11.206,11.139,11.147,1431,0
BCBP.US,60,20210105,200000,11.196,11.226,11.176,11.226,2682,0
BCBP.US,60,20210105,210000,11.273,11.295,11.265,11.273,2640,0
BCBP.US,60,20210105,220000,11.285,11.285,11.038,11.107,6834,0
BCBP.US,60,20210106,160000,11.344,11.552,11.236,11.404,5389,0
BCBP.US,60,20210106,170000,11.562,11.601,11.275,11.522,20213,0
BCBP.US,60,20210106,180000,11.542,11.794,11.502,11.75,7694,0
BCBP.US,60,20210106,190000,11.75,11.997,11.745,11.888,6685,0
BCBP.US,60,20210106,200000,11.949,12.081,11.868,11.908,8340,0
BCBP.US,60,20210106,210000,11.878,12.016,11.443,11.443,4261,0
BCBP.US,60,20210106,220000,11.384,11.7,11.384,11.641,15603,0
BCBP.US,60,20210107,160000,11.7,11.858,11.661,11.789,3358,0
BCBP.US,60,20210107,170000,11.661,11.817,11.661,11.75,2074,0
BCBP.US,60,20210107,180000,11.771,11.771,11.75,11.75,1398,0
BCBP.US,60,20210107,190000,11.759,11.769,11.71,11.759,2640,0
BCBP.US,60,20210107,200000,11.759,11.927,11.759,11.927,2629,0
BCBP.US,60,20210107,210000,11.917,12.036,11.917,12.036,3249,0
BCBP.US,60,20210107,220000,12.036,12.049,11.947,11.967,16353,0
BCBP.US,60,20210108,160000,12.076,12.076,11.974,12.011,2938,0
BCBP.US,60,20210108,170000,11.977,12.016,11.819,11.819,4498,0
BCBP.US,60,20210108,180000,11.774,11.858,11.774,11.819,2787,0
BCBP.US,60,20210108,190000,11.779,11.799,11.73,11.73,2411,0
BCBP.US,60,20210108,200000,11.7,11.7,11.621,11.621,4004,0
BCBP.US,60,20210108,210000,11.522,11.744,11.473,11.697,5594,0
BCBP.US,60,20210108,220000,11.713,11.819,11.621,11.779,5804,0
BCBP.US,60,20210111,160000,11.73,11.735,11.621,11.621,3969,0
BCBP.US,60,20210111,170000,11.706,11.706,11.651,11.67,3507,0
BCBP.US,60,20210111,180000,11.71,11.71,11.651,11.681,1351,0
BCBP.US,60,20210111,190000,11.661,11.7,11.661,11.68,2113,0
BCBP.US,60,20210111,200000,11.7,11.769,11.695,11.769,910,0
BCBP.US,60,20210111,210000,11.73,11.769,11.7,11.7,2479,0
BCBP.US,60,20210111,220000,11.769,11.799,11.73,11.74,6537,0
BCBP.US,60,20210112,160000,11.7,11.7,11.651,11.651,1012,0
BCBP.US,60,20210112,170000,11.804,11.804,11.804,11.804,486,0
BCBP.US,60,20210112,180000,11.82,11.927,11.789,11.898,4574,0
BCBP.US,60,20210112,190000,11.888,12.273,11.888,12.165,8613,0
BCBP.US,60,20210112,200000,12.192,12.192,12.066,12.086,1238,0
BCBP.US,60,20210112,210000,12.086,12.125,11.987,12.006,2894,0
BCBP.US,60,20210112,220000,12.036,12.115,12.036,12.105,7206,0
BCBP.US,60,20210113,160000,12.016,12.016,12.016,12.016,122,0
BCBP.US,60,20210113,170000,12.016,12.016,11.947,11.967,1973,0
BCBP.US,60,20210113,180000,11.967,11.977,11.957,11.957,1497,0
BCBP.US,60,20210113,190000,11.957,12.095,11.888,12.095,3384,0
BCBP.US,60,20210113,200000,12.095,12.095,11.997,11.997,5750,0
BCBP.US,60,20210113,210000,12.046,12.046,11.947,11.947,2105,0
BCBP.US,60,20210113,220000,11.937,11.987,11.819,11.927,10553,0
BCBP.US,60,20210114,160000,11.927,11.927,11.927,11.927,323,0
BCBP.US,60,20210114,170000,11.957,11.957,11.957,11.957,5084,0
BCBP.US,60,20210114,180000,11.987,12.056,11.987,11.997,1720,0
BCBP.US,60,20210114,190000,12.09,12.09,11.977,11.997,5116,0
BCBP.US,60,20210114,200000,12.027,12.027,12.027,12.027,454,0
BCBP.US,60,20210114,210000,12.076,12.095,12.076,12.076,462,0
BCBP.US,60,20210114,220000,12.095,12.095,11.997,12.076,11113,0
BCBP.US,60,20210115,160000,11.878,11.878,11.837,11.837,6764,0
BCBP.US,60,20210115,170000,11.68,11.68,11.661,11.661,921,0
BCBP.US,60,20210115,180000,11.759,11.878,11.759,11.809,3228,0
BCBP.US,60,20210115,190000,11.779,11.927,11.779,11.927,5279,0
BCBP.US,60,20210115,200000,11.918,12.046,11.918,12.046,1771,0
BCBP.US,60,20210115,210000,12.036,12.095,12.036,12.095,536,0
BCBP.US,60,20210115,220000,12.086,12.135,12.076,12.076,6297,0
BCBP.US,60,20210119,160000,12.056,12.125,12.015,12.125,1744,0
BCBP.US,60,20210119,170000,12.046,12.056,12.046,12.056,202,0
BCBP.US,60,20210119,180000,12.145,12.194,12.132,12.132,1670,0
BCBP.US,60,20210119,190000,12.095,12.095,12.006,12.066,2497,0
BCBP.US,60,20210119,200000,12.046,12.076,12.006,12.006,3555,0
BCBP.US,60,20210119,210000,12.006,12.006,11.819,11.819,2933,0
BCBP.US,60,20210119,220000,11.843,11.918,11.843,11.918,9101,0
BCBP.US,60,20210120,160000,11.878,11.878,11.809,11.819,775,0
BCBP.US,60,20210120,170000,11.779,11.789,11.7,11.745,3845,0
BCBP.US,60,20210120,180000,11.745,11.784,11.7,11.7,1488,0
BCBP.US,60,20210120,190000,11.695,11.705,11.522,11.67,3175,0
BCBP.US,60,20210120,200000,11.661,11.661,11.591,11.591,2417,0
BCBP.US,60,20210120,210000,11.695,11.824,11.636,11.67,2114,0
BCBP.US,60,20210120,220000,11.834,11.893,11.754,11.819,5935,0
BCBP.US,60,20210121,160000,11.73,11.967,11.73,11.759,2840,0
BCBP.US,60,20210121,170000,11.759,11.759,11.455,11.455,17097,0
BCBP.US,60,20210121,180000,11.552,11.582,11.532,11.552,5768,0
BCBP.US,60,20210121,190000,11.611,11.651,11.611,11.651,1555,0
BCBP.US,60,20210121,200000,11.611,11.651,11.562,11.651,13065,0
BCBP.US,60,20210121,210000,11.651,11.73,11.651,11.67,1619,0
BCBP.US,60,20210121,220000,11.67,11.809,11.67,11.75,11509,0
BCBP.US,60,20210122,160000,11.72,11.72,11.72,11.72,555,0
BCBP.US,60,20210122,170000,11.621,11.7,11.611,11.631,3975,0
BCBP.US,60,20210122,180000,11.7,11.75,11.68,11.715,2428,0
BCBP.US,60,20210122,190000,11.72,11.774,11.72,11.74,1012,0
BCBP.US,60,20210122,200000,11.74,11.809,11.74,11.809,810,0
BCBP.US,60,20210122,210000,11.799,11.799,11.73,11.764,2783,0
BCBP.US,60,20210122,220000,11.789,12.046,11.759,11.947,17582,0
BCBP.US,60,20210125,160000,11.947,11.957,11.601,11.601,3261,0
BCBP.US,60,20210125,170000,11.659,11.75,11.659,11.72,1997,0
BCBP.US,60,20210125,180000,11.784,11.809,11.67,11.67,1629,0
BCBP.US,60,20210125,190000,11.73,11.794,11.72,11.794,6944,0
BCBP.US,60,20210125,200000,11.769,11.848,11.769,11.848,224,0
BCBP.US,60,20210125,210000,11.769,11.829,11.73,11.829,3226,0
BCBP.US,60,20210125,220000,11.818,11.818,11.74,11.759,6347,0
BCBP.US,60,20210126,160000,11.898,11.898,11.759,11.759,1286,0
BCBP.US,60,20210126,170000,11.611,11.75,11.601,11.74,3001,0
BCBP.US,60,20210126,180000,11.71,11.71,11.515,11.536,4491,0
BCBP.US,60,20210126,190000,11.562,11.567,11.562,11.562,1615,0
BCBP.US,60,20210126,200000,11.562,11.586,11.493,11.493,1088,0
BCBP.US,60,20210126,210000,11.522,11.616,11.498,11.562,3637,0
BCBP.US,60,20210126,220000,11.591,11.601,11.423,11.423,6776,0
BCBP.US,60,20210127,160000,11.354,11.512,11.206,11.206,2749,0
BCBP.US,60,20210127,170000,11.226,11.285,11.216,11.216,3298,0
BCBP.US,60,20210127,180000,11.107,11.182,10.89,10.959,3172,0
BCBP.US,60,20210127,190000,11.052,11.127,11.052,11.097,1619,0
BCBP.US,60,20210127,200000,11.285,11.285,11.137,11.137,860,0
BCBP.US,60,20210127,210000,11.216,11.216,11.117,11.117,2819,0
BCBP.US,60,20210127,220000,11.106,11.127,10.929,10.929,15146,0
BCBP.US,60,20210128,160000,10.929,10.929,10.87,10.929,2578,0
BCBP.US,60,20210128,170000,10.939,10.984,10.89,10.929,3613,0
BCBP.US,60,20210128,180000,10.979,10.979,10.929,10.929,2080,0
BCBP.US,60,20210128,190000,10.959,10.999,10.959,10.969,1821,0
BCBP.US,60,20210128,200000,10.979,10.979,10.9,10.91,2475,0
BCBP.US,60,20210128,210000,10.924,10.939,10.9,10.91,1113,0
BCBP.US,60,20210128,220000,10.91,10.969,10.87,10.91,8371,0
BCBP.US,60,20210129,160000,11.068,11.117,10.925,10.925,4955,0
BCBP.US,60,20210129,170000,11.116,11.176,10.999,11.176,1945,0
BCBP.US,60,20210129,180000,11.068,11.122,10.89,10.89,2226,0
BCBP.US,60,20210129,190000,10.9,10.919,10.87,10.87,2024,0
BCBP.US,60,20210129,200000,10.87,11.265,10.87,11.265,14679,0
BCBP.US,60,20210129,210000,11.227,11.295,11.147,11.201,2769,0
BCBP.US,60,20210129,220000,11.201,11.423,11.201,11.344,13008,0
BCBP.US,60,20210201,160000,11.255,11.443,11.225,11.432,4760,0
BCBP.US,60,20210201,170000,11.315,11.453,11.285,11.285,3979,0
BCBP.US,60,20210201,180000,11.295,11.473,11.285,11.433,9033,0
BCBP.US,60,20210201,190000,11.384,11.423,11.354,11.374,2670,0
BCBP.US,60,20210201,200000,11.493,11.601,11.483,11.572,5076,0
BCBP.US,60,20210201,210000,11.601,11.799,11.601,11.789,2891,0
BCBP.US,60,20210201,220000,11.829,12.016,11.71,11.71,41148,0
BCBP.US,60,20210202,160000,11.64,11.77,11.35,11.725,7364,0
BCBP.US,60,20210202,170000,11.63,11.811,11.6,11.61,6488,0
BCBP.US,60,20210202,180000,11.635,11.67,11.6,11.655,4780,0
BCBP.US,60,20210202,190000,11.64,11.7,11.62,11.7,3152,0
BCBP.US,60,20210202,200000,11.76,11.86,11.76,11.86,1300,0
BCBP.US,60,20210202,210000,11.91,11.91,11.85,11.86,2392,0
BCBP.US,60,20210202,220000,11.89,11.89,11.77,11.77,7770,0
BCBP.US,60,20210203,160000,11.76,11.81,11.72,11.75,8381,0
BCBP.US,60,20210203,170000,11.7001,11.8508,11.69,11.73,17108,0
BCBP.US,60,20210203,180000,11.72,11.8,11.71,11.8,5688,0
BCBP.US,60,20210203,190000,11.815,11.815,11.69,11.725,3826,0
BCBP.US,60,20210203,200000,11.73,11.83,11.71,11.74,3775,0
BCBP.US,60,20210203,210000,11.755,11.85,11.755,11.83,3564,0
BCBP.US,60,20210203,220000,11.835,12.07,11.82,11.92,13677,0
BCBP.US,60,20210204,160000,11.94,12.09,11.94,12.09,652,0
BCBP.US,60,20210204,170000,12.02,12.0515,12,12.05,11817,0
BCBP.US,60,20210204,180000,12.075,12.19,12.07,12.17,2681,0
BCBP.US,60,20210204,190000,12.1425,12.16,12.14,12.15,1200,0
BCBP.US,60,20210204,200000,12.15,12.37,12.145,12.37,7590,0
BCBP.US,60,20210204,210000,12.37,12.4,12.3186,12.4,2812,0
BCBP.US,60,20210204,220000,12.37,12.48,12.37,12.48,8572,0
BCBP.US,60,20210205,160000,12.5,12.55,12.45,12.478,6405,0
BCBP.US,60,20210205,170000,12.44,12.4534,12.3,12.36,23203,0
BCBP.US,60,20210205,180000,12.38,12.44,12.37,12.37,1347,0
BCBP.US,60,20210205,190000,12.3,12.31,12.3,12.31,600,0
BCBP.US,60,20210205,200000,12.3,12.4,12.3,12.4,2400,0
BCBP.US,60,20210205,210000,12.4,12.42,12.4,12.42,2600,0
BCBP.US,60,20210205,220000,12.46,12.6,12.45,12.55,12183,0
BCBP.US,60,20210208,160000,12.7,12.85,12.5772,12.85,10202,0
BCBP.US,60,20210208,170000,12.81,13.135,12.81,13.0101,10031,0
BCBP.US,60,20210208,180000,13,13.01,12.84,12.87,4764,0
BCBP.US,60,20210208,190000,12.915,12.915,12.83,12.83,4536,0
BCBP.US,60,20210208,200000,12.82,12.82,12.7,12.7,700,0
BCBP.US,60,20210208,210000,12.68,12.82,12.67,12.82,1803,0
BCBP.US,60,20210208,220000,12.88,13,12.87,13,15109,0
BCBP.US,60,20210209,160000,12.86,12.954,12.765,12.765,1534,0
BCBP.US,60,20210209,170000,12.845,12.9,12.76,12.76,1046,0
BCBP.US,60,20210209,180000,12.78,12.8462,12.77,12.82,2022,0
BCBP.US,60,20210209,190000,12.82,12.9,12.82,12.9,4460,0
BCBP.US,60,20210209,200000,12.915,12.92,12.9,12.92,1671,0
BCBP.US,60,20210209,210000,12.94,12.985,12.92,12.92,7714,0
BCBP.US,60,20210209,220000,12.93,13.04,12.93,12.99,8071,0
BCBP.US,60,20210210,160000,13.09,13.09,13.0649,13.0803,1108,0
BCBP.US,60,20210210,170000,13.01,13.04,12.942,13,5000,0
BCBP.US,60,20210210,180000,13,13,12.91,12.94,1050,0
BCBP.US,60,20210210,190000,12.92,12.92,12.866,12.91,1580,0
BCBP.US,60,20210210,200000,12.97,13.02,12.95,12.95,2360,0
BCBP.US,60,20210210,210000,12.94,12.98,12.93,12.98,585,0
BCBP.US,60,20210210,220000,12.99,12.99,12.85,12.89,13656,0
BCBP.US,60,20210211,160000,13,13,12.96,12.96,807,0
BCBP.US,60,20210211,170000,12.87,12.98,12.87,12.93,2770,0
BCBP.US,60,20210211,180000,12.935,12.97,12.925,12.925,2688,0
BCBP.US,60,20210211,190000,12.9,12.9,12.61,12.6901,6886,0
BCBP.US,60,20210211,200000,12.71,12.8,12.71,12.72,1574,0
BCBP.US,60,20210211,210000,12.73,12.78,12.7,12.7,3400,0
BCBP.US,60,20210211,220000,12.73,12.77,12.7,12.75,5894,0
BCBP.US,60,20210212,160000,12.72,12.72,12.72,12.72,203,0
BCBP.US,60,20210212,170000,12.7009,12.83,12.69,12.81,8359,0
BCBP.US,60,20210212,180000,12.75,12.83,12.75,12.82,4389,0
BCBP.US,60,20210212,190000,12.8,12.83,12.76,12.81,1700,0
BCBP.US,60,20210212,200000,12.81,12.94,12.81,12.91,4747,0
BCBP.US,60,20210212,210000,12.87,13,12.87,12.93,12811,0
BCBP.US,60,20210212,220000,12.94,13,12.81,12.86,23124,0
BCBP.US,60,20210216,160000,12.89,12.969,12.87,12.925,5490,0
BCBP.US,60,20210216,170000,12.8852,13,12.88,12.95,8498,0
BCBP.US,60,20210216,180000,12.94,13,12.94,12.99,6188,0
BCBP.US,60,20210216,190000,13,13,12.95,12.95,2182,0
BCBP.US,60,20210216,200000,12.939,13.03,12.939,13.015,13286,0
BCBP.US,60,20210216,210000,13.015,13.05,13.015,13.04,1526,0
BCBP.US,60,20210216,220000,13.04,13.19,13.04,13.15,8740,0
BCBP.US,60,20210217,160000,13.495,13.495,13.1,13.25,3482,0
BCBP.US,60,20210217,170000,13.135,13.27,13.135,13.255,1876,0
BCBP.US,60,20210217,180000,13.295,13.295,13.195,13.205,1880,0
BCBP.US,60,20210217,190000,13.21,13.27,13.155,13.23,8809,0
BCBP.US,60,20210217,200000,13.19,13.19,13.12,13.12,677,0
BCBP.US,60,20210217,210000,13.115,13.17,13.11,13.17,1053,0
BCBP.US,60,20210217,220000,13.125,13.155,13.1,13.13,7367,0
BCBP.US,60,20210218,160000,13.13,13.13,13.1,13.1,4737,0
BCBP.US,60,20210218,170000,13.1325,13.146,13.1,13.1,2592,0
BCBP.US,60,20210218,180000,13.11,13.11,12.95,12.95,7444,0
BCBP.US,60,20210218,190000,12.95,12.95,12.935,12.94,1300,0
BCBP.US,60,20210218,200000,13.005,13.0221,13.005,13.0221,402,0
BCBP.US,60,20210218,210000,13.03,13.033,13,13.033,500,0
BCBP.US,60,20210218,220000,12.99,13.0119,12.81,12.81,10343,0
BCBP.US,60,20210219,160000,12.905,12.905,12.905,12.905,100,0
BCBP.US,60,20210219,170000,12.8,12.91,12.8,12.91,2547,0
BCBP.US,60,20210219,180000,12.98,13.11,12.98,13.11,887,0
BCBP.US,60,20210219,190000,13.137,13.137,13.07,13.07,200,0
BCBP.US,60,20210219,200000,13.08,13.125,13.08,13.105,1400,0
BCBP.US,60,20210219,210000,13.09,13.11,13.03,13.05,1330,0
BCBP.US,60,20210219,220000,13.06,13.0632,12.98,13.05,10729,0
BCBP.US,60,20210222,160000,13.2024,13.2024,13.04,13.04,560,0
BCBP.US,60,20210222,170000,13.0321,13.13,13.03,13.11,4845,0
BCBP.US,60,20210222,180000,13.064,13.13,13.04,13.13,3080,0
BCBP.US,60,20210222,190000,13.13,13.13,13.05,13.07,3871,0
BCBP.US,60,20210222,200000,13.0971,13.0971,13.0971,13.0971,200,0
BCBP.US,60,20210222,210000,13.09,13.15,13.09,13.15,2263,0
BCBP.US,60,20210222,220000,13.21,13.23,13.1,13.11,16283,0
BCBP.US,60,20210223,160000,13.3,13.58,13.245,13.58,2600,0
BCBP.US,60,20210223,170000,13.59,13.59,13.21,13.2156,2920,0
BCBP.US,60,20210223,180000,13.23,13.2759,13.06,13.06,13395,0
BCBP.US,60,20210223,190000,13.05,13.1094,13.04,13.08,6191,0
BCBP.US,60,20210223,200000,13.055,13.055,13.0284,13.0537,1200,0
BCBP.US,60,20210223,210000,13.055,13.16,13.02,13.15,2879,0
BCBP.US,60,20210223,220000,13.2087,13.25,13.1,13.17,8943,0
BCBP.US,60,20210224,160000,13.2,13.55,13.2,13.55,10705,0
BCBP.US,60,20210224,170000,13.525,13.62,13.48,13.58,8901,0
BCBP.US,60,20210224,180000,13.63,13.88,13.63,13.88,2753,0
BCBP.US,60,20210224,190000,13.86,13.86,13.7501,13.83,13199,0
BCBP.US,60,20210224,200000,13.85,14.0399,13.83,14.02,6520,0
BCBP.US,60,20210224,210000,14.03,14.14,14.02,14.11,9460,0
BCBP.US,60,20210224,220000,14.115,14.1499,14.03,14.12,12234,0
BCBP.US,60,20210225,160000,14.18,14.2428,13.91,13.91,3353,0
BCBP.US,60,20210225,170000,13.94,14.005,13.93,13.94,2000,0
BCBP.US,60,20210225,180000,13.97,13.9812,13.86,13.9,7288,0
BCBP.US,60,20210225,190000,13.81,13.81,13.7,13.75,2200,0
BCBP.US,60,20210225,200000,13.7,13.72,13.63,13.63,6087,0
BCBP.US,60,20210225,210000,13.6999,13.87,13.65,13.84,4799,0
BCBP.US,60,20210225,220000,13.87,13.88,13.45,13.45,14473,0
BCBP.US,60,20210226,160000,13.425,13.425,13.425,13.425,100,0
BCBP.US,60,20210226,170000,13.38,13.38,13.22,13.22,2565,0
BCBP.US,60,20210226,180000,13.335,13.335,13.3,13.33,926,0
BCBP.US,60,20210226,190000,13.31,13.66,13.31,13.66,8425,0
BCBP.US,60,20210226,200000,13.65,13.72,13.65,13.65,3293,0
BCBP.US,60,20210226,210000,13.64,13.64,13.54,13.54,1119,0
BCBP.US,60,20210226,220000,13.57,13.65,13.26,13.28,6231,0
BCBP.US,60,20210301,160000,13.72,14.29,13.72,14.12,19654,0
BCBP.US,60,20210301,170000,14.12,14.1235,13.99,14.01,7640,0
BCBP.US,60,20210301,180000,14.03,14.03,13.9,13.96,6166,0
BCBP.US,60,20210301,190000,13.93,13.93,13.89,13.915,678,0
BCBP.US,60,20210301,200000,13.87,14.1,13.86,14.1,8389,0
BCBP.US,60,20210301,210000,14.1,14.24,14.1,14.11,6600,0
BCBP.US,60,20210301,220000,14.15,14.17,14.06,14.13,17648,0
BCBP.US,60,20210302,160000,14.13,14.13,13.74,13.83,7272,0
BCBP.US,60,20210302,170000,13.892,13.9399,13.68,13.81,3618,0
BCBP.US,60,20210302,180000,13.86,13.86,13.75,13.75,1296,0
BCBP.US,60,20210302,190000,13.7488,14.0042,13.7425,13.77,11786,0
BCBP.US,60,20210302,200000,13.8425,14,13.79,13.92,2220,0
BCBP.US,60,20210302,210000,13.86,13.94,13.86,13.94,2100,0
BCBP.US,60,20210302,220000,13.935,13.935,13.84,13.85,22082,0
BCBP.US,60,20210303,160000,14.22,14.22,14.08,14.16,14844,0
BCBP.US,60,20210303,170000,14.08,14.5,14.08,14.5,21218,0
BCBP.US,60,20210303,180000,14.46,14.49,14.41,14.43,1451,0
BCBP.US,60,20210303,190000,14.44,14.5,14.3901,14.49,16193,0
BCBP.US,60,20210303,200000,14.5,14.5,14.401,14.401,13156,0
BCBP.US,60,20210303,210000,14.42,14.46,14.2501,14.37,6000,0
BCBP.US,60,20210303,220000,14.47,14.5,14.31,14.32,10573,0
BCBP.US,60,20210304,160000,14.3,14.7999,14.3,14.665,8098,0
BCBP.US,60,20210304,170000,14.62,14.76,14.35,14.46,7468,0
BCBP.US,60,20210304,180000,14.48,14.55,14.31,14.55,9991,0
BCBP.US,60,20210304,190000,14.545,14.56,14.38,14.38,4900,0
BCBP.US,60,20210304,200000,14.33,14.3999,14.03,14.03,8109,0
BCBP.US,60,20210304,210000,14.05,14.11,13.93,14.11,7749,0
BCBP.US,60,20210304,220000,14.125,14.125,13.93,14.08,12189,0
BCBP.US,60,20210305,160000,14.425,14.7205,14.425,14.65,5627,0
BCBP.US,60,20210305,170000,14.6268,14.66,14.52,14.66,6200,0
BCBP.US,60,20210305,180000,14.54,14.73,14.47,14.7147,7596,0
BCBP.US,60,20210305,190000,14.62,14.7099,14.62,14.7,4409,0
BCBP.US,60,20210305,200000,14.67,14.67,14.53,14.59,4856,0
BCBP.US,60,20210305,210000,14.6,14.7,14.6,14.7,700,0
BCBP.US,60,20210305,220000,14.7,14.97,14.7,14.88,20440,0
BCBP.US,60,20210308,160000,15.24,16.15,15.2,15.52,36356,0
BCBP.US,60,20210308,170000,15.505,15.72,15.48,15.59,19705,0
BCBP.US,60,20210308,180000,15.635,15.69,15.45,15.48,7805,0
BCBP.US,60,20210308,190000,15.49,15.68,15.49,15.57,12596,0
BCBP.US,60,20210308,200000,15.56,15.69,15.51,15.55,10841,0
BCBP.US,60,20210308,210000,15.525,15.83,15.525,15.805,15171,0
BCBP.US,60,20210308,220000,15.82,15.9,15.71,15.86,29579,0
BCBP.US,60,20210309,160000,15.76,15.78,15.2,15.3597,9560,0
BCBP.US,60,20210309,170000,15.37,15.46,15.07,15.175,23316,0
BCBP.US,60,20210309,180000,15.23,15.26,14.85,15.02,22685,0
BCBP.US,60,20210309,190000,15.02,15.25,14.99,15.12,6810,0
BCBP.US,60,20210309,200000,15.04,15.0899,14.99,15.07,1740,0
BCBP.US,60,20210309,210000,15.09,15.33,15.09,15.32,6163,0
BCBP.US,60,20210309,220000,15.29,15.37,15.17,15.17,14885,0
BCBP.US,60,20210310,160000,15.11,15.28,14.9101,15.25,3711,0
BCBP.US,60,20210310,170000,15.25,15.68,15.25,15.52,9108,0
BCBP.US,60,20210310,180000,15.5835,15.6,15.48,15.55,2204,0
BCBP.US,60,20210310,190000,15.58,15.59,15.45,15.59,4036,0
BCBP.US,60,20210310,200000,15.54,15.55,15.47,15.55,1034,0
BCBP.US,60,20210310,210000,15.54,15.54,15.5,15.5,500,0
BCBP.US,60,20210310,220000,15.49,15.58,15.44,15.58,6134,0
BCBP.US,60,20210311,160000,15.505,15.56,15.35,15.47,3858,0
BCBP.US,60,20210311,170000,15.4,15.5,15.4,15.48,5772,0
BCBP.US,60,20210311,180000,15.48,15.6,15.47,15.5,5230,0
BCBP.US,60,20210311,190000,15.5,15.6,15.5,15.59,5298,0
BCBP.US,60,20210311,200000,15.4948,15.56,15.45,15.49,2756,0
BCBP.US,60,20210311,210000,15.5,15.54,15.43,15.49,2475,0
BCBP.US,60,20210311,220000,15.4899,15.7,15.4899,15.7,29277,0
BCBP.US,60,20210312,160000,15.85,15.99,15.85,15.95,11315,0
BCBP.US,60,20210312,170000,15.93,15.95,15.64,15.8,4532,0
BCBP.US,60,20210312,180000,15.75,15.75,15.58,15.58,6119,0
BCBP.US,60,20210312,190000,15.51,15.63,15.47,15.47,1917,0
BCBP.US,60,20210312,200000,15.55,15.55,15.39,15.409,1216,0
BCBP.US,60,20210312,210000,15.45,15.605,15.44,15.555,1908,0
BCBP.US,60,20210312,220000,15.58,15.77,15.55,15.77,14947,0
BCBP.US,60,20210315,150000,15.41,15.6,14.5,14.52,33847,0
BCBP.US,60,20210315,160000,14.52,14.71,14.26,14.32,14478,0
BCBP.US,60,20210315,170000,14.32,14.53,14.3151,14.375,19751,0
BCBP.US,60,20210315,180000,14.4,14.415,14.3,14.37,7625,0
BCBP.US,60,20210315,190000,14.35,14.35,14.275,14.31,7169,0
BCBP.US,60,20210315,200000,14.3138,14.34,14.1589,14.1899,15923,0
BCBP.US,60,20210315,210000,14.1799,14.26,14.1,14.25,36274,0
BCBP.US,60,20210316,150000,14.37,14.37,14.21,14.26,9969,0
BCBP.US,60,20210316,160000,14.23,14.25,14.1,14.181,4457,0
BCBP.US,60,20210316,170000,14.18,14.27,14.16,14.22,7171,0
BCBP.US,60,20210316,180000,14.295,14.31,14.25,14.25,2200,0
BCBP.US,60,20210316,190000,14.235,14.235,14.15,14.17,1384,0
BCBP.US,60,20210316,200000,14.185,14.34,14.185,14.3,4952,0
BCBP.US,60,20210316,210000,14.16,14.32,14.14,14.28,13086,0
BCBP.US,60,20210317,150000,14.57,14.57,14.04,14.2569,3698,0
BCBP.US,60,20210317,160000,14.25,14.25,14.17,14.1938,714,0
BCBP.US,60,20210317,170000,14.2,14.33,14.2,14.295,705,0
BCBP.US,60,20210317,180000,14.2801,14.29,14.22,14.29,2276,0
BCBP.US,60,20210317,190000,14.2899,14.32,14.15,14.265,3097,0
BCBP.US,60,20210317,200000,14.21,14.255,14.185,14.21,3241,0
BCBP.US,60,20210317,210000,14.19,14.33,14.19,14.3,12014,0
BCBP.US,60,20210318,150000,14.38,14.66,14.29,14.62,7655,0
BCBP.US,60,20210318,160000,14.61,14.71,14.6,14.63,2268,0
BCBP.US,60,20210318,170000,14.67,14.6814,14.67,14.68,490,0
BCBP.US,60,20210318,180000,14.68,14.685,14.4807,14.515,5990,0
BCBP.US,60,20210318,190000,14.55,14.565,14.51,14.56,3191,0
BCBP.US,60,20210318,200000,14.5599,14.5599,14.4,14.46,3540,0
BCBP.US,60,20210318,210000,14.505,14.54,14.315,14.41,14125,0
BCBP.US,60,20210319,150000,14.47,14.8432,14.305,14.3665,58162,0
BCBP.US,60,20210319,160000,14.4448,14.49,14.24,14.24,6484,0
BCBP.US,60,20210319,170000,14.21,14.46,14.2,14.44,15780,0
BCBP.US,60,20210319,180000,14.55,14.685,14.53,14.53,4016,0
BCBP.US,60,20210319,190000,14.575,14.655,14.4568,14.56,8840,0
BCBP.US,60,20210319,200000,14.47,14.4789,14.4,14.42,1680,0
BCBP.US,60,20210319,210000,14.45,14.52,14.3701,14.44,54866,0
BCBP.US,60,20210322,150000,14.63,15.13,14.63,14.97,46844,0
BCBP.US,60,20210322,160000,14.96,15.11,14.73,15.005,11547,0
BCBP.US,60,20210322,170000,14.98,15.12,14.97,15.1,15924,0
BCBP.US,60,20210322,180000,15.12,15.13,15.07,15.12,4833,0
BCBP.US,60,20210322,190000,15.16,15.43,15.16,15.34,13417,0
BCBP.US,60,20210322,200000,15.34,15.39,15.11,15.25,9413,0
BCBP.US,60,20210322,210000,15.33,15.35,15.21,15.33,23599,0
BCBP.US,60,20210323,150000,15.605,15.605,15.0119,15.1,2145,0
BCBP.US,60,20210323,160000,15.115,15.115,14.84,14.84,5347,0
BCBP.US,60,20210323,170000,14.8,14.8,14.71,14.76,4055,0
BCBP.US,60,20210323,180000,14.755,14.755,14.63,14.67,4894,0
BCBP.US,60,20210323,190000,14.64,14.645,14.5,14.535,4220,0
BCBP.US,60,20210323,200000,14.51,14.51,14.24,14.31,8068,0
BCBP.US,60,20210323,210000,14.29,14.38,14.19,14.2,20000,0
BCBP.US,60,20210324,150000,14.43,14.5,14.32,14.33,3094,0
BCBP.US,60,20210324,160000,14.34,14.75,14.34,14.725,4740,0
BCBP.US,60,20210324,170000,14.66,14.68,14.41,14.49,1300,0
BCBP.US,60,20210324,180000,14.48,14.53,14.445,14.53,3463,0
BCBP.US,60,20210324,190000,14.56,14.56,14.34,14.36,2288,0
BCBP.US,60,20210324,200000,14.36,14.36,14.11,14.11,2461,0
BCBP.US,60,20210324,210000,14.12,14.12,13.4,13.5,100143,0
BCBP.US,60,20210325,150000,13.65,13.65,13.5,13.5,4411,0
BCBP.US,60,20210325,160000,13.49,13.5547,13.29,13.29,5716,0
BCBP.US,60,20210325,170000,13.35,13.5,13.29,13.5,10306,0
BCBP.US,60,20210325,180000,13.5246,13.78,13.5246,13.78,4461,0
BCBP.US,60,20210325,190000,13.79,13.81,13.75,13.77,4616,0
BCBP.US,60,20210325,200000,13.78,13.78,13.6,13.71,3313,0
BCBP.US,60,20210325,210000,13.72,13.85,13.71,13.76,16398,0
BCBP.US,60,20210326,150000,13.91,13.96,13.91,13.96,1454,0
BCBP.US,60,20210326,160000,13.8001,14.236,13.78,13.78,16491,0
BCBP.US,60,20210326,170000,13.87,13.87,13.75,13.75,5158,0
BCBP.US,60,20210326,180000,13.725,13.82,13.72,13.8,2549,0
BCBP.US,60,20210326,190000,13.76,13.76,13.46,13.47,11637,0
BCBP.US,60,20210326,200000,13.515,13.74,13.48,13.695,6023,0
BCBP.US,60,20210326,210000,13.695,13.9,13.55,13.87,17833,0
BCBP.US,60,20210329,160000,13.53,13.8,13.3201,13.8,15381,0
BCBP.US,60,20210329,170000,13.65,13.75,13.52,13.63,4739,0
BCBP.US,60,20210329,180000,13.53,13.5583,13.44,13.48,4571,0
BCBP.US,60,20210329,190000,13.47,13.7,13.45,13.67,3797,0
BCBP.US,60,20210329,200000,13.69,13.74,13.56,13.59,2433,0
BCBP.US,60,20210329,210000,13.61,13.61,13.52,13.56,1376,0
BCBP.US,60,20210329,220000,13.545,13.77,13.545,13.65,20245,0
BCBP.US,60,20210330,160000,13.81,13.81,13.6601,13.6601,1845,0
BCBP.US,60,20210330,170000,13.79,14.08,13.77,14,3222,0
BCBP.US,60,20210330,180000,13.99,14.21,13.99,14.16,5661,0
BCBP.US,60,20210330,190000,14.125,14.35,14.125,14.24,5777,0
BCBP.US,60,20210330,200000,14.27,14.3,14.15,14.15,5404,0
BCBP.US,60,20210330,210000,14.21,14.39,14.06,14.39,6188,0
BCBP.US,60,20210330,220000,14.39,14.39,14.25,14.25,19609,0
BCBP.US,60,20210331,160000,14.2,14.42,14.16,14.41,1007,0
BCBP.US,60,20210331,170000,14.24,14.24,14.02,14.08,2938,0
BCBP.US,60,20210331,180000,14.04,14.145,14,14,2450,0
BCBP.US,60,20210331,190000,14.01,14.01,13.73,13.86,5826,0
BCBP.US,60,20210331,200000,13.93,14.08,13.93,14.08,985,0
BCBP.US,60,20210331,210000,14.05,14.05,13.975,13.975,1100,0
BCBP.US,60,20210331,220000,13.95,14.09,13.76,13.8,78969,0
BCBP.US,60,20210401,160000,13.78,14.095,13.77,13.78,5880,0
BCBP.US,60,20210401,170000,13.76,13.845,13.72,13.845,3469,0
BCBP.US,60,20210401,180000,13.81,13.925,13.81,13.88,2460,0
BCBP.US,60,20210401,190000,13.85,13.999,13.8,13.999,3739,0
BCBP.US,60,20210401,200000,13.93,13.93,13.89,13.92,1060,0
BCBP.US,60,20210401,210000,13.95,13.9599,13.85,13.87,2443,0
BCBP.US,60,20210401,220000,13.81,13.92,13.75,13.92,11041,0
BCBP.US,60,20210405,160000,14.16,14.16,13.7401,13.75,8751,0
BCBP.US,60,20210405,170000,13.72,14.01,13.72,13.8,7064,0
BCBP.US,60,20210405,180000,13.75,13.83,13.57,13.68,30340,0
BCBP.US,60,20210405,190000,13.725,13.79,13.7,13.75,6310,0
BCBP.US,60,20210405,200000,13.71,13.8,13.7,13.76,4683,0
BCBP.US,60,20210405,210000,13.7261,13.775,13.72,13.72,3027,0
BCBP.US,60,20210405,220000,13.71,13.78,13.63,13.7,16745,0
BCBP.US,60,20210406,160000,13.67,13.9,13.65,13.82,5986,0
BCBP.US,60,20210406,170000,13.8894,13.971,13.815,13.8901,4566,0
BCBP.US,60,20210406,180000,13.89,14.01,13.82,13.93,12159,0
BCBP.US,60,20210406,190000,13.97,14,13.89,13.92,3280,0
BCBP.US,60,20210406,200000,13.95,14.01,13.93,13.98,1013,0
BCBP.US,60,20210406,210000,13.99,14.01,13.9,13.925,9135,0
BCBP.US,60,20210406,220000,13.9,13.98,13.86,13.95,10967,0
BCBP.US,60,20210407,160000,14.05,14.17,13.805,13.805,5309,0
BCBP.US,60,20210407,170000,13.83,13.84,13.745,13.745,2015,0
BCBP.US,60,20210407,180000,13.78,13.78,13.65,13.675,2942,0
BCBP.US,60,20210407,190000,13.7,13.8,13.7,13.8,2975,0
BCBP.US,60,20210407,200000,13.72,13.78,13.72,13.75,1520,0
BCBP.US,60,20210407,210000,13.6535,13.66,13.6,13.63,2100,0
BCBP.US,60,20210407,220000,13.65,13.65,13.51,13.56,24336,0
BCBP.US,60,20210408,160000,13.531,13.531,13.3275,13.405,3412,0
BCBP.US,60,20210408,170000,13.425,13.56,13.425,13.51,1572,0
BCBP.US,60,20210408,180000,13.5139,13.54,13.45,13.53,1360,0
BCBP.US,60,20210408,190000,13.5281,13.585,13.5281,13.585,200,0
BCBP.US,60,20210408,200000,13.57,13.57,13.57,13.57,100,0
BCBP.US,60,20210408,210000,13.53,13.62,13.53,13.56,1091,0
BCBP.US,60,20210408,220000,13.55,13.7,13.54,13.68,9843,0
BCBP.US,60,20210409,160000,13.66,13.75,13.66,13.73,5299,0
BCBP.US,60,20210409,170000,13.79,13.8,13.66,13.8,2753,0
BCBP.US,60,20210409,180000,13.785,13.785,13.66,13.66,1000,0
BCBP.US,60,20210409,190000,13.66,13.73,13.66,13.6801,900,0
BCBP.US,60,20210409,200000,13.6869,13.805,13.61,13.61,2781,0
BCBP.US,60,20210409,210000,13.65,13.65,13.61,13.63,800,0
BCBP.US,60,20210409,220000,13.63,13.75,13.63,13.72,12022,0
BCBP.US,60,20210412,160000,14.225,14.225,13.72,13.8399,4634,0
BCBP.US,60,20210412,170000,13.81,13.82,13.66,13.68,7445,0
BCBP.US,60,20210412,180000,13.69,13.73,13.66,13.73,700,0
BCBP.US,60,20210412,190000,13.75,13.75,13.7,13.7,200,0
BCBP.US,60,20210412,200000,13.7489,13.77,13.64,13.69,11832,0
BCBP.US,60,20210412,210000,13.67,13.68,13.58,13.59,5911,0
BCBP.US,60,20210412,220000,13.57,13.74,13.56,13.68,7027,0
BCBP.US,60,20210413,160000,13.65,13.65,13.521,13.521,840,0
BCBP.US,60,20210413,170000,13.5,13.51,13.35,13.475,2562,0
BCBP.US,60,20210413,180000,13.45,13.5,13.45,13.5,703,0
BCBP.US,60,20210413,190000,13.45,13.45,13.26,13.26,5256,0
BCBP.US,60,20210413,200000,13.27,13.32,13.27,13.32,400,0
BCBP.US,60,20210413,210000,13.34,13.38,13.33,13.365,2360,0
BCBP.US,60,20210413,220000,13.365,13.52,13.365,13.39,23387,0
BCBP.US,60,20210414,160000,13.39,13.55,13.39,13.55,1701,0
BCBP.US,60,20210414,170000,13.55,13.64,13.52,13.64,2823,0
BCBP.US,60,20210414,180000,13.64,13.74,13.635,13.695,10489,0
BCBP.US,60,20210414,190000,13.7,13.7,13.61,13.62,5338,0
BCBP.US,60,20210414,200000,13.63,13.64,13.59,13.59,1000,0
BCBP.US,60,20210414,210000,13.51,13.56,13.46,13.485,2500,0
BCBP.US,60,20210414,220000,13.46,13.52,13.42,13.49,8006,0
BCBP.US,60,20210415,160000,13.49,13.49,13.3,13.305,21695,0
BCBP.US,60,20210415,170000,13.305,13.35,13.201,13.35,10886,0
BCBP.US,60,20210415,180000,13.38,13.42,13.31,13.42,400,0
BCBP.US,60,20210415,190000,13.415,13.44,13.415,13.44,500,0
BCBP.US,60,20210415,200000,13.405,13.48,13.405,13.48,1200,0
BCBP.US,60,20210415,210000,13.52,13.54,13.455,13.5008,1275,0
BCBP.US,60,20210415,220000,13.475,13.54,13.46,13.52,7855,0
BCBP.US,60,20210416,160000,13.64,13.71,13.395,13.395,2883,0
BCBP.US,60,20210416,170000,13.545,13.565,13.425,13.565,2963,0
BCBP.US,60,20210416,180000,13.54,13.56,13.46,13.5,1459,0
BCBP.US,60,20210416,190000,13.465,13.5,13.415,13.45,1501,0
BCBP.US,60,20210416,200000,13.48,13.51,13.48,13.495,763,0
BCBP.US,60,20210416,210000,13.51,13.53,13.485,13.485,1582,0
BCBP.US,60,20210416,220000,13.4701,13.61,13.4701,13.54,8949,0
BCBP.US,60,20210419,160000,13.68,13.9299,13.5,13.501,13364,0
BCBP.US,60,20210419,170000,13.48,13.545,13.35,13.395,19534,0
BCBP.US,60,20210419,180000,13.4,13.48,13.4,13.46,3682,0
BCBP.US,60,20210419,190000,13.46,13.48,13.43,13.44,2174,0
BCBP.US,60,20210419,200000,13.46,13.48,13.45,13.48,1100,0
BCBP.US,60,20210419,210000,13.48,13.61,13.48,13.555,6950,0
BCBP.US,60,20210419,220000,13.6,13.75,13.57,13.7,14818,0
BCBP.US,60,20210420,160000,13.55,13.55,13.425,13.425,2131,0
BCBP.US,60,20210420,170000,13.45,13.46,13.26,13.26,7947,0
BCBP.US,60,20210420,180000,13.26,13.27,13.15,13.27,4899,0
BCBP.US,60,20210420,190000,13.27,13.28,13.22,13.23,1326,0
BCBP.US,60,20210420,200000,13.24,13.41,13.15,13.27,14358,0
BCBP.US,60,20210420,210000,13.285,13.3,13.24,13.24,4186,0
BCBP.US,60,20210420,220000,13.2,13.38,13.2,13.34,12214,0
BCBP.US,60,20210421,160000,13.34,13.43,13.34,13.43,593,0
BCBP.US,60,20210421,170000,13.43,13.5,13.43,13.5,1900,0
BCBP.US,60,20210421,180000,13.5,13.5,13.44,13.44,902,0
BCBP.US,60,20210421,190000,13.47,13.48,13.46,13.46,1641,0
BCBP.US,60,20210421,200000,13.47,13.53,13.4666,13.515,1400,0
BCBP.US,60,20210421,210000,13.5,13.52,13.46,13.48,2178,0
BCBP.US,60,20210421,220000,13.5,13.63,13.49,13.59,12224,0
BCBP.US,60,20210422,160000,13.58,13.85,13.425,13.455,3506,0
BCBP.US,60,20210422,170000,13.59,13.75,13.455,13.75,5317,0
BCBP.US,60,20210422,180000,13.695,13.86,13.56,13.585,12600,0
BCBP.US,60,20210422,190000,13.71,13.79,13.635,13.755,5300,0
BCBP.US,60,20210422,200000,13.72,13.72,13.505,13.545,4507,0
BCBP.US,60,20210422,210000,13.515,13.71,13.515,13.71,3282,0
BCBP.US,60,20210422,220000,13.75,13.75,13.45,13.5,10034,0
BCBP.US,60,20210423,160000,13.54,13.97,13.54,13.93,10703,0
BCBP.US,60,20210423,170000,13.98,14.08,13.86,13.86,10267,0
BCBP.US,60,20210423,180000,13.93,13.98,13.9,13.94,3432,0
BCBP.US,60,20210423,190000,13.93,13.96,13.82,13.86,2068,0
BCBP.US,60,20210423,200000,13.86,13.94,13.86,13.89,3969,0
BCBP.US,60,20210423,210000,13.93,14.04,13.93,14.005,13540,0
BCBP.US,60,20210423,220000,13.99,14,13.86,13.86,27620,0
BCBP.US,60,20210426,160000,14.11,14.2299,13.95,14.178,17070,0
BCBP.US,60,20210426,170000,14.14,14.14,13.76,13.97,26174,0
BCBP.US,60,20210426,180000,13.99,14.01,13.93,13.99,32606,0
BCBP.US,60,20210426,190000,14,14,13.91,13.97,14080,0
BCBP.US,60,20210426,200000,13.97,14.04,13.9,13.92,12078,0
BCBP.US,60,20210426,210000,13.9,13.97,13.85,13.92,6934,0
BCBP.US,60,20210426,220000,13.88,13.88,13.68,13.68,36484,0
BCBP.US,60,20210427,160000,13.7,13.78,13.66,13.67,7672,0
BCBP.US,60,20210427,170000,13.74,13.76,13.63,13.65,4274,0
BCBP.US,60,20210427,180000,13.67,13.79,13.67,13.75,6776,0
BCBP.US,60,20210427,190000,13.78,13.81,13.66,13.81,11370,0
BCBP.US,60,20210427,200000,13.8,13.9,13.78,13.88,7916,0
BCBP.US,60,20210427,210000,13.87,13.87,13.8,13.83,5428,0
BCBP.US,60,20210427,220000,13.83,13.97,13.79,13.97,28002,0
BCBP.US,60,20210428,160000,13.99,14.0307,13.955,13.96,1486,0
BCBP.US,60,20210428,170000,13.96,13.96,13.8,13.95,9742,0
BCBP.US,60,20210428,180000,13.93,13.93,13.82,13.87,8460,0
BCBP.US,60,20210428,190000,13.88,13.88,13.77,13.8399,5400,0
BCBP.US,60,20210428,200000,13.78,13.84,13.77,13.8299,3116,0
BCBP.US,60,20210428,210000,13.77,13.9,13.7,13.85,8712,0
BCBP.US,60,20210428,220000,13.855,13.9,13.75,13.86,32318,0
BCBP.US,60,20210429,160000,13.92,14.09,13.92,13.9701,5626,0
BCBP.US,60,20210429,170000,14.01,14.04,13.84,13.85,10602,0
BCBP.US,60,20210429,180000,13.86,13.91,13.75,13.8,8576,0
BCBP.US,60,20210429,190000,13.7701,13.8,13.71,13.75,6804,0
BCBP.US,60,20210429,200000,13.72,13.72,13.63,13.652,4626,0
BCBP.US,60,20210429,210000,13.64,13.73,13.62,13.71,13246,0
BCBP.US,60,20210429,220000,13.71,13.76,13.66,13.72,22314,0
BCBP.US,60,20210430,160000,13.6,13.68,13.59,13.605,8024,0
BCBP.US,60,20210430,170000,13.59,13.76,13.57,13.61,21214,0
BCBP.US,60,20210430,180000,13.615,13.65,13.6,13.635,4578,0
BCBP.US,60,20210430,190000,13.64,13.69,13.56,13.69,13194,0
BCBP.US,60,20210430,200000,13.75,13.89,13.71,13.81,13706,0
BCBP.US,60,20210430,210000,13.795,13.85,13.795,13.825,7200,0
BCBP.US,60,20210430,220000,13.81,13.85,13.68,13.77,40676,0
BCBP.US,60,20210503,160000,13.81,14,13.81,14,11716,0
BCBP.US,60,20210503,170000,13.93,13.97,13.75,13.82,6309,0
BCBP.US,60,20210503,180000,13.8599,14.18,13.82,14.1,19817,0
BCBP.US,60,20210503,190000,14.11,14.24,14.09,14.17,9614,0
BCBP.US,60,20210503,200000,14.17,14.18,14.09,14.14,10249,0
BCBP.US,60,20210503,210000,14.12,14.255,14.08,14.2,19098,0
BCBP.US,60,20210503,220000,14.17,14.19,14.07,14.17,14493,0
BCBP.US,60,20210504,160000,14.48,14.48,14.07,14.07,2473,0
BCBP.US,60,20210504,170000,14.04,14.08,13.94,13.94,2180,0
BCBP.US,60,20210504,180000,13.96,14.1,13.915,14.01,1616,0
BCBP.US,60,20210504,190000,14.05,14.1,13.99,14.07,1640,0
BCBP.US,60,20210504,200000,13.99,13.99,13.88,13.91,987,0
BCBP.US,60,20210504,210000,13.95,14.0699,13.88,13.99,2817,0
BCBP.US,60,20210504,220000,13.9926,14.06,13.95,13.98,9646,0
BCBP.US,60,20210505,160000,13.97,13.97,13.829,13.915,2402,0
BCBP.US,60,20210505,170000,13.91,13.94,13.81,13.91,2483,0
BCBP.US,60,20210505,180000,13.93,13.9921,13.89,13.985,1623,0
BCBP.US,60,20210505,190000,13.92,13.9304,13.82,13.85,7901,0
BCBP.US,60,20210505,200000,13.82,13.8799,13.82,13.85,2694,0
BCBP.US,60,20210505,210000,13.84,13.84,13.72,13.77,10713,0
BCBP.US,60,20210505,220000,13.75,13.78,13.72,13.75,7440,0
BCBP.US,60,20210506,160000,13.72,13.78,13.72,13.75,2391,0
BCBP.US,60,20210506,170000,13.72,13.75,13.5701,13.64,11221,0
BCBP.US,60,20210506,180000,13.62,13.86,13.6,13.81,13117,0
BCBP.US,60,20210506,190000,13.83,13.87,13.7,13.7,4612,0
BCBP.US,60,20210506,200000,13.74,13.93,13.74,13.89,13372,0
BCBP.US,60,20210506,210000,13.89,13.91,13.87,13.895,1400,0
BCBP.US,60,20210506,220000,13.9,14.05,13.88,14.02,18749,0
BCBP.US,60,20210507,160000,13.8,13.95,13.6701,13.85,21993,0
BCBP.US,60,20210507,170000,13.825,13.85,13.705,13.85,4402,0
BCBP.US,60,20210507,180000,13.81,13.88,13.8,13.81,1974,0
BCBP.US,60,20210507,190000,13.83,13.83,13.8,13.8,2693,0
BCBP.US,60,20210507,200000,13.8,13.82,13.79,13.82,1100,0
BCBP.US,60,20210507,210000,13.81,13.82,13.79,13.82,919,0
BCBP.US,60,20210507,220000,13.82,13.83,13.73,13.77,8911,0
BCBP.US,60,20210510,160000,13.83,13.92,13.83,13.92,4684,0
BCBP.US,60,20210510,170000,13.95,14.03,13.85,13.925,6927,0
BCBP.US,60,20210510,180000,13.93,13.96,13.9013,13.9013,3578,0
BCBP.US,60,20210510,190000,13.89,13.94,13.88,13.94,2594,0
BCBP.US,60,20210510,200000,13.96,14.19,13.95,14.15,10350,0
BCBP.US,60,20210510,210000,14.15,14.155,13.82,13.8695,16113,0
BCBP.US,60,20210510,220000,13.84,13.85,13.77,13.78,19508,0
BCBP.US,60,20210511,160000,13.7,13.99,13.7,13.88,6793,0
BCBP.US,60,20210511,170000,13.92,13.92,13.835,13.84,2230,0
BCBP.US,60,20210511,180000,13.84,13.9,13.82,13.82,2568,0
BCBP.US,60,20210511,190000,13.75,13.8,13.7,13.72,3207,0
BCBP.US,60,20210511,200000,13.73,13.78,13.73,13.77,1497,0
BCBP.US,60,20210511,210000,13.77,13.83,13.73,13.73,3089,0
BCBP.US,60,20210511,220000,13.775,13.78,13.66,13.69,12594,0
BCBP.US,60,20210512,160000,13.74,13.81,13.7,13.72,1201,0
BCBP.US,60,20210512,170000,13.72,13.72,13.64,13.68,2697,0
BCBP.US,60,20210512,180000,13.68,13.8,13.61,13.61,2000,0
BCBP.US,60,20210512,190000,13.63,13.64,13.565,13.58,1170,0
BCBP.US,60,20210512,200000,13.61,13.65,13.6,13.61,500,0
BCBP.US,60,20210512,210000,13.56,13.6,13.53,13.53,2400,0
BCBP.US,60,20210512,220000,13.49,13.49,13.24,13.26,16002,0
BCBP.US,60,20210513,160000,13.25,13.4,13.25,13.4,2941,0
BCBP.US,60,20210513,170000,13.605,13.605,13.4347,13.4347,3950,0
BCBP.US,60,20210513,180000,13.44,13.445,13.3,13.35,4295,0
BCBP.US,60,20210513,190000,13.43,13.43,13.3604,13.4,4160,0
BCBP.US,60,20210513,200000,13.4,13.65,13.4,13.465,14888,0
BCBP.US,60,20210513,210000,13.5,13.71,13.5,13.67,1815,0
BCBP.US,60,20210513,220000,13.69,13.915,13.69,13.89,16816,0
BCBP.US,60,20210514,160000,13.92,13.92,13.865,13.87,1171,0
BCBP.US,60,20210514,170000,13.8,13.95,13.78,13.93,3921,0
BCBP.US,60,20210514,180000,13.935,14,13.9,13.95,7177,0
BCBP.US,60,20210514,190000,13.97,13.99,13.78,13.915,22505,0
BCBP.US,60,20210514,200000,13.9,13.9,13.83,13.8525,999,0
BCBP.US,60,20210514,210000,13.86,13.9,13.77,13.9,6433,0
BCBP.US,60,20210514,220000,13.88,14,13.87,13.94,11689,0
BCBP.US,60,20210517,160000,13.87,13.93,13.72,13.77,2928,0
BCBP.US,60,20210517,170000,13.89,14,13.8,13.97,3360,0
BCBP.US,60,20210517,180000,13.93,14.08,13.91,14.01,1995,0
BCBP.US,60,20210517,190000,13.96,14.12,13.92,14.11,5834,0
BCBP.US,60,20210517,200000,14.09,14.12,14.05,14.1,6259,0
BCBP.US,60,20210517,210000,14.12,14.21,14.12,14.16,6367,0
BCBP.US,60,20210517,220000,14.14,14.16,14.06,14.09,9253,0
BCBP.US,60,20210518,160000,14.09,14.105,14.04,14.06,1764,0
BCBP.US,60,20210518,170000,14.04,14.04,13.92,13.965,1880,0
BCBP.US,60,20210518,180000,13.965,14.18,13.965,14.18,13296,0
BCBP.US,60,20210518,190000,14.1,14.15,14.05,14.11,4542,0
BCBP.US,60,20210518,200000,14.115,14.14,14.08,14.12,2000,0
BCBP.US,60,20210518,210000,14.11,14.15,14.1,14.11,6974,0
BCBP.US,60,20210518,220000,14.12,14.21,13.99,13.99,14852,0
BCBP.US,60,20210519,160000,13.85,14.01,13.8,13.815,2796,0
BCBP.US,60,20210519,170000,13.82,13.91,13.78,13.84,5719,0
BCBP.US,60,20210519,180000,13.92,13.93,13.8,13.88,4314,0
BCBP.US,60,20210519,190000,13.95,14.015,13.88,14.01,1925,0
BCBP.US,60,20210519,200000,14,14.13,14,14.11,5125,0
BCBP.US,60,20210519,210000,14.08,14.08,14.02,14.02,1804,0
BCBP.US,60,20210519,220000,14.06,14.18,14.06,14.13,8341,0
BCBP.US,60,20210520,160000,14.21,14.21,13.9,13.97,5381,0
BCBP.US,60,20210520,170000,13.98,14.1799,13.98,14.08,4583,0
BCBP.US,60,20210520,180000,14.07,14.25,14.07,14.25,2000,0
BCBP.US,60,20210520,190000,14.1699,14.2205,14.04,14.07,4028,0
BCBP.US,60,20210520,200000,14.07,14.18,14.06,14.16,12718,0
BCBP.US,60,20210520,210000,14.13,14.17,14.07,14.07,1260,0
BCBP.US,60,20210520,220000,14.08,14.36,14.08,14.34,20389,0
BCBP.US,60,20210521,160000,14.35,14.572,14.35,14.565,10941,0
BCBP.US,60,20210521,170000,14.5027,14.5699,14.38,14.5616,5252,0
BCBP.US,60,20210521,180000,14.61,14.61,14.45,14.49,13980,0
BCBP.US,60,20210521,190000,14.46,14.48,14.36,14.36,3519,0
BCBP.US,60,20210521,200000,14.4,14.52,14.4,14.44,1864,0
BCBP.US,60,20210521,210000,14.48,14.58,14.48,14.58,5353,0
BCBP.US,60,20210521,220000,14.57,14.62,14.48,14.51,14588,0
BCBP.US,60,20210524,160000,14.62,14.691,14.34,14.435,14922,0
BCBP.US,60,20210524,170000,14.49,14.5787,14.39,14.54,9192,0
BCBP.US,60,20210524,180000,14.48,14.48,14.4,14.46,1099,0
BCBP.US,60,20210524,190000,14.35,14.41,14.29,14.395,2200,0
BCBP.US,60,20210524,200000,14.31,14.41,14.31,14.41,1300,0
BCBP.US,60,20210524,210000,14.395,14.48,14.395,14.43,1250,0
BCBP.US,60,20210524,220000,14.43,14.49,14.31,14.35,8690,0
BCBP.US,60,20210525,160000,14.29,14.49,14.29,14.3,3300,0
BCBP.US,60,20210525,170000,14.349,14.349,14.185,14.27,3031,0
BCBP.US,60,20210525,180000,14.23,14.23,14.02,14.06,1244,0
BCBP.US,60,20210525,190000,14.09,14.14,14.06,14.06,2823,0
BCBP.US,60,20210525,200000,14.05,14.05,13.93,13.97,6372,0
BCBP.US,60,20210525,210000,13.93,13.98,13.845,13.87,6598,0
BCBP.US,60,20210525,220000,13.82,13.89,13.72,13.72,14465,0
BCBP.US,60,20210526,160000,13.7,13.8,13.66,13.8,5798,0
BCBP.US,60,20210526,170000,13.74,13.86,13.74,13.85,10933,0
BCBP.US,60,20210526,180000,13.92,14.025,13.91,14.01,4044,0
BCBP.US,60,20210526,190000,14,14.02,13.99,13.995,600,0
BCBP.US,60,20210526,200000,14.03,14.1,14,14.05,2910,0
BCBP.US,60,20210526,210000,14.06,14.1,14.01,14.1,3100,0
BCBP.US,60,20210526,220000,14.1,14.16,14.09,14.13,13187,0
BCBP.US,60,20210527,160000,14.34,14.49,14.34,14.37,4158,0
BCBP.US,60,20210527,170000,14.43,14.48,14.27,14.44,3172,0
BCBP.US,60,20210527,180000,14.42,14.5,14.38,14.5,2882,0
BCBP.US,60,20210527,190000,14.49,14.4944,14.44,14.44,819,0
BCBP.US,60,20210527,200000,14.415,14.74,14.415,14.7,18688,0
BCBP.US,60,20210527,210000,14.75,14.795,14.7,14.7266,4114,0
BCBP.US,60,20210527,220000,14.77,14.803,14.7201,14.73,18638,0
BCBP.US,60,20210528,160000,14.73,14.73,14.6,14.64,6228,0
BCBP.US,60,20210528,170000,14.632,14.6799,14.56,14.6,8063,0
BCBP.US,60,20210528,180000,14.65,14.66,14.601,14.64,2776,0
BCBP.US,60,20210528,190000,14.63,14.63,14.6,14.6,2040,0
BCBP.US,60,20210528,200000,14.6,14.63,14.6,14.61,5933,0
BCBP.US,60,20210528,210000,14.62,14.66,14.6,14.63,2273,0
BCBP.US,60,20210528,220000,14.61,14.615,14.53,14.61,17753,0
BCBP.US,60,20210601,160000,14.77,14.805,14.675,14.675,4349,0
BCBP.US,60,20210601,170000,14.695,14.775,14.685,14.75,3234,0
BCBP.US,60,20210601,180000,14.75,14.75,14.72,14.735,2304,0
BCBP.US,60,20210601,190000,14.7,14.72,14.67,14.69,1258,0
BCBP.US,60,20210601,200000,14.655,14.66,14.595,14.595,840,0
BCBP.US,60,20210601,210000,14.63,14.695,14.63,14.66,1744,0
BCBP.US,60,20210601,220000,14.71,14.74,14.66,14.69,8260,0
BCBP.US,60,20210602,160000,14.81,14.81,14.48,14.545,2771,0
BCBP.US,60,20210602,170000,14.52,14.52,14.4,14.465,1507,0
BCBP.US,60,20210602,180000,14.4801,14.515,14.352,14.399,2800,0
BCBP.US,60,20210602,190000,14.35,14.36,14.3,14.31,1129,0
BCBP.US,60,20210602,200000,14.29,14.39,14.25,14.3792,3100,0
BCBP.US,60,20210602,210000,14.35,14.5,14.35,14.48,2604,0
BCBP.US,60,20210602,220000,14.5,14.55,14.32,14.39,13635,0
BCBP.US,60,20210603,160000,14.46,14.5216,14.46,14.5216,2942,0
BCBP.US,60,20210603,170000,14.405,14.48,14.33,14.45,3500,0
BCBP.US,60,20210603,180000,14.485,14.52,14.45,14.52,1550,0
BCBP.US,60,20210603,190000,14.51,14.6,14.485,14.6,1717,0
BCBP.US,60,20210603,200000,14.59,14.63,14.57,14.6,2300,0
BCBP.US,60,20210603,210000,14.57,14.58,14.47,14.48,1320,0
BCBP.US,60,20210603,220000,14.5,14.56,14.44,14.48,6367,0
BCBP.US,60,20210604,160000,14.49,14.49,14.4,14.4,733,0
BCBP.US,60,20210604,170000,14.4,14.41,14.3,14.41,1600,0
BCBP.US,60,20210604,180000,14.425,14.51,14.425,14.46,1540,0
BCBP.US,60,20210604,190000,14.365,14.49,14.36,14.49,1679,0
BCBP.US,60,20210604,200000,14.53,14.54,14.5,14.5,1616,0
BCBP.US,60,20210604,210000,14.5,14.58,14.45,14.58,15807,0
BCBP.US,60,20210604,220000,14.59,14.65,14.51,14.51,12577,0
BCBP.US,60,20210607,160000,14.5,14.6273,14.41,14.46,2320,0
BCBP.US,60,20210607,170000,14.5,14.5,14.39,14.43,4757,0
BCBP.US,60,20210607,180000,14.41,14.41,14.31,14.37,11822,0
BCBP.US,60,20210607,190000,14.38,14.39,14.32,14.365,4767,0
BCBP.US,60,20210607,200000,14.365,14.4,14.32,14.32,6064,0
BCBP.US,60,20210607,210000,14.34,14.345,14.25,14.29,5465,0
BCBP.US,60,20210607,220000,14.27,14.29,14.18,14.22,24212,0
BCBP.US,60,20210608,160000,14.3,14.3,14.05,14.09,7365,0
BCBP.US,60,20210608,170000,14.11,14.15,14.06,14.15,4588,0
BCBP.US,60,20210608,180000,14.1674,14.23,14.1101,14.23,5370,0
BCBP.US,60,20210608,190000,14.24,14.34,14.215,14.34,4340,0
BCBP.US,60,20210608,200000,14.315,14.33,14.28,14.28,5860,0
BCBP.US,60,20210608,210000,14.27,14.31,14.21,14.27,5461,0
BCBP.US,60,20210608,220000,14.3,14.31,14.21,14.21,7995,0
BCBP.US,60,20210609,160000,14.17,14.17,13.95,13.98,6397,0
BCBP.US,60,20210609,170000,14.03,14.12,14.03,14.06,1300,0
BCBP.US,60,20210609,180000,14.08,14.12,14.05,14.05,3333,0
BCBP.US,60,20210609,190000,14.05,14.06,14.01,14.02,2747,0
BCBP.US,60,20210609,200000,14.02,14.08,14.02,14.0632,4601,0
BCBP.US,60,20210609,210000,14.08,14.1,14.05,14.09,3242,0
BCBP.US,60,20210609,220000,14.07,14.11,14.03,14.08,13388,0
BCBP.US,60,20210610,160000,14.22,14.22,14,14.0054,1680,0
BCBP.US,60,20210610,170000,14,14.01,13.85,13.92,15732,0
BCBP.US,60,20210610,180000,13.93,14.06,13.93,13.995,4074,0
BCBP.US,60,20210610,190000,14.01,14.01,13.94,13.94,1559,0
BCBP.US,60,20210610,200000,13.93,13.93,13.895,13.9,1228,0
BCBP.US,60,20210610,210000,13.895,13.93,13.895,13.9,1732,0
BCBP.US,60,20210610,220000,13.9,13.905,13.82,13.86,11292,0
BCBP.US,60,20210611,160000,13.92,13.96,13.87,13.87,4068,0
BCBP.US,60,20210611,170000,13.87,13.91,13.83,13.83,2479,0
BCBP.US,60,20210611,180000,13.82,13.8995,13.73,13.8995,7255,0
BCBP.US,60,20210611,190000,13.85,13.87,13.77,13.78,2303,0
BCBP.US,60,20210611,200000,13.77,13.812,13.77,13.78,4898,0
BCBP.US,60,20210611,210000,13.78,13.8,13.78,13.78,1300,0
BCBP.US,60,20210611,220000,13.78,13.89,13.77,13.84,15494,0
BCBP.US,60,20210614,160000,13.86,13.9244,13.82,13.835,3080,0
BCBP.US,60,20210614,170000,13.835,13.835,13.68,13.73,6096,0
BCBP.US,60,20210614,180000,13.77,13.77,13.55,13.62,6554,0
BCBP.US,60,20210614,190000,13.61,13.64,13.55,13.55,5887,0
BCBP.US,60,20210614,200000,13.55,13.71,13.55,13.71,16907,0
BCBP.US,60,20210614,210000,13.68,13.7196,13.64,13.705,7106,0
BCBP.US,60,20210614,220000,13.7,13.71,13.65,13.68,14164,0
BCBP.US,60,20210615,160000,13.66,13.66,13.65,13.65,571,0
BCBP.US,60,20210615,170000,13.69,13.69,13.58,13.58,6913,0
BCBP.US,60,20210615,180000,13.585,13.625,13.555,13.555,3131,0
BCBP.US,60,20210615,190000,13.56,13.675,13.56,13.675,5191,0
BCBP.US,60,20210615,200000,13.66,13.72,13.66,13.71,4200,0
BCBP.US,60,20210615,210000,13.73,13.76,13.69,13.75,3675,0
BCBP.US,60,20210615,220000,13.74,13.74,13.65,13.68,13554,0
BCBP.US,60,20210616,160000,13.62,13.625,13.56,13.57,3758,0
BCBP.US,60,20210616,170000,13.57,13.65,13.54,13.58,3704,0
BCBP.US,60,20210616,180000,13.55,13.65,13.54,13.6318,3200,0
BCBP.US,60,20210616,190000,13.63,13.65,13.5416,13.59,5160,0
BCBP.US,60,20210616,200000,13.55,13.58,13.5101,13.58,6097,0
BCBP.US,60,20210616,210000,13.58,13.78,13.515,13.705,5809,0
BCBP.US,60,20210616,220000,13.72,13.79,13.68,13.7,17129,0
BCBP.US,60,20210617,160000,13.82,13.87,13.6,13.62,6537,0
BCBP.US,60,20210617,170000,13.62,13.62,13.345,13.36,7558,0
BCBP.US,60,20210617,180000,13.32,13.32,13.21,13.25,7271,0
BCBP.US,60,20210617,190000,13.25,13.33,13.21,13.26,7527,0
BCBP.US,60,20210617,200000,13.3,13.46,13.3,13.34,11893,0
BCBP.US,60,20210617,210000,13.31,13.325,13.2607,13.295,10929,0
BCBP.US,60,20210617,220000,13.3098,13.41,13.275,13.3,20741,0
BCBP.US,60,20210618,160000,13.27,13.31,13.05,13.05,24006,0
BCBP.US,60,20210618,170000,13.1,13.1703,13.01,13.02,13339,0
BCBP.US,60,20210618,180000,13.03,13.15,13.03,13.13,4854,0
BCBP.US,60,20210618,190000,13.14,13.14,13.02,13.02,6685,0
BCBP.US,60,20210618,200000,13.04,13.09,13.01,13.06,4551,0
BCBP.US,60,20210618,210000,13.071,13.085,12.95,12.96,18377,0
BCBP.US,60,20210618,220000,12.95,13.075,12.89,12.89,66813,0
BCBP.US,60,20210621,160000,12.98,13.18,12.98,13.12,6938,0
BCBP.US,60,20210621,170000,13.17,13.455,13.13,13.3501,13579,0
BCBP.US,60,20210621,180000,13.39,13.39,13.25,13.35,6506,0
BCBP.US,60,20210621,190000,13.34,13.34,13.23,13.305,8543,0
BCBP.US,60,20210621,200000,13.255,13.35,13.245,13.305,8324,0
BCBP.US,60,20210621,210000,13.32,13.32,13.255,13.27,8416,0
BCBP.US,60,20210621,220000,13.275,13.35,13.26,13.3,22432,0
BCBP.US,60,20210622,160000,13.34,13.3796,13.17,13.17,7708,0
BCBP.US,60,20210622,170000,13.19,13.2,13.07,13.12,12506,0
BCBP.US,60,20210622,180000,13.15,13.205,13.1,13.1,5745,0
BCBP.US,60,20210622,190000,13.1,13.22,13.1,13.15,16134,0
BCBP.US,60,20210622,200000,13.14,13.2,13.13,13.1535,8041,0
BCBP.US,60,20210622,210000,13.165,13.25,13.165,13.24,13496,0
BCBP.US,60,20210622,220000,13.235,13.31,13.19,13.24,25921,0
BCBP.US,60,20210623,160000,13.25,13.34,13.25,13.26,1633,0
BCBP.US,60,20210623,170000,13.33,13.45,13.26,13.42,9632,0
BCBP.US,60,20210623,180000,13.46,13.46,13.3,13.32,11447,0
BCBP.US,60,20210623,190000,13.28,13.43,13.28,13.42,9470,0
BCBP.US,60,20210623,200000,13.41,13.47,13.36,13.44,28009,0
BCBP.US,60,20210623,210000,13.435,13.45,13.35,13.37,10749,0
BCBP.US,60,20210623,220000,13.34,13.36,13.2,13.23,29070,0
BCBP.US,60,20210624,160000,13.38,13.4,13.165,13.19,9191,0
BCBP.US,60,20210624,170000,13.19,13.2082,13.04,13.06,24036,0
BCBP.US,60,20210624,180000,13.075,13.14,13.04,13.05,21548,0
BCBP.US,60,20210624,190000,13.04,13.06,13.01,13.02,13698,0
BCBP.US,60,20210624,200000,13.04,13.2,13.01,13.2,18640,0
BCBP.US,60,20210624,210000,13.17,13.26,13.14,13.16,11188,0
BCBP.US,60,20210624,220000,13.17,13.21,13.12,13.19,26392,0
BCBP.US,60,20210625,160000,13.17,13.33,13.15,13.26,8398,0
BCBP.US,60,20210625,170000,13.25,13.37,13.2,13.335,18058,0
BCBP.US,60,20210625,180000,13.32,13.37,13.31,13.35,14220,0
BCBP.US,60,20210625,190000,13.37,13.42,13.33,13.34,11708,0
BCBP.US,60,20210625,200000,13.3429,13.4,13.23,13.4,14962,0
BCBP.US,60,20210625,210000,13.42,13.42,13.33,13.38,25415,0
BCBP.US,60,20210625,220000,13.38,13.46,13.28,13.31,1277947,0
BCBP.US,60,20210628,160000,13.32,13.45,13.25,13.28,14918,0
BCBP.US,60,20210628,170000,13.3168,13.39,13.3,13.39,11820,0
BCBP.US,60,20210628,180000,13.42,13.445,13.33,13.33,2731,0
BCBP.US,60,20210628,190000,13.38,13.47,13.37,13.45,9053,0
BCBP.US,60,20210628,200000,13.43,13.5,13.415,13.5,3150,0
BCBP.US,60,20210628,210000,13.47,13.52,13.47,13.51,4226,0
BCBP.US,60,20210628,220000,13.52,13.6,13.51,13.55,14699,0
BCBP.US,60,20210629,160000,13.63,13.64,13.46,13.54,4230,0
BCBP.US,60,20210629,170000,13.51,13.559,13.44,13.45,6419,0
BCBP.US,60,20210629,180000,13.48,13.57,13.46,13.51,2488,0
BCBP.US,60,20210629,190000,13.48,13.48,13.41,13.41,1800,0
BCBP.US,60,20210629,210000,13.38,13.38,13.31,13.37,11241,0
BCBP.US,60,20210629,220000,13.39,13.44,13.36,13.36,23988,0
BCBP.US,60,20210630,160000,13.4,13.47,13.4,13.41,4949,0
BCBP.US,60,20210630,170000,13.48,13.48,13.35,13.4,5000,0
BCBP.US,60,20210630,180000,13.395,13.445,13.36,13.39,1800,0
BCBP.US,60,20210630,190000,13.37,13.49,13.37,13.44,3600,0
BCBP.US,60,20210630,200000,13.44,13.445,13.39,13.41,1900,0
BCBP.US,60,20210630,210000,13.43,13.46,13.42,13.45,1400,0
BCBP.US,60,20210630,220000,13.47,13.47,13.41,13.42,9578,0
BCBP.US,60,20210701,160000,13.51,13.614,13.51,13.52,1584,0
BCBP.US,60,20210701,170000,13.4,13.51,13.33,13.41,5668,0
BCBP.US,60,20210701,180000,13.4,13.59,13.39,13.42,14267,0
BCBP.US,60,20210701,190000,13.41,13.57,13.41,13.55,9657,0
BCBP.US,60,20210701,200000,13.57,13.58,13.55,13.56,3145,0
BCBP.US,60,20210701,210000,13.55,13.62,13.55,13.61,5270,0
BCBP.US,60,20210701,220000,13.625,13.64,13.48,13.49,9656,0
BCBP.US,60,20210702,160000,13.47,13.52,13.41,13.41,2915,0
BCBP.US,60,20210702,170000,13.43,13.43,13.34,13.39,2586,0
BCBP.US,60,20210702,180000,13.35,13.4,13.315,13.4,4312,0
BCBP.US,60,20210702,190000,13.38,13.46,13.36,13.46,5076,0
BCBP.US,60,20210702,200000,13.43,13.46,13.41,13.41,700,0
BCBP.US,60,20210702,210000,13.43,13.47,13.41,13.46,1330,0
BCBP.US,60,20210702,220000,13.47,13.49,13.39,13.39,8717,0
BCBP.US,60,20210706,160000,13.4,13.4,13.2,13.21,5824,0
BCBP.US,60,20210706,170000,13.25,13.3,13.155,13.17,11864,0
BCBP.US,60,20210706,180000,13.15,13.295,13.1,13.27,6700,0
BCBP.US,60,20210706,190000,13.28,13.29,13.21,13.27,6148,0
BCBP.US,60,20210706,200000,13.27,13.31,13.24,13.275,5300,0
BCBP.US,60,20210706,210000,13.28,13.29,13.21,13.26,19873,0
BCBP.US,60,20210706,220000,13.26,13.28,13.18,13.21,25080,0
BCBP.US,60,20210707,160000,13.14,13.23,13.1,13.155,4971,0
BCBP.US,60,20210707,170000,13.189,13.189,13.06,13.12,4682,0
BCBP.US,60,20210707,180000,13.1,13.24,13.07,13.18,6415,0
BCBP.US,60,20210707,190000,13.18,13.31,13.18,13.251,5126,0
BCBP.US,60,20210707,200000,13.265,13.27,13.245,13.245,7828,0
BCBP.US,60,20210707,210000,13.25,13.27,13.23,13.25,8845,0
BCBP.US,60,20210707,220000,13.26,13.3153,13.22,13.23,10927,0
BCBP.US,60,20210708,160000,13.04,13.16,13.03,13.115,2312,0
BCBP.US,60,20210708,170000,13.07,13.125,13.03,13.05,9126,0
BCBP.US,60,20210708,180000,13.06,13.26,13.045,13.26,5811,0
BCBP.US,60,20210708,190000,13.24,13.26,13.21,13.22,5103,0
BCBP.US,60,20210708,200000,13.2,13.2,13.1,13.14,7083,0
BCBP.US,60,20210708,210000,13.12,13.13,13.06,13.1008,5441,0
BCBP.US,60,20210708,220000,13.13,13.2,13.11,13.16,14237,0
BCBP.US,60,20210709,160000,13.37,13.41,13.34,13.38,2286,0
BCBP.US,60,20210709,170000,13.39,13.52,13.33,13.35,2851,0
BCBP.US,60,20210709,180000,13.39,13.46,13.38,13.39,3921,0
BCBP.US,60,20210709,190000,13.39,13.39,13.35,13.39,1000,0
BCBP.US,60,20210709,200000,13.37,13.38,13.31,13.38,1999,0
BCBP.US,60,20210709,210000,13.4,13.485,13.4,13.42,2669,0
BCBP.US,60,20210709,220000,13.43,13.46,13.39,13.41,3244,0
