<TICKER>,<PER>,<DATE>,<TIME>,<OPEN>,<HIGH>,<LOW>,<CLOSE>,<VOL>,<OPENINT>
BEEM.US,60,20200914,160000,12,12.46,11.9294,12.4189,18394,0
BEEM.US,60,20200914,170000,12.405,12.48,12.2,12.2,8903,0
BEEM.US,60,20200914,180000,12.2,12.3308,12.06,12.24,8037,0
BEEM.US,60,20200914,190000,12.379,12.379,12.05,12.135,10315,0
BEEM.US,60,20200914,200000,12.13,12.25,12.02,12.13,6610,0
BEEM.US,60,20200914,210000,12.19,12.32,12.15,12.25,8182,0
BEEM.US,60,20200914,220000,12.21,12.33,12.03,12.11,25477,0
BEEM.US,60,20200915,160000,12.55,12.7848,12.19,12.38,13561,0
BEEM.US,60,20200915,170000,12.193,13.25,12.1,13.16,34392,0
BEEM.US,60,20200915,180000,13.25,14.75,13.2,13.7,77921,0
BEEM.US,60,20200915,190000,13.6406,13.98,13.32,13.87,31324,0
BEEM.US,60,20200915,200000,13.98,13.99,13.53,13.7575,30877,0
BEEM.US,60,20200915,210000,13.7233,14.4,13.7,14.214,67580,0
BEEM.US,60,20200915,220000,14.26,14.8,14.1,14.1,119833,0
BEEM.US,60,20200916,160000,14.28,14.34,14.0778,14.27,26080,0
BEEM.US,60,20200916,170000,14.215,14.29,13.44,13.95,55850,0
BEEM.US,60,20200916,180000,14,14,13.67,13.895,18488,0
BEEM.US,60,20200916,190000,14,14.08,13.81,13.81,12805,0
BEEM.US,60,20200916,200000,13.81,14.04,13.67,13.9,15218,0
BEEM.US,60,20200916,210000,14,14.35,13.91,14.2426,19890,0
BEEM.US,60,20200916,220000,14.2689,14.3,14,14.01,17409,0
BEEM.US,60,20200917,160000,13.63,13.9099,13.16,13.46,31550,0
BEEM.US,60,20200917,170000,13.325,13.63,13.325,13.47,16058,0
BEEM.US,60,20200917,180000,13.46,13.5,13.04,13.2508,39757,0
BEEM.US,60,20200917,190000,13.1401,13.2,12.72,12.77,28407,0
BEEM.US,60,20200917,200000,12.8059,13.1299,12.7875,12.99,9679,0
BEEM.US,60,20200917,210000,13.05,13.1299,12.85,12.85,14483,0
BEEM.US,60,20200917,220000,12.85,13.01,12.72,12.83,35295,0
BEEM.US,60,20200918,160000,12.84,13.31,12.84,13.221,12605,0
BEEM.US,60,20200918,170000,13.185,13.2,12.76,12.7887,14292,0
BEEM.US,60,20200918,180000,12.78,12.86,12.37,12.54,29645,0
BEEM.US,60,20200918,190000,12.59,12.59,12.34,12.365,10541,0
BEEM.US,60,20200918,200000,12.34,12.369,12,12.2583,49636,0
BEEM.US,60,20200918,210000,12.28,12.42,12.1967,12.36,16022,0
BEEM.US,60,20200918,220000,12.39,13.0399,12.39,12.93,32052,0
BEEM.US,60,20200921,160000,12.67,12.73,12.25,12.6557,15282,0
BEEM.US,60,20200921,170000,12.62,12.75,12.35,12.41,15373,0
BEEM.US,60,20200921,180000,12.4,12.4322,12.05,12.25,27067,0
BEEM.US,60,20200921,190000,12.21,12.3779,12.05,12.095,14299,0
BEEM.US,60,20200921,200000,12.1,12.135,11.99,12.01,15295,0
BEEM.US,60,20200921,210000,12.0569,12.15,11.8,12.15,23250,0
BEEM.US,60,20200921,220000,12.2,12.85,12.19,12.76,66109,0
BEEM.US,60,20200922,160000,12.79,12.79,12.31,12.5,5293,0
BEEM.US,60,20200922,170000,12.38,12.475,12.06,12.09,12056,0
BEEM.US,60,20200922,180000,12.145,12.34,12.03,12.2916,27621,0
BEEM.US,60,20200922,190000,12.3,12.52,12.2,12.28,13728,0
BEEM.US,60,20200922,200000,12.29,12.38,12.15,12.27,12245,0
BEEM.US,60,20200922,210000,12.3241,12.47,12.3,12.415,11834,0
BEEM.US,60,20200922,220000,12.36,12.415,12.15,12.24,23734,0
BEEM.US,60,20200923,160000,12.24,12.295,12.1439,12.215,7806,0
BEEM.US,60,20200923,170000,12.15,12.19,11.8801,12.01,35500,0
BEEM.US,60,20200923,180000,11.99,12,11.48,11.49,41098,0
BEEM.US,60,20200923,190000,11.46,11.71,11.35,11.5,21884,0
BEEM.US,60,20200923,200000,11.45,11.5001,11.28,11.3221,23702,0
BEEM.US,60,20200923,210000,11.3,11.6,11,11.05,79011,0
BEEM.US,60,20200923,220000,11.05,11.14,10.85,10.92,53398,0
BEEM.US,60,20200924,160000,11.32,11.49,10.53,10.7001,24996,0
BEEM.US,60,20200924,170000,10.7733,11.3,10.7733,10.9,15519,0
BEEM.US,60,20200924,180000,10.9397,11.28,10.9153,11.2799,18271,0
BEEM.US,60,20200924,190000,11.28,11.45,11.185,11.42,5234,0
BEEM.US,60,20200924,200000,11.39,11.69,11.3201,11.64,20861,0
BEEM.US,60,20200924,210000,11.56,11.63,11.3634,11.3634,9636,0
BEEM.US,60,20200924,220000,11.32,11.53,11.13,11.2,16964,0
BEEM.US,60,20200925,160000,11.13,11.3376,11,11.16,15298,0
BEEM.US,60,20200925,170000,11.48,11.48,11.06,11.19,9174,0
BEEM.US,60,20200925,180000,11.18,11.2899,11,11,7046,0
BEEM.US,60,20200925,190000,11.095,11.1599,11,11.09,2869,0
BEEM.US,60,20200925,200000,11.0459,11.26,11.03,11.07,8850,0
BEEM.US,60,20200925,210000,11.125,11.37,11.09,11.28,7790,0
BEEM.US,60,20200925,220000,11.3391,11.688,11.3,11.5,46847,0
BEEM.US,60,20200928,160000,11.73,11.89,11.62,11.62,7167,0
BEEM.US,60,20200928,170000,11.705,12.15,11.7,12.15,8630,0
BEEM.US,60,20200928,180000,12.15,12.18,11.8654,11.8654,12373,0
BEEM.US,60,20200928,190000,11.895,12.06,11.784,12.04,11382,0
BEEM.US,60,20200928,200000,12.05,12.05,11.7228,11.895,14659,0
BEEM.US,60,20200928,210000,11.82,12.04,11.82,11.92,2384,0
BEEM.US,60,20200928,220000,12,12.18,11.83,11.88,35734,0
BEEM.US,60,20200929,160000,12.15,12.17,11.8819,11.92,20588,0
BEEM.US,60,20200929,170000,12.15,12.15,11.35,11.53,23596,0
BEEM.US,60,20200929,180000,11.715,11.8953,11.38,11.38,22149,0
BEEM.US,60,20200929,190000,11.445,11.625,11.35,11.6,14638,0
BEEM.US,60,20200929,200000,11.65,11.7,11.36,11.7,8024,0
BEEM.US,60,20200929,210000,11.74,11.74,11.535,11.54,2880,0
BEEM.US,60,20200929,220000,11.69,11.86,11.61,11.7,16814,0
BEEM.US,60,20200930,160000,12.13,12.18,11.54,11.54,18937,0
BEEM.US,60,20200930,170000,11.61,12.27,11.53,12.03,44793,0
BEEM.US,60,20200930,180000,12.046,12.0953,11.8,11.98,17563,0
BEEM.US,60,20200930,190000,12,12.09,11.9,12,9302,0
BEEM.US,60,20200930,200000,12.0226,12.08,11.89,12,6828,0
BEEM.US,60,20200930,210000,11.995,12.12,11.8001,11.99,15123,0
BEEM.US,60,20200930,220000,11.985,12.25,11.685,12.16,53807,0
BEEM.US,60,20201001,160000,12.57,12.9,12.1801,12.6,40973,0
BEEM.US,60,20201001,170000,12.59,12.71,12.23,12.58,48225,0
BEEM.US,60,20201001,180000,12.6,12.73,12.4,12.4,11017,0
BEEM.US,60,20201001,190000,12.41,12.55,12.31,12.5,11011,0
BEEM.US,60,20201001,200000,12.5,12.7,12.38,12.47,23671,0
BEEM.US,60,20201001,210000,12.47,12.73,12.38,12.5701,8054,0
BEEM.US,60,20201001,220000,12.42,12.65,12.39,12.47,15004,0
BEEM.US,60,20201002,160000,12.74,14,12.56,13.94,124286,0
BEEM.US,60,20201002,170000,13.8266,14.5,13.55,13.94,249077,0
BEEM.US,60,20201002,180000,13.88,14.25,13.7,13.72,98935,0
BEEM.US,60,20201002,190000,13.7745,13.98,13.43,13.81,36208,0
BEEM.US,60,20201002,200000,13.75,13.98,13.62,13.9554,22683,0
BEEM.US,60,20201002,210000,13.96,15,13.95,14.88,133344,0
BEEM.US,60,20201002,220000,14.9,14.99,14.27,14.99,138586,0
BEEM.US,60,20201005,160000,15.215,15.925,15.095,15.9104,121634,0
BEEM.US,60,20201005,170000,15.91,16.6399,15.82,16.39,228845,0
BEEM.US,60,20201005,180000,16.31,16.3799,15.74,16.2299,86395,0
BEEM.US,60,20201005,190000,16.15,16.38,16,16.3199,50050,0
BEEM.US,60,20201005,200000,16.32,16.9674,16.18,16.45,81976,0
BEEM.US,60,20201005,210000,16.43,16.75,16.19,16.6957,83811,0
BEEM.US,60,20201005,220000,16.69,17.49,16.58,17.44,170300,0
BEEM.US,60,20201006,160000,17.65,17.79,15.58,16.4698,210976,0
BEEM.US,60,20201006,170000,16.35,16.62,15.785,15.98,69926,0
BEEM.US,60,20201006,180000,15.9609,16.12,15.8,15.96,40625,0
BEEM.US,60,20201006,190000,16.01,16.5,16.01,16.4801,36514,0
BEEM.US,60,20201006,200000,16.48,16.55,16.26,16.4,31244,0
BEEM.US,60,20201006,210000,16.4,16.55,15.22,15.22,100524,0
BEEM.US,60,20201006,220000,15.22,15.87,14.99,15.37,126034,0
BEEM.US,60,20201007,160000,17,17.28,16.5001,16.71,114368,0
BEEM.US,60,20201007,170000,16.86,16.86,16.02,16.4987,87016,0
BEEM.US,60,20201007,180000,16.5,16.6,16.33,16.44,24788,0
BEEM.US,60,20201007,190000,16.4301,16.5,16.2592,16.3643,29699,0
BEEM.US,60,20201007,200000,16.4,16.53,16.28,16.45,51794,0
BEEM.US,60,20201007,210000,16.47,16.54,16.2801,16.5,27289,0
BEEM.US,60,20201007,220000,16.4925,16.7,16.22,16.49,57715,0
BEEM.US,60,20201008,160000,16.72,17.18,16.52,16.71,47748,0
BEEM.US,60,20201008,170000,16.76,16.85,16.03,16.3,37240,0
BEEM.US,60,20201008,180000,16.28,16.3939,16,16.19,27388,0
BEEM.US,60,20201008,190000,16.27,16.47,16.11,16.4,21061,0
BEEM.US,60,20201008,200000,16.34,16.44,16.1,16.17,10763,0
BEEM.US,60,20201008,210000,16.19,16.36,16.1,16.1,12946,0
BEEM.US,60,20201008,220000,16.09,16.36,16.08,16.36,30586,0
BEEM.US,60,20201009,160000,17,17,16.54,16.56,50999,0
BEEM.US,60,20201009,170000,16.5801,16.73,16.51,16.675,20602,0
BEEM.US,60,20201009,180000,16.63,16.85,16.57,16.84,22012,0
BEEM.US,60,20201009,190000,16.8,17.18,16.77,17.13,56431,0
BEEM.US,60,20201009,200000,17.1,17.21,17.02,17.095,29531,0
BEEM.US,60,20201009,210000,17.12,17.25,16.88,16.88,51429,0
BEEM.US,60,20201009,220000,16.9,16.955,16.628,16.89,45504,0
BEEM.US,60,20201012,160000,17.1,17.16,16.7,16.81,33752,0
BEEM.US,60,20201012,170000,16.8,17,16,16.258,78160,0
BEEM.US,60,20201012,180000,16.175,16.2917,15.4,15.61,76079,0
BEEM.US,60,20201012,190000,15.6,15.72,15.1,15.56,68545,0
BEEM.US,60,20201012,200000,15.56,15.8,15.55,15.7299,27367,0
BEEM.US,60,20201012,210000,15.6999,15.944,15.6999,15.8,19382,0
BEEM.US,60,20201012,220000,15.825,15.85,15.655,15.76,21812,0
BEEM.US,60,20201013,160000,15.56,15.8,15.3201,15.5,30738,0
BEEM.US,60,20201013,170000,15.7384,15.7678,15.51,15.555,10298,0
BEEM.US,60,20201013,180000,15.5368,15.81,15.51,15.725,26141,0
BEEM.US,60,20201013,190000,15.72,15.8,15.33,15.6874,24904,0
BEEM.US,60,20201013,200000,15.655,15.74,15.49,15.49,9493,0
BEEM.US,60,20201013,210000,15.56,15.645,15.32,15.4097,20204,0
BEEM.US,60,20201013,220000,15.4801,15.7205,15.4347,15.67,23684,0
BEEM.US,60,20201014,160000,15.83,15.83,15.35,15.53,13631,0
BEEM.US,60,20201014,170000,15.52,15.55,15,15.04,33304,0
BEEM.US,60,20201014,180000,15.09,15.35,15.05,15.12,11167,0
BEEM.US,60,20201014,190000,15.12,15.27,14.63,15.21,59775,0
BEEM.US,60,20201014,200000,15.2,15.24,15.09,15.09,3599,0
BEEM.US,60,20201014,210000,15.07,15.14,14.96,14.96,10098,0
BEEM.US,60,20201014,220000,15.0061,15.12,14.72,14.83,45161,0
BEEM.US,60,20201015,160000,14.28,14.85,14.15,14.74,40862,0
BEEM.US,60,20201015,170000,14.8,15.62,14.76,15.1526,44380,0
BEEM.US,60,20201015,180000,15.2,15.41,15.2,15.39,9263,0
BEEM.US,60,20201015,190000,15.3899,15.3899,15,15.05,8030,0
BEEM.US,60,20201015,200000,15.14,15.69,15.14,15.611,41408,0
BEEM.US,60,20201015,210000,15.61,16.11,15.6061,15.9875,41085,0
BEEM.US,60,20201015,220000,16.03,16.2,16.01,16.11,24484,0
BEEM.US,60,20201016,160000,16.35,16.4899,15.85,15.9633,30041,0
BEEM.US,60,20201016,170000,16.0733,16.0733,15.45,15.54,16129,0
BEEM.US,60,20201016,180000,15.54,15.69,15.45,15.66,12679,0
BEEM.US,60,20201016,190000,15.7,15.7,15.5,15.56,8710,0
BEEM.US,60,20201016,200000,15.5601,15.67,15.45,15.6,6878,0
BEEM.US,60,20201016,210000,15.6,15.66,15.5,15.6033,7382,0
BEEM.US,60,20201016,220000,15.5825,15.64,15.48,15.54,21684,0
BEEM.US,60,20201019,160000,15.75,15.75,15.56,15.65,14940,0
BEEM.US,60,20201019,170000,15.5621,15.5621,14.9,15.1672,49725,0
BEEM.US,60,20201019,180000,15.355,15.355,14.95,15.124,16856,0
BEEM.US,60,20201019,190000,15.22,15.35,15.2011,15.21,6041,0
BEEM.US,60,20201019,200000,15.21,15.29,15.11,15.26,6479,0
BEEM.US,60,20201019,210000,15.28,15.28,14.9,15.06,13893,0
BEEM.US,60,20201019,220000,15.0569,15.09,14.95,14.95,14745,0
BEEM.US,60,20201020,160000,15.28,15.28,14.7904,14.97,14009,0
BEEM.US,60,20201020,170000,14.9,15.115,14.7,15.02,16001,0
BEEM.US,60,20201020,180000,14.9699,14.9699,14.53,14.95,12352,0
BEEM.US,60,20201020,190000,14.95,14.95,14.64,14.76,15946,0
BEEM.US,60,20201020,200000,14.6468,14.94,14.6468,14.939,9085,0
BEEM.US,60,20201020,210000,14.95,14.95,14.6,14.6515,19756,0
BEEM.US,60,20201020,220000,14.71,14.82,14.53,14.6,13800,0
BEEM.US,60,20201021,160000,16.08,16.24,15.275,16.1182,90635,0
BEEM.US,60,20201021,170000,16.0752,16.48,15.84,16,90652,0
BEEM.US,60,20201021,180000,16,16,15.61,15.77,26210,0
BEEM.US,60,20201021,190000,15.72,15.95,15.5,15.5001,24496,0
BEEM.US,60,20201021,200000,15.575,16.2199,15.5,16.068,30610,0
BEEM.US,60,20201021,210000,16.19,16.36,15.92,16.1995,54625,0
BEEM.US,60,20201021,220000,16.24,16.84,16.185,16.7965,106836,0
BEEM.US,60,20201022,160000,16.88,17.05,16.05,16.1601,55537,0
BEEM.US,60,20201022,170000,16.22,16.22,15.05,15.27,47681,0
BEEM.US,60,20201022,180000,15.28,15.76,15.255,15.69,24737,0
BEEM.US,60,20201022,190000,15.63,15.73,15.5,15.5,14273,0
BEEM.US,60,20201022,200000,15.58,15.72,15.3,15.49,24204,0
BEEM.US,60,20201022,210000,15.56,15.6708,15.5,15.67,10892,0
BEEM.US,60,20201022,220000,15.655,15.83,15.65,15.78,20726,0
BEEM.US,60,20201023,160000,15.97,16.44,15.8201,16.21,15487,0
BEEM.US,60,20201023,170000,16.23,16.28,16.1,16.25,15478,0
BEEM.US,60,20201023,180000,16.235,16.42,16.0401,16.135,21094,0
BEEM.US,60,20201023,190000,16.1409,16.31,16.1409,16.22,14999,0
BEEM.US,60,20201023,200000,16.2001,16.28,16.2,16.245,9961,0
BEEM.US,60,20201023,210000,16.2495,16.33,16.22,16.23,13294,0
BEEM.US,60,20201023,220000,16.2999,16.3,16.07,16.11,50486,0
BEEM.US,60,20201026,150000,16,16.0399,15.8,15.91,13197,0
BEEM.US,60,20201026,160000,15.935,16.1491,15.935,15.98,17338,0
BEEM.US,60,20201026,170000,15.94,15.97,15.34,15.5784,29505,0
BEEM.US,60,20201026,180000,15.5834,15.95,15.546,15.6432,32809,0
BEEM.US,60,20201026,190000,15.7,15.745,15.43,15.63,14648,0
BEEM.US,60,20201026,200000,15.6,15.63,15.5,15.5,10173,0
BEEM.US,60,20201026,210000,15.5482,15.95,15.5,15.95,22636,0
BEEM.US,60,20201027,150000,16,16.11,15.7053,15.8,9610,0
BEEM.US,60,20201027,160000,15.8407,15.8435,15.5101,15.745,4802,0
BEEM.US,60,20201027,170000,15.7659,15.87,15.7,15.8168,12201,0
BEEM.US,60,20201027,180000,15.75,15.8606,15.66,15.66,7505,0
BEEM.US,60,20201027,190000,15.71,15.81,15.56,15.7152,6772,0
BEEM.US,60,20201027,200000,15.7,15.7247,15.56,15.59,6419,0
BEEM.US,60,20201027,210000,15.6999,15.6999,15.43,15.43,19298,0
BEEM.US,60,20201028,150000,15.25,15.27,14.16,14.285,97211,0
BEEM.US,60,20201028,160000,14.305,14.87,14.2,14.705,63049,0
BEEM.US,60,20201028,170000,14.79,15.075,14.6801,14.83,25043,0
BEEM.US,60,20201028,180000,14.79,14.86,14.45,14.6,26622,0
BEEM.US,60,20201028,190000,14.545,14.6699,14.42,14.64,19698,0
BEEM.US,60,20201028,200000,14.66,15.01,14.65,15.01,48648,0
BEEM.US,60,20201028,210000,15.08,15.31,14.76,14.76,53084,0
BEEM.US,60,20201029,150000,15.03,15.43,14.8805,15.4,9582,0
BEEM.US,60,20201029,160000,15.4,15.74,15.27,15.62,9003,0
BEEM.US,60,20201029,170000,15.672,15.92,15.51,15.59,16032,0
BEEM.US,60,20201029,180000,15.46,15.7,15.2054,15.565,3493,0
BEEM.US,60,20201029,190000,15.51,16.23,15.51,16.18,64293,0
BEEM.US,60,20201029,200000,16.13,16.46,16.072,16.3579,69145,0
BEEM.US,60,20201029,210000,16.3073,16.44,16.16,16.3,49080,0
BEEM.US,60,20201030,150000,16.22,16.37,15.905,16.0831,19643,0
BEEM.US,60,20201030,160000,16.085,16.1471,15.52,15.5321,24158,0
BEEM.US,60,20201030,170000,15.535,15.99,15.5,15.98,13683,0
BEEM.US,60,20201030,180000,16,16.1,15.905,15.905,17857,0
BEEM.US,60,20201030,190000,15.975,16,15.7,15.95,30119,0
BEEM.US,60,20201030,200000,15.91,16.03,15.8838,15.98,24014,0
BEEM.US,60,20201030,210000,15.915,16.05,15.9016,16.05,25698,0
BEEM.US,60,20201102,160000,16.09,16.4,15.83,16.36,31981,0
BEEM.US,60,20201102,170000,16.4,16.43,15.88,15.88,42068,0
BEEM.US,60,20201102,180000,15.93,16.01,15.61,15.905,21716,0
BEEM.US,60,20201102,190000,15.955,15.98,15.62,15.705,8575,0
BEEM.US,60,20201102,200000,15.63,15.6917,15.35,15.355,16275,0
BEEM.US,60,20201102,210000,15.31,15.96,15.295,15.815,15863,0
BEEM.US,60,20201102,220000,15.87,15.98,15.77,15.98,10208,0
BEEM.US,60,20201103,160000,16.29,16.3859,15.95,16.02,35101,0
BEEM.US,60,20201103,170000,16.02,17.3,16.02,16.89,213695,0
BEEM.US,60,20201103,180000,16.86,17.05,16.82,16.8284,37407,0
BEEM.US,60,20201103,190000,16.81,16.87,16.25,16.5367,58393,0
BEEM.US,60,20201103,200000,16.61,17.09,16.58,16.97,68863,0
BEEM.US,60,20201103,210000,17.03,17.19,16.8,16.865,55797,0
BEEM.US,60,20201103,220000,16.9261,16.98,16.1,16.68,96584,0
BEEM.US,60,20201104,160000,17.3,17.3436,16.3,16.35,50384,0
BEEM.US,60,20201104,170000,16.5899,17.02,16.525,16.925,54060,0
BEEM.US,60,20201104,180000,16.92,17.1,16.75,16.92,19846,0
BEEM.US,60,20201104,190000,17.08,17.75,17,17.7325,56606,0
BEEM.US,60,20201104,200000,17.7884,17.7884,17.11,17.365,48244,0
BEEM.US,60,20201104,210000,17.37,17.41,17.18,17.23,13843,0
BEEM.US,60,20201104,220000,17.2853,17.43,17.08,17.4,26682,0
BEEM.US,60,20201105,160000,18.3,19.5086,17.68,19.05,128103,0
BEEM.US,60,20201105,170000,19.05,19.3,18.72,19.3,56597,0
BEEM.US,60,20201105,180000,19.305,19.4,19.02,19.33,42742,0
BEEM.US,60,20201105,190000,19.39,19.41,18.78,19.2187,36895,0
BEEM.US,60,20201105,200000,19.22,19.22,18.65,18.8354,23516,0
BEEM.US,60,20201105,210000,18.79,19.71,18.6901,19.71,71321,0
BEEM.US,60,20201105,220000,19.69,19.82,19.395,19.49,63773,0
BEEM.US,60,20201106,160000,19.21,19.4399,16.94,17.18,143684,0
BEEM.US,60,20201106,170000,17.3,17.75,17.16,17.25,89019,0
BEEM.US,60,20201106,180000,17.25,17.4799,17.17,17.375,38081,0
BEEM.US,60,20201106,190000,17.3938,18.195,17.375,18.19,48006,0
BEEM.US,60,20201106,200000,18.09,18.71,18.09,18.22,43256,0
BEEM.US,60,20201106,210000,18.2659,18.95,18.1288,18.7376,47847,0
BEEM.US,60,20201106,220000,18.8,18.9,18.475,18.58,37111,0
BEEM.US,60,20201109,160000,19.95,19.9629,19.02,19.125,33867,0
BEEM.US,60,20201109,170000,19.0834,19.5,19.07,19.135,23834,0
BEEM.US,60,20201109,180000,19.2,19.24,18.54,18.6005,39509,0
BEEM.US,60,20201109,190000,18.64,18.67,18.02,18.4009,56031,0
BEEM.US,60,20201109,200000,18.51,18.61,18.1,18.4,17805,0
BEEM.US,60,20201109,210000,18.35,18.41,18.08,18.1001,33330,0
BEEM.US,60,20201109,220000,18.19,18.405,18.03,18.17,24550,0
BEEM.US,60,20201110,160000,18.17,18.19,17.6917,18.01,11904,0
BEEM.US,60,20201110,170000,18.0928,18.0928,17.07,17.6,27327,0
BEEM.US,60,20201110,180000,17.59,18.25,17.59,18.17,26016,0
BEEM.US,60,20201110,190000,18.21,18.4,18.17,18.4,16064,0
BEEM.US,60,20201110,200000,18.3699,18.4,17.8301,18.09,16451,0
BEEM.US,60,20201110,210000,18,18.34,18,18.33,17051,0
BEEM.US,60,20201110,220000,18.25,18.4,18.18,18.36,23866,0
BEEM.US,60,20201111,160000,18.0796,18.36,18.005,18.3051,9058,0
BEEM.US,60,20201111,170000,18.3296,18.38,18.019,18.18,20670,0
BEEM.US,60,20201111,180000,18.1333,18.9399,18.0965,18.8399,37699,0
BEEM.US,60,20201111,190000,18.84,18.99,18.78,18.85,11747,0
BEEM.US,60,20201111,200000,18.7975,18.89,18.74,18.88,16000,0
BEEM.US,60,20201111,210000,18.86,19.15,18.75,18.88,33270,0
BEEM.US,60,20201111,220000,18.83,18.88,18.52,18.76,22934,0
BEEM.US,60,20201112,160000,18.35,18.75,18.23,18.646,15284,0
BEEM.US,60,20201112,170000,18.6899,18.88,18.37,18.88,36594,0
BEEM.US,60,20201112,180000,18.91,19.1531,18.66,19.0101,34821,0
BEEM.US,60,20201112,190000,19.04,19.04,18.66,18.705,13174,0
BEEM.US,60,20201112,200000,18.7,18.87,18.6,18.7701,18385,0
BEEM.US,60,20201112,210000,18.84,18.95,18.66,18.82,23759,0
BEEM.US,60,20201112,220000,18.84,18.86,18.48,18.6,42513,0
BEEM.US,60,20201113,160000,18.4,19.18,18.111,18.4168,57310,0
BEEM.US,60,20201113,170000,18.42,18.42,18.13,18.25,45677,0
BEEM.US,60,20201113,180000,18.1501,19,18.13,18.64,62136,0
BEEM.US,60,20201113,190000,18.715,19,18.5801,18.9934,37604,0
BEEM.US,60,20201113,200000,19,19.3,18.85,19.2263,40374,0
BEEM.US,60,20201113,210000,19.2,19.3,18.99,19.027,26727,0
BEEM.US,60,20201113,220000,18.95,19.07,18.67,18.87,44128,0
BEEM.US,60,20201116,160000,19.3294,21,19.18,20.7,113755,0
BEEM.US,60,20201116,170000,20.74,22.7099,20.68,21.6879,199228,0
BEEM.US,60,20201116,180000,21.6917,21.82,21.01,21.3792,117922,0
BEEM.US,60,20201116,190000,21.46,21.6599,21.26,21.4217,33875,0
BEEM.US,60,20201116,200000,21.4,21.75,21.3,21.75,31990,0
BEEM.US,60,20201116,210000,21.72,22.33,21.72,22.0715,61489,0
BEEM.US,60,20201116,220000,22.12,22.18,21.8,22.02,54213,0
BEEM.US,60,20201117,160000,22.7,22.92,21.445,21.76,46013,0
BEEM.US,60,20201117,170000,21.78,21.9,20.775,21.84,112554,0
BEEM.US,60,20201117,180000,21.93,22.52,21.6213,22.33,30833,0
BEEM.US,60,20201117,190000,22.25,22.33,21.32,21.5006,51456,0
BEEM.US,60,20201117,200000,21.57,21.6656,21.33,21.395,26526,0
BEEM.US,60,20201117,210000,21.32,21.505,21.25,21.37,33980,0
BEEM.US,60,20201117,220000,21.375,21.3843,20.95,21.38,51472,0
BEEM.US,60,20201118,160000,21.7,21.7,20.32,20.8,48070,0
BEEM.US,60,20201118,170000,20.8,21.1499,20.65,20.935,55866,0
BEEM.US,60,20201118,180000,20.945,21.1,20.9,20.9243,36371,0
BEEM.US,60,20201118,190000,20.91,21.35,20.81,20.81,36831,0
BEEM.US,60,20201118,200000,20.845,20.99,20.61,20.8,22074,0
BEEM.US,60,20201118,210000,20.795,20.8,20.35,20.5487,57978,0
BEEM.US,60,20201118,220000,20.57,20.59,19.7,19.88,140730,0
BEEM.US,60,20201119,160000,20.61,20.99,20.15,20.9276,45280,0
BEEM.US,60,20201119,170000,20.915,21,20.33,20.565,167976,0
BEEM.US,60,20201119,180000,20.5,20.6366,20.2,20.455,53316,0
BEEM.US,60,20201119,190000,20.5,21.202,20.3623,21.202,108879,0
BEEM.US,60,20201119,200000,21.25,21.7158,20.5,20.8,136306,0
BEEM.US,60,20201119,210000,20.795,21.17,20.67,21.0022,50429,0
BEEM.US,60,20201119,220000,21.04,21.66,20.9,21.66,113061,0
BEEM.US,60,20201120,160000,22.34,22.616,21.8,21.8,100722,0
BEEM.US,60,20201120,170000,21.845,24.5,21.8356,23.765,244433,0
BEEM.US,60,20201120,180000,23.83,25.49,23.5,23.73,225882,0
BEEM.US,60,20201120,190000,23.6058,27.48,23.6058,26.0833,285886,0
BEEM.US,60,20201120,200000,26,26.49,24.87,25.815,182180,0
BEEM.US,60,20201120,210000,25.71,26,24.42,25.63,167965,0
BEEM.US,60,20201120,220000,25.7281,25.7281,24.85,25.3,147659,0
BEEM.US,60,20201123,160000,30.01,32.49,29.5,31.9,667002,0
BEEM.US,60,20201123,170000,31.8107,37.5,31.6,36.48,1196843,0
BEEM.US,60,20201123,180000,36.34,36.7,33.64,34.8,725955,0
BEEM.US,60,20201123,190000,34.765,35.58,33.0353,33.15,275005,0
BEEM.US,60,20201123,200000,33.1854,35,33.125,34.12,231566,0
BEEM.US,60,20201123,210000,34.145,35.2699,33.7,35.19,238393,0
BEEM.US,60,20201123,220000,35.1544,35.85,34.93,35.19,348943,0
BEEM.US,60,20201124,160000,35.6,35.84,30.56,32,558590,0
BEEM.US,60,20201124,170000,32.055,35.1282,31.9,35.0001,322267,0
BEEM.US,60,20201124,180000,35,35.48,32.21,32.55,233090,0
BEEM.US,60,20201124,190000,32.57,33.3399,31.57,31.57,128300,0
BEEM.US,60,20201124,200000,31.57,32.31,31,31,170059,0
BEEM.US,60,20201124,210000,31.01,31.49,30.17,30.8577,220361,0
BEEM.US,60,20201124,220000,30.8,32.2499,30.56,32.04,250940,0
BEEM.US,60,20201125,160000,30.3,31.49,30.11,30.97,110182,0
BEEM.US,60,20201125,170000,30.9601,31.17,30.5,30.9,110162,0
BEEM.US,60,20201125,180000,30.8,32.39,30.8,31.5559,120930,0
BEEM.US,60,20201125,190000,31.51,31.91,31,31,61260,0
BEEM.US,60,20201125,200000,31.14,31.23,30.75,31.005,50196,0
BEEM.US,60,20201125,210000,31.078,31.2716,30.9,31.05,55672,0
BEEM.US,60,20201125,220000,31.05,31.25,30.8,31.04,77451,0
BEEM.US,60,20201127,160000,33,35.3055,32.5053,34.15,233832,0
BEEM.US,60,20201127,170000,34.2784,35.75,33.5,33.75,242551,0
BEEM.US,60,20201127,180000,33.775,34.9,33.66,34.42,147315,0
BEEM.US,60,20201127,190000,34.445,35.84,34.3,35.12,218421,0
BEEM.US,60,20201127,200000,35.35,35.35,35.35,35.35,7754,0
BEEM.US,60,20201130,160000,34.44,35,32.63,33.2113,169732,0
BEEM.US,60,20201130,170000,33.04,33.94,31.6,32.7,208916,0
BEEM.US,60,20201130,180000,32.59,34.5,32.59,34.185,120417,0
BEEM.US,60,20201130,190000,34.18,34.7899,33.8027,34.63,55654,0
BEEM.US,60,20201130,200000,34.67,34.67,33.81,33.81,56780,0
BEEM.US,60,20201130,210000,33.8525,34.46,33.7001,33.95,47166,0
BEEM.US,60,20201130,220000,33.99,34.25,33.7243,34.25,73891,0
BEEM.US,60,20201201,160000,35,35,33.11,33.258,51635,0
BEEM.US,60,20201201,170000,33.5656,33.57,32,32.03,161481,0
BEEM.US,60,20201201,180000,32.11,32.27,31.31,31.5247,108282,0
BEEM.US,60,20201201,190000,31.5796,31.75,31.12,31.67,93814,0
BEEM.US,60,20201201,200000,31.5951,31.68,31.24,31.5,32106,0
BEEM.US,60,20201201,210000,31.5136,31.84,31.24,31.24,42065,0
BEEM.US,60,20201201,220000,31.265,31.265,29.56,30.22,188839,0
BEEM.US,60,20201202,160000,27.61,28.4418,26.69,28.1316,167862,0
BEEM.US,60,20201202,170000,28.15,29.815,28.145,29.47,102014,0
BEEM.US,60,20201202,180000,29.22,29.6795,28.7401,29.15,73521,0
BEEM.US,60,20201202,190000,29.26,29.74,28.87,29.41,53009,0
BEEM.US,60,20201202,200000,29.44,29.6,29.05,29.1644,59988,0
BEEM.US,60,20201202,210000,29.1538,29.35,29.07,29.1,22448,0
BEEM.US,60,20201202,220000,29.09,29.56,28.555,29.56,51522,0
BEEM.US,60,20201203,160000,31.51,32.0299,31.135,31.375,80942,0
BEEM.US,60,20201203,170000,31.2001,31.51,30.5501,30.6914,46119,0
BEEM.US,60,20201203,180000,30.675,30.9999,30.45,30.99,57191,0
BEEM.US,60,20201203,190000,30.975,32.2,30.975,32,93390,0
BEEM.US,60,20201203,200000,32.12,32.12,31.51,31.6,24441,0
BEEM.US,60,20201203,210000,31.51,31.7,30.32,30.32,44602,0
BEEM.US,60,20201203,220000,30.26,30.45,27.93,28.24,251381,0
BEEM.US,60,20201204,160000,28.7,29.9,28.7,29.4143,81365,0
BEEM.US,60,20201204,170000,29.475,29.6467,28.51,28.9,92689,0
BEEM.US,60,20201204,180000,28.78,28.99,28.05,28.65,69294,0
BEEM.US,60,20201204,190000,28.6,28.77,28.03,28.21,75293,0
BEEM.US,60,20201204,200000,28.1887,29.03,28,28.68,64401,0
BEEM.US,60,20201204,210000,28.615,29,28.23,28.878,59233,0
BEEM.US,60,20201204,220000,28.8482,29.09,28.66,29.02,52006,0
BEEM.US,60,20201207,160000,29.5,31,29.22,30.875,122994,0
BEEM.US,60,20201207,170000,30.89,32.37,30.66,31.715,134362,0
BEEM.US,60,20201207,180000,31.6469,33.28,31.295,32.09,102224,0
BEEM.US,60,20201207,190000,32.18,32.45,31.55,32.055,59598,0
BEEM.US,60,20201207,200000,31.98,32.26,31.58,31.92,23215,0
BEEM.US,60,20201207,210000,31.8709,32.4165,31.6617,32.4165,32177,0
BEEM.US,60,20201207,220000,32.2842,32.76,31.99,32.76,81111,0
BEEM.US,60,20201208,160000,34.15,35.49,33.84,34.6,124802,0
BEEM.US,60,20201208,170000,34.7,34.83,32.68,34.155,157851,0
BEEM.US,60,20201208,180000,34.14,34.75,33.69,34.3806,60298,0
BEEM.US,60,20201208,190000,34.32,34.43,33.8341,33.8341,31229,0
BEEM.US,60,20201208,200000,33.89,34.99,33.83,34.8,29418,0
BEEM.US,60,20201208,210000,34.875,36.67,34.85,35.7837,168863,0
BEEM.US,60,20201208,220000,35.9098,37.4899,35.7801,37.39,191607,0
BEEM.US,60,20201209,160000,36.15,36.97,34.6006,36.18,130871,0
BEEM.US,60,20201209,170000,36.3,36.66,34.95,36.14,75457,0
BEEM.US,60,20201209,180000,36.18,36.5899,35.6042,35.68,35842,0
BEEM.US,60,20201209,190000,35.6641,35.81,33.2,34.14,122238,0
BEEM.US,60,20201209,200000,34.1007,34.31,33.16,33.2,103015,0
BEEM.US,60,20201209,210000,33.2,35.12,33.1127,35.12,63571,0
BEEM.US,60,20201209,220000,35.0455,35.3938,34.11,34.4,99578,0
BEEM.US,60,20201210,160000,33.02,34.92,32.68,34.17,60106,0
BEEM.US,60,20201210,170000,34.2756,34.99,34.22,34.62,33713,0
BEEM.US,60,20201210,180000,34.8471,34.86,33.75,33.81,26320,0
BEEM.US,60,20201210,190000,33.9,34.15,33.6,33.6,32571,0
BEEM.US,60,20201210,200000,33.565,33.84,33.32,33.585,23578,0
BEEM.US,60,20201210,210000,33.67,33.8681,33.17,33.8218,17182,0
BEEM.US,60,20201210,220000,33.82,34.22,33.7604,34.22,37430,0
BEEM.US,60,20201211,160000,33.22,36.25,33,35.7528,82255,0
BEEM.US,60,20201211,170000,35.63,36.1297,34.27,34.5,107313,0
BEEM.US,60,20201211,180000,34.6612,34.82,33.25,33.363,43222,0
BEEM.US,60,20201211,190000,33.452,34.55,32.75,34.5,80384,0
BEEM.US,60,20201211,200000,34.39,35,34.3602,34.5001,34813,0
BEEM.US,60,20201211,210000,34.5714,35.43,34.5714,35.38,27724,0
BEEM.US,60,20201211,220000,35.205,35.38,34.08,34.48,65410,0
BEEM.US,60,20201214,160000,35.8139,36.58,34.01,34.28,91522,0
BEEM.US,60,20201214,170000,34.6,34.8573,33.5,34.4123,54438,0
BEEM.US,60,20201214,180000,34.25,34.52,33.88,34.19,25289,0
BEEM.US,60,20201214,190000,34.19,34.25,33.67,33.8418,18763,0
BEEM.US,60,20201214,200000,33.84,34.1199,33.68,33.9061,15747,0
BEEM.US,60,20201214,210000,33.965,33.965,33.34,33.7144,34961,0
BEEM.US,60,20201214,220000,33.79,33.985,33.5,33.8,52856,0
BEEM.US,60,20201215,160000,33.75,34.4,33.4,33.605,30355,0
BEEM.US,60,20201215,170000,33.6,34.38,33.45,34.17,37384,0
BEEM.US,60,20201215,180000,34.13,34.63,33.94,34.5768,33826,0
BEEM.US,60,20201215,190000,34.6,35.93,34.46,35.65,60714,0
BEEM.US,60,20201215,200000,35.65,35.89,34.82,35.61,42577,0
BEEM.US,60,20201215,210000,35.7,35.9,35.15,35.85,45844,0
BEEM.US,60,20201215,220000,35.79,38.8699,35.79,38.3,365864,0
BEEM.US,60,20201216,160000,37.52,37.6352,35.51,36.07,119334,0
BEEM.US,60,20201216,170000,36.05,36.59,35.19,35.7,102253,0
BEEM.US,60,20201216,180000,35.775,37.5,35.632,37.35,66998,0
BEEM.US,60,20201216,190000,37.435,38.2,37,37.82,52673,0
BEEM.US,60,20201216,200000,37.622,37.82,36.75,36.8828,43855,0
BEEM.US,60,20201216,210000,37.0222,38.25,36.761,37.9932,37921,0
BEEM.US,60,20201216,220000,38.25,39.76,38.07,39.15,138073,0
BEEM.US,60,20201217,160000,39,39.5,38.336,39.05,47664,0
BEEM.US,60,20201217,170000,39.17,39.19,37.42,37.92,58845,0
BEEM.US,60,20201217,180000,38.03,38.9,37.76,38.355,48843,0
BEEM.US,60,20201217,190000,38.24,39.6017,38.24,39.4436,48880,0
BEEM.US,60,20201217,200000,39.455,39.95,38.9,39.49,47423,0
BEEM.US,60,20201217,210000,39.56,40.6895,39.04,39.83,80523,0
BEEM.US,60,20201217,220000,39.6865,39.85,38.5601,39.12,52241,0
BEEM.US,60,20201218,160000,39.24,39.48,38.79,39.19,24343,0
BEEM.US,60,20201218,170000,39.2,41.4,39.2,41.4,83776,0
BEEM.US,60,20201218,180000,41.39,41.65,39.548,39.98,55919,0
BEEM.US,60,20201218,190000,40.08,41.75,40.08,41.16,72157,0
BEEM.US,60,20201218,200000,41.0001,41.75,40.8,40.9,58857,0
BEEM.US,60,20201218,210000,40.82,41.1,40.25,40.87,82160,0
BEEM.US,60,20201218,220000,40.81,44.35,40.31,44.34,313596,0
BEEM.US,60,20201221,160000,44.7338,45.4673,42.3,44.49,82831,0
BEEM.US,60,20201221,170000,44.32,45.46,43,45.45,114362,0
BEEM.US,60,20201221,180000,45.3922,48.09,45.1,48.08,139879,0
BEEM.US,60,20201221,190000,48.08,48.9,47.5,48.756,161898,0
BEEM.US,60,20201221,200000,48.89,51.865,48.1,48.752,248927,0
BEEM.US,60,20201221,210000,48.8875,49.805,48.25,49.07,125977,0
BEEM.US,60,20201221,220000,49.17,50.95,48.77,50.4,183677,0
BEEM.US,60,20201222,160000,50.12,50.8,48.52,49.8,92185,0
BEEM.US,60,20201222,170000,49.9,52.03,49.558,51.24,144901,0
BEEM.US,60,20201222,180000,51.24,51.38,46.11,48.63,213842,0
BEEM.US,60,20201222,190000,48.6,49.71,47.5,49.71,86110,0
BEEM.US,60,20201222,200000,49.795,49.91,48.73,49.52,59472,0
BEEM.US,60,20201222,210000,49.45,50.25,49.24,50.03,71086,0
BEEM.US,60,20201222,220000,50.2,51.19,50,50.13,128870,0
BEEM.US,60,20201223,160000,50.355,51.5,48.3,49.3654,61785,0
BEEM.US,60,20201223,170000,49.475,51.3,49.06,49.51,62631,0
BEEM.US,60,20201223,180000,49.34,49.92,48.66,49.0901,47985,0
BEEM.US,60,20201223,190000,49.3581,49.64,48.57,48.8373,33225,0
BEEM.US,60,20201223,200000,48.7918,49.5,48.47,49.15,18790,0
BEEM.US,60,20201223,210000,49.2,51.59,49.18,51.12,81034,0
BEEM.US,60,20201223,220000,51.1,52.75,50.79,52.69,90375,0
BEEM.US,60,20201224,160000,53,53.72,51.8,52.9224,39461,0
BEEM.US,60,20201224,170000,52.71,54.86,52.71,54.205,76604,0
BEEM.US,60,20201224,180000,54.2967,54.82,52.87,53.81,44762,0
BEEM.US,60,20201224,190000,53.83,55.835,53.8,55.23,82870,0
BEEM.US,60,20201224,200000,55.31,55.31,55.31,55.31,1406,0
BEEM.US,60,20201228,160000,58.73,69.68,58,65.3,400381,0
BEEM.US,60,20201228,170000,65.3,66.5,62.2657,63.5342,172649,0
BEEM.US,60,20201228,180000,63.745,68,63.52,67.222,150123,0
BEEM.US,60,20201228,190000,67.115,67.5,63.785,64.3805,95334,0
BEEM.US,60,20201228,200000,63.96,66.19,62.81,64.79,75095,0
BEEM.US,60,20201228,210000,64.98,66.88,64.56,66.54,93336,0
BEEM.US,60,20201228,220000,66.32,67.29,65.45,65.99,175749,0
BEEM.US,60,20201229,160000,67.09,67.13,57.98,61.73,300588,0
BEEM.US,60,20201229,170000,61.6225,66.5085,59,66.5085,217887,0
BEEM.US,60,20201229,180000,66.27,66.5,65,65.7484,76152,0
BEEM.US,60,20201229,190000,65.67,66.075,63.54,63.72,73142,0
BEEM.US,60,20201229,200000,63.71,64.8902,63.04,63.835,52509,0
BEEM.US,60,20201229,210000,63.5689,65.75,63.5689,65.715,51285,0
BEEM.US,60,20201229,220000,65.8,68.14,64.9,68.14,116188,0
BEEM.US,60,20201230,160000,69,72.72,68.81,71.67,145061,0
BEEM.US,60,20201230,170000,71.51,71.8,70,71.305,82675,0
BEEM.US,60,20201230,180000,71.3322,71.47,70.52,71.3924,61832,0
BEEM.US,60,20201230,190000,71.4,74.6,71.2301,74.3703,124168,0
BEEM.US,60,20201230,200000,74.42,75.44,71.8601,73.75,126410,0
BEEM.US,60,20201230,210000,73.6855,74.46,70.41,70.8,88834,0
BEEM.US,60,20201230,220000,70.82,71.4028,67.25,67.95,968466,0
BEEM.US,60,20201231,160000,68.01,69.84,65.06,69.2,124439,0
BEEM.US,60,20201231,170000,69.075,75.9,68.66,73.957,193137,0
BEEM.US,60,20201231,180000,74.18,75,69.75,70.18,115197,0
BEEM.US,60,20201231,190000,70.0785,73.73,69.53,71.26,103864,0
BEEM.US,60,20201231,200000,71.01,73.41,70.5,72.71,127894,0
BEEM.US,60,20201231,210000,72.7393,74.93,72.31,73.225,107206,0
BEEM.US,60,20201231,220000,73.36,75.24,72.6,73.78,226749,0
BEEM.US,60,20210104,160000,71.35,72,60.06,62.7377,336691,0
BEEM.US,60,20210104,170000,62.72,62.74,54.22,54.35,379115,0
BEEM.US,60,20210104,180000,54.46,55.5,52.3,53.2885,256368,0
BEEM.US,60,20210104,190000,53.45,53.5599,50.01,51.03,309427,0
BEEM.US,60,20210104,200000,51.02,51.16,49.08,51.16,215238,0
BEEM.US,60,20210104,210000,51.06,56.74,51.06,56.7398,310634,0
BEEM.US,60,20210104,220000,56.74,57.98,54.24,55.81,288134,0
BEEM.US,60,20210105,160000,52.13,58.077,50.545,54.58,162334,0
BEEM.US,60,20210105,170000,54.58,57,53.88,54.8901,78454,0
BEEM.US,60,20210105,180000,54.98,55.2591,53.365,54.3865,55419,0
BEEM.US,60,20210105,190000,54.1899,54.5,53.0701,53.92,62598,0
BEEM.US,60,20210105,200000,53.99,54.055,53.3035,53.546,56678,0
BEEM.US,60,20210105,210000,53.62,56,53.5,55.31,91735,0
BEEM.US,60,20210105,220000,55.33,56.12,55.1,55.9,111852,0
BEEM.US,60,20210106,160000,56.91,65,56.28,61.5002,200033,0
BEEM.US,60,20210106,170000,61.46,64.39,60.1601,63.2876,175435,0
BEEM.US,60,20210106,180000,63.485,63.8014,62.5,63.34,132099,0
BEEM.US,60,20210106,190000,63.33,64.76,63.01,63.4706,95612,0
BEEM.US,60,20210106,200000,63.81,64.6865,63.05,63.7715,61762,0
BEEM.US,60,20210106,210000,63.675,63.94,57.19,60.7551,164574,0
BEEM.US,60,20210106,220000,61.19,61.19,58.52,60.17,104632,0
BEEM.US,60,20210107,160000,66.3,68.4442,65.02,67.9381,120996,0
BEEM.US,60,20210107,170000,67.735,67.8715,64.0001,65.33,114348,0
BEEM.US,60,20210107,180000,65.3401,67.6574,65.02,65.7701,75857,0
BEEM.US,60,20210107,190000,66.43,66.95,65.8,66.3809,33383,0
BEEM.US,60,20210107,200000,65.9,66.7624,64.5,65.12,46729,0
BEEM.US,60,20210107,210000,65.69,65.7502,64.195,64.47,43210,0
BEEM.US,60,20210107,220000,64.58,67.56,64.095,67.01,120352,0
BEEM.US,60,20210108,160000,71.38,72.3703,66.64,69.22,90410,0
BEEM.US,60,20210108,170000,69.22,70.98,67.5141,69.7682,140969,0
BEEM.US,60,20210108,180000,69.66,71.1,69.04,69.7657,57566,0
BEEM.US,60,20210108,190000,70.0147,71.8414,69.75,70.8244,77671,0
BEEM.US,60,20210108,200000,70.8055,70.98,67.75,68.7719,67296,0
BEEM.US,60,20210108,210000,68.915,70.31,68.55,68.89,36470,0
BEEM.US,60,20210108,220000,69.6394,70.87,69.38,70.1,74248,0
BEEM.US,60,20210111,160000,67.62,71.94,66.51,71.335,88781,0
BEEM.US,60,20210111,170000,71.17,72.9,70.7,71.51,86580,0
BEEM.US,60,20210111,180000,71.34,71.8078,69.25,70.95,45346,0
BEEM.US,60,20210111,190000,71.1561,72,69.57,71.58,40068,0
BEEM.US,60,20210111,200000,71.475,75.5,71.284,73.99,96633,0
BEEM.US,60,20210111,210000,73.92,74.15,72.71,74,39624,0
BEEM.US,60,20210111,220000,74.1,74.26,70.52,71.14,78069,0
BEEM.US,60,20210112,160000,71.5,74.1219,71.45,73.11,52864,0
BEEM.US,60,20210112,170000,72.68,72.9016,70.31,71.05,51121,0
BEEM.US,60,20210112,180000,71.0159,71.37,68.26,70.465,76838,0
BEEM.US,60,20210112,190000,70.6007,71.3265,69.1,70.605,36951,0
BEEM.US,60,20210112,200000,70.2643,72.34,70.2643,71.1,52764,0
BEEM.US,60,20210112,210000,71.49,71.8875,69.807,70.29,34166,0
BEEM.US,60,20210112,220000,70.66,71.0219,69.73,70.33,67540,0
BEEM.US,60,20210113,160000,70.34,70.95,68.51,68.89,60829,0
BEEM.US,60,20210113,170000,68.8,72,68.8,71.7716,54124,0
BEEM.US,60,20210113,180000,71.71,71.9,69.33,69.735,32827,0
BEEM.US,60,20210113,190000,69.923,70.85,69.5,70.775,15967,0
BEEM.US,60,20210113,200000,70.65,70.8125,69.6101,69.8957,13427,0
BEEM.US,60,20210113,210000,70.1999,70.55,69.455,70.54,19834,0
BEEM.US,60,20210113,220000,70.54,70.55,69.13,69.75,89883,0
BEEM.US,60,20210114,160000,72.989,72.989,70,70.74,41066,0
BEEM.US,60,20210114,170000,70.99,71.5,68.07,69.1829,65274,0
BEEM.US,60,20210114,180000,68.9,69.4,66.71,67.5972,132611,0
BEEM.US,60,20210114,190000,67.45,67.62,65.07,66.6197,96151,0
BEEM.US,60,20210114,200000,66.8,67,65.6001,66.295,54234,0
BEEM.US,60,20210114,210000,66.21,67.24,65.74,66.835,68387,0
BEEM.US,60,20210114,220000,66.9086,67.56,65.75,67.29,68430,0
BEEM.US,60,20210115,160000,65.25,65.99,63.05,63.75,95081,0
BEEM.US,60,20210115,170000,63.9,64.58,60.6,64.11,92128,0
BEEM.US,60,20210115,180000,64.27,64.53,61.3,62,111634,0
BEEM.US,60,20210115,190000,62.1367,62.35,61,61.56,78942,0
BEEM.US,60,20210115,200000,61.6,62.0869,61.0101,61.5999,90904,0
BEEM.US,60,20210115,210000,61.89,61.8948,61.08,61.3,43653,0
BEEM.US,60,20210115,220000,61.34,61.4475,60.0366,60.71,154802,0
BEEM.US,60,20210119,160000,62.97,64.889,62.45,63.4999,76771,0
BEEM.US,60,20210119,170000,63.245,63.245,61.16,62.225,52276,0
BEEM.US,60,20210119,180000,62.46,62.67,61.5201,61.85,24538,0
BEEM.US,60,20210119,190000,61.8501,62.27,61.17,61.71,30779,0
BEEM.US,60,20210119,200000,61.72,61.99,60.6401,61.1,31510,0
BEEM.US,60,20210119,210000,60.771,61.1456,60.23,61.1456,31665,0
BEEM.US,60,20210119,220000,60.73,61.6,60.71,61.55,45171,0
BEEM.US,60,20210120,160000,62,64.675,61.4,63.5033,68929,0
BEEM.US,60,20210120,170000,63.51,64,62.05,62.37,197219,0
BEEM.US,60,20210120,180000,62.55,62.86,61.64,62.45,72544,0
BEEM.US,60,20210120,190000,62.48,62.48,61.05,62.2275,28655,0
BEEM.US,60,20210120,200000,62.41,62.67,61.87,62.09,19985,0
BEEM.US,60,20210120,210000,62.09,62.73,61.71,61.76,29015,0
BEEM.US,60,20210120,220000,61.7982,62.31,60.81,61.58,72237,0
BEEM.US,60,20210121,160000,61.73,62.99,60.8144,61.37,29955,0
BEEM.US,60,20210121,170000,61.723,63.86,61.2001,63.4,63362,0
BEEM.US,60,20210121,180000,63.53,64.61,63.12,63.9,32377,0
BEEM.US,60,20210121,190000,63.6382,64.49,62.5024,63.68,54742,0
BEEM.US,60,20210121,200000,63.68,64.39,63.44,63.75,32678,0
BEEM.US,60,20210121,210000,63.6919,64.205,63.41,63.875,45641,0
BEEM.US,60,20210121,220000,64.021,66.14,63.83,66,97218,0
BEEM.US,60,20210122,160000,64.26,65.46,63.1,64.295,37300,0
BEEM.US,60,20210122,170000,64.265,65.26,63.5701,63.7,72451,0
BEEM.US,60,20210122,180000,63.705,64.2399,62.8,63.95,39033,0
BEEM.US,60,20210122,190000,63.73,65.2107,63.54,64.81,38618,0
BEEM.US,60,20210122,200000,64.8,65.795,63.69,65.51,76191,0
BEEM.US,60,20210122,210000,65.205,65.86,64.28,65.58,41807,0
BEEM.US,60,20210122,220000,65.6,66.32,65.18,65.79,39008,0
BEEM.US,60,20210125,160000,63.78,65.04,61.95,63.74,52908,0
BEEM.US,60,20210125,170000,63.66,65.13,61.55,61.895,85912,0
BEEM.US,60,20210125,180000,61.7,62.0988,56.89,60.17,102756,0
BEEM.US,60,20210125,190000,60.3275,60.35,57.73,59.78,61856,0
BEEM.US,60,20210125,200000,59.7,60.2701,59,59.7875,44724,0
BEEM.US,60,20210125,210000,59.79,60.1311,58.794,59.71,49553,0
BEEM.US,60,20210125,220000,59.7,59.82,58.73,59.01,80844,0
BEEM.US,60,20210126,160000,61.7,62.19,60,60.85,59565,0
BEEM.US,60,20210126,170000,61.125,62.545,60.4601,60.5301,38691,0
BEEM.US,60,20210126,180000,60.7,61.5,60.335,60.7,39583,0
BEEM.US,60,20210126,190000,60.83,63.83,60.8025,63.2697,93825,0
BEEM.US,60,20210126,200000,63.255,64,63.24,63.3901,24383,0
BEEM.US,60,20210126,210000,63.39,64.8,62.8563,63.63,57891,0
BEEM.US,60,20210126,220000,63.6,63.97,62.38,63.4,49403,0
BEEM.US,60,20210127,160000,60,60.42,57.9985,59.288,36976,0
BEEM.US,60,20210127,170000,59.11,63.1,59.01,63,32170,0
BEEM.US,60,20210127,180000,62.9,63.2999,60.63,60.73,24962,0
BEEM.US,60,20210127,190000,61.47,62.4965,60.84,61.8234,27372,0
BEEM.US,60,20210127,200000,62.25,62.4974,60.55,60.6112,16714,0
BEEM.US,60,20210127,210000,61.04,61.175,57.4093,58.3979,66809,0
BEEM.US,60,20210127,220000,57.75,58.5614,56.6192,58.23,93919,0
BEEM.US,60,20210128,160000,58.5585,59.5,58,59.01,22717,0
BEEM.US,60,20210128,170000,59.18,60,58.572,58.572,21989,0
BEEM.US,60,20210128,180000,58.87,59.053,56.28,57.9,57501,0
BEEM.US,60,20210128,190000,57.73,59.6331,57.51,58.78,27589,0
BEEM.US,60,20210128,200000,59.17,59.42,57.68,58.78,20368,0
BEEM.US,60,20210128,210000,58.78,60.84,58.78,60.23,20985,0
BEEM.US,60,20210128,220000,60.21,60.795,59.3901,59.51,74074,0
BEEM.US,60,20210129,160000,59.57,60.99,59.4208,59.68,36334,0
BEEM.US,60,20210129,170000,59.7472,61.7,59.13,61.7,24027,0
BEEM.US,60,20210129,180000,61.51,61.83,59.18,60.31,38014,0
BEEM.US,60,20210129,190000,60.68,61.375,56.03,57.485,76611,0
BEEM.US,60,20210129,200000,57.0303,58.7579,56.9537,58.0399,17071,0
BEEM.US,60,20210129,210000,58.04,58.4365,56.5882,56.6144,17844,0
BEEM.US,60,20210129,220000,56.67,57.7359,56.535,56.78,33369,0
BEEM.US,60,20210201,160000,58,59.94,57.35,57.755,39588,0
BEEM.US,60,20210201,170000,57.95,60.45,57.75,58.095,53797,0
BEEM.US,60,20210201,180000,58.4199,59.9,57.8191,59.884,27148,0
BEEM.US,60,20210201,190000,59.81,60.79,59.32,60.15,45476,0
BEEM.US,60,20210201,200000,60.4899,61.09,59.7,59.885,43612,0
BEEM.US,60,20210201,210000,59.78,61.2499,59.5501,60.775,33831,0
BEEM.US,60,20210201,220000,60.75,61.2,60.435,60.88,57517,0
BEEM.US,60,20210202,160000,62.04,62.375,59.51,60.2006,52122,0
BEEM.US,60,20210202,170000,60.0399,61.3103,58.67,59.6501,36340,0
BEEM.US,60,20210202,180000,59.59,60.8422,58.89,60.5115,22262,0
BEEM.US,60,20210202,190000,60.675,61.92,60.06,61.35,35245,0
BEEM.US,60,20210202,200000,61.41,61.5,60.52,60.53,14259,0
BEEM.US,60,20210202,210000,60.5777,61.07,60.4501,60.82,22090,0
BEEM.US,60,20210202,220000,60.91,61.85,60.37,60.78,39344,0
BEEM.US,60,20210203,160000,61.62,64.5,61,63.5,76665,0
BEEM.US,60,20210203,170000,63.6501,65.31,62.05,64.86,151516,0
BEEM.US,60,20210203,180000,65.2864,66.25,64.52,65.31,94976,0
BEEM.US,60,20210203,190000,65.135,65.2599,63.51,64.29,50003,0
BEEM.US,60,20210203,200000,64.29,64.75,63.93,64.41,39235,0
BEEM.US,60,20210203,210000,64.195,66.81,64.195,66.42,55846,0
BEEM.US,60,20210203,220000,66.484,66.85,64.56,66.48,111014,0
BEEM.US,60,20210204,160000,67.835,68.8293,65.6601,65.83,68750,0
BEEM.US,60,20210204,170000,65.67,66.42,63.01,64.53,74568,0
BEEM.US,60,20210204,180000,64.63,65.99,64.29,65.4676,31973,0
BEEM.US,60,20210204,190000,65.9,66.97,65.51,66.555,31348,0
BEEM.US,60,20210204,200000,66.5,67.08,65.72,65.83,30199,0
BEEM.US,60,20210204,210000,65.7046,66.02,65.05,65.8954,25949,0
BEEM.US,60,20210204,220000,65.74,66.38,65.1717,65.53,34169,0
BEEM.US,60,20210205,160000,67.5887,68,65.59,66.4169,44429,0
BEEM.US,60,20210205,170000,66.2,68.6748,65.565,68.51,58936,0
BEEM.US,60,20210205,180000,68.5237,69.8,68.175,68.3126,43654,0
BEEM.US,60,20210205,190000,68.36,68.96,67.3,67.69,42232,0
BEEM.US,60,20210205,200000,67.51,68.8464,67.13,68.13,14754,0
BEEM.US,60,20210205,210000,68.07,68.8417,67.455,67.5102,21133,0
BEEM.US,60,20210205,220000,67.97,67.98,66.51,66.75,39677,0
BEEM.US,60,20210208,160000,66.3,69.28,66.3,69.08,39024,0
BEEM.US,60,20210208,170000,68.838,69.96,67.61,69.63,53965,0
BEEM.US,60,20210208,180000,69.77,69.87,66.7,67.165,34286,0
BEEM.US,60,20210208,190000,67.19,68.75,66.9,68.385,16711,0
BEEM.US,60,20210208,200000,68.316,69.7399,68.1411,69.505,69425,0
BEEM.US,60,20210208,210000,69.51,69.99,69.16,69.49,43284,0
BEEM.US,60,20210208,220000,69.395,69.51,67.55,68.44,55457,0
BEEM.US,60,20210209,160000,68.58,71.29,68,68.49,71957,0
BEEM.US,60,20210209,170000,68.515,68.5568,67,67.5377,80167,0
BEEM.US,60,20210209,180000,67.52,68.3,66.824,67.4615,26328,0
BEEM.US,60,20210209,190000,67.63,68.2,67.37,67.49,43135,0
BEEM.US,60,20210209,200000,67.85,68,66.91,67.16,15364,0
BEEM.US,60,20210209,210000,67.29,67.59,66,66.625,34621,0
BEEM.US,60,20210209,220000,67.0859,67.97,66.695,67.51,49395,0
BEEM.US,60,20210210,160000,67.84,69.37,66.6,66.77,41684,0
BEEM.US,60,20210210,170000,66.875,67.4299,61.59,65.3,85615,0
BEEM.US,60,20210210,180000,64.92,65.6,64.0165,65.095,31535,0
BEEM.US,60,20210210,190000,64.94,65.25,63.52,64.7939,42449,0
BEEM.US,60,20210210,200000,64.8,65.715,64.3196,64.58,24090,0
BEEM.US,60,20210210,210000,64.93,65.17,64.0268,64.0268,16309,0
BEEM.US,60,20210210,220000,64.329,64.7399,62.815,63.87,54209,0
BEEM.US,60,20210211,160000,64.24,65.9,62.82,63.8032,28740,0
BEEM.US,60,20210211,170000,64.85,65.4501,63.68,63.85,49735,0
BEEM.US,60,20210211,180000,63.95,64.35,62.87,63.1084,26320,0
BEEM.US,60,20210211,190000,63.12,63.68,58.75,60.2199,115641,0
BEEM.US,60,20210211,200000,60,61.26,59.1925,59.1925,69036,0
BEEM.US,60,20210211,210000,59.285,59.99,58.69,59.99,56104,0
BEEM.US,60,20210211,220000,59.865,61,59.36,60.98,56533,0
BEEM.US,60,20210212,160000,60.75,62.42,59.63,62,36387,0
BEEM.US,60,20210212,170000,62.1775,63.48,62.0401,62.57,33807,0
BEEM.US,60,20210212,180000,62.59,63.65,62.2,63.41,42715,0
BEEM.US,60,20210212,190000,63.4,64.4,63.38,63.945,21126,0
BEEM.US,60,20210212,200000,63.99,64.55,63.91,64.3085,20144,0
BEEM.US,60,20210212,210000,64.2,64.2494,63.2051,63.63,16099,0
BEEM.US,60,20210212,220000,63.5,63.69,61.8,62.76,45045,0
BEEM.US,60,20210216,160000,62.5,64.41,62.489,62.9256,44360,0
BEEM.US,60,20210216,170000,63.27,65.12,62.91,64.02,41701,0
BEEM.US,60,20210216,180000,63.9,64.32,60.71,61,53389,0
BEEM.US,60,20210216,190000,61.1,61.41,59.1,60.51,68964,0
BEEM.US,60,20210216,200000,60.89,61.405,59.81,59.9499,23106,0
BEEM.US,60,20210216,210000,59.79,60.7699,59.69,59.95,20722,0
BEEM.US,60,20210216,220000,59.7899,59.9,57.12,57.99,84751,0
BEEM.US,60,20210217,160000,57.66,58.3509,54.0101,55.7421,134268,0
BEEM.US,60,20210217,170000,55.545,55.7871,52.6,54.5,113367,0
BEEM.US,60,20210217,180000,54.645,54.8,52,53.0001,84574,0
BEEM.US,60,20210217,190000,53.27,54.15,52.6001,53.6101,48993,0
BEEM.US,60,20210217,200000,53.9172,54.29,53.5,53.77,26832,0
BEEM.US,60,20210217,210000,53.7301,55.34,53.7301,54.34,40342,0
BEEM.US,60,20210217,220000,54.34,54.39,52.85,54.01,75470,0
BEEM.US,60,20210218,160000,53.87,56.2999,53.0938,55.98,63765,0
BEEM.US,60,20210218,170000,55.9729,56.25,50.35,50.8932,107876,0
BEEM.US,60,20210218,180000,50.69,51.9059,50.1,51.08,60945,0
BEEM.US,60,20210218,190000,51.35,51.35,50.6001,50.727,21376,0
BEEM.US,60,20210218,200000,50.745,51.6,50.5,51,32709,0
BEEM.US,60,20210218,210000,50.87,51.09,49.9273,50.05,56233,0
BEEM.US,60,20210218,220000,50.02,50.37,49.5,49.67,116275,0
BEEM.US,60,20210219,160000,51.64,52.67,50.5,52.1666,72028,0
BEEM.US,60,20210219,170000,52.3,54.73,52.1927,54.305,77726,0
BEEM.US,60,20210219,180000,54.4,56.0708,53.89,54.625,55751,0
BEEM.US,60,20210219,190000,54.84,54.9999,52.64,53.34,49910,0
BEEM.US,60,20210219,200000,53.88,53.9944,52.6,53.66,15223,0
BEEM.US,60,20210219,210000,53.77,54.2158,53.02,53.83,40852,0
BEEM.US,60,20210219,220000,53.57,54.39,53.02,54.28,62550,0
BEEM.US,60,20210222,160000,52.8,52.9,50.703,51.2,31942,0
BEEM.US,60,20210222,170000,51.4777,51.4777,50,50.98,82981,0
BEEM.US,60,20210222,180000,50.8,51.21,49.41,49.9883,78371,0
BEEM.US,60,20210222,190000,49.97,49.97,48.8,49.51,43942,0
BEEM.US,60,20210222,200000,49.52,50.005,48.84,49.86,26294,0
BEEM.US,60,20210222,210000,49.86,50,49.11,49.2,30099,0
BEEM.US,60,20210222,220000,49.43,49.84,49.055,49.74,94737,0
BEEM.US,60,20210223,160000,44.58,44.58,36.8109,41.48,147063,0
BEEM.US,60,20210223,170000,41.22,43.45,40.5001,42.82,252967,0
BEEM.US,60,20210223,180000,42.61,43.6,41.67,42.0359,96046,0
BEEM.US,60,20210223,190000,41.995,42.24,40.26,40.6601,72471,0
BEEM.US,60,20210223,200000,40.6635,43.06,40.5401,43.06,69453,0
BEEM.US,60,20210223,210000,43.11,44.165,42.8701,43.76,66402,0
BEEM.US,60,20210223,220000,43.85,44.63,43.51,44.38,74705,0
BEEM.US,60,20210224,160000,45.43,46.7725,44.32,45.07,39287,0
BEEM.US,60,20210224,170000,45.095,46.31,43.6601,46,30980,0
BEEM.US,60,20210224,180000,45.98,47.2501,45.9501,47.21,36056,0
BEEM.US,60,20210224,190000,47.12,47.7,46.54,46.77,27873,0
BEEM.US,60,20210224,200000,46.5423,46.8,46.0138,46.4,27100,0
BEEM.US,60,20210224,210000,46.25,46.475,45.72,45.91,17841,0
BEEM.US,60,20210224,220000,45.9487,47.15,45.9487,47.15,31189,0
BEEM.US,60,20210225,160000,46.77,47.2,45.69,45.95,16811,0
BEEM.US,60,20210225,170000,45.99,47.2325,44.6019,45.02,35420,0
BEEM.US,60,20210225,180000,45.29,45.59,44.13,44.24,30020,0
BEEM.US,60,20210225,190000,44.4,45,41.88,42.08,73102,0
BEEM.US,60,20210225,200000,41.9,43.97,41.7,42.71,40917,0
BEEM.US,60,20210225,210000,42.5319,44.5499,42.5319,43.61,23630,0
BEEM.US,60,20210225,220000,43.51,43.595,41.66,42.7,65443,0
BEEM.US,60,20210226,160000,42.69,44.15,41.2119,41.2475,40613,0
BEEM.US,60,20210226,170000,41,41.13,37.76,40.88,198843,0
BEEM.US,60,20210226,180000,41.13,42.2225,40.41,42.215,43961,0
BEEM.US,60,20210226,190000,42.4703,42.4703,40.64,40.81,34090,0
BEEM.US,60,20210226,200000,40.586,41.7199,40.47,41.03,31842,0
BEEM.US,60,20210226,210000,41.28,41.6443,40.755,41.3,29992,0
BEEM.US,60,20210226,220000,41.3,42.34,41.05,42,95466,0
BEEM.US,60,20210301,160000,44.34,44.69,40.5256,40.95,78579,0
BEEM.US,60,20210301,170000,40.95,42,40.0619,41.57,104991,0
BEEM.US,60,20210301,180000,41.6,42.7018,41.15,42.625,64033,0
BEEM.US,60,20210301,190000,42.625,43.3,42.0101,42.555,35981,0
BEEM.US,60,20210301,200000,42.56,43.1899,42.1601,43.02,28763,0
BEEM.US,60,20210301,210000,42.85,43.5,42.55,43.25,23850,0
BEEM.US,60,20210301,220000,43.26,43.71,42.955,43.7,70335,0
BEEM.US,60,20210302,160000,42.73,44.48,42.03,44.48,28306,0
BEEM.US,60,20210302,170000,44.06,44.25,41.52,42.3677,34311,0
BEEM.US,60,20210302,180000,42.35,42.5978,41.5332,42.25,24483,0
BEEM.US,60,20210302,190000,41.97,42.24,41.3,41.4899,13599,0
BEEM.US,60,20210302,200000,41.319,41.9115,41.205,41.32,20120,0
BEEM.US,60,20210302,210000,41.47,41.75,40.27,41.07,23475,0
BEEM.US,60,20210302,220000,41.2,41.4,40.24,40.4,34142,0
BEEM.US,60,20210303,160000,40.97,41.99,38.84,38.8417,40150,0
BEEM.US,60,20210303,170000,39.15,39.812,38.25,39.69,38842,0
BEEM.US,60,20210303,180000,39.7,40.67,39.13,39.725,31317,0
BEEM.US,60,20210303,190000,39.54,39.82,38.77,39,17538,0
BEEM.US,60,20210303,200000,38.75,39.175,37.7,37.765,43806,0
BEEM.US,60,20210303,210000,37.5934,38.01,36.46,37.73,90397,0
BEEM.US,60,20210303,220000,37.525,37.6264,36.83,36.91,81543,0
BEEM.US,60,20210304,160000,36.58,36.625,32.5,32.5,118546,0
BEEM.US,60,20210304,170000,32.65,33.26,31.552,32.5216,222660,0
BEEM.US,60,20210304,180000,32.3099,34.1499,32.1701,33.0215,68942,0
BEEM.US,60,20210304,190000,33.01,33.445,30.55,30.87,94893,0
BEEM.US,60,20210304,200000,30.89,31.26,28.8668,28.95,176396,0
BEEM.US,60,20210304,210000,28.915,30.9356,28.895,30.65,92854,0
BEEM.US,60,20210304,220000,30.7,30.98,29.84,30.66,151198,0
BEEM.US,60,20210305,160000,31.68,32.47,28.18,28.44,120201,0
BEEM.US,60,20210305,170000,28.3601,28.7647,26.7,27.44,192688,0
BEEM.US,60,20210305,180000,27.46,28.17,26.19,28.1,115789,0
BEEM.US,60,20210305,190000,28.025,30.095,27.1501,29.78,103145,0
BEEM.US,60,20210305,200000,29.76,30.86,28.84,29.41,78411,0
BEEM.US,60,20210305,210000,29.59,30.4865,28.84,30.41,77662,0
BEEM.US,60,20210305,220000,30.42,31.1,29.95,30.52,118487,0
BEEM.US,60,20210308,160000,30.86,33.255,30.12,31.765,78149,0
BEEM.US,60,20210308,170000,31.6801,35.52,31.16,34.61,146715,0
BEEM.US,60,20210308,180000,34.93,34.93,32.13,32.14,131722,0
BEEM.US,60,20210308,190000,32.31,33.69,32.06,33.21,79031,0
BEEM.US,60,20210308,200000,33.21,33.955,32.51,32.62,83747,0
BEEM.US,60,20210308,210000,32.69,34.345,32.34,33.35,77626,0
BEEM.US,60,20210308,220000,33.204,33.204,32.01,32.64,102410,0
BEEM.US,60,20210309,160000,35.01,36.22,33.69,35.75,73549,0
BEEM.US,60,20210309,170000,35.94,36.25,34.2,34.91,140028,0
BEEM.US,60,20210309,180000,34.59,36,34.59,35.18,44433,0
BEEM.US,60,20210309,190000,35.34,36.01,35.24,35.6633,49902,0
BEEM.US,60,20210309,200000,35.3,37.58,35.3,37.4973,91834,0
BEEM.US,60,20210309,210000,37.49,38.2199,36.81,37.54,86991,0
BEEM.US,60,20210309,220000,37.47,38.0794,36.3,36.7,133842,0
BEEM.US,60,20210310,160000,40.58,40.8792,38.05,40.46,110089,0
BEEM.US,60,20210310,170000,40.39,40.69,37.33,38.24,135780,0
BEEM.US,60,20210310,180000,38.62,39.09,37.805,38.83,51919,0
BEEM.US,60,20210310,190000,38.79,38.92,36.5,37.9687,70396,0
BEEM.US,60,20210310,200000,37.937,38.2,36.87,37.75,36764,0
BEEM.US,60,20210310,210000,37.57,39.21,37.53,38.51,35703,0
BEEM.US,60,20210310,220000,38.9,39.075,38.28,38.64,77506,0
BEEM.US,60,20210311,160000,40.04,42.7999,39.06,42.425,70735,0
BEEM.US,60,20210311,170000,42.13,43.34,41.56,42.835,102683,0
BEEM.US,60,20210311,180000,42.97,45.2579,42.655,44.99,130491,0
BEEM.US,60,20210311,190000,44.797,45.625,44.1,44.625,77489,0
BEEM.US,60,20210311,200000,44.54,46.441,44.51,45.56,45826,0
BEEM.US,60,20210311,210000,45.8199,47.68,45.55,47.4,49034,0
BEEM.US,60,20210311,220000,47.22,48.8,46.6,47.52,142819,0
BEEM.US,60,20210312,160000,45.25,46.21,42.66,45.7,79592,0
BEEM.US,60,20210312,170000,45.69,48.27,44.8189,48,141954,0
BEEM.US,60,20210312,180000,48,49.7299,47.32,48,123061,0
BEEM.US,60,20210312,190000,48.03,49.1705,47.7301,48.283,49674,0
BEEM.US,60,20210312,200000,48.27,48.9853,47.79,47.79,26826,0
BEEM.US,60,20210312,210000,47.8,48.78,47.56,48.435,28730,0
BEEM.US,60,20210312,220000,48.59,48.59,47.25,48.15,66654,0
BEEM.US,60,20210315,150000,49.94,50.3908,48.15,48.7,68969,0
BEEM.US,60,20210315,160000,48.93,49.49,48.5,48.7101,59351,0
BEEM.US,60,20210315,170000,48.77,48.81,47.15,47.8,54652,0
BEEM.US,60,20210315,180000,47.61,48.58,47.61,48.58,25687,0
BEEM.US,60,20210315,190000,48.51,49,47.6312,47.76,21436,0
BEEM.US,60,20210315,200000,47.82,48.8,47.63,48.8,34751,0
BEEM.US,60,20210315,210000,48.7764,48.7799,48.04,48.44,29950,0
BEEM.US,60,20210316,150000,48.05,48.05,44.5101,46.25,76166,0
BEEM.US,60,20210316,160000,46.4,46.9628,45.02,45.24,66767,0
BEEM.US,60,20210316,170000,45.39,45.84,44.65,44.83,50003,0
BEEM.US,60,20210316,180000,44.81,45.39,44.03,44.2,59306,0
BEEM.US,60,20210316,190000,44.19,44.98,44.04,44.35,23388,0
BEEM.US,60,20210316,200000,44.3648,44.8,43.5,44.35,70416,0
BEEM.US,60,20210316,210000,44.3175,45.16,43.7701,43.9,64727,0
BEEM.US,60,20210317,150000,41.9,43.805,40.53,43.68,58318,0
BEEM.US,60,20210317,160000,43.5845,44.59,42.9589,44.3,32373,0
BEEM.US,60,20210317,170000,44.2701,44.5989,43.5441,43.8501,17468,0
BEEM.US,60,20210317,180000,44.44,44.93,44.01,44.06,27330,0
BEEM.US,60,20210317,190000,44.0831,44.245,43.77,43.82,21028,0
BEEM.US,60,20210317,200000,43.93,45.89,43.76,45.525,72301,0
BEEM.US,60,20210317,210000,45.5,46.08,44.6818,44.94,73217,0
BEEM.US,60,20210318,150000,44.03,44.1,42.2653,43.74,34703,0
BEEM.US,60,20210318,160000,43.74,44.54,42.5,44.24,24121,0
BEEM.US,60,20210318,170000,44.3799,44.495,43.7,43.98,13905,0
BEEM.US,60,20210318,180000,43.8132,44.4,42.905,42.905,23132,0
BEEM.US,60,20210318,190000,42.89,44.26,42.89,43.74,11916,0
BEEM.US,60,20210318,200000,43.8207,43.8207,41.75,41.94,44842,0
BEEM.US,60,20210318,210000,41.91,41.955,40.9675,41.43,71855,0
BEEM.US,60,20210319,150000,42.03,42.75,40.47,42.4901,34336,0
BEEM.US,60,20210319,160000,42.49,43.14,40.9,43.14,47031,0
BEEM.US,60,20210319,170000,43.14,43.14,41.77,43,10623,0
BEEM.US,60,20210319,180000,43,43.5,42.74,42.8636,18946,0
BEEM.US,60,20210319,190000,42.93,43.5,42.2662,43.04,9089,0
BEEM.US,60,20210319,200000,43.27,43.27,42.6159,42.69,16956,0
BEEM.US,60,20210319,210000,43.055,46.11,42.65,44.95,148773,0
BEEM.US,60,20210322,150000,44.66,45.15,43.3721,43.79,28875,0
BEEM.US,60,20210322,160000,43.4984,44.29,42.6669,43.9,36798,0
BEEM.US,60,20210322,170000,44,44.76,43.5001,44.07,14627,0
BEEM.US,60,20210322,180000,44.33,44.855,44.12,44.295,10145,0
BEEM.US,60,20210322,190000,44.57,45.35,44.2901,45.35,18950,0
BEEM.US,60,20210322,200000,45.122,45.34,44.48,45.1766,21003,0
BEEM.US,60,20210322,210000,45.205,45.32,43.21,43.39,44323,0
BEEM.US,60,20210323,150000,43.07,44.1738,42.6857,42.86,11404,0
BEEM.US,60,20210323,160000,43.03,43.82,40.85,41.45,47251,0
BEEM.US,60,20210323,170000,41.57,42,40.5,40.67,33003,0
BEEM.US,60,20210323,180000,40.98,41.26,40.11,41.25,55572,0
BEEM.US,60,20210323,190000,41.26,41.38,40.26,40.68,19109,0
BEEM.US,60,20210323,200000,40.85,40.85,39.31,39.31,26407,0
BEEM.US,60,20210323,210000,39.16,40.545,38.59,40.2,92323,0
BEEM.US,60,20210324,150000,40.47,41.52,39.21,39.94,29261,0
BEEM.US,60,20210324,160000,40,41.16,39.32,41.14,34729,0
BEEM.US,60,20210324,170000,41.034,41.43,39.55,39.79,27910,0
BEEM.US,60,20210324,180000,40,40.7817,39.5001,39.73,14252,0
BEEM.US,60,20210324,190000,39.53,39.53,38.53,38.72,33058,0
BEEM.US,60,20210324,200000,38.72,38.98,37.0156,37.45,37580,0
BEEM.US,60,20210324,210000,37.1301,37.75,35.39,35.87,94341,0
BEEM.US,60,20210325,150000,34.44,37.2625,33.6,35.95,81696,0
BEEM.US,60,20210325,160000,35.73,36.6001,34.26,34.684,70528,0
BEEM.US,60,20210325,170000,34.61,36.355,34.23,36.355,40540,0
BEEM.US,60,20210325,180000,36.25,37.65,35.54,37.14,32958,0
BEEM.US,60,20210325,190000,37.04,37.67,36.24,36.7596,27982,0
BEEM.US,60,20210325,200000,36.5,36.91,35.69,36.57,24648,0
BEEM.US,60,20210325,210000,36.53,37.48,36.36,37.41,65266,0
BEEM.US,60,20210326,150000,38.13,41.49,37.43,39.615,70141,0
BEEM.US,60,20210326,160000,39.73,40.8,39.5301,39.8901,61397,0
BEEM.US,60,20210326,170000,40.035,40.394,38.74,39.1865,22056,0
BEEM.US,60,20210326,180000,39,40.25,39,39.66,69320,0
BEEM.US,60,20210326,190000,39.6501,40.2899,38.6923,38.85,32682,0
BEEM.US,60,20210326,200000,38.955,39.07,37.0982,38.25,72207,0
BEEM.US,60,20210326,210000,38.23,40.4,37.9,40.37,124807,0
BEEM.US,60,20210329,160000,40.5024,40.69,38.16,38.24,37117,0
BEEM.US,60,20210329,170000,38.295,38.57,36.19,36.9604,94160,0
BEEM.US,60,20210329,180000,36.99,36.99,35.13,35.4228,79961,0
BEEM.US,60,20210329,190000,35.13,35.9772,34.74,35.2516,53506,0
BEEM.US,60,20210329,200000,35.3999,35.92,34.7501,34.76,74429,0
BEEM.US,60,20210329,210000,34.939,35.1528,34.4227,34.7891,53414,0
BEEM.US,60,20210329,220000,34.8,35.624,34.6,35.39,68534,0
BEEM.US,60,20210330,160000,35.04,35.56,33.78,34.86,63299,0
BEEM.US,60,20210330,170000,34.87,36.3599,34.82,36.145,49419,0
BEEM.US,60,20210330,180000,36.23,38.5,36.1801,37.35,50488,0
BEEM.US,60,20210330,190000,37.337,37.7,36.9,37.32,43470,0
BEEM.US,60,20210330,200000,37.11,37.41,36.19,36.38,24331,0
BEEM.US,60,20210330,210000,36.565,37.29,36.28,37.2811,27809,0
BEEM.US,60,20210330,220000,37.18,37.49,37.04,37.24,260275,0
BEEM.US,60,20210331,160000,36.44,38.67,36.1998,37.9438,110420,0
BEEM.US,60,20210331,170000,37.6808,40.06,37.57,39.55,101188,0
BEEM.US,60,20210331,180000,39.575,40.5,39.34,40.2622,64593,0
BEEM.US,60,20210331,190000,40.28,41.39,40.15,41.185,62589,0
BEEM.US,60,20210331,200000,41.26,43.05,40.9042,41.56,105743,0
BEEM.US,60,20210331,210000,41.57,44.21,41.57,43.3381,105242,0
BEEM.US,60,20210331,220000,43.57,44.82,43.03,43.36,169786,0
BEEM.US,60,20210401,160000,45.5,45.74,42.27,42.5101,128117,0
BEEM.US,60,20210401,170000,43.14,43.4778,41.144,41.693,58507,0
BEEM.US,60,20210401,180000,41.91,42,39.76,39.77,117524,0
BEEM.US,60,20210401,190000,39.79,40.55,39.64,39.835,48411,0
BEEM.US,60,20210401,200000,39.9053,40.522,39.7,40.04,56823,0
BEEM.US,60,20210401,210000,40.11,40.87,40.02,40.21,42294,0
BEEM.US,60,20210401,220000,40.1823,40.29,39,40.1,91805,0
BEEM.US,60,20210405,160000,41.57,41.74,40.225,40.67,53169,0
BEEM.US,60,20210405,170000,40.6234,42.23,40,41.72,53969,0
BEEM.US,60,20210405,180000,41.56,42.28,41.02,41.3285,29368,0
BEEM.US,60,20210405,190000,41.32,41.36,40.84,41.11,29874,0
BEEM.US,60,20210405,200000,41.01,41.88,40.99,41.62,14184,0
BEEM.US,60,20210405,210000,41.705,41.79,41.2801,41.49,24803,0
BEEM.US,60,20210405,220000,41.49,41.99,41.4274,41.71,47648,0
BEEM.US,60,20210406,160000,41.37,41.7,40.2221,41.392,31580,0
BEEM.US,60,20210406,170000,41.5721,42.7599,41.02,42.542,37023,0
BEEM.US,60,20210406,180000,42.51,43.42,42,42.875,42573,0
BEEM.US,60,20210406,190000,42.6325,43.13,42.48,43.0118,25321,0
BEEM.US,60,20210406,200000,42.895,42.95,41.41,42.1128,19553,0
BEEM.US,60,20210406,210000,42.39,42.99,42.14,42.62,17103,0
BEEM.US,60,20210406,220000,42.55,42.94,41.97,42.84,73765,0
BEEM.US,60,20210407,160000,42.5,42.5,41.1963,42.3695,13210,0
BEEM.US,60,20210407,170000,42.0986,43.4,41.88,42.13,45714,0
BEEM.US,60,20210407,180000,41.82,42.28,41.21,41.715,16700,0
BEEM.US,60,20210407,190000,41.6274,41.7909,40.6246,41.45,22475,0
BEEM.US,60,20210407,200000,41.3325,41.585,40.62,40.93,22804,0
BEEM.US,60,20210407,210000,40.91,41.38,39.12,39.33,41602,0
BEEM.US,60,20210407,220000,39.43,39.655,38.9512,38.96,77609,0
BEEM.US,60,20210408,160000,39.92,40.99,39.92,40.7,22125,0
BEEM.US,60,20210408,170000,40.66,41.93,40,41.5,34123,0
BEEM.US,60,20210408,180000,41.6,41.626,40.65,40.955,38905,0
BEEM.US,60,20210408,190000,40.9156,41.3,40.63,40.66,11334,0
BEEM.US,60,20210408,200000,40.54,40.62,39.685,39.95,23354,0
BEEM.US,60,20210408,210000,40,40.2842,39.91,40.13,7649,0
BEEM.US,60,20210408,220000,40.28,40.73,39.785,40.44,28146,0
BEEM.US,60,20210409,160000,40.38,40.4101,39.21,39.65,20618,0
BEEM.US,60,20210409,170000,39.65,41.4342,39.54,39.85,20861,0
BEEM.US,60,20210409,180000,39.91,40.5,39.8215,40.5,6385,0
BEEM.US,60,20210409,190000,40.375,40.61,40.14,40.34,7329,0
BEEM.US,60,20210409,200000,40.67,40.68,39.9299,40.15,12349,0
BEEM.US,60,20210409,210000,40,40.31,39.55,39.55,11037,0
BEEM.US,60,20210409,220000,39.5728,39.83,39.44,39.7,23468,0
BEEM.US,60,20210412,160000,39.65,39.73,37.59,37.638,36735,0
BEEM.US,60,20210412,170000,38.16,38.46,37.15,37.48,22821,0
BEEM.US,60,20210412,180000,37.6,37.93,36.85,36.88,30326,0
BEEM.US,60,20210412,190000,36.86,36.96,36.3761,36.6,25642,0
BEEM.US,60,20210412,200000,36.65,36.76,35.7963,36.56,43298,0
BEEM.US,60,20210412,210000,36.42,36.83,36.21,36.32,21443,0
BEEM.US,60,20210412,220000,36.4539,37.6899,36.18,37.54,94448,0
BEEM.US,60,20210413,160000,37,38,36.99,37.4418,17057,0
BEEM.US,60,20210413,170000,37.057,38.38,36.42,38.38,38061,0
BEEM.US,60,20210413,180000,38.46,38.46,36.845,37.12,36573,0
BEEM.US,60,20210413,190000,37.045,37.2,36.51,36.6101,32125,0
BEEM.US,60,20210413,200000,36.77,37.205,36.77,37.1,10548,0
BEEM.US,60,20210413,210000,37.17,37.48,37.0401,37.1814,11054,0
BEEM.US,60,20210413,220000,37.3,38.14,37.25,38.05,40047,0
BEEM.US,60,20210414,160000,37.91,39.4,37.6722,38.7332,35639,0
BEEM.US,60,20210414,170000,38.895,39.275,38.0001,39.25,26549,0
BEEM.US,60,20210414,180000,39.15,39.23,38.1317,38.9,17520,0
BEEM.US,60,20210414,190000,39.0144,39.7999,38.95,39.42,21797,0
BEEM.US,60,20210414,200000,39.41,39.41,38.33,38.33,17612,0
BEEM.US,60,20210414,210000,38.1948,39.29,38.0356,38.4401,14400,0
BEEM.US,60,20210414,220000,38.46,38.77,38.06,38.19,39884,0
BEEM.US,60,20210415,160000,38.72,38.72,37.0101,37.3024,22178,0
BEEM.US,60,20210415,170000,37.02,37.02,34.64,34.965,59282,0
BEEM.US,60,20210415,180000,35.02,35.26,33.5749,33.7535,105066,0
BEEM.US,60,20210415,190000,33.875,33.95,33.09,33.2,63235,0
BEEM.US,60,20210415,200000,33.2,33.8,33,33.5501,93678,0
BEEM.US,60,20210415,210000,33.69,35.25,33.655,35.005,98487,0
BEEM.US,60,20210415,220000,34.94,35.19,34.25,34.26,97655,0
BEEM.US,60,20210416,160000,34.22,34.48,33.25,33.99,23687,0
BEEM.US,60,20210416,170000,33.63,34.9,33.63,34.8,21890,0
BEEM.US,60,20210416,180000,34.7,34.9256,34.25,34.47,17894,0
BEEM.US,60,20210416,190000,34.4301,34.6127,34.1,34.2752,13881,0
BEEM.US,60,20210416,200000,34.345,34.38,34.0101,34.104,8834,0
BEEM.US,60,20210416,210000,34.145,34.49,34,34.48,13517,0
BEEM.US,60,20210416,220000,34.52,34.58,33.31,33.34,87138,0
BEEM.US,60,20210419,160000,32.51,32.95,31.1459,32.25,55112,0
BEEM.US,60,20210419,170000,32.14,32.3122,29.98,30.397,135480,0
BEEM.US,60,20210419,180000,30.35,30.6,30,30.2001,27382,0
BEEM.US,60,20210419,190000,30.2078,30.58,30.0001,30.58,19395,0
BEEM.US,60,20210419,200000,30.31,30.91,30.31,30.75,14387,0
BEEM.US,60,20210419,210000,30.805,31.08,30.3424,30.42,14035,0
BEEM.US,60,20210419,220000,30.5653,30.82,30.3201,30.76,47213,0
BEEM.US,60,20210420,160000,30,31.215,30,30.9899,25514,0
BEEM.US,60,20210420,170000,30.76,30.93,29.12,29.64,58903,0
BEEM.US,60,20210420,180000,29.78,30.37,29.02,30.37,29187,0
BEEM.US,60,20210420,190000,30.205,30.39,29.51,30,15354,0
BEEM.US,60,20210420,200000,30.09,30.24,29.6001,30.24,18647,0
BEEM.US,60,20210420,210000,30.23,30.23,29.21,29.22,20823,0
BEEM.US,60,20210420,220000,29.32,30,29.21,30,42106,0
BEEM.US,60,20210421,160000,29.98,30.69,29.21,30.69,31517,0
BEEM.US,60,20210421,170000,30.725,31.82,30.43,31.415,40455,0
BEEM.US,60,20210421,180000,31.34,31.65,30.5788,31.58,13562,0
BEEM.US,60,20210421,190000,31.5519,32.31,31.38,32.035,27907,0
BEEM.US,60,20210421,200000,32.13,32.44,31.53,31.72,24355,0
BEEM.US,60,20210421,210000,31.54,32.02,31.54,31.88,15405,0
BEEM.US,60,20210421,220000,31.95,32.2,31.77,31.91,52524,0
BEEM.US,60,20210422,160000,33.64,33.8223,32.0046,33.33,43931,0
BEEM.US,60,20210422,170000,33.47,34.1878,32.21,33.761,57168,0
BEEM.US,60,20210422,180000,33.6904,33.95,33.1,33.6,32217,0
BEEM.US,60,20210422,190000,33.7536,34.01,33.44,33.98,36524,0
BEEM.US,60,20210422,200000,34.0656,34.0682,31.7405,32.205,43527,0
BEEM.US,60,20210422,210000,32.09,33.22,31.72,32.819,24405,0
BEEM.US,60,20210422,220000,32.85,32.97,32.2,32.38,31270,0
BEEM.US,60,20210423,160000,33.05,34.595,32.6048,34.53,20039,0
BEEM.US,60,20210423,170000,34.5,34.72,33.2,33.43,25191,0
BEEM.US,60,20210423,180000,33.61,34,33.35,33.8411,10656,0
BEEM.US,60,20210423,190000,33.78,33.95,33.0357,33.0357,5962,0
BEEM.US,60,20210423,200000,33.13,34.11,33.11,34.11,7433,0
BEEM.US,60,20210423,210000,34.1412,34.87,33.95,34.75,17164,0
BEEM.US,60,20210423,220000,34.7364,34.8,34.2284,34.47,83535,0
BEEM.US,60,20210426,160000,35.01,35.7,34.15,34.91,51837,0
BEEM.US,60,20210426,170000,34.83,35.45,34.51,35.08,59026,0
BEEM.US,60,20210426,180000,35.0501,35.69,35.0501,35.1201,32530,0
BEEM.US,60,20210426,190000,35.375,35.46,35.2,35.2801,13162,0
BEEM.US,60,20210426,200000,35.44,35.95,35.3,35.72,57528,0
BEEM.US,60,20210426,210000,35.77,36,35.32,36,51278,0
BEEM.US,60,20210426,220000,36.1,36.5456,35.7101,35.79,99142,0
BEEM.US,60,20210427,160000,36.87,37.28,34.615,35.49,75124,0
BEEM.US,60,20210427,170000,35.34,35.81,34.702,35.25,56364,0
BEEM.US,60,20210427,180000,35.24,35.45,34.51,34.9,63002,0
BEEM.US,60,20210427,190000,34.87,35.09,33.9051,34.07,65150,0
BEEM.US,60,20210427,200000,34.0424,35,33.85,34.44,62704,0
BEEM.US,60,20210427,210000,34.365,34.878,33.98,34.6762,46596,0
BEEM.US,60,20210427,220000,34.518,34.8,34.31,34.47,58174,0
BEEM.US,60,20210428,160000,34.1,34.9204,32.87,34.3963,43204,0
BEEM.US,60,20210428,170000,34.3064,35.13,34.0607,34.9199,37008,0
BEEM.US,60,20210428,180000,34.92,34.92,34.03,34.37,13598,0
BEEM.US,60,20210428,190000,34.355,34.59,34.21,34.29,17904,0
BEEM.US,60,20210428,200000,34.5508,34.65,34.05,34.49,19348,0
BEEM.US,60,20210428,210000,34.31,34.62,34.1,34.52,15840,0
BEEM.US,60,20210428,220000,34.3191,35.17,34.3,34.92,42412,0
BEEM.US,60,20210429,160000,35.75,35.75,33.912,34.02,37362,0
BEEM.US,60,20210429,170000,34.0476,34.56,33.327,34.18,29534,0
BEEM.US,60,20210429,180000,33.89,34.38,33.5334,33.81,11380,0
BEEM.US,60,20210429,190000,33.59,33.9,33.09,33.88,19230,0
BEEM.US,60,20210429,200000,34,34.47,33.6,34,12036,0
BEEM.US,60,20210429,210000,34.055,34.7731,34.04,34.57,19016,0
BEEM.US,60,20210429,220000,34.59,34.6342,33.72,34,30884,0
BEEM.US,60,20210430,160000,33.34,34.48,33.25,34.48,39068,0
BEEM.US,60,20210430,170000,34.4529,34.49,33.59,33.72,25532,0
BEEM.US,60,20210430,180000,33.6182,34.2619,33.6,34.2174,23584,0
BEEM.US,60,20210430,190000,34.2702,34.4491,34.0434,34.1001,38804,0
BEEM.US,60,20210430,200000,34.1049,34.41,33.6136,33.79,22064,0
BEEM.US,60,20210430,210000,33.88,34.2158,33.7,34.09,17338,0
BEEM.US,60,20210430,220000,33.97,34.78,33.96,34.56,45478,0
BEEM.US,60,20210503,160000,34.5728,35,32.75,33.31,28308,0
BEEM.US,60,20210503,170000,33.35,33.62,32.1,32.305,16132,0
BEEM.US,60,20210503,180000,32.26,32.41,31.65,32.06,18381,0
BEEM.US,60,20210503,190000,32.055,32.37,31.91,31.91,10826,0
BEEM.US,60,20210503,200000,32.02,32.2,31.72,31.75,11598,0
BEEM.US,60,20210503,210000,31.77,31.9,31.551,31.8,12273,0
BEEM.US,60,20210503,220000,31.8,32.4457,31.61,32.02,34074,0
BEEM.US,60,20210504,160000,30.99,31.3899,29.81,30.48,33551,0
BEEM.US,60,20210504,170000,30.38,31.69,29.81,31,38844,0
BEEM.US,60,20210504,180000,31.12,31.4085,30.6,30.87,20892,0
BEEM.US,60,20210504,190000,31.15,31.2009,30.7,30.7101,5341,0
BEEM.US,60,20210504,200000,30.92,31.47,30.92,31.2212,12942,0
BEEM.US,60,20210504,210000,31.3,31.6,31.09,31.18,7103,0
BEEM.US,60,20210504,220000,31.2,31.66,31.11,31.52,27397,0
BEEM.US,60,20210505,160000,31.5782,32.1172,31.1,31.555,15460,0
BEEM.US,60,20210505,170000,31.115,31.99,30.5,31.875,15796,0
BEEM.US,60,20210505,180000,32.18,32.47,31.6162,31.76,6903,0
BEEM.US,60,20210505,190000,31.76,31.78,30.75,30.95,8284,0
BEEM.US,60,20210505,200000,30.71,31.48,30.6877,31.36,16948,0
BEEM.US,60,20210505,210000,31.27,31.365,30.74,30.74,7443,0
BEEM.US,60,20210505,220000,30.62,31.1,30.42,30.91,31490,0
BEEM.US,60,20210506,160000,30.45,30.8221,30.02,30.34,28616,0
BEEM.US,60,20210506,170000,30.1875,30.51,29.3,29.44,80780,0
BEEM.US,60,20210506,180000,29.54,29.5812,28.74,29.37,37436,0
BEEM.US,60,20210506,190000,29.24,29.41,28.75,29.1758,23224,0
BEEM.US,60,20210506,200000,29.173,29.3712,28.75,28.785,25540,0
BEEM.US,60,20210506,210000,28.9295,29.12,28.09,28.39,33763,0
BEEM.US,60,20210506,220000,28.27,29.19,28.07,29.13,76245,0
BEEM.US,60,20210507,160000,29.69,30.68,29.21,29.8845,48368,0
BEEM.US,60,20210507,170000,29.87,31.3,29.57,30.8821,46411,0
BEEM.US,60,20210507,180000,30.75,30.8207,30.014,30.36,18610,0
BEEM.US,60,20210507,190000,30.15,30.98,30.0412,30.93,42251,0
BEEM.US,60,20210507,200000,31.0573,31.0573,30.13,30.3299,17565,0
BEEM.US,60,20210507,210000,30.235,30.92,29.98,30.81,36332,0
BEEM.US,60,20210507,220000,30.9,31.2699,30.7757,31.12,37681,0
BEEM.US,60,20210510,160000,31.48,31.72,28.66,28.74,47870,0
BEEM.US,60,20210510,170000,28.7932,29.77,28.3557,28.72,54005,0
BEEM.US,60,20210510,180000,28.72,28.97,28.269,28.72,33372,0
BEEM.US,60,20210510,190000,28.75,28.9099,27.69,28.0756,42353,0
BEEM.US,60,20210510,200000,28.05,28.35,27.68,27.98,16874,0
BEEM.US,60,20210510,210000,28.03,28.03,26.21,26.5101,87396,0
BEEM.US,60,20210510,220000,26.58,26.69,26.27,26.3,89254,0
BEEM.US,60,20210511,160000,23.35,25.5,23.1377,25.5,129147,0
BEEM.US,60,20210511,170000,25.36,25.36,23.43,24.32,117726,0
BEEM.US,60,20210511,180000,24.47,25.56,24.065,25.4401,65651,0
BEEM.US,60,20210511,190000,25.4325,25.59,25,25.04,29308,0
BEEM.US,60,20210511,200000,25.07,26.2,25.0489,25.81,29810,0
BEEM.US,60,20210511,210000,25.75,26.33,25.6701,25.82,25080,0
BEEM.US,60,20210511,220000,25.83,25.85,25.37,25.61,65327,0
BEEM.US,60,20210512,160000,24.535,25.86,24.4801,25.01,33067,0
BEEM.US,60,20210512,170000,25,25.45,24.6506,25.45,31366,0
BEEM.US,60,20210512,180000,25.475,26.09,25.38,25.655,29898,0
BEEM.US,60,20210512,190000,25.374,25.87,25.04,25.72,17374,0
BEEM.US,60,20210512,200000,25.77,25.98,25.28,25.28,17798,0
BEEM.US,60,20210512,210000,25.15,25.36,24.65,24.72,44264,0
BEEM.US,60,20210512,220000,24.65,24.65,24.16,24.25,34915,0
BEEM.US,60,20210513,160000,22.98,23.7,22.22,23.28,82977,0
BEEM.US,60,20210513,170000,23.13,23.75,22.32,22.555,74624,0
BEEM.US,60,20210513,180000,22.555,22.61,21.51,21.57,167290,0
BEEM.US,60,20210513,190000,21.62,21.85,21.21,21.3392,61382,0
BEEM.US,60,20210513,200000,21.32,21.59,20.6827,21.24,63836,0
BEEM.US,60,20210513,210000,21.27,21.93,21.27,21.32,51023,0
BEEM.US,60,20210513,220000,21.32,21.81,21.21,21.48,83585,0
BEEM.US,60,20210514,160000,21.78,22.9,21.71,22.84,40047,0
BEEM.US,60,20210514,170000,22.6301,24.47,22.6301,23.84,125626,0
BEEM.US,60,20210514,180000,23.96,24.1,23.5364,24.06,25033,0
BEEM.US,60,20210514,190000,24.1,24.27,23.64,23.6655,16537,0
BEEM.US,60,20210514,200000,23.735,23.85,23.54,23.6172,18498,0
BEEM.US,60,20210514,210000,23.6356,24.2778,23.6356,24.24,16709,0
BEEM.US,60,20210514,220000,24.23,24.23,23.8,23.97,53972,0
BEEM.US,60,20210517,160000,23.77,24,23.0901,23.22,24615,0
BEEM.US,60,20210517,170000,23.21,23.73,22.82,23.52,93332,0
BEEM.US,60,20210517,180000,23.49,23.53,22.515,22.69,24095,0
BEEM.US,60,20210517,190000,22.64,22.72,22.29,22.3335,31405,0
BEEM.US,60,20210517,200000,22.4699,22.6075,22.0579,22.43,31762,0
BEEM.US,60,20210517,210000,22.3,23,22.17,22.82,31000,0
BEEM.US,60,20210517,220000,22.96,23.325,22.96,23.1,49532,0
BEEM.US,60,20210518,160000,23.25,23.5,22.72,23.4999,24392,0
BEEM.US,60,20210518,170000,23.325,24.62,23.12,24.1,69769,0
BEEM.US,60,20210518,180000,24.05,24.41,23.8696,24.1463,24817,0
BEEM.US,60,20210518,190000,24.2953,24.3888,24.09,24.3399,11077,0
BEEM.US,60,20210518,200000,24.27,25.61,24.27,25.39,33035,0
BEEM.US,60,20210518,210000,25.3201,25.5,24.42,24.84,38948,0
BEEM.US,60,20210518,220000,24.91,25,24.45,24.63,36829,0
BEEM.US,60,20210519,160000,23.46,24.2443,23.03,23.465,26724,0
BEEM.US,60,20210519,170000,23.61,24.2936,23.1,23.8,27634,0
BEEM.US,60,20210519,180000,23.73,24.04,23.5801,23.7,31759,0
BEEM.US,60,20210519,190000,23.68,24.1,23.5101,23.53,9233,0
BEEM.US,60,20210519,200000,23.67,23.98,23.64,23.91,8438,0
BEEM.US,60,20210519,210000,23.8431,24.185,23.6,23.9,14755,0
BEEM.US,60,20210519,220000,23.8202,24.19,23.8202,24.01,22961,0
BEEM.US,60,20210520,160000,25.5,26.16,25.16,26,125524,0
BEEM.US,60,20210520,170000,25.934,26.311,25,25,44984,0
BEEM.US,60,20210520,180000,25.05,25.27,24.76,24.77,35794,0
BEEM.US,60,20210520,190000,24.77,24.77,24.37,24.6401,20111,0
BEEM.US,60,20210520,200000,24.735,24.9742,24.7,24.9742,16159,0
BEEM.US,60,20210520,210000,24.96,25.49,24.93,25.43,20502,0
BEEM.US,60,20210520,220000,25.4393,25.79,25.3173,25.51,44406,0
BEEM.US,60,20210521,160000,26.44,26.44,25.3,25.77,33544,0
BEEM.US,60,20210521,170000,25.77,25.96,24.73,24.98,24614,0
BEEM.US,60,20210521,180000,25.05,25.67,25.05,25.4,19866,0
BEEM.US,60,20210521,190000,25.63,25.96,25.4164,25.73,5030,0
BEEM.US,60,20210521,200000,25.7176,26.07,25.58,25.89,14427,0
BEEM.US,60,20210521,210000,25.93,26.02,25.43,25.58,15462,0
BEEM.US,60,20210521,220000,25.61,25.7634,25.43,25.47,32348,0
BEEM.US,60,20210524,160000,25.93,26.2757,24.8101,25.55,32594,0
BEEM.US,60,20210524,170000,25.51,25.69,24.3,24.33,58680,0
BEEM.US,60,20210524,180000,24.42,25.17,24.41,24.8541,21207,0
BEEM.US,60,20210524,190000,24.935,24.94,24.51,24.94,12819,0
BEEM.US,60,20210524,200000,24.999,25.2907,24.8,25.22,9368,0
BEEM.US,60,20210524,210000,25.15,25.3,25.01,25.01,12983,0
BEEM.US,60,20210524,220000,24.95,25.3699,24.7,24.89,61549,0
BEEM.US,60,20210525,160000,24.99,25.01,23.75,23.81,52259,0
BEEM.US,60,20210525,170000,23.88,25.37,23.75,25.1,64771,0
BEEM.US,60,20210525,180000,24.95,25.0299,23.9365,24.427,23898,0
BEEM.US,60,20210525,190000,24.4373,24.84,24.1,24.65,15403,0
BEEM.US,60,20210525,200000,24.66,25.36,24.458,25.36,21089,0
BEEM.US,60,20210525,210000,25.34,25.44,25.02,25.0583,18203,0
BEEM.US,60,20210525,220000,25.24,25.26,24.96,24.96,43155,0
BEEM.US,60,20210526,160000,25.4,27.22,25.2,27.1,39235,0
BEEM.US,60,20210526,170000,27.1641,28.38,26.65,28.088,62906,0
BEEM.US,60,20210526,180000,28,29.5,27.9,29.37,81495,0
BEEM.US,60,20210526,190000,29.5,29.53,28.9169,29.27,37945,0
BEEM.US,60,20210526,200000,29.37,29.47,28.405,28.6675,35623,0
BEEM.US,60,20210526,210000,28.7,29.3,28.6,29.27,17934,0
BEEM.US,60,20210526,220000,29.215,29.39,28.78,28.96,48710,0
BEEM.US,60,20210527,160000,29.5,29.7,27.64,28.5,48528,0
BEEM.US,60,20210527,170000,28.5,28.87,27.75,28.035,53229,0
BEEM.US,60,20210527,180000,28.159,28.5799,28.12,28.38,13998,0
BEEM.US,60,20210527,190000,28.5859,29.05,28.41,28.99,17814,0
BEEM.US,60,20210527,200000,29.07,29.25,28.685,29.15,23175,0
BEEM.US,60,20210527,210000,29.17,29.41,28.9001,29.41,20611,0
BEEM.US,60,20210527,220000,29.27,29.46,28.89,29.15,49785,0
BEEM.US,60,20210528,160000,29.5,30.705,28.88,30.705,42378,0
BEEM.US,60,20210528,170000,30.55,31.13,29.37,29.37,84677,0
BEEM.US,60,20210528,180000,29.53,29.9169,29,29.15,20231,0
BEEM.US,60,20210528,190000,29.15,29.89,28.84,29.63,17848,0
BEEM.US,60,20210528,200000,29.5,29.69,29.13,29.21,13268,0
BEEM.US,60,20210528,210000,29.28,29.475,29.18,29.355,11580,0
BEEM.US,60,20210528,220000,29.46,29.8599,29.1,29.19,49736,0
BEEM.US,60,20210601,160000,29.8863,30.8399,29.7197,30.23,30160,0
BEEM.US,60,20210601,170000,30.28,30.34,29.25,29.49,27442,0
BEEM.US,60,20210601,180000,29.2976,29.8991,29.25,29.8966,8839,0
BEEM.US,60,20210601,190000,29.8,30.535,29.66,30.25,23177,0
BEEM.US,60,20210601,200000,30.26,30.5799,30.03,30.5799,11141,0
BEEM.US,60,20210601,210000,30.4461,30.6096,30.25,30.49,13384,0
BEEM.US,60,20210601,220000,30.51,30.94,30.47,30.77,41145,0
BEEM.US,60,20210602,160000,31,31,29.7,29.96,35189,0
BEEM.US,60,20210602,170000,29.97,30.34,29.65,29.8317,26269,0
BEEM.US,60,20210602,180000,29.76,30.56,29.6,30.56,26904,0
BEEM.US,60,20210602,190000,30.84,30.87,30.43,30.52,16652,0
BEEM.US,60,20210602,200000,30.588,30.85,30.05,30.2813,10321,0
BEEM.US,60,20210602,210000,30.32,30.76,30.06,30.537,9744,0
BEEM.US,60,20210602,220000,30.55,31.08,30.45,31.08,32139,0
BEEM.US,60,20210603,160000,30.89,30.89,29.2,29.88,33747,0
BEEM.US,60,20210603,170000,29.88,31.31,29.88,31.31,22520,0
BEEM.US,60,20210603,180000,31.6,32.035,31.05,31.65,49984,0
BEEM.US,60,20210603,190000,31.855,32.24,31.65,32.24,13274,0
BEEM.US,60,20210603,200000,32.08,32.22,31.52,31.65,19444,0
BEEM.US,60,20210603,210000,31.66,31.78,30.69,30.69,30160,0
BEEM.US,60,20210603,220000,30.85,31.16,30.82,31.1,36084,0
BEEM.US,60,20210604,160000,31.34,32.3,31.1,31.97,23613,0
BEEM.US,60,20210604,170000,31.95,32.45,30.98,31.05,45726,0
BEEM.US,60,20210604,180000,31.3299,31.85,31.1,31.78,10891,0
BEEM.US,60,20210604,190000,31.7,31.8939,31.47,31.78,8879,0
BEEM.US,60,20210604,200000,31.8314,32.03,31.7,31.74,9583,0
BEEM.US,60,20210604,210000,31.75,31.79,31.25,31.36,17230,0
BEEM.US,60,20210604,220000,31.34,31.59,31.2801,31.59,23416,0
BEEM.US,60,20210607,160000,31.91,32.9772,31.64,32.7644,30709,0
BEEM.US,60,20210607,170000,32.95,34.672,32.81,34.545,56217,0
BEEM.US,60,20210607,180000,34.6499,35.63,34.1309,35.5196,52442,0
BEEM.US,60,20210607,190000,35.635,36.78,35.17,36.5,27921,0
BEEM.US,60,20210607,200000,36.5869,36.6499,35.74,36.19,30665,0
BEEM.US,60,20210607,210000,36.18,36.66,35.96,36.3236,25001,0
BEEM.US,60,20210607,220000,36.21,36.57,35.69,35.91,95841,0
BEEM.US,60,20210608,160000,36.65,37.9,35.5528,35.96,78473,0
BEEM.US,60,20210608,170000,36.1411,36.74,35.37,35.57,43949,0
BEEM.US,60,20210608,180000,35.57,35.72,34.01,35.03,52066,0
BEEM.US,60,20210608,190000,34.96,35.79,34.96,35.78,22721,0
BEEM.US,60,20210608,200000,35.885,35.885,35.24,35.31,22416,0
BEEM.US,60,20210608,210000,35.3665,35.82,34.94,35.17,19164,0
BEEM.US,60,20210608,220000,35.22,35.68,34.75,34.76,52824,0
BEEM.US,60,20210609,160000,35,35.9399,35,35.18,15263,0
BEEM.US,60,20210609,170000,35.53,35.9,35.1,35.72,13120,0
BEEM.US,60,20210609,180000,35.7228,35.93,35.1,35.42,12622,0
BEEM.US,60,20210609,190000,35.28,36.44,35.14,36.39,21888,0
BEEM.US,60,20210609,200000,36.39,36.74,36.1709,36.1996,15881,0
BEEM.US,60,20210609,210000,36.42,37,36.19,36.7444,25648,0
BEEM.US,60,20210609,220000,36.71,36.76,35.25,35.77,58273,0
BEEM.US,60,20210610,160000,35.66,36,34.51,34.51,32808,0
BEEM.US,60,20210610,170000,34.5399,35.1399,33.515,34.13,42503,0
BEEM.US,60,20210610,180000,34.13,34.28,33.785,33.89,22998,0
BEEM.US,60,20210610,190000,33.84,33.84,33.24,33.315,24143,0
BEEM.US,60,20210610,200000,33.31,33.6553,33,33.16,32894,0
BEEM.US,60,20210610,210000,32.94,33.4767,32.75,33.35,32470,0
BEEM.US,60,20210610,220000,33.27,33.76,33.26,33.67,37767,0
BEEM.US,60,20210611,160000,34.14,35.16,33.55,34.985,16947,0
BEEM.US,60,20210611,170000,34.97,35.18,34.18,34.53,16002,0
BEEM.US,60,20210611,180000,34.515,34.55,34.12,34.3599,11348,0
BEEM.US,60,20210611,190000,34.31,34.6,34.13,34.48,8201,0
BEEM.US,60,20210611,200000,34.48,34.88,34.39,34.4,11946,0
BEEM.US,60,20210611,210000,34.41,34.57,34.1,34.33,4852,0
BEEM.US,60,20210611,220000,34.33,34.77,34.16,34.74,20947,0
BEEM.US,60,20210614,160000,35.17,36.314,35.01,36.1,28669,0
BEEM.US,60,20210614,170000,36.15,36.9,35.73,36.825,36326,0
BEEM.US,60,20210614,180000,36.77,37.51,36.75,37.0383,43623,0
BEEM.US,60,20210614,190000,37.18,37.89,37.16,37.746,20633,0
BEEM.US,60,20210614,200000,37.77,38.11,37.52,37.72,20940,0
BEEM.US,60,20210614,210000,37.65,37.7,36.98,37.15,26372,0
BEEM.US,60,20210614,220000,37.1596,37.81,37.1596,37.81,43780,0
BEEM.US,60,20210615,160000,37.7,37.8,36.12,36.39,57710,0
BEEM.US,60,20210615,170000,36.31,36.53,34.25,35.0033,64968,0
BEEM.US,60,20210615,180000,35.1031,35.17,34.47,35.055,27239,0
BEEM.US,60,20210615,190000,34.96,35.055,34.59,34.625,18842,0
BEEM.US,60,20210615,200000,34.5533,35.0736,34.5,34.8774,19746,0
BEEM.US,60,20210615,210000,34.78,35.2,34.3,34.79,27154,0
BEEM.US,60,20210615,220000,34.79,34.96,34.41,34.5,70287,0
BEEM.US,60,20210616,160000,34.08,36.3593,34,35.8144,30432,0
BEEM.US,60,20210616,170000,35.78,37.38,35.5063,37.24,44956,0
BEEM.US,60,20210616,180000,37.1112,37.7366,36.7547,37.48,24692,0
BEEM.US,60,20210616,190000,37.3,37.3927,36.32,36.515,18606,0
BEEM.US,60,20210616,200000,36.515,36.63,35.6,35.76,14986,0
BEEM.US,60,20210616,210000,35.58,35.81,34.925,35.27,52194,0
BEEM.US,60,20210616,220000,35.49,36.6,35.395,35.85,76759,0
BEEM.US,60,20210617,160000,35.72,37.59,35.6199,37.51,36413,0
BEEM.US,60,20210617,170000,37.471,37.5,36.08,36.91,39178,0
BEEM.US,60,20210617,180000,37.1595,37.33,36.08,36.154,29024,0
BEEM.US,60,20210617,190000,36.0201,36.311,35.5,35.85,13652,0
BEEM.US,60,20210617,200000,36.01,36.29,35.88,36.075,23855,0
BEEM.US,60,20210617,210000,36.1499,36.24,35.59,35.8621,29063,0
BEEM.US,60,20210617,220000,35.88,36.5409,35.51,35.7,103473,0
BEEM.US,60,20210618,160000,35.45,36.18,35.21,35.67,20035,0
BEEM.US,60,20210618,170000,35.6,35.63,34.35,35.47,32988,0
BEEM.US,60,20210618,180000,35.46,35.64,34.825,35.64,13429,0
BEEM.US,60,20210618,190000,35.56,35.9,35.51,35.87,11474,0
BEEM.US,60,20210618,200000,35.8,35.8,35.32,35.77,15296,0
BEEM.US,60,20210618,210000,35.62,35.79,34.89,34.9527,16761,0
BEEM.US,60,20210618,220000,34.98,35.765,34.85,35.56,253919,0
BEEM.US,60,20210621,160000,35.97,35.97,34.27,34.8,27527,0
BEEM.US,60,20210621,170000,34.65,34.84,32.93,33.37,62131,0
BEEM.US,60,20210621,180000,33.4761,33.8057,33.1,33.13,33955,0
BEEM.US,60,20210621,190000,33.1,33.715,32.93,33.48,46171,0
BEEM.US,60,20210621,200000,33.58,34.1952,33.35,33.62,43082,0
BEEM.US,60,20210621,210000,33.62,33.83,33.38,33.61,22028,0
BEEM.US,60,20210621,220000,33.46,34,33.27,33.74,64539,0
BEEM.US,60,20210622,160000,33.89,35.08,33.5,34.52,24759,0
BEEM.US,60,20210622,170000,34.51,34.98,34.0631,34.72,24800,0
BEEM.US,60,20210622,180000,34.53,35,34.32,34.6901,24509,0
BEEM.US,60,20210622,190000,34.86,35.33,34.86,35.21,21017,0
BEEM.US,60,20210622,200000,35.04,35.25,34.55,35.16,8310,0
BEEM.US,60,20210622,210000,35.29,35.38,34.92,35.37,18930,0
BEEM.US,60,20210622,220000,35.31,36.12,35.18,36.12,69397,0
BEEM.US,60,20210623,160000,36.12,38.3227,35.9641,38.225,76009,0
BEEM.US,60,20210623,170000,38.35,39.4093,38.16,38.455,86616,0
BEEM.US,60,20210623,180000,38.56,39.5,38.2626,39.24,98797,0
BEEM.US,60,20210623,190000,39.03,40.47,38.93,39.855,52182,0
BEEM.US,60,20210623,200000,39.9399,39.9399,39.53,39.78,24925,0
BEEM.US,60,20210623,210000,39.84,39.9,39,39.51,29948,0
BEEM.US,60,20210623,220000,39.46,39.68,39.17,39.44,51677,0
BEEM.US,60,20210624,160000,40.13,40.47,39.08,39.2259,34262,0
BEEM.US,60,20210624,170000,39.24,39.36,37.76,38.07,111205,0
BEEM.US,60,20210624,180000,38.1263,38.5168,37.12,37.82,38583,0
BEEM.US,60,20210624,190000,37.87,38.015,37.3,37.48,33073,0
BEEM.US,60,20210624,200000,37.49,38.38,37.33,37.6255,29131,0
BEEM.US,60,20210624,210000,37.76,37.83,37.44,37.7485,26065,0
BEEM.US,60,20210624,220000,37.685,37.95,37.27,37.83,52679,0
BEEM.US,60,20210625,160000,37.92,39.48,37.89,38.27,25072,0
BEEM.US,60,20210625,170000,38.14,38.67,37.5,37.952,37086,0
BEEM.US,60,20210625,180000,38.11,38.15,37.51,37.86,34393,0
BEEM.US,60,20210625,190000,37.76,38.01,37.3,37.5,14083,0
BEEM.US,60,20210625,200000,37.7246,38.07,37.5,37.53,10622,0
BEEM.US,60,20210625,210000,37.6373,38.43,37.6373,38.425,23005,0
BEEM.US,60,20210625,220000,38.49,38.6099,37.61,37.97,874993,0
BEEM.US,60,20210628,160000,37.97,38.69,37.7113,38.69,32892,0
BEEM.US,60,20210628,170000,38.7,39.731,38.6,39.2224,32308,0
BEEM.US,60,20210628,180000,39.2,39.86,39.01,39.805,23516,0
BEEM.US,60,20210628,190000,39.71,39.9,39.4,39.53,22355,0
BEEM.US,60,20210628,200000,39.7086,39.72,38.675,38.68,17846,0
BEEM.US,60,20210628,210000,38.58,38.84,38.26,38.275,16618,0
BEEM.US,60,20210628,220000,38.3959,38.8,38.0122,38.73,42386,0
BEEM.US,60,20210629,160000,39.48,41,39.17,40.778,50090,0
BEEM.US,60,20210629,170000,40.7417,41.0526,39.32,39.3887,33587,0
BEEM.US,60,20210629,180000,39.4488,39.8,38.8,39.18,31842,0
BEEM.US,60,20210629,190000,39.22,39.8699,39.2101,39.5,24478,0
BEEM.US,60,20210629,200000,39.5236,39.82,39.35,39.575,16783,0
BEEM.US,60,20210629,210000,39.6388,40.325,39.585,40.0742,25787,0
BEEM.US,60,20210629,220000,40.07,40.94,39.9591,40.64,129510,0
BEEM.US,60,20210630,160000,40.64,40.89,39.03,39.5,28634,0
BEEM.US,60,20210630,170000,39.9873,39.9873,39.01,39.1,23927,0
BEEM.US,60,20210630,180000,39.1,39.22,38.63,38.82,33438,0
BEEM.US,60,20210630,190000,38.755,38.834,37.791,38.15,47626,0
BEEM.US,60,20210630,200000,38.3,38.5302,37.87,38.26,40324,0
BEEM.US,60,20210630,210000,38.2,38.6705,38.1222,38.43,19516,0
BEEM.US,60,20210630,220000,38.4,38.56,38.12,38.22,44093,0
BEEM.US,60,20210701,160000,38.04,38.8,37.21,37.67,27386,0
BEEM.US,60,20210701,170000,37.5,38.0399,36.67,36.67,58733,0
BEEM.US,60,20210701,180000,36.69,36.8699,35.4,35.89,63552,0
BEEM.US,60,20210701,190000,35.77,35.8018,34.56,34.77,60968,0
BEEM.US,60,20210701,200000,34.9,35.55,34.71,35.1445,30915,0
BEEM.US,60,20210701,210000,35.35,35.7252,35.295,35.44,42737,0
BEEM.US,60,20210701,220000,35.4002,35.64,35.305,35.43,50318,0
BEEM.US,60,20210702,160000,36.0046,37.0099,35.25,35.325,31206,0
BEEM.US,60,20210702,170000,35.3,35.3,33.4559,33.94,55729,0
BEEM.US,60,20210702,180000,34.07,35.046,34,35.0015,29335,0
BEEM.US,60,20210702,190000,34.985,34.985,34.6267,34.74,6935,0
BEEM.US,60,20210702,200000,34.7715,35.1084,34.74,34.9099,13330,0
BEEM.US,60,20210702,210000,34.74,34.92,34.48,34.797,14927,0
BEEM.US,60,20210702,220000,34.82,34.8999,34.34,34.36,31038,0
BEEM.US,60,20210706,160000,34.81,34.8993,32.6,33.72,63169,0
BEEM.US,60,20210706,170000,33.5334,35.71,33.5334,35.48,47494,0
BEEM.US,60,20210706,180000,35.63,35.69,34.4503,34.76,31998,0
BEEM.US,60,20210706,190000,34.67,34.78,34.24,34.53,26418,0
BEEM.US,60,20210706,200000,34.49,34.9799,34.17,34.8075,15437,0
BEEM.US,60,20210706,210000,34.52,34.86,34.18,34.325,22681,0
BEEM.US,60,20210706,220000,34.3364,34.81,34.1501,34.74,30257,0
BEEM.US,60,20210707,160000,34.29,34.73,33.51,33.61,48487,0
BEEM.US,60,20210707,170000,33.6,33.6,31.5501,31.946,113889,0
BEEM.US,60,20210707,180000,31.89,32.7888,31.72,32.4,31156,0
BEEM.US,60,20210707,190000,32.2821,32.73,32.245,32.472,22075,0
BEEM.US,60,20210707,200000,32.36,32.7327,32.07,32.385,22408,0
BEEM.US,60,20210707,210000,32.26,32.88,32.161,32.37,9788,0
BEEM.US,60,20210707,220000,32.2627,32.88,32.22,32.58,76577,0
BEEM.US,60,20210708,160000,30.18,31.6,29.7,31.0823,61317,0
BEEM.US,60,20210708,170000,31.2817,32.32,30.8456,31.124,55621,0
BEEM.US,60,20210708,180000,31.5,31.97,30.93,31.2065,42014,0
BEEM.US,60,20210708,190000,31.06,31.445,30.63,30.85,27524,0
BEEM.US,60,20210708,200000,30.88,31.1315,30.589,31,23990,0
BEEM.US,60,20210708,210000,30.99,31.26,30.7,31.01,32391,0
BEEM.US,60,20210708,220000,31.1199,31.8,30.9,31.6,43643,0
BEEM.US,60,20210709,160000,32.14,32.5899,31.18,31.9685,30512,0
BEEM.US,60,20210709,170000,31.98,32.48,31.75,32.28,13700,0
BEEM.US,60,20210709,180000,32.3472,32.94,32.205,32.8294,22460,0
BEEM.US,60,20210709,190000,32.95,33.5,32.62,33.2532,31855,0
BEEM.US,60,20210709,200000,33.45,33.58,33.03,33.16,21467,0
BEEM.US,60,20210709,210000,33.18,33.707,33.11,33.5349,26772,0
BEEM.US,60,20210709,220000,33.61,33.73,33.42,33.72,46705,0
