<TICKER>,<PER>,<DATE>,<TIME>,<OPEN>,<HIGH>,<LOW>,<CLOSE>,<VOL>,<OPENINT>
CCCC.US,60,20201002,180000,26.02,28,25.27,26.235,656266,0
CCCC.US,60,20201002,190000,26.235,27,25.5,26.01,407781,0
CCCC.US,60,20201002,200000,26.02,27.49,25.75,26.15,214589,0
CCCC.US,60,20201002,210000,26.14,26.42,26,26.075,139124,0
CCCC.US,60,20201002,220000,26.075,26.7,25.3,25.49,392368,0
CCCC.US,60,20201005,160000,27,28.75,26.63,27.28,59443,0
CCCC.US,60,20201005,170000,27.31,28,26.53,27.63,118432,0
CCCC.US,60,20201005,180000,27.62,27.9,27.4,27.4,123106,0
CCCC.US,60,20201005,190000,27.4,27.5,27.01,27.16,29348,0
CCCC.US,60,20201005,200000,27.18,27.2492,27,27.1,19182,0
CCCC.US,60,20201005,210000,27.1,27.55,26.6127,27.045,160615,0
CCCC.US,60,20201005,220000,27.02,27.5,26.49,26.57,183934,0
CCCC.US,60,20201006,160000,27.85,28.385,27.485,27.52,76822,0
CCCC.US,60,20201006,170000,27.51,28,26.9,27.02,119335,0
CCCC.US,60,20201006,180000,27.025,27.335,26.3,26.65,92337,0
CCCC.US,60,20201006,190000,26.895,27.025,26.3801,26.865,26273,0
CCCC.US,60,20201006,200000,26.75,27.495,26,26.14,101523,0
CCCC.US,60,20201006,210000,26.15,26.65,25.81,26.165,55926,0
CCCC.US,60,20201006,220000,26.135,27.345,25.75,26.96,161930,0
CCCC.US,60,20201007,160000,27.35,27.35,25.89,25.89,87784,0
CCCC.US,60,20201007,170000,26,26.465,24.66,24.79,245038,0
CCCC.US,60,20201007,180000,24.85,25.25,24,24.37,238676,0
CCCC.US,60,20201007,190000,24.42,25.92,24.2,24.5,213005,0
CCCC.US,60,20201007,200000,24.53,25.25,24.47,25.01,85051,0
CCCC.US,60,20201007,210000,25.14,26.125,23.7,24.5,449492,0
CCCC.US,60,20201007,220000,24.5,25.55,24.35,24.6,391262,0
CCCC.US,60,20201008,160000,25.39,25.85,24.8001,25.5,116607,0
CCCC.US,60,20201008,170000,25.43,25.7,24.66,24.94,137970,0
CCCC.US,60,20201008,180000,25.02,25.26,24.86,24.92,61546,0
CCCC.US,60,20201008,190000,24.89,25.3,24.51,24.725,120323,0
CCCC.US,60,20201008,200000,24.69,24.99,24.201,24.41,74515,0
CCCC.US,60,20201008,210000,24.45,25,24.115,24.795,158850,0
CCCC.US,60,20201008,220000,24.855,24.8998,23.86,24,146581,0
CCCC.US,60,20201009,160000,24.75,25.4,24.55,24.75,107127,0
CCCC.US,60,20201009,170000,24.75,24.77,23.8,24.2305,107684,0
CCCC.US,60,20201009,180000,24.29,24.5,23.7506,24.17,190123,0
CCCC.US,60,20201009,190000,24.17,24.44,23.89,23.97,199094,0
CCCC.US,60,20201009,200000,23.97,24.0999,23.94,23.99,26496,0
CCCC.US,60,20201009,210000,24,24.24,23.5,23.76,54547,0
CCCC.US,60,20201009,220000,23.87,23.87,22.4001,22.8,148874,0
CCCC.US,60,20201012,160000,23,24.37,23,23.045,119347,0
CCCC.US,60,20201012,170000,23.09,23.35,23,23,121915,0
CCCC.US,60,20201012,180000,23.04,23.3,23,23.04,118572,0
CCCC.US,60,20201012,190000,23.025,24.61,23,24.055,276744,0
CCCC.US,60,20201012,200000,24.055,24.45,23.31,23.965,148822,0
CCCC.US,60,20201012,210000,23.785,23.935,23.145,23.31,60546,0
CCCC.US,60,20201012,220000,23.265,23.49,23.01,23.17,168079,0
CCCC.US,60,20201013,160000,23.17,23.79,23.1,23.225,22841,0
CCCC.US,60,20201013,170000,23.225,23.5,23,23.03,69684,0
CCCC.US,60,20201013,180000,23.03,23.34,23,23.1,91062,0
CCCC.US,60,20201013,190000,23.08,24.6,23,23.745,201760,0
CCCC.US,60,20201013,200000,23.7,23.79,23.0501,23.4,162397,0
CCCC.US,60,20201013,210000,23.4,23.45,23.19,23.24,25525,0
CCCC.US,60,20201013,220000,23.515,24.09,23.05,23.31,267561,0
CCCC.US,60,20201014,160000,23.49,24.44,23.22,24.2202,118726,0
CCCC.US,60,20201014,170000,24.21,24.5,23.63,24,163892,0
CCCC.US,60,20201014,180000,24,24.96,23.9,24.075,170062,0
CCCC.US,60,20201014,190000,24.075,24.29,23.9001,23.92,67683,0
CCCC.US,60,20201014,200000,23.99,24.1,23.85,23.95,9954,0
CCCC.US,60,20201014,210000,24,24.42,23.6801,24.02,96023,0
CCCC.US,60,20201014,220000,24.03,24.14,23.88,24.14,35501,0
CCCC.US,60,20201015,160000,23.83,24.5,23.83,24.07,44165,0
CCCC.US,60,20201015,170000,24.07,24.15,23.5,23.99,5016,0
CCCC.US,60,20201015,180000,23.98,24.46,23.92,24.05,99943,0
CCCC.US,60,20201015,190000,24,24,23.8,23.81,7802,0
CCCC.US,60,20201015,200000,23.8,24.19,23.74,23.925,32386,0
CCCC.US,60,20201015,210000,23.97,24.14,23.955,24.04,8300,0
CCCC.US,60,20201015,220000,24,25.49,24,25.31,230029,0
CCCC.US,60,20201016,160000,25.27,26.03,24.67,25.2,92139,0
CCCC.US,60,20201016,170000,25.16,25.39,24.8,25.185,29497,0
CCCC.US,60,20201016,180000,25.185,25.5,24.85,25.01,95361,0
CCCC.US,60,20201016,190000,25,25.1499,24.91,25.06,38318,0
CCCC.US,60,20201016,200000,25.095,25.11,24.885,24.955,13350,0
CCCC.US,60,20201016,210000,24.995,25.55,24.995,25,42255,0
CCCC.US,60,20201016,220000,25.045,25.23,24.98,25.14,42555,0
CCCC.US,60,20201019,160000,25.1,25.79,25.1,25.23,11884,0
CCCC.US,60,20201019,170000,25.23,26.65,24.2,26.26,184388,0
CCCC.US,60,20201019,180000,26.26,26.82,25.9402,26.13,170527,0
CCCC.US,60,20201019,190000,26.1,26.29,25.8,26.09,87363,0
CCCC.US,60,20201019,200000,26.09,26.2,26,26.12,8912,0
CCCC.US,60,20201019,210000,26.12,26.2,25.9901,26.135,8322,0
CCCC.US,60,20201019,220000,26.135,26.24,25.6,26.1,54234,0
CCCC.US,60,20201020,160000,26.05,26.46,26.05,26.46,2167,0
CCCC.US,60,20201020,170000,26.4,27.75,26.1761,27,156420,0
CCCC.US,60,20201020,180000,27,27.73,26.87,27.155,129756,0
CCCC.US,60,20201020,190000,27.155,27.25,26.88,26.88,66934,0
CCCC.US,60,20201020,200000,26.62,27.28,26.62,27.08,130211,0
CCCC.US,60,20201020,210000,27.08,27.46,26.95,27.105,130172,0
CCCC.US,60,20201020,220000,27.105,27.46,26.99,27.46,78963,0
CCCC.US,60,20201021,160000,27.22,28.5,26.99,27.455,107926,0
CCCC.US,60,20201021,170000,27.57,27.65,27,27.07,47044,0
CCCC.US,60,20201021,180000,27.07,27.295,26.865,27.05,27980,0
CCCC.US,60,20201021,190000,27.2,27.51,27,27.0999,80201,0
CCCC.US,60,20201021,200000,27.09,27.11,27,27.02,17700,0
CCCC.US,60,20201021,210000,27.11,27.125,26.99,27.02,12063,0
CCCC.US,60,20201021,220000,27.13,27.4,26.75,27.4,111996,0
CCCC.US,60,20201022,160000,27.35,28.13,27.29,27.5905,24922,0
CCCC.US,60,20201022,170000,27.53,27.56,26.63,27.125,66859,0
CCCC.US,60,20201022,180000,27.03,27.3,26.8301,27.055,47334,0
CCCC.US,60,20201022,190000,27,27.125,26.9501,26.98,40472,0
CCCC.US,60,20201022,200000,26.99,27.34,26.98,27.05,121430,0
CCCC.US,60,20201022,210000,27.08,27.14,26.74,27,98507,0
CCCC.US,60,20201022,220000,26.99,27.14,26.76,26.81,38796,0
CCCC.US,60,20201023,160000,27.01,27.79,26.68,26.97,77252,0
CCCC.US,60,20201023,170000,26.93,26.99,26.2998,26.2998,79872,0
CCCC.US,60,20201023,180000,26.32,26.92,26.01,26.3,62079,0
CCCC.US,60,20201023,190000,26.3,26.59,26.025,26.12,41218,0
CCCC.US,60,20201023,200000,26.21,26.235,25.98,26.119,54766,0
CCCC.US,60,20201023,210000,26.2,26.215,26.01,26.075,9110,0
CCCC.US,60,20201023,220000,26.075,26.37,25.83,26.21,74751,0
CCCC.US,60,20201026,150000,26.14,26.4,25.59,25.9,70020,0
CCCC.US,60,20201026,160000,25.76,26.11,25.305,25.513,84334,0
CCCC.US,60,20201026,170000,25.525,25.96,25.19,25.56,97422,0
CCCC.US,60,20201026,180000,25.555,25.8275,25.351,25.52,70180,0
CCCC.US,60,20201026,190000,25.52,26,25.41,25.56,120560,0
CCCC.US,60,20201026,200000,25.56,25.68,25.29,25.29,26355,0
CCCC.US,60,20201026,210000,25.325,26.24,25.08,26.24,89535,0
CCCC.US,60,20201027,150000,27.06,27.93,26.27,26.595,158282,0
CCCC.US,60,20201027,160000,26.55,27,25.66,25.815,154623,0
CCCC.US,60,20201027,170000,25.88,25.97,25.2,25.495,134987,0
CCCC.US,60,20201027,180000,25.495,25.92,25.43,25.7,56686,0
CCCC.US,60,20201027,190000,25.78,26.17,25.6001,25.81,171400,0
CCCC.US,60,20201027,200000,25.89,26.47,25.7,26,119085,0
CCCC.US,60,20201027,210000,26,26.24,25.3,25.7,158911,0
CCCC.US,60,20201028,150000,25.72,25.72,25.015,25.045,95664,0
CCCC.US,60,20201028,160000,25.09,25.4,24.69,25.24,25690,0
CCCC.US,60,20201028,170000,25.35,25.75,24.865,25.5,249632,0
CCCC.US,60,20201028,180000,25.49,26.83,25.0701,25.08,500190,0
CCCC.US,60,20201028,190000,25.09,25.33,24.6,24.95,131244,0
CCCC.US,60,20201028,200000,25.08,25.36,24.895,25.13,46164,0
CCCC.US,60,20201028,210000,25.12,25.82,24.9,25.07,234976,0
CCCC.US,60,20201029,150000,25.01,25.47,24.7201,25,9296,0
CCCC.US,60,20201029,160000,24.99,25.3993,24.825,25,29123,0
CCCC.US,60,20201029,170000,25.005,25.4,24.97,25.22,41676,0
CCCC.US,60,20201029,180000,25.24,25.24,25,25.02,39324,0
CCCC.US,60,20201029,190000,25.01,25.35,24.715,25.11,76772,0
CCCC.US,60,20201029,200000,25.11,25.2,24.91,25.08,22543,0
CCCC.US,60,20201029,210000,25.195,25.39,24.5,24.99,84398,0
CCCC.US,60,20201030,150000,25.51,25.51,24.83,25,15829,0
CCCC.US,60,20201030,160000,24.97,25.15,24.7635,24.78,15765,0
CCCC.US,60,20201030,170000,24.94,25.25,24.89,25.005,7287,0
CCCC.US,60,20201030,180000,24.97,25.02,24.41,24.41,18109,0
CCCC.US,60,20201030,190000,24.45,25,24.12,24.56,91006,0
CCCC.US,60,20201030,200000,24.52,24.81,24.325,24.4,35483,0
CCCC.US,60,20201030,210000,24.475,25,24.25,24.47,50034,0
CCCC.US,60,20201102,160000,24.77,25.632,24,24.77,39606,0
CCCC.US,60,20201102,170000,24.765,25.035,24.12,24.39,42076,0
CCCC.US,60,20201102,180000,24.395,24.78,23.65,23.88,108103,0
CCCC.US,60,20201102,190000,23.88,24.42,23.63,24.16,131989,0
CCCC.US,60,20201102,200000,24.15,24.99,24,24.09,111649,0
CCCC.US,60,20201102,210000,24.1,24.55,23.94,24.3,68508,0
CCCC.US,60,20201102,220000,24.275,25.05,24.12,24.74,187950,0
CCCC.US,60,20201103,160000,24.8,25.7,24.5002,25.075,41518,0
CCCC.US,60,20201103,170000,25.075,25.2899,24.96,25.0298,59865,0
CCCC.US,60,20201103,180000,25.05,25.49,24.3,24.35,100994,0
CCCC.US,60,20201103,190000,24.3,25.19,24.3,24.88,62714,0
CCCC.US,60,20201103,200000,24.89,26.23,24.88,25.01,356171,0
CCCC.US,60,20201103,210000,25.02,25.295,24.7,25.08,48823,0
CCCC.US,60,20201103,220000,25.11,26.32,24.96,26.02,146173,0
CCCC.US,60,20201104,160000,26.23,26.53,25.9,26.3006,37710,0
CCCC.US,60,20201104,170000,26.24,27,25.945,26.155,213685,0
CCCC.US,60,20201104,180000,26.1,26.6,25.93,26.035,189971,0
CCCC.US,60,20201104,190000,26.035,26.98,25.96,26.59,128384,0
CCCC.US,60,20201104,200000,26.59,26.68,25.9002,26.01,75990,0
CCCC.US,60,20201104,210000,26.03,26.7,25.91,26.25,124671,0
CCCC.US,60,20201104,220000,26.25,26.275,25.6,25.74,221444,0
CCCC.US,60,20201105,160000,25.9,26.36,25.8,25.94,12987,0
CCCC.US,60,20201105,170000,26,26.12,25.75,25.87,94120,0
CCCC.US,60,20201105,180000,25.95,25.99,25.75,25.82,62223,0
CCCC.US,60,20201105,190000,25.82,25.9,25.75,25.76,68693,0
CCCC.US,60,20201105,200000,25.765,26.185,25.74,25.8,90843,0
CCCC.US,60,20201105,210000,25.9,26.15,25.75,25.81,50220,0
CCCC.US,60,20201105,220000,25.81,26.09,25.78,25.85,99066,0
CCCC.US,60,20201106,160000,26.06,27.29,25.95,27.2557,78725,0
CCCC.US,60,20201106,170000,27.27,27.27,26.05,26.24,121611,0
CCCC.US,60,20201106,180000,26.255,26.4,26.015,26.4,35505,0
CCCC.US,60,20201106,190000,26.2801,27.09,26.21,26.93,138480,0
CCCC.US,60,20201106,200000,26.88,28.03,26.86,27.04,229092,0
CCCC.US,60,20201106,210000,27.035,27.45,27,27.13,53046,0
CCCC.US,60,20201106,220000,27.07,27.23,26.8,26.97,103433,0
CCCC.US,60,20201109,160000,27.77,28.68,27.15,27.505,78807,0
CCCC.US,60,20201109,170000,27.455,27.5,27,27,39279,0
CCCC.US,60,20201109,180000,27.04,27.25,27.035,27.2,69789,0
CCCC.US,60,20201109,190000,27.2,27.243,27.01,27.2,40794,0
CCCC.US,60,20201109,200000,27.08,27.21,27.03,27.058,103921,0
CCCC.US,60,20201109,210000,27.04,27.06,26.4213,26.695,141680,0
CCCC.US,60,20201109,220000,26.695,26.86,26.5,26.61,83050,0
CCCC.US,60,20201110,160000,26.76,27.42,25.57,25.8093,48278,0
CCCC.US,60,20201110,170000,25.8,26.21,25.52,25.65,36550,0
CCCC.US,60,20201110,180000,25.65,26.2,25.17,25.9794,142858,0
CCCC.US,60,20201110,190000,26,26.43,25.46,25.46,92751,0
CCCC.US,60,20201110,200000,25.425,25.8,24.68,25.34,82895,0
CCCC.US,60,20201110,210000,25.3684,25.75,24.83,25.3,51450,0
CCCC.US,60,20201110,220000,25.33,26.36,25.08,25.86,139742,0
CCCC.US,60,20201111,160000,25.75,26.88,25.73,26,118423,0
CCCC.US,60,20201111,170000,26.03,26.41,25.5,26,123154,0
CCCC.US,60,20201111,180000,25.97,26.09,25.6,25.7,22098,0
CCCC.US,60,20201111,190000,25.805,26.38,25.5,25.855,81486,0
CCCC.US,60,20201111,200000,25.85,25.96,25.615,25.74,54502,0
CCCC.US,60,20201111,210000,25.765,25.865,25.635,25.68,29601,0
CCCC.US,60,20201111,220000,25.67,27,25.64,26.81,89111,0
CCCC.US,60,20201112,160000,26.51,27.855,26.265,26.4,55174,0
CCCC.US,60,20201112,170000,26.5145,26.575,25.86,26.1,123729,0
CCCC.US,60,20201112,180000,26.1,26.535,25.96,26,75713,0
CCCC.US,60,20201112,190000,26.05,26.65,25.72,26.15,43215,0
CCCC.US,60,20201112,200000,26.09,26.42,25.75,25.995,45989,0
CCCC.US,60,20201112,210000,26.05,26.4,25.9,26.24,53013,0
CCCC.US,60,20201112,220000,26.28,26.77,26,26.51,138624,0
CCCC.US,60,20201113,160000,26.52,27.1,26.1306,26.22,54400,0
CCCC.US,60,20201113,170000,26.25,26.53,25.84,26.04,90128,0
CCCC.US,60,20201113,180000,26.165,26.29,26,26.23,24162,0
CCCC.US,60,20201113,190000,26.23,26.33,25.95,26.02,111043,0
CCCC.US,60,20201113,200000,26,26.11,25.425,25.75,69559,0
CCCC.US,60,20201113,210000,25.85,26.52,25.63,26.03,107941,0
CCCC.US,60,20201113,220000,26.025,26.3,25.75,25.83,80379,0
CCCC.US,60,20201116,160000,26.095,27.04,26.095,26.75,93024,0
CCCC.US,60,20201116,170000,26.75,26.8,26.15,26.275,111744,0
CCCC.US,60,20201116,180000,26.36,26.395,25.94,25.97,67678,0
CCCC.US,60,20201116,190000,25.97,26.01,25.64,25.88,58001,0
CCCC.US,60,20201116,200000,25.88,26.075,25.745,25.92,60092,0
CCCC.US,60,20201116,210000,25.98,26.37,25.84,26.1299,41453,0
CCCC.US,60,20201116,220000,26.17,28.24,26.17,28.09,315275,0
CCCC.US,60,20201117,160000,28.01,29.46,27.47,27.89,192346,0
CCCC.US,60,20201117,170000,27.74,28.34,27.48,28.25,113660,0
CCCC.US,60,20201117,180000,28.12,28.95,27.8016,28.4,351703,0
CCCC.US,60,20201117,190000,28.335,28.38,27.76,28.085,56492,0
CCCC.US,60,20201117,200000,27.965,28.3,27.52,28,151400,0
CCCC.US,60,20201117,210000,28.05,30.6,27.9501,30.1,229073,0
CCCC.US,60,20201117,220000,30.1,30.1,28.76,29.03,299899,0
CCCC.US,60,20201118,160000,28.85,29.97,28.85,29.03,72156,0
CCCC.US,60,20201118,170000,29.075,29.4,28.4401,29.0996,107047,0
CCCC.US,60,20201118,180000,29.05,29.65,29.0002,29.6394,22937,0
CCCC.US,60,20201118,190000,29.6695,30.64,29.637,30.02,196382,0
CCCC.US,60,20201118,200000,30.105,30.23,29.8763,30.04,133075,0
CCCC.US,60,20201118,210000,30.04,31.41,29.9,29.99,331723,0
CCCC.US,60,20201118,220000,29.95,30.99,28.44,28.54,350761,0
CCCC.US,60,20201119,160000,28.42,29.47,27.5,28.625,102479,0
CCCC.US,60,20201119,170000,28.615,29.73,28.5425,29.32,223344,0
CCCC.US,60,20201119,180000,29.2325,30.4,29.06,29.99,314775,0
CCCC.US,60,20201119,190000,29.99,30.48,28.9,29.09,207725,0
CCCC.US,60,20201119,200000,29.03,29.44,28.84,29.09,114011,0
CCCC.US,60,20201119,210000,29.01,29.7,28.93,29.09,56777,0
CCCC.US,60,20201119,220000,29.05,29.15,28.05,28.6,71675,0
CCCC.US,60,20201120,160000,28.95,29.66,28.61,29.07,86951,0
CCCC.US,60,20201120,170000,29.1,29.42,28.7,29.17,105489,0
CCCC.US,60,20201120,180000,29.19,29.34,28.8374,29,107976,0
CCCC.US,60,20201120,190000,29.02,29.2,28.685,28.685,52316,0
CCCC.US,60,20201120,200000,28.66,28.99,28.43,28.65,289026,0
CCCC.US,60,20201120,210000,28.64,28.82,28.435,28.67,50644,0
CCCC.US,60,20201120,220000,28.66,28.93,28.49,28.5,173070,0
CCCC.US,60,20201123,160000,28.47,29.4685,28.47,28.75,16669,0
CCCC.US,60,20201123,170000,28.75,28.81,28.005,28.59,24897,0
CCCC.US,60,20201123,180000,28.56,28.76,28.285,28.56,18313,0
CCCC.US,60,20201123,190000,28.555,28.75,28.13,28.275,99919,0
CCCC.US,60,20201123,200000,28.275,28.695,28.21,28.4,45911,0
CCCC.US,60,20201123,210000,28.425,29,28.375,28.895,47886,0
CCCC.US,60,20201123,220000,28.895,29.19,28.585,29.02,89193,0
CCCC.US,60,20201124,160000,29.2,29.865,29.0525,29.865,16931,0
CCCC.US,60,20201124,170000,29.74,30.67,29.655,30.65,41275,0
CCCC.US,60,20201124,180000,30.475,32.78,30.475,32.2775,43634,0
CCCC.US,60,20201124,190000,32.41,33.925,32.04,33.71,63007,0
CCCC.US,60,20201124,200000,33.56,33.87,32.7723,33.7,33391,0
CCCC.US,60,20201124,210000,33.635,34.3,32.47,33.45,75710,0
CCCC.US,60,20201124,220000,33.2164,33.5,32.41,32.95,263563,0
CCCC.US,60,20201125,160000,32.65,34,32.29,33.49,16452,0
CCCC.US,60,20201125,170000,33.49,34.82,33.21,34.31,46469,0
CCCC.US,60,20201125,180000,34.72,35.49,34.15,35.245,32608,0
CCCC.US,60,20201125,190000,35.245,36,35.1,35.955,37055,0
CCCC.US,60,20201125,200000,35.955,35.9978,34.55,34.77,37221,0
CCCC.US,60,20201125,210000,34.87,35.05,34.02,34.66,24260,0
CCCC.US,60,20201125,220000,34.505,35.56,33.015,34.29,66654,0
CCCC.US,60,20201127,160000,34.73,36.35,34.06,36.35,43448,0
CCCC.US,60,20201127,170000,36.38,36.7999,35.545,36.5,131259,0
CCCC.US,60,20201127,180000,36.5,36.58,35.95,36.12,33525,0
CCCC.US,60,20201127,190000,36.15,36.24,35.75,35.78,26225,0
CCCC.US,60,20201127,200000,35.75,35.87,35.75,35.87,3450,0
CCCC.US,60,20201130,160000,35.86,35.91,35.3,35.42,3780,0
CCCC.US,60,20201130,170000,35.4245,35.75,33.995,34.51,24654,0
CCCC.US,60,20201130,180000,34.6,35.03,34.51,34.868,8524,0
CCCC.US,60,20201130,190000,34.95,35.013,34.89,34.92,1427,0
CCCC.US,60,20201130,200000,34.92,34.92,34.52,34.775,14290,0
CCCC.US,60,20201130,210000,34.72,34.85,34.09,34.23,9437,0
CCCC.US,60,20201130,220000,34.36,34.74,34.02,34.2,73597,0
CCCC.US,60,20201201,160000,34.55,34.7,33.47,33.61,6918,0
CCCC.US,60,20201201,170000,33.61,33.89,32.4,32.74,12375,0
CCCC.US,60,20201201,180000,32.705,32.94,32.14,32.4692,16180,0
CCCC.US,60,20201201,190000,32.5,34.29,32.27,32.675,22642,0
CCCC.US,60,20201201,200000,32.49,32.66,31.19,31.78,30285,0
CCCC.US,60,20201201,210000,31.79,32.04,30.4,30.62,46737,0
CCCC.US,60,20201201,220000,30.56,30.77,30.0218,30.23,103278,0
CCCC.US,60,20201202,160000,29.64,30.28,29.64,30,10120,0
CCCC.US,60,20201202,170000,29.995,31.46,29.995,30.055,32118,0
CCCC.US,60,20201202,180000,30.091,30.3299,29.68,29.75,13133,0
CCCC.US,60,20201202,190000,29.75,29.85,29.51,29.765,28782,0
CCCC.US,60,20201202,200000,29.85,29.85,29.7,29.7,4300,0
CCCC.US,60,20201202,210000,29.66,30.85,29.51,29.82,13695,0
CCCC.US,60,20201202,220000,29.835,30.09,29.7,29.78,31555,0
CCCC.US,60,20201203,160000,29.51,30.881,29.51,29.62,17669,0
CCCC.US,60,20201203,170000,29.62,30.18,29.6,29.785,14339,0
CCCC.US,60,20201203,180000,29.79,31.64,29.7,30.75,41733,0
CCCC.US,60,20201203,190000,30.725,31.51,30.677,31.23,15416,0
CCCC.US,60,20201203,200000,31.18,31.705,31.06,31.705,6203,0
CCCC.US,60,20201203,210000,31.415,31.88,31.415,31.79,13280,0
CCCC.US,60,20201203,220000,31.88,32.93,31.795,32.77,55598,0
CCCC.US,60,20201204,160000,33,34.61,32.85,34.145,25161,0
CCCC.US,60,20201204,170000,34.06,34.87,33.345,34,119601,0
CCCC.US,60,20201204,180000,34.015,34.99,33.78,34.59,18321,0
CCCC.US,60,20201204,190000,34.565,34.77,34.5,34.65,22299,0
CCCC.US,60,20201204,200000,34.646,34.87,33.8,34.66,18034,0
CCCC.US,60,20201204,210000,34.64,35,34.15,34.55,19322,0
CCCC.US,60,20201204,220000,34.55,34.95,33.82,33.94,69345,0
CCCC.US,60,20201207,160000,33.78,35.045,33.69,34.1,7712,0
CCCC.US,60,20201207,170000,34.08,34.08,32.54,32.665,7469,0
CCCC.US,60,20201207,180000,32.55,33.39,31.61,32.44,32937,0
CCCC.US,60,20201207,190000,32.06,32.35,31.72,31.955,28550,0
CCCC.US,60,20201207,200000,31.945,32.93,31.68,32.045,31252,0
CCCC.US,60,20201207,210000,32.045,32.89,32.045,32.685,24939,0
CCCC.US,60,20201207,220000,32.74,34.69,32.65,33.11,61491,0
CCCC.US,60,20201208,160000,33.52,33.52,32.92,33.11,6477,0
CCCC.US,60,20201208,170000,33.11,33.246,32.545,33,11288,0
CCCC.US,60,20201208,180000,32.885,34.28,32.875,33.85,18587,0
CCCC.US,60,20201208,190000,33.86,34.23,33.21,33.6,27676,0
CCCC.US,60,20201208,200000,33.6,33.876,33.45,33.675,36639,0
CCCC.US,60,20201208,210000,33.3,33.97,33.27,33.685,43586,0
CCCC.US,60,20201208,220000,33.85,33.86,33.14,33.58,106055,0
CCCC.US,60,20201209,160000,33.58,34.17,33.1,33.5,17717,0
CCCC.US,60,20201209,170000,33.55,34.49,33,33.5,18797,0
CCCC.US,60,20201209,180000,33.41,33.555,33.04,33.23,9247,0
CCCC.US,60,20201209,190000,33.15,33.515,33.09,33.25,8326,0
CCCC.US,60,20201209,200000,33.265,33.265,31.93,32.7,10375,0
CCCC.US,60,20201209,210000,32.5,32.99,32.01,32.2,27237,0
CCCC.US,60,20201209,220000,32.21,32.66,30.53,30.53,79621,0
CCCC.US,60,20201210,160000,30.5,31.23,30,30.13,30379,0
CCCC.US,60,20201210,170000,30.13,30.165,28.6,29.015,56603,0
CCCC.US,60,20201210,180000,29.095,30.69,28.1,28.3,99455,0
CCCC.US,60,20201210,190000,28.35,28.4799,27.25,27.895,81186,0
CCCC.US,60,20201210,200000,27.895,28.94,27.6,28.92,49602,0
CCCC.US,60,20201210,210000,28.865,29.69,28.74,29.02,57421,0
CCCC.US,60,20201210,220000,29.14,29.7,28.81,29.15,76159,0
CCCC.US,60,20201211,160000,29.19,29.94,28.65,29.47,10033,0
CCCC.US,60,20201211,170000,29.47,29.95,29.13,29.25,22259,0
CCCC.US,60,20201211,180000,29.3,29.8,28.78,29.705,9033,0
CCCC.US,60,20201211,190000,29.64,29.8,28.6,28.84,19545,0
CCCC.US,60,20201211,200000,28.95,29.545,28.81,29.29,5094,0
CCCC.US,60,20201211,210000,29.35,29.52,28.84,29.12,6725,0
CCCC.US,60,20201211,220000,28.89,29.47,28.885,29.03,28479,0
CCCC.US,60,20201214,160000,29.5,32.15,29.5,32.115,34362,0
CCCC.US,60,20201214,170000,31.93,33.25,31.77,33.05,73841,0
CCCC.US,60,20201214,180000,33.005,33.005,31.36,32.3083,68522,0
CCCC.US,60,20201214,190000,32.38,33.1,32.38,32.99,75916,0
CCCC.US,60,20201214,200000,32.99,33.005,32.15,32.345,30893,0
CCCC.US,60,20201214,210000,32.34,33.08,32.3,33.02,19335,0
CCCC.US,60,20201214,220000,32.96,32.96,32,32.15,52623,0
CCCC.US,60,20201215,160000,32.93,32.93,31.15,31.42,16869,0
CCCC.US,60,20201215,170000,31.44,32.18,31.32,31.88,22629,0
CCCC.US,60,20201215,180000,31.7105,32.3,31.21,32.05,33007,0
CCCC.US,60,20201215,190000,32,33.2,31.865,33.06,46799,0
CCCC.US,60,20201215,200000,33.05,33.94,32.81,33.7299,33861,0
CCCC.US,60,20201215,210000,33.695,35.01,33.24,34.16,74782,0
CCCC.US,60,20201215,220000,34.15,34.1875,32.92,33.64,40608,0
CCCC.US,60,20201216,160000,33.64,34.07,32.345,33.0297,13035,0
CCCC.US,60,20201216,170000,33.2212,33.515,32.21,33.4,27355,0
CCCC.US,60,20201216,180000,33.5,33.98,32.5,33.24,14828,0
CCCC.US,60,20201216,190000,33.06,33.285,32.84,32.96,6705,0
CCCC.US,60,20201216,200000,32.93,33.34,32.21,32.6758,33533,0
CCCC.US,60,20201216,210000,32.625,32.93,32.105,32.4,12096,0
CCCC.US,60,20201216,220000,32.45,32.5,31.88,32.16,189393,0
CCCC.US,60,20201217,160000,33.46,33.99,31.9,32.4,14534,0
CCCC.US,60,20201217,170000,32.55,33.38,32.36,32.74,19530,0
CCCC.US,60,20201217,180000,32.93,33.11,32.62,32.75,17219,0
CCCC.US,60,20201217,190000,32.67,33.23,32.57,32.91,14749,0
CCCC.US,60,20201217,200000,32.82,33.23,32.64,33.23,11468,0
CCCC.US,60,20201217,210000,33.4,33.4,32.71,33.325,25424,0
CCCC.US,60,20201217,220000,33.2266,33.44,32.91,33.21,67796,0
CCCC.US,60,20201218,160000,33.66,34.29,33.06,33.549,21082,0
CCCC.US,60,20201218,170000,33.765,34.09,33.07,34.015,44389,0
CCCC.US,60,20201218,180000,34.1,34.1,33.43,33.68,10197,0
CCCC.US,60,20201218,190000,33.635,34.1,33.565,33.74,10058,0
CCCC.US,60,20201218,200000,33.715,34,33.69,33.825,6800,0
CCCC.US,60,20201218,210000,33.72,33.93,33.0777,33.0777,20787,0
CCCC.US,60,20201218,220000,33.07,33.145,31,32.16,103060,0
CCCC.US,60,20201221,160000,31.16,31.5799,30.355,30.73,6656,0
CCCC.US,60,20201221,170000,30.645,31.31,30.03,30.705,18106,0
CCCC.US,60,20201221,180000,30.6,31.03,30.25,30.825,11517,0
CCCC.US,60,20201221,190000,30.825,30.95,30.5,30.615,15496,0
CCCC.US,60,20201221,200000,30.615,30.84,30.1,30.83,32757,0
CCCC.US,60,20201221,210000,30.815,30.87,30.05,30.14,14085,0
CCCC.US,60,20201221,220000,30.14,32.5843,29.59,31.63,187536,0
CCCC.US,60,20201222,160000,32.52,34.98,31.46,34.2501,50328,0
CCCC.US,60,20201222,170000,34.96,36.7099,34.2601,35.31,131448,0
CCCC.US,60,20201222,180000,35.31,36.57,34.76,36.23,45994,0
CCCC.US,60,20201222,190000,36.2,37.8,36.19,37.045,48434,0
CCCC.US,60,20201222,200000,37.05,37.765,35.88,35.92,32525,0
CCCC.US,60,20201222,210000,36.02,36.195,35.48,36.12,32029,0
CCCC.US,60,20201222,220000,36.125,36.16,35.06,35.57,98727,0
CCCC.US,60,20201223,160000,35.91,36.3509,34.83,35.18,20293,0
CCCC.US,60,20201223,170000,35.065,36.565,34.94,36.445,66592,0
CCCC.US,60,20201223,180000,36.385,36.99,35.62,36.56,49908,0
CCCC.US,60,20201223,190000,36.84,37.37,36.41,36.87,21678,0
CCCC.US,60,20201223,200000,36.855,37.135,36.53,37.135,76837,0
CCCC.US,60,20201223,210000,37.05,37.16,36.19,36.8706,22469,0
CCCC.US,60,20201223,220000,37.045,37.425,36.36,37.05,159570,0
CCCC.US,60,20201224,160000,36.7,36.7,36,36.01,21214,0
CCCC.US,60,20201224,170000,36.05,36.205,35.43,36,58223,0
CCCC.US,60,20201224,180000,35.99,36.22,35.5401,36.01,26126,0
CCCC.US,60,20201224,190000,36.16,36.16,35,35.13,16077,0
CCCC.US,60,20201224,200000,35.43,35.43,35.43,35.43,2277,0
CCCC.US,60,20201228,160000,36.09,36.71,34.4367,35.54,24298,0
CCCC.US,60,20201228,170000,35.375,35.49,34.13,34.13,85443,0
CCCC.US,60,20201228,180000,34.11,34.39,33.66,33.84,14384,0
CCCC.US,60,20201228,190000,33.9,35.11,33.9,35.065,26172,0
CCCC.US,60,20201228,200000,34.89,35.23,34.39,34.78,26952,0
CCCC.US,60,20201228,210000,34.99,36.05,34.99,35.9,13836,0
CCCC.US,60,20201228,220000,36.05,36.22,35.52,35.88,40956,0
CCCC.US,60,20201229,160000,36.07,37.07,34.7,35.2,7489,0
CCCC.US,60,20201229,170000,35.2,35.73,34.72,35.67,11022,0
CCCC.US,60,20201229,180000,35.67,35.67,34.705,34.97,42786,0
CCCC.US,60,20201229,190000,34.95,35.345,34.55,34.795,40211,0
CCCC.US,60,20201229,200000,34.78,35.05,34.47,34.92,21726,0
CCCC.US,60,20201229,210000,34.92,35.075,34.5,34.655,20897,0
CCCC.US,60,20201229,220000,34.62,35.05,34,34.86,51897,0
CCCC.US,60,20201230,160000,35,35,34.01,34.98,11816,0
CCCC.US,60,20201230,170000,35.15,35.2,34.51,34.97,11314,0
CCCC.US,60,20201230,180000,34.94,35.53,34.61,34.68,10255,0
CCCC.US,60,20201230,190000,34.71,35.21,34.665,35.2,17208,0
CCCC.US,60,20201230,200000,35.17,35.62,34.7,35.39,5958,0
CCCC.US,60,20201230,210000,35.39,35.62,35.38,35.515,4322,0
CCCC.US,60,20201230,220000,35.52,36.35,34.785,35.94,22497,0
CCCC.US,60,20201231,160000,35.81,35.81,34.5418,34.82,1177,0
CCCC.US,60,20201231,170000,35.5,35.5,33.87,33.9,35604,0
CCCC.US,60,20201231,180000,33.9,34.16,33.05,33.325,27715,0
CCCC.US,60,20201231,190000,33.325,33.8985,32.57,33.74,38734,0
CCCC.US,60,20201231,200000,33.625,33.72,32.83,32.94,8611,0
CCCC.US,60,20201231,210000,32.98,33.08,32.5,32.7,9538,0
CCCC.US,60,20201231,220000,32.85,33.24,32.76,33.13,85571,0
CCCC.US,60,20210104,160000,33.51,34.18,31.985,32.28,38360,0
CCCC.US,60,20210104,170000,32.71,33.19,32.365,32.76,8863,0
CCCC.US,60,20210104,180000,32.5,32.82,32.025,32.16,11731,0
CCCC.US,60,20210104,190000,32.18,32.23,31.075,31.22,12320,0
CCCC.US,60,20210104,200000,31.22,31.85,31.07,31.125,9030,0
CCCC.US,60,20210104,210000,31.19,31.21,30.55,30.945,12894,0
CCCC.US,60,20210104,220000,31.08,32.24,30.55,31.96,51863,0
CCCC.US,60,20210105,160000,31.82,33.05,31.82,32.915,6526,0
CCCC.US,60,20210105,170000,32.75,33.13,32.16,32.76,23871,0
CCCC.US,60,20210105,180000,32.93,33.13,31.79,32.245,28062,0
CCCC.US,60,20210105,190000,32.24,32.55,31.61,32.55,8112,0
CCCC.US,60,20210105,200000,32.5,32.85,32.24,32.715,42201,0
CCCC.US,60,20210105,210000,32.59,32.715,32.3,32.5,58477,0
CCCC.US,60,20210105,220000,32.5,32.54,31.9216,32.13,57634,0
CCCC.US,60,20210106,160000,32.51,33.09,31.97,32.895,22030,0
CCCC.US,60,20210106,170000,32.895,33.135,32.58,32.939,17803,0
CCCC.US,60,20210106,180000,32.62,33.51,32.62,32.75,16425,0
CCCC.US,60,20210106,190000,32.99,33.0825,32.8,32.99,14989,0
CCCC.US,60,20210106,200000,32.955,33.05,32.81,32.9584,12549,0
CCCC.US,60,20210106,210000,32.96,33.01,32.08,32.44,10988,0
CCCC.US,60,20210106,220000,32.43,33.57,32.29,33.45,93926,0
CCCC.US,60,20210107,160000,33.7,33.98,33.03,33.515,19006,0
CCCC.US,60,20210107,170000,33.04,33.8498,32.525,33.545,26380,0
CCCC.US,60,20210107,180000,33.69,33.74,33.145,33.39,6601,0
CCCC.US,60,20210107,190000,33.48,33.92,33.17,33.745,9477,0
CCCC.US,60,20210107,200000,33.745,33.98,33.54,33.925,11744,0
CCCC.US,60,20210107,210000,33.86,34.65,33.86,34.365,19759,0
CCCC.US,60,20210107,220000,34.365,34.5,34.025,34.27,38702,0
CCCC.US,60,20210108,160000,34.37,34.37,33.27,34,12046,0
CCCC.US,60,20210108,170000,34.33,34.74,33.455,33.765,33884,0
CCCC.US,60,20210108,180000,33.72,34.1534,33.56,33.93,28039,0
CCCC.US,60,20210108,190000,33.93,34.2,33.75,33.99,51985,0
CCCC.US,60,20210108,200000,33.96,34.1,33.6,34.04,10623,0
CCCC.US,60,20210108,210000,33.88,34.17,33.825,34.12,14499,0
CCCC.US,60,20210108,220000,34.12,34.14,33.77,33.94,34378,0
CCCC.US,60,20210111,160000,33.52,34,32.95,33.93,21013,0
CCCC.US,60,20210111,170000,33.9,34.6099,33.8,34.46,26143,0
CCCC.US,60,20210111,180000,34.48,36.21,34.18,36.21,22051,0
CCCC.US,60,20210111,190000,35.6411,37.28,35.6411,37.1917,23128,0
CCCC.US,60,20210111,200000,37.1729,37.78,36.91,37.57,40509,0
CCCC.US,60,20210111,210000,37.57,37.78,37.01,37.77,22009,0
CCCC.US,60,20210111,220000,37.6,38.04,37.05,37.46,40609,0
CCCC.US,60,20210112,160000,37.86,37.86,36.7801,36.7801,5635,0
CCCC.US,60,20210112,170000,36.87,37.4819,35.15,35.6204,55309,0
CCCC.US,60,20210112,180000,35.385,35.89,34.39,35.59,56915,0
CCCC.US,60,20210112,190000,35.135,35.55,34.79,35.01,39809,0
CCCC.US,60,20210112,200000,34.8688,35.9499,34.6701,35.695,10587,0
CCCC.US,60,20210112,210000,35.7,36.015,35.35,35.96,14202,0
CCCC.US,60,20210112,220000,36.005,36.57,35.72,36.41,22800,0
CCCC.US,60,20210113,160000,37.125,37.125,36.358,36.358,1432,0
CCCC.US,60,20210113,170000,36.5,36.75,35.716,36.65,30759,0
CCCC.US,60,20210113,180000,36.8915,37.34,36.6297,36.8176,3655,0
CCCC.US,60,20210113,190000,37,37.49,37,37.09,2650,0
CCCC.US,60,20210113,200000,37.28,37.38,37.215,37.38,800,0
CCCC.US,60,20210113,210000,37.22,39.95,37.22,39.48,31059,0
CCCC.US,60,20210113,220000,39.1899,40.79,38.72,39.55,45003,0
CCCC.US,60,20210114,160000,39.7,40.08,39.2101,39.7878,20241,0
CCCC.US,60,20210114,170000,39.96,41.4,39.08,39.37,52475,0
CCCC.US,60,20210114,180000,39.23,39.96,39,39.53,5906,0
CCCC.US,60,20210114,190000,39.79,39.8,39.4,39.49,11452,0
CCCC.US,60,20210114,200000,39.7,39.7,38.25,38.79,22537,0
CCCC.US,60,20210114,210000,38.71,39.275,38.44,39.27,4018,0
CCCC.US,60,20210114,220000,39,39.025,37.77,37.97,26259,0
CCCC.US,60,20210115,160000,37.54,38,37.41,37.708,7318,0
CCCC.US,60,20210115,170000,38.39,38.39,36.57,36.975,23151,0
CCCC.US,60,20210115,180000,37.325,38.005,36.96,37.76,7519,0
CCCC.US,60,20210115,190000,37.4543,38.55,37.4543,38.55,12397,0
CCCC.US,60,20210115,200000,38.675,38.995,38.43,38.56,4300,0
CCCC.US,60,20210115,210000,38.685,38.685,37.62,37.69,6584,0
CCCC.US,60,20210115,220000,37.87,38.75,37.665,38.31,110997,0
CCCC.US,60,20210119,160000,39.51,41.065,39.51,39.6999,2856,0
CCCC.US,60,20210119,170000,39.74,40.15,39.09,39.35,18254,0
CCCC.US,60,20210119,180000,39.22,39.44,38.85,38.9,18186,0
CCCC.US,60,20210119,190000,38.96,39.54,38.685,39.3344,16154,0
CCCC.US,60,20210119,200000,39.49,39.76,39.04,39.04,11402,0
CCCC.US,60,20210119,210000,38.96,39.41,38.96,39.14,9205,0
CCCC.US,60,20210119,220000,38.89,39.75,38.86,39.53,28869,0
CCCC.US,60,20210120,160000,40.1,40.5394,39.16,39.16,2703,0
CCCC.US,60,20210120,170000,39.395,39.395,39,39.01,2100,0
CCCC.US,60,20210120,180000,38.58,39,37.88,38.91,29872,0
CCCC.US,60,20210120,190000,38.9,38.99,38.64,38.67,4568,0
CCCC.US,60,20210120,200000,38.09,38.7,37.56,37.855,25326,0
CCCC.US,60,20210120,210000,37.44,37.79,36.8,37,12609,0
CCCC.US,60,20210120,220000,36.94,37.5,36.165,37.14,46974,0
CCCC.US,60,20210121,160000,37.54,39,36.9099,37.665,11641,0
CCCC.US,60,20210121,170000,37.5075,37.5075,35.71,36.7,14452,0
CCCC.US,60,20210121,180000,36.715,36.8927,35.93,36.06,6574,0
CCCC.US,60,20210121,190000,36.26,37.0298,35.51,35.56,7969,0
CCCC.US,60,20210121,200000,35.9196,36.02,35.65,35.7,4200,0
CCCC.US,60,20210121,210000,35.72,36.45,35.7,36.105,5975,0
CCCC.US,60,20210121,220000,36.105,37.43,35.945,36.87,27660,0
CCCC.US,60,20210122,160000,36.52,36.52,35.61,36.25,5387,0
CCCC.US,60,20210122,170000,36.215,36.8,35.69,36.22,31992,0
CCCC.US,60,20210122,180000,36.2425,37.11,36.06,37,16536,0
CCCC.US,60,20210122,190000,37.12,37.35,37,37.205,3300,0
CCCC.US,60,20210122,200000,37.21,38.21,37.165,38.01,20208,0
CCCC.US,60,20210122,210000,37.84,38.32,37.65,38.32,3309,0
CCCC.US,60,20210122,220000,38.205,40,38.205,39.58,37514,0
CCCC.US,60,20210125,160000,39.74,40.35,38.87,40.35,1979,0
CCCC.US,60,20210125,170000,40.32,41.01,39.35,40.3832,41120,0
CCCC.US,60,20210125,180000,40,40.14,38.74,39.68,6403,0
CCCC.US,60,20210125,190000,39.65,39.92,39.11,39.17,4440,0
CCCC.US,60,20210125,200000,39.18,40.43,39.18,40.4,3700,0
CCCC.US,60,20210125,210000,40.162,40.68,40.162,40.515,6957,0
CCCC.US,60,20210125,220000,40.44,40.97,39.93,40.37,56247,0
CCCC.US,60,20210126,160000,40.47,40.47,39.62,39.62,14925,0
CCCC.US,60,20210126,170000,39.715,40.27,39.515,39.955,15343,0
CCCC.US,60,20210126,180000,39.88,39.95,38.67,38.67,4456,0
CCCC.US,60,20210126,190000,38.67,39.28,38.62,39.28,6141,0
CCCC.US,60,20210126,200000,39.04,39.8,38.85,39.27,10895,0
CCCC.US,60,20210126,210000,38.97,39.66,38.625,39.5,8106,0
CCCC.US,60,20210126,220000,39.71,40,37.83,38.01,32258,0
CCCC.US,60,20210127,160000,37.02,37.485,35.205,35.255,6859,0
CCCC.US,60,20210127,170000,35.3,36.535,35.3,36.24,21391,0
CCCC.US,60,20210127,180000,36.21,36.36,35.375,35.575,13234,0
CCCC.US,60,20210127,190000,35.48,35.92,34.83,35.79,36831,0
CCCC.US,60,20210127,200000,35.505,36.38,35.255,35.77,32773,0
CCCC.US,60,20210127,210000,35.835,35.89,34.52,34.99,28395,0
CCCC.US,60,20210127,220000,34.925,35.39,34.16,34.97,131199,0
CCCC.US,60,20210128,160000,35.18,36.11,34.005,34.83,15263,0
CCCC.US,60,20210128,170000,34.28,34.9699,34.24,34.3,11800,0
CCCC.US,60,20210128,180000,34.455,35.55,34.15,34.93,35702,0
CCCC.US,60,20210128,190000,35.1299,36.21,34.47,36,48147,0
CCCC.US,60,20210128,200000,36,37.04,36,36.47,19817,0
CCCC.US,60,20210128,210000,36.47,36.89,36,36.615,22182,0
CCCC.US,60,20210128,220000,36.56,36.58,35.9,36.17,33978,0
CCCC.US,60,20210129,160000,36.03,36.05,34.86,35.835,1562,0
CCCC.US,60,20210129,170000,35.84,37.54,35.84,36.93,4487,0
CCCC.US,60,20210129,180000,36.94,37.42,36.63,37.38,8109,0
CCCC.US,60,20210129,190000,36.605,36.84,35.8401,36.46,77486,0
CCCC.US,60,20210129,200000,36.5,36.75,35.25,35.4,232083,0
CCCC.US,60,20210129,210000,35.4,35.9645,35.28,35.9645,7300,0
CCCC.US,60,20210129,220000,35.87,36.83,35.49,36.12,26395,0
CCCC.US,60,20210201,160000,36.5,37.5075,35.5,36.005,6894,0
CCCC.US,60,20210201,170000,36.6,37.1,35.875,36.24,28609,0
CCCC.US,60,20210201,180000,36.25,37.159,36.1,36.635,3083,0
CCCC.US,60,20210201,190000,36.93,37.83,36.68,36.96,7604,0
CCCC.US,60,20210201,200000,37.12,37.8713,36.7,37.7973,5501,0
CCCC.US,60,20210201,210000,36.88,37.35,36.27,37.35,2842,0
CCCC.US,60,20210201,220000,37.01,38.12,36.94,38.05,20292,0
CCCC.US,60,20210202,160000,38.44,39.58,36.89,39.335,11653,0
CCCC.US,60,20210202,170000,39.475,41.19,39.18,41.06,23832,0
CCCC.US,60,20210202,180000,41.19,42.61,40.48,42.61,17504,0
CCCC.US,60,20210202,190000,42.425,42.87,41.85,42.69,18954,0
CCCC.US,60,20210202,200000,42.965,44.45,42.93,43.575,33738,0
CCCC.US,60,20210202,210000,43.08,43.595,42.775,43.01,14696,0
CCCC.US,60,20210202,220000,43.175,43.175,41.4,42.53,59739,0
CCCC.US,60,20210203,160000,43.49,44.5,42.57,42.835,7304,0
CCCC.US,60,20210203,170000,43.15,43.93,42.54,43.69,4993,0
CCCC.US,60,20210203,180000,43.3,43.51,41.14,41.65,32930,0
CCCC.US,60,20210203,190000,41.88,43.15,41,42.01,26903,0
CCCC.US,60,20210203,200000,41.98,42.955,41.47,41.65,17775,0
CCCC.US,60,20210203,210000,41.48,41.48,40.87,41.08,5203,0
CCCC.US,60,20210203,220000,41.03,41.59,40.9725,41.45,37189,0
CCCC.US,60,20210204,160000,41.01,41.66,40.8602,40.8602,10829,0
CCCC.US,60,20210204,170000,40.8588,41.73,40.8588,41.73,1570,0
CCCC.US,60,20210204,180000,41.2194,42.0934,41.2194,41.79,2064,0
CCCC.US,60,20210204,190000,42.1698,42.425,41.96,42.425,2679,0
CCCC.US,60,20210204,200000,42.65,42.65,42,42.19,2699,0
CCCC.US,60,20210204,210000,42.19,42.74,41.88,42.47,3643,0
CCCC.US,60,20210204,220000,42.74,43.32,42.11,42.34,28675,0
CCCC.US,60,20210205,160000,41.95,43.66,40.96,42.65,11264,0
CCCC.US,60,20210205,170000,42.6381,43.5,42.4,43.37,4743,0
CCCC.US,60,20210205,180000,43.65,44.44,43.37,44.44,2154,0
CCCC.US,60,20210205,190000,44.435,44.435,43.87,44.245,1049,0
CCCC.US,60,20210205,200000,43.57,44.17,43.54,43.91,2972,0
CCCC.US,60,20210205,210000,43.93,45.5,43.9,45.5,14256,0
CCCC.US,60,20210205,220000,45.325,46.235,44.38,44.73,69352,0
CCCC.US,60,20210208,160000,45.95,46.58,44.01,45.625,10349,0
CCCC.US,60,20210208,170000,45.1,45.49,44.02,44.02,11162,0
CCCC.US,60,20210208,180000,44.03,45.275,43.84,45.0456,8047,0
CCCC.US,60,20210208,190000,45.09,45.09,44.52,44.655,5007,0
CCCC.US,60,20210208,200000,44.68,44.805,44.285,44.46,13317,0
CCCC.US,60,20210208,210000,44.585,44.775,43.3,43.65,5754,0
CCCC.US,60,20210208,220000,43.66,44.1,43.29,43.64,45875,0
CCCC.US,60,20210209,160000,43.65,44.56,42.6742,43.6,7115,0
CCCC.US,60,20210209,170000,44.4855,44.4855,43.75,43.75,1515,0
CCCC.US,60,20210209,180000,44.2919,44.9798,44,44,3257,0
CCCC.US,60,20210209,190000,44.86,44.966,43.98,44.1,2959,0
CCCC.US,60,20210209,200000,44.22,44.31,43.9,44.092,4377,0
CCCC.US,60,20210209,210000,44.3,44.3,43.84,44.18,2831,0
CCCC.US,60,20210209,220000,44.26,44.47,43.94,44.16,16178,0
CCCC.US,60,20210210,160000,44.38,46.2,44.38,45.95,4429,0
CCCC.US,60,20210210,170000,46.47,46.97,44.5458,45.81,20935,0
CCCC.US,60,20210210,180000,45.587,46.475,45.587,45.905,4002,0
CCCC.US,60,20210210,190000,46.29,46.4,45.91,45.92,3412,0
CCCC.US,60,20210210,200000,46.04,46.2999,45.72,45.95,1215,0
CCCC.US,60,20210210,210000,45.71,46.3,45.6345,45.995,7460,0
CCCC.US,60,20210210,220000,46.19,46.99,46.15,46.5,17599,0
CCCC.US,60,20210211,160000,45.71,47.49,45.51,47.49,7491,0
CCCC.US,60,20210211,170000,47.5,48.975,46.5917,47.24,10870,0
CCCC.US,60,20210211,180000,47.015,47.075,45.77,47.075,3200,0
CCCC.US,60,20210211,190000,47.05,47.09,44.98,46.1299,3924,0
CCCC.US,60,20210211,200000,45.08,46.365,45.04,45.55,1000,0
CCCC.US,60,20210211,210000,45.955,45.955,45.08,45.91,6993,0
CCCC.US,60,20210211,220000,45.59,46.595,45.22,45.54,58511,0
CCCC.US,60,20210212,160000,45.08,45.36,44.215,44.34,8774,0
CCCC.US,60,20210212,170000,44.68,44.68,43.2101,43.9,9523,0
CCCC.US,60,20210212,180000,44.39,44.61,43.99,44.61,1200,0
CCCC.US,60,20210212,190000,44.54,44.62,43,43.19,4086,0
CCCC.US,60,20210212,200000,43.19,43.5599,42.92,43.04,2120,0
CCCC.US,60,20210212,210000,43.157,43.44,42.03,42.03,4426,0
CCCC.US,60,20210212,220000,41.79,42.55,41.47,41.97,13767,0
CCCC.US,60,20210216,160000,42,42.55,41.5,41.995,23721,0
CCCC.US,60,20210216,170000,41.91,42.25,41.34,41.51,116177,0
CCCC.US,60,20210216,180000,41.5,42.23,41.4,42.21,16634,0
CCCC.US,60,20210216,190000,41.87,42,41.53,41.66,9069,0
CCCC.US,60,20210216,200000,41.92,41.9596,41.28,41.28,3623,0
CCCC.US,60,20210216,210000,41.76,41.76,41.03,41.03,12152,0
CCCC.US,60,20210216,220000,41.17,41.44,40.9,41.31,24019,0
CCCC.US,60,20210217,160000,41.01,42,41.01,41.73,86002,0
CCCC.US,60,20210217,170000,41.17,41.61,40.4,41.22,12888,0
CCCC.US,60,20210217,180000,41.2,41.61,41.07,41.61,4350,0
CCCC.US,60,20210217,200000,41.22,41.5,40.58,41.5,5500,0
CCCC.US,60,20210217,210000,41.5,41.77,41,41.73,19560,0
CCCC.US,60,20210217,220000,41.68,41.91,41.285,41.51,31986,0
CCCC.US,60,20210218,160000,41.51,42.38,41.16,42.26,7186,0
CCCC.US,60,20210218,170000,42.24,42.81,40.33,40.99,14692,0
CCCC.US,60,20210218,180000,41.16,41.53,40.805,41.53,12841,0
CCCC.US,60,20210218,190000,41.86,42.5,41.48,42.5,4470,0
CCCC.US,60,20210218,200000,42.51,43.21,42.18,42.6,9010,0
CCCC.US,60,20210218,210000,42.4989,43.125,42.4989,42.87,6782,0
CCCC.US,60,20210218,220000,43.2,43.31,42.48,42.72,64580,0
CCCC.US,60,20210219,160000,43.25,44.935,43.25,44.16,7464,0
CCCC.US,60,20210219,170000,44.1,44.71,41.86,43.31,76115,0
CCCC.US,60,20210219,180000,43.09,45.23,43.02,45.23,5900,0
CCCC.US,60,20210219,190000,45.16,45.16,43.61,44.035,4242,0
CCCC.US,60,20210219,200000,44.31,44.7386,43.96,44.565,7381,0
CCCC.US,60,20210219,210000,44.35,44.6163,44.22,44.235,8997,0
CCCC.US,60,20210219,220000,44.4,44.55,43.02,43.03,42652,0
CCCC.US,60,20210222,160000,44.01,45.425,42.78,43.65,65066,0
CCCC.US,60,20210222,170000,43.9598,43.9598,42.4,43.11,12464,0
CCCC.US,60,20210222,180000,42.69,43.2,42.03,43.17,5084,0
CCCC.US,60,20210222,190000,43.4,43.81,42.43,42.72,2905,0
CCCC.US,60,20210222,200000,43.06,43.1,42.09,42.48,21294,0
CCCC.US,60,20210222,210000,42.4,42.69,41.5301,42.545,9777,0
CCCC.US,60,20210222,220000,42.42,42.65,41.15,41.62,23749,0
CCCC.US,60,20210223,160000,41,41.57,40.5,40.5,41921,0
CCCC.US,60,20210223,170000,40.62,40.71,37.92,40.46,73892,0
CCCC.US,60,20210223,180000,40.46,41.205,39.7,40.03,122674,0
CCCC.US,60,20210223,190000,40.225,40.67,40.07,40.395,13015,0
CCCC.US,60,20210223,200000,40.39,40.69,40.29,40.42,6759,0
CCCC.US,60,20210223,210000,40.65,41.33,40.65,41.175,19884,0
CCCC.US,60,20210223,220000,41.155,41.665,40.4,41.21,63258,0
CCCC.US,60,20210224,160000,41.13,42.16,40.065,41.07,2907,0
CCCC.US,60,20210224,170000,41.165,42.34,40.89,42.095,6865,0
CCCC.US,60,20210224,180000,42.32,42.9557,41.62,41.83,9320,0
CCCC.US,60,20210224,190000,41.68,41.99,41.17,41.68,4700,0
CCCC.US,60,20210224,200000,41.52,41.98,41.28,41.98,5802,0
CCCC.US,60,20210224,210000,41.67,41.795,41.275,41.41,7440,0
CCCC.US,60,20210224,220000,41.57,41.94,41.14,41.72,27248,0
CCCC.US,60,20210225,160000,42.02,43.5,42.02,42.8,14369,0
CCCC.US,60,20210225,170000,42.68,43.5,42.09,42.8,5321,0
CCCC.US,60,20210225,180000,42.96,43.92,42.75,43.06,8939,0
CCCC.US,60,20210225,190000,42.67,43.2144,41.27,41.27,5065,0
CCCC.US,60,20210225,200000,41.5,42.8299,41.415,42.025,6016,0
CCCC.US,60,20210225,210000,41.915,42.82,41.654,42.05,5749,0
CCCC.US,60,20210225,220000,42.4,42.4,40.95,41.75,24465,0
CCCC.US,60,20210226,160000,42.51,42.51,41,41.65,2928,0
CCCC.US,60,20210226,170000,41.64,41.64,39.23,39.5,72147,0
CCCC.US,60,20210226,180000,39.87,40.97,39.43,40.9,27411,0
CCCC.US,60,20210226,190000,41.01,42.2297,40.93,41.55,6528,0
CCCC.US,60,20210226,200000,42.01,42.26,41.15,41.78,7424,0
CCCC.US,60,20210226,210000,41.7,42.22,41.212,42.07,5724,0
CCCC.US,60,20210226,220000,42.245,43.62,42.245,43.01,27267,0
CCCC.US,60,20210301,160000,43.36,45.01,43.18,44.38,8107,0
CCCC.US,60,20210301,170000,43.87,44.49,42.43,43.5752,10795,0
CCCC.US,60,20210301,180000,43.1,43.16,42.08,42.625,9003,0
CCCC.US,60,20210301,190000,42.54,42.97,41.7401,42.67,7676,0
CCCC.US,60,20210301,200000,42.92,43.78,42.52,43.6,7412,0
CCCC.US,60,20210301,210000,43.64,43.64,43.02,43.14,1806,0
CCCC.US,60,20210301,220000,43.48,43.48,42.07,42.39,20725,0
CCCC.US,60,20210302,160000,42.77,43.486,42,42.99,9709,0
CCCC.US,60,20210302,170000,42.85,43.99,42.81,43.4312,2868,0
CCCC.US,60,20210302,180000,42.97,43.98,42.14,42.505,4246,0
CCCC.US,60,20210302,190000,42.505,42.765,41.84,42.41,8605,0
CCCC.US,60,20210302,200000,42.415,42.925,42.165,42.165,8667,0
CCCC.US,60,20210302,210000,41.92,42.62,41.54,42.19,8862,0
CCCC.US,60,20210302,220000,42.42,42.96,42.32,42.5,11982,0
CCCC.US,60,20210303,160000,42.89,43.16,41.5,42.1,17800,0
CCCC.US,60,20210303,170000,42.01,42.01,39.77,40.935,64132,0
CCCC.US,60,20210303,180000,41,41.9473,40.535,40.955,8431,0
CCCC.US,60,20210303,190000,40.83,41.09,40.5,40.615,31776,0
CCCC.US,60,20210303,200000,40.56,40.77,40.5,40.51,27871,0
CCCC.US,60,20210303,210000,40.61,40.79,39.77,39.99,78504,0
CCCC.US,60,20210303,220000,40,40.62,39.75,40.06,243225,0
CCCC.US,60,20210304,160000,39.72,39.72,38.7,38.7,31326,0
CCCC.US,60,20210304,170000,38.7,40.68,38.24,40.365,33504,0
CCCC.US,60,20210304,180000,40.22,41.64,40.0001,41.085,5260,0
CCCC.US,60,20210304,190000,41.335,41.335,39.63,39.905,2548,0
CCCC.US,60,20210304,200000,39.96,39.96,38.21,38.71,6261,0
CCCC.US,60,20210304,210000,38.52,39.56,38.5,38.89,26627,0
CCCC.US,60,20210304,220000,38.61,40.02,38.25,39.07,73486,0
CCCC.US,60,20210305,160000,39.69,39.739,38.3912,38.3912,2540,0
CCCC.US,60,20210305,170000,38.48,38.68,36.5001,37.22,35769,0
CCCC.US,60,20210305,180000,37.4,38.03,36.51,37.72,16357,0
CCCC.US,60,20210305,190000,37.69,39.52,37.46,38.6,12716,0
CCCC.US,60,20210305,200000,38.905,40.91,38.905,40.18,11750,0
CCCC.US,60,20210305,210000,40.43,41.55,39.55,41.008,48781,0
CCCC.US,60,20210305,220000,41.47,42.56,41.09,41.63,47963,0
CCCC.US,60,20210308,160000,41.62,43.48,40.4901,42.05,3379,0
CCCC.US,60,20210308,170000,41.68,43.45,41.625,43.3194,30907,0
CCCC.US,60,20210308,180000,43.21,43.32,41.23,41.23,6947,0
CCCC.US,60,20210308,190000,40.94,42.69,40.715,41.95,6458,0
CCCC.US,60,20210308,200000,42.47,42.84,41.79,41.79,1716,0
CCCC.US,60,20210308,210000,42.24,43.3,42.2,43.28,4854,0
CCCC.US,60,20210308,220000,42.94,42.99,41.68,42.11,18680,0
CCCC.US,60,20210309,160000,42.83,43.935,42.58,43.13,4989,0
CCCC.US,60,20210309,170000,43.3157,43.55,41.91,43.19,17438,0
CCCC.US,60,20210309,180000,43.38,43.38,42.34,42.53,10645,0
CCCC.US,60,20210309,190000,42,43.16,42,42.615,5574,0
CCCC.US,60,20210309,200000,42.62,43.01,42.29,42.885,6226,0
CCCC.US,60,20210309,210000,42.66,42.95,42.105,42.87,6943,0
CCCC.US,60,20210309,220000,42.86,43.2162,41.9,42.13,37678,0
CCCC.US,60,20210310,160000,42.45,43.51,42.17,42.17,20487,0
CCCC.US,60,20210310,170000,42.17,42.66,40.5,40.905,28801,0
CCCC.US,60,20210310,180000,40.86,41.85,40.51,40.9,18460,0
CCCC.US,60,20210310,190000,40.92,41.42,40.61,40.65,10999,0
CCCC.US,60,20210310,200000,40.78,40.97,40,40.25,36933,0
CCCC.US,60,20210310,210000,40.29,41.31,40.17,41.04,20657,0
CCCC.US,60,20210310,220000,40.71,41.25,40.53,40.72,24453,0
CCCC.US,60,20210311,160000,41.12,42.14,40.43,40.65,19358,0
CCCC.US,60,20210311,170000,40.61,41.99,40.35,41.99,17141,0
CCCC.US,60,20210311,180000,42.46,42.62,41.17,41.17,11622,0
CCCC.US,60,20210311,190000,41.22,42,40.84,41.57,6710,0
CCCC.US,60,20210311,200000,41.835,42.63,41.45,42.11,8663,0
CCCC.US,60,20210311,210000,41.66,42.28,41.33,41.765,7372,0
CCCC.US,60,20210311,220000,41.765,42.16,41.3,41.48,101233,0
CCCC.US,60,20210312,160000,42.15,44.64,42.15,44.22,60824,0
CCCC.US,60,20210312,170000,44.615,44.75,43.44,43.98,12345,0
CCCC.US,60,20210312,180000,43.74,44.74,43.22,43.43,17808,0
CCCC.US,60,20210312,190000,43.18,44.74,43.18,44.42,6462,0
CCCC.US,60,20210312,200000,44.65,44.8,43.87,44.3292,9521,0
CCCC.US,60,20210312,210000,43.6,44.74,43.55,44.72,7322,0
CCCC.US,60,20210312,220000,44.74,44.8,44.03,44.64,36557,0
CCCC.US,60,20210315,150000,44.89,44.9,44.02,44.15,6956,0
CCCC.US,60,20210315,160000,44.06,44.28,43.74,43.86,11166,0
CCCC.US,60,20210315,170000,43.87,44.34,43,43.35,24421,0
CCCC.US,60,20210315,180000,43.35,44.93,43.29,44.59,21835,0
CCCC.US,60,20210315,190000,44.84,45.61,44.63,45.13,8100,0
CCCC.US,60,20210315,200000,45.02,45.9411,44.71,45.4,12710,0
CCCC.US,60,20210315,210000,45.24,45.63,44.01,44.25,34867,0
CCCC.US,60,20210316,150000,44.24,45.76,44.17,44.48,2577,0
CCCC.US,60,20210316,160000,44.71,45.38,43.34,43.62,11040,0
CCCC.US,60,20210316,170000,43.72,44.29,43.36,43.685,7164,0
CCCC.US,60,20210316,180000,43.24,44.24,43.14,43.67,18262,0
CCCC.US,60,20210316,190000,43.32,43.75,43.0501,43.41,33857,0
CCCC.US,60,20210316,200000,43.42,43.77,43.25,43.31,40413,0
CCCC.US,60,20210316,210000,43.4,44.08,43.365,43.66,24218,0
CCCC.US,60,20210317,150000,43.47,43.79,42.8309,43.64,3225,0
CCCC.US,60,20210317,160000,43.75,43.8372,42.9371,43.625,14947,0
CCCC.US,60,20210317,170000,43.52,43.91,43.35,43.71,4570,0
CCCC.US,60,20210317,180000,43.715,44.23,43.58,44.23,3966,0
CCCC.US,60,20210317,190000,44.205,44.58,43.69,44.12,5295,0
CCCC.US,60,20210317,200000,44.12,44.72,43.96,44.22,15214,0
CCCC.US,60,20210317,210000,44.18,44.92,43.35,43.73,58458,0
CCCC.US,60,20210318,150000,43.47,43.47,42.18,42.65,12188,0
CCCC.US,60,20210318,160000,42.63,42.63,41.25,41.47,35458,0
CCCC.US,60,20210318,170000,41.415,41.415,40.82,41.08,17170,0
CCCC.US,60,20210318,180000,41.24,41.55,41.04,41.08,16756,0
CCCC.US,60,20210318,190000,41.03,41.89,40.86,41.05,22800,0
CCCC.US,60,20210318,200000,41.05,41.35,40.66,40.66,24143,0
CCCC.US,60,20210318,210000,40.795,40.795,39.2,40.01,63661,0
CCCC.US,60,20210319,150000,39.56,40.775,39,39.05,42355,0
CCCC.US,60,20210319,160000,39.16,42.23,38.97,40.31,55516,0
CCCC.US,60,20210319,170000,40.12,40.4455,39.53,40.02,19391,0
CCCC.US,60,20210319,180000,40.16,41.05,40.1,40.69,12701,0
CCCC.US,60,20210319,190000,40.835,40.92,39.765,40.08,13955,0
CCCC.US,60,20210319,200000,40.19,40.24,39.09,39.33,30958,0
CCCC.US,60,20210319,210000,39.04,39.5,34,38.92,590875,0
CCCC.US,60,20210322,150000,39.03,40.55,38.8,39.985,32867,0
CCCC.US,60,20210322,160000,40.075,40.971,39.75,39.97,22956,0
CCCC.US,60,20210322,170000,40.09,41.255,40,40.8,18312,0
CCCC.US,60,20210322,180000,40.91,41.09,40.21,40.29,10980,0
CCCC.US,60,20210322,190000,40.29,40.33,39.84,39.99,12916,0
CCCC.US,60,20210322,200000,39.965,40.07,39.93,40.035,20070,0
CCCC.US,60,20210322,210000,40,40.76,40,40.33,69723,0
CCCC.US,60,20210323,150000,40.27,40.8,39.75,40.33,12355,0
CCCC.US,60,20210323,160000,40.415,40.69,39.89,39.9715,36205,0
CCCC.US,60,20210323,170000,40,40.11,38.24,38.5407,14044,0
CCCC.US,60,20210323,180000,38.44,38.93,38.085,38.685,27259,0
CCCC.US,60,20210323,190000,38.685,39.51,38.685,39.08,8902,0
CCCC.US,60,20210323,200000,39.4,39.43,38.25,38.74,67224,0
CCCC.US,60,20210323,210000,38.64,38.83,38,38.1,115014,0
CCCC.US,60,20210324,150000,38.29,38.29,37.57,37.955,10975,0
CCCC.US,60,20210324,160000,37.945,38.49,37.07,37.89,22351,0
CCCC.US,60,20210324,170000,37.97,38.01,37.245,37.905,21309,0
CCCC.US,60,20210324,180000,37.83,37.96,37.47,37.73,17798,0
CCCC.US,60,20210324,190000,37.445,38.01,37.4137,38.01,20359,0
CCCC.US,60,20210324,200000,37.85,38.22,37.595,38,71692,0
CCCC.US,60,20210324,210000,38,38.11,37.48,37.86,120621,0
CCCC.US,60,20210325,150000,36.55,37.84,36.01,37.77,32448,0
CCCC.US,60,20210325,160000,37.785,38.22,37.315,37.515,19345,0
CCCC.US,60,20210325,170000,37.605,38.14,37.36,38.14,17274,0
CCCC.US,60,20210325,180000,38.065,39.785,38.065,39.615,12019,0
CCCC.US,60,20210325,190000,39.61,39.82,38.67,38.93,11898,0
CCCC.US,60,20210325,200000,38.89,39.48,38.71,39.27,9858,0
CCCC.US,60,20210325,210000,39.275,40.12,39.06,39.885,70438,0
CCCC.US,60,20210326,150000,39.95,40.56,39.11,40,5825,0
CCCC.US,60,20210326,160000,40,40.14,38.06,38.08,244828,0
CCCC.US,60,20210326,170000,38.28,39.09,36.73,38,81588,0
CCCC.US,60,20210326,180000,37.99,38.21,37,37.04,36316,0
CCCC.US,60,20210326,190000,37.01,37.14,36.6927,36.8,42500,0
CCCC.US,60,20210326,200000,36.8,37.22,36.515,37.17,28047,0
CCCC.US,60,20210326,210000,37.17,37.74,36.91,37.32,43764,0
CCCC.US,60,20210329,160000,36.98,36.98,35.05,35.05,4714,0
CCCC.US,60,20210329,170000,35.175,35.175,34.165,34.305,12074,0
CCCC.US,60,20210329,180000,34.305,34.55,33.305,33.57,61793,0
CCCC.US,60,20210329,190000,33.578,33.79,32.5102,33.33,21451,0
CCCC.US,60,20210329,200000,33.485,33.7444,32.96,33.73,8153,0
CCCC.US,60,20210329,210000,33.42,34.04,33.0975,33.245,18957,0
CCCC.US,60,20210329,220000,33.245,33.48,33.05,33.32,59294,0
CCCC.US,60,20210330,160000,33.03,33.2299,31.5,32.31,21821,0
CCCC.US,60,20210330,170000,32.31,33.31,32.22,32.63,12032,0
CCCC.US,60,20210330,180000,32.179,33.88,32.179,33.435,8249,0
CCCC.US,60,20210330,190000,33.42,33.78,33.0946,33.5,28137,0
CCCC.US,60,20210330,200000,33.38,33.59,33.09,33.1,9500,0
CCCC.US,60,20210330,210000,33.1,33.22,32.38,32.5119,10459,0
CCCC.US,60,20210330,220000,32.566,33.21,32.21,32.9,67334,0
CCCC.US,60,20210331,160000,33,33.9999,32.72,33.155,91523,0
CCCC.US,60,20210331,170000,33.08,34.53,33.05,34.53,41211,0
CCCC.US,60,20210331,180000,34.5,36.97,34.5,36.69,31538,0
CCCC.US,60,20210331,190000,36.56,37.74,36.525,37.61,32250,0
CCCC.US,60,20210331,200000,37.58,38.17,36.525,37.03,23824,0
CCCC.US,60,20210331,210000,37.27,38.3999,37.095,38.25,44352,0
CCCC.US,60,20210331,220000,38.235,38.27,36.24,36.99,111587,0
CCCC.US,60,20210401,160000,36.8,38.88,36.26,38.265,22078,0
CCCC.US,60,20210401,170000,38.515,38.84,37.825,38.19,23044,0
CCCC.US,60,20210401,180000,38.03,38.08,37.314,37.88,20068,0
CCCC.US,60,20210401,190000,37.88,38.68,37.76,38.385,16256,0
CCCC.US,60,20210401,200000,38.39,39.15,38.39,38.74,12102,0
CCCC.US,60,20210401,210000,38.79,38.79,38.18,38.415,25573,0
CCCC.US,60,20210401,220000,38.47,38.75,38.285,38.63,76592,0
CCCC.US,60,20210405,160000,38.32,38.75,37,37.74,40945,0
CCCC.US,60,20210405,170000,37.7275,38.1,36.775,36.775,64104,0
CCCC.US,60,20210405,180000,37.02,37.246,36.3,36.44,45724,0
CCCC.US,60,20210405,190000,36.61,37.07,36.41,36.87,16668,0
CCCC.US,60,20210405,200000,36.76,38.305,36.68,37.68,70349,0
CCCC.US,60,20210405,210000,37.66,37.94,37.6,37.84,10642,0
CCCC.US,60,20210405,220000,37.86,37.98,37.25,37.51,42162,0
CCCC.US,60,20210406,160000,37.45,38.2,36.43,37.185,94835,0
CCCC.US,60,20210406,170000,37.0329,38.29,36.82,38.22,86644,0
CCCC.US,60,20210406,180000,38.12,38.45,37.39,37.68,175371,0
CCCC.US,60,20210406,190000,37.9,38.46,37.63,38.03,132198,0
CCCC.US,60,20210406,200000,38.11,38.11,36.72,37.385,55536,0
CCCC.US,60,20210406,210000,37.385,37.75,36.99,37.17,49827,0
CCCC.US,60,20210406,220000,37.17,37.59,37.05,37.49,302867,0
CCCC.US,60,20210407,160000,36.755,38.37,36.755,37.54,19085,0
CCCC.US,60,20210407,170000,37.535,37.785,36.815,37.42,25487,0
CCCC.US,60,20210407,180000,37.33,37.57,36.88,37.44,45439,0
CCCC.US,60,20210407,190000,37.49,37.785,37.2,37.785,18607,0
CCCC.US,60,20210407,200000,37.76,37.8,37.32,37.505,8166,0
CCCC.US,60,20210407,210000,37.35,37.63,36.98,37.03,28505,0
CCCC.US,60,20210407,220000,37.03,37.03,35.815,36.17,82169,0
CCCC.US,60,20210408,160000,36.61,36.61,35.095,36.025,5420,0
CCCC.US,60,20210408,170000,35.96,36.27,35.285,35.95,46239,0
CCCC.US,60,20210408,180000,36.01,36.37,34.81,34.82,36676,0
CCCC.US,60,20210408,190000,34.855,35.71,34.46,35.38,125733,0
CCCC.US,60,20210408,200000,35.315,35.46,34.19,34.3,57226,0
CCCC.US,60,20210408,210000,34.47,34.61,33.51,34,27230,0
CCCC.US,60,20210408,220000,33.87,34.0699,33.38,33.72,69925,0
CCCC.US,60,20210409,160000,33.54,33.78,32.21,32.76,26299,0
CCCC.US,60,20210409,170000,32.72,33.21,32.17,32.55,71618,0
CCCC.US,60,20210409,180000,32.375,33.12,32.24,32.42,63214,0
CCCC.US,60,20210409,190000,32.48,32.76,32,32.47,93972,0
CCCC.US,60,20210409,200000,32.47,33.11,32.33,33.07,19021,0
CCCC.US,60,20210409,210000,32.87,33.25,32.26,33,63227,0
CCCC.US,60,20210409,220000,32.89,33.1,32.31,32.66,174199,0
CCCC.US,60,20210412,160000,32.6,32.99,31,31.41,28663,0
CCCC.US,60,20210412,170000,31.235,31.71,31.01,31.485,59286,0
CCCC.US,60,20210412,180000,31.48,31.8,31.14,31.6,50925,0
CCCC.US,60,20210412,190000,31.485,31.99,31.12,31.12,30097,0
CCCC.US,60,20210412,200000,31.12,31.6,31.01,31.3,52296,0
CCCC.US,60,20210412,210000,31.1614,31.45,30.72,30.925,19945,0
CCCC.US,60,20210412,220000,30.925,31.22,30.33,30.71,179270,0
CCCC.US,60,20210413,160000,30.56,31.3726,30.52,30.52,20487,0
CCCC.US,60,20210413,170000,30.5454,31.57,30.37,30.655,100822,0
CCCC.US,60,20210413,180000,30.67,30.75,30.02,30.665,46244,0
CCCC.US,60,20210413,190000,30.665,30.71,30.06,30.51,121222,0
CCCC.US,60,20210413,200000,30.32,30.38,29.75,30.125,32712,0
CCCC.US,60,20210413,210000,30.125,31.295,30.06,31.21,64299,0
CCCC.US,60,20210413,220000,31.22,32.04,31,31.58,182714,0
CCCC.US,60,20210414,160000,32.37,33.04,31.4775,32.68,118336,0
CCCC.US,60,20210414,170000,32.25,33.88,32.25,33.76,15969,0
CCCC.US,60,20210414,180000,33.78,34,33.44,33.88,13880,0
CCCC.US,60,20210414,190000,33.875,33.875,33.39,33.59,59435,0
CCCC.US,60,20210414,200000,33.53,33.64,32.865,32.89,95216,0
CCCC.US,60,20210414,210000,32.93,33.07,32.66,32.88,26315,0
CCCC.US,60,20210414,220000,32.87,33.44,32.5,33.18,235532,0
CCCC.US,60,20210415,160000,33.42,33.42,31.47,33.32,89177,0
CCCC.US,60,20210415,170000,33.73,33.74,32.205,32.24,20832,0
CCCC.US,60,20210415,180000,32.24,32.24,31.29,31.89,11850,0
CCCC.US,60,20210415,190000,31.93,32.73,31.885,32.695,32931,0
CCCC.US,60,20210415,200000,32.7,33.28,32.41,32.81,9633,0
CCCC.US,60,20210415,210000,32.9,33.62,32.67,33.52,25488,0
CCCC.US,60,20210415,220000,33.46,33.575,32.75,32.92,70636,0
CCCC.US,60,20210416,160000,33.1,33.2898,32.06,32.465,15688,0
CCCC.US,60,20210416,170000,32.2673,32.64,31.84,31.84,9880,0
CCCC.US,60,20210416,180000,31.845,32.34,31.845,32.27,12970,0
CCCC.US,60,20210416,190000,32.16,32.16,31.77,32.06,10030,0
CCCC.US,60,20210416,200000,32.21,32.21,31.89,31.985,8576,0
CCCC.US,60,20210416,210000,31.985,32.43,31.985,32.43,5372,0
CCCC.US,60,20210416,220000,32.43,32.66,32.21,32.55,51685,0
CCCC.US,60,20210419,160000,32.58,32.9009,31.48,32,14089,0
CCCC.US,60,20210419,170000,31.835,32.11,31.45,31.6,27280,0
CCCC.US,60,20210419,180000,31.33,31.46,30.94,31.29,10132,0
CCCC.US,60,20210419,190000,31.275,31.6,31.16,31.6,19107,0
CCCC.US,60,20210419,200000,31.61,31.84,31.36,31.425,4149,0
CCCC.US,60,20210419,210000,31.31,31.45,31.19,31.34,8516,0
CCCC.US,60,20210419,220000,31.35,31.715,31.345,31.58,118308,0
CCCC.US,60,20210420,160000,31.51,31.67,30.6165,31.12,4484,0
CCCC.US,60,20210420,170000,30.92,31.79,30.53,30.74,72355,0
CCCC.US,60,20210420,180000,30.75,31.01,30.25,30.76,16423,0
CCCC.US,60,20210420,190000,30.845,31.12,30.68,30.85,3317,0
CCCC.US,60,20210420,200000,30.765,30.82,30.475,30.62,4681,0
CCCC.US,60,20210420,210000,30.6,30.7,30.25,30.255,10646,0
CCCC.US,60,20210420,220000,30.41,30.46,30.07,30.39,50738,0
CCCC.US,60,20210421,160000,30.35,30.98,29.55,29.55,8556,0
CCCC.US,60,20210421,170000,29.56,30.88,29.5506,30.415,10749,0
CCCC.US,60,20210421,180000,30.275,31.03,30.275,31.03,9479,0
CCCC.US,60,20210421,190000,30.94,31.18,30.66,30.755,8427,0
CCCC.US,60,20210421,200000,30.71,30.95,30.64,30.84,12285,0
CCCC.US,60,20210421,210000,30.8,31.12,30.765,30.91,12131,0
CCCC.US,60,20210421,220000,31.03,31.77,30.955,31.75,77292,0
CCCC.US,60,20210422,160000,31.48,31.48,30.395,31,5760,0
CCCC.US,60,20210422,170000,31.23,32.18,31.05,31.64,30256,0
CCCC.US,60,20210422,180000,31.755,32.11,31.36,31.8,54764,0
CCCC.US,60,20210422,190000,31.82,32,31.32,31.59,49706,0
CCCC.US,60,20210422,200000,31.72,31.72,30.74,30.9,24709,0
CCCC.US,60,20210422,210000,30.835,31.07,30.11,30.385,48626,0
CCCC.US,60,20210422,220000,30.4,31.43,30.26,30.85,83346,0
CCCC.US,60,20210423,160000,31.14,31.53,30.62,31.355,3389,0
CCCC.US,60,20210423,170000,31.29,31.73,30.97,31.13,19816,0
CCCC.US,60,20210423,180000,31.19,31.28,30.6,30.6,14317,0
CCCC.US,60,20210423,190000,30.72,30.72,30.21,30.36,7508,0
CCCC.US,60,20210423,200000,30.43,30.75,30.43,30.585,7113,0
CCCC.US,60,20210423,210000,30.535,30.68,30.22,30.615,8865,0
CCCC.US,60,20210423,220000,30.575,30.74,30.42,30.56,29110,0
CCCC.US,60,20210426,160000,30.54,30.54,29.57,30.25,16600,0
CCCC.US,60,20210426,170000,30.26,31.35,30.26,31.35,35210,0
CCCC.US,60,20210426,180000,31.165,31.59,30.77,31.1,23072,0
CCCC.US,60,20210426,190000,30.76,32.04,30.74,31.88,31450,0
CCCC.US,60,20210426,200000,32,32.4,31.71,32.4,18562,0
CCCC.US,60,20210426,210000,32.37,32.69,31.85,32.1,69306,0
CCCC.US,60,20210426,220000,32.1,32.56,31.81,32.3,183728,0
CCCC.US,60,20210427,160000,32.47,33.82,31.7,33.455,34268,0
CCCC.US,60,20210427,170000,33.64,34.63,33.505,34.11,157731,0
CCCC.US,60,20210427,180000,34.05,34.48,33.63,34,508970,0
CCCC.US,60,20210427,190000,34.14,34.57,33.75,33.92,35828,0
CCCC.US,60,20210427,200000,33.84,34.03,33.74,33.91,15702,0
CCCC.US,60,20210427,210000,33.85,34.08,33.73,34,20806,0
CCCC.US,60,20210427,220000,34,34.12,33.08,33.25,109340,0
CCCC.US,60,20210428,160000,33.37,34.175,32.92,34,14128,0
CCCC.US,60,20210428,170000,34.39,34.62,33.83,34.585,23856,0
CCCC.US,60,20210428,180000,34.66,35.24,34.615,35.02,93996,0
CCCC.US,60,20210428,190000,34.87,35,34.5,34.75,64858,0
CCCC.US,60,20210428,200000,34.67,34.87,34.45,34.765,26668,0
CCCC.US,60,20210428,210000,34.77,35.02,34.63,34.83,62758,0
CCCC.US,60,20210428,220000,34.74,35,34.61,34.82,119538,0
CCCC.US,60,20210429,160000,35.23,35.23,32.58,32.755,107418,0
CCCC.US,60,20210429,170000,33.04,33.56,32.61,33.34,35040,0
CCCC.US,60,20210429,180000,33.18,35.09,33.18,34.5,52520,0
CCCC.US,60,20210429,190000,34.65,34.87,34.21,34.5,58636,0
CCCC.US,60,20210429,200000,34.51,35.05,34.4,34.685,32232,0
CCCC.US,60,20210429,210000,34.685,35.08,34.44,35.015,36824,0
CCCC.US,60,20210429,220000,35.06,35.13,33.97,34.24,111190,0
CCCC.US,60,20210430,160000,34.06,34.615,34.06,34.59,2568,0
CCCC.US,60,20210430,170000,34.61,35.275,34.425,35.05,57490,0
CCCC.US,60,20210430,180000,34.945,35.06,33.925,33.96,34790,0
CCCC.US,60,20210430,190000,33.81,34.3,33.33,33.515,19160,0
CCCC.US,60,20210430,200000,33.63,33.68,32.5,32.67,21378,0
CCCC.US,60,20210430,210000,32.67,33.235,32.67,33.235,23960,0
CCCC.US,60,20210430,220000,33.37,33.595,33.03,33.03,141278,0
CCCC.US,60,20210503,160000,33.29,33.53,30.7273,32.705,3209,0
CCCC.US,60,20210503,170000,32.95,33.9,32.19,32.2,16783,0
CCCC.US,60,20210503,180000,32.395,32.94,32.26,32.72,10283,0
CCCC.US,60,20210503,190000,32.56,33.02,32.48,32.76,13039,0
CCCC.US,60,20210503,200000,32.86,33.57,32.79,33.2,24470,0
CCCC.US,60,20210503,210000,33.29,33.92,32.8,33.89,11365,0
CCCC.US,60,20210503,220000,34.095,34.095,33.46,33.63,36341,0
CCCC.US,60,20210504,160000,33.29,33.455,31.88,32.038,7349,0
CCCC.US,60,20210504,170000,31.905,33.01,31.69,33.01,19943,0
CCCC.US,60,20210504,180000,32.67,33.15,32.2,32.81,18081,0
CCCC.US,60,20210504,190000,32.72,33.46,32.56,33.16,17747,0
CCCC.US,60,20210504,200000,33.28,33.86,32.83,33.05,28604,0
CCCC.US,60,20210504,210000,32.84,33.03,32.52,32.84,14644,0
CCCC.US,60,20210504,220000,32.84,32.935,31.76,31.91,96001,0
CCCC.US,60,20210505,160000,32.13,32.95,31.46,32,10987,0
CCCC.US,60,20210505,170000,32.21,33.67,31.68,32.525,68405,0
CCCC.US,60,20210505,180000,32.4,32.95,32.3,32.41,22813,0
CCCC.US,60,20210505,190000,32.41,32.72,32.28,32.56,18049,0
CCCC.US,60,20210505,200000,32.51,33,32.47,33,18029,0
CCCC.US,60,20210505,210000,32.98,33.025,32.76,32.91,15966,0
CCCC.US,60,20210505,220000,32.91,32.91,32.08,32.67,47503,0
CCCC.US,60,20210506,160000,32.66,32.95,31.9,32.4,7369,0
CCCC.US,60,20210506,170000,32.4,33.6,31.9773,33.12,23316,0
CCCC.US,60,20210506,180000,33.0968,34.11,32.79,33.29,27336,0
CCCC.US,60,20210506,190000,33.52,34.2,33.32,33.69,39067,0
CCCC.US,60,20210506,200000,34.11,34.13,33.41,33.42,13226,0
CCCC.US,60,20210506,210000,33.48,33.66,32.94,33.21,36058,0
CCCC.US,60,20210506,220000,33.23,33.42,33.1,33.21,84331,0
CCCC.US,60,20210507,160000,32.48,34.415,32.48,34.03,13469,0
CCCC.US,60,20210507,170000,33.85,34.72,33.41,34.72,10336,0
CCCC.US,60,20210507,180000,34.7,35.21,34.4,34.79,25552,0
CCCC.US,60,20210507,190000,34.64,34.71,34.2,34.29,15681,0
CCCC.US,60,20210507,200000,34.4,34.455,33.98,34.17,14478,0
CCCC.US,60,20210507,210000,34.17,34.175,33.5308,33.96,19925,0
CCCC.US,60,20210507,220000,33.81,34.41,33.76,34.28,98304,0
CCCC.US,60,20210510,160000,34.61,34.61,33.15,33.62,4955,0
CCCC.US,60,20210510,170000,33.85,34.2,33.18,34.09,25265,0
CCCC.US,60,20210510,180000,34.15,34.9599,34.03,34.69,9389,0
CCCC.US,60,20210510,190000,34.7,35.3528,34.67,34.89,15930,0
CCCC.US,60,20210510,200000,34.885,35.55,34.885,35.11,15045,0
CCCC.US,60,20210510,210000,34.915,35.23,33.85,34.055,12143,0
CCCC.US,60,20210510,220000,34.05,34.485,33.58,33.83,63175,0
CCCC.US,60,20210511,160000,32.7,34.6,32.575,34,8605,0
CCCC.US,60,20210511,170000,34.385,35,34.07,34.86,22825,0
CCCC.US,60,20210511,180000,34.87,35.21,34.495,35.1,19435,0
CCCC.US,60,20210511,190000,35.13,35.89,34.99,35.32,21803,0
CCCC.US,60,20210511,200000,35.39,35.98,35.2,35.87,19568,0
CCCC.US,60,20210511,210000,35.6664,36.425,35.6247,35.8,29996,0
CCCC.US,60,20210511,220000,35.705,35.85,35.02,35.43,65274,0
CCCC.US,60,20210512,160000,34.77,35.29,33.98,34.68,15913,0
CCCC.US,60,20210512,170000,35.005,36.41,34.92,35,17831,0
CCCC.US,60,20210512,180000,35.22,35.97,35.16,35.16,48983,0
CCCC.US,60,20210512,190000,35.19,35.27,34.52,35.2,66184,0
CCCC.US,60,20210512,200000,35.085,35.26,34.7,34.965,13406,0
CCCC.US,60,20210512,210000,34.85,34.99,34.44,34.655,20888,0
CCCC.US,60,20210512,220000,34.655,35.11,34.39,35.04,83869,0
CCCC.US,60,20210513,160000,35.04,35.75,34.68,35.06,6858,0
CCCC.US,60,20210513,170000,35.08,35.465,34.78,34.85,68476,0
CCCC.US,60,20210513,180000,34.79,34.85,33.98,34.115,22734,0
CCCC.US,60,20210513,190000,34.115,34.55,33.49,33.53,17268,0
CCCC.US,60,20210513,200000,33.67,33.96,33.32,33.625,25809,0
CCCC.US,60,20210513,210000,33.62,34.63,33.6,34.11,17959,0
CCCC.US,60,20210513,220000,34.1,34.52,33.95,34.06,53703,0
CCCC.US,60,20210514,160000,34.59,34.86,34.2,34.84,10814,0
CCCC.US,60,20210514,170000,34.795,35.3,34.175,34.97,43802,0
CCCC.US,60,20210514,180000,34.98,35.03,34.49,34.71,34140,0
CCCC.US,60,20210514,190000,34.9,35.07,34.51,34.885,17622,0
CCCC.US,60,20210514,200000,34.87,34.91,34.63,34.885,13261,0
CCCC.US,60,20210514,210000,34.89,35.04,34.655,34.93,14931,0
CCCC.US,60,20210514,220000,34.92,35.18,34.57,34.84,124909,0
CCCC.US,60,20210517,160000,34.91,35.755,34.79,35.105,11460,0
CCCC.US,60,20210517,170000,34.83,35.51,34.67,35.25,32507,0
CCCC.US,60,20210517,180000,35.66,35.74,34.965,35.05,35450,0
CCCC.US,60,20210517,190000,35.17,35.39,34.6605,35.22,10539,0
CCCC.US,60,20210517,200000,35.1,35.47,34.82,35.02,19794,0
CCCC.US,60,20210517,210000,35.12,35.12,34.335,34.545,11007,0
CCCC.US,60,20210517,220000,34.545,34.94,33.92,34.52,51408,0
CCCC.US,60,20210518,160000,34.66,34.965,34.02,34.93,79765,0
CCCC.US,60,20210518,170000,34.86,35.48,34.59,35.35,41630,0
CCCC.US,60,20210518,180000,35.4,35.5,35.22,35.27,13322,0
CCCC.US,60,20210518,190000,35.355,36.07,35.01,36.07,24157,0
CCCC.US,60,20210518,200000,35.97,37.05,35.8,36.93,26868,0
CCCC.US,60,20210518,210000,36.95,38,36.85,37.845,30525,0
CCCC.US,60,20210518,220000,37.9,38.045,37.39,37.64,96711,0
CCCC.US,60,20210519,160000,36.89,37.4,36.51,36.94,22794,0
CCCC.US,60,20210519,170000,36.86,37.07,35.3,35.55,28712,0
CCCC.US,60,20210519,180000,35.63,35.63,33.85,34.105,19951,0
CCCC.US,60,20210519,190000,34.03,35.31,33.94,34.71,144183,0
CCCC.US,60,20210519,200000,34.71,34.75,34.2,34.54,28107,0
CCCC.US,60,20210519,210000,34.52,34.73,34.2,34.32,51876,0
CCCC.US,60,20210519,220000,34.4,34.58,34,34.33,84285,0
CCCC.US,60,20210520,160000,34.39,35.19,34.39,34.65,11849,0
CCCC.US,60,20210520,170000,35,35.295,34.72,34.81,144625,0
CCCC.US,60,20210520,180000,34.81,34.885,34.44,34.82,66730,0
CCCC.US,60,20210520,190000,34.8,34.8,34.55,34.65,33933,0
CCCC.US,60,20210520,200000,34.645,34.72,34.43,34.575,23250,0
CCCC.US,60,20210520,210000,34.58,35.59,34.39,35.59,506585,0
CCCC.US,60,20210520,220000,35.73,36.1,35.535,35.6,93547,0
CCCC.US,60,20210521,160000,37.12,37.12,35.46,36.72,24366,0
CCCC.US,60,20210521,170000,36.83,36.895,35.27,35.595,29026,0
CCCC.US,60,20210521,180000,35.45,36.2,35.02,36.13,15459,0
CCCC.US,60,20210521,190000,36.13,36.24,35.87,36.095,19351,0
CCCC.US,60,20210521,200000,35.83,36.85,35.7,36.745,21906,0
CCCC.US,60,20210521,210000,36.75,36.86,36.56,36.74,16793,0
CCCC.US,60,20210521,220000,36.755,36.95,36.35,36.38,49974,0
CCCC.US,60,20210524,160000,36.65,38.275,36.3,38.17,8623,0
CCCC.US,60,20210524,170000,38.17,38.525,37.505,37.766,128443,0
CCCC.US,60,20210524,180000,37.75,38.35,37.75,38.27,12911,0
CCCC.US,60,20210524,190000,38.33,38.94,38,38.05,28210,0
CCCC.US,60,20210524,200000,38.06,38.3,38.06,38.27,8547,0
CCCC.US,60,20210524,210000,38.27,38.95,38.09,38.15,29434,0
CCCC.US,60,20210524,220000,38.08,38.26,36.91,37.27,124753,0
CCCC.US,60,20210525,160000,37.39,38.38,37.135,38.08,12780,0
CCCC.US,60,20210525,170000,37.915,37.915,36.1,36.22,42986,0
CCCC.US,60,20210525,180000,36.2,36.21,35.02,35.33,20885,0
CCCC.US,60,20210525,190000,35.335,36.075,35.16,36.075,9220,0
CCCC.US,60,20210525,200000,36.19,36.33,36.01,36.01,7667,0
CCCC.US,60,20210525,210000,36.01,36.01,35.52,35.825,5585,0
CCCC.US,60,20210525,220000,35.79,36,34.7,34.7,143631,0
CCCC.US,60,20210526,160000,35.06,35.57,35.06,35.4,11707,0
CCCC.US,60,20210526,170000,35.24,35.8958,35.155,35.59,11482,0
CCCC.US,60,20210526,180000,35.535,35.98,35.25,35.935,11349,0
CCCC.US,60,20210526,190000,35.97,36.625,35.69,36.51,13852,0
CCCC.US,60,20210526,200000,36.47,37.03,36.46,37.03,22432,0
CCCC.US,60,20210526,210000,37.085,37.59,36.92,37.03,46808,0
CCCC.US,60,20210526,220000,37.18,37.36,37.06,37.34,71394,0
CCCC.US,60,20210527,160000,37.77,37.8298,35.84,36.02,11799,0
CCCC.US,60,20210527,170000,36.155,36.2,35.803,36.105,19122,0
CCCC.US,60,20210527,180000,36.18,36.34,35.86,36.178,19387,0
CCCC.US,60,20210527,190000,36.3,37.12,36.21,36.75,12020,0
CCCC.US,60,20210527,200000,36.754,36.9,36.45,36.835,12899,0
CCCC.US,60,20210527,210000,36.9,36.9,36.46,36.805,7840,0
CCCC.US,60,20210527,220000,36.72,37.3875,36.61,37.31,154291,0
CCCC.US,60,20210528,160000,37.6,38.56,37.6,38.17,9885,0
CCCC.US,60,20210528,170000,38.08,38.08,37.05,37.22,18342,0
CCCC.US,60,20210528,180000,37.3,37.645,37.07,37.27,10932,0
CCCC.US,60,20210528,190000,37.37,37.65,37.075,37.63,6506,0
CCCC.US,60,20210528,200000,37.6,37.84,37.47,37.47,8787,0
CCCC.US,60,20210528,210000,37.48,37.59,37.34,37.515,10914,0
CCCC.US,60,20210528,220000,37.515,37.58,36.77,36.95,47956,0
CCCC.US,60,20210601,160000,37.32,37.93,36.58,36.8,6732,0
CCCC.US,60,20210601,170000,36.69,37.59,36.2,37.14,13008,0
CCCC.US,60,20210601,180000,37.26,37.81,37.2,37.8,10947,0
CCCC.US,60,20210601,190000,37.76,38.36,37.73,37.94,23019,0
CCCC.US,60,20210601,200000,38.14,38.14,37.34,37.665,13969,0
CCCC.US,60,20210601,210000,37.65,37.81,37.58,37.645,10679,0
CCCC.US,60,20210601,220000,37.67,37.71,37.25,37.46,38707,0
CCCC.US,60,20210602,160000,37.66,38.9,37.521,38.5,34327,0
CCCC.US,60,20210602,170000,38.5,38.85,37.75,37.9,24255,0
CCCC.US,60,20210602,180000,37.77,38.08,37.51,37.9725,28866,0
CCCC.US,60,20210602,190000,37.85,38.49,37.78,38.49,27323,0
CCCC.US,60,20210602,200000,38.6199,38.735,37.79,38.11,80135,0
CCCC.US,60,20210602,210000,38.16,38.16,37.46,37.73,31053,0
CCCC.US,60,20210602,220000,37.73,38.23,37.66,38.02,109740,0
CCCC.US,60,20210603,160000,37.83,38.29,37.51,38.025,5710,0
CCCC.US,60,20210603,170000,38.24,38.9,38.07,38.85,42871,0
CCCC.US,60,20210603,180000,38.86,38.86,38,38.11,75992,0
CCCC.US,60,20210603,190000,38.11,38.56,38.0101,38.47,25145,0
CCCC.US,60,20210603,200000,38.47,38.85,38.36,38.83,23456,0
CCCC.US,60,20210603,210000,38.845,39.22,38.65,38.87,69789,0
CCCC.US,60,20210603,220000,38.84,38.9,37.95,38.15,94688,0
CCCC.US,60,20210604,160000,40,40,38.42,38.84,21847,0
CCCC.US,60,20210604,170000,38.66,40.205,38.64,39.815,102702,0
CCCC.US,60,20210604,180000,39.815,40.2,39.3,39.905,56642,0
CCCC.US,60,20210604,190000,39.905,39.91,39.03,39.1,18777,0
CCCC.US,60,20210604,200000,39.12,39.23,38.71,39.125,11419,0
CCCC.US,60,20210604,210000,39.04,39.13,38.2,38.54,20526,0
CCCC.US,60,20210604,220000,38.53,39.13,38.31,39.04,78592,0
CCCC.US,60,20210607,160000,39.36,40.08,39.36,39.87,12474,0
CCCC.US,60,20210607,170000,39.875,41.4961,39.32,41.34,44726,0
CCCC.US,60,20210607,180000,41.34,41.94,40.24,40.5,51969,0
CCCC.US,60,20210607,190000,40.46,41.08,40.46,41.04,42396,0
CCCC.US,60,20210607,200000,41.14,41.52,40.68,40.92,50761,0
CCCC.US,60,20210607,210000,40.85,43.5,40.85,41.735,119221,0
CCCC.US,60,20210607,220000,41.74,41.96,40.935,41.45,172216,0
CCCC.US,60,20210608,160000,41.66,42.44,40.06,40.45,31024,0
CCCC.US,60,20210608,170000,40.44,41.11,39.78,40.525,79586,0
CCCC.US,60,20210608,180000,40.6,40.7,39.67,40.205,63877,0
CCCC.US,60,20210608,190000,40.25,40.475,39.79,39.81,40142,0
CCCC.US,60,20210608,200000,39.81,40.37,39.69,39.8,45276,0
CCCC.US,60,20210608,210000,39.8,40.28,39.79,40.08,42362,0
CCCC.US,60,20210608,220000,40.115,40.83,39.95,40.55,124349,0
CCCC.US,60,20210609,160000,40.65,41.85,40.65,41.7,40609,0
CCCC.US,60,20210609,170000,41.79,42.68,41.63,42.06,85538,0
CCCC.US,60,20210609,180000,42.29,42.88,41.895,42.025,19090,0
CCCC.US,60,20210609,190000,42.09,42.86,42,42.15,17535,0
CCCC.US,60,20210609,200000,42.22,42.52,41.9,42.01,29899,0
CCCC.US,60,20210609,210000,42.01,42.14,41.27,41.405,47795,0
CCCC.US,60,20210609,220000,41.39,42.14,41.19,42,161326,0
CCCC.US,60,20210610,160000,41.91,42.68,41.51,42.055,12782,0
CCCC.US,60,20210610,170000,41.96,42.25,41.09,41.38,28356,0
CCCC.US,60,20210610,180000,41.28,42.6,41.28,42.51,46622,0
CCCC.US,60,20210610,190000,42.51,42.68,42.32,42.33,91821,0
CCCC.US,60,20210610,200000,42.22,42.24,41.455,41.55,86429,0
CCCC.US,60,20210610,210000,41.47,42.12,41.425,42.05,41261,0
CCCC.US,60,20210610,220000,42.08,42.38,41.87,42,74964,0
CCCC.US,60,20210611,160000,41.98,42.3599,41.32,41.52,14712,0
CCCC.US,60,20210611,170000,41.55,42.52,41.55,42.15,38557,0
CCCC.US,60,20210611,180000,42.05,42.46,41.76,42.37,28323,0
CCCC.US,60,20210611,190000,42.33,42.33,41.61,42.08,19974,0
CCCC.US,60,20210611,200000,42.08,42.26,41.91,42.19,21951,0
CCCC.US,60,20210611,210000,42.24,42.26,41.93,42.03,16173,0
CCCC.US,60,20210611,220000,42.1,42.23,41.98,42.18,87796,0
CCCC.US,60,20210614,160000,42.37,43.03,42.02,42.02,10976,0
CCCC.US,60,20210614,170000,42.2678,42.37,41.88,42.12,25053,0
CCCC.US,60,20210614,180000,41.95,42.25,41.83,42.11,14274,0
CCCC.US,60,20210614,190000,42.13,42.21,41.9498,42.13,12628,0
CCCC.US,60,20210614,200000,42.15,42.31,41.79,41.79,11069,0
CCCC.US,60,20210614,210000,41.79,42.27,41.79,41.99,15002,0
CCCC.US,60,20210614,220000,42.01,42.27,41.83,42.11,60496,0
CCCC.US,60,20210615,160000,40,41,39.125,39.47,54080,0
CCCC.US,60,20210615,170000,39.35,39.405,38.21,38.64,47214,0
CCCC.US,60,20210615,180000,38.64,38.68,37.26,37.3401,36953,0
CCCC.US,60,20210615,190000,37.42,37.55,36.71,37.19,40922,0
CCCC.US,60,20210615,200000,37.25,38.0477,37.06,37.8,31232,0
CCCC.US,60,20210615,210000,37.8,38.09,37.71,37.83,28908,0
CCCC.US,60,20210615,220000,37.94,38.05,37.03,37.66,187592,0
CCCC.US,60,20210616,160000,37.77,38.12,36.93,37,39483,0
CCCC.US,60,20210616,170000,36.93,37.57,36.67,37.41,44279,0
CCCC.US,60,20210616,180000,37.44,38.89,37.43,38.675,39509,0
CCCC.US,60,20210616,190000,38.475,38.475,37.88,38.35,44335,0
CCCC.US,60,20210616,200000,38.35,38.35,37.84,37.985,19281,0
CCCC.US,60,20210616,210000,37.99,38.09,37.55,38.06,43035,0
CCCC.US,60,20210616,220000,38.1,38.58,37.79,38.12,242403,0
CCCC.US,60,20210617,160000,37.37,37.5,35.51,36.46,403985,0
CCCC.US,60,20210617,170000,36.5,37.37,36.205,37.08,220916,0
CCCC.US,60,20210617,180000,37.08,37.645,36.58,36.83,272367,0
CCCC.US,60,20210617,190000,36.83,37.3,36.52,36.91,175165,0
CCCC.US,60,20210617,200000,36.915,37.9,36.78,37.9,66751,0
CCCC.US,60,20210617,210000,37.86,38.33,37.47,38.31,67506,0
CCCC.US,60,20210617,220000,38.235,38.44,36.94,37.08,743172,0
CCCC.US,60,20210618,160000,37.19,38.72,36.65,38.03,42373,0
CCCC.US,60,20210618,170000,38.1,38.23,36.855,37.13,51901,0
CCCC.US,60,20210618,180000,37.13,37.9,37.07,37.75,30985,0
CCCC.US,60,20210618,190000,37.79,38.075,37.36,37.405,24869,0
CCCC.US,60,20210618,200000,37.42,37.55,36.86,37,36758,0
CCCC.US,60,20210618,210000,36.99,37.23,36.92,37.09,76704,0
CCCC.US,60,20210618,220000,37.12,38.07,37.09,37.91,493786,0
CCCC.US,60,20210621,160000,38.33,39.4043,38.3201,39.4043,27801,0
CCCC.US,60,20210621,170000,39.41,39.86,38.21,38.53,66047,0
CCCC.US,60,20210621,180000,38.57,38.84,38.11,38.545,32853,0
CCCC.US,60,20210621,190000,38.5,39.11,38.31,39.11,28051,0
CCCC.US,60,20210621,200000,39.07,39.45,38.834,38.93,27534,0
CCCC.US,60,20210621,210000,38.99,39.3,38.94,39.27,19343,0
CCCC.US,60,20210621,220000,39.22,39.24,38.35,38.49,187127,0
CCCC.US,60,20210622,160000,38.74,39.25,38.17,39.23,34473,0
CCCC.US,60,20210622,170000,39.25,39.83,38.97,39.22,52069,0
CCCC.US,60,20210622,180000,39.32,39.82,38.71,38.76,22625,0
CCCC.US,60,20210622,190000,38.76,39.21,38.755,38.77,32189,0
CCCC.US,60,20210622,200000,38.74,39,38.54,39,8713,0
CCCC.US,60,20210622,210000,38.95,39.08,38.73,38.96,7900,0
CCCC.US,60,20210622,220000,38.97,39.27,38.24,38.34,222666,0
CCCC.US,60,20210623,160000,38.44,39.65,38.32,38.73,48688,0
CCCC.US,60,20210623,170000,38.525,38.605,37.2401,37.4,23373,0
CCCC.US,60,20210623,180000,37.22,37.72,37.1,37.49,21867,0
CCCC.US,60,20210623,190000,37.48,37.81,37.29,37.7,14155,0
CCCC.US,60,20210623,200000,37.65,37.89,37.58,37.81,11231,0
CCCC.US,60,20210623,210000,37.83,38.11,37.72,38.11,11459,0
CCCC.US,60,20210623,220000,38.105,38.27,37.595,37.76,77956,0
CCCC.US,60,20210624,160000,38.47,38.99,38.09,38.65,24363,0
CCCC.US,60,20210624,170000,38.615,38.615,37.12,37.165,51619,0
CCCC.US,60,20210624,180000,37.2,37.5,37.02,37.245,45197,0
CCCC.US,60,20210624,190000,37.23,37.6,36.88,36.985,23474,0
CCCC.US,60,20210624,200000,36.97,37.33,36.97,37.06,20396,0
CCCC.US,60,20210624,210000,37.09,37.26,36.95,37.14,31319,0
CCCC.US,60,20210624,220000,37.08,37.36,36.92,37.28,75783,0
CCCC.US,60,20210625,160000,37.47,37.85,36.89,36.915,15938,0
CCCC.US,60,20210625,170000,36.84,37.095,36.4,36.95,40410,0
CCCC.US,60,20210625,180000,36.965,37.54,36.89,37.265,40277,0
CCCC.US,60,20210625,190000,37.31,37.97,37.08,37.68,32302,0
CCCC.US,60,20210625,200000,37.72,37.97,37.39,37.695,26852,0
CCCC.US,60,20210625,210000,37.73,37.96,37.65,37.785,34343,0
CCCC.US,60,20210625,220000,37.81,38.17,37.34,37.74,2462400,0
CCCC.US,60,20210628,160000,37.84,38.45,37.26,37.915,8591,0
CCCC.US,60,20210628,170000,37.74,38.4199,37.62,37.87,22813,0
CCCC.US,60,20210628,180000,37.88,38.36,37.72,38.28,14784,0
CCCC.US,60,20210628,190000,38.285,38.4,37.99,38.105,14732,0
CCCC.US,60,20210628,200000,38.105,38.115,37.16,37.395,17517,0
CCCC.US,60,20210628,210000,37.31,37.42,37.01,37.28,21874,0
CCCC.US,60,20210628,220000,37.29,37.29,36.75,37.14,111906,0
CCCC.US,60,20210629,160000,37.48,37.7394,36.79,37.5,10788,0
CCCC.US,60,20210629,170000,37.46,37.75,37.09,37.12,32730,0
CCCC.US,60,20210629,180000,36.99,37.16,36.4,36.605,14837,0
CCCC.US,60,20210629,190000,36.605,36.86,36.54,36.605,12851,0
CCCC.US,60,20210629,200000,36.65,36.79,36.32,36.79,24403,0
CCCC.US,60,20210629,210000,36.8,36.87,36.58,36.59,16747,0
CCCC.US,60,20210629,220000,36.66,37.19,36.5,37.1,194456,0
CCCC.US,60,20210630,160000,37.04,37.88,36.95,37.715,13044,0
CCCC.US,60,20210630,170000,37.72,37.9038,37.29,37.67,180843,0
CCCC.US,60,20210630,180000,37.615,38.72,37.615,38.66,39748,0
CCCC.US,60,20210630,190000,38.66,38.7899,38.24,38.29,8781,0
CCCC.US,60,20210630,200000,38.35,38.4414,37.81,37.905,9253,0
CCCC.US,60,20210630,210000,37.94,37.94,37.65,37.74,11430,0
CCCC.US,60,20210630,220000,37.715,38.15,37.57,37.84,113818,0
CCCC.US,60,20210701,160000,37.77,38.2999,37.36,37.6401,23596,0
CCCC.US,60,20210701,170000,37.68,38.6,37.33,38.15,37724,0
CCCC.US,60,20210701,180000,38.1,38.25,37.76,38.11,24259,0
CCCC.US,60,20210701,190000,38.14,38.24,37.66,38.115,54588,0
CCCC.US,60,20210701,200000,38.03,38.25,38.03,38.21,35219,0
CCCC.US,60,20210701,210000,38.22,39,38.22,38.99,34484,0
CCCC.US,60,20210701,220000,38.9871,39.22,38.69,38.81,128486,0
CCCC.US,60,20210702,160000,38.95,39.25,38.06,38.36,19081,0
CCCC.US,60,20210702,170000,38.39,38.64,38.06,38.3,27734,0
CCCC.US,60,20210702,180000,38.31,38.65,38.09,38.6,20337,0
CCCC.US,60,20210702,190000,38.51,38.88,38.47,38.57,13440,0
CCCC.US,60,20210702,200000,38.515,39.48,38.515,39.38,23110,0
CCCC.US,60,20210702,210000,39.3,39.66,39.21,39.54,17519,0
CCCC.US,60,20210702,220000,39.48,40,39.435,39.72,82316,0
CCCC.US,60,20210706,160000,39.72,40,39.35,39.35,21103,0
CCCC.US,60,20210706,170000,39.28,40.13,39.26,40.06,29669,0
CCCC.US,60,20210706,180000,39.98,40.04,39.03,39.03,37087,0
CCCC.US,60,20210706,190000,39.03,39.06,38.77,38.99,10643,0
CCCC.US,60,20210706,200000,39.03,39.68,38.85,39.62,13083,0
CCCC.US,60,20210706,210000,39.7,39.7,38.93,39.005,35700,0
CCCC.US,60,20210706,220000,39.005,39.35,38.95,39.01,63006,0
CCCC.US,60,20210707,160000,38.95,40,38.68,39.12,13597,0
CCCC.US,60,20210707,170000,39.1,39.4,38.84,39.15,29054,0
CCCC.US,60,20210707,180000,39.1,39.24,38.62,39.09,40352,0
CCCC.US,60,20210707,190000,39.13,39.28,38.97,38.97,43042,0
CCCC.US,60,20210707,200000,38.95,39.26,38.95,39.185,13435,0
CCCC.US,60,20210707,210000,39.14,39.77,38.96,39.66,15149,0
CCCC.US,60,20210707,220000,39.65,40.09,39.61,40.02,97281,0
CCCC.US,60,20210708,160000,38.86,39.55,38.57,39.24,18063,0
CCCC.US,60,20210708,170000,39.19,40,38.9906,39.63,37897,0
CCCC.US,60,20210708,180000,39.505,39.82,39.36,39.77,15975,0
CCCC.US,60,20210708,190000,39.8,39.88,39.55,39.7,22888,0
CCCC.US,60,20210708,200000,39.8,39.93,39.67,39.74,19208,0
CCCC.US,60,20210708,210000,39.75,39.86,39.26,39.34,20567,0
CCCC.US,60,20210708,220000,39.36,39.74,39.14,39.67,72965,0
CCCC.US,60,20210709,160000,39.85,39.85,38.9301,39.27,8317,0
CCCC.US,60,20210709,170000,39.385,39.69,38.8,39.1,15624,0
CCCC.US,60,20210709,180000,39.12,39.515,38.9,39.395,13943,0
CCCC.US,60,20210709,190000,39.345,39.45,39.09,39.09,10577,0
CCCC.US,60,20210709,200000,39.16,39.44,38.86,38.9,17160,0
CCCC.US,60,20210709,210000,38.96,39.09,38.74,38.795,4515,0
CCCC.US,60,20210709,220000,38.815,38.91,38.32,38.42,42181,0
