<TICKER>,<PER>,<DATE>,<TIME>,<OPEN>,<HIGH>,<LOW>,<CLOSE>,<VOL>,<OPENINT>
ESGRP.US,60,20200914,160000,26.42,26.42,26.13,26.2862,409,0
ESGRP.US,60,20200914,170000,26.4,26.44,26.4,26.44,400,0
ESGRP.US,60,20200914,180000,26.44,26.45,26.44,26.45,400,0
ESGRP.US,60,20200914,190000,26.5337,26.5337,26.5337,26.5337,300,0
ESGRP.US,60,20200914,200000,26.63,26.65,26.6,26.6291,3028,0
ESGRP.US,60,20200914,210000,26.53,26.53,26.4846,26.4846,3000,0
ESGRP.US,60,20200914,220000,26.485,26.69,26.485,26.6369,5200,0
ESGRP.US,60,20200915,160000,26.59,26.59,26.59,26.59,234,0
ESGRP.US,60,20200915,170000,26.52,26.6344,26.5,26.6344,400,0
ESGRP.US,60,20200915,180000,26.62,26.63,26.58,26.58,500,0
ESGRP.US,60,20200915,190000,26.7,26.74,26.69,26.74,993,0
ESGRP.US,60,20200915,200000,26.81,26.82,26.81,26.82,200,0
ESGRP.US,60,20200915,210000,26.82,26.82,26.81,26.81,383,0
ESGRP.US,60,20200915,220000,26.85,26.99,26.83,26.98,5166,0
ESGRP.US,60,20200916,160000,27.09,27.09,27.09,27.09,410,0
ESGRP.US,60,20200916,170000,26.97,27.09,26.97,27.09,883,0
ESGRP.US,60,20200916,180000,27.28,27.28,27.2003,27.2003,300,0
ESGRP.US,60,20200916,200000,27.28,27.28,27.23,27.23,5315,0
ESGRP.US,60,20200916,210000,27.29,27.2949,27.1495,27.16,3639,0
ESGRP.US,60,20200916,220000,27,27,27,27,1325,0
ESGRP.US,60,20200917,160000,26.83,26.83,26.83,26.83,542,0
ESGRP.US,60,20200917,170000,26.77,26.95,26.77,26.95,600,0
ESGRP.US,60,20200917,190000,27,27.05,27,27.05,1137,0
ESGRP.US,60,20200917,200000,27.1603,27.1603,27.1603,27.1603,171,0
ESGRP.US,60,20200917,220000,27.1488,27.1683,27.1488,27.1683,828,0
ESGRP.US,60,20200918,160000,27.25,27.25,27.14,27.14,267,0
ESGRP.US,60,20200918,170000,27.1,27.1,27.1,27.1,756,0
ESGRP.US,60,20200918,180000,27.135,27.25,27.135,27.25,359,0
ESGRP.US,60,20200918,190000,27.1,27.16,27.1,27.16,300,0
ESGRP.US,60,20200918,200000,27.16,27.16,27.1001,27.1001,1722,0
ESGRP.US,60,20200918,210000,27.15,27.16,27.1,27.13,3127,0
ESGRP.US,60,20200918,220000,27.1682,27.1682,27.04,27.1325,924,0
ESGRP.US,60,20200921,160000,27.08,27.08,27.08,27.08,601,0
ESGRP.US,60,20200921,180000,26.86,26.86,26.84,26.84,200,0
ESGRP.US,60,20200921,200000,26.737,26.737,26.737,26.737,1000,0
ESGRP.US,60,20200921,210000,26.63,26.9,26.63,26.7936,3841,0
ESGRP.US,60,20200921,220000,26.88,26.91,26.7723,26.7723,1163,0
ESGRP.US,60,20200922,160000,26.98,26.98,26.98,26.98,434,0
ESGRP.US,60,20200922,180000,26.9009,26.9009,26.9009,26.9009,800,0
ESGRP.US,60,20200922,190000,26.92,26.94,26.92,26.94,1000,0
ESGRP.US,60,20200922,200000,26.98,27.1692,26.97,26.99,3702,0
ESGRP.US,60,20200922,210000,27.1857,27.1857,27.03,27.133,1640,0
ESGRP.US,60,20200922,220000,27.04,27.06,26.88,26.88,2009,0
ESGRP.US,60,20200923,160000,27.1,27.1,26.91,26.91,1029,0
ESGRP.US,60,20200923,190000,26.87,26.87,26.87,26.87,200,0
ESGRP.US,60,20200923,200000,26.67,26.67,26.49,26.5,4200,0
ESGRP.US,60,20200923,210000,26.58,26.58,26.49,26.49,1941,0
ESGRP.US,60,20200923,220000,26.49,26.51,26.38,26.51,603,0
ESGRP.US,60,20200924,160000,26.67,26.67,26.67,26.67,1020,0
ESGRP.US,60,20200924,170000,26.22,26.52,26.17,26.17,400,0
ESGRP.US,60,20200924,180000,26.3238,26.3238,26.3238,26.3238,200,0
ESGRP.US,60,20200924,200000,26.3695,26.3695,26.26,26.26,681,0
ESGRP.US,60,20200924,210000,26.32,26.32,26.21,26.21,1140,0
ESGRP.US,60,20200924,220000,26.255,26.3725,26.15,26.15,2253,0
ESGRP.US,60,20200925,160000,26.47,26.47,26.18,26.18,540,0
ESGRP.US,60,20200925,170000,26.19,26.3,26.19,26.2578,700,0
ESGRP.US,60,20200925,200000,26.47,26.5839,26.47,26.5839,623,0
ESGRP.US,60,20200925,210000,26.545,26.62,26.545,26.5832,1970,0
ESGRP.US,60,20200925,220000,26.77,26.78,26.55,26.78,2633,0
ESGRP.US,60,20200928,160000,27,27,26.65,26.91,705,0
ESGRP.US,60,20200928,170000,26.87,27,26.87,26.99,2524,0
ESGRP.US,60,20200928,180000,27.01,27.01,26.92,26.985,2868,0
ESGRP.US,60,20200928,190000,26.945,26.955,26.93,26.95,2526,0
ESGRP.US,60,20200928,200000,26.95,27.0162,26.91,27.0126,5479,0
ESGRP.US,60,20200928,210000,26.92,27.0294,26.91,26.91,1371,0
ESGRP.US,60,20200928,220000,26.91,26.99,26.91,26.93,2771,0
ESGRP.US,60,20200929,160000,27.08,27.08,27,27,432,0
ESGRP.US,60,20200929,170000,27,27,26.75,26.8,700,0
ESGRP.US,60,20200929,180000,26.78,26.78,26.78,26.78,200,0
ESGRP.US,60,20200929,200000,26.8511,26.8511,26.76,26.8,526,0
ESGRP.US,60,20200929,210000,26.8801,26.97,26.81,26.83,1055,0
ESGRP.US,60,20200929,220000,27.02,27.03,26.84,26.84,1605,0
ESGRP.US,60,20200930,160000,26.96,27.105,26.85,27.105,546,0
ESGRP.US,60,20200930,170000,27,27,27,27,100,0
ESGRP.US,60,20200930,180000,26.83,26.83,26.83,26.83,160,0
ESGRP.US,60,20200930,190000,26.75,26.76,26.74,26.74,400,0
ESGRP.US,60,20200930,200000,26.76,26.77,26.7,26.7,2556,0
ESGRP.US,60,20200930,210000,26.7,26.7,26.62,26.62,1400,0
ESGRP.US,60,20200930,220000,26.54,26.71,26.27,26.27,33979,0
ESGRP.US,60,20201001,160000,26.5,26.61,26.5,26.61,416,0
ESGRP.US,60,20201001,170000,26.64,26.64,26.42,26.42,600,0
ESGRP.US,60,20201001,180000,26.4825,26.4825,26.3706,26.3706,1037,0
ESGRP.US,60,20201001,190000,26.5199,26.59,26.43,26.51,2452,0
ESGRP.US,60,20201001,200000,26.6575,26.665,26.59,26.65,1241,0
ESGRP.US,60,20201001,210000,26.55,26.6099,26.55,26.57,887,0
ESGRP.US,60,20201001,220000,26.57,26.73,26.57,26.7,2965,0
ESGRP.US,60,20201002,160000,26.6,26.6,26.6,26.6,1189,0
ESGRP.US,60,20201002,180000,26.635,26.635,26.5702,26.5702,286,0
ESGRP.US,60,20201002,190000,26.57,26.61,26.54,26.585,1849,0
ESGRP.US,60,20201002,200000,26.67,26.76,26.67,26.75,4574,0
ESGRP.US,60,20201002,210000,26.79,26.86,26.77,26.86,4874,0
ESGRP.US,60,20201002,220000,26.5101,26.92,26.5101,26.84,2683,0
ESGRP.US,60,20201005,160000,26.79,26.82,26.75,26.82,501,0
ESGRP.US,60,20201005,180000,26.69,26.885,26.65,26.885,4715,0
ESGRP.US,60,20201005,190000,26.86,26.86,26.765,26.8,900,0
ESGRP.US,60,20201005,200000,26.85,26.96,26.85,26.96,702,0
ESGRP.US,60,20201005,210000,26.98,27.04,26.97,27,3054,0
ESGRP.US,60,20201005,220000,27.04,27.14,26.9,26.9,2399,0
ESGRP.US,60,20201006,160000,27.1,27.1,27.1,27.1,199,0
ESGRP.US,60,20201006,170000,27.01,27.01,27.01,27.01,100,0
ESGRP.US,60,20201006,180000,27.09,27.18,27.09,27.18,2216,0
ESGRP.US,60,20201006,190000,27.1742,27.225,27.17,27.225,2193,0
ESGRP.US,60,20201006,200000,27.23,27.2865,27.17,27.17,6818,0
ESGRP.US,60,20201006,210000,27.07,27.24,27.07,27.24,700,0
ESGRP.US,60,20201006,220000,27.25,27.29,27.23,27.25,5175,0
ESGRP.US,60,20201007,160000,27.25,27.25,27.25,27.25,1388,0
ESGRP.US,60,20201007,170000,27.25,27.28,27.25,27.27,3734,0
ESGRP.US,60,20201007,180000,27.25,27.25,27.25,27.25,1208,0
ESGRP.US,60,20201007,190000,27.22,27.29,27.22,27.29,200,0
ESGRP.US,60,20201007,200000,27.2486,27.25,27.23,27.25,347,0
ESGRP.US,60,20201007,210000,27.255,27.41,27.25,27.25,12194,0
ESGRP.US,60,20201007,220000,27.25,27.3,27.1,27.1,3450,0
ESGRP.US,60,20201008,160000,27.3271,27.3271,27.24,27.24,2600,0
ESGRP.US,60,20201008,170000,27.24,27.24,27.24,27.24,100,0
ESGRP.US,60,20201008,180000,27.2,27.2,27.2,27.2,333,0
ESGRP.US,60,20201008,190000,27.2348,27.2348,27.2348,27.2348,400,0
ESGRP.US,60,20201008,200000,27.25,27.25,27.23,27.25,1225,0
ESGRP.US,60,20201008,210000,27.25,27.25,27.24,27.24,546,0
ESGRP.US,60,20201008,220000,27.25,27.26,27.24,27.25,2712,0
ESGRP.US,60,20201009,160000,27.38,27.38,27.25,27.25,370,0
ESGRP.US,60,20201009,180000,27.079,27.13,27.0121,27.0121,394,0
ESGRP.US,60,20201009,200000,27.2535,27.2535,27.23,27.23,1625,0
ESGRP.US,60,20201009,210000,27.24,27.24,27.23,27.23,253,0
ESGRP.US,60,20201009,220000,27.2655,27.2655,27.2494,27.25,3058,0
ESGRP.US,60,20201012,160000,27.25,27.25,26.93,26.93,5197,0
ESGRP.US,60,20201012,170000,27.25,27.25,27.25,27.25,300,0
ESGRP.US,60,20201012,180000,27.25,27.25,27.25,27.25,562,0
ESGRP.US,60,20201012,190000,27.25,27.26,27.25,27.26,754,0
ESGRP.US,60,20201012,200000,27.155,27.2014,27.155,27.2014,533,0
ESGRP.US,60,20201012,210000,27.25,27.25,27.25,27.25,400,0
ESGRP.US,60,20201012,220000,27.25,27.255,27.2478,27.25,2266,0
ESGRP.US,60,20201013,160000,27.02,27.1852,27.02,27.1852,1165,0
ESGRP.US,60,20201013,170000,27.11,27.16,27.08,27.16,2055,0
ESGRP.US,60,20201013,180000,27.25,27.25,27.24,27.24,827,0
ESGRP.US,60,20201013,190000,27.25,27.25,27.25,27.25,381,0
ESGRP.US,60,20201013,200000,27.25,27.25,27.24,27.25,1034,0
ESGRP.US,60,20201013,220000,27.25,27.26,27.24,27.24,5644,0
ESGRP.US,60,20201014,160000,27.3,27.3,27.3,27.3,250,0
ESGRP.US,60,20201014,170000,27.13,27.24,27.13,27.24,315,0
ESGRP.US,60,20201014,180000,27.04,27.09,27.02,27.044,2747,0
ESGRP.US,60,20201014,200000,27,27.01,26.98,26.98,1800,0
ESGRP.US,60,20201014,210000,26.96,26.96,26.79,26.79,1300,0
ESGRP.US,60,20201014,220000,26.73,26.79,26.71,26.71,3400,0
ESGRP.US,60,20201015,160000,26.81,26.81,26.7,26.74,1101,0
ESGRP.US,60,20201015,170000,26.72,26.72,26.63,26.63,300,0
ESGRP.US,60,20201015,180000,26.65,26.65,26.51,26.55,5486,0
ESGRP.US,60,20201015,190000,26.49,26.53,26.49,26.53,1581,0
ESGRP.US,60,20201015,200000,26.6,26.61,26.6,26.6,2098,0
ESGRP.US,60,20201015,210000,26.59,26.6038,26.56,26.56,750,0
ESGRP.US,60,20201015,220000,26.66,26.66,26.56,26.56,2030,0
ESGRP.US,60,20201016,160000,26.7,26.7,26.44,26.44,335,0
ESGRP.US,60,20201016,170000,26.57,26.57,26.46,26.46,3504,0
ESGRP.US,60,20201016,180000,26.47,26.55,26.38,26.38,6094,0
ESGRP.US,60,20201016,190000,26.42,26.529,26.33,26.35,10382,0
ESGRP.US,60,20201016,200000,26.36,26.4,26.35,26.4,6965,0
ESGRP.US,60,20201016,210000,26.385,26.385,26.28,26.28,7333,0
ESGRP.US,60,20201016,220000,26.28,26.31,26.11,26.15,57812,0
ESGRP.US,60,20201019,160000,26.37,26.37,26.37,26.37,474,0
ESGRP.US,60,20201019,170000,26.25,26.52,26.22,26.27,16460,0
ESGRP.US,60,20201019,180000,26.35,26.37,26.35,26.37,300,0
ESGRP.US,60,20201019,190000,26.3077,26.32,26.3077,26.32,250,0
ESGRP.US,60,20201019,200000,26.26,26.35,26.25,26.2925,3649,0
ESGRP.US,60,20201019,210000,26.3,26.3,26.25,26.25,2257,0
ESGRP.US,60,20201019,220000,26.25,26.27,26.2,26.23,4648,0
ESGRP.US,60,20201020,160000,26.34,26.34,26.34,26.34,398,0
ESGRP.US,60,20201020,170000,26.2698,26.34,26.2698,26.2946,926,0
ESGRP.US,60,20201020,180000,26.2592,26.32,26.255,26.32,2112,0
ESGRP.US,60,20201020,200000,26.299,26.31,26.2923,26.2923,2144,0
ESGRP.US,60,20201020,210000,26.26,26.35,26.25,26.35,3798,0
ESGRP.US,60,20201020,220000,26.305,26.35,26.3,26.3,900,0
ESGRP.US,60,20201021,160000,26.35,26.35,26.35,26.35,419,0
ESGRP.US,60,20201021,170000,26.355,26.48,26.34,26.48,1400,0
ESGRP.US,60,20201021,180000,26.32,26.32,26.3,26.31,936,0
ESGRP.US,60,20201021,190000,26.3538,26.39,26.27,26.33,2214,0
ESGRP.US,60,20201021,200000,26.28,26.28,26.28,26.28,100,0
ESGRP.US,60,20201021,210000,26.25,26.27,26.25,26.27,800,0
ESGRP.US,60,20201021,220000,26.21,26.21,26.17,26.21,2190,0
ESGRP.US,60,20201022,160000,26.15,26.24,26.15,26.24,1271,0
ESGRP.US,60,20201022,170000,26.24,26.34,26.24,26.28,15396,0
ESGRP.US,60,20201022,180000,26.4,26.5,26.34,26.41,11700,0
ESGRP.US,60,20201022,190000,26.39,26.42,26.39,26.39,14856,0
ESGRP.US,60,20201022,200000,26.4128,26.4128,26.4,26.4,296,0
ESGRP.US,60,20201022,210000,26.43,26.43,26.395,26.395,1000,0
ESGRP.US,60,20201022,220000,26.46,26.46,26.44,26.46,1483,0
ESGRP.US,60,20201023,160000,26.52,26.52,26.52,26.52,888,0
ESGRP.US,60,20201023,170000,26.54,26.64,26.54,26.6,3979,0
ESGRP.US,60,20201023,180000,26.59,26.645,26.59,26.645,488,0
ESGRP.US,60,20201023,190000,26.63,26.63,26.58,26.6,4543,0
ESGRP.US,60,20201023,200000,26.6163,26.7,26.6163,26.69,486,0
ESGRP.US,60,20201023,210000,26.68,26.7,26.65,26.69,2937,0
ESGRP.US,60,20201023,220000,26.7,26.82,26.7,26.75,2213,0
ESGRP.US,60,20201026,180000,26.5505,26.5505,26.5505,26.5505,200,0
ESGRP.US,60,20201026,190000,26.55,26.55,26.55,26.55,135,0
ESGRP.US,60,20201026,200000,26.47,26.5385,26.47,26.5385,566,0
ESGRP.US,60,20201026,210000,26.47,26.55,26.4,26.45,5093,0
ESGRP.US,60,20201027,150000,26.43,26.43,26.43,26.43,398,0
ESGRP.US,60,20201027,160000,26.51,26.6095,26.51,26.6095,3953,0
ESGRP.US,60,20201027,170000,26.595,26.595,26.5,26.56,1325,0
ESGRP.US,60,20201027,190000,26.5,26.5444,26.5,26.5444,1141,0
ESGRP.US,60,20201027,200000,26.5,26.5,26.5,26.5,761,0
ESGRP.US,60,20201027,210000,26.4736,26.4736,26.4736,26.4736,158,0
ESGRP.US,60,20201028,150000,26.46,26.62,26.46,26.62,487,0
ESGRP.US,60,20201028,160000,26.33,26.3924,26.16,26.16,5018,0
ESGRP.US,60,20201028,170000,26.16,26.25,26.16,26.25,3718,0
ESGRP.US,60,20201028,180000,26.4,26.4,26.305,26.305,11652,0
ESGRP.US,60,20201028,190000,26.35,26.39,26.3,26.3517,3242,0
ESGRP.US,60,20201028,210000,26.32,26.32,26.17,26.17,6358,0
ESGRP.US,60,20201029,150000,26.32,26.32,26.2099,26.27,4881,0
ESGRP.US,60,20201029,160000,26.3551,26.43,26.3551,26.43,605,0
ESGRP.US,60,20201029,170000,26.3,26.3,26.3,26.3,184,0
ESGRP.US,60,20201029,180000,26.3,26.335,26.3,26.335,200,0
ESGRP.US,60,20201029,190000,26.31,26.31,26.3,26.3,276,0
ESGRP.US,60,20201029,200000,26.35,26.4156,26.315,26.315,2081,0
ESGRP.US,60,20201029,210000,26.315,26.47,26.31,26.31,5190,0
ESGRP.US,60,20201030,150000,26.43,26.43,26.43,26.43,174,0
ESGRP.US,60,20201030,160000,26.2017,26.2017,26.2017,26.2017,100,0
ESGRP.US,60,20201030,170000,26.28,26.45,26.28,26.45,1900,0
ESGRP.US,60,20201030,180000,26.35,26.3749,26.35,26.35,891,0
ESGRP.US,60,20201030,190000,26.39,26.39,26.35,26.39,2827,0
ESGRP.US,60,20201030,200000,26.41,26.53,26.37,26.47,1200,0
ESGRP.US,60,20201030,210000,26.47,26.555,26.38,26.51,5358,0
ESGRP.US,60,20201102,160000,26.6,26.75,26.6,26.7,5253,0
ESGRP.US,60,20201102,170000,26.8474,26.89,26.59,26.715,19876,0
ESGRP.US,60,20201102,180000,26.79,26.81,26.79,26.81,200,0
ESGRP.US,60,20201102,190000,26.86,26.87,26.75,26.75,1300,0
ESGRP.US,60,20201102,200000,26.69,26.75,26.69,26.72,1231,0
ESGRP.US,60,20201102,210000,26.72,26.81,26.72,26.75,2602,0
ESGRP.US,60,20201102,220000,26.75,26.75,26.75,26.75,636,0
ESGRP.US,60,20201103,160000,26.72,26.9147,26.72,26.9147,2346,0
ESGRP.US,60,20201103,170000,26.88,26.88,26.76,26.764,1589,0
ESGRP.US,60,20201103,180000,26.75,26.75,26.75,26.75,200,0
ESGRP.US,60,20201103,190000,26.755,26.8555,26.755,26.8555,274,0
ESGRP.US,60,20201103,200000,26.835,26.8428,26.835,26.8428,491,0
ESGRP.US,60,20201103,210000,26.83,26.87,26.83,26.87,860,0
ESGRP.US,60,20201103,220000,26.8,26.8,26.75,26.75,8696,0
ESGRP.US,60,20201104,160000,26.93,26.93,26.7473,26.7473,600,0
ESGRP.US,60,20201104,170000,27.01,27.0265,27,27.0265,632,0
ESGRP.US,60,20201104,180000,27.1,27.21,27.1,27.1693,2010,0
ESGRP.US,60,20201104,190000,27.21,27.227,27.0801,27.2,12199,0
ESGRP.US,60,20201104,200000,27.2,27.2112,26.92,27.2112,30878,0
ESGRP.US,60,20201104,210000,27.2,27.25,27.2,27.25,1936,0
ESGRP.US,60,20201104,220000,27.2,27.24,27.2,27.2,8814,0
ESGRP.US,60,20201105,160000,27.2,27.3,27.2,27.3,1349,0
ESGRP.US,60,20201105,180000,27.27,27.287,27.24,27.287,1351,0
ESGRP.US,60,20201105,190000,27.3,27.3,27.2,27.3,1120,0
ESGRP.US,60,20201105,200000,27.265,27.3,27.265,27.2985,1350,0
ESGRP.US,60,20201105,220000,27.258,27.35,27.21,27.35,2351,0
ESGRP.US,60,20201106,160000,27.34,27.35,27.2,27.2,1020,0
ESGRP.US,60,20201106,170000,27.2,27.25,27.2,27.25,2751,0
ESGRP.US,60,20201106,180000,27.29,27.29,27.29,27.29,100,0
ESGRP.US,60,20201106,200000,27.2546,27.294,27.2546,27.294,308,0
ESGRP.US,60,20201106,220000,27.23,27.23,27.2,27.22,2912,0
ESGRP.US,60,20201109,160000,27.26,27.26,27.26,27.26,500,0
ESGRP.US,60,20201109,170000,27.24,27.641,27.1422,27.641,2399,0
ESGRP.US,60,20201109,180000,27.6189,27.65,27.59,27.6,1392,0
ESGRP.US,60,20201109,190000,27.65,27.7633,27.65,27.7633,2648,0
ESGRP.US,60,20201109,200000,27.76,27.77,27.76,27.76,1386,0
ESGRP.US,60,20201109,210000,27.755,27.755,27.69,27.717,1400,0
ESGRP.US,60,20201109,220000,27.35,27.68,27.35,27.63,2766,0
ESGRP.US,60,20201110,170000,27.4,27.415,27.36,27.415,1447,0
ESGRP.US,60,20201110,180000,27.69,27.75,27.69,27.75,1268,0
ESGRP.US,60,20201110,190000,27.72,27.75,27.72,27.75,700,0
ESGRP.US,60,20201110,200000,27.72,27.74,27.6967,27.6967,3514,0
ESGRP.US,60,20201110,210000,27.711,27.711,27.711,27.711,1000,0
ESGRP.US,60,20201110,220000,27.6791,27.6791,27.54,27.61,1139,0
ESGRP.US,60,20201111,160000,27.53,27.53,27.45,27.45,520,0
ESGRP.US,60,20201111,170000,27.58,27.69,27.58,27.69,400,0
ESGRP.US,60,20201111,180000,27.69,27.69,27.643,27.6709,1897,0
ESGRP.US,60,20201111,190000,27.68,27.68,27.68,27.68,1813,0
ESGRP.US,60,20201111,200000,27.6032,27.6032,27.6032,27.6032,1500,0
ESGRP.US,60,20201111,210000,27.5,27.52,27.5,27.52,400,0
ESGRP.US,60,20201111,220000,27.64,27.69,27.6399,27.69,1345,0
ESGRP.US,60,20201112,160000,27.24,27.24,26.97,26.97,2509,0
ESGRP.US,60,20201112,190000,27.23,27.23,27.15,27.16,1666,0
ESGRP.US,60,20201112,200000,27.15,27.17,27.1,27.17,3780,0
ESGRP.US,60,20201112,210000,27.13,27.1815,27.04,27.04,1374,0
ESGRP.US,60,20201112,220000,27.08,27.08,26.955,26.955,1262,0
ESGRP.US,60,20201113,160000,26.9,27.035,26.9,27.035,714,0
ESGRP.US,60,20201113,170000,27.02,27.02,27.02,27.02,118,0
ESGRP.US,60,20201113,180000,26.92,26.92,26.92,26.92,300,0
ESGRP.US,60,20201113,190000,27.1873,27.1873,27.08,27.08,656,0
ESGRP.US,60,20201113,200000,27.0841,27.15,27.0293,27.0988,3682,0
ESGRP.US,60,20201113,210000,27.09,27.1406,27.09,27.11,2152,0
ESGRP.US,60,20201113,220000,27.17,27.2,27.14,27.18,19947,0
ESGRP.US,60,20201116,160000,27.08,27.08,27.05,27.05,907,0
ESGRP.US,60,20201116,170000,27.15,27.15,27.07,27.09,405,0
ESGRP.US,60,20201116,180000,27.22,27.24,27.22,27.24,2600,0
ESGRP.US,60,20201116,190000,27.24,27.24,27.2294,27.24,20653,0
ESGRP.US,60,20201116,200000,27.24,27.48,27.23,27.43,21642,0
ESGRP.US,60,20201116,210000,27.46,27.75,27.46,27.72,18743,0
ESGRP.US,60,20201116,220000,27.75,27.84,27.535,27.7,16070,0
ESGRP.US,60,20201117,160000,27.44,27.66,27.44,27.46,2352,0
ESGRP.US,60,20201117,170000,27.65,27.87,27.455,27.7,9029,0
ESGRP.US,60,20201117,180000,27.8764,27.88,27.7,27.87,951,0
ESGRP.US,60,20201117,190000,27.825,27.825,27.82,27.82,686,0
ESGRP.US,60,20201117,200000,27.88,27.88,27.8406,27.8799,748,0
ESGRP.US,60,20201117,210000,27.805,27.88,27.75,27.75,2307,0
ESGRP.US,60,20201117,220000,27.85,27.89,27.815,27.89,2074,0
ESGRP.US,60,20201118,160000,27.75,27.75,27.75,27.75,2084,0
ESGRP.US,60,20201118,170000,27.805,27.89,27.78,27.89,5284,0
ESGRP.US,60,20201118,180000,27.95,28.1242,27.93,28.04,3804,0
ESGRP.US,60,20201118,190000,28.08,28.08,27.985,27.985,3609,0
ESGRP.US,60,20201118,200000,28.05,28.08,27.985,28.07,945,0
ESGRP.US,60,20201118,210000,28.05,28.05,27.965,27.965,640,0
ESGRP.US,60,20201118,220000,27.9395,28,27.88,27.9092,3798,0
ESGRP.US,60,20201119,160000,27.9,27.9,27.9,27.9,594,0
ESGRP.US,60,20201119,170000,28.03,28.08,27.94,28.08,1439,0
ESGRP.US,60,20201119,180000,28.07,28.08,27.93,28.08,1312,0
ESGRP.US,60,20201119,190000,27.98,27.98,27.98,27.98,1300,0
ESGRP.US,60,20201119,200000,27.98,28,27.96,27.96,700,0
ESGRP.US,60,20201119,210000,27.9701,28.04,27.9701,28.02,800,0
ESGRP.US,60,20201119,220000,28.03,28.1575,28.03,28.08,1547,0
ESGRP.US,60,20201120,160000,28.26,28.26,28.12,28.14,2424,0
ESGRP.US,60,20201120,170000,28.11,28.23,28.11,28.17,2953,0
ESGRP.US,60,20201120,180000,28.18,28.18,28.09,28.09,1025,0
ESGRP.US,60,20201120,190000,28.015,28.1,28.015,28.1,514,0
ESGRP.US,60,20201120,200000,28.09,28.0948,28,28.09,809,0
ESGRP.US,60,20201120,210000,28.09,28.17,28.05,28.12,2053,0
ESGRP.US,60,20201120,220000,28.055,28.17,28.055,28.17,982,0
ESGRP.US,60,20201123,160000,28.31,28.31,28.1954,28.29,2181,0
ESGRP.US,60,20201123,170000,28.2484,28.3,28.18,28.2532,4006,0
ESGRP.US,60,20201123,180000,28.275,28.29,28.27,28.27,500,0
ESGRP.US,60,20201123,190000,28.3,28.3,28.3,28.3,200,0
ESGRP.US,60,20201123,200000,28.35,28.38,28.35,28.38,1306,0
ESGRP.US,60,20201123,210000,28.36,28.365,28.36,28.36,987,0
ESGRP.US,60,20201123,220000,28.39,28.4,28.38,28.4,5877,0
ESGRP.US,60,20201124,160000,28.64,28.64,28.64,28.64,543,0
ESGRP.US,60,20201124,170000,28.64,28.64,28.53,28.53,362,0
ESGRP.US,60,20201124,180000,28.54,28.6,28.54,28.59,600,0
ESGRP.US,60,20201124,190000,28.55,28.55,28.54,28.54,431,0
ESGRP.US,60,20201124,200000,28.498,28.51,28.498,28.5,539,0
ESGRP.US,60,20201124,210000,28.425,28.4771,28.425,28.4771,423,0
ESGRP.US,60,20201124,220000,28.54,28.54,28.52,28.52,211,0
ESGRP.US,60,20201125,160000,28.54,28.54,28.4372,28.4372,1100,0
ESGRP.US,60,20201125,170000,28.34,28.34,28.25,28.25,1968,0
ESGRP.US,60,20201125,180000,28.25,28.28,28.25,28.26,1410,0
ESGRP.US,60,20201125,190000,28.351,28.3699,28.25,28.25,2259,0
ESGRP.US,60,20201125,200000,28.25,28.31,28.25,28.26,6229,0
ESGRP.US,60,20201125,210000,28.28,28.28,28.28,28.28,200,0
ESGRP.US,60,20201125,220000,28.3,28.35,28.3,28.33,1062,0
ESGRP.US,60,20201127,160000,28.42,28.42,28.42,28.42,703,0
ESGRP.US,60,20201127,170000,28.28,28.37,28.28,28.37,272,0
ESGRP.US,60,20201127,190000,28.38,28.42,28.25,28.25,1700,0
ESGRP.US,60,20201130,160000,28.24,28.24,28.24,28.24,390,0
ESGRP.US,60,20201130,170000,28.5199,28.5199,28.36,28.47,1100,0
ESGRP.US,60,20201130,180000,28.425,28.425,28.38,28.398,875,0
ESGRP.US,60,20201130,190000,28.25,28.3,28.03,28.04,4817,0
ESGRP.US,60,20201130,200000,28.08,28.3118,28.04,28.05,5573,0
ESGRP.US,60,20201130,210000,28.25,28.25,28,28,1160,0
ESGRP.US,60,20201130,220000,28.0662,28.14,28,28,31228,0
ESGRP.US,60,20201201,160000,27.91,28.09,27.91,28.03,1933,0
ESGRP.US,60,20201201,170000,28.1,28.1,28,28,400,0
ESGRP.US,60,20201201,180000,28.15,28.15,28.15,28.15,120,0
ESGRP.US,60,20201201,190000,28.3669,28.3669,28.07,28.09,2839,0
ESGRP.US,60,20201201,200000,28.08,28.19,28.06,28.19,1775,0
ESGRP.US,60,20201201,210000,28.03,28.05,27.95,27.95,11278,0
ESGRP.US,60,20201201,220000,27.95,27.95,27.77,27.77,5652,0
ESGRP.US,60,20201202,160000,27.801,27.801,27.801,27.801,500,0
ESGRP.US,60,20201202,170000,27.78,27.995,27.73,27.995,2400,0
ESGRP.US,60,20201202,180000,27.8675,27.8675,27.8675,27.8675,357,0
ESGRP.US,60,20201202,190000,27.9209,27.9209,27.9209,27.9209,108,0
ESGRP.US,60,20201202,210000,27.94,27.94,27.94,27.94,151,0
ESGRP.US,60,20201203,160000,27.93,27.93,27.93,27.93,298,0
ESGRP.US,60,20201203,170000,27.63,27.63,27.63,27.63,122,0
ESGRP.US,60,20201203,180000,27.778,27.9,27.75,27.835,4584,0
ESGRP.US,60,20201203,190000,27.89,27.9,27.84,27.84,2130,0
ESGRP.US,60,20201203,210000,27.85,27.91,27.85,27.91,2567,0
ESGRP.US,60,20201203,220000,27.93,27.98,27.9,27.98,1478,0
ESGRP.US,60,20201204,170000,28,28.12,28,28.02,4326,0
ESGRP.US,60,20201204,180000,28.105,28.11,28.1,28.1,700,0
ESGRP.US,60,20201204,190000,28.13,28.13,28.1,28.1,1364,0
ESGRP.US,60,20201204,200000,28.15,28.366,28.0201,28.0201,4851,0
ESGRP.US,60,20201204,210000,28.26,28.26,28.26,28.26,960,0
ESGRP.US,60,20201204,220000,28.45,28.45,28.1488,28.43,1460,0
ESGRP.US,60,20201207,160000,28.54,28.54,28.54,28.54,1236,0
ESGRP.US,60,20201207,180000,28.3444,28.3444,28.34,28.34,550,0
ESGRP.US,60,20201207,190000,28.38,28.45,28.38,28.45,860,0
ESGRP.US,60,20201207,200000,28.47,28.5002,28.47,28.4812,18063,0
ESGRP.US,60,20201207,210000,28.47,28.47,28.4245,28.4669,985,0
ESGRP.US,60,20201207,220000,28.5,28.5,28.45,28.5,1465,0
ESGRP.US,60,20201208,160000,28.49,28.49,28.49,28.49,100,0
ESGRP.US,60,20201208,180000,28.49,28.5835,28.49,28.5,3806,0
ESGRP.US,60,20201208,190000,28.5,28.5,28.5,28.5,107,0
ESGRP.US,60,20201208,200000,28.5351,28.5351,28.5351,28.5351,168,0
ESGRP.US,60,20201208,210000,28.47,28.545,28.47,28.5,2277,0
ESGRP.US,60,20201208,220000,28.33,28.5999,28.33,28.55,110150,0
ESGRP.US,60,20201209,160000,28.59,28.59,28.56,28.56,498,0
ESGRP.US,60,20201209,170000,28.5525,28.5525,28.54,28.55,2300,0
ESGRP.US,60,20201209,180000,28.55,28.57,28.55,28.57,4039,0
ESGRP.US,60,20201209,190000,28.54,28.55,28.54,28.55,209,0
ESGRP.US,60,20201209,200000,28.52,28.5657,28.51,28.5657,1090,0
ESGRP.US,60,20201209,210000,28.55,28.55,28.54,28.55,1271,0
ESGRP.US,60,20201209,220000,28.55,28.56,28.55,28.55,3400,0
ESGRP.US,60,20201210,160000,28.49,28.49,28.49,28.49,274,0
ESGRP.US,60,20201210,180000,28.54,28.59,28.54,28.55,1075,0
ESGRP.US,60,20201210,190000,28.55,28.55,28.55,28.55,502,0
ESGRP.US,60,20201210,210000,28.55,28.55,28.55,28.55,700,0
ESGRP.US,60,20201210,220000,28.575,28.6,28.55,28.55,4406,0
ESGRP.US,60,20201211,160000,28.44,28.44,28.44,28.44,1154,0
ESGRP.US,60,20201211,170000,28.61,28.61,28.547,28.547,727,0
ESGRP.US,60,20201211,180000,28.422,28.555,28.41,28.555,1774,0
ESGRP.US,60,20201211,190000,28.5525,28.5525,28.5525,28.5525,100,0
ESGRP.US,60,20201211,200000,28.55,28.55,28.5344,28.5344,618,0
ESGRP.US,60,20201211,210000,28.55,28.57,28.55,28.57,1281,0
ESGRP.US,60,20201211,220000,28.5484,28.57,28.54,28.54,1817,0
ESGRP.US,60,20201214,160000,28.46,28.46,28.46,28.46,648,0
ESGRP.US,60,20201214,170000,28.61,28.61,28.54,28.54,9450,0
ESGRP.US,60,20201214,180000,28.565,28.565,28.46,28.47,1616,0
ESGRP.US,60,20201214,190000,28.61,28.61,28.55,28.55,540,0
ESGRP.US,60,20201214,200000,28.6061,28.6092,28.55,28.6092,1767,0
ESGRP.US,60,20201214,210000,28.55,28.5913,28.54,28.5913,1912,0
ESGRP.US,60,20201214,220000,28.54,28.55,28.5,28.55,2852,0
ESGRP.US,60,20201215,160000,28.59,28.59,28.495,28.495,475,0
ESGRP.US,60,20201215,170000,28.52,28.61,28.52,28.53,400,0
ESGRP.US,60,20201215,180000,28.56,28.6141,28.5,28.6141,5921,0
ESGRP.US,60,20201215,190000,28.6,28.6,28.6,28.6,254,0
ESGRP.US,60,20201215,200000,28.55,28.645,28.55,28.645,1465,0
ESGRP.US,60,20201215,210000,28.65,28.74,28.65,28.74,800,0
ESGRP.US,60,20201215,220000,28.67,28.725,28.6,28.72,5530,0
ESGRP.US,60,20201216,160000,28.82,28.82,28.82,28.82,402,0
ESGRP.US,60,20201216,170000,28.6027,28.87,28.6027,28.7717,1258,0
ESGRP.US,60,20201216,180000,28.745,28.7962,28.74,28.7962,1291,0
ESGRP.US,60,20201216,190000,28.765,28.8252,28.765,28.8252,355,0
ESGRP.US,60,20201216,200000,28.8338,28.8418,28.7775,28.7775,1374,0
ESGRP.US,60,20201216,210000,28.74,28.75,28.71,28.75,2745,0
ESGRP.US,60,20201216,220000,28.75,28.79,28.7082,28.7358,1115,0
ESGRP.US,60,20201217,160000,28.82,28.82,28.82,28.82,532,0
ESGRP.US,60,20201217,170000,28.785,28.805,28.74,28.75,2680,0
ESGRP.US,60,20201217,180000,28.75,28.844,28.75,28.844,2181,0
ESGRP.US,60,20201217,190000,28.75,28.76,28.75,28.75,2053,0
ESGRP.US,60,20201217,200000,28.69,28.786,28.6,28.62,1776,0
ESGRP.US,60,20201217,210000,28.64,28.75,28.64,28.75,1048,0
ESGRP.US,60,20201217,220000,28.73,28.8,28.73,28.74,2857,0
ESGRP.US,60,20201218,170000,28.75,28.83,28.6604,28.6604,8865,0
ESGRP.US,60,20201218,180000,28.7549,28.7549,28.75,28.75,427,0
ESGRP.US,60,20201218,190000,28.7549,28.76,28.7284,28.76,16612,0
ESGRP.US,60,20201218,200000,28.76,28.8376,28.76,28.785,1131,0
ESGRP.US,60,20201218,210000,28.75,28.7903,28.75,28.785,1491,0
ESGRP.US,60,20201218,220000,28.75,28.99,28.75,28.99,73902,0
ESGRP.US,60,20201221,160000,28.96,28.96,28.96,28.96,598,0
ESGRP.US,60,20201221,170000,28.92,28.945,28.91,28.94,1100,0
ESGRP.US,60,20201221,180000,28.97,29.0135,28.97,29.01,3353,0
ESGRP.US,60,20201221,190000,29.0499,29.07,29.03,29.07,775,0
ESGRP.US,60,20201221,200000,29.06,29.1337,29.06,29.1337,575,0
ESGRP.US,60,20201221,210000,29.1254,29.1343,29.08,29.1343,2953,0
ESGRP.US,60,20201221,220000,29.07,29.1599,29.07,29.08,2189,0
ESGRP.US,60,20201222,160000,29.15,29.15,29.1334,29.1334,1091,0
ESGRP.US,60,20201222,170000,29.125,29.125,29.1,29.12,9112,0
ESGRP.US,60,20201222,180000,29.065,29.065,29.065,29.065,165,0
ESGRP.US,60,20201222,190000,29.0704,29.11,29.0704,29.11,565,0
ESGRP.US,60,20201222,200000,28.9724,29.03,28.91,28.91,1405,0
ESGRP.US,60,20201222,210000,28.88,28.88,28.2995,28.5745,5672,0
ESGRP.US,60,20201222,220000,28.58,28.58,28.53,28.53,300,0
ESGRP.US,60,20201223,160000,28.57,28.57,28.55,28.57,2404,0
ESGRP.US,60,20201223,170000,28.6609,28.9799,28.55,28.74,5200,0
ESGRP.US,60,20201223,180000,28.795,28.99,28.795,28.99,3158,0
ESGRP.US,60,20201223,190000,29.03,29.04,29,29.04,832,0
ESGRP.US,60,20201223,200000,28.91,29,28.82,28.98,2609,0
ESGRP.US,60,20201223,210000,29.03,29.1,28.99,29.07,800,0
ESGRP.US,60,20201223,220000,29.1,29.1,29,29.06,10047,0
ESGRP.US,60,20201224,160000,29.1,29.1,28.832,29.07,2229,0
ESGRP.US,60,20201224,170000,29.07,29.1,28.69,29.08,2200,0
ESGRP.US,60,20201224,180000,29.05,29.1,29.04,29.05,3200,0
ESGRP.US,60,20201224,190000,29.05,29.27,28.9816,29.27,2096,0
ESGRP.US,60,20201228,160000,29.13,29.15,29.13,29.15,919,0
ESGRP.US,60,20201228,170000,29.17,29.2,29.14,29.14,2000,0
ESGRP.US,60,20201228,180000,29.12,29.15,28.99,28.99,1659,0
ESGRP.US,60,20201228,190000,28.716,28.74,28.71,28.74,1050,0
ESGRP.US,60,20201228,200000,28.75,28.8225,28.71,28.71,2207,0
ESGRP.US,60,20201228,210000,28.82,28.82,28.72,28.73,1900,0
ESGRP.US,60,20201228,220000,28.87,28.87,28.73,28.77,1540,0
ESGRP.US,60,20201229,160000,28.8,29.2159,28.8,29.2159,239,0
ESGRP.US,60,20201229,170000,28.86,28.975,28.78,28.78,1857,0
ESGRP.US,60,20201229,180000,28.76,28.8,28.75,28.75,1400,0
ESGRP.US,60,20201229,190000,28.7,28.71,28.61,28.61,500,0
ESGRP.US,60,20201229,200000,28.61,28.61,28.51,28.51,931,0
ESGRP.US,60,20201229,210000,28.52,28.6369,28.51,28.52,1815,0
ESGRP.US,60,20201229,220000,28.3965,28.4,28.3965,28.4,500,0
ESGRP.US,60,20201230,160000,28.53,28.53,28.4236,28.4236,1012,0
ESGRP.US,60,20201230,170000,28.43,28.43,28.34,28.34,300,0
ESGRP.US,60,20201230,180000,28.36,28.4299,28.33,28.33,2873,0
ESGRP.US,60,20201230,190000,28.365,28.365,28.33,28.3484,525,0
ESGRP.US,60,20201230,200000,28.33,28.35,28.33,28.33,800,0
ESGRP.US,60,20201230,210000,28.285,28.3025,28.24,28.24,600,0
ESGRP.US,60,20201230,220000,28.35,28.35,28.1972,28.22,3251,0
ESGRP.US,60,20201231,160000,28.36,28.36,28.36,28.36,425,0
ESGRP.US,60,20201231,170000,28.365,28.395,28.365,28.395,200,0
ESGRP.US,60,20201231,180000,28.56,28.56,28.37,28.4,1296,0
ESGRP.US,60,20201231,190000,28.34,28.45,28.16,28.41,3331,0
ESGRP.US,60,20201231,200000,28.2,28.47,28.2,28.33,600,0
ESGRP.US,60,20201231,210000,28.18,28.345,28.18,28.345,1300,0
ESGRP.US,60,20201231,220000,28.3008,28.3008,28.1,28.24,16189,0
ESGRP.US,60,20210104,160000,28.36,28.36,28.34,28.34,1134,0
ESGRP.US,60,20210104,170000,28.1866,28.29,28.1001,28.19,1860,0
ESGRP.US,60,20210104,180000,27.94,27.94,27.9,27.91,400,0
ESGRP.US,60,20210104,200000,27.9,28.0188,27.9,27.9,926,0
ESGRP.US,60,20210104,210000,27.9,27.9,27.845,27.845,442,0
ESGRP.US,60,20210104,220000,27.74,27.9499,27.72,27.86,4297,0
ESGRP.US,60,20210105,160000,27.94,27.94,27.94,27.94,436,0
ESGRP.US,60,20210105,180000,27.94,27.975,27.94,27.975,400,0
ESGRP.US,60,20210105,200000,28.01,28.01,28.01,28.01,100,0
ESGRP.US,60,20210105,210000,28.1883,28.27,28.1883,28.27,202,0
ESGRP.US,60,20210105,220000,28.3099,28.3099,28.12,28.12,900,0
ESGRP.US,60,20210106,160000,28.23,28.23,27.9,28.075,3113,0
ESGRP.US,60,20210106,170000,27.91,27.91,27.39,27.39,3347,0
ESGRP.US,60,20210106,180000,27.51,27.54,27.2,27.35,8338,0
ESGRP.US,60,20210106,190000,27.44,27.6974,27.36,27.6974,3290,0
ESGRP.US,60,20210106,200000,27.715,27.715,27.62,27.6598,1106,0
ESGRP.US,60,20210106,210000,27.6,27.8099,27.6,27.6,3751,0
ESGRP.US,60,20210106,220000,27.6,27.6999,27.6,27.62,2062,0
ESGRP.US,60,20210107,160000,27.67,27.67,27.53,27.53,1180,0
ESGRP.US,60,20210107,170000,27.61,27.62,27.55,27.58,3672,0
ESGRP.US,60,20210107,180000,27.58,27.6,27.56,27.59,4200,0
ESGRP.US,60,20210107,190000,27.605,27.64,27.56,27.56,6275,0
ESGRP.US,60,20210107,200000,27.57,27.5973,27.56,27.57,1858,0
ESGRP.US,60,20210107,210000,27.6285,27.6822,27.5852,27.68,3447,0
ESGRP.US,60,20210107,220000,27.6531,27.6531,27.6531,27.6531,340,0
ESGRP.US,60,20210108,160000,28.03,28.03,28.03,28.03,160,0
ESGRP.US,60,20210108,170000,27.74,27.74,27.74,27.74,400,0
ESGRP.US,60,20210108,180000,27.5816,27.7839,27.51,27.765,4688,0
ESGRP.US,60,20210108,190000,27.55,28.02,27.53,27.55,2626,0
ESGRP.US,60,20210108,200000,27.56,27.903,27.55,27.903,2219,0
ESGRP.US,60,20210108,220000,27.63,27.77,27.63,27.77,737,0
ESGRP.US,60,20210111,160000,27.54,27.54,27.5281,27.5281,646,0
ESGRP.US,60,20210111,170000,27.5553,27.5553,27.49,27.49,1789,0
ESGRP.US,60,20210111,180000,27.54,27.54,27.5,27.5,416,0
ESGRP.US,60,20210111,190000,27.51,27.61,27.5,27.61,1450,0
ESGRP.US,60,20210111,200000,27.6164,27.6164,27.6164,27.6164,760,0
ESGRP.US,60,20210111,210000,27.59,27.59,27.52,27.527,878,0
ESGRP.US,60,20210111,220000,27.5,27.52,27.49,27.5,3670,0
ESGRP.US,60,20210112,160000,27.56,27.56,27.4,27.4,2283,0
ESGRP.US,60,20210112,170000,27.45,27.4863,27.445,27.4863,5969,0
ESGRP.US,60,20210112,180000,27.4801,27.49,27.48,27.48,5512,0
ESGRP.US,60,20210112,190000,27.48,27.49,27.45,27.4879,3198,0
ESGRP.US,60,20210112,200000,27.5,27.5,27.48,27.48,600,0
ESGRP.US,60,20210112,210000,27.49,27.52,27.48,27.52,800,0
ESGRP.US,60,20210112,220000,27.54,27.6029,27.5037,27.5037,2777,0
ESGRP.US,60,20210113,160000,27.61,27.62,27.61,27.62,579,0
ESGRP.US,60,20210113,170000,27.79,27.8207,27.79,27.8207,326,0
ESGRP.US,60,20210113,190000,27.85,27.89,27.8112,27.89,855,0
ESGRP.US,60,20210113,200000,27.95,27.98,27.9,27.98,580,0
ESGRP.US,60,20210113,210000,27.96,27.96,27.96,27.96,200,0
ESGRP.US,60,20210113,220000,27.97,28.11,27.97,28.11,3447,0
ESGRP.US,60,20210114,160000,28.13,28.13,28.13,28.13,529,0
ESGRP.US,60,20210114,170000,28.296,28.31,28.1,28.1,372,0
ESGRP.US,60,20210114,180000,28.19,28.19,28.18,28.18,1284,0
ESGRP.US,60,20210114,190000,28.28,28.29,28.28,28.29,1110,0
ESGRP.US,60,20210114,200000,28.29,28.29,28.2287,28.2287,1403,0
ESGRP.US,60,20210114,220000,28.205,28.3484,28.2,28.23,2161,0
ESGRP.US,60,20210115,160000,28.35,28.35,28.35,28.35,419,0
ESGRP.US,60,20210115,170000,28.05,28.05,28.05,28.05,100,0
ESGRP.US,60,20210115,180000,28.36,28.36,28.325,28.325,239,0
ESGRP.US,60,20210115,190000,28.36,28.4,28.36,28.4,1000,0
ESGRP.US,60,20210115,200000,28.49,28.9024,28.49,28.67,4995,0
ESGRP.US,60,20210115,210000,28.55,28.56,28.55,28.56,1461,0
ESGRP.US,60,20210115,220000,28.57,28.6,28.4418,28.52,1902,0
ESGRP.US,60,20210119,160000,28.67,28.67,28.67,28.67,269,0
ESGRP.US,60,20210119,180000,28.43,28.695,28.42,28.695,1505,0
ESGRP.US,60,20210119,190000,28.5324,28.9899,28.5324,28.9899,1405,0
ESGRP.US,60,20210119,200000,28.6672,28.6672,28.6672,28.6672,500,0
ESGRP.US,60,20210119,220000,28.7399,28.7399,28.56,28.64,2256,0
ESGRP.US,60,20210120,160000,28.86,28.86,28.16,28.16,385,0
ESGRP.US,60,20210120,170000,28.55,28.55,28.54,28.54,259,0
ESGRP.US,60,20210120,180000,28.6,28.63,28.6,28.63,1371,0
ESGRP.US,60,20210120,200000,28.65,28.715,28.65,28.715,1531,0
ESGRP.US,60,20210120,210000,28.73,28.7375,28.6,28.6,6119,0
ESGRP.US,60,20210120,220000,28.645,28.75,28.5,28.65,3804,0
ESGRP.US,60,20210121,160000,28.77,28.77,28.77,28.77,320,0
ESGRP.US,60,20210121,170000,28.4226,28.4226,28.4226,28.4226,107,0
ESGRP.US,60,20210121,190000,28.78,28.8625,28.71,28.8625,1581,0
ESGRP.US,60,20210121,200000,28.85,28.865,28.8,28.8,3674,0
ESGRP.US,60,20210121,210000,28.8,28.8576,28.8,28.8,4259,0
ESGRP.US,60,20210121,220000,28.85,28.85,28.58,28.58,2079,0
ESGRP.US,60,20210122,160000,28.58,28.58,28.58,28.58,554,0
ESGRP.US,60,20210122,170000,28.585,28.585,28.585,28.585,133,0
ESGRP.US,60,20210122,180000,28.595,28.6785,28.595,28.6785,2130,0
ESGRP.US,60,20210122,190000,28.7489,28.7489,28.7489,28.7489,175,0
ESGRP.US,60,20210122,210000,28.756,28.7973,28.756,28.7973,342,0
ESGRP.US,60,20210125,160000,28.85,28.85,28.85,28.85,254,0
ESGRP.US,60,20210125,170000,28.785,28.85,28.785,28.85,1639,0
ESGRP.US,60,20210125,180000,28.79,28.79,28.62,28.745,2800,0
ESGRP.US,60,20210125,190000,28.69,28.69,28.69,28.69,100,0
ESGRP.US,60,20210125,200000,28.65,28.65,28.65,28.65,125,0
ESGRP.US,60,20210125,210000,28.6,28.6742,28.6,28.65,1333,0
ESGRP.US,60,20210125,220000,28.69,28.69,28.5,28.61,1984,0
ESGRP.US,60,20210126,160000,28.74,28.74,28.74,28.74,124,0
ESGRP.US,60,20210126,180000,28.5478,28.5478,28.5478,28.5478,770,0
ESGRP.US,60,20210126,190000,28.52,28.7,28.47,28.7,1383,0
ESGRP.US,60,20210126,200000,28.65,28.65,28.5463,28.5844,661,0
ESGRP.US,60,20210126,210000,28.5,28.5,28.5,28.5,328,0
ESGRP.US,60,20210126,220000,28.419,28.68,28.419,28.5,1100,0
ESGRP.US,60,20210127,160000,28.55,28.55,28.55,28.55,416,0
ESGRP.US,60,20210127,180000,28.39,28.39,28.39,28.39,222,0
ESGRP.US,60,20210127,200000,28.395,28.395,28.3134,28.3134,327,0
ESGRP.US,60,20210127,210000,28.32,28.32,28,28,600,0
ESGRP.US,60,20210127,220000,27.91,27.91,27.585,27.585,6964,0
ESGRP.US,60,20210128,160000,27.86,27.86,27.86,27.86,761,0
ESGRP.US,60,20210128,180000,27.76,27.76,27.76,27.76,100,0
ESGRP.US,60,20210128,190000,27.743,27.75,27.7,27.7,2000,0
ESGRP.US,60,20210128,200000,27.775,27.775,27.775,27.775,226,0
ESGRP.US,60,20210128,210000,27.65,27.7253,27.65,27.7253,707,0
ESGRP.US,60,20210128,220000,27.59,27.71,27.59,27.7,3777,0
ESGRP.US,60,20210129,160000,27.82,27.82,27.82,27.82,631,0
ESGRP.US,60,20210129,180000,27.72,27.72,27.61,27.6272,510,0
ESGRP.US,60,20210129,190000,27.6132,27.63,27.58,27.58,1202,0
ESGRP.US,60,20210129,200000,27.525,27.5651,27.525,27.5651,892,0
ESGRP.US,60,20210129,210000,27.5602,27.58,27.5602,27.58,695,0
ESGRP.US,60,20210129,220000,27.52,28.13,27.52,28.02,23132,0
ESGRP.US,60,20210201,160000,28.09,28.09,27.9941,27.9941,547,0
ESGRP.US,60,20210201,170000,27.7146,27.7146,27.7146,27.7146,167,0
ESGRP.US,60,20210201,190000,28.0452,28.14,28.04,28.14,818,0
ESGRP.US,60,20210201,200000,28.13,28.29,28.1,28.29,2974,0
ESGRP.US,60,20210201,210000,28.34,28.34,28.2401,28.2401,270,0
ESGRP.US,60,20210201,220000,28.33,28.33,28.25,28.31,1318,0
ESGRP.US,60,20210202,160000,28.36,28.36,28.36,28.36,242,0
ESGRP.US,60,20210202,170000,27.9,27.9,27.9,27.9,500,0
ESGRP.US,60,20210202,180000,28.3188,28.3188,28.3188,28.3188,300,0
ESGRP.US,60,20210202,200000,28.29,28.4047,28.29,28.4047,772,0
ESGRP.US,60,20210202,210000,28.4218,28.4218,28.4,28.4,887,0
ESGRP.US,60,20210202,220000,28.435,28.47,28.2907,28.47,1262,0
ESGRP.US,60,20210203,160000,28.49,28.49,28.49,28.49,344,0
ESGRP.US,60,20210203,180000,28.111,28.111,28.111,28.111,100,0
ESGRP.US,60,20210203,190000,28.12,28.3,27.98,28.3,800,0
ESGRP.US,60,20210203,200000,28.2032,28.2032,28.2032,28.2032,155,0
ESGRP.US,60,20210203,210000,28.1124,28.1124,28.1124,28.1124,133,0
ESGRP.US,60,20210203,220000,28.1,28.1,27.92,27.92,1599,0
ESGRP.US,60,20210204,160000,28.09,28.14,28.09,28.13,530,0
ESGRP.US,60,20210204,180000,27.93,28.48,27.93,28.23,5761,0
ESGRP.US,60,20210204,190000,28.12,28.44,28,28.355,9051,0
ESGRP.US,60,20210204,200000,28.3725,28.75,28.3725,28.6675,8562,0
ESGRP.US,60,20210204,210000,28.68,28.86,28.65,28.72,15170,0
ESGRP.US,60,20210204,220000,28.7859,28.84,28.5867,28.71,7984,0
ESGRP.US,60,20210205,160000,28.68,28.68,28.67,28.67,246,0
ESGRP.US,60,20210205,170000,28.4916,28.69,28.42,28.4229,2334,0
ESGRP.US,60,20210205,180000,28.69,28.87,28.58,28.58,6373,0
ESGRP.US,60,20210205,190000,28.56,28.59,28.56,28.59,1016,0
ESGRP.US,60,20210205,200000,28.85,28.85,28.6201,28.6201,1911,0
ESGRP.US,60,20210205,210000,28.7189,28.88,28.7189,28.88,2454,0
ESGRP.US,60,20210205,220000,28.79,28.8,28.72,28.73,1998,0
ESGRP.US,60,20210208,160000,28.89,28.89,28.58,28.58,426,0
ESGRP.US,60,20210208,170000,28.3355,28.62,28.3355,28.56,1012,0
ESGRP.US,60,20210208,180000,28.5918,28.9,28.47,28.47,4557,0
ESGRP.US,60,20210208,190000,28.88,28.88,28.725,28.725,392,0
ESGRP.US,60,20210208,200000,28.6852,28.8081,28.6852,28.8081,684,0
ESGRP.US,60,20210208,210000,28.6639,28.6639,28.6639,28.6639,162,0
ESGRP.US,60,20210208,220000,28.7507,28.8,28.6764,28.6764,1330,0
ESGRP.US,60,20210209,160000,28.9,28.9,28.9,28.9,428,0
ESGRP.US,60,20210209,170000,28.82,28.82,28.82,28.82,100,0
ESGRP.US,60,20210209,180000,28.86,29.005,28.86,29.005,2829,0
ESGRP.US,60,20210209,190000,29.07,29.3106,29.0257,29.3106,5949,0
ESGRP.US,60,20210209,200000,29.3,29.405,28.93,28.93,10346,0
ESGRP.US,60,20210209,210000,29.35,29.35,29.35,29.35,100,0
ESGRP.US,60,20210209,220000,29,29.181,28.85,29.1,10482,0
ESGRP.US,60,20210210,160000,29.44,29.44,29.44,29.44,635,0
ESGRP.US,60,20210210,170000,28.95,28.95,28.95,28.95,456,0
ESGRP.US,60,20210210,180000,28.95,28.95,28.905,28.905,450,0
ESGRP.US,60,20210210,190000,28.8674,28.8695,28.8674,28.8674,1300,0
ESGRP.US,60,20210210,210000,28.8977,28.9481,28.56,28.75,1218,0
ESGRP.US,60,20210210,220000,28.755,29.0055,28.65,28.75,1190,0
ESGRP.US,60,20210211,160000,28.66,28.66,28.66,28.66,402,0
ESGRP.US,60,20210211,170000,28.27,28.3484,28.25,28.25,979,0
ESGRP.US,60,20210211,180000,28.3,28.4579,28.2501,28.2501,673,0
ESGRP.US,60,20210211,190000,28.28,28.49,28.28,28.3,715,0
ESGRP.US,60,20210211,200000,28.29,28.305,28.25,28.305,1560,0
ESGRP.US,60,20210211,210000,28.305,28.355,28.3,28.3,1500,0
ESGRP.US,60,20210211,220000,28.15,28.23,28.15,28.15,2306,0
ESGRP.US,60,20210212,160000,28.32,28.4,28.18,28.22,3854,0
ESGRP.US,60,20210212,170000,28.22,28.22,28.18,28.18,507,0
ESGRP.US,60,20210212,180000,28.32,28.32,28.17,28.17,266,0
ESGRP.US,60,20210212,190000,28.18,28.4021,28.16,28.4021,2888,0
ESGRP.US,60,20210212,200000,28.32,28.32,28.32,28.32,100,0
ESGRP.US,60,20210212,210000,28.18,28.18,28.18,28.18,107,0
ESGRP.US,60,20210212,220000,28.24,28.34,28.2,28.2,437,0
ESGRP.US,60,20210216,160000,28.21,28.41,28.21,28.41,691,0
ESGRP.US,60,20210216,170000,28.25,28.35,28.0175,28.0175,4998,0
ESGRP.US,60,20210216,180000,27.93,27.95,27.92,27.94,400,0
ESGRP.US,60,20210216,190000,28.07,28.07,28.07,28.07,200,0
ESGRP.US,60,20210216,200000,28.065,28.1092,28.0613,28.1092,1257,0
ESGRP.US,60,20210216,210000,28.0997,28.0997,27.94,28.01,1606,0
ESGRP.US,60,20210216,220000,28.04,28.18,28,28.18,4453,0
ESGRP.US,60,20210217,160000,28.23,28.23,28.23,28.23,593,0
ESGRP.US,60,20210217,180000,28.18,28.248,28.18,28.248,477,0
ESGRP.US,60,20210217,190000,28.1403,28.1403,28.084,28.084,237,0
ESGRP.US,60,20210217,200000,28.166,28.166,28.166,28.166,190,0
ESGRP.US,60,20210217,210000,28.085,28.1,28.04,28.07,2236,0
ESGRP.US,60,20210217,220000,28.05,28.05,27.83,27.85,1154,0
ESGRP.US,60,20210218,160000,27.93,27.93,27.93,27.93,487,0
ESGRP.US,60,20210218,170000,27.7202,27.7202,27.33,27.36,959,0
ESGRP.US,60,20210218,180000,27.35,27.4652,27.35,27.36,1438,0
ESGRP.US,60,20210218,190000,27.38,27.4169,27.36,27.4169,480,0
ESGRP.US,60,20210218,200000,27.42,27.42,27.4,27.41,4457,0
ESGRP.US,60,20210218,210000,27.628,27.628,27.37,27.4,2450,0
ESGRP.US,60,20210218,220000,27.4,27.52,27.33,27.52,4788,0
ESGRP.US,60,20210219,170000,27.41,27.41,27.4,27.4,1500,0
ESGRP.US,60,20210219,180000,27.4,27.74,27.4,27.45,700,0
ESGRP.US,60,20210219,190000,27.41,27.59,27.41,27.5309,502,0
ESGRP.US,60,20210219,200000,27.44,27.6321,27.4,27.4,854,0
ESGRP.US,60,20210219,210000,27.613,27.613,27.4,27.41,1108,0
ESGRP.US,60,20210219,220000,27.41,27.6,27.41,27.45,2825,0
ESGRP.US,60,20210222,170000,27.25,27.27,27.16,27.16,1200,0
ESGRP.US,60,20210222,180000,27.16,27.345,27.01,27.04,3006,0
ESGRP.US,60,20210222,190000,27.2493,27.28,27.22,27.28,1800,0
ESGRP.US,60,20210222,200000,27.28,27.3675,27.28,27.3675,615,0
ESGRP.US,60,20210222,210000,27.3,27.32,27.3,27.32,1000,0
ESGRP.US,60,20210222,220000,27.3652,27.4199,27.24,27.24,1589,0
ESGRP.US,60,20210223,160000,27.31,27.32,27.31,27.32,202,0
ESGRP.US,60,20210223,170000,27.4184,27.44,27.4184,27.44,683,0
ESGRP.US,60,20210223,180000,27.39,27.39,27.39,27.39,314,0
ESGRP.US,60,20210223,190000,27.4,27.4001,27.4,27.4,626,0
ESGRP.US,60,20210223,200000,27.42,27.612,27.41,27.612,1683,0
ESGRP.US,60,20210223,220000,27.566,27.566,27.4,27.4,736,0
ESGRP.US,60,20210224,160000,27.58,27.58,27.33,27.33,8819,0
ESGRP.US,60,20210224,170000,27.4752,27.4752,27.4752,27.4752,124,0
ESGRP.US,60,20210224,190000,27.485,27.675,27.485,27.57,1381,0
ESGRP.US,60,20210224,200000,27.554,27.554,27.554,27.554,131,0
ESGRP.US,60,20210224,210000,27.4876,27.73,27.4876,27.726,2719,0
ESGRP.US,60,20210224,220000,27.65,27.7,27.5743,27.7,2204,0
ESGRP.US,60,20210225,160000,27.7,27.72,27.7,27.7,1627,0
ESGRP.US,60,20210225,170000,27.501,27.501,27.42,27.42,400,0
ESGRP.US,60,20210225,180000,27.28,27.43,27.28,27.43,2102,0
ESGRP.US,60,20210225,190000,27.44,27.44,27.3735,27.3735,1771,0
ESGRP.US,60,20210225,200000,27.25,27.3807,27.25,27.335,2192,0
ESGRP.US,60,20210225,210000,27.3758,27.3758,27.3758,27.3758,480,0
ESGRP.US,60,20210225,220000,27.4236,27.445,27.29,27.29,818,0
ESGRP.US,60,20210226,170000,27.3597,27.3597,27.3597,27.3597,820,0
ESGRP.US,60,20210226,180000,27.25,27.25,27.21,27.21,900,0
ESGRP.US,60,20210226,190000,27.2266,27.26,27.2266,27.26,2322,0
ESGRP.US,60,20210226,200000,27.2601,27.33,27.2601,27.33,425,0
ESGRP.US,60,20210226,210000,27.37,27.4,27.31,27.3625,904,0
ESGRP.US,60,20210226,220000,27.559,27.63,27.559,27.63,923,0
ESGRP.US,60,20210301,160000,27.66,27.66,27.64,27.64,575,0
ESGRP.US,60,20210301,170000,27.71,27.71,27.46,27.48,2868,0
ESGRP.US,60,20210301,180000,27.47,27.47,27.41,27.41,905,0
ESGRP.US,60,20210301,200000,27.45,27.72,27.42,27.72,1500,0
ESGRP.US,60,20210301,210000,27.585,27.585,27.585,27.585,493,0
ESGRP.US,60,20210301,220000,27.46,27.51,27.46,27.51,316,0
ESGRP.US,60,20210302,160000,27.61,27.61,27.41,27.4101,503,0
ESGRP.US,60,20210302,170000,27.4345,27.4345,27.4345,27.4345,179,0
ESGRP.US,60,20210302,180000,27.48,27.56,27.48,27.56,8475,0
ESGRP.US,60,20210302,190000,27.475,27.475,27.475,27.475,719,0
ESGRP.US,60,20210302,200000,27.3701,27.3701,27.3701,27.3701,330,0
ESGRP.US,60,20210302,210000,27.7265,27.7265,27.7265,27.7265,114,0
ESGRP.US,60,20210302,220000,27.5486,27.69,27.5486,27.69,1077,0
ESGRP.US,60,20210303,160000,27.51,27.51,27.51,27.51,575,0
ESGRP.US,60,20210303,170000,27.51,27.51,27.51,27.51,600,0
ESGRP.US,60,20210303,180000,27.5994,27.6283,27.5994,27.6283,395,0
ESGRP.US,60,20210303,200000,27.5222,27.6221,27.5222,27.6221,309,0
ESGRP.US,60,20210303,210000,27.5905,27.5905,27.5905,27.5905,1210,0
ESGRP.US,60,20210303,220000,27.52,27.62,27.52,27.62,1571,0
ESGRP.US,60,20210304,160000,27.76,27.76,27.76,27.76,256,0
ESGRP.US,60,20210304,170000,27.595,27.595,27.557,27.557,242,0
ESGRP.US,60,20210304,180000,27.6343,27.6343,27.6343,27.6343,156,0
ESGRP.US,60,20210304,190000,27.73,27.73,27.7081,27.7081,247,0
ESGRP.US,60,20210304,200000,27.75,27.75,27.75,27.75,100,0
ESGRP.US,60,20210304,210000,27.73,27.73,27.6447,27.6447,584,0
ESGRP.US,60,20210304,220000,27.73,27.73,27.6283,27.7,1148,0
ESGRP.US,60,20210305,160000,27.73,27.73,27.73,27.73,153,0
ESGRP.US,60,20210305,180000,27.5,27.5001,27.5,27.5001,2992,0
ESGRP.US,60,20210305,190000,27.6598,27.6598,27.6598,27.6598,361,0
ESGRP.US,60,20210305,200000,27.64,27.64,27.64,27.64,105,0
ESGRP.US,60,20210305,210000,27.7121,27.7121,27.7121,27.7121,1775,0
ESGRP.US,60,20210305,220000,27.79,27.99,27.79,27.84,1478,0
ESGRP.US,60,20210308,160000,27.67,27.8025,27.67,27.8025,1401,0
ESGRP.US,60,20210308,170000,27.91,27.92,27.91,27.92,200,0
ESGRP.US,60,20210308,190000,27.7927,27.7927,27.7927,27.7927,222,0
ESGRP.US,60,20210308,220000,27.87,27.99,27.87,27.97,5972,0
ESGRP.US,60,20210309,160000,27.97,27.97,27.97,27.97,293,0
ESGRP.US,60,20210309,170000,27.99,28.01,27.99,28.01,300,0
ESGRP.US,60,20210309,180000,28.12,28.13,28.12,28.12,679,0
ESGRP.US,60,20210309,210000,28.03,28.03,28.03,28.03,390,0
ESGRP.US,60,20210309,220000,28.035,28.1527,28.035,28.0682,1888,0
ESGRP.US,60,20210310,160000,28.14,28.14,27.86,27.86,503,0
ESGRP.US,60,20210310,170000,28.11,28.14,28.11,28.14,213,0
ESGRP.US,60,20210310,180000,28.15,28.15,28.15,28.15,982,0
ESGRP.US,60,20210310,190000,28.15,28.21,28.15,28.21,325,0
ESGRP.US,60,20210310,200000,28.19,28.19,28.19,28.19,597,0
ESGRP.US,60,20210310,210000,28.27,28.28,28.24,28.24,2009,0
ESGRP.US,60,20210311,160000,28.24,28.24,28.19,28.2,1187,0
ESGRP.US,60,20210311,170000,28.24,28.29,28.2,28.29,6359,0
ESGRP.US,60,20210311,180000,28.3532,28.39,28.313,28.313,1823,0
ESGRP.US,60,20210311,190000,28.38,28.42,28.38,28.41,1314,0
ESGRP.US,60,20210311,200000,28.39,28.39,28.2034,28.2034,2317,0
ESGRP.US,60,20210311,220000,28.3808,28.3808,28.278,28.35,880,0
ESGRP.US,60,20210312,160000,28.35,28.35,28.3,28.3299,610,0
ESGRP.US,60,20210312,170000,28.21,28.21,28.17,28.17,10838,0
ESGRP.US,60,20210312,180000,28.23,28.26,28.23,28.26,1975,0
ESGRP.US,60,20210312,190000,28.27,28.29,28.26,28.26,847,0
ESGRP.US,60,20210312,200000,28.2,28.24,28.19,28.23,889,0
ESGRP.US,60,20210312,210000,28.248,28.248,28.2456,28.2456,807,0
ESGRP.US,60,20210312,220000,28.27,28.27,28.27,28.27,368,0
ESGRP.US,60,20210315,150000,28.27,28.27,28.2,28.2,3076,0
ESGRP.US,60,20210315,160000,28.26,28.26,28.26,28.26,200,0
ESGRP.US,60,20210315,170000,28.3056,28.38,28.3,28.38,1993,0
ESGRP.US,60,20210315,180000,28.4478,28.4478,28.3899,28.3899,341,0
ESGRP.US,60,20210315,190000,28.41,28.58,28.4,28.52,3784,0
ESGRP.US,60,20210315,200000,28.57,28.57,28.54,28.54,2130,0
ESGRP.US,60,20210315,210000,28.39,28.4,28.3228,28.3228,405,0
ESGRP.US,60,20210316,150000,28.52,28.52,28.52,28.52,319,0
ESGRP.US,60,20210316,160000,28.5,28.5,28.5,28.5,400,0
ESGRP.US,60,20210316,170000,28.558,28.558,28.558,28.558,245,0
ESGRP.US,60,20210316,180000,28.52,28.52,28.52,28.52,100,0
ESGRP.US,60,20210316,190000,28.45,28.5999,28.45,28.5991,1515,0
ESGRP.US,60,20210316,200000,28.6,28.6,28.58,28.58,655,0
ESGRP.US,60,20210316,210000,28.57,28.79,28.57,28.71,3505,0
ESGRP.US,60,20210317,150000,28.74,28.74,28.74,28.74,284,0
ESGRP.US,60,20210317,160000,28.5851,28.5851,28.5851,28.5851,220,0
ESGRP.US,60,20210317,180000,28.7347,28.7347,28.5379,28.5379,545,0
ESGRP.US,60,20210317,210000,28.6212,28.68,28.4772,28.68,953,0
ESGRP.US,60,20210318,150000,28.72,28.72,28.72,28.72,256,0
ESGRP.US,60,20210318,160000,28.4802,28.4802,28.4802,28.4802,100,0
ESGRP.US,60,20210318,180000,28.41,28.41,28.41,28.41,215,0
ESGRP.US,60,20210318,190000,28.2509,28.3741,28.25,28.3741,4547,0
ESGRP.US,60,20210318,200000,28.3165,28.3214,28.3165,28.3214,3246,0
ESGRP.US,60,20210318,210000,28.26,28.315,28.22,28.28,4639,0
ESGRP.US,60,20210319,150000,28.35,28.35,27.84,27.85,3251,0
ESGRP.US,60,20210319,160000,27.9,28.2999,27.9,28.2999,676,0
ESGRP.US,60,20210319,170000,28.2941,28.2941,28.2941,28.2941,223,0
ESGRP.US,60,20210319,180000,28.23,28.23,28.0261,28.0261,468,0
ESGRP.US,60,20210319,190000,28.1142,28.1142,28.1142,28.1142,218,0
ESGRP.US,60,20210319,210000,28.015,28.16,28.015,28.16,215,0
ESGRP.US,60,20210322,150000,28.2,28.2,28.2,28.2,187,0
ESGRP.US,60,20210322,160000,28.1179,28.1999,28.0877,28.0877,1448,0
ESGRP.US,60,20210322,170000,28.15,28.2,28.15,28.1907,750,0
ESGRP.US,60,20210322,180000,28.1815,28.235,28.18,28.2,1700,0
ESGRP.US,60,20210322,200000,28.27,28.27,28.27,28.27,100,0
ESGRP.US,60,20210322,210000,28.2385,28.24,28.21,28.24,3313,0
ESGRP.US,60,20210323,150000,28,28.5,27.99,28.41,5682,0
ESGRP.US,60,20210323,160000,28.4,28.4659,28.14,28.16,3215,0
ESGRP.US,60,20210323,190000,28,28,28,28,400,0
ESGRP.US,60,20210323,200000,28.1275,28.2186,28.1275,28.2186,666,0
ESGRP.US,60,20210323,210000,28.0915,28.0915,28.0915,28.0915,900,0
ESGRP.US,60,20210324,150000,28.31,28.31,28.31,28.31,594,0
ESGRP.US,60,20210324,160000,28.2291,28.2291,28.2291,28.2291,100,0
ESGRP.US,60,20210324,170000,28.3367,28.3498,28.29,28.3438,2465,0
ESGRP.US,60,20210324,180000,28.35,28.35,28.2754,28.2754,4023,0
ESGRP.US,60,20210324,190000,28.35,28.35,28.35,28.35,183,0
ESGRP.US,60,20210324,200000,28.32,28.63,28.32,28.63,1350,0
ESGRP.US,60,20210324,210000,28.48,28.56,28.37,28.55,2999,0
ESGRP.US,60,20210325,150000,28.4,28.4,28.4,28.4,312,0
ESGRP.US,60,20210325,160000,28.55,28.55,28.55,28.55,264,0
ESGRP.US,60,20210325,170000,28.61,28.61,28.3633,28.3633,334,0
ESGRP.US,60,20210325,180000,28.385,28.57,28.385,28.56,1251,0
ESGRP.US,60,20210325,190000,28.41,28.41,28.41,28.41,100,0
ESGRP.US,60,20210325,200000,28.4361,28.4361,28.4361,28.4361,196,0
ESGRP.US,60,20210325,210000,28.59,28.59,28.25,28.59,2035,0
ESGRP.US,60,20210326,150000,28.37,28.37,28.37,28.37,716,0
ESGRP.US,60,20210326,160000,28.405,28.405,28.405,28.405,660,0
ESGRP.US,60,20210326,170000,28.55,28.6,28.405,28.405,1301,0
ESGRP.US,60,20210326,180000,28.456,28.456,28.449,28.449,250,0
ESGRP.US,60,20210326,190000,28.495,28.495,28.495,28.495,239,0
ESGRP.US,60,20210326,200000,28.3826,28.3826,28.3826,28.3826,558,0
ESGRP.US,60,20210326,210000,28.415,28.6,28.415,28.6,2047,0
ESGRP.US,60,20210329,160000,28.6,28.6,28.3829,28.3829,809,0
ESGRP.US,60,20210329,170000,28.355,28.37,28.2595,28.37,544,0
ESGRP.US,60,20210329,180000,28.365,28.5,28.13,28.49,2446,0
ESGRP.US,60,20210329,190000,28.31,28.49,28.31,28.364,912,0
ESGRP.US,60,20210329,200000,28.355,28.355,28.355,28.355,200,0
ESGRP.US,60,20210329,210000,28.355,28.54,28.355,28.53,800,0
ESGRP.US,60,20210329,220000,28.54,28.55,28.3161,28.37,2410,0
ESGRP.US,60,20210330,160000,28.52,28.52,28.52,28.52,416,0
ESGRP.US,60,20210330,170000,28.51,28.53,28.51,28.53,1136,0
ESGRP.US,60,20210330,180000,28.56,28.56,28.56,28.56,100,0
ESGRP.US,60,20210330,190000,28.565,28.6,28.565,28.6,529,0
ESGRP.US,60,20210330,200000,28.6,28.6,28.56,28.574,2377,0
ESGRP.US,60,20210330,210000,28.56,28.623,28.56,28.623,4336,0
ESGRP.US,60,20210330,220000,28.61,28.6328,28.6,28.62,6152,0
ESGRP.US,60,20210331,160000,28.54,28.69,28.54,28.571,409,0
ESGRP.US,60,20210331,180000,28.71,28.745,28.71,28.745,1310,0
ESGRP.US,60,20210331,190000,28.75,28.8,28.75,28.8,1090,0
ESGRP.US,60,20210331,200000,28.7675,28.8,28.75,28.775,3556,0
ESGRP.US,60,20210331,210000,28.75,28.78,28.63,28.78,5195,0
ESGRP.US,60,20210331,220000,28.65,28.8,28.65,28.76,10290,0
ESGRP.US,60,20210401,160000,28.76,28.76,28.72,28.76,1764,0
ESGRP.US,60,20210401,170000,28.995,29,28.97,29,3301,0
ESGRP.US,60,20210401,180000,28.9995,28.9995,28.61,28.61,2699,0
ESGRP.US,60,20210401,190000,28.7075,28.96,28.44,28.67,3294,0
ESGRP.US,60,20210401,200000,28.51,28.6221,28.48,28.5765,6254,0
ESGRP.US,60,20210401,210000,28.58,28.74,28.52,28.6005,9080,0
ESGRP.US,60,20210401,220000,28.635,28.9,28.47,28.84,5399,0
ESGRP.US,60,20210405,160000,28.69,28.69,28.44,28.44,1350,0
ESGRP.US,60,20210405,170000,28.51,28.73,28.51,28.73,2970,0
ESGRP.US,60,20210405,180000,28.78,28.78,28.78,28.78,100,0
ESGRP.US,60,20210405,190000,28.715,28.8966,28.715,28.8966,749,0
ESGRP.US,60,20210405,200000,28.86,28.88,28.86,28.88,2728,0
ESGRP.US,60,20210405,210000,28.75,28.89,28.7375,28.7678,3379,0
ESGRP.US,60,20210405,220000,28.8975,28.9,28.7375,28.855,3703,0
ESGRP.US,60,20210406,160000,28.95,28.95,28.7976,28.7976,636,0
ESGRP.US,60,20210406,170000,28.63,28.76,28.63,28.75,900,0
ESGRP.US,60,20210406,180000,28.9,28.9,28.809,28.8372,4357,0
ESGRP.US,60,20210406,190000,28.9,28.9,28.83,28.9,5763,0
ESGRP.US,60,20210406,200000,28.89,28.9,28.845,28.8923,3801,0
ESGRP.US,60,20210406,210000,28.8805,28.8805,28.735,28.78,11180,0
ESGRP.US,60,20210406,220000,28.74,28.78,28.5,28.78,2740,0
ESGRP.US,60,20210407,160000,28.89,28.89,28.85,28.85,506,0
ESGRP.US,60,20210407,170000,28.81,28.81,28.81,28.81,179,0
ESGRP.US,60,20210407,180000,28.73,28.8,28.72,28.8,1646,0
ESGRP.US,60,20210407,190000,28.78,28.79,28.75,28.79,1684,0
ESGRP.US,60,20210407,210000,28.8,28.8,28.7909,28.7909,784,0
ESGRP.US,60,20210407,220000,28.7962,28.8,28.73,28.73,6562,0
ESGRP.US,60,20210408,160000,28.85,28.85,28.58,28.6357,1426,0
ESGRP.US,60,20210408,170000,28.7495,28.7495,28.7495,28.7495,1100,0
ESGRP.US,60,20210408,190000,28.75,28.7678,28.7342,28.7678,675,0
ESGRP.US,60,20210408,200000,28.8,28.82,28.7689,28.7689,1076,0
ESGRP.US,60,20210408,210000,28.82,28.82,28.775,28.793,1445,0
ESGRP.US,60,20210408,220000,28.79,28.82,28.79,28.8,2805,0
ESGRP.US,60,20210409,160000,28.87,28.87,28.8,28.8,345,0
ESGRP.US,60,20210409,180000,28.8,28.8,28.8,28.8,200,0
ESGRP.US,60,20210409,190000,28.8,28.8,28.7201,28.8,1242,0
ESGRP.US,60,20210409,210000,28.751,28.79,28.751,28.79,841,0
ESGRP.US,60,20210409,220000,28.79,28.8,28.7,28.7,1914,0
ESGRP.US,60,20210412,160000,28.8,28.8,28.8,28.8,290,0
ESGRP.US,60,20210412,170000,28.8,28.8,28.7,28.7,3957,0
ESGRP.US,60,20210412,180000,28.7,28.7817,28.7,28.7817,1323,0
ESGRP.US,60,20210412,190000,28.7787,28.7787,28.7787,28.7787,100,0
ESGRP.US,60,20210412,200000,28.7899,28.7899,28.7137,28.7137,1786,0
ESGRP.US,60,20210412,210000,28.7797,28.7797,28.7797,28.7797,100,0
ESGRP.US,60,20210412,220000,28.764,28.7816,28.75,28.75,2368,0
ESGRP.US,60,20210413,170000,28.9,28.9,28.9,28.9,221,0
ESGRP.US,60,20210413,180000,28.82,28.82,28.82,28.82,200,0
ESGRP.US,60,20210413,190000,28.73,28.73,28.7,28.7,1238,0
ESGRP.US,60,20210413,200000,28.73,28.8421,28.73,28.8421,409,0
ESGRP.US,60,20210413,220000,28.9,28.9,28.89,28.89,3114,0
ESGRP.US,60,20210414,160000,28.9,28.9,28.9,28.9,506,0
ESGRP.US,60,20210414,170000,28.9,28.9,28.9,28.9,100,0
ESGRP.US,60,20210414,190000,28.9,29.1,28.9,29.05,2509,0
ESGRP.US,60,20210414,200000,28.9999,28.9999,28.905,28.905,406,0
ESGRP.US,60,20210414,220000,28.8671,28.91,28.8478,28.91,421,0
ESGRP.US,60,20210415,160000,28.84,28.85,28.82,28.82,754,0
ESGRP.US,60,20210415,170000,28.837,28.85,28.83,28.8305,6207,0
ESGRP.US,60,20210415,180000,28.83,28.85,28.83,28.84,6124,0
ESGRP.US,60,20210415,190000,28.85,29.0776,28.85,28.96,987,0
ESGRP.US,60,20210415,200000,28.96,28.96,28.96,28.96,265,0
ESGRP.US,60,20210415,210000,28.8817,28.8817,28.8817,28.8817,125,0
ESGRP.US,60,20210415,220000,28.92,28.99,28.86,28.91,3917,0
ESGRP.US,60,20210416,160000,28.9,28.93,28.9,28.92,415,0
ESGRP.US,60,20210416,180000,29.0999,29.0999,28.92,28.929,2077,0
ESGRP.US,60,20210416,190000,28.97,29.08,28.9,28.9,5571,0
ESGRP.US,60,20210416,200000,28.9,29,28.9,28.99,1134,0
ESGRP.US,60,20210416,210000,28.92,28.955,28.91,28.91,3786,0
ESGRP.US,60,20210416,220000,29.0144,29.1,28.9578,29.1,3093,0
ESGRP.US,60,20210419,160000,29.24,29.24,29.24,29.24,347,0
ESGRP.US,60,20210419,170000,29.1246,29.1463,28.72,29.1463,1940,0
ESGRP.US,60,20210419,180000,28.945,28.945,28.86,28.86,690,0
ESGRP.US,60,20210419,190000,29.0962,29.0962,28.9507,28.9507,613,0
ESGRP.US,60,20210419,220000,28.91,29.07,28.91,29.07,475,0
ESGRP.US,60,20210420,160000,29.07,29.07,29.07,29.07,131,0
ESGRP.US,60,20210420,170000,28.88,28.88,28.88,28.88,355,0
ESGRP.US,60,20210420,180000,29.0331,29.0699,29.0331,29.0699,663,0
ESGRP.US,60,20210420,190000,28.9034,28.99,28.9034,28.99,403,0
ESGRP.US,60,20210420,200000,29.0233,29.0233,29.0233,29.0233,147,0
ESGRP.US,60,20210420,220000,28.885,29.0232,28.7372,29.0232,1145,0
ESGRP.US,60,20210421,160000,28.85,28.85,28.73,28.73,200,0
ESGRP.US,60,20210421,170000,28.84,29.0462,28.84,29.0462,249,0
ESGRP.US,60,20210421,180000,28.855,29,28.797,29,942,0
ESGRP.US,60,20210421,190000,28.93,28.9986,28.86,28.9818,2893,0
ESGRP.US,60,20210421,200000,28.836,28.9975,28.836,28.9975,523,0
ESGRP.US,60,20210421,210000,28.8086,28.8635,28.73,28.8,8199,0
ESGRP.US,60,20210421,220000,28.72,28.85,28.72,28.72,1639,0
ESGRP.US,60,20210422,160000,28.8,28.8,28.739,28.74,426,0
ESGRP.US,60,20210422,170000,28.7948,28.7948,28.75,28.75,547,0
ESGRP.US,60,20210422,190000,28.75,28.75,28.75,28.75,100,0
ESGRP.US,60,20210422,200000,28.68,28.75,28.68,28.75,225,0
ESGRP.US,60,20210422,210000,28.75,28.83,28.7,28.74,2667,0
ESGRP.US,60,20210422,220000,28.77,28.83,28.77,28.83,1409,0
ESGRP.US,60,20210423,160000,28.92,28.92,28.85,28.9,1688,0
ESGRP.US,60,20210423,170000,28.8974,28.9,28.8974,28.9,281,0
ESGRP.US,60,20210423,180000,28.7922,28.7922,28.7922,28.7922,200,0
ESGRP.US,60,20210423,190000,28.8682,28.9,28.82,28.82,3630,0
ESGRP.US,60,20210423,200000,28.9,29.0053,28.9,29.0053,3278,0
ESGRP.US,60,20210423,210000,28.9703,29,28.9703,29,771,0
ESGRP.US,60,20210423,220000,28.9,28.9,28.9,28.9,100,0
ESGRP.US,60,20210426,160000,28.81,28.81,28.81,28.81,2090,0
ESGRP.US,60,20210426,170000,28.8487,28.8487,28.8487,28.8487,336,0
ESGRP.US,60,20210426,190000,28.99,28.99,28.9402,28.9402,572,0
ESGRP.US,60,20210426,200000,28.98,28.9884,28.95,28.9884,3224,0
ESGRP.US,60,20210426,210000,28.99,28.99,28.979,28.979,672,0
ESGRP.US,60,20210426,220000,28.99,28.99,28.8678,28.8678,8612,0
ESGRP.US,60,20210427,160000,29.05,29.18,29.05,29.18,798,0
ESGRP.US,60,20210427,170000,29.06,29.17,28.9,29.17,5804,0
ESGRP.US,60,20210427,180000,29.06,29.1913,29.04,29.14,2670,0
ESGRP.US,60,20210427,190000,29.14,29.18,29.08,29.18,9200,0
ESGRP.US,60,20210427,200000,29.17,29.21,29.15,29.2,4000,0
ESGRP.US,60,20210427,210000,29.19,29.215,29.16,29.215,5000,0
ESGRP.US,60,20210427,220000,29.184,29.41,29.0831,29.41,6366,0
ESGRP.US,60,20210428,160000,29.37,29.3748,29.37,29.3748,972,0
ESGRP.US,60,20210428,170000,29.205,29.205,29.1,29.205,1152,0
ESGRP.US,60,20210428,180000,29.12,29.12,29.0514,29.06,1000,0
ESGRP.US,60,20210428,190000,29.06,29.06,29.05,29.05,800,0
ESGRP.US,60,20210428,200000,29.1886,29.1886,29.18,29.18,580,0
ESGRP.US,60,20210428,210000,29.06,29.19,29.06,29.19,1200,0
ESGRP.US,60,20210428,220000,29.1496,29.35,29.12,29.35,4090,0
ESGRP.US,60,20210429,160000,29.31,29.31,29.31,29.31,734,0
ESGRP.US,60,20210429,170000,29.01,29.179,29,29.179,3604,0
ESGRP.US,60,20210429,180000,29.04,29.2756,29.04,29.2756,462,0
ESGRP.US,60,20210429,190000,29.04,29.04,29.04,29.04,200,0
ESGRP.US,60,20210429,200000,29.2,29.2,29.0366,29.0366,410,0
ESGRP.US,60,20210429,220000,29.0423,29.24,29.0423,29.211,1230,0
ESGRP.US,60,20210430,160000,29.04,29.04,29.04,29.04,978,0
ESGRP.US,60,20210430,170000,29.07,29.3333,29.07,29.0817,858,0
ESGRP.US,60,20210430,180000,29.07,29.07,29.07,29.07,200,0
ESGRP.US,60,20210430,190000,29.08,29.27,29.05,29.06,5800,0
ESGRP.US,60,20210430,200000,29.07,29.09,29.07,29.09,2200,0
ESGRP.US,60,20210430,210000,29.09,29.2198,29.09,29.09,3572,0
ESGRP.US,60,20210430,220000,29.09,29.1302,28.76,28.83,21850,0
ESGRP.US,60,20210503,160000,28.76,28.98,28.76,28.91,1655,0
ESGRP.US,60,20210503,170000,28.93,28.93,28.93,28.93,100,0
ESGRP.US,60,20210503,180000,29.075,29.0978,28.89,28.975,1871,0
ESGRP.US,60,20210503,190000,28.9699,28.99,28.87,28.87,514,0
ESGRP.US,60,20210503,200000,28.88,29.1179,28.88,28.954,1621,0
ESGRP.US,60,20210503,210000,28.96,28.9715,28.96,28.9715,358,0
ESGRP.US,60,20210503,220000,29.065,29.12,28.99,28.99,5473,0
ESGRP.US,60,20210504,160000,28.9,28.9,28.9,28.9,429,0
ESGRP.US,60,20210504,170000,29.01,29.01,29.01,29.01,895,0
ESGRP.US,60,20210504,180000,29.03,29.045,29.03,29.045,1025,0
ESGRP.US,60,20210504,190000,29.08,29.08,29.03,29.03,342,0
ESGRP.US,60,20210504,200000,29.05,29.08,29.05,29.08,652,0
ESGRP.US,60,20210504,210000,29.1256,29.2736,29.1256,29.2736,744,0
ESGRP.US,60,20210504,220000,29.22,29.3773,29.2055,29.34,8624,0
ESGRP.US,60,20210505,160000,29.17,29.17,29.17,29.17,337,0
ESGRP.US,60,20210505,190000,29.3,29.3,29.22,29.22,662,0
ESGRP.US,60,20210505,200000,29.23,29.32,29.23,29.32,590,0
ESGRP.US,60,20210505,210000,29.3186,29.3186,29.3169,29.3186,656,0
ESGRP.US,60,20210505,220000,29.22,29.26,29.21,29.26,2540,0
ESGRP.US,60,20210506,160000,29.21,29.2201,29.21,29.2201,1595,0
ESGRP.US,60,20210506,170000,29.29,29.29,29.29,29.29,100,0
ESGRP.US,60,20210506,180000,29.21,29.24,29.21,29.24,2900,0
ESGRP.US,60,20210506,190000,29.216,29.23,29.21,29.23,2299,0
ESGRP.US,60,20210506,200000,29.22,29.2477,29.21,29.2477,338,0
ESGRP.US,60,20210506,210000,29.22,29.245,29.22,29.245,500,0
ESGRP.US,60,20210506,220000,29.22,29.3,29.22,29.3,4889,0
ESGRP.US,60,20210507,160000,29.25,29.25,29.25,29.25,387,0
ESGRP.US,60,20210507,170000,29.36,29.36,29.36,29.36,353,0
ESGRP.US,60,20210507,180000,29.25,29.2608,29.25,29.2608,1500,0
ESGRP.US,60,20210507,190000,29.33,29.33,29.255,29.255,400,0
ESGRP.US,60,20210507,200000,29.3081,29.3196,29.289,29.289,640,0
ESGRP.US,60,20210507,210000,29.32,29.32,29.32,29.32,100,0
ESGRP.US,60,20210507,220000,29.308,29.4,29.308,29.4,3380,0
ESGRP.US,60,20210510,160000,29.3,29.3,29.3,29.3,487,0
ESGRP.US,60,20210510,170000,29.3805,29.3805,29.32,29.32,1506,0
ESGRP.US,60,20210510,180000,29.32,29.33,29.32,29.33,300,0
ESGRP.US,60,20210510,190000,29.33,29.33,29.27,29.27,324,0
ESGRP.US,60,20210510,200000,29.26,29.3399,29.26,29.3399,710,0
ESGRP.US,60,20210510,210000,29.265,29.265,29.21,29.2304,1864,0
ESGRP.US,60,20210510,220000,29.24,29.24,29.24,29.24,300,0
ESGRP.US,60,20210511,160000,29.22,29.34,29.22,29.34,430,0
ESGRP.US,60,20210511,170000,29.21,29.21,29.025,29.16,9283,0
ESGRP.US,60,20210511,180000,29.14,29.15,29.14,29.15,1212,0
ESGRP.US,60,20210511,190000,29.17,29.17,29.17,29.17,300,0
ESGRP.US,60,20210511,200000,29.041,29.2646,29.041,29.2646,654,0
ESGRP.US,60,20210511,210000,29.09,29.09,29.09,29.09,709,0
ESGRP.US,60,20210511,220000,29.19,29.2,28.93,28.99,1463,0
ESGRP.US,60,20210512,160000,29.15,29.15,28.77,28.8,1026,0
ESGRP.US,60,20210512,170000,28.83,28.97,28.82,28.93,1400,0
ESGRP.US,60,20210512,180000,28.96,28.96,28.8619,28.95,600,0
ESGRP.US,60,20210512,190000,28.96,28.97,28.96,28.97,500,0
ESGRP.US,60,20210512,200000,28.9149,29,28.8,29,3757,0
ESGRP.US,60,20210512,210000,28.99,29.02,28.9,29.02,1000,0
ESGRP.US,60,20210512,220000,29.02,29.08,29.02,29.08,859,0
ESGRP.US,60,20210513,160000,28.94,28.94,28.72,28.72,1081,0
ESGRP.US,60,20210513,180000,28.875,28.875,28.802,28.802,386,0
ESGRP.US,60,20210513,190000,28.87,28.87,28.87,28.87,5619,0
ESGRP.US,60,20210513,210000,28.84,28.84,28.7,28.7,2109,0
ESGRP.US,60,20210513,220000,28.86,28.86,28.785,28.84,1391,0
ESGRP.US,60,20210514,160000,29.02,29.02,28.99,28.99,407,0
ESGRP.US,60,20210514,170000,28.8462,28.8759,28.8462,28.8759,554,0
ESGRP.US,60,20210514,180000,28.8519,28.8519,28.8519,28.8519,256,0
ESGRP.US,60,20210514,190000,28.85,28.85,28.8437,28.85,1275,0
ESGRP.US,60,20210514,200000,28.78,28.78,28.77,28.77,800,0
ESGRP.US,60,20210514,210000,28.7387,28.8,28.7387,28.8,4426,0
ESGRP.US,60,20210517,160000,28.95,28.95,28.95,28.95,366,0
ESGRP.US,60,20210517,180000,29.076,29.076,28.9,28.9,1293,0
ESGRP.US,60,20210517,200000,28.78,28.78,28.7315,28.75,4345,0
ESGRP.US,60,20210517,210000,28.8628,28.92,28.75,28.92,480,0
ESGRP.US,60,20210517,220000,28.8685,29.0799,28.7723,28.92,4788,0
ESGRP.US,60,20210518,160000,28.9,28.9,28.9,28.9,188,0
ESGRP.US,60,20210518,170000,28.76,28.845,28.74,28.845,1358,0
ESGRP.US,60,20210518,180000,28.77,28.9343,28.75,28.77,5747,0
ESGRP.US,60,20210518,190000,28.84,28.89,28.7,28.89,2734,0
ESGRP.US,60,20210518,200000,28.8507,28.8507,28.71,28.755,2290,0
ESGRP.US,60,20210518,210000,28.773,28.85,28.74,28.7447,4702,0
ESGRP.US,60,20210518,220000,28.7957,28.7957,28.64,28.72,3233,0
ESGRP.US,60,20210519,160000,28.78,28.78,28.4,28.43,5493,0
ESGRP.US,60,20210519,180000,28.43,28.45,28.43,28.43,1800,0
ESGRP.US,60,20210519,190000,28.54,28.644,28.42,28.43,8505,0
ESGRP.US,60,20210519,200000,28.545,28.5643,28.45,28.5643,680,0
ESGRP.US,60,20210519,210000,28.6479,28.6479,28.44,28.5514,1584,0
ESGRP.US,60,20210519,220000,28.44,28.5035,28.43,28.5,5704,0
ESGRP.US,60,20210520,160000,28.51,28.51,28.51,28.51,1427,0
ESGRP.US,60,20210520,170000,28.51,28.53,28.45,28.46,1010,0
ESGRP.US,60,20210520,180000,28.45,28.53,28.45,28.48,2420,0
ESGRP.US,60,20210520,190000,28.43,28.62,28.43,28.43,909,0
ESGRP.US,60,20210520,200000,28.531,28.5403,28.43,28.43,2021,0
ESGRP.US,60,20210520,210000,28.43,28.5326,28.41,28.41,3874,0
ESGRP.US,60,20210520,220000,28.42,28.49,28.41,28.49,730,0
ESGRP.US,60,20210521,160000,28.39,28.39,28.38,28.38,863,0
ESGRP.US,60,20210521,170000,28.38,28.51,28.31,28.36,20533,0
ESGRP.US,60,20210521,200000,28.4418,28.4418,28.34,28.34,408,0
ESGRP.US,60,20210521,210000,28.4,28.4,28.37,28.37,1116,0
ESGRP.US,60,20210521,220000,28.39,28.39,28.35,28.35,375,0
ESGRP.US,60,20210524,160000,28.43,28.5,28.43,28.5,2392,0
ESGRP.US,60,20210524,170000,28.51,28.51,28.475,28.475,329,0
ESGRP.US,60,20210524,180000,28.5788,28.6085,28.42,28.4674,1842,0
ESGRP.US,60,20210524,190000,28.51,28.51,28.47,28.47,200,0
ESGRP.US,60,20210524,200000,28.47,28.53,28.41,28.53,4312,0
ESGRP.US,60,20210524,210000,28.5924,28.5924,28.53,28.53,456,0
ESGRP.US,60,20210524,220000,28.64,28.64,28.44,28.48,2180,0
ESGRP.US,60,20210525,160000,28.63,28.63,28.5,28.58,1709,0
ESGRP.US,60,20210525,170000,28.58,28.63,28.49,28.49,2151,0
ESGRP.US,60,20210525,180000,28.6,28.6,28.48,28.485,1295,0
ESGRP.US,60,20210525,190000,28.6286,28.6286,28.4096,28.4096,1862,0
ESGRP.US,60,20210525,200000,28.63,28.63,28.53,28.53,1056,0
ESGRP.US,60,20210525,220000,28.561,28.57,28.52,28.57,3967,0
ESGRP.US,60,20210526,160000,28.62,28.63,28.522,28.522,1730,0
ESGRP.US,60,20210526,170000,28.5791,28.5791,28.5791,28.5791,377,0
ESGRP.US,60,20210526,190000,28.6,28.6,28.36,28.6,664,0
ESGRP.US,60,20210526,200000,28.6,28.6,28.4283,28.4283,1262,0
ESGRP.US,60,20210526,210000,28.54,28.55,28.54,28.54,709,0
ESGRP.US,60,20210526,220000,28.54,28.54,28.45,28.45,1025,0
ESGRP.US,60,20210527,160000,28.55,28.55,28.55,28.55,798,0
ESGRP.US,60,20210527,170000,28.4179,28.54,28.4179,28.54,314,0
ESGRP.US,60,20210527,180000,28.3758,28.3758,28.3758,28.3758,300,0
ESGRP.US,60,20210527,190000,28.4944,28.4944,28.4944,28.4944,149,0
ESGRP.US,60,20210527,200000,28.46,28.53,28.46,28.4878,1522,0
ESGRP.US,60,20210528,160000,28.53,28.53,28.53,28.53,1421,0
ESGRP.US,60,20210528,170000,28.53,28.67,28.53,28.65,856,0
ESGRP.US,60,20210528,180000,28.46,28.65,28.46,28.65,246,0
ESGRP.US,60,20210528,190000,28.64,28.67,28.5761,28.65,1047,0
ESGRP.US,60,20210528,200000,28.65,28.67,28.65,28.66,900,0
ESGRP.US,60,20210528,220000,28.66,28.66,28.64,28.66,3975,0
ESGRP.US,60,20210601,160000,28.71,28.72,28.71,28.72,951,0
ESGRP.US,60,20210601,170000,28.75,28.75,28.6786,28.6786,608,0
ESGRP.US,60,20210601,180000,28.7,28.75,28.6672,28.75,872,0
ESGRP.US,60,20210601,190000,28.75,28.75,28.75,28.75,100,0
ESGRP.US,60,20210601,200000,28.7104,28.75,28.7104,28.75,407,0
ESGRP.US,60,20210601,210000,28.75,28.81,28.75,28.76,3200,0
ESGRP.US,60,20210601,220000,28.79,28.8,28.78,28.8,4281,0
ESGRP.US,60,20210602,160000,28.84,28.84,28.84,28.84,580,0
ESGRP.US,60,20210602,170000,28.82,28.9143,28.82,28.91,988,0
ESGRP.US,60,20210602,180000,28.97,28.97,28.945,28.95,565,0
ESGRP.US,60,20210602,190000,28.9201,28.98,28.9201,28.98,650,0
ESGRP.US,60,20210602,200000,28.94,28.99,28.94,28.99,3255,0
ESGRP.US,60,20210602,210000,28.965,29.0083,28.95,28.95,4387,0
ESGRP.US,60,20210602,220000,29.03,29.19,29.03,29.19,3881,0
ESGRP.US,60,20210603,160000,29.24,29.24,29.14,29.16,1055,0
ESGRP.US,60,20210603,170000,29.17,29.25,29.0883,29.18,3409,0
ESGRP.US,60,20210603,190000,29.2,29.2,29.055,29.055,817,0
ESGRP.US,60,20210603,200000,28.9618,29.2206,28.9618,29.2206,983,0
ESGRP.US,60,20210603,210000,29.1431,29.1431,29.1348,29.1348,447,0
ESGRP.US,60,20210603,220000,29.1571,29.23,29.0326,29.0326,1287,0
ESGRP.US,60,20210604,160000,29.25,29.2556,29.25,29.25,1175,0
ESGRP.US,60,20210604,170000,29.28,29.32,29.28,29.2973,628,0
ESGRP.US,60,20210604,180000,29.0888,29.0888,28.9291,29.045,745,0
ESGRP.US,60,20210604,190000,28.9184,28.9184,28.9184,28.9184,500,0
ESGRP.US,60,20210604,220000,29.1228,29.2,29.0487,29.2,1977,0
ESGRP.US,60,20210607,160000,29.24,29.24,28.9895,29.1122,531,0
ESGRP.US,60,20210607,170000,29.0984,29.2875,29.0927,29.0927,1245,0
ESGRP.US,60,20210607,180000,29.12,29.2,29.12,29.2,928,0
ESGRP.US,60,20210607,190000,29.213,29.213,29.213,29.213,172,0
ESGRP.US,60,20210607,200000,29.2085,29.29,29.2085,29.2101,2332,0
ESGRP.US,60,20210607,220000,29.19,29.23,29.16,29.23,3634,0
ESGRP.US,60,20210608,160000,29.28,29.28,29.28,29.28,111,0
ESGRP.US,60,20210608,170000,29.2673,29.2673,29.145,29.2283,1047,0
ESGRP.US,60,20210608,200000,29.12,29.12,29.12,29.12,390,0
ESGRP.US,60,20210608,210000,29.205,29.21,29.0931,29.2,470,0
ESGRP.US,60,20210608,220000,29.21,29.21,29.1,29.15,7092,0
ESGRP.US,60,20210609,160000,29.12,29.12,29.08,29.08,600,0
ESGRP.US,60,20210609,180000,29.13,29.15,29.13,29.15,600,0
ESGRP.US,60,20210609,200000,29.2,29.29,29.2,29.2421,1586,0
ESGRP.US,60,20210609,210000,29.29,29.29,29.29,29.29,824,0
ESGRP.US,60,20210609,220000,29.26,29.32,29.26,29.31,325,0
ESGRP.US,60,20210610,160000,29.42,29.42,29.42,29.42,431,0
ESGRP.US,60,20210610,180000,29.41,29.4168,29.3427,29.4,3089,0
ESGRP.US,60,20210610,190000,29.4,29.4,29.185,29.37,624,0
ESGRP.US,60,20210610,200000,29.37,29.37,29.17,29.242,880,0
ESGRP.US,60,20210610,210000,29.0779,29.34,29.0779,29.3,1660,0
ESGRP.US,60,20210610,220000,29.3,29.33,29.155,29.33,2131,0
ESGRP.US,60,20210611,160000,29.41,29.41,29.4,29.4,2415,0
ESGRP.US,60,20210611,170000,29.29,29.29,29.15,29.285,3502,0
ESGRP.US,60,20210611,180000,29.3924,29.3924,29.283,29.33,637,0
ESGRP.US,60,20210611,190000,29.3742,29.3742,29.33,29.34,717,0
ESGRP.US,60,20210611,200000,29.275,29.35,29.275,29.35,412,0
ESGRP.US,60,20210611,210000,29.35,29.35,29.35,29.35,300,0
ESGRP.US,60,20210611,220000,29.35,29.37,29.32,29.37,1510,0
ESGRP.US,60,20210614,160000,29.38,29.38,29.38,29.38,190,0
ESGRP.US,60,20210614,170000,29.19,29.19,29.19,29.19,100,0
ESGRP.US,60,20210614,180000,29.21,29.36,29.2,29.2,1600,0
ESGRP.US,60,20210614,190000,29.2,29.2,29.17,29.17,406,0
ESGRP.US,60,20210614,200000,29.33,29.34,29.3042,29.33,563,0
ESGRP.US,60,20210614,210000,29.34,29.34,29.25,29.25,1415,0
ESGRP.US,60,20210614,220000,29.34,29.39,29.27,29.39,4059,0
ESGRP.US,60,20210615,160000,29.4,29.4,29.4,29.4,538,0
ESGRP.US,60,20210615,170000,29.4018,29.4018,29.15,29.2,2415,0
ESGRP.US,60,20210615,180000,29.4,29.4,29.37,29.37,200,0
ESGRP.US,60,20210615,190000,29.41,29.41,29.25,29.25,815,0
ESGRP.US,60,20210615,200000,29.37,29.39,29.37,29.39,200,0
ESGRP.US,60,20210615,210000,29.4,29.42,29.34,29.38,1257,0
ESGRP.US,60,20210615,220000,29.37,29.39,29.27,29.39,1389,0
ESGRP.US,60,20210616,160000,29.4,29.41,29.4,29.41,515,0
ESGRP.US,60,20210616,170000,29.39,29.39,29.39,29.39,100,0
ESGRP.US,60,20210616,200000,29.35,29.35,29.35,29.35,100,0
ESGRP.US,60,20210616,210000,29.3592,29.3592,29.27,29.27,2007,0
ESGRP.US,60,20210616,220000,29.1862,29.4,29.1862,29.37,823,0
ESGRP.US,60,20210617,160000,29.37,29.37,29.3232,29.3232,521,0
ESGRP.US,60,20210617,170000,29.39,29.39,29.38,29.38,296,0
ESGRP.US,60,20210617,180000,29.39,29.4,29.36,29.4,1059,0
ESGRP.US,60,20210617,190000,29.4286,29.4286,29.4,29.4,1300,0
ESGRP.US,60,20210617,200000,29.4,29.4,29.314,29.314,250,0
ESGRP.US,60,20210617,210000,29.462,29.53,29.43,29.51,2832,0
ESGRP.US,60,20210617,220000,29.5,29.52,29.48,29.5,9134,0
ESGRP.US,60,20210618,160000,29.51,29.55,29.382,29.55,770,0
ESGRP.US,60,20210618,170000,29.54,29.54,29.5,29.5,1162,0
ESGRP.US,60,20210618,180000,29.5,29.5,29.47,29.495,400,0
ESGRP.US,60,20210618,190000,29.5,29.5,29.4612,29.5,1548,0
ESGRP.US,60,20210618,200000,29.49,29.5,29.49,29.5,340,0
ESGRP.US,60,20210618,210000,29.5,29.5,29.5,29.5,1042,0
ESGRP.US,60,20210618,220000,29.492,29.5,29.46,29.5,3398,0
ESGRP.US,60,20210621,160000,29.56,29.56,29.3401,29.406,3344,0
ESGRP.US,60,20210621,170000,29.455,29.56,29.455,29.56,1075,0
ESGRP.US,60,20210621,180000,29.46,29.46,29.4,29.46,693,0
ESGRP.US,60,20210621,190000,29.52,29.52,29.38,29.38,3343,0
ESGRP.US,60,20210621,200000,29.49,29.49,29.34,29.34,4857,0
ESGRP.US,60,20210621,220000,29.4166,29.5,29.4025,29.44,2186,0
ESGRP.US,60,20210622,160000,29.56,29.56,29.38,29.38,722,0
ESGRP.US,60,20210622,170000,29.34,29.5464,29.34,29.52,2028,0
ESGRP.US,60,20210622,180000,29.52,29.52,29.4497,29.4497,1100,0
ESGRP.US,60,20210622,190000,29.5487,29.5487,29.42,29.45,1969,0
ESGRP.US,60,20210622,200000,29.46,29.51,29.4579,29.5,2299,0
ESGRP.US,60,20210622,210000,29.5283,29.53,29.5,29.5,481,0
ESGRP.US,60,20210622,220000,29.5,29.53,29.42,29.5,19805,0
ESGRP.US,60,20210623,160000,29.59,29.59,29.59,29.59,324,0
ESGRP.US,60,20210623,170000,29.56,29.57,29.56,29.57,411,0
ESGRP.US,60,20210623,180000,29.57,29.57,29.55,29.55,500,0
ESGRP.US,60,20210623,190000,29.6,29.6,29.6,29.6,425,0
ESGRP.US,60,20210623,200000,29.64,29.64,29.64,29.64,400,0
ESGRP.US,60,20210623,210000,29.7638,29.7899,29.59,29.685,1797,0
ESGRP.US,60,20210623,220000,29.79,29.79,29.71,29.71,415,0
ESGRP.US,60,20210624,160000,29.79,29.79,29.75,29.79,1020,0
ESGRP.US,60,20210624,170000,29.79,29.79,29.57,29.57,6126,0
ESGRP.US,60,20210624,180000,29.63,29.63,29.63,29.63,100,0
ESGRP.US,60,20210624,190000,29.71,29.71,29.71,29.71,165,0
ESGRP.US,60,20210624,200000,29.5873,29.6,29.57,29.57,715,0
ESGRP.US,60,20210624,210000,29.575,29.585,29.575,29.585,1312,0
ESGRP.US,60,20210624,220000,29.71,29.71,29.54,29.54,6189,0
ESGRP.US,60,20210625,160000,29.47,29.47,29.46,29.46,692,0
ESGRP.US,60,20210625,170000,29.6481,29.6499,29.4601,29.4601,855,0
ESGRP.US,60,20210625,180000,29.546,29.546,29.4601,29.47,1188,0
ESGRP.US,60,20210625,190000,29.434,29.434,29.42,29.4223,1800,0
ESGRP.US,60,20210625,200000,29.53,29.6364,29.53,29.6364,223,0
ESGRP.US,60,20210625,220000,29.572,29.6,29.572,29.6,3054,0
ESGRP.US,60,20210628,160000,29.77,29.77,29.75,29.75,710,0
ESGRP.US,60,20210628,170000,29.6325,29.6974,29.6325,29.69,400,0
ESGRP.US,60,20210628,180000,29.6,29.615,29.55,29.578,1673,0
ESGRP.US,60,20210628,190000,29.6139,29.7584,29.6139,29.7584,597,0
ESGRP.US,60,20210628,200000,29.685,29.8271,29.6,29.8099,1732,0
ESGRP.US,60,20210628,210000,29.68,29.68,29.54,29.55,900,0
ESGRP.US,60,20210628,220000,29.55,29.67,29.41,29.47,3398,0
ESGRP.US,60,20210629,160000,29.54,29.6,29.38,29.47,3578,0
ESGRP.US,60,20210629,170000,29.49,29.49,29.38,29.4363,5534,0
ESGRP.US,60,20210629,180000,29.402,29.4898,29.38,29.4898,3958,0
ESGRP.US,60,20210629,190000,29.47,29.4773,29.38,29.3801,2687,0
ESGRP.US,60,20210629,200000,29.3814,29.47,29.38,29.46,1300,0
ESGRP.US,60,20210629,210000,29.47,29.47,29.425,29.47,1655,0
ESGRP.US,60,20210629,220000,29.4441,29.47,29.3,29.32,3543,0
ESGRP.US,60,20210630,160000,29.49,29.49,29.49,29.49,460,0
ESGRP.US,60,20210630,170000,29.3,29.33,29.3,29.31,619,0
ESGRP.US,60,20210630,180000,29.31,29.31,29.29,29.29,300,0
ESGRP.US,60,20210630,190000,29.3,29.3,29.2,29.2,3831,0
ESGRP.US,60,20210630,200000,29.35,29.35,29.27,29.35,800,0
ESGRP.US,60,20210630,210000,29.43,29.5,29.43,29.5,2354,0
ESGRP.US,60,20210630,220000,29.5,29.58,29.2706,29.58,58091,0
ESGRP.US,60,20210701,160000,29.34,29.59,29.34,29.58,1846,0
ESGRP.US,60,20210701,170000,29.58,29.65,29.54,29.65,1500,0
ESGRP.US,60,20210701,180000,29.5369,29.5369,29.5369,29.5369,136,0
ESGRP.US,60,20210701,190000,29.49,29.49,29.4458,29.45,6493,0
ESGRP.US,60,20210701,200000,29.57,29.57,29.57,29.57,724,0
ESGRP.US,60,20210701,220000,29.48,29.48,29.4209,29.4209,2530,0
ESGRP.US,60,20210702,160000,29.46,29.46,29.46,29.46,100,0
ESGRP.US,60,20210702,170000,29.51,29.51,29.4745,29.4745,355,0
ESGRP.US,60,20210702,190000,29.4644,29.4644,29.4644,29.4644,424,0
ESGRP.US,60,20210702,200000,29.475,29.48,29.4495,29.45,3079,0
ESGRP.US,60,20210702,210000,29.4301,29.45,29.43,29.43,2701,0
ESGRP.US,60,20210702,220000,29.42,29.47,29.42,29.45,1561,0
ESGRP.US,60,20210706,160000,29.56,29.56,29.56,29.56,195,0
ESGRP.US,60,20210706,190000,29.56,29.56,29.56,29.56,100,0
ESGRP.US,60,20210706,200000,29.545,29.5599,29.5393,29.54,1733,0
ESGRP.US,60,20210706,210000,29.54,29.57,29.48,29.52,8584,0
ESGRP.US,60,20210706,220000,29.481,29.57,29.41,29.57,1825,0
ESGRP.US,60,20210707,160000,29.62,29.62,29.62,29.62,307,0
ESGRP.US,60,20210707,170000,29.61,29.61,29.535,29.535,369,0
ESGRP.US,60,20210707,180000,29.6199,29.6199,29.6199,29.6199,510,0
ESGRP.US,60,20210707,190000,29.58,29.58,29.58,29.58,100,0
ESGRP.US,60,20210707,200000,29.59,29.65,29.59,29.6142,1242,0
ESGRP.US,60,20210707,210000,29.711,29.78,29.71,29.76,4873,0
ESGRP.US,60,20210707,220000,29.62,29.81,29.62,29.63,2982,0
ESGRP.US,60,20210708,160000,29.63,29.63,29.52,29.52,426,0
ESGRP.US,60,20210708,170000,29.56,29.58,29.56,29.58,500,0
ESGRP.US,60,20210708,180000,29.57,29.79,29.57,29.79,575,0
ESGRP.US,60,20210708,190000,29.7096,29.7096,29.56,29.56,512,0
ESGRP.US,60,20210708,200000,29.58,29.79,29.58,29.6,808,0
ESGRP.US,60,20210708,210000,29.49,29.49,29.49,29.49,100,0
ESGRP.US,60,20210708,220000,29.53,29.64,29.51,29.63,1436,0
ESGRP.US,60,20210709,160000,29.7,29.7,29.7,29.7,397,0
ESGRP.US,60,20210709,170000,29.615,29.74,29.615,29.74,457,0
ESGRP.US,60,20210709,180000,29.69,29.69,29.69,29.69,100,0
ESGRP.US,60,20210709,200000,29.7415,29.745,29.6,29.71,3259,0
ESGRP.US,60,20210709,210000,29.7013,29.7013,29.7013,29.7013,116,0
ESGRP.US,60,20210709,220000,29.7015,29.7375,29.48,29.54,6430,0
