<TICKER>,<PER>,<DATE>,<TIME>,<OPEN>,<HIGH>,<LOW>,<CLOSE>,<VOL>,<OPENINT>
ESQ.US,60,20200914,160000,16.18,16.18,16.18,16.18,157,0
ESQ.US,60,20200914,170000,16.11,16.25,16.1,16.1,7500,0
ESQ.US,60,20200914,180000,16.02,16.02,15.91,15.92,1000,0
ESQ.US,60,20200914,190000,15.99,16.13,15.99,16.13,7188,0
ESQ.US,60,20200914,200000,16.11,16.32,16.11,16.28,10095,0
ESQ.US,60,20200914,210000,15.96,16.5,15.96,16.2,8840,0
ESQ.US,60,20200914,220000,16.3,16.3,16.05,16.17,3088,0
ESQ.US,60,20200915,160000,16.3,16.39,16.3,16.39,207,0
ESQ.US,60,20200915,170000,16.39,16.5,16.08,16.5,2300,0
ESQ.US,60,20200915,220000,16.11,16.32,15.98,15.98,6847,0
ESQ.US,60,20200916,160000,16.11,16.435,16.11,16.435,270,0
ESQ.US,60,20200916,210000,16.23,16.23,16.23,16.23,100,0
ESQ.US,60,20200916,220000,16.03,16.11,16.03,16.03,3389,0
ESQ.US,60,20200917,170000,15.84,15.84,15.84,15.84,300,0
ESQ.US,60,20200917,180000,15.8,16,15.8,16,3100,0
ESQ.US,60,20200917,190000,15.95,15.97,15.95,15.96,2200,0
ESQ.US,60,20200917,200000,15.96,16.2,15.9327,16,9183,0
ESQ.US,60,20200917,210000,15.93,15.95,15.75,15.94,6095,0
ESQ.US,60,20200917,220000,15.81,15.98,15.81,15.98,974,0
ESQ.US,60,20200918,160000,16.18,16.18,15.99,15.99,9163,0
ESQ.US,60,20200918,170000,16.04,16.325,16.04,16.05,806,0
ESQ.US,60,20200918,220000,15.85,16.1,15.815,15.94,4467,0
ESQ.US,60,20200921,160000,16.02,16.02,16.02,16.02,100,0
ESQ.US,60,20200921,170000,15.92,15.92,15.825,15.825,300,0
ESQ.US,60,20200921,210000,15.65,15.65,15.43,15.43,330,0
ESQ.US,60,20200921,220000,15.41,15.66,15.41,15.52,7575,0
ESQ.US,60,20200922,160000,16.07,16.07,15.74,15.74,400,0
ESQ.US,60,20200922,180000,15.415,15.56,15.415,15.5,2502,0
ESQ.US,60,20200922,190000,15.41,15.53,15.41,15.53,528,0
ESQ.US,60,20200922,200000,15.5,15.5,15.5,15.5,1434,0
ESQ.US,60,20200922,210000,15.6,15.95,15.39,15.39,10370,0
ESQ.US,60,20200922,220000,15.51,15.92,15.31,15.47,5120,0
ESQ.US,60,20200923,160000,15.6,15.6,15.6,15.6,100,0
ESQ.US,60,20200923,200000,15.31,15.31,15.07,15.07,2469,0
ESQ.US,60,20200923,210000,14.7,15.01,14.7,15.01,3621,0
ESQ.US,60,20200923,220000,14.88,14.88,14.54,14.54,8874,0
ESQ.US,60,20200924,160000,14.5697,14.5697,14.35,14.35,1000,0
ESQ.US,60,20200924,170000,14.25,14.605,14.25,14.5,2200,0
ESQ.US,60,20200924,180000,14.5,14.54,14.26,14.37,2428,0
ESQ.US,60,20200924,190000,14.37,14.45,14.37,14.38,700,0
ESQ.US,60,20200924,200000,14.47,14.47,14.3713,14.4,800,0
ESQ.US,60,20200924,210000,14.45,14.64,14.44,14.64,1330,0
ESQ.US,60,20200924,220000,14.65,14.84,14.65,14.65,3450,0
ESQ.US,60,20200925,160000,14.49,14.49,14.49,14.49,400,0
ESQ.US,60,20200925,170000,14.4,14.86,14.4,14.86,200,0
ESQ.US,60,20200925,180000,14.35,14.67,14.35,14.51,1600,0
ESQ.US,60,20200925,190000,14.46,14.61,14.42,14.52,1100,0
ESQ.US,60,20200925,200000,14.41,14.91,14.41,14.46,600,0
ESQ.US,60,20200925,210000,14.45,14.5,14.4,14.5,434,0
ESQ.US,60,20200925,220000,14.57,14.6,14.21,14.33,5805,0
ESQ.US,60,20200928,160000,14.56,14.56,14.56,14.56,116,0
ESQ.US,60,20200928,180000,15.4999,15.4999,15.4999,15.4999,100,0
ESQ.US,60,20200928,190000,14.07,14.61,14,14.5,4303,0
ESQ.US,60,20200928,200000,14.25,14.375,14.25,14.305,1667,0
ESQ.US,60,20200928,210000,14.29,14.7,14.28,14.7,3300,0
ESQ.US,60,20200928,220000,14.64,15.37,14.46,14.46,3849,0
ESQ.US,60,20200929,170000,14.58,14.75,14.48,14.6,2800,0
ESQ.US,60,20200929,190000,14.6,14.6,14.6,14.6,871,0
ESQ.US,60,20200929,200000,14.69,14.7,14.49,14.7,1300,0
ESQ.US,60,20200929,210000,14.61,14.61,14.54,14.55,10007,0
ESQ.US,60,20200929,220000,14.55,14.57,14.525,14.57,17853,0
ESQ.US,60,20200930,190000,14.63,14.72,14.54,14.64,3025,0
ESQ.US,60,20200930,200000,14.65,14.72,14.64,14.72,5408,0
ESQ.US,60,20200930,210000,14.7,14.95,14.7,14.85,3010,0
ESQ.US,60,20200930,220000,15.08,15.08,15,15,1884,0
ESQ.US,60,20201001,160000,15.1,15.1,15.1,15.1,101,0
ESQ.US,60,20201001,180000,15.1,15.32,15.1,15.32,2200,0
ESQ.US,60,20201001,190000,15.44,15.54,15.44,15.54,510,0
ESQ.US,60,20201001,220000,15.5,15.88,15.46,15.47,1790,0
ESQ.US,60,20201002,200000,15.36,15.36,15.115,15.115,445,0
ESQ.US,60,20201002,210000,15.4,15.4,15.4,15.4,200,0
ESQ.US,60,20201005,220000,15.43,15.51,15.43,15.51,4006,0
ESQ.US,60,20201006,160000,16.02,16.02,15.8,15.8,775,0
ESQ.US,60,20201006,170000,15.8,15.9,15.77,15.77,692,0
ESQ.US,60,20201006,180000,15.9,15.9,15.9,15.9,949,0
ESQ.US,60,20201006,190000,15.84,15.99,15.84,15.85,21526,0
ESQ.US,60,20201006,200000,16.09,16.09,15.96,16.03,2698,0
ESQ.US,60,20201006,210000,16.115,16.34,16.04,16.04,406,0
ESQ.US,60,20201006,220000,16.03,16.22,15.765,15.81,10766,0
ESQ.US,60,20201007,170000,15.81,16,15.81,16,3291,0
ESQ.US,60,20201007,190000,16.2,16.2,16.2,16.2,200,0
ESQ.US,60,20201007,200000,16.24,16.5,16.24,16.5,250,0
ESQ.US,60,20201007,210000,16.63,16.63,16.38,16.38,200,0
ESQ.US,60,20201007,220000,16.42,16.55,16.3,16.55,2633,0
ESQ.US,60,20201008,170000,16.5,16.75,16.5,16.57,2571,0
ESQ.US,60,20201008,180000,16.9,17.5,16.5,17.2,4100,0
ESQ.US,60,20201008,200000,17.5978,17.5978,17.55,17.55,247,0
ESQ.US,60,20201008,220000,17.6863,17.79,17.56,17.69,2029,0
ESQ.US,60,20201009,160000,18.04,18.04,18.04,18.04,152,0
ESQ.US,60,20201009,190000,18.5624,18.5624,18.5624,18.5624,491,0
ESQ.US,60,20201009,200000,18.39,18.39,18.39,18.39,100,0
ESQ.US,60,20201009,210000,18.07,18.305,16.5,16.915,13539,0
ESQ.US,60,20201009,220000,16.75,16.97,15.76,16.7,15863,0
ESQ.US,60,20201012,160000,16.62,16.62,16.62,16.62,151,0
ESQ.US,60,20201012,170000,16.4833,16.4833,16.4833,16.4833,138,0
ESQ.US,60,20201012,190000,16.81,17.45,16.81,17.45,2241,0
ESQ.US,60,20201012,200000,17.6001,17.6001,17.35,17.35,1000,0
ESQ.US,60,20201012,210000,17.21,17.3501,17.14,17.35,800,0
ESQ.US,60,20201012,220000,17.57,17.57,17.32,17.32,2788,0
ESQ.US,60,20201013,160000,17.6,17.6,17.6,17.6,100,0
ESQ.US,60,20201013,170000,17.59,17.59,17.3805,17.3805,1000,0
ESQ.US,60,20201013,180000,17.34,17.34,17.335,17.335,1200,0
ESQ.US,60,20201013,190000,17.325,17.325,17.23,17.25,800,0
ESQ.US,60,20201013,200000,17.2,17.275,17,17.165,4550,0
ESQ.US,60,20201013,210000,17,17.01,16.71,16.71,700,0
ESQ.US,60,20201013,220000,16.69,16.91,15.77,15.82,9995,0
ESQ.US,60,20201014,160000,16.1,16.57,16.1,16.57,668,0
ESQ.US,60,20201014,180000,16.25,16.25,16.25,16.25,100,0
ESQ.US,60,20201014,200000,16.09,16.43,16.09,16.4,775,0
ESQ.US,60,20201014,210000,16.48,16.48,16.48,16.48,100,0
ESQ.US,60,20201014,220000,16.9,16.9,16.64,16.64,715,0
ESQ.US,60,20201015,160000,16.56,16.56,16.02,16.02,200,0
ESQ.US,60,20201015,180000,16.375,16.89,15.75,16.33,900,0
ESQ.US,60,20201015,190000,16.37,16.91,16.37,16.91,590,0
ESQ.US,60,20201015,210000,16.95,16.995,16.95,16.995,200,0
ESQ.US,60,20201015,220000,16.96,16.96,16.96,16.96,1433,0
ESQ.US,60,20201016,160000,16.76,16.76,16.75,16.75,891,0
ESQ.US,60,20201016,200000,17.0201,17.995,17.0201,17.58,2100,0
ESQ.US,60,20201016,210000,17.36,17.54,17.36,17.54,200,0
ESQ.US,60,20201016,220000,16.51,16.51,16.51,16.51,1290,0
ESQ.US,60,20201019,160000,16.75,16.75,16.75,16.75,300,0
ESQ.US,60,20201019,220000,16.08,16.08,16.08,16.08,916,0
ESQ.US,60,20201020,160000,16.36,16.36,16.36,16.36,332,0
ESQ.US,60,20201020,180000,16.63,16.63,16.63,16.63,100,0
ESQ.US,60,20201020,200000,16.74,16.775,16.74,16.775,300,0
ESQ.US,60,20201020,210000,16.72,16.72,16.72,16.72,100,0
ESQ.US,60,20201021,220000,16.7,17.4,16.7,17.4,1007,0
ESQ.US,60,20201022,170000,16.7775,16.7775,16.48,16.48,500,0
ESQ.US,60,20201022,190000,16.9412,16.9412,16.9412,16.9412,300,0
ESQ.US,60,20201022,200000,16.9,16.9,16.35,16.4,1800,0
ESQ.US,60,20201022,210000,16.66,17.0299,16.66,16.87,1885,0
ESQ.US,60,20201022,220000,17.13,17.34,16.75,16.83,4959,0
ESQ.US,60,20201023,160000,16.62,16.62,16.62,16.62,100,0
ESQ.US,60,20201023,170000,17.11,17.4,17.11,17.4,878,0
ESQ.US,60,20201023,200000,17.695,17.99,17.5,17.99,300,0
ESQ.US,60,20201023,210000,17.8,17.8,17.8,17.8,100,0
ESQ.US,60,20201026,150000,17.6,17.94,17.6,17.94,1140,0
ESQ.US,60,20201026,160000,17.9999,17.9999,17.9999,17.9999,115,0
ESQ.US,60,20201026,180000,17.16,17.49,17.16,17.315,1210,0
ESQ.US,60,20201026,200000,17.329,17.329,17.155,17.315,700,0
ESQ.US,60,20201026,210000,17.145,17.49,17.145,17.48,968,0
ESQ.US,60,20201027,160000,17.29,17.4999,17.005,17.16,5500,0
ESQ.US,60,20201027,170000,17.2,17.315,17.19,17.19,400,0
ESQ.US,60,20201027,200000,16.935,17.03,16.935,17.03,2200,0
ESQ.US,60,20201027,210000,17,17,16.75,16.78,4573,0
ESQ.US,60,20201028,150000,16.65,16.8,16.24,16.4,8621,0
ESQ.US,60,20201028,160000,16.4,16.5,16,16.05,10595,0
ESQ.US,60,20201028,170000,16.01,16.28,15.93,16.08,6660,0
ESQ.US,60,20201028,180000,15.7,16.075,15.7,16.075,1000,0
ESQ.US,60,20201028,190000,15.51,15.96,15.3,15.92,12042,0
ESQ.US,60,20201028,200000,15.855,15.855,15.6,15.78,4440,0
ESQ.US,60,20201028,210000,15.31,15.75,15.25,15.4,41994,0
ESQ.US,60,20201029,150000,15.36,15.55,15.3583,15.485,849,0
ESQ.US,60,20201029,160000,15.355,15.895,15.3,15.895,1100,0
ESQ.US,60,20201029,170000,15.64,15.91,15.5,15.79,800,0
ESQ.US,60,20201029,180000,15.41,15.41,15.41,15.41,100,0
ESQ.US,60,20201029,190000,15.6526,15.71,15.6526,15.71,453,0
ESQ.US,60,20201029,200000,15.715,15.92,15.71,15.81,929,0
ESQ.US,60,20201029,210000,15.7627,15.92,15.76,15.9,2249,0
ESQ.US,60,20201030,150000,15.8,15.8,15.8,15.8,150,0
ESQ.US,60,20201030,180000,15.67,15.67,15.67,15.67,100,0
ESQ.US,60,20201030,190000,15.885,15.885,15.885,15.885,100,0
ESQ.US,60,20201030,200000,16.205,16.25,15.55,15.9,1201,0
ESQ.US,60,20201030,210000,15.79,15.79,15.53,15.6,1120,0
ESQ.US,60,20201102,160000,15.89,15.89,15.575,15.67,1215,0
ESQ.US,60,20201102,170000,15.69,16.364,15.69,16.185,3854,0
ESQ.US,60,20201102,180000,15.97,16.01,15.97,16.01,1000,0
ESQ.US,60,20201102,190000,16.11,16.2,16,16.06,3410,0
ESQ.US,60,20201102,200000,16.06,16.148,16.06,16.148,2890,0
ESQ.US,60,20201102,210000,16.185,16.185,16.185,16.185,761,0
ESQ.US,60,20201102,220000,16.215,16.985,16.13,16.8,10274,0
ESQ.US,60,20201103,160000,17.12,17.51,17,17.51,1410,0
ESQ.US,60,20201103,170000,17.52,17.52,17.08,17.08,2600,0
ESQ.US,60,20201103,180000,17.39,17.76,17.1931,17.6927,5400,0
ESQ.US,60,20201103,190000,17.4,17.4,17.4,17.4,100,0
ESQ.US,60,20201103,200000,17.5,18.01,17.3,17.825,8499,0
ESQ.US,60,20201103,210000,17.755,17.755,17.41,17.5,1016,0
ESQ.US,60,20201103,220000,17.65,17.91,17.42,17.59,5587,0
ESQ.US,60,20201104,160000,17.18,17.18,17.18,17.18,237,0
ESQ.US,60,20201104,170000,16.995,16.995,16.56,16.56,700,0
ESQ.US,60,20201104,190000,16.94,16.94,16.94,16.94,200,0
ESQ.US,60,20201104,200000,16.99,17.44,16.84,17.11,1933,0
ESQ.US,60,20201104,210000,17.175,17.18,17.01,17.08,2915,0
ESQ.US,60,20201104,220000,16.9,16.9,16.41,16.48,8977,0
ESQ.US,60,20201105,160000,16.49,16.49,15.63,15.63,349,0
ESQ.US,60,20201105,170000,16.205,16.59,16.205,16.59,600,0
ESQ.US,60,20201105,180000,16.72,16.75,16.5,16.7,1500,0
ESQ.US,60,20201105,210000,16.255,16.7,16.255,16.7,1000,0
ESQ.US,60,20201105,220000,16.46,16.46,16.15,16.15,2513,0
ESQ.US,60,20201106,160000,16.12,16.12,16,16,584,0
ESQ.US,60,20201106,170000,16.2,16.26,16.19,16.24,700,0
ESQ.US,60,20201106,200000,16.26,16.39,16.25,16.39,800,0
ESQ.US,60,20201106,210000,16.25,16.25,16.25,16.25,100,0
ESQ.US,60,20201106,220000,16.31,16.39,16.2,16.2,2845,0
ESQ.US,60,20201109,170000,16.92,17.4,16.92,17.4,200,0
ESQ.US,60,20201109,180000,17.7,18.25,17.7,18.05,1503,0
ESQ.US,60,20201109,190000,18.06,18.75,17.6,18.07,4091,0
ESQ.US,60,20201109,200000,18.51,18.51,18.04,18.04,1844,0
ESQ.US,60,20201109,210000,18.12,18.305,17.97,18,2252,0
ESQ.US,60,20201109,220000,17.98,18,17.62,17.62,4085,0
ESQ.US,60,20201110,160000,18.04,18.04,17.85,17.85,400,0
ESQ.US,60,20201110,170000,18.02,18.02,17.25,17.25,1962,0
ESQ.US,60,20201110,180000,17.8,18.51,17.78,18.51,2177,0
ESQ.US,60,20201110,190000,18.23,18.27,18.01,18.25,3374,0
ESQ.US,60,20201110,200000,18.38,18.38,17.97,17.97,1198,0
ESQ.US,60,20201110,220000,18.99,19,18.99,19,2854,0
ESQ.US,60,20201111,160000,18.89,18.89,18.89,18.89,200,0
ESQ.US,60,20201111,170000,17.47,17.47,17.47,17.47,300,0
ESQ.US,60,20201111,180000,18.19,18.19,18.19,18.19,100,0
ESQ.US,60,20201111,210000,18.06,18.08,18.06,18.06,701,0
ESQ.US,60,20201111,220000,18.39,18.39,18.39,18.39,1772,0
ESQ.US,60,20201112,180000,18.41,18.41,18.41,18.41,100,0
ESQ.US,60,20201112,190000,18.01,18.01,18.01,18.01,100,0
ESQ.US,60,20201112,200000,17.53,17.53,17.53,17.53,100,0
ESQ.US,60,20201112,220000,17.27,17.27,17.09,17.09,1991,0
ESQ.US,60,20201113,170000,17.49,17.49,17.49,17.49,100,0
ESQ.US,60,20201113,180000,17.6,17.6,17.6,17.6,100,0
ESQ.US,60,20201113,210000,17.92,17.92,17.92,17.92,100,0
ESQ.US,60,20201113,220000,17.9,18.04,17.9,18.04,200,0
ESQ.US,60,20201116,160000,17.73,17.73,17.73,17.73,315,0
ESQ.US,60,20201116,170000,17.58,18.62,17.58,18.59,1400,0
ESQ.US,60,20201116,180000,18.345,18.345,18.345,18.345,250,0
ESQ.US,60,20201116,190000,18.55,18.575,18.55,18.575,200,0
ESQ.US,60,20201116,200000,18.6,18.6,18.116,18.116,1138,0
ESQ.US,60,20201116,210000,18.351,18.44,18.15,18.44,1300,0
ESQ.US,60,20201116,220000,18.2,18.38,17.84,18.3,7246,0
ESQ.US,60,20201117,160000,18.27,18.3068,18.2001,18.3068,897,0
ESQ.US,60,20201117,170000,18.2,18.2,18.2,18.2,100,0
ESQ.US,60,20201117,190000,18.165,18.165,18.165,18.165,500,0
ESQ.US,60,20201117,200000,18.15,18.15,18.15,18.15,100,0
ESQ.US,60,20201117,220000,18.21,18.21,18,18.05,2633,0
ESQ.US,60,20201118,160000,18.42,18.5,18.24,18.24,624,0
ESQ.US,60,20201118,170000,18.0129,18.205,18.0129,18.205,600,0
ESQ.US,60,20201118,180000,17.9,17.9,17.9,17.9,500,0
ESQ.US,60,20201118,190000,18.1665,18.1665,18.13,18.13,1308,0
ESQ.US,60,20201118,220000,18.22,18.22,17.73,17.82,8778,0
ESQ.US,60,20201119,160000,17.51,17.51,17.4,17.4,1100,0
ESQ.US,60,20201119,190000,17.56,17.99,17.56,17.9,900,0
ESQ.US,60,20201119,200000,17.9,18.99,17.74,18.25,8945,0
ESQ.US,60,20201119,210000,18.265,18.33,18.255,18.33,1403,0
ESQ.US,60,20201119,220000,18.26,18.64,18.255,18.64,2603,0
ESQ.US,60,20201120,160000,18.25,18.38,18.11,18.11,4120,0
ESQ.US,60,20201120,170000,18,18.11,17.84,18.11,2100,0
ESQ.US,60,20201120,180000,18.165,18.25,18.15,18.25,400,0
ESQ.US,60,20201120,220000,18.1975,18.33,18.15,18.33,6554,0
ESQ.US,60,20201123,170000,18.03,18.245,18,18.245,1300,0
ESQ.US,60,20201123,180000,18.6099,18.6099,18.1,18.1,4256,0
ESQ.US,60,20201123,190000,18.08,18.15,18.08,18.15,2209,0
ESQ.US,60,20201123,200000,18,18.18,17.88,18.18,1600,0
ESQ.US,60,20201123,210000,17.87,17.9,17.87,17.9,252,0
ESQ.US,60,20201123,220000,17.82,18.005,17.66,17.66,4017,0
ESQ.US,60,20201124,160000,17.95,18.18,17.95,18.18,1524,0
ESQ.US,60,20201124,180000,18.19,18.44,18.19,18.42,800,0
ESQ.US,60,20201124,190000,18.5299,18.53,18.34,18.53,1450,0
ESQ.US,60,20201124,200000,18.65,18.985,18.65,18.985,296,0
ESQ.US,60,20201124,210000,18.42,18.42,18.42,18.42,100,0
ESQ.US,60,20201124,220000,18.5,18.647,18.35,18.6,5679,0
ESQ.US,60,20201125,160000,18.4999,18.4999,18.3,18.3,1475,0
ESQ.US,60,20201125,170000,18.4999,18.4999,18.3,18.3,4000,0
ESQ.US,60,20201125,180000,18.31,18.4505,18.3,18.445,6524,0
ESQ.US,60,20201125,190000,18.37,18.51,18.37,18.39,2013,0
ESQ.US,60,20201125,200000,18.37,18.8299,18.37,18.39,3696,0
ESQ.US,60,20201125,210000,18.38,18.47,18.31,18.31,3662,0
ESQ.US,60,20201125,220000,18.35,18.43,18.3,18.31,4634,0
ESQ.US,60,20201127,160000,18.2,18.35,18.2,18.35,217,0
ESQ.US,60,20201127,170000,18.35,18.35,18.04,18.04,1145,0
ESQ.US,60,20201127,180000,17.78,17.78,17.6981,17.6981,1086,0
ESQ.US,60,20201127,200000,18.3,18.3,18.3,18.3,1326,0
ESQ.US,60,20201130,160000,18.02,18.02,17.5,17.632,1210,0
ESQ.US,60,20201130,170000,17.645,17.75,17.05,17.4,2600,0
ESQ.US,60,20201130,180000,17.51,17.9,17.51,17.9,900,0
ESQ.US,60,20201130,190000,17.85,18.28,17.6885,18.28,2200,0
ESQ.US,60,20201130,200000,18.26,18.5,18.05,18.05,16056,0
ESQ.US,60,20201130,210000,18.05,18.225,17.935,17.935,1345,0
ESQ.US,60,20201130,220000,18.435,19,17.86,18.7,5010,0
ESQ.US,60,20201201,160000,18.88,18.88,18.46,18.5,400,0
ESQ.US,60,20201201,170000,18.75,18.75,18.75,18.75,300,0
ESQ.US,60,20201201,180000,18.82,18.82,18.63,18.63,366,0
ESQ.US,60,20201201,190000,18.2002,18.2002,18.2002,18.2002,100,0
ESQ.US,60,20201201,220000,18.26,18.26,18.19,18.19,1937,0
ESQ.US,60,20201202,160000,18.34,18.34,18.34,18.34,200,0
ESQ.US,60,20201202,170000,18.29,18.29,18.145,18.145,300,0
ESQ.US,60,20201202,180000,18.29,18.53,18.29,18.5,2304,0
ESQ.US,60,20201202,190000,18.5,18.5,18.29,18.29,900,0
ESQ.US,60,20201202,200000,18.305,18.48,18.305,18.48,371,0
ESQ.US,60,20201202,210000,18.5,18.7098,18.5,18.7098,2327,0
ESQ.US,60,20201202,220000,18.6,18.75,18.53,18.6,9161,0
ESQ.US,60,20201203,160000,18.79,19.31,18.49,18.64,7178,0
ESQ.US,60,20201203,170000,18.74,18.76,18.725,18.725,2092,0
ESQ.US,60,20201203,180000,18.9299,19,18.62,18.82,2543,0
ESQ.US,60,20201203,200000,18.65,18.76,18.6,18.6,4757,0
ESQ.US,60,20201203,210000,18.75,18.75,18.45,18.5,2780,0
ESQ.US,60,20201203,220000,18.49,18.63,18.41,18.49,1017,0
ESQ.US,60,20201204,160000,18.69,18.9999,18.36,18.39,2905,0
ESQ.US,60,20201204,170000,18.39,18.5,18.39,18.43,2772,0
ESQ.US,60,20201204,180000,18.35,18.62,18.35,18.62,1659,0
ESQ.US,60,20201204,190000,18.52,18.55,18.5,18.5,2882,0
ESQ.US,60,20201204,220000,18.55,18.55,18.25,18.37,3202,0
ESQ.US,60,20201207,160000,18.37,18.56,18.37,18.5,2103,0
ESQ.US,60,20201207,170000,18.45,18.45,18,18.1095,2068,0
ESQ.US,60,20201207,180000,18.2711,18.28,18.2711,18.28,800,0
ESQ.US,60,20201207,190000,18.22,18.33,18.19,18.26,2232,0
ESQ.US,60,20201207,200000,18.3,18.46,18.14,18.15,4500,0
ESQ.US,60,20201207,210000,18.2125,18.2125,17.6,17.8442,6652,0
ESQ.US,60,20201207,220000,17.615,18.32,17.61,17.9,13687,0
ESQ.US,60,20201208,160000,17.7,17.7,17.65,17.7,1349,0
ESQ.US,60,20201208,170000,17.98,17.98,17.9429,17.9429,1300,0
ESQ.US,60,20201208,180000,18.15,18.19,17.96,18.19,751,0
ESQ.US,60,20201208,190000,18.4,18.5,18.4,18.5,401,0
ESQ.US,60,20201208,210000,18.5,18.5,18.4,18.5,1243,0
ESQ.US,60,20201208,220000,18.365,19.36,18.365,19.02,8219,0
ESQ.US,60,20201209,160000,19.07,19.07,18.8,18.8,200,0
ESQ.US,60,20201209,170000,18.93,18.95,18.755,18.83,1652,0
ESQ.US,60,20201209,180000,19,19.28,19,19.28,2465,0
ESQ.US,60,20201209,200000,19.26,19.66,19.26,19.365,9991,0
ESQ.US,60,20201209,220000,19.57,19.95,19.57,19.85,4218,0
ESQ.US,60,20201210,160000,19.35,19.35,19.35,19.35,100,0
ESQ.US,60,20201210,180000,19.5,19.5,19.5,19.5,100,0
ESQ.US,60,20201210,190000,19.7,19.7,19.31,19.39,2200,0
ESQ.US,60,20201210,210000,19.67,19.67,19.61,19.61,2178,0
ESQ.US,60,20201210,220000,19.98,19.98,19.68,19.81,1697,0
ESQ.US,60,20201211,160000,19.73,19.73,19.73,19.73,170,0
ESQ.US,60,20201211,220000,19.5564,20,19.5564,19.99,3222,0
ESQ.US,60,20201214,160000,20,20.39,20,20.39,1510,0
ESQ.US,60,20201214,170000,20.25,20.25,20,20,13300,0
ESQ.US,60,20201214,180000,20.17,20.19,20.17,20.19,200,0
ESQ.US,60,20201214,190000,20,20.095,19.5,19.93,4529,0
ESQ.US,60,20201214,200000,19.92,19.92,19.91,19.91,200,0
ESQ.US,60,20201214,210000,19.905,19.905,19.73,19.73,300,0
ESQ.US,60,20201214,220000,19.85,19.98,19.71,19.89,5539,0
ESQ.US,60,20201215,160000,20,20,20,20,100,0
ESQ.US,60,20201215,180000,19.8199,19.8199,19.6902,19.6902,1350,0
ESQ.US,60,20201215,190000,19.78,20.36,19.78,20.051,2100,0
ESQ.US,60,20201215,200000,20,20.43,20,20.43,1096,0
ESQ.US,60,20201215,210000,20.5,21,20.49,20.7,6515,0
ESQ.US,60,20201215,220000,20.775,21.39,20.48,21.1,18631,0
ESQ.US,60,20201216,170000,20.9816,20.9816,20.9816,20.9816,500,0
ESQ.US,60,20201216,180000,20.6998,20.6998,20.6998,20.6998,100,0
ESQ.US,60,20201216,190000,20.7899,21.2862,20.77,21.11,1200,0
ESQ.US,60,20201216,200000,21.1001,21.19,20.99,21.13,1002,0
ESQ.US,60,20201216,210000,21.71,21.71,21.06,21.09,4894,0
ESQ.US,60,20201216,220000,21.1,21.22,20.85,20.85,4065,0
ESQ.US,60,20201217,190000,20.7148,20.7148,20.7148,20.7148,479,0
ESQ.US,60,20201217,200000,20.7,20.7,20.7,20.7,100,0
ESQ.US,60,20201217,210000,20.6175,20.6175,20.55,20.55,500,0
ESQ.US,60,20201217,220000,21.19,21.19,20.83,20.83,1842,0
ESQ.US,60,20201218,160000,20.75,20.75,20.75,20.75,16268,0
ESQ.US,60,20201218,170000,20.4496,20.4496,20.4496,20.4496,200,0
ESQ.US,60,20201218,190000,20.175,20.175,20.175,20.175,500,0
ESQ.US,60,20201218,200000,20.36,20.54,20.36,20.54,404,0
ESQ.US,60,20201218,220000,20.52,20.75,20.32,20.51,1257,0
ESQ.US,60,20201221,160000,20.6,20.6,20.6,20.6,501,0
ESQ.US,60,20201221,190000,19.85,20.8,19.76,19.8,1516,0
ESQ.US,60,20201221,200000,19.75,19.95,19.7015,19.95,1591,0
ESQ.US,60,20201221,220000,19.9,19.9,19.7,19.7,2140,0
ESQ.US,60,20201222,160000,19.6,19.6,18.8217,18.8217,1368,0
ESQ.US,60,20201222,180000,19.49,19.5,19.3897,19.5,750,0
ESQ.US,60,20201222,190000,19.54,19.54,19.54,19.54,100,0
ESQ.US,60,20201222,220000,19.54,19.54,19.02,19.48,2649,0
ESQ.US,60,20201223,160000,19.53,19.53,19.53,19.53,202,0
ESQ.US,60,20201223,180000,19.19,19.53,19.19,19.53,741,0
ESQ.US,60,20201223,220000,19.69,20,19.69,19.85,2184,0
ESQ.US,60,20201224,170000,19.45,19.45,19.4,19.4,700,0
ESQ.US,60,20201224,180000,19.42,19.49,19.4,19.49,500,0
ESQ.US,60,20201224,190000,19.35,19.4087,19.17,19.33,1600,0
ESQ.US,60,20201224,200000,19.25,19.25,19.25,19.25,597,0
ESQ.US,60,20201228,160000,19.61,19.61,19.61,19.61,329,0
ESQ.US,60,20201228,180000,19.13,19.19,19.0501,19.06,1486,0
ESQ.US,60,20201228,190000,19.1,19.1,19.1,19.1,100,0
ESQ.US,60,20201229,220000,19.23,19.37,19.1,19.37,4038,0
ESQ.US,60,20201230,190000,19.3,19.3,19.3,19.3,100,0
ESQ.US,60,20201230,220000,19.41,19.41,19.41,19.41,1153,0
ESQ.US,60,20201231,160000,19.34,19.34,19.34,19.34,480,0
ESQ.US,60,20201231,180000,19.5,19.5,19.35,19.35,200,0
ESQ.US,60,20201231,200000,19.33,19.38,19.33,19.38,1607,0
ESQ.US,60,20201231,220000,19.2,19.2,19.19,19.19,2642,0
ESQ.US,60,20210104,160000,19.3,19.44,19.3,19.44,340,0
ESQ.US,60,20210104,170000,19.1,19.1,19.1,19.1,300,0
ESQ.US,60,20210104,180000,18.76,18.76,18.75,18.75,337,0
ESQ.US,60,20210104,200000,18.47,18.5,18.47,18.5,200,0
ESQ.US,60,20210104,210000,18.55,18.75,18.55,18.75,2208,0
ESQ.US,60,20210104,220000,18.7,19.1,18.7,18.7,4727,0
ESQ.US,60,20210105,170000,18.9,18.9,18.9,18.9,250,0
ESQ.US,60,20210105,190000,19.29,19.4474,19.29,19.4,500,0
ESQ.US,60,20210105,200000,19.41,19.495,19.41,19.485,800,0
ESQ.US,60,20210105,210000,19.41,19.53,19.41,19.53,500,0
ESQ.US,60,20210105,220000,19.54,19.69,19.05,19.2,2461,0
ESQ.US,60,20210106,160000,19.71,20.29,19.71,20.29,673,0
ESQ.US,60,20210106,170000,20.8444,20.8444,20.8444,20.8444,500,0
ESQ.US,60,20210106,180000,20.69,21.06,20.69,21.06,1500,0
ESQ.US,60,20210106,190000,21.27,21.3199,21.27,21.3199,534,0
ESQ.US,60,20210106,200000,21.26,21.26,20.63,20.63,934,0
ESQ.US,60,20210106,220000,21.375,21.9,20.74,20.74,5036,0
ESQ.US,60,20210107,160000,20.88,21.5,20.88,21.44,302,0
ESQ.US,60,20210107,180000,21.14,21.14,20.91,20.91,846,0
ESQ.US,60,20210107,190000,21.01,21.01,20.95,21,668,0
ESQ.US,60,20210107,200000,21.4725,21.64,20.93,20.93,799,0
ESQ.US,60,20210107,210000,21.505,21.5392,21.225,21.23,1156,0
ESQ.US,60,20210107,220000,20.95,21.12,20.88,21.06,5947,0
ESQ.US,60,20210108,160000,21.1839,21.835,21.12,21.12,521,0
ESQ.US,60,20210108,170000,21.12,21.265,20.99,20.99,1200,0
ESQ.US,60,20210108,180000,20.99,21.24,20.43,20.68,7710,0
ESQ.US,60,20210108,190000,20.75,21.1,20.42,20.6,4900,0
ESQ.US,60,20210108,200000,20.65,20.89,20.425,20.705,2200,0
ESQ.US,60,20210108,210000,20.71,21.4,20.575,21.4,2100,0
ESQ.US,60,20210108,220000,21.5,22,21.05,21.87,6322,0
ESQ.US,60,20210111,160000,21.33,24.14,21.33,22.15,1059,0
ESQ.US,60,20210111,170000,22,22.95,21.54,21.95,6542,0
ESQ.US,60,20210111,180000,22,22,21.78,21.82,1085,0
ESQ.US,60,20210111,190000,21.78,21.91,21.34,21.34,500,0
ESQ.US,60,20210111,200000,21.855,21.98,21.28,21.96,2700,0
ESQ.US,60,20210111,210000,21.575,21.95,21.56,21.56,2200,0
ESQ.US,60,20210111,220000,21.555,22.31,21.505,21.73,4341,0
ESQ.US,60,20210112,170000,21.11,23.76,21.09,21.83,1800,0
ESQ.US,60,20210112,180000,21.83,21.83,21.83,21.83,1000,0
ESQ.US,60,20210112,190000,21.83,22.24,21.83,22.24,1900,0
ESQ.US,60,20210112,200000,21.83,22.19,21.268,21.7,1100,0
ESQ.US,60,20210112,210000,21.7,22.035,21.7,22.03,1300,0
ESQ.US,60,20210112,220000,22.03,22.16,21.86,22.05,5196,0
ESQ.US,60,20210113,170000,22.8993,22.8993,22,22.48,3327,0
ESQ.US,60,20210113,180000,22.24,22.24,22.02,22.11,1200,0
ESQ.US,60,20210113,190000,22.11,22.11,22.06,22.06,1200,0
ESQ.US,60,20210113,200000,21.86,22.17,21.65,21.9911,2500,0
ESQ.US,60,20210113,210000,21.645,21.87,21.63,21.725,1600,0
ESQ.US,60,20210113,220000,21.72,21.79,21.195,21.3,5839,0
ESQ.US,60,20210114,160000,21.4,21.4,21.4,21.4,102,0
ESQ.US,60,20210114,170000,21.58,21.58,21.365,21.53,2557,0
ESQ.US,60,20210114,180000,21.53,21.53,21.2501,21.53,1400,0
ESQ.US,60,20210114,190000,21.53,21.535,21.53,21.535,1200,0
ESQ.US,60,20210114,200000,21.535,21.595,21.25,21.25,2500,0
ESQ.US,60,20210114,210000,21.31,21.48,21.3,21.3,3049,0
ESQ.US,60,20210114,220000,21.31,21.4866,20.52,20.96,11274,0
ESQ.US,60,20210115,160000,20.4,21.7,19.34,19.34,3394,0
ESQ.US,60,20210115,170000,21.58,23.11,21.385,21.385,705,0
ESQ.US,60,20210115,180000,20.61,21.9,20.16,21.8008,4640,0
ESQ.US,60,20210115,190000,21.115,21.735,21.07,21.535,4644,0
ESQ.US,60,20210115,200000,21.535,22.19,21.475,21.855,2752,0
ESQ.US,60,20210115,210000,21.825,22.295,21.825,22.295,1900,0
ESQ.US,60,20210115,220000,22.295,22.58,22.29,22.5,5610,0
ESQ.US,60,20210119,160000,23.01,23.01,22.38,22.38,1148,0
ESQ.US,60,20210119,170000,22.115,23.05,22.115,22.595,1000,0
ESQ.US,60,20210119,180000,22.595,22.9874,22.47,22.745,3089,0
ESQ.US,60,20210119,190000,22.745,22.975,22.745,22.975,4790,0
ESQ.US,60,20210119,200000,22.975,22.98,22.945,22.945,2000,0
ESQ.US,60,20210119,210000,22.99,22.99,22.47,22.71,13360,0
ESQ.US,60,20210119,220000,22.8,23.47,22.245,22.66,30698,0
ESQ.US,60,20210120,160000,23.56,23.56,22.92,22.92,300,0
ESQ.US,60,20210120,170000,22.92,23.5782,22.14,22.785,2317,0
ESQ.US,60,20210120,180000,22.73,22.74,21.975,22.285,2290,0
ESQ.US,60,20210120,190000,22.28,22.77,22.165,22.77,1200,0
ESQ.US,60,20210120,200000,22.75,22.9625,22.545,22.96,2800,0
ESQ.US,60,20210120,210000,22.98,23.7,22.98,23.52,5710,0
ESQ.US,60,20210120,220000,23.69,23.7,23.35,23.35,6152,0
ESQ.US,60,20210121,160000,21.75,21.75,21.75,21.75,300,0
ESQ.US,60,20210121,170000,23.1,23.115,22.525,23.115,1500,0
ESQ.US,60,20210121,180000,23.115,23.39,22.76,23.34,2200,0
ESQ.US,60,20210121,190000,23.04,23.4,23.025,23.4,1985,0
ESQ.US,60,20210121,200000,23.525,23.585,23.5,23.5,2863,0
ESQ.US,60,20210121,210000,23.585,23.66,23.065,23.65,9701,0
ESQ.US,60,20210121,220000,23.65,23.735,23.37,23.6,8305,0
ESQ.US,60,20210122,160000,23.4,23.6,23.4,23.4,1050,0
ESQ.US,60,20210122,170000,23.6,23.78,23.6,23.745,2921,0
ESQ.US,60,20210122,180000,23.755,24.375,23.755,24.31,8370,0
ESQ.US,60,20210122,190000,24.345,24.56,24.34,24.55,1798,0
ESQ.US,60,20210122,200000,24.5575,24.8,24.55,24.78,4495,0
ESQ.US,60,20210122,210000,24.615,24.655,23.59,24.13,19950,0
ESQ.US,60,20210122,220000,24.185,25.1,22.76,25.1,22724,0
ESQ.US,60,20210125,160000,24.6,24.6,24.6,24.6,325,0
ESQ.US,60,20210125,170000,23.73,24.35,23.73,23.78,865,0
ESQ.US,60,20210125,180000,24.8,25.225,24.365,25.225,4178,0
ESQ.US,60,20210125,190000,25.21,26.79,24.87,26.25,7405,0
ESQ.US,60,20210125,200000,26,26.66,25.5,26.01,9478,0
ESQ.US,60,20210125,210000,25.95,26.49,25.7975,25.925,6646,0
ESQ.US,60,20210125,220000,25.925,25.99,24.44,24.54,11109,0
ESQ.US,60,20210126,160000,23.39,24.14,23.39,24.14,600,0
ESQ.US,60,20210126,170000,24.45,25,23.82,24.0999,8308,0
ESQ.US,60,20210126,180000,24.05,24.535,24.05,24.535,2100,0
ESQ.US,60,20210126,190000,24.535,24.98,24,24.54,3000,0
ESQ.US,60,20210126,200000,24.525,24.9,24.25,24.45,4475,0
ESQ.US,60,20210126,210000,24.9,25.32,24.5402,24.805,3386,0
ESQ.US,60,20210126,220000,24.8,25.44,24.5,25,8593,0
ESQ.US,60,20210127,160000,24.16,24.19,23.605,24.025,1463,0
ESQ.US,60,20210127,170000,24.025,24.485,23.009,24.485,3700,0
ESQ.US,60,20210127,180000,24.175,25.24,23.9744,24.505,5828,0
ESQ.US,60,20210127,190000,24.505,25.04,24.495,25.04,3000,0
ESQ.US,60,20210127,200000,25.04,25.04,24.31,24.48,9399,0
ESQ.US,60,20210127,210000,24.884,25.49,24.07,24.42,7481,0
ESQ.US,60,20210127,220000,24.37,24.59,23.2501,23.54,18964,0
ESQ.US,60,20210128,160000,23.92,23.92,23.25,23.265,459,0
ESQ.US,60,20210128,170000,22.6,22.9924,22.6,22.75,1200,0
ESQ.US,60,20210128,180000,22.36,23.35,22.36,22.7,2129,0
ESQ.US,60,20210128,190000,22.7,23.6,22.7,22.71,3856,0
ESQ.US,60,20210128,200000,22.71,22.71,22.33,22.33,200,0
ESQ.US,60,20210128,210000,23.1157,23.1157,22.32,22.32,1662,0
ESQ.US,60,20210128,220000,22.52,23.63,22.31,22.31,3706,0
ESQ.US,60,20210129,160000,22.3,22.3,21.27,21.27,826,0
ESQ.US,60,20210129,170000,21.3,21.79,21.155,21.47,5069,0
ESQ.US,60,20210129,180000,21.21,21.48,21.01,21.31,2200,0
ESQ.US,60,20210129,190000,21.48,21.61,21.29,21.29,10646,0
ESQ.US,60,20210129,200000,21.3,21.4,21.3,21.4,700,0
ESQ.US,60,20210129,210000,21.5,21.5,21.5,21.5,200,0
ESQ.US,60,20210129,220000,21.76,22.08,21.69,22.08,3334,0
ESQ.US,60,20210201,160000,22.1,22.1,22.1,22.1,120,0
ESQ.US,60,20210201,170000,22.61,22.61,21.51,21.51,711,0
ESQ.US,60,20210201,180000,22,22.08,22,22.08,700,0
ESQ.US,60,20210201,190000,22.12,22.12,22.02,22.02,600,0
ESQ.US,60,20210201,210000,21.865,21.865,21.52,21.52,1405,0
ESQ.US,60,20210201,220000,21.78,22.1,21.76,21.76,2800,0
ESQ.US,60,20210202,160000,22.1,22.1,22.1,22.1,114,0
ESQ.US,60,20210202,170000,22.85,22.85,22.85,22.85,100,0
ESQ.US,60,20210202,180000,23.0299,23.0299,22.5,22.5,1737,0
ESQ.US,60,20210202,190000,22.56,23.16,22.56,23.11,1926,0
ESQ.US,60,20210202,200000,22.63,22.63,22.63,22.63,100,0
ESQ.US,60,20210202,210000,22.76,23.03,22.47,22.48,4261,0
ESQ.US,60,20210202,220000,22.81,22.81,22.01,22.07,5069,0
ESQ.US,60,20210203,160000,22.28,22.28,22.28,22.28,299,0
ESQ.US,60,20210203,170000,21.71,21.71,21.67,21.67,295,0
ESQ.US,60,20210203,180000,21.6,21.6,21.6,21.6,100,0
ESQ.US,60,20210203,190000,21.57,21.795,21.56,21.795,1140,0
ESQ.US,60,20210203,200000,21.52,21.52,21.52,21.52,100,0
ESQ.US,60,20210203,210000,21.51,21.51,21.51,21.51,195,0
ESQ.US,60,20210203,220000,21.54,21.575,21.52,21.56,2547,0
ESQ.US,60,20210204,170000,22.145,22.145,22.145,22.145,1108,0
ESQ.US,60,20210204,190000,21.875,22.075,21.875,22.075,300,0
ESQ.US,60,20210204,200000,22.08,22.15,21.875,21.875,600,0
ESQ.US,60,20210204,210000,22.13,22.13,22.04,22.13,590,0
ESQ.US,60,20210204,220000,22.05,22.46,21.95,21.95,6692,0
ESQ.US,60,20210205,160000,22.5,22.67,22.5,22.67,515,0
ESQ.US,60,20210205,170000,22.53,22.53,21.99,22.02,800,0
ESQ.US,60,20210205,180000,22.41,22.41,22.41,22.41,100,0
ESQ.US,60,20210205,190000,22.06,22.06,22.06,22.06,200,0
ESQ.US,60,20210205,200000,22.65,22.65,22.4015,22.4015,1557,0
ESQ.US,60,20210205,220000,22.08,22.9,22.08,22.9,1847,0
ESQ.US,60,20210208,160000,23.01,23.01,23.01,23.01,275,0
ESQ.US,60,20210208,170000,22.92,23.09,22.79,22.84,1300,0
ESQ.US,60,20210208,180000,22.9,22.9,22.75,22.75,2326,0
ESQ.US,60,20210208,190000,22.8,22.86,22.8,22.86,400,0
ESQ.US,60,20210208,200000,22.86,23.45,22.78,22.78,2627,0
ESQ.US,60,20210208,210000,23.12,23.31,22.94,23.19,1100,0
ESQ.US,60,20210208,220000,23.2,23.2,22.96,23.11,1849,0
ESQ.US,60,20210209,170000,22.84,22.84,22.84,22.84,100,0
ESQ.US,60,20210209,180000,23.005,23.005,23.005,23.005,100,0
ESQ.US,60,20210209,190000,23.11,23.11,23.11,23.11,100,0
ESQ.US,60,20210209,200000,23.18,23.18,23.175,23.175,300,0
ESQ.US,60,20210209,210000,22.94,23.205,22.87,22.95,800,0
ESQ.US,60,20210209,220000,22.98,23.27,22.87,22.87,1073,0
ESQ.US,60,20210210,160000,22.9,22.9,22.9,22.9,306,0
ESQ.US,60,20210210,180000,22.73,23.11,22.7,22.7,500,0
ESQ.US,60,20210210,190000,22.7,23.07,22.7,23.07,600,0
ESQ.US,60,20210210,200000,23.09,23.09,23.09,23.09,300,0
ESQ.US,60,20210210,210000,22.84,22.84,22.84,22.84,100,0
ESQ.US,60,20210210,220000,22.87,22.9921,22.57,22.61,3151,0
ESQ.US,60,20210211,190000,22.43,22.445,22.43,22.445,1050,0
ESQ.US,60,20210211,200000,22.45,23,22.45,22.95,1739,0
ESQ.US,60,20210211,210000,23,23.16,22.63,22.95,4897,0
ESQ.US,60,20210211,220000,22.96,23.39,22.9,23.11,4472,0
ESQ.US,60,20210212,160000,23.15,23.15,23.15,23.15,146,0
ESQ.US,60,20210212,170000,23.17,23.37,23.17,23.37,720,0
ESQ.US,60,20210212,180000,23.47,24.05,23.38,23.78,2179,0
ESQ.US,60,20210212,190000,24.02,24.02,23.92,23.92,400,0
ESQ.US,60,20210212,200000,23.16,23.735,23.16,23.445,2042,0
ESQ.US,60,20210212,210000,23.16,23.6011,22.9,23.6011,4360,0
ESQ.US,60,20210212,220000,22.76,22.98,22.76,22.98,1833,0
ESQ.US,60,20210216,160000,23.8,23.8,23.8,23.8,2024,0
ESQ.US,60,20210216,180000,23.05,23.485,22.85,23.21,700,0
ESQ.US,60,20210216,190000,23.7875,23.7875,23.065,23.24,1400,0
ESQ.US,60,20210216,200000,23.4,23.59,23.27,23.5,1587,0
ESQ.US,60,20210216,210000,23.605,23.605,23.605,23.605,100,0
ESQ.US,60,20210216,220000,23.02,23.85,22.94,23.4,3785,0
ESQ.US,60,20210217,160000,23.29,23.29,23.29,23.29,302,0
ESQ.US,60,20210217,170000,23.555,23.555,23.32,23.32,1400,0
ESQ.US,60,20210217,180000,23.25,23.5875,23.25,23.5875,500,0
ESQ.US,60,20210217,190000,23.335,23.4,23.335,23.4,300,0
ESQ.US,60,20210217,200000,23.37,23.42,23.35,23.42,300,0
ESQ.US,60,20210217,210000,23.42,23.42,23.3,23.3,1537,0
ESQ.US,60,20210217,220000,23.41,23.69,23.01,23.01,4526,0
ESQ.US,60,20210218,160000,23.02,23.02,22.44,22.44,278,0
ESQ.US,60,20210218,180000,22.47,22.51,22.47,22.47,2252,0
ESQ.US,60,20210218,190000,22.4,22.915,22.27,22.803,7826,0
ESQ.US,60,20210218,200000,22.39,22.42,22.39,22.42,200,0
ESQ.US,60,20210218,210000,22.65,22.65,22.65,22.65,100,0
ESQ.US,60,20210218,220000,22.35,22.635,22.35,22.35,2625,0
ESQ.US,60,20210219,160000,22.7,22.7,22.3,22.42,700,0
ESQ.US,60,20210219,170000,22.4178,23,22.4178,22.79,700,0
ESQ.US,60,20210219,180000,22.8,22.95,22.8,22.95,200,0
ESQ.US,60,20210219,190000,22.83,23,22.83,22.91,1193,0
ESQ.US,60,20210219,200000,22.94,22.94,22.94,22.94,100,0
ESQ.US,60,20210219,210000,22.94,22.99,22.45,22.59,2332,0
ESQ.US,60,20210219,220000,22.58,22.89,22.21,22.45,4085,0
ESQ.US,60,20210222,170000,22.6,22.665,22.6,22.665,200,0
ESQ.US,60,20210222,180000,22.5586,22.5586,22.5586,22.5586,200,0
ESQ.US,60,20210222,190000,22.89,22.89,22.89,22.89,100,0
ESQ.US,60,20210222,200000,22.76,23,22.76,22.87,2000,0
ESQ.US,60,20210222,210000,22.86,22.86,22.38,22.4999,1999,0
ESQ.US,60,20210222,220000,22.56,22.97,22.56,22.71,2877,0
ESQ.US,60,20210223,160000,22.65,22.65,22.65,22.65,113,0
ESQ.US,60,20210223,170000,22.53,22.53,22.53,22.53,100,0
ESQ.US,60,20210223,180000,22.33,22.33,22.33,22.33,100,0
ESQ.US,60,20210223,190000,22.36,22.51,22.36,22.51,300,0
ESQ.US,60,20210223,200000,22.41,22.41,22.41,22.41,100,0
ESQ.US,60,20210223,210000,22.4,22.4,22.4,22.4,100,0
ESQ.US,60,20210223,220000,22.46,22.54,22.35,22.35,1636,0
ESQ.US,60,20210224,180000,22.9699,22.9699,22.89,22.89,836,0
ESQ.US,60,20210224,190000,22.91,22.92,22.855,22.855,600,0
ESQ.US,60,20210224,200000,23,23,23,23,100,0
ESQ.US,60,20210224,220000,22.96,23,22.76,22.76,3778,0
ESQ.US,60,20210225,160000,22.95,23,22.95,23,2565,0
ESQ.US,60,20210225,170000,22.9,22.9,22.8351,22.8351,401,0
ESQ.US,60,20210225,180000,22.76,22.7832,22.76,22.765,400,0
ESQ.US,60,20210225,190000,22.66,22.695,22.4,22.695,1582,0
ESQ.US,60,20210225,200000,22.4,22.4,22.4,22.4,100,0
ESQ.US,60,20210225,210000,22.624,22.624,22.25,22.25,4019,0
ESQ.US,60,20210225,220000,22.35,22.745,22.25,22.25,3321,0
ESQ.US,60,20210226,160000,22.3,22.3,22.3,22.3,102,0
ESQ.US,60,20210226,170000,22.3,22.325,22.28,22.28,3250,0
ESQ.US,60,20210226,180000,22.45,22.45,22.25,22.305,13455,0
ESQ.US,60,20210226,190000,22.3,22.82,22.3,22.82,2000,0
ESQ.US,60,20210226,200000,22.9,22.96,22.525,22.6,2700,0
ESQ.US,60,20210226,210000,22.625,22.97,22.625,22.95,2656,0
ESQ.US,60,20210226,220000,22.82,22.82,22.32,22.32,6444,0
ESQ.US,60,20210301,160000,22.89,22.89,22.41,22.41,1392,0
ESQ.US,60,20210301,170000,22.81,22.81,22.8,22.8,701,0
ESQ.US,60,20210301,190000,22.52,22.52,22.52,22.52,100,0
ESQ.US,60,20210301,210000,22.75,22.75,22.75,22.75,194,0
ESQ.US,60,20210301,220000,22.9519,22.9519,22.6,22.775,3130,0
ESQ.US,60,20210302,170000,22.56,22.56,22.56,22.56,100,0
ESQ.US,60,20210302,180000,22.71,22.71,22.71,22.71,600,0
ESQ.US,60,20210302,190000,22.54,22.54,22.27,22.27,200,0
ESQ.US,60,20210302,200000,22.29,22.45,22.29,22.45,390,0
ESQ.US,60,20210302,210000,22.37,22.685,22.37,22.4,900,0
ESQ.US,60,20210302,220000,22.675,22.78,22.54,22.54,2024,0
ESQ.US,60,20210303,160000,22.75,22.75,22.63,22.63,6753,0
ESQ.US,60,20210303,170000,23.1114,23.1114,23.1114,23.1114,465,0
ESQ.US,60,20210303,180000,23.28,23.5,23.1,23.31,2700,0
ESQ.US,60,20210303,200000,22.97,23.05,22.97,23.05,808,0
ESQ.US,60,20210303,210000,22.51,22.53,22.5,22.53,300,0
ESQ.US,60,20210303,220000,22.54,23.66,22.54,23.31,3290,0
ESQ.US,60,20210304,160000,23.34,24,22.82,23.705,1203,0
ESQ.US,60,20210304,170000,23.26,23.99,23.26,23.96,600,0
ESQ.US,60,20210304,180000,24.125,24.24,24.125,24.24,1013,0
ESQ.US,60,20210304,190000,24.01,24.125,23.27,23.27,700,0
ESQ.US,60,20210304,200000,24,24,24,24,100,0
ESQ.US,60,20210304,210000,23.96,24.16,23.645,23.72,1832,0
ESQ.US,60,20210304,220000,23.95,24.25,23.65,24.15,2977,0
ESQ.US,60,20210305,160000,23.905,23.905,23.905,23.905,100,0
ESQ.US,60,20210305,170000,24.865,25,24.155,24.75,5010,0
ESQ.US,60,20210305,180000,25.08,25.73,24.835,25.62,2484,0
ESQ.US,60,20210305,190000,25.7,25.7,24.28,25.5499,622,0
ESQ.US,60,20210305,200000,24.335,25.5499,24.335,25.5499,200,0
ESQ.US,60,20210305,210000,24.975,24.975,24.975,24.975,200,0
ESQ.US,60,20210305,220000,25.02,25.55,25.02,25.55,4437,0
ESQ.US,60,20210308,170000,25.58,25.58,25.55,25.55,400,0
ESQ.US,60,20210308,180000,25.55,25.57,25.49,25.5411,4194,0
ESQ.US,60,20210308,190000,25.55,25.6,25.54,25.55,2585,0
ESQ.US,60,20210308,200000,25.55,25.55,25.28,25.28,200,0
ESQ.US,60,20210308,220000,25.355,25.4988,24.455,25.1,4258,0
ESQ.US,60,20210309,160000,25.2,25.2,24.8,24.8,265,0
ESQ.US,60,20210309,170000,24.765,24.765,24.76,24.76,325,0
ESQ.US,60,20210309,190000,24.7101,24.7101,24.7101,24.7101,195,0
ESQ.US,60,20210309,210000,25.2,25.2,25.2,25.2,678,0
ESQ.US,60,20210309,220000,25.335,25.95,25.29,25.95,2346,0
ESQ.US,60,20210310,160000,25.75,25.75,25.75,25.75,120,0
ESQ.US,60,20210310,170000,25.94,26.04,25.88,26.04,3356,0
ESQ.US,60,20210310,180000,25.9298,25.94,25.88,25.94,976,0
ESQ.US,60,20210310,190000,25.86,25.86,25.83,25.83,200,0
ESQ.US,60,20210310,210000,25.665,25.665,25.665,25.665,300,0
ESQ.US,60,20210310,220000,25.66,26,25.66,26,3059,0
ESQ.US,60,20210311,160000,25.85,25.85,25.85,25.85,505,0
ESQ.US,60,20210311,170000,25.89,25.89,25.6824,25.6899,4106,0
ESQ.US,60,20210311,180000,26,26,25.87,25.88,798,0
ESQ.US,60,20210311,200000,25.8618,25.8618,25.8618,25.8618,190,0
ESQ.US,60,20210311,210000,25.6952,25.6952,25.62,25.62,387,0
ESQ.US,60,20210311,220000,25.44,25.65,25.44,25.65,14531,0
ESQ.US,60,20210312,210000,25.615,25.615,25.615,25.615,1400,0
ESQ.US,60,20210312,220000,25.62,25.7,25.45,25.7,4216,0
ESQ.US,60,20210315,150000,25.7,25.72,25.49,25.49,958,0
ESQ.US,60,20210315,180000,25.05,25.05,25.02,25.02,1051,0
ESQ.US,60,20210315,190000,25,25,24.75,24.75,4400,0
ESQ.US,60,20210315,200000,24.37,24.56,24.37,24.535,1045,0
ESQ.US,60,20210315,210000,24.365,24.695,24.365,24.69,9016,0
ESQ.US,60,20210316,150000,24.47,24.47,24.47,24.47,340,0
ESQ.US,60,20210316,160000,24.8092,24.8092,24.505,24.53,834,0
ESQ.US,60,20210316,170000,24.03,24.36,24,24,1080,0
ESQ.US,60,20210316,180000,24,24,24,24,100,0
ESQ.US,60,20210316,190000,24,24,24,24,200,0
ESQ.US,60,20210316,200000,24,24.21,24,24.01,1446,0
ESQ.US,60,20210316,210000,24.01,24.18,24.01,24.09,2168,0
ESQ.US,60,20210317,150000,24.01,24.01,24,24,500,0
ESQ.US,60,20210317,200000,24.01,24.01,24,24,744,0
ESQ.US,60,20210317,210000,24,24,23.81,23.92,9597,0
ESQ.US,60,20210318,150000,24.375,24.435,24.375,24.375,1600,0
ESQ.US,60,20210318,170000,24.58,25.1099,24,24,1295,0
ESQ.US,60,20210318,180000,24.21,24.3499,24.21,24.28,1682,0
ESQ.US,60,20210318,190000,24.405,24.68,24.06,24.4123,13026,0
ESQ.US,60,20210318,200000,24.4,24.45,24.01,24.1501,8650,0
ESQ.US,60,20210318,210000,24.09,24.1719,24,24.02,13391,0
ESQ.US,60,20210319,150000,24,24,24,24,20946,0
ESQ.US,60,20210319,160000,24,24.06,24,24,998,0
ESQ.US,60,20210319,170000,24.01,24.01,24.01,24.01,200,0
ESQ.US,60,20210319,180000,24.01,24.05,24,24.05,345,0
ESQ.US,60,20210319,190000,24.05,24.06,24.02,24.06,300,0
ESQ.US,60,20210319,200000,24.04,24.31,24.01,24.01,700,0
ESQ.US,60,20210319,210000,24.225,24.42,24,24.08,11858,0
ESQ.US,60,20210322,150000,23.85,23.85,23.85,23.85,1349,0
ESQ.US,60,20210322,160000,23.9,23.9,23.56,23.56,208,0
ESQ.US,60,20210322,170000,23.67,23.67,23.12,23.12,3984,0
ESQ.US,60,20210322,180000,23.1,23.3501,22.6,23.3501,7811,0
ESQ.US,60,20210322,190000,23.5516,23.845,23.055,23.81,8306,0
ESQ.US,60,20210322,200000,23.5,23.7,23.375,23.39,1569,0
ESQ.US,60,20210322,210000,23.405,23.72,23.35,23.45,2019,0
ESQ.US,60,20210323,160000,23.18,23.3962,22.61,23.288,3690,0
ESQ.US,60,20210323,170000,23.27,23.45,22.91,23.37,5289,0
ESQ.US,60,20210323,180000,23.395,23.4,23.395,23.4,400,0
ESQ.US,60,20210323,190000,23.515,23.515,23.415,23.48,300,0
ESQ.US,60,20210323,200000,23.48,23.48,23.385,23.385,300,0
ESQ.US,60,20210323,210000,23.385,23.47,23.27,23.36,4676,0
ESQ.US,60,20210324,160000,23.39,23.39,23.39,23.39,100,0
ESQ.US,60,20210324,170000,23.98,23.98,23.98,23.98,246,0
ESQ.US,60,20210324,180000,23.955,24.04,23.78,23.78,600,0
ESQ.US,60,20210324,190000,23.55,23.55,23.55,23.55,100,0
ESQ.US,60,20210324,200000,23.08,23.61,22.88,22.88,3660,0
ESQ.US,60,20210324,210000,22.9,23,22.85,22.85,3303,0
ESQ.US,60,20210325,160000,22.7,22.87,22.5,22.5,6178,0
ESQ.US,60,20210325,170000,22.91,22.91,22.75,22.75,900,0
ESQ.US,60,20210325,200000,23.01,23.01,23.01,23.01,100,0
ESQ.US,60,20210325,210000,23,23.44,22.985,23.44,1810,0
ESQ.US,60,20210326,160000,23.71,23.71,23.54,23.54,300,0
ESQ.US,60,20210326,190000,23.305,23.305,23.305,23.305,100,0
ESQ.US,60,20210326,200000,23.04,23.04,23.04,23.04,100,0
ESQ.US,60,20210326,210000,23.305,23.35,22.97,23.01,7294,0
ESQ.US,60,20210329,160000,23.01,23.01,23.01,23.01,102,0
ESQ.US,60,20210329,170000,23.2,23.68,22.95,23.23,2753,0
ESQ.US,60,20210329,190000,23.17,23.17,23.17,23.17,100,0
ESQ.US,60,20210329,210000,23.32,23.32,23.32,23.32,100,0
ESQ.US,60,20210329,220000,23.05,23.05,22.95,22.95,4100,0
ESQ.US,60,20210330,210000,23.17,23.17,22.99,22.99,562,0
ESQ.US,60,20210330,220000,22.98,22.98,22.8,22.85,3322,0
ESQ.US,60,20210331,170000,23.37,23.37,23.12,23.12,207,0
ESQ.US,60,20210331,180000,23.39,23.4,23.13,23.13,620,0
ESQ.US,60,20210331,220000,22.85,22.94,22.8,22.81,4484,0
ESQ.US,60,20210401,160000,23.1,23.34,23.035,23.13,908,0
ESQ.US,60,20210401,170000,23.03,23.19,23.03,23.19,500,0
ESQ.US,60,20210401,200000,23.05,23.05,23.05,23.05,100,0
ESQ.US,60,20210401,220000,23.05,23.34,23.02,23.34,3813,0
ESQ.US,60,20210405,170000,23.08,23.11,22.8145,22.84,2000,0
ESQ.US,60,20210405,180000,22.95,23.115,22.95,23.05,900,0
ESQ.US,60,20210405,190000,23.05,23.05,22.82,22.84,2290,0
ESQ.US,60,20210405,200000,22.975,23.045,22.8,23.0152,2066,0
ESQ.US,60,20210405,210000,22.9,22.91,22.9,22.9,1275,0
ESQ.US,60,20210405,220000,22.915,23.1,22.91,23,1745,0
ESQ.US,60,20210406,180000,23.22,23.22,23.08,23.08,200,0
ESQ.US,60,20210406,220000,23.11,23.11,22.9,22.97,2861,0
ESQ.US,60,20210407,160000,22.85,22.85,22.85,22.85,1067,0
ESQ.US,60,20210407,170000,22.85,22.9706,22.85,22.9,1460,0
ESQ.US,60,20210407,180000,22.9,22.9,22.9,22.9,645,0
ESQ.US,60,20210407,190000,22.9,22.9,22.9,22.9,235,0
ESQ.US,60,20210407,200000,22.94,23,22.9,22.9,492,0
ESQ.US,60,20210407,210000,22.9,22.9,22.9,22.9,477,0
ESQ.US,60,20210407,220000,22.9,23.025,22.85,22.86,9481,0
ESQ.US,60,20210408,160000,23.01,23.01,23.01,23.01,101,0
ESQ.US,60,20210408,220000,23.045,23.2075,22.9,23.18,4847,0
ESQ.US,60,20210409,160000,23.2,23.56,23.02,23.56,1940,0
ESQ.US,60,20210409,170000,23.35,23.35,23.33,23.33,200,0
ESQ.US,60,20210409,180000,23.5,23.56,23,23.03,600,0
ESQ.US,60,20210409,190000,22.93,23,22.91,22.925,1500,0
ESQ.US,60,20210409,200000,22.925,23,22.8,22.81,9036,0
ESQ.US,60,20210409,210000,22.81,22.82,22.8,22.8,2378,0
ESQ.US,60,20210409,220000,22.8,22.99,22.16,22.99,8651,0
ESQ.US,60,20210412,200000,22.885,22.905,22.885,22.905,200,0
ESQ.US,60,20210412,210000,22.91,22.91,22.91,22.91,100,0
ESQ.US,60,20210412,220000,22.88,22.88,22.8,22.83,7407,0
ESQ.US,60,20210413,160000,22.8,22.8,22.8,22.8,2589,0
ESQ.US,60,20210413,180000,22.92,22.92,22.92,22.92,100,0
ESQ.US,60,20210413,190000,22.99,22.99,22.99,22.99,140,0
ESQ.US,60,20210413,200000,22.7,22.7,22.7,22.7,100,0
ESQ.US,60,20210413,210000,22.7638,22.7638,22.7,22.7,600,0
ESQ.US,60,20210413,220000,22.73,22.91,22.7,22.83,1770,0
ESQ.US,60,20210414,170000,22.745,22.745,22.745,22.745,100,0
ESQ.US,60,20210414,210000,22.76,22.76,22.76,22.76,100,0
ESQ.US,60,20210414,220000,23.09,23.09,22.76,22.88,1860,0
ESQ.US,60,20210415,160000,23.18,23.44,22.91,23.34,2253,0
ESQ.US,60,20210415,170000,23.22,23.22,22.9,23.09,2727,0
ESQ.US,60,20210415,180000,23.08,23.23,23.08,23.19,1046,0
ESQ.US,60,20210415,190000,22.82,22.9,22.82,22.9,200,0
ESQ.US,60,20210415,200000,23.105,23.105,22.85,23.1,1014,0
ESQ.US,60,20210415,210000,23.4,23.4,22.82,22.82,571,0
ESQ.US,60,20210415,220000,22.88,23.48,22.85,23.12,6528,0
ESQ.US,60,20210416,160000,23.38,23.4,23.38,23.4,1166,0
ESQ.US,60,20210416,170000,23.24,24.17,22.9,24.17,1293,0
ESQ.US,60,20210416,180000,23.4,24.25,23.4,24,2580,0
ESQ.US,60,20210416,190000,24,24.15,24,24.14,1800,0
ESQ.US,60,20210416,200000,24.04,24.39,24,24,1011,0
ESQ.US,60,20210416,210000,24.09,24.38,24.08,24.35,500,0
ESQ.US,60,20210416,220000,24.38,24.49,23.87,23.87,7109,0
ESQ.US,60,20210419,160000,23.99,23.99,23.99,23.99,600,0
ESQ.US,60,20210419,170000,23.67,23.67,22.8827,22.89,2231,0
ESQ.US,60,20210419,180000,22.92,23.21,22.84,23.1,2505,0
ESQ.US,60,20210419,190000,22.98,22.98,22.98,22.98,100,0
ESQ.US,60,20210419,200000,22.84,22.84,22.84,22.84,115,0
ESQ.US,60,20210419,210000,22.81,22.85,22.81,22.85,600,0
ESQ.US,60,20210419,220000,22.965,23.1014,22.81,22.82,6253,0
ESQ.US,60,20210420,160000,23,23.02,23,23.02,988,0
ESQ.US,60,20210420,170000,23.04,23.04,22.94,22.94,1007,0
ESQ.US,60,20210420,180000,22.9,22.9,22.9,22.9,200,0
ESQ.US,60,20210420,190000,22.91,23,22.9,22.945,8335,0
ESQ.US,60,20210420,200000,22.945,22.9899,22.8,22.89,8009,0
ESQ.US,60,20210420,210000,22.85,22.915,22.85,22.91,600,0
ESQ.US,60,20210420,220000,22.91,23.05,22.81,22.9,3487,0
ESQ.US,60,20210421,160000,23.42,23.42,22.8,22.8,2204,0
ESQ.US,60,20210421,180000,22.81,22.81,22.81,22.81,505,0
ESQ.US,60,20210421,210000,22.81,22.81,22.81,22.81,100,0
ESQ.US,60,20210421,220000,22.9,23.1,22.8,22.81,4497,0
ESQ.US,60,20210422,160000,22.98,23.52,22.98,23.52,567,0
ESQ.US,60,20210422,170000,23.335,23.87,23.13,23.46,4474,0
ESQ.US,60,20210422,180000,23.07,23.1,22.95,23.09,1172,0
ESQ.US,60,20210422,190000,22.999,23.12,22.945,22.945,3132,0
ESQ.US,60,20210422,200000,23,23.01,23,23.01,300,0
ESQ.US,60,20210422,210000,23,23,22.96,22.96,609,0
ESQ.US,60,20210422,220000,22.94,23.08,22.94,23,5592,0
ESQ.US,60,20210423,160000,23.68,23.68,23.4,23.48,2500,0
ESQ.US,60,20210423,170000,23.35,23.36,23.14,23.14,1300,0
ESQ.US,60,20210423,190000,23.12,23.13,23.12,23.13,200,0
ESQ.US,60,20210423,200000,23.065,23.4,23.065,23.4,2731,0
ESQ.US,60,20210423,210000,23.275,24.14,23.275,23.52,1295,0
ESQ.US,60,20210423,220000,23.4,23.55,23.01,23.11,7550,0
ESQ.US,60,20210426,160000,23.35,23.35,23.35,23.35,168,0
ESQ.US,60,20210426,170000,25,25,23.7206,23.938,2000,0
ESQ.US,60,20210426,180000,23.14,23.5,23.1,23.1,1600,0
ESQ.US,60,20210426,190000,23.525,23.525,23.12,23.19,814,0
ESQ.US,60,20210426,200000,23.15,23.25,23.15,23.25,800,0
ESQ.US,60,20210426,220000,23.31,23.53,23.27,23.48,19600,0
ESQ.US,60,20210427,160000,23.47,23.47,23.3677,23.3677,1482,0
ESQ.US,60,20210427,170000,23.32,23.32,23.32,23.32,200,0
ESQ.US,60,20210427,190000,23.65,23.65,23.23,23.44,1000,0
ESQ.US,60,20210427,200000,23.23,23.3,23.23,23.3,434,0
ESQ.US,60,20210427,210000,23.01,23.065,23,23,7988,0
ESQ.US,60,20210427,220000,23,23.06,23,23,7676,0
ESQ.US,60,20210428,160000,23,23,23,23,300,0
ESQ.US,60,20210428,170000,23,23,23,23,200,0
ESQ.US,60,20210428,180000,23.05,23.13,23,23.05,5988,0
ESQ.US,60,20210428,190000,23.05,23.401,22.95,23,8466,0
ESQ.US,60,20210428,200000,23,23.01,23,23,3600,0
ESQ.US,60,20210428,210000,23,23.03,22.97,22.97,6384,0
ESQ.US,60,20210428,220000,22.97,22.99,22.9,22.91,21748,0
ESQ.US,60,20210429,160000,22.99,23.23,22.9,23.23,1578,0
ESQ.US,60,20210429,170000,23.8634,23.8634,23.8634,23.8634,430,0
ESQ.US,60,20210429,200000,22.95,22.95,22.95,22.95,200,0
ESQ.US,60,20210429,210000,23.095,23.095,22.9,22.9,6746,0
ESQ.US,60,20210429,220000,22.94,23.085,22.92,23.04,13996,0
ESQ.US,60,20210430,160000,22.95,22.95,22.95,22.95,260,0
ESQ.US,60,20210430,170000,22.99,22.99,22.99,22.99,200,0
ESQ.US,60,20210430,180000,23.15,23.58,22.97,23.32,7398,0
ESQ.US,60,20210430,190000,23.02,23.325,23.01,23.27,10024,0
ESQ.US,60,20210430,200000,23.19,23.5,23.19,23.26,4818,0
ESQ.US,60,20210430,210000,23.45,23.45,23.27,23.305,1200,0
ESQ.US,60,20210430,220000,23.305,23.305,22.9,22.97,18320,0
ESQ.US,60,20210503,160000,23.04,23.04,23.04,23.04,119,0
ESQ.US,60,20210503,170000,23.66,23.66,23.01,23.1716,860,0
ESQ.US,60,20210503,180000,23.06,23.46,23.02,23.06,600,0
ESQ.US,60,20210503,190000,23.14,23.3035,23.04,23.04,400,0
ESQ.US,60,20210503,200000,23.152,23.3,23.03,23.3,1200,0
ESQ.US,60,20210503,210000,23.01,23.26,23.01,23.09,700,0
ESQ.US,60,20210503,220000,23.16,23.33,23,23.14,11697,0
ESQ.US,60,20210504,160000,23,23.05,23,23,1045,0
ESQ.US,60,20210504,170000,23.05,23.05,23.05,23.05,100,0
ESQ.US,60,20210504,180000,23.3629,23.3629,23.04,23.04,370,0
ESQ.US,60,20210504,190000,23.04,23.07,23.02,23.02,800,0
ESQ.US,60,20210504,200000,23,23.03,22.95,23.03,4521,0
ESQ.US,60,20210504,210000,23.04,23.2764,23.01,23.01,804,0
ESQ.US,60,20210504,220000,23.01,23.11,23,23,6155,0
ESQ.US,60,20210505,160000,23.06,23.06,22.95,22.95,2116,0
ESQ.US,60,20210505,170000,23.185,23.25,23.08,23.25,800,0
ESQ.US,60,20210505,180000,23.245,23.4263,23.07,23.07,900,0
ESQ.US,60,20210505,190000,23.06,23.0898,23,23.04,3911,0
ESQ.US,60,20210505,200000,23.0446,23.1189,23.01,23.1,6550,0
ESQ.US,60,20210505,210000,23.105,23.1687,23.05,23.1,800,0
ESQ.US,60,20210505,220000,23.07,23.102,22.95,23.07,7578,0
ESQ.US,60,20210506,160000,23.1,23.15,23.1,23.15,200,0
ESQ.US,60,20210506,170000,23.25,23.4252,23.1,23.1,1119,0
ESQ.US,60,20210506,180000,23.335,23.64,23.03,23.265,1765,0
ESQ.US,60,20210506,190000,23.25,23.25,23,23.01,2710,0
ESQ.US,60,20210506,200000,22.99,22.99,22.9,22.95,880,0
ESQ.US,60,20210506,210000,22.99,23,22.95,22.95,1778,0
ESQ.US,60,20210506,220000,23,23.1,22.95,23,3069,0
ESQ.US,60,20210507,170000,22.81,22.83,22.6,22.785,14554,0
ESQ.US,60,20210507,180000,22.785,22.8,22.76,22.8,1005,0
ESQ.US,60,20210507,190000,22.91,22.91,22.8,22.87,900,0
ESQ.US,60,20210507,200000,22.94,23.115,22.88,22.95,2071,0
ESQ.US,60,20210507,210000,23.1175,23.1335,22.9317,23.08,2000,0
ESQ.US,60,20210507,220000,23.08,23.254,23,23.02,3661,0
ESQ.US,60,20210510,160000,23,23,23,23,123,0
ESQ.US,60,20210510,180000,23.225,23.225,23,23.08,965,0
ESQ.US,60,20210510,190000,23.22,23.22,23.11,23.11,500,0
ESQ.US,60,20210510,200000,23.13,23.26,23.13,23.2,300,0
ESQ.US,60,20210510,210000,23.085,23.2,23.08,23.11,1040,0
ESQ.US,60,20210510,220000,23.08,23.235,23.08,23.135,5473,0
ESQ.US,60,20210511,160000,22.87,23.55,22.87,23.55,264,0
ESQ.US,60,20210511,180000,23.01,23.01,23.01,23.01,200,0
ESQ.US,60,20210511,190000,23.01,23.08,23.01,23.01,1400,0
ESQ.US,60,20210511,200000,23,23.16,23,23.16,1500,0
ESQ.US,60,20210511,210000,23.16,23.16,23.01,23.01,600,0
ESQ.US,60,20210511,220000,23.06,23.08,22.91,22.91,2906,0
ESQ.US,60,20210512,160000,22.91,23.2,22.91,23.005,3185,0
ESQ.US,60,20210512,170000,22.97,23.7008,22.97,23.11,1519,0
ESQ.US,60,20210512,180000,23.055,23.21,23.055,23.2,2600,0
ESQ.US,60,20210512,190000,23.04,23.055,23.035,23.055,500,0
ESQ.US,60,20210512,200000,23.06,23.06,23.04,23.06,800,0
ESQ.US,60,20210512,210000,23.075,23.08,23.01,23.01,925,0
ESQ.US,60,20210512,220000,23.05,23.05,22.92,22.92,6451,0
ESQ.US,60,20210513,160000,23.17,23.25,23.17,23.25,4061,0
ESQ.US,60,20210513,170000,23.095,23.095,22.91,22.935,400,0
ESQ.US,60,20210513,180000,23.2,23.2,22.92,23.2,500,0
ESQ.US,60,20210513,200000,23.58,23.6,23.1,23.3,2341,0
ESQ.US,60,20210513,210000,23.15,23.42,23.09,23.14,900,0
ESQ.US,60,20210513,220000,23.6,23.6,23.15,23.53,4040,0
ESQ.US,60,20210514,160000,23.2,23.2,23.15,23.15,312,0
ESQ.US,60,20210514,170000,23.355,23.7799,23.355,23.7799,500,0
ESQ.US,60,20210514,180000,23.7399,23.8099,23.07,23.6242,900,0
ESQ.US,60,20210514,190000,23.628,23.628,23.09,23.4597,800,0
ESQ.US,60,20210514,200000,23.4,23.4,23.22,23.29,300,0
ESQ.US,60,20210514,210000,23.25,23.43,23.17,23.43,300,0
ESQ.US,60,20210514,220000,23.05,23.65,23.05,23.38,3486,0
ESQ.US,60,20210517,160000,23.21,23.21,23.21,23.21,109,0
ESQ.US,60,20210517,220000,23.24,23.66,23.23,23.66,1480,0
ESQ.US,60,20210518,170000,23.21,23.85,23.21,23.85,200,0
ESQ.US,60,20210518,180000,23.3675,24.25,23.3675,24.03,4140,0
ESQ.US,60,20210518,190000,24.02,24.44,24.02,24.02,500,0
ESQ.US,60,20210518,200000,24.03,24.15,24,24.09,1200,0
ESQ.US,60,20210518,210000,24.08,24.2,24,24.13,2525,0
ESQ.US,60,20210518,220000,24,24.2031,24,24,3077,0
ESQ.US,60,20210519,170000,23.25,23.45,23.17,23.17,400,0
ESQ.US,60,20210519,180000,23.2988,23.4,23.275,23.4,1000,0
ESQ.US,60,20210519,200000,23.3,23.3,23.3,23.3,200,0
ESQ.US,60,20210519,210000,23.32,24.64,23.21,23.825,7576,0
ESQ.US,60,20210519,220000,23.62,24.15,23.62,23.7,4049,0
ESQ.US,60,20210520,170000,23.685,24,23.685,24,200,0
ESQ.US,60,20210520,180000,23.11,24.0399,23.11,24,4110,0
ESQ.US,60,20210520,190000,23.51,23.64,23.14,23.33,1510,0
ESQ.US,60,20210520,200000,23.33,23.98,23.16,23.98,1300,0
ESQ.US,60,20210520,210000,23.71,24.01,23.44,23.74,1417,0
ESQ.US,60,20210520,220000,23.45,24.48,23.45,24.37,12130,0
ESQ.US,60,20210521,160000,24.32,24.32,24.32,24.32,864,0
ESQ.US,60,20210521,170000,24.39,24.44,24.32,24.44,310,0
ESQ.US,60,20210521,180000,24.48,24.61,24.18,24.2,3973,0
ESQ.US,60,20210521,190000,24.2,24.2,24.05,24.05,200,0
ESQ.US,60,20210521,200000,24.2,24.2999,24.02,24.2999,400,0
ESQ.US,60,20210521,210000,24.02,24.24,24.01,24.24,300,0
ESQ.US,60,20210521,220000,24.06,24.19,24,24.1,3708,0
ESQ.US,60,20210524,160000,24.03,24.03,23.9,23.9,1213,0
ESQ.US,60,20210524,170000,24.165,24.59,24.165,24.59,2800,0
ESQ.US,60,20210524,180000,24.385,24.385,24.05,24.05,1700,0
ESQ.US,60,20210524,190000,24.05,24.05,24.05,24.05,100,0
ESQ.US,60,20210524,200000,24.05,24.05,24.05,24.05,100,0
ESQ.US,60,20210524,210000,24.05,24.209,24.05,24.209,300,0
ESQ.US,60,20210524,220000,24.195,24.59,24.195,24.51,3200,0
ESQ.US,60,20210525,160000,24.49,24.49,24.195,24.195,400,0
ESQ.US,60,20210525,170000,24.2,24.2,24.2,24.2,200,0
ESQ.US,60,20210525,180000,24.31,24.45,24.31,24.45,1098,0
ESQ.US,60,20210525,190000,24.215,24.28,24.2001,24.28,600,0
ESQ.US,60,20210525,200000,24.14,24.26,23.93,24.24,2755,0
ESQ.US,60,20210525,210000,24.07,24.17,24.07,24.17,907,0
ESQ.US,60,20210525,220000,24.11,24.6,24.11,24.25,5922,0
ESQ.US,60,20210526,170000,24.455,24.455,24.455,24.455,398,0
ESQ.US,60,20210526,190000,24.5,24.5,24.21,24.46,800,0
ESQ.US,60,20210526,200000,24.475,24.475,24.475,24.475,166,0
ESQ.US,60,20210526,220000,24.32,24.32,24.12,24.31,2173,0
ESQ.US,60,20210527,160000,24.7899,24.7899,24.7899,24.7899,200,0
ESQ.US,60,20210527,170000,24.25,24.364,24.25,24.25,1390,0
ESQ.US,60,20210527,180000,24.27,24.39,24.27,24.39,500,0
ESQ.US,60,20210527,190000,24.46,24.46,24.4,24.46,500,0
ESQ.US,60,20210527,200000,24.4,24.4,24.4,24.4,100,0
ESQ.US,60,20210527,210000,24.5199,24.64,24.5199,24.63,600,0
ESQ.US,60,20210527,220000,24.63,24.7999,24.63,24.74,2296,0
ESQ.US,60,20210528,160000,24.74,24.74,24.74,24.74,103,0
ESQ.US,60,20210528,170000,24.4,24.58,24.4,24.4,500,0
ESQ.US,60,20210528,180000,24.58,24.58,24.4,24.42,500,0
ESQ.US,60,20210528,190000,24.42,24.42,24.42,24.42,100,0
ESQ.US,60,20210528,200000,24.59,24.59,24.43,24.43,1200,0
ESQ.US,60,20210528,210000,24.61,24.615,24.45,24.45,300,0
ESQ.US,60,20210528,220000,24.75,24.75,24.46,24.63,2477,0
ESQ.US,60,20210601,160000,24.47,24.47,24.36,24.36,2254,0
ESQ.US,60,20210601,170000,24.46,24.6,24.46,24.54,2000,0
ESQ.US,60,20210601,190000,24.55,24.64,24.55,24.64,300,0
ESQ.US,60,20210601,200000,24.64,24.7099,24.55,24.7099,400,0
ESQ.US,60,20210601,210000,24.55,25.62,24.55,25.16,16396,0
ESQ.US,60,20210601,220000,25.71,25.74,25.07,25.34,6180,0
ESQ.US,60,20210602,160000,24.66,25.45,24.66,25.45,6738,0
ESQ.US,60,20210602,170000,25.43,25.43,25.1,25.1,600,0
ESQ.US,60,20210602,190000,25,25,24.63,24.63,700,0
ESQ.US,60,20210602,200000,24.65,24.85,24.51,24.85,1898,0
ESQ.US,60,20210602,210000,24.8,25.2,24.75,24.98,1800,0
ESQ.US,60,20210602,220000,25,25.43,24.981,25,5271,0
ESQ.US,60,20210603,170000,25.01,25.335,25.01,25.335,255,0
ESQ.US,60,20210603,180000,24.85,25.17,24.795,25.17,660,0
ESQ.US,60,20210603,190000,25.455,25.455,24.95,24.9785,1198,0
ESQ.US,60,20210603,200000,24.96,25,24.955,24.965,2806,0
ESQ.US,60,20210603,210000,24.945,25,24.86,25,433,0
ESQ.US,60,20210603,220000,25,25.26,24.985,25,3548,0
ESQ.US,60,20210604,160000,25.24,25.24,25.24,25.24,216,0
ESQ.US,60,20210604,180000,24.86,25.0114,24.86,25,550,0
ESQ.US,60,20210604,190000,24.97,24.97,24.9,24.9,550,0
ESQ.US,60,20210604,210000,24.9,24.97,24.9,24.9,469,0
ESQ.US,60,20210604,220000,25.11,25.11,24.98,25.01,3100,0
ESQ.US,60,20210607,160000,24.93,25.51,24.88,25.51,608,0
ESQ.US,60,20210607,170000,25.37,25.4925,24.99,25.1,700,0
ESQ.US,60,20210607,180000,24.91,24.975,24.9,24.91,1521,0
ESQ.US,60,20210607,190000,24.935,25.19,24.61,24.685,4565,0
ESQ.US,60,20210607,200000,24.22,25.4899,24.22,24.64,2200,0
ESQ.US,60,20210607,210000,24.66,25.0725,24.6,24.65,1360,0
ESQ.US,60,20210607,220000,24.65,24.95,24.65,24.75,1750,0
ESQ.US,60,20210608,160000,24.9,24.9,24.9,24.9,144,0
ESQ.US,60,20210608,180000,25.085,25.085,25.085,25.085,500,0
ESQ.US,60,20210608,190000,25,25,24.81,24.9,40908,0
ESQ.US,60,20210608,210000,25,25.03,25,25.015,1928,0
ESQ.US,60,20210608,220000,25.01,25.19,25,25,1629,0
ESQ.US,60,20210609,160000,24.52,25,24.31,25,700,0
ESQ.US,60,20210609,170000,25.27,25.27,25.22,25.22,215,0
ESQ.US,60,20210609,180000,25.215,25.39,25.06,25.2525,6388,0
ESQ.US,60,20210609,190000,25.08,25.08,24.91,25.08,2227,0
ESQ.US,60,20210609,200000,25.07,25.235,25.07,25.235,400,0
ESQ.US,60,20210609,220000,25.31,25.31,25.005,25.11,5606,0
ESQ.US,60,20210610,160000,25.24,25.24,25.24,25.24,265,0
ESQ.US,60,20210610,180000,25.2,25.2,25.16,25.16,344,0
ESQ.US,60,20210610,200000,25.09,25.09,25.09,25.09,100,0
ESQ.US,60,20210610,210000,25.22,25.22,25.22,25.22,214,0
ESQ.US,60,20210610,220000,24.99,25.07,24.91,25.03,4377,0
ESQ.US,60,20210611,200000,24.92,24.92,24.92,24.92,200,0
ESQ.US,60,20210611,210000,24.94,24.95,24.94,24.95,400,0
ESQ.US,60,20210611,220000,24.95,25.14,24.95,25,3297,0
ESQ.US,60,20210614,170000,25.32,25.3546,25,25,4103,0
ESQ.US,60,20210614,180000,24.99,24.99,24.99,24.99,100,0
ESQ.US,60,20210614,190000,25.02,25.02,24.97,24.97,1132,0
ESQ.US,60,20210614,200000,25.04,25.105,24.97,24.97,1560,0
ESQ.US,60,20210614,210000,24.38,24.545,23.76,23.85,1200,0
ESQ.US,60,20210614,220000,23.83,24.7665,23.805,24.42,9710,0
ESQ.US,60,20210615,160000,24.16,24.16,24.16,24.16,100,0
ESQ.US,60,20210615,170000,24.54,24.55,24.23,24.23,410,0
ESQ.US,60,20210615,180000,24.26,24.26,24.26,24.26,700,0
ESQ.US,60,20210615,190000,24.26,24.6537,24.26,24.6537,2417,0
ESQ.US,60,20210615,200000,24.72,24.72,24.55,24.59,300,0
ESQ.US,60,20210615,210000,24.57,24.745,24.57,24.64,834,0
ESQ.US,60,20210615,220000,24.5,24.5,24.3,24.4,6414,0
ESQ.US,60,20210616,160000,24.52,24.9,24.39,24.9,327,0
ESQ.US,60,20210616,170000,24.64,24.64,24.37,24.4,600,0
ESQ.US,60,20210616,180000,24.445,24.53,24.445,24.53,400,0
ESQ.US,60,20210616,190000,24.445,24.45,24.43,24.43,700,0
ESQ.US,60,20210616,200000,24.5,24.52,24.445,24.52,1600,0
ESQ.US,60,20210616,210000,24.36,25.15,24.36,25,4000,0
ESQ.US,60,20210616,220000,24.81,25.125,24.81,24.82,8104,0
ESQ.US,60,20210617,160000,24.95,25.22,24.82,24.82,1062,0
ESQ.US,60,20210617,170000,25.22,25.22,24.81,24.81,800,0
ESQ.US,60,20210617,180000,24.83,24.83,24.405,24.405,4230,0
ESQ.US,60,20210617,190000,24.45,24.5,24.45,24.5,2222,0
ESQ.US,60,20210617,200000,24.48,24.53,24.43,24.43,600,0
ESQ.US,60,20210617,210000,24.41,24.41,24.14,24.14,800,0
ESQ.US,60,20210617,220000,24.21,24.3,23.82,23.82,3888,0
ESQ.US,60,20210618,160000,23.91,24.42,23.91,23.91,9522,0
ESQ.US,60,20210618,170000,23.91,24.48,23.81,23.81,557,0
ESQ.US,60,20210618,180000,23.82,24.19,23.81,24.19,525,0
ESQ.US,60,20210618,190000,23.81,23.96,23.81,23.81,400,0
ESQ.US,60,20210618,200000,23.81,23.89,23.81,23.865,800,0
ESQ.US,60,20210618,210000,23.81,23.86,23.44,23.44,4710,0
ESQ.US,60,20210618,220000,23.605,23.78,23.5,23.78,6659,0
ESQ.US,60,20210621,160000,23.73,25.21,23.73,23.73,300,0
ESQ.US,60,20210621,170000,23.855,24.2,23.61,23.61,1715,0
ESQ.US,60,20210621,180000,23.61,23.75,23.61,23.75,2300,0
ESQ.US,60,20210621,190000,23.695,23.7,23.58,23.61,1512,0
ESQ.US,60,20210621,200000,23.61,23.6895,23.61,23.61,2995,0
ESQ.US,60,20210621,210000,23.645,23.985,23.635,23.985,2280,0
ESQ.US,60,20210621,220000,23.75,24.02,23.65,23.72,11805,0
ESQ.US,60,20210622,170000,23.85,23.99,23.84,23.905,600,0
ESQ.US,60,20210622,180000,23.905,23.905,23.875,23.875,400,0
ESQ.US,60,20210622,190000,23.78,24.16,23.78,24.06,1813,0
ESQ.US,60,20210622,200000,23.845,23.91,23.845,23.9,600,0
ESQ.US,60,20210622,210000,23.845,24.08,23.845,23.98,1411,0
ESQ.US,60,20210622,220000,24.04,24.19,23.85,24.06,7946,0
ESQ.US,60,20210623,160000,26.019,26.019,23.96,24.43,2409,0
ESQ.US,60,20210623,170000,24.5,24.99,24.3,24.3575,3968,0
ESQ.US,60,20210623,180000,24.43,24.69,24.3525,24.41,1800,0
ESQ.US,60,20210623,190000,24.42,24.685,24.36,24.4,1446,0
ESQ.US,60,20210623,200000,24.35,24.35,24.02,24.18,700,0
ESQ.US,60,20210623,210000,24.165,24.295,23.94,24.295,4213,0
ESQ.US,60,20210623,220000,24.075,24.365,23.9,24.04,12064,0
ESQ.US,60,20210624,170000,24.08,24.08,23.82,23.95,8734,0
ESQ.US,60,20210624,180000,23.965,24.05,23.82,23.91,9097,0
ESQ.US,60,20210624,190000,23.9,24,23.79,24,6132,0
ESQ.US,60,20210624,200000,24,24.01,23.835,23.905,21861,0
ESQ.US,60,20210624,210000,23.97,24.125,23.87,23.93,3843,0
ESQ.US,60,20210624,220000,23.94,24.075,23.92,24.06,20510,0
ESQ.US,60,20210625,160000,24.03,24.11,23.95,23.95,2227,0
ESQ.US,60,20210625,170000,23.95,24.05,23.9,23.92,6597,0
ESQ.US,60,20210625,180000,24.01,24.01,23.91,23.95,2500,0
ESQ.US,60,20210625,190000,23.95,24,23.86,23.86,4300,0
ESQ.US,60,20210625,200000,23.85,23.98,23.85,23.9,4853,0
ESQ.US,60,20210625,210000,23.88,23.89,23.78,23.8,4398,0
ESQ.US,60,20210625,220000,23.8,24.15,23.78,23.95,564398,0
ESQ.US,60,20210628,160000,24.05,24.355,24,24.06,987,0
ESQ.US,60,20210628,170000,24.08,24.2,24,24.01,3943,0
ESQ.US,60,20210628,180000,24.195,24.195,23.95,24,7038,0
ESQ.US,60,20210628,190000,24,24,23.76,23.76,88595,0
ESQ.US,60,20210628,200000,23.75,23.77,23.75,23.75,2893,0
ESQ.US,60,20210628,210000,23.75,23.83,23.75,23.75,9365,0
ESQ.US,60,20210628,220000,23.83,23.83,23.4,23.66,11012,0
ESQ.US,60,20210629,160000,23.69,23.98,23.69,23.81,900,0
ESQ.US,60,20210629,170000,23.78,23.78,23.78,23.78,224,0
ESQ.US,60,20210629,180000,23.75,23.76,23.6,23.7,8176,0
ESQ.US,60,20210629,200000,23.73,23.73,23.6,23.64,8383,0
ESQ.US,60,20210629,210000,23.68,23.71,23.65,23.69,5662,0
ESQ.US,60,20210629,220000,23.7,23.75,23.7,23.7,3878,0
ESQ.US,60,20210630,170000,23.95,24.47,23.911,24.22,1296,0
ESQ.US,60,20210630,180000,24.2,24.2,24.08,24.1,1110,0
ESQ.US,60,20210630,200000,24.16,24.19,23.87,24.17,5020,0
ESQ.US,60,20210630,210000,24.17,24.17,23.7,23.71,4054,0
ESQ.US,60,20210630,220000,23.71,23.91,23.7,23.7,14965,0
ESQ.US,60,20210701,170000,23.8,23.81,23.8,23.8,1287,0
ESQ.US,60,20210701,180000,23.86,23.86,23.86,23.86,631,0
ESQ.US,60,20210701,190000,23.86,23.86,23.8,23.8,5557,0
ESQ.US,60,20210701,200000,23.8,23.85,23.78,23.8,2074,0
ESQ.US,60,20210701,210000,23.8,23.815,23.66,23.8,2843,0
ESQ.US,60,20210701,220000,23.87,23.88,23.8,23.81,6813,0
ESQ.US,60,20210702,200000,23.8,23.8,23.8,23.8,392,0
ESQ.US,60,20210702,210000,23.8,23.85,23.8,23.8,4738,0
ESQ.US,60,20210702,220000,23.8,23.92,23.8,23.81,3478,0
ESQ.US,60,20210706,160000,24.07,24.07,24.07,24.07,1137,0
ESQ.US,60,20210706,170000,23.71,23.72,23.64,23.71,1646,0
ESQ.US,60,20210706,180000,23.67,23.7,23.63,23.63,300,0
ESQ.US,60,20210706,220000,23.795,23.84,23.65,23.78,5052,0
ESQ.US,60,20210707,200000,24.1,24.1,24.1,24.1,100,0
ESQ.US,60,20210707,210000,23.67,23.67,23.28,23.36,8297,0
ESQ.US,60,20210707,220000,23.41,23.46,23.41,23.45,14568,0
ESQ.US,60,20210708,160000,23.25,23.3,23.25,23.25,423,0
ESQ.US,60,20210708,180000,23.275,23.3,23.275,23.3,200,0
ESQ.US,60,20210708,190000,23.26,23.26,23.26,23.26,100,0
ESQ.US,60,20210708,200000,23.29,23.29,23.16,23.2,12621,0
ESQ.US,60,20210708,210000,23.24,23.24,23.2,23.205,500,0
ESQ.US,60,20210708,220000,23.25,23.29,23.16,23.17,14256,0
ESQ.US,60,20210709,160000,23.18,23.26,23.18,23.22,907,0
ESQ.US,60,20210709,170000,23.425,23.53,23.35,23.47,3757,0
ESQ.US,60,20210709,180000,23.395,23.4775,23.35,23.35,2200,0
ESQ.US,60,20210709,190000,23.4,23.4,23.35,23.35,1211,0
ESQ.US,60,20210709,200000,23.39,23.48,23.27,23.385,6352,0
ESQ.US,60,20210709,210000,23.4,23.585,23.23,23.35,4816,0
ESQ.US,60,20210709,220000,23.415,23.47,22.95,23.18,22562,0
