<TICKER>,<PER>,<DATE>,<TIME>,<OPEN>,<HIGH>,<LOW>,<CLOSE>,<VOL>,<OPENINT>
FFBC.US,60,20200914,160000,12.677,12.843,12.609,12.775,19072,0
FFBC.US,60,20200914,170000,12.814,12.97,12.755,12.902,33993,0
FFBC.US,60,20200914,180000,12.892,12.932,12.833,12.833,33925,0
FFBC.US,60,20200914,190000,12.833,12.932,12.833,12.917,32511,0
FFBC.US,60,20200914,200000,12.932,12.95,12.785,12.805,25148,0
FFBC.US,60,20200914,210000,12.805,12.892,12.795,12.882,35825,0
FFBC.US,60,20200914,220000,12.882,12.882,12.785,12.814,128287,0
FFBC.US,60,20200915,160000,12.99,13.181,12.59,12.707,34530,0
FFBC.US,60,20200915,170000,12.677,12.98,12.677,12.912,47887,0
FFBC.US,60,20200915,180000,12.922,12.932,12.658,12.658,44839,0
FFBC.US,60,20200915,190000,12.658,12.667,12.58,12.619,16007,0
FFBC.US,60,20200915,200000,12.629,12.687,12.609,12.638,17916,0
FFBC.US,60,20200915,210000,12.638,12.745,12.634,12.707,31753,0
FFBC.US,60,20200915,220000,12.697,12.707,12.57,12.599,92314,0
FFBC.US,60,20200916,160000,12.531,12.58,12.404,12.482,27617,0
FFBC.US,60,20200916,170000,12.502,12.707,12.492,12.697,32731,0
FFBC.US,60,20200916,180000,12.687,12.814,12.687,12.735,20904,0
FFBC.US,60,20200916,190000,12.785,12.843,12.755,12.785,27734,0
FFBC.US,60,20200916,200000,12.775,12.833,12.745,12.795,20014,0
FFBC.US,60,20200916,210000,12.785,12.927,12.755,12.853,23171,0
FFBC.US,60,20200916,220000,12.863,12.868,12.648,12.677,277660,0
FFBC.US,60,20200917,160000,12.54,12.717,12.467,12.619,21034,0
FFBC.US,60,20200917,170000,12.658,12.727,12.521,12.54,14236,0
FFBC.US,60,20200917,180000,12.55,12.59,12.512,12.55,20667,0
FFBC.US,60,20200917,190000,12.531,12.658,12.492,12.638,16050,0
FFBC.US,60,20200917,200000,12.638,12.687,12.599,12.648,21710,0
FFBC.US,60,20200917,210000,12.648,12.707,12.638,12.672,41701,0
FFBC.US,60,20200917,220000,12.672,12.717,12.531,12.54,270167,0
FFBC.US,60,20200918,160000,12.59,12.59,12.413,12.424,156473,0
FFBC.US,60,20200918,170000,12.419,12.629,12.414,12.545,33449,0
FFBC.US,60,20200918,180000,12.531,12.55,12.409,12.409,25916,0
FFBC.US,60,20200918,190000,12.414,12.424,12.365,12.424,74209,0
FFBC.US,60,20200918,200000,12.434,12.482,12.374,12.482,27351,0
FFBC.US,60,20200918,210000,12.492,12.619,12.462,12.609,23205,0
FFBC.US,60,20200918,220000,12.599,12.619,12.414,12.521,118328,0
FFBC.US,60,20200921,160000,12.209,12.492,12.15,12.287,9079,0
FFBC.US,60,20200921,170000,12.335,12.394,12.067,12.067,26768,0
FFBC.US,60,20200921,180000,12.052,12.067,11.867,11.926,46163,0
FFBC.US,60,20200921,190000,11.916,11.944,11.73,11.769,48595,0
FFBC.US,60,20200921,200000,11.769,11.818,11.711,11.73,31822,0
FFBC.US,60,20200921,210000,11.721,11.789,11.671,11.739,42561,0
FFBC.US,60,20200921,220000,11.721,11.847,11.711,11.837,242117,0
FFBC.US,60,20200922,160000,11.886,12.062,11.789,11.789,11138,0
FFBC.US,60,20200922,170000,11.701,11.779,11.593,11.593,38319,0
FFBC.US,60,20200922,180000,11.593,11.633,11.547,11.554,35428,0
FFBC.US,60,20200922,190000,11.554,11.588,11.486,11.535,40028,0
FFBC.US,60,20200922,200000,11.535,11.651,11.506,11.603,22902,0
FFBC.US,60,20200922,210000,11.623,11.681,11.564,11.574,17079,0
FFBC.US,60,20200922,220000,11.564,11.579,11.496,11.535,293593,0
FFBC.US,60,20200923,160000,11.603,11.896,11.603,11.789,19667,0
FFBC.US,60,20200923,170000,11.779,11.779,11.544,11.633,21772,0
FFBC.US,60,20200923,180000,11.593,11.642,11.506,11.535,20877,0
FFBC.US,60,20200923,190000,11.525,11.574,11.504,11.515,21160,0
FFBC.US,60,20200923,200000,11.515,11.525,11.378,11.466,34911,0
FFBC.US,60,20200923,210000,11.446,11.476,11.3,11.32,84699,0
FFBC.US,60,20200923,220000,11.32,11.339,11.125,11.135,266321,0
FFBC.US,60,20200924,160000,11.183,11.213,11.027,11.12,13266,0
FFBC.US,60,20200924,170000,11.135,11.418,11.135,11.291,22804,0
FFBC.US,60,20200924,180000,11.32,11.324,11.173,11.3,16096,0
FFBC.US,60,20200924,190000,11.3,11.446,11.291,11.436,14581,0
FFBC.US,60,20200924,200000,11.446,11.593,11.436,11.486,38862,0
FFBC.US,60,20200924,210000,11.506,11.506,11.291,11.291,24196,0
FFBC.US,60,20200924,220000,11.3,11.349,11.222,11.291,168226,0
FFBC.US,60,20200925,160000,11.046,11.398,11.046,11.344,7999,0
FFBC.US,60,20200925,170000,11.339,11.436,11.31,11.388,19726,0
FFBC.US,60,20200925,180000,11.378,11.378,11.241,11.271,17313,0
FFBC.US,60,20200925,190000,11.281,11.436,11.271,11.436,12216,0
FFBC.US,60,20200925,200000,11.408,11.446,11.359,11.408,27217,0
FFBC.US,60,20200925,210000,11.408,11.428,11.368,11.398,15217,0
FFBC.US,60,20200925,220000,11.398,11.486,11.388,11.428,143793,0
FFBC.US,60,20200928,160000,11.603,11.867,11.574,11.696,10439,0
FFBC.US,60,20200928,170000,11.749,11.896,11.735,11.833,32535,0
FFBC.US,60,20200928,180000,11.852,11.867,11.764,11.857,16810,0
FFBC.US,60,20200928,190000,11.876,11.944,11.828,11.837,31909,0
FFBC.US,60,20200928,200000,11.828,11.828,11.739,11.789,33644,0
FFBC.US,60,20200928,210000,11.789,11.935,11.789,11.935,17897,0
FFBC.US,60,20200928,220000,11.926,11.926,11.779,11.798,118637,0
FFBC.US,60,20200929,160000,11.701,11.739,11.535,11.613,14633,0
FFBC.US,60,20200929,170000,11.608,11.691,11.418,11.436,27563,0
FFBC.US,60,20200929,180000,11.446,11.446,11.3,11.31,20291,0
FFBC.US,60,20200929,190000,11.32,11.486,11.291,11.446,16278,0
FFBC.US,60,20200929,200000,11.456,11.506,11.388,11.486,19589,0
FFBC.US,60,20200929,210000,11.506,11.564,11.466,11.544,16158,0
FFBC.US,60,20200929,220000,11.554,11.633,11.554,11.574,75985,0
FFBC.US,60,20200930,160000,11.681,11.926,11.681,11.789,15807,0
FFBC.US,60,20200930,170000,11.789,11.916,11.754,11.867,27507,0
FFBC.US,60,20200930,180000,11.847,11.857,11.725,11.764,11101,0
FFBC.US,60,20200930,190000,11.779,11.935,11.779,11.906,24370,0
FFBC.US,60,20200930,200000,11.911,11.911,11.847,11.847,8318,0
FFBC.US,60,20200930,210000,11.857,11.916,11.642,11.744,43109,0
FFBC.US,60,20200930,220000,11.739,11.759,11.623,11.725,226346,0
FFBC.US,60,20201001,160000,11.701,11.896,11.701,11.721,12446,0
FFBC.US,60,20201001,170000,11.691,11.711,11.574,11.642,15780,0
FFBC.US,60,20201001,180000,11.661,11.681,11.603,11.633,6583,0
FFBC.US,60,20201001,190000,11.623,11.739,11.603,11.73,7797,0
FFBC.US,60,20201001,200000,11.721,11.794,11.676,11.681,21140,0
FFBC.US,60,20201001,210000,11.681,11.769,11.583,11.739,18322,0
FFBC.US,60,20201001,220000,11.739,11.789,11.661,11.789,133083,0
FFBC.US,60,20201002,160000,11.716,11.779,11.613,11.722,2764,0
FFBC.US,60,20201002,170000,11.721,11.847,11.711,11.749,4607,0
FFBC.US,60,20201002,180000,11.744,11.916,11.73,11.896,36427,0
FFBC.US,60,20201002,190000,11.935,12.067,11.935,12.062,25924,0
FFBC.US,60,20201002,200000,12.091,12.101,11.916,11.916,9089,0
FFBC.US,60,20201002,210000,11.931,12.111,11.931,12.042,28986,0
FFBC.US,60,20201002,220000,12.033,12.14,12.033,12.052,153414,0
FFBC.US,60,20201005,160000,12.316,13.068,12.277,12.677,68606,0
FFBC.US,60,20201005,170000,12.697,12.819,12.521,12.735,76426,0
FFBC.US,60,20201005,180000,12.732,12.843,12.707,12.707,39671,0
FFBC.US,60,20201005,190000,12.697,12.697,12.58,12.58,27016,0
FFBC.US,60,20201005,200000,12.57,12.614,12.54,12.59,16461,0
FFBC.US,60,20201005,210000,12.59,12.74,12.59,12.74,26985,0
FFBC.US,60,20201005,220000,12.755,12.882,12.753,12.805,222879,0
FFBC.US,60,20201006,160000,12.99,13.088,12.892,12.892,12480,0
FFBC.US,60,20201006,170000,12.96,13.156,12.932,13.136,20154,0
FFBC.US,60,20201006,180000,13.146,13.381,13.141,13.283,46204,0
FFBC.US,60,20201006,190000,13.303,13.341,13.243,13.332,43651,0
FFBC.US,60,20201006,200000,13.332,13.43,13.332,13.41,36149,0
FFBC.US,60,20201006,210000,13.41,13.576,13.088,13.117,36848,0
FFBC.US,60,20201006,220000,13.127,13.127,12.853,12.922,273409,0
FFBC.US,60,20201007,160000,13.117,13.42,13.058,13.4,19195,0
FFBC.US,60,20201007,170000,13.39,13.468,13.175,13.234,25260,0
FFBC.US,60,20201007,180000,13.234,13.253,13.102,13.127,23482,0
FFBC.US,60,20201007,190000,13.127,13.146,13.038,13.088,27771,0
FFBC.US,60,20201007,200000,13.088,13.195,13.033,13.107,26911,0
FFBC.US,60,20201007,210000,13.097,13.234,13.097,13.175,35245,0
FFBC.US,60,20201007,220000,13.185,13.341,13.185,13.283,203851,0
FFBC.US,60,20201008,160000,13.468,13.644,13.273,13.4,16893,0
FFBC.US,60,20201008,170000,13.41,13.536,13.336,13.41,22771,0
FFBC.US,60,20201008,180000,13.41,13.42,13.243,13.283,13032,0
FFBC.US,60,20201008,190000,13.253,13.376,13.253,13.308,9733,0
FFBC.US,60,20201008,200000,13.293,13.39,13.293,13.39,8932,0
FFBC.US,60,20201008,210000,13.39,13.468,13.381,13.42,10239,0
FFBC.US,60,20201008,220000,13.41,13.546,13.41,13.518,133200,0
FFBC.US,60,20201009,160000,13.605,13.673,13.518,13.546,8392,0
FFBC.US,60,20201009,170000,13.546,13.605,13.322,13.322,18186,0
FFBC.US,60,20201009,180000,13.341,13.566,13.341,13.518,13712,0
FFBC.US,60,20201009,190000,13.498,13.586,13.458,13.556,28937,0
FFBC.US,60,20201009,200000,13.528,13.556,13.498,13.528,43956,0
FFBC.US,60,20201009,210000,13.528,13.576,13.498,13.536,36539,0
FFBC.US,60,20201009,220000,13.528,13.546,13.361,13.371,111042,0
FFBC.US,60,20201012,160000,13.371,13.508,13.351,13.439,9303,0
FFBC.US,60,20201012,170000,13.458,13.556,13.4,13.42,10316,0
FFBC.US,60,20201012,180000,13.439,13.576,13.439,13.541,21906,0
FFBC.US,60,20201012,190000,13.528,13.566,13.481,13.546,21603,0
FFBC.US,60,20201012,200000,13.536,13.546,13.488,13.536,10710,0
FFBC.US,60,20201012,210000,13.528,13.625,13.518,13.625,19710,0
FFBC.US,60,20201012,220000,13.625,13.742,13.596,13.732,149723,0
FFBC.US,60,20201013,160000,13.634,13.634,13.381,13.4,15528,0
FFBC.US,60,20201013,170000,13.42,13.468,13.175,13.215,16919,0
FFBC.US,60,20201013,180000,13.243,13.253,13.175,13.234,10892,0
FFBC.US,60,20201013,190000,13.225,13.341,13.185,13.341,18677,0
FFBC.US,60,20201013,200000,13.341,13.371,13.303,13.303,12177,0
FFBC.US,60,20201013,210000,13.303,13.317,13.195,13.225,33055,0
FFBC.US,60,20201013,220000,13.215,13.273,13.185,13.185,147007,0
FFBC.US,60,20201014,160000,13.225,13.4,13.151,13.205,20619,0
FFBC.US,60,20201014,170000,13.234,13.234,13.127,13.195,36123,0
FFBC.US,60,20201014,180000,13.18,13.195,13.078,13.117,25734,0
FFBC.US,60,20201014,190000,13.136,13.19,13.097,13.117,9124,0
FFBC.US,60,20201014,200000,13.117,13.185,13.068,13.068,22845,0
FFBC.US,60,20201014,210000,13.048,13.059,12.98,12.98,12754,0
FFBC.US,60,20201014,220000,12.99,13.019,12.873,12.902,104242,0
FFBC.US,60,20201015,160000,12.717,12.892,12.707,12.863,10712,0
FFBC.US,60,20201015,170000,12.863,13.02,12.853,12.97,30800,0
FFBC.US,60,20201015,180000,13,13.185,12.96,13.117,26072,0
FFBC.US,60,20201015,190000,13.117,13.205,13.068,13.195,19173,0
FFBC.US,60,20201015,200000,13.195,13.293,13.17,13.263,27414,0
FFBC.US,60,20201015,210000,13.293,13.293,13.205,13.243,21871,0
FFBC.US,60,20201015,220000,13.268,13.341,13.225,13.332,132050,0
FFBC.US,60,20201016,160000,13.205,13.371,13.048,13.048,17801,0
FFBC.US,60,20201016,170000,13.107,13.185,12.98,13.156,12649,0
FFBC.US,60,20201016,180000,13.146,13.351,13.127,13.303,9591,0
FFBC.US,60,20201016,190000,13.293,13.293,13.131,13.175,10079,0
FFBC.US,60,20201016,200000,13.195,13.215,13.166,13.185,8593,0
FFBC.US,60,20201016,210000,13.185,13.234,13.175,13.234,16478,0
FFBC.US,60,20201016,220000,13.243,13.243,13.185,13.225,63019,0
FFBC.US,60,20201019,160000,13.39,13.39,13.175,13.361,16663,0
FFBC.US,60,20201019,170000,13.361,13.43,13.273,13.39,21587,0
FFBC.US,60,20201019,180000,13.39,13.395,13.293,13.293,9627,0
FFBC.US,60,20201019,190000,13.273,13.273,13.185,13.205,4995,0
FFBC.US,60,20201019,200000,13.2,13.263,13.2,13.239,5652,0
FFBC.US,60,20201019,210000,13.243,13.273,13.146,13.146,7743,0
FFBC.US,60,20201019,220000,13.141,13.156,13.058,13.097,76296,0
FFBC.US,60,20201020,160000,13.293,13.536,13.273,13.528,9691,0
FFBC.US,60,20201020,170000,13.536,13.546,13.381,13.43,29401,0
FFBC.US,60,20201020,180000,13.41,13.458,13.322,13.381,9837,0
FFBC.US,60,20201020,190000,13.351,13.576,13.303,13.576,18029,0
FFBC.US,60,20201020,200000,13.586,13.625,13.488,13.508,40410,0
FFBC.US,60,20201020,210000,13.528,13.536,13.449,13.449,15750,0
FFBC.US,60,20201020,220000,13.439,13.458,13.303,13.4,56940,0
FFBC.US,60,20201021,160000,13.458,13.518,13.293,13.458,4515,0
FFBC.US,60,20201021,170000,13.41,13.576,13.381,13.476,12588,0
FFBC.US,60,20201021,180000,13.458,13.541,13.41,13.449,20475,0
FFBC.US,60,20201021,190000,13.439,13.483,13.381,13.405,11592,0
FFBC.US,60,20201021,200000,13.42,13.458,13.332,13.41,6495,0
FFBC.US,60,20201021,210000,13.403,13.478,13.39,13.468,7827,0
FFBC.US,60,20201021,220000,13.468,13.566,13.439,13.528,121958,0
FFBC.US,60,20201022,160000,13.596,13.908,13.449,13.908,18085,0
FFBC.US,60,20201022,170000,13.908,14.191,13.908,14.152,47328,0
FFBC.US,60,20201022,180000,14.162,14.196,14.084,14.152,37927,0
FFBC.US,60,20201022,190000,14.142,14.24,14.084,14.152,59173,0
FFBC.US,60,20201022,200000,14.152,14.299,14.152,14.249,50667,0
FFBC.US,60,20201022,210000,14.249,14.397,14.221,14.289,49215,0
FFBC.US,60,20201022,220000,14.269,14.289,14.162,14.211,117164,0
FFBC.US,60,20201023,160000,14.357,14.875,14.162,14.367,44652,0
FFBC.US,60,20201023,170000,14.44,14.44,13.966,13.996,17583,0
FFBC.US,60,20201023,180000,13.957,14.094,13.791,14.094,25635,0
FFBC.US,60,20201023,190000,14.054,14.054,13.693,13.742,25471,0
FFBC.US,60,20201023,200000,13.781,13.976,13.713,13.966,19467,0
FFBC.US,60,20201023,210000,13.986,14.142,13.976,14.108,13547,0
FFBC.US,60,20201023,220000,14.142,14.211,14.113,14.162,84177,0
FFBC.US,60,20201026,150000,14.006,14.142,13.869,14.123,11692,0
FFBC.US,60,20201026,160000,14.123,14.269,14.044,14.196,46459,0
FFBC.US,60,20201026,170000,14.221,14.319,14.162,14.201,27832,0
FFBC.US,60,20201026,180000,14.201,14.201,14.054,14.118,21113,0
FFBC.US,60,20201026,190000,14.129,14.132,14.034,14.132,21138,0
FFBC.US,60,20201026,200000,14.113,14.309,14.108,14.254,40107,0
FFBC.US,60,20201026,210000,14.279,14.435,14.249,14.416,72156,0
FFBC.US,60,20201027,150000,14.259,14.337,14.191,14.299,12246,0
FFBC.US,60,20201027,160000,14.279,14.328,14.044,14.044,12971,0
FFBC.US,60,20201027,170000,14.063,14.094,13.991,14.054,23760,0
FFBC.US,60,20201027,180000,14.026,14.094,13.986,14.006,17444,0
FFBC.US,60,20201027,190000,14.011,14.074,13.947,14.006,27377,0
FFBC.US,60,20201027,200000,14.016,14.079,14.011,14.054,32101,0
FFBC.US,60,20201027,210000,14.054,14.074,13.928,13.937,152332,0
FFBC.US,60,20201028,150000,13.625,13.947,13.361,13.664,22055,0
FFBC.US,60,20201028,160000,13.683,13.683,13.449,13.478,28136,0
FFBC.US,60,20201028,170000,13.458,13.693,13.458,13.693,23232,0
FFBC.US,60,20201028,180000,13.713,13.751,13.478,13.546,27031,0
FFBC.US,60,20201028,190000,13.536,13.536,13.439,13.478,24675,0
FFBC.US,60,20201028,200000,13.43,13.528,13.361,13.518,28232,0
FFBC.US,60,20201028,210000,13.508,13.551,13.449,13.458,94232,0
FFBC.US,60,20201029,150000,13.4,13.488,13.156,13.43,11859,0
FFBC.US,60,20201029,160000,13.43,13.644,13.293,13.571,14255,0
FFBC.US,60,20201029,170000,13.596,13.605,13.528,13.605,5308,0
FFBC.US,60,20201029,180000,13.546,13.546,13.42,13.439,9059,0
FFBC.US,60,20201029,190000,13.42,13.634,13.361,13.634,15479,0
FFBC.US,60,20201029,200000,13.625,13.723,13.625,13.723,18595,0
FFBC.US,60,20201029,210000,13.723,13.811,13.634,13.732,144604,0
FFBC.US,60,20201030,150000,13.713,13.976,13.683,13.947,9525,0
FFBC.US,60,20201030,160000,13.966,14.016,13.879,13.937,10764,0
FFBC.US,60,20201030,170000,13.898,14.059,13.898,13.957,10620,0
FFBC.US,60,20201030,180000,13.991,14.006,13.869,13.888,13814,0
FFBC.US,60,20201030,190000,13.879,13.937,13.848,13.937,8435,0
FFBC.US,60,20201030,200000,13.947,14.026,13.869,13.932,20364,0
FFBC.US,60,20201030,210000,13.918,13.976,13.791,13.958,45267,0
FFBC.US,60,20201102,160000,14.162,14.269,13.918,14.032,7358,0
FFBC.US,60,20201102,170000,14.094,14.236,14.044,14.064,19624,0
FFBC.US,60,20201102,180000,14.099,14.309,14.099,14.221,25817,0
FFBC.US,60,20201102,190000,14.259,14.289,14.123,14.181,7059,0
FFBC.US,60,20201102,200000,14.181,14.181,14.084,14.132,9332,0
FFBC.US,60,20201102,210000,14.123,14.319,14.123,14.309,11234,0
FFBC.US,60,20201102,220000,14.309,14.357,14.231,14.269,105284,0
FFBC.US,60,20201103,160000,14.64,14.757,14.504,14.757,18366,0
FFBC.US,60,20201103,170000,14.767,14.777,14.562,14.738,27572,0
FFBC.US,60,20201103,180000,14.757,14.885,14.738,14.787,31136,0
FFBC.US,60,20201103,190000,14.787,14.817,14.572,14.577,20753,0
FFBC.US,60,20201103,200000,14.562,14.631,14.562,14.602,20498,0
FFBC.US,60,20201103,210000,14.611,14.743,14.607,14.729,40042,0
FFBC.US,60,20201103,220000,14.729,14.855,14.66,14.738,139627,0
FFBC.US,60,20201104,160000,14.328,14.328,13.606,13.879,18113,0
FFBC.US,60,20201104,170000,13.976,14.044,13.673,13.859,18052,0
FFBC.US,60,20201104,180000,13.884,14.031,13.849,14.016,32839,0
FFBC.US,60,20201104,190000,13.996,14.084,13.918,13.942,15175,0
FFBC.US,60,20201104,200000,13.937,13.962,13.732,13.742,10425,0
FFBC.US,60,20201104,210000,13.761,13.761,13.644,13.669,12424,0
FFBC.US,60,20201104,220000,13.669,13.669,13.488,13.536,101361,0
FFBC.US,60,20201105,160000,13.683,13.928,13.644,13.801,7226,0
FFBC.US,60,20201105,170000,13.82,14.084,13.801,13.957,45254,0
FFBC.US,60,20201105,180000,13.906,13.966,13.781,13.937,48100,0
FFBC.US,60,20201105,190000,13.937,13.937,13.839,13.898,31815,0
FFBC.US,60,20201105,200000,13.898,14.034,13.898,13.961,35809,0
FFBC.US,60,20201105,210000,13.966,14.035,13.898,13.928,34960,0
FFBC.US,60,20201105,220000,13.986,14.016,13.903,13.957,117964,0
FFBC.US,60,20201106,160000,13.947,14.162,13.879,14.006,19813,0
FFBC.US,60,20201106,170000,14.001,14.172,13.991,14.064,48128,0
FFBC.US,60,20201106,180000,14.084,14.132,13.986,13.986,65145,0
FFBC.US,60,20201106,190000,13.976,13.986,13.855,13.855,11247,0
FFBC.US,60,20201106,200000,13.825,13.888,13.825,13.839,6804,0
FFBC.US,60,20201106,210000,13.839,13.859,13.632,13.632,9791,0
FFBC.US,60,20201106,220000,13.634,13.742,13.605,13.683,94845,0
FFBC.US,60,20201109,160000,14.845,16.242,14.845,15.856,37324,0
FFBC.US,60,20201109,170000,15.813,16.359,15.813,16.359,49650,0
FFBC.US,60,20201109,180000,16.34,16.379,16.037,16.106,55812,0
FFBC.US,60,20201109,190000,16.116,16.535,16.076,16.506,64887,0
FFBC.US,60,20201109,200000,16.506,16.711,16.506,16.614,36257,0
FFBC.US,60,20201109,210000,16.594,16.662,16.533,16.642,56520,0
FFBC.US,60,20201109,220000,16.624,16.721,16.174,16.213,251683,0
FFBC.US,60,20201110,160000,16.496,16.73,16.291,16.721,12056,0
FFBC.US,60,20201110,170000,16.75,16.877,16.702,16.779,30941,0
FFBC.US,60,20201110,180000,16.799,16.867,16.584,16.632,16116,0
FFBC.US,60,20201110,190000,16.624,16.73,16.584,16.672,25688,0
FFBC.US,60,20201110,200000,16.672,16.97,16.672,16.945,30063,0
FFBC.US,60,20201110,210000,16.935,17.004,16.887,16.994,23993,0
FFBC.US,60,20201110,220000,16.985,17.053,16.614,16.662,323539,0
FFBC.US,60,20201111,160000,16.73,16.76,16.056,16.056,8744,0
FFBC.US,60,20201111,170000,15.998,16.086,15.841,15.861,9326,0
FFBC.US,60,20201111,180000,15.861,16.116,15.861,16.008,12301,0
FFBC.US,60,20201111,190000,15.983,16.037,15.91,16.028,11235,0
FFBC.US,60,20201111,200000,16.037,16.037,15.91,15.959,16841,0
FFBC.US,60,20201111,210000,15.959,15.988,15.841,15.92,25752,0
FFBC.US,60,20201111,220000,15.911,16.076,15.841,16.047,151042,0
FFBC.US,60,20201112,160000,15.686,15.841,15.431,15.548,7885,0
FFBC.US,60,20201112,170000,15.548,15.813,15.461,15.813,24415,0
FFBC.US,60,20201112,180000,15.803,15.851,15.646,15.646,25589,0
FFBC.US,60,20201112,190000,15.636,15.773,15.588,15.603,21596,0
FFBC.US,60,20201112,200000,15.598,15.651,15.373,15.618,25264,0
FFBC.US,60,20201112,210000,15.618,15.627,15.466,15.495,43336,0
FFBC.US,60,20201112,220000,15.481,15.676,15.471,15.666,178074,0
FFBC.US,60,20201113,160000,15.901,16.096,15.793,15.929,14388,0
FFBC.US,60,20201113,170000,15.974,16.184,15.929,15.939,14843,0
FFBC.US,60,20201113,180000,15.979,16.037,15.871,15.871,9873,0
FFBC.US,60,20201113,190000,15.891,15.929,15.793,15.896,25553,0
FFBC.US,60,20201113,200000,15.91,16.008,15.851,16.008,25080,0
FFBC.US,60,20201113,210000,16.008,16.194,15.988,16.184,24576,0
FFBC.US,60,20201113,220000,16.159,16.223,16.028,16.076,84938,0
FFBC.US,60,20201116,160000,16.75,17.15,16.594,16.692,25062,0
FFBC.US,60,20201116,170000,16.74,17.082,16.642,17.004,47579,0
FFBC.US,60,20201116,180000,16.994,17.038,16.847,16.955,28873,0
FFBC.US,60,20201116,190000,16.965,16.975,16.721,16.76,26478,0
FFBC.US,60,20201116,200000,16.76,16.833,16.711,16.721,39044,0
FFBC.US,60,20201116,210000,16.702,16.926,16.662,16.926,32679,0
FFBC.US,60,20201116,220000,16.912,17.043,16.857,16.965,196904,0
FFBC.US,60,20201117,160000,16.73,16.833,16.535,16.584,37034,0
FFBC.US,60,20201117,170000,16.584,16.657,16.477,16.642,19924,0
FFBC.US,60,20201117,180000,16.652,17.024,16.624,16.917,37887,0
FFBC.US,60,20201117,190000,16.897,17.082,16.838,17.043,29995,0
FFBC.US,60,20201117,200000,17.043,17.122,16.994,17.014,41552,0
FFBC.US,60,20201117,210000,17.043,17.15,17.043,17.092,49693,0
FFBC.US,60,20201117,220000,17.092,17.092,16.945,17.043,262406,0
FFBC.US,60,20201118,160000,17.14,17.307,17.043,17.19,14653,0
FFBC.US,60,20201118,170000,17.17,17.238,16.955,16.994,26710,0
FFBC.US,60,20201118,180000,16.985,17.072,16.819,16.935,20996,0
FFBC.US,60,20201118,190000,16.907,16.907,16.74,16.819,24242,0
FFBC.US,60,20201118,200000,16.833,16.887,16.692,16.721,20545,0
FFBC.US,60,20201118,210000,16.73,16.789,16.624,16.652,24471,0
FFBC.US,60,20201118,220000,16.642,16.672,16.409,16.409,141757,0
FFBC.US,60,20201119,160000,16.428,16.432,16.154,16.301,10595,0
FFBC.US,60,20201119,170000,16.301,16.349,16.174,16.213,30925,0
FFBC.US,60,20201119,180000,16.174,16.271,16.116,16.208,22905,0
FFBC.US,60,20201119,190000,16.194,16.223,16.116,16.184,14742,0
FFBC.US,60,20201119,200000,16.194,16.369,16.194,16.306,14610,0
FFBC.US,60,20201119,210000,16.321,16.477,16.262,16.404,16779,0
FFBC.US,60,20201119,220000,16.379,16.564,16.349,16.486,123243,0
FFBC.US,60,20201120,160000,16.125,16.526,16.125,16.252,33840,0
FFBC.US,60,20201120,170000,16.252,16.344,16.056,16.144,13255,0
FFBC.US,60,20201120,180000,16.086,16.271,16.032,16.237,14219,0
FFBC.US,60,20201120,190000,16.242,16.296,16.185,16.262,18226,0
FFBC.US,60,20201120,200000,16.291,16.33,16.254,16.294,9732,0
FFBC.US,60,20201120,210000,16.291,16.291,16.174,16.223,5899,0
FFBC.US,60,20201120,220000,16.232,16.457,16.223,16.384,180252,0
FFBC.US,60,20201123,160000,16.721,16.809,16.521,16.521,8865,0
FFBC.US,60,20201123,170000,16.477,16.789,16.437,16.698,24715,0
FFBC.US,60,20201123,180000,16.702,16.877,16.702,16.75,32282,0
FFBC.US,60,20201123,190000,16.75,16.77,16.594,16.604,24802,0
FFBC.US,60,20201123,200000,16.604,16.652,16.501,16.535,20743,0
FFBC.US,60,20201123,210000,16.555,16.604,16.467,16.574,14627,0
FFBC.US,60,20201123,220000,16.564,16.662,16.418,16.462,312009,0
FFBC.US,60,20201124,160000,16.917,17.551,16.852,17.14,23025,0
FFBC.US,60,20201124,170000,17.14,17.312,17.122,17.185,72254,0
FFBC.US,60,20201124,180000,17.185,17.405,17.16,17.38,67563,0
FFBC.US,60,20201124,190000,17.385,17.395,17.287,17.317,58093,0
FFBC.US,60,20201124,200000,17.317,17.531,17.307,17.395,29844,0
FFBC.US,60,20201124,210000,17.385,17.424,17.307,17.385,47816,0
FFBC.US,60,20201124,220000,17.405,17.443,17.317,17.355,268886,0
FFBC.US,60,20201125,160000,17.317,17.541,16.838,16.907,17034,0
FFBC.US,60,20201125,170000,16.935,17.031,16.77,16.828,25210,0
FFBC.US,60,20201125,180000,16.828,17.014,16.799,16.99,34344,0
FFBC.US,60,20201125,190000,16.998,17.058,16.935,17.024,24754,0
FFBC.US,60,20201125,200000,17.014,17.19,17.004,17.102,15548,0
FFBC.US,60,20201125,210000,17.102,17.107,16.975,17.053,11010,0
FFBC.US,60,20201125,220000,17.053,17.092,16.935,16.994,184822,0
FFBC.US,60,20201127,160000,16.917,17.453,16.809,16.838,10204,0
FFBC.US,60,20201127,170000,16.838,16.877,16.526,16.526,27426,0
FFBC.US,60,20201127,180000,16.555,16.857,16.418,16.857,29382,0
FFBC.US,60,20201127,190000,16.847,16.847,16.604,16.632,58315,0
FFBC.US,60,20201127,200000,16.594,16.594,16.594,16.594,49858,0
FFBC.US,60,20201130,160000,16.416,16.549,16.08,16.426,13724,0
FFBC.US,60,20201130,170000,16.42,16.451,16.178,16.312,19220,0
FFBC.US,60,20201130,180000,16.327,16.386,16.148,16.208,20603,0
FFBC.US,60,20201130,190000,16.178,16.237,16.109,16.193,23601,0
FFBC.US,60,20201130,200000,16.208,16.208,16.089,16.089,12052,0
FFBC.US,60,20201130,210000,16.089,16.129,16.039,16.119,24583,0
FFBC.US,60,20201130,220000,16.109,16.119,15.822,15.891,205477,0
FFBC.US,60,20201201,160000,16.336,16.445,16.297,16.426,14070,0
FFBC.US,60,20201201,170000,16.416,16.624,16.356,16.445,27325,0
FFBC.US,60,20201201,180000,16.438,16.438,16.109,16.109,9582,0
FFBC.US,60,20201201,190000,16.119,16.329,16.119,16.287,19013,0
FFBC.US,60,20201201,200000,16.287,16.297,16.237,16.297,35991,0
FFBC.US,60,20201201,210000,16.336,16.455,16.327,16.366,33638,0
FFBC.US,60,20201201,220000,16.346,16.346,16.198,16.267,178850,0
FFBC.US,60,20201202,160000,16.168,16.584,16.138,16.534,19045,0
FFBC.US,60,20201202,170000,16.426,16.48,16.247,16.346,10981,0
FFBC.US,60,20201202,180000,16.396,16.445,16.247,16.247,17013,0
FFBC.US,60,20201202,190000,16.262,16.386,16.252,16.356,7841,0
FFBC.US,60,20201202,200000,16.327,16.495,16.287,16.44,52595,0
FFBC.US,60,20201202,210000,16.416,16.604,16.416,16.584,39433,0
FFBC.US,60,20201202,220000,16.574,16.683,16.564,16.574,141498,0
FFBC.US,60,20201203,160000,16.564,16.653,16.346,16.475,7635,0
FFBC.US,60,20201203,170000,16.386,16.604,16.307,16.564,24146,0
FFBC.US,60,20201203,180000,16.574,16.624,16.525,16.539,39569,0
FFBC.US,60,20201203,190000,16.549,16.643,16.544,16.604,21175,0
FFBC.US,60,20201203,200000,16.614,16.642,16.599,16.599,7164,0
FFBC.US,60,20201203,210000,16.604,16.703,16.604,16.673,9692,0
FFBC.US,60,20201203,220000,16.663,16.683,16.386,16.475,183686,0
FFBC.US,60,20201204,160000,16.691,16.841,16.668,16.732,4170,0
FFBC.US,60,20201204,170000,16.703,16.841,16.643,16.797,27999,0
FFBC.US,60,20201204,180000,16.802,16.851,16.732,16.782,12047,0
FFBC.US,60,20201204,190000,16.782,16.822,16.713,16.807,6843,0
FFBC.US,60,20201204,200000,16.822,16.841,16.782,16.81,11263,0
FFBC.US,60,20201204,210000,16.822,16.831,16.732,16.831,11103,0
FFBC.US,60,20201204,220000,16.831,16.96,16.831,16.93,103813,0
FFBC.US,60,20201207,160000,16.742,16.97,16.475,16.505,13660,0
FFBC.US,60,20201207,170000,16.515,16.841,16.515,16.782,52503,0
FFBC.US,60,20201207,180000,16.802,16.861,16.723,16.841,15201,0
FFBC.US,60,20201207,190000,16.861,17.049,16.861,17.03,270347,0
FFBC.US,60,20201207,200000,17.02,17.079,16.97,17.049,17294,0
FFBC.US,60,20201207,210000,17.039,17.148,17.016,17.133,14971,0
FFBC.US,60,20201207,220000,17.119,17.138,17.02,17.039,190352,0
FFBC.US,60,20201208,160000,16.911,17.198,16.911,17.119,5376,0
FFBC.US,60,20201208,170000,17.049,17.109,16.871,16.911,8185,0
FFBC.US,60,20201208,180000,16.921,17.079,16.921,17,17333,0
FFBC.US,60,20201208,190000,16.94,17.099,16.871,17.089,16494,0
FFBC.US,60,20201208,200000,17.109,17.148,17,17.022,6866,0
FFBC.US,60,20201208,210000,17.039,17.064,17,17.02,14201,0
FFBC.US,60,20201208,220000,17.02,17.099,17.01,17.079,170234,0
FFBC.US,60,20201209,160000,17.307,17.327,17.218,17.312,13220,0
FFBC.US,60,20201209,170000,17.327,17.386,17.143,17.168,36680,0
FFBC.US,60,20201209,180000,17.119,17.168,17.039,17.138,23171,0
FFBC.US,60,20201209,190000,17.128,17.237,17.099,17.223,16187,0
FFBC.US,60,20201209,200000,17.223,17.226,17.109,17.119,15727,0
FFBC.US,60,20201209,210000,17.119,17.247,17.119,17.237,19997,0
FFBC.US,60,20201209,220000,17.227,17.307,17.171,17.198,145215,0
FFBC.US,60,20201210,160000,16.95,17.208,16.95,16.98,31172,0
FFBC.US,60,20201210,170000,17,17.109,16.94,17.049,17321,0
FFBC.US,60,20201210,180000,17.039,17.074,16.99,17.02,16807,0
FFBC.US,60,20201210,190000,17.029,17.287,17.029,17.232,32908,0
FFBC.US,60,20201210,200000,17.218,17.237,17.138,17.208,38180,0
FFBC.US,60,20201210,210000,17.218,17.227,17.128,17.168,23577,0
FFBC.US,60,20201210,220000,17.208,17.277,17.208,17.247,106074,0
FFBC.US,60,20201211,160000,16.96,17.198,16.96,17.188,16278,0
FFBC.US,60,20201211,170000,17.227,17.455,17.218,17.416,33436,0
FFBC.US,60,20201211,180000,17.416,17.445,17.267,17.336,23270,0
FFBC.US,60,20201211,190000,17.327,17.327,17.198,17.327,15062,0
FFBC.US,60,20201211,200000,17.317,17.327,17.223,17.297,31045,0
FFBC.US,60,20201211,210000,17.287,17.356,17.247,17.277,23145,0
FFBC.US,60,20201211,220000,17.277,17.317,17.218,17.237,119955,0
FFBC.US,60,20201214,160000,17.495,17.607,17.435,17.554,26106,0
FFBC.US,60,20201214,170000,17.564,17.693,17.465,17.465,39229,0
FFBC.US,60,20201214,180000,17.445,17.495,17.341,17.406,19363,0
FFBC.US,60,20201214,190000,17.396,17.465,17.346,17.386,11476,0
FFBC.US,60,20201214,200000,17.396,17.406,17.307,17.307,9707,0
FFBC.US,60,20201214,210000,17.327,17.351,17.257,17.327,23941,0
FFBC.US,60,20201214,220000,17.327,17.445,17.317,17.346,168454,0
FFBC.US,60,20201215,160000,17.614,17.72,17.427,17.465,9248,0
FFBC.US,60,20201215,170000,17.465,17.624,17.287,17.396,36975,0
FFBC.US,60,20201215,180000,17.416,17.495,17.351,17.455,26677,0
FFBC.US,60,20201215,190000,17.475,17.554,17.435,17.554,16545,0
FFBC.US,60,20201215,200000,17.564,17.574,17.465,17.475,65144,0
FFBC.US,60,20201215,210000,17.475,17.554,17.47,17.475,64974,0
FFBC.US,60,20201215,220000,17.495,17.525,17.366,17.495,210049,0
FFBC.US,60,20201216,160000,17.455,17.52,17.366,17.505,20368,0
FFBC.US,60,20201216,170000,17.525,17.53,17.331,17.376,14942,0
FFBC.US,60,20201216,180000,17.369,17.505,17.347,17.45,14876,0
FFBC.US,60,20201216,190000,17.46,17.46,17.346,17.356,12074,0
FFBC.US,60,20201216,200000,17.356,17.356,17.247,17.267,12943,0
FFBC.US,60,20201216,210000,17.287,17.346,17.247,17.341,24971,0
FFBC.US,60,20201216,220000,17.341,17.371,17.227,17.227,214044,0
FFBC.US,60,20201217,160000,17.386,17.386,17,17.059,18251,0
FFBC.US,60,20201217,170000,17.059,17.128,16.93,16.96,35364,0
FFBC.US,60,20201217,180000,16.985,17.059,16.93,17.026,17337,0
FFBC.US,60,20201217,190000,17.049,17.119,17.02,17.089,13352,0
FFBC.US,60,20201217,200000,17.089,17.158,17.069,17.158,14226,0
FFBC.US,60,20201217,210000,17.138,17.148,17.049,17.049,20496,0
FFBC.US,60,20201217,220000,17.079,17.119,17.01,17.069,196010,0
FFBC.US,60,20201218,160000,17.049,17.416,16.95,17.138,246062,0
FFBC.US,60,20201218,170000,17.109,17.183,17.039,17.168,28703,0
FFBC.US,60,20201218,180000,17.178,17.208,17.128,17.148,25543,0
FFBC.US,60,20201218,190000,17.158,17.227,17.148,17.163,14266,0
FFBC.US,60,20201218,200000,17.163,17.178,17.099,17.099,25222,0
FFBC.US,60,20201218,210000,17.099,17.128,17.029,17.069,46940,0
FFBC.US,60,20201218,220000,17.049,17.069,16.772,16.901,167444,0
FFBC.US,60,20201221,160000,16.891,17.029,16.703,16.901,14532,0
FFBC.US,60,20201221,170000,16.891,16.891,16.584,16.772,31150,0
FFBC.US,60,20201221,180000,16.772,16.831,16.594,16.594,11232,0
FFBC.US,60,20201221,190000,16.633,16.728,16.515,16.683,36400,0
FFBC.US,60,20201221,200000,16.673,16.742,16.604,16.693,13105,0
FFBC.US,60,20201221,210000,16.683,16.831,16.663,16.703,8733,0
FFBC.US,60,20201221,220000,16.723,16.723,16.559,16.688,157094,0
FFBC.US,60,20201222,160000,16.861,16.901,16.604,16.752,19713,0
FFBC.US,60,20201222,170000,16.762,17.039,16.762,16.851,43318,0
FFBC.US,60,20201222,180000,16.886,16.911,16.683,16.718,21883,0
FFBC.US,60,20201222,190000,16.703,16.703,16.604,16.604,15609,0
FFBC.US,60,20201222,200000,16.624,16.703,16.624,16.693,16443,0
FFBC.US,60,20201222,210000,16.713,16.732,16.643,16.663,17706,0
FFBC.US,60,20201222,220000,16.663,16.663,16.574,16.584,97672,0
FFBC.US,60,20201223,160000,16.723,17.257,16.723,17.158,19793,0
FFBC.US,60,20201223,170000,17.178,17.198,16.94,17.058,26248,0
FFBC.US,60,20201223,180000,17.049,17.128,17,17.029,17521,0
FFBC.US,60,20201223,190000,17.029,17.059,16.97,17.02,19482,0
FFBC.US,60,20201223,200000,17.025,17.148,17.01,17.128,15493,0
FFBC.US,60,20201223,210000,17.119,17.128,17.069,17.099,18534,0
FFBC.US,60,20201223,220000,17.079,17.198,17.079,17.173,185805,0
FFBC.US,60,20201224,160000,17.218,17.297,16.99,17.131,14067,0
FFBC.US,60,20201224,170000,17.138,17.247,17.099,17.242,57822,0
FFBC.US,60,20201224,180000,17.247,17.247,17.069,17.069,20672,0
FFBC.US,60,20201224,190000,17.059,17.267,17.039,17.237,39899,0
FFBC.US,60,20201224,200000,17.227,17.227,17.227,17.227,35237,0
FFBC.US,60,20201228,160000,17.297,17.426,17.099,17.366,16267,0
FFBC.US,60,20201228,170000,17.366,17.564,17.361,17.437,112015,0
FFBC.US,60,20201228,180000,17.426,17.435,17.336,17.336,20276,0
FFBC.US,60,20201228,190000,17.341,17.495,17.341,17.445,26744,0
FFBC.US,60,20201228,200000,17.426,17.445,17.376,17.388,37592,0
FFBC.US,60,20201228,210000,17.376,17.485,17.292,17.327,252708,0
FFBC.US,60,20201228,220000,17.307,17.317,17.193,17.257,304062,0
FFBC.US,60,20201229,160000,17.386,17.505,17.148,17.317,26547,0
FFBC.US,60,20201229,170000,17.327,17.445,17.109,17.148,36491,0
FFBC.US,60,20201229,180000,17.138,17.262,17.039,17.205,60332,0
FFBC.US,60,20201229,190000,17.198,17.257,17.163,17.218,37526,0
FFBC.US,60,20201229,200000,17.218,17.237,17.168,17.227,30656,0
FFBC.US,60,20201229,210000,17.227,17.227,17.039,17.039,39697,0
FFBC.US,60,20201229,220000,17.039,17.124,17.039,17.109,148356,0
FFBC.US,60,20201230,160000,17.128,17.416,17.128,17.287,10197,0
FFBC.US,60,20201230,170000,17.287,17.307,17.178,17.218,24434,0
FFBC.US,60,20201230,180000,17.218,17.237,17.109,17.109,10206,0
FFBC.US,60,20201230,190000,17.109,17.297,17.109,17.247,9560,0
FFBC.US,60,20201230,200000,17.237,17.247,17.148,17.158,15645,0
FFBC.US,60,20201230,210000,17.168,17.307,17.15,17.237,17972,0
FFBC.US,60,20201230,220000,17.237,17.287,17.213,17.227,93669,0
FFBC.US,60,20201231,160000,17.237,17.376,17.168,17.188,6005,0
FFBC.US,60,20201231,170000,17.227,17.386,17.188,17.311,27594,0
FFBC.US,60,20201231,180000,17.327,17.401,17.317,17.371,23955,0
FFBC.US,60,20201231,190000,17.373,17.406,17.317,17.327,21590,0
FFBC.US,60,20201231,200000,17.331,17.346,17.257,17.267,23783,0
FFBC.US,60,20201231,210000,17.277,17.336,17.247,17.307,86291,0
FFBC.US,60,20201231,220000,17.307,17.416,17.297,17.356,160763,0
FFBC.US,60,20210104,160000,17.485,17.663,17.48,17.584,13564,0
FFBC.US,60,20210104,170000,17.594,17.594,17.049,17.203,25360,0
FFBC.US,60,20210104,180000,17.208,17.237,17.089,17.208,24915,0
FFBC.US,60,20210104,190000,17.257,17.257,17.01,17.089,14493,0
FFBC.US,60,20210104,200000,17.089,17.386,17.089,17.366,39414,0
FFBC.US,60,20210104,210000,17.346,17.396,17.267,17.386,19054,0
FFBC.US,60,20210104,220000,17.366,17.564,17.317,17.445,304353,0
FFBC.US,60,20210105,160000,17.426,17.762,17.426,17.584,11597,0
FFBC.US,60,20210105,170000,17.604,17.703,17.525,17.564,21406,0
FFBC.US,60,20210105,180000,17.584,17.732,17.525,17.732,20958,0
FFBC.US,60,20210105,190000,17.742,17.891,17.742,17.891,24689,0
FFBC.US,60,20210105,200000,17.901,17.98,17.871,17.98,19122,0
FFBC.US,60,20210105,210000,17.99,18.109,17.975,17.99,53860,0
FFBC.US,60,20210105,220000,17.98,18.069,17.822,17.841,237738,0
FFBC.US,60,20210106,160000,18.544,19.297,18.455,19.247,45378,0
FFBC.US,60,20210106,170000,19.277,19.762,19.227,19.624,40824,0
FFBC.US,60,20210106,180000,19.673,20.01,19.653,19.985,64640,0
FFBC.US,60,20210106,190000,19.97,20.188,19.925,20.188,42214,0
FFBC.US,60,20210106,200000,20.198,20.257,20.109,20.178,56944,0
FFBC.US,60,20210106,210000,20.188,20.297,19.673,19.826,52221,0
FFBC.US,60,20210106,220000,19.866,20.02,19.772,19.841,400065,0
FFBC.US,60,20210107,160000,20.059,20.208,19.861,20.109,34473,0
FFBC.US,60,20210107,170000,20.109,20.178,20.01,20.029,22341,0
FFBC.US,60,20210107,180000,20.039,20.109,19.891,20.039,27036,0
FFBC.US,60,20210107,190000,20.049,20.099,20.02,20.089,18104,0
FFBC.US,60,20210107,200000,20.099,20.178,20,20.158,15304,0
FFBC.US,60,20210107,210000,20.158,20.227,20.119,20.208,31018,0
FFBC.US,60,20210107,220000,20.213,20.232,20.02,20.029,155077,0
FFBC.US,60,20210108,160000,20.089,20.267,19.052,19.782,13875,0
FFBC.US,60,20210108,170000,19.782,19.782,19.416,19.554,25143,0
FFBC.US,60,20210108,180000,19.559,19.604,19.46,19.574,18077,0
FFBC.US,60,20210108,190000,19.584,19.653,19.515,19.515,29097,0
FFBC.US,60,20210108,200000,19.524,19.524,19.138,19.148,27645,0
FFBC.US,60,20210108,210000,19.148,19.475,19.138,19.386,17078,0
FFBC.US,60,20210108,220000,19.391,19.584,19.386,19.544,143290,0
FFBC.US,60,20210111,160000,19.406,19.624,19.406,19.624,10927,0
FFBC.US,60,20210111,170000,19.614,19.782,19.614,19.693,26546,0
FFBC.US,60,20210111,180000,19.693,19.713,19.604,19.693,20038,0
FFBC.US,60,20210111,190000,19.673,19.762,19.643,19.739,12351,0
FFBC.US,60,20210111,200000,19.742,19.792,19.693,19.723,13325,0
FFBC.US,60,20210111,210000,19.727,19.822,19.723,19.802,21188,0
FFBC.US,60,20210111,220000,19.812,19.871,19.727,19.861,142346,0
FFBC.US,60,20210112,160000,20.079,20.143,19.693,20.079,6944,0
FFBC.US,60,20210112,170000,20.069,20.188,20.02,20.099,16538,0
FFBC.US,60,20210112,180000,20.119,20.208,20.039,20.208,24493,0
FFBC.US,60,20210112,190000,20.208,20.336,20.099,20.109,14934,0
FFBC.US,60,20210112,200000,20.099,20.109,19.98,20.01,13186,0
FFBC.US,60,20210112,210000,20,20.109,19.911,20.099,18801,0
FFBC.US,60,20210112,220000,20.109,20.148,19.822,19.93,171806,0
FFBC.US,60,20210113,160000,19.871,20.128,19.584,19.614,9950,0
FFBC.US,60,20210113,170000,19.544,19.742,19.485,19.505,14657,0
FFBC.US,60,20210113,180000,19.524,19.594,19.356,19.425,14166,0
FFBC.US,60,20210113,190000,19.386,19.574,19.376,19.534,16545,0
FFBC.US,60,20210113,200000,19.534,19.579,19.487,19.564,21091,0
FFBC.US,60,20210113,210000,19.584,19.643,19.544,19.594,22567,0
FFBC.US,60,20210113,220000,19.584,19.604,19.49,19.544,140615,0
FFBC.US,60,20210114,160000,19.762,19.99,19.604,19.891,12004,0
FFBC.US,60,20210114,170000,19.838,20.148,19.838,20,36035,0
FFBC.US,60,20210114,180000,20.029,20.188,19.94,20.148,25551,0
FFBC.US,60,20210114,190000,20.138,20.168,19.94,19.95,54097,0
FFBC.US,60,20210114,200000,19.95,20.227,19.95,20.227,30075,0
FFBC.US,60,20210114,210000,20.237,20.247,20.099,20.099,37677,0
FFBC.US,60,20210114,220000,20.109,20.257,20.089,20.163,264626,0
FFBC.US,60,20210115,160000,19.683,20.173,19.658,19.762,47461,0
FFBC.US,60,20210115,170000,19.738,20.01,19.738,20.01,21488,0
FFBC.US,60,20210115,180000,20.02,20.064,19.911,19.97,14926,0
FFBC.US,60,20210115,190000,19.98,20.198,19.96,20.198,14856,0
FFBC.US,60,20210115,200000,20.208,20.242,20.158,20.198,12290,0
FFBC.US,60,20210115,210000,20.178,20.267,20.168,20.267,16873,0
FFBC.US,60,20210115,220000,20.257,20.292,20.069,20.128,212438,0
FFBC.US,60,20210119,160000,20.247,20.257,19.851,20.168,8778,0
FFBC.US,60,20210119,170000,20.138,20.237,19.95,20.178,19159,0
FFBC.US,60,20210119,180000,20.158,20.178,20.049,20.069,19935,0
FFBC.US,60,20210119,190000,20.069,20.198,20.069,20.198,17058,0
FFBC.US,60,20210119,200000,20.198,20.292,20.188,20.256,14691,0
FFBC.US,60,20210119,210000,20.237,20.267,20.148,20.168,23346,0
FFBC.US,60,20210119,220000,20.158,20.396,20.138,20.307,169864,0
FFBC.US,60,20210120,160000,20.218,20.515,20.178,20.237,16151,0
FFBC.US,60,20210120,170000,20.287,20.411,20.198,20.326,10212,0
FFBC.US,60,20210120,180000,20.267,20.307,20.188,20.218,10491,0
FFBC.US,60,20210120,190000,20.227,20.233,20.029,20.168,10767,0
FFBC.US,60,20210120,200000,20.178,20.178,20.029,20.059,10703,0
FFBC.US,60,20210120,210000,20.079,20.218,20.059,20.188,10907,0
FFBC.US,60,20210120,220000,20.18,20.277,20.148,20.252,171135,0
FFBC.US,60,20210121,160000,20.198,20.297,20.02,20.089,14625,0
FFBC.US,60,20210121,170000,20.059,20.071,19.693,19.693,26316,0
FFBC.US,60,20210121,180000,19.713,19.752,19.554,19.614,12548,0
FFBC.US,60,20210121,190000,19.643,19.841,19.633,19.782,31821,0
FFBC.US,60,20210121,200000,19.787,19.93,19.752,19.891,9736,0
FFBC.US,60,20210121,210000,19.93,20.079,19.881,20,25688,0
FFBC.US,60,20210121,220000,20.029,20.059,19.792,19.792,122521,0
FFBC.US,60,20210122,160000,19.564,19.861,19.564,19.797,23421,0
FFBC.US,60,20210122,170000,19.851,19.99,19.723,19.99,27729,0
FFBC.US,60,20210122,180000,19.955,20.099,19.955,20.069,23486,0
FFBC.US,60,20210122,190000,20.069,20.128,19.98,20.128,12097,0
FFBC.US,60,20210122,200000,20.109,20.227,20.049,20.138,26702,0
FFBC.US,60,20210122,210000,20.138,20.336,20.109,20.317,20820,0
FFBC.US,60,20210122,220000,20.322,20.643,20.277,20.574,253502,0
FFBC.US,60,20210125,160000,20.227,20.435,19.762,19.762,17253,0
FFBC.US,60,20210125,170000,19.752,20.198,19.752,19.94,18931,0
FFBC.US,60,20210125,180000,19.901,20.02,19.792,20.02,9931,0
FFBC.US,60,20210125,190000,20.01,20.168,19.911,20.138,8324,0
FFBC.US,60,20210125,200000,20.158,20.292,20.126,20.236,12921,0
FFBC.US,60,20210125,210000,20.198,20.227,20.079,20.109,7073,0
FFBC.US,60,20210125,220000,20.128,20.267,20.128,20.188,141704,0
FFBC.US,60,20210126,160000,20.366,20.633,19.98,20.079,10842,0
FFBC.US,60,20210126,170000,20.109,20.148,19.95,19.97,10075,0
FFBC.US,60,20210126,180000,19.96,19.99,19.822,19.881,9899,0
FFBC.US,60,20210126,190000,19.861,19.99,19.802,19.97,11873,0
FFBC.US,60,20210126,200000,19.98,20.02,19.881,19.881,6735,0
FFBC.US,60,20210126,210000,19.886,19.93,19.871,19.911,15092,0
FFBC.US,60,20210126,220000,19.911,19.98,19.713,19.792,99706,0
FFBC.US,60,20210127,160000,19.287,19.633,19.257,19.584,9907,0
FFBC.US,60,20210127,170000,19.515,19.524,18.95,18.98,16928,0
FFBC.US,60,20210127,180000,19.049,19.119,18.822,18.851,30888,0
FFBC.US,60,20210127,190000,18.841,19.02,18.765,19.005,16099,0
FFBC.US,60,20210127,200000,19.005,19.093,18.911,19.005,17692,0
FFBC.US,60,20210127,210000,19.02,19.029,18.831,18.901,29154,0
FFBC.US,60,20210127,220000,18.871,19.024,18.841,18.881,156313,0
FFBC.US,60,20210128,160000,18.841,19.223,18.782,18.99,15826,0
FFBC.US,60,20210128,170000,18.96,19.128,18.911,19.109,17402,0
FFBC.US,60,20210128,180000,19.109,19.168,18.989,19.133,25569,0
FFBC.US,60,20210128,190000,19.124,19.168,18.921,18.98,25461,0
FFBC.US,60,20210128,200000,19,19.01,18.864,18.891,18627,0
FFBC.US,60,20210128,210000,18.891,19.049,18.881,19.02,20108,0
FFBC.US,60,20210128,220000,19.02,19.218,18.94,19.119,187613,0
FFBC.US,60,20210129,160000,19.416,19.416,18.485,18.599,19086,0
FFBC.US,60,20210129,170000,18.653,18.748,18.465,18.465,17012,0
FFBC.US,60,20210129,180000,18.544,18.544,17.93,18.138,29927,0
FFBC.US,60,20210129,190000,18.128,18.267,18.068,18.128,25387,0
FFBC.US,60,20210129,200000,18.109,18.168,18.029,18.059,22863,0
FFBC.US,60,20210129,210000,18.089,18.227,17.96,18.029,26610,0
FFBC.US,60,20210129,220000,18.059,18.257,18.02,18.138,227434,0
FFBC.US,60,20210201,160000,18.881,19.188,18.643,18.886,40791,0
FFBC.US,60,20210201,170000,18.93,19.168,18.881,18.97,30902,0
FFBC.US,60,20210201,180000,18.98,19.059,18.93,19.059,15479,0
FFBC.US,60,20210201,190000,19.099,19.128,19.049,19.124,17340,0
FFBC.US,60,20210201,200000,19.114,19.148,19.02,19.029,25180,0
FFBC.US,60,20210201,210000,19.029,19.208,19.029,19.158,25388,0
FFBC.US,60,20210201,220000,19.163,19.396,19.158,19.287,158499,0
FFBC.US,60,20210202,160000,19.653,19.653,19.307,19.435,12337,0
FFBC.US,60,20210202,170000,19.416,19.683,19.406,19.604,15513,0
FFBC.US,60,20210202,180000,19.614,19.861,19.614,19.831,24326,0
FFBC.US,60,20210202,190000,19.841,19.871,19.723,19.723,31766,0
FFBC.US,60,20210202,200000,19.723,19.812,19.703,19.723,13923,0
FFBC.US,60,20210202,210000,19.703,19.802,19.693,19.802,16134,0
FFBC.US,60,20210202,220000,19.802,19.901,19.693,19.723,186697,0
FFBC.US,60,20210203,160000,19.851,19.96,19.584,19.673,37988,0
FFBC.US,60,20210203,170000,19.673,19.742,19.416,19.445,31265,0
FFBC.US,60,20210203,180000,19.445,19.505,19.307,19.505,27442,0
FFBC.US,60,20210203,190000,19.505,19.554,19.396,19.49,16871,0
FFBC.US,60,20210203,200000,19.524,19.614,19.524,19.614,14530,0
FFBC.US,60,20210203,210000,19.609,19.624,19.544,19.594,11995,0
FFBC.US,60,20210203,220000,19.604,19.713,19.604,19.624,235451,0
FFBC.US,60,20210204,160000,19.693,20.094,19.554,20.094,6905,0
FFBC.US,60,20210204,170000,20.089,20.326,20.089,20.237,18444,0
FFBC.US,60,20210204,180000,20.237,20.455,20.224,20.406,19557,0
FFBC.US,60,20210204,190000,20.386,20.515,20.356,20.372,12676,0
FFBC.US,60,20210204,200000,20.356,20.435,20.351,20.425,9765,0
FFBC.US,60,20210204,210000,20.406,20.435,20.297,20.346,20212,0
FFBC.US,60,20210204,220000,20.317,20.435,20.307,20.425,159720,0
FFBC.US,60,20210205,160000,20.515,20.673,20.307,20.336,20058,0
FFBC.US,60,20210205,170000,20.307,20.544,20.158,20.465,14429,0
FFBC.US,60,20210205,180000,20.48,20.524,20.386,20.386,11334,0
FFBC.US,60,20210205,190000,20.366,20.485,20.366,20.445,11433,0
FFBC.US,60,20210205,200000,20.425,20.425,20.326,20.386,15693,0
FFBC.US,60,20210205,210000,20.386,20.475,20.336,20.416,40211,0
FFBC.US,60,20210205,220000,20.416,20.465,20.366,20.445,98579,0
FFBC.US,60,20210208,160000,20.633,20.792,20.51,20.772,12816,0
FFBC.US,60,20210208,170000,20.713,20.841,20.633,20.643,23028,0
FFBC.US,60,20210208,180000,20.663,20.782,20.663,20.703,19748,0
FFBC.US,60,20210208,190000,20.723,20.831,20.698,20.752,11640,0
FFBC.US,60,20210208,200000,20.723,20.826,20.693,20.826,21263,0
FFBC.US,60,20210208,210000,20.831,20.891,20.822,20.881,22499,0
FFBC.US,60,20210208,220000,20.871,21.089,20.802,21.079,160576,0
FFBC.US,60,20210209,160000,21.01,21.188,20.995,21.119,17650,0
FFBC.US,60,20210209,170000,21.069,21.158,20.975,21.142,33530,0
FFBC.US,60,20210209,180000,21.138,21.302,21.069,21.302,15419,0
FFBC.US,60,20210209,190000,21.317,21.584,21.317,21.544,23538,0
FFBC.US,60,20210209,200000,21.539,21.633,21.425,21.564,23094,0
FFBC.US,60,20210209,210000,21.574,21.653,21.564,21.594,25843,0
FFBC.US,60,20210209,220000,21.594,21.643,21.495,21.574,159704,0
FFBC.US,60,20210210,160000,21.574,21.846,21.485,21.846,5908,0
FFBC.US,60,20210210,170000,21.881,21.93,21.524,21.772,21563,0
FFBC.US,60,20210210,180000,21.772,21.881,21.703,21.722,16022,0
FFBC.US,60,20210210,190000,21.619,21.722,21.435,21.693,17230,0
FFBC.US,60,20210210,200000,21.663,21.782,21.633,21.643,25999,0
FFBC.US,60,20210210,210000,21.643,21.693,21.554,21.655,11013,0
FFBC.US,60,20210210,220000,21.663,21.703,21.391,21.455,151442,0
FFBC.US,60,20210211,160000,21.435,21.653,21.342,21.574,17763,0
FFBC.US,60,20210211,170000,21.534,21.544,21.465,21.465,25416,0
FFBC.US,60,20210211,180000,21.465,21.534,21.416,21.455,20712,0
FFBC.US,60,20210211,190000,21.416,21.445,20.99,21.099,23502,0
FFBC.US,60,20210211,200000,21.128,21.208,21.01,21.109,16567,0
FFBC.US,60,20210211,210000,21.089,21.208,21.049,21.198,15422,0
FFBC.US,60,20210211,220000,21.227,21.307,21.168,21.267,157122,0
FFBC.US,60,20210212,160000,21.406,21.406,21.039,21.247,11748,0
FFBC.US,60,20210212,170000,21.287,21.445,21.247,21.287,79153,0
FFBC.US,60,20210212,180000,21.287,21.336,21.158,21.277,23837,0
FFBC.US,60,20210212,190000,21.307,21.326,21.158,21.198,27130,0
FFBC.US,60,20210212,200000,21.208,21.317,21.208,21.267,14534,0
FFBC.US,60,20210212,210000,21.267,21.307,21.198,21.287,13767,0
FFBC.US,60,20210212,220000,21.277,21.346,21.257,21.307,96910,0
FFBC.US,60,20210216,160000,21.584,21.584,21.297,21.336,11039,0
FFBC.US,60,20210216,170000,21.267,21.633,21.267,21.485,44506,0
FFBC.US,60,20210216,180000,21.544,21.544,21.346,21.495,18883,0
FFBC.US,60,20210216,190000,21.475,21.554,21.396,21.396,23392,0
FFBC.US,60,20210216,200000,21.435,21.534,21.435,21.496,23240,0
FFBC.US,60,20210216,210000,21.51,21.524,21.455,21.524,14028,0
FFBC.US,60,20210216,220000,21.505,21.564,21.416,21.435,165773,0
FFBC.US,60,20210217,160000,21.297,21.604,21.138,21.406,11350,0
FFBC.US,60,20210217,170000,21.416,21.524,21.267,21.312,26792,0
FFBC.US,60,20210217,180000,21.287,21.416,21.232,21.376,17199,0
FFBC.US,60,20210217,190000,21.371,21.425,21.326,21.411,20819,0
FFBC.US,60,20210217,200000,21.396,21.455,21.287,21.317,14280,0
FFBC.US,60,20210217,210000,21.326,21.425,21.292,21.401,20325,0
FFBC.US,60,20210217,220000,21.396,21.524,21.267,21.292,183864,0
FFBC.US,60,20210218,160000,21.208,21.574,21.208,21.435,15007,0
FFBC.US,60,20210218,170000,21.386,21.445,21.317,21.317,26720,0
FFBC.US,60,20210218,180000,21.336,21.336,21.138,21.218,46006,0
FFBC.US,60,20210218,190000,21.208,21.356,21.178,21.307,14622,0
FFBC.US,60,20210218,200000,21.307,21.416,21.208,21.287,9321,0
FFBC.US,60,20210218,210000,21.317,21.435,21.257,21.267,12822,0
FFBC.US,60,20210218,220000,21.307,21.346,21.178,21.218,131347,0
FFBC.US,60,20210219,160000,21.386,21.539,21.336,21.455,10961,0
FFBC.US,60,20210219,170000,21.455,21.505,21.326,21.376,45504,0
FFBC.US,60,20210219,180000,21.401,21.732,21.401,21.683,14305,0
FFBC.US,60,20210219,190000,21.643,21.673,21.564,21.623,21265,0
FFBC.US,60,20210219,200000,21.663,21.732,21.614,21.713,15038,0
FFBC.US,60,20210219,210000,21.732,21.732,21.564,21.623,17029,0
FFBC.US,60,20210219,220000,21.633,21.762,21.574,21.752,155186,0
FFBC.US,60,20210222,160000,21.861,22,21.752,22,6042,0
FFBC.US,60,20210222,170000,22,22.277,21.96,22.208,29888,0
FFBC.US,60,20210222,180000,22.218,22.534,22.218,22.534,13355,0
FFBC.US,60,20210222,190000,22.534,22.614,22.455,22.522,21998,0
FFBC.US,60,20210222,200000,22.524,22.653,22.505,22.584,14474,0
FFBC.US,60,20210222,210000,22.579,22.683,22.574,22.643,11075,0
FFBC.US,60,20210222,220000,22.663,22.673,22.425,22.48,151882,0
FFBC.US,60,20210223,160000,22.574,23.297,22.425,23.109,11692,0
FFBC.US,60,20210223,170000,22.96,23.076,22.861,22.861,21469,0
FFBC.US,60,20210223,180000,22.856,22.97,22.703,22.846,14255,0
FFBC.US,60,20210223,190000,22.812,22.916,22.782,22.821,22959,0
FFBC.US,60,20210223,200000,22.802,22.891,22.782,22.821,15871,0
FFBC.US,60,20210223,210000,22.851,23,22.821,23,12318,0
FFBC.US,60,20210223,220000,22.99,23.208,22.881,22.96,226444,0
FFBC.US,60,20210224,160000,23.178,23.554,23.168,23.371,7782,0
FFBC.US,60,20210224,170000,23.416,23.465,23.247,23.386,11505,0
FFBC.US,60,20210224,180000,23.406,23.762,23.406,23.683,16609,0
FFBC.US,60,20210224,190000,23.742,23.742,23.524,23.554,21048,0
FFBC.US,60,20210224,200000,23.564,23.745,23.515,23.633,14871,0
FFBC.US,60,20210224,210000,23.683,23.722,23.604,23.653,10924,0
FFBC.US,60,20210224,220000,23.638,23.663,23.376,23.455,260753,0
FFBC.US,60,20210225,160000,23.752,23.752,23.495,23.722,21136,0
FFBC.US,60,20210225,170000,23.623,23.693,23.267,23.425,43263,0
FFBC.US,60,20210225,180000,23.425,23.44,23.178,23.297,12958,0
FFBC.US,60,20210225,190000,23.227,23.227,22.97,22.99,22307,0
FFBC.US,60,20210225,200000,22.97,23.366,22.911,23.267,33968,0
FFBC.US,60,20210225,210000,23.227,23.435,23.227,23.286,15963,0
FFBC.US,60,20210225,220000,23.297,23.297,22.881,22.97,173847,0
FFBC.US,60,20210226,160000,22.8,22.93,22.49,22.91,20673,0
FFBC.US,60,20210226,170000,22.7307,22.7307,22.16,22.275,23842,0
FFBC.US,60,20210226,180000,22.21,22.6,22.2,22.41,8996,0
FFBC.US,60,20210226,190000,22.49,22.89,22.48,22.76,12634,0
FFBC.US,60,20210226,200000,22.73,22.82,22.58,22.635,7910,0
FFBC.US,60,20210226,210000,22.655,22.655,22.44,22.6,15175,0
FFBC.US,60,20210226,220000,22.6,22.81,22.43,22.43,255245,0
FFBC.US,60,20210301,160000,23.06,23.06,22.71,22.71,6965,0
FFBC.US,60,20210301,170000,22.78,22.9543,22.77,22.88,12208,0
FFBC.US,60,20210301,180000,22.84,22.86,22.63,22.66,19180,0
FFBC.US,60,20210301,190000,22.71,22.9,22.71,22.865,12731,0
FFBC.US,60,20210301,200000,22.84,23.06,22.82,22.98,26104,0
FFBC.US,60,20210301,210000,22.99,23.13,22.96,23.1,14606,0
FFBC.US,60,20210301,220000,23.08,23.1,22.94,22.985,131857,0
FFBC.US,60,20210302,160000,22.98,23.07,22.71,22.79,11225,0
FFBC.US,60,20210302,170000,22.73,22.74,22.52,22.67,17103,0
FFBC.US,60,20210302,180000,22.69,22.8,22.52,22.76,30493,0
FFBC.US,60,20210302,190000,22.76,22.88,22.76,22.8,9143,0
FFBC.US,60,20210302,200000,22.83,22.89,22.8,22.89,4503,0
FFBC.US,60,20210302,210000,22.89,22.93,22.78,22.91,8900,0
FFBC.US,60,20210302,220000,22.9,22.98,22.65,22.67,87258,0
FFBC.US,60,20210303,160000,22.3,22.95,22.3,22.86,78252,0
FFBC.US,60,20210303,170000,22.82,23.26,22.77,23.21,93179,0
FFBC.US,60,20210303,180000,23.19,23.46,23.1,23.4,64174,0
FFBC.US,60,20210303,190000,23.36,23.53,23.33,23.44,75626,0
FFBC.US,60,20210303,200000,23.445,23.49,23.15,23.23,81930,0
FFBC.US,60,20210303,210000,23.25,23.38,23.085,23.37,31866,0
FFBC.US,60,20210303,220000,23.38,23.38,22.7,22.71,294916,0
FFBC.US,60,20210304,160000,22.84,23.38,22.82,23.335,15744,0
FFBC.US,60,20210304,170000,23.38,23.465,23.07,23.17,16473,0
FFBC.US,60,20210304,180000,23.17,23.275,23,23.2646,25187,0
FFBC.US,60,20210304,190000,23.3,23.53,23.181,23.21,14583,0
FFBC.US,60,20210304,200000,23.24,23.275,22.9,22.92,54784,0
FFBC.US,60,20210304,210000,22.9,23.16,22.86,23.08,55272,0
FFBC.US,60,20210304,220000,23.11,23.12,22.81,23.02,217068,0
FFBC.US,60,20210305,160000,23.59,23.93,23.26,23.48,20945,0
FFBC.US,60,20210305,170000,23.56,23.7,23.33,23.43,25328,0
FFBC.US,60,20210305,180000,23.36,23.62,23.28,23.6,20527,0
FFBC.US,60,20210305,190000,23.585,23.585,23.34,23.47,14319,0
FFBC.US,60,20210305,200000,23.47,23.76,23.41,23.76,28391,0
FFBC.US,60,20210305,210000,23.79,23.89,23.7,23.85,22399,0
FFBC.US,60,20210305,220000,23.85,24.18,23.84,24.06,185372,0
FFBC.US,60,20210308,160000,24.64,24.8,24.41,24.645,14613,0
FFBC.US,60,20210308,170000,24.64,25.03,24.52,25.01,39731,0
FFBC.US,60,20210308,180000,25.03,25.25,24.975,25.21,35751,0
FFBC.US,60,20210308,190000,25.2,25.48,25.2,25.38,12719,0
FFBC.US,60,20210308,200000,25.4,25.45,25.165,25.21,22489,0
FFBC.US,60,20210308,210000,25.2,25.27,25.02,25.13,27263,0
FFBC.US,60,20210308,220000,25.12,25.46,25.06,25.29,127765,0
FFBC.US,60,20210309,160000,24.98,25,24.25,24.4,20349,0
FFBC.US,60,20210309,170000,24.39,24.77,24.28,24.73,36412,0
FFBC.US,60,20210309,180000,24.725,24.86,24.65,24.76,31451,0
FFBC.US,60,20210309,190000,24.77,24.87,24.635,24.7299,26447,0
FFBC.US,60,20210309,200000,24.73,24.89,24.63,24.87,24372,0
FFBC.US,60,20210309,210000,24.88,24.88,24.75,24.82,25141,0
FFBC.US,60,20210309,220000,24.82,24.92,24.59,24.63,220288,0
FFBC.US,60,20210310,160000,24.63,24.96,24.49,24.92,9528,0
FFBC.US,60,20210310,170000,24.99,25.18,24.84,25.07,39727,0
FFBC.US,60,20210310,180000,24.97,25.11,24.94,24.95,20643,0
FFBC.US,60,20210310,190000,24.99,25.035,24.75,24.77,22815,0
FFBC.US,60,20210310,200000,24.79,25.15,24.78,25.11,13474,0
FFBC.US,60,20210310,210000,25.15,25.16,25.04,25.065,12521,0
FFBC.US,60,20210310,220000,25.03,25.27,25.01,25.13,200159,0
FFBC.US,60,20210311,160000,25.79,25.79,24.92,25.23,13341,0
FFBC.US,60,20210311,170000,25.22,25.57,25.14,25.53,17105,0
FFBC.US,60,20210311,180000,25.44,25.69,25.44,25.56,20853,0
FFBC.US,60,20210311,190000,25.52,25.59,25.21,25.33,34474,0
FFBC.US,60,20210311,200000,25.37,25.525,25.3,25.465,10698,0
FFBC.US,60,20210311,210000,25.49,25.56,25.34,25.42,13863,0
FFBC.US,60,20210311,220000,25.43,25.54,25.39,25.49,141163,0
FFBC.US,60,20210312,160000,25.86,26.49,25.7625,26.1999,24664,0
FFBC.US,60,20210312,170000,26.2,26.415,26.132,26.365,33084,0
FFBC.US,60,20210312,180000,26.365,26.48,26.15,26.15,14976,0
FFBC.US,60,20210312,190000,26.175,26.3593,26.11,26.265,17224,0
FFBC.US,60,20210312,200000,26.28,26.37,26.15,26.18,15285,0
FFBC.US,60,20210312,210000,26.21,26.47,26.21,26.42,14348,0
FFBC.US,60,20210312,220000,26.42,26.55,26.34,26.4,234099,0
FFBC.US,60,20210315,150000,26.17,26.62,25.68,25.81,18327,0
FFBC.US,60,20210315,160000,25.77,25.77,25.27,25.39,42547,0
FFBC.US,60,20210315,170000,25.35,25.44,25.14,25.15,16244,0
FFBC.US,60,20210315,180000,25.18,25.68,25.15,25.61,23177,0
FFBC.US,60,20210315,190000,25.63,25.63,25.37,25.47,16659,0
FFBC.US,60,20210315,200000,25.49,25.52,25.36,25.44,21614,0
FFBC.US,60,20210315,210000,25.445,25.54,25.26,25.53,143170,0
FFBC.US,60,20210316,150000,25.26,25.475,24.82,24.8726,15721,0
FFBC.US,60,20210316,160000,24.9,25.06,24.62,24.645,17010,0
FFBC.US,60,20210316,170000,24.665,24.8227,24.53,24.8227,19783,0
FFBC.US,60,20210316,180000,24.805,24.86,24.72,24.75,24989,0
FFBC.US,60,20210316,190000,24.775,24.82,24.64,24.71,19505,0
FFBC.US,60,20210316,200000,24.68,24.8445,24.67,24.735,22643,0
FFBC.US,60,20210316,210000,24.72,24.85,24.62,24.85,119527,0
FFBC.US,60,20210317,150000,25.14,25.4,24.75,25.17,10759,0
FFBC.US,60,20210317,160000,25.06,25.16,24.79,24.88,21753,0
FFBC.US,60,20210317,170000,24.89,25.25,24.89,25.13,18460,0
FFBC.US,60,20210317,180000,25.11,25.18,24.91,25.01,11875,0
FFBC.US,60,20210317,190000,24.99,25.0155,24.89,24.9,11988,0
FFBC.US,60,20210317,200000,24.92,25.03,24.79,24.825,18849,0
FFBC.US,60,20210317,210000,24.81,24.9,24.68,24.88,137766,0
FFBC.US,60,20210318,150000,25.15,25.66,25.15,25.5,11722,0
FFBC.US,60,20210318,160000,25.529,25.8105,25.405,25.64,20723,0
FFBC.US,60,20210318,170000,25.64,25.94,25.595,25.89,20648,0
FFBC.US,60,20210318,180000,25.95,26.05,25.71,25.735,22110,0
FFBC.US,60,20210318,190000,25.7071,25.79,25.6,25.61,17891,0
FFBC.US,60,20210318,200000,25.61,25.61,25.35,25.445,20437,0
FFBC.US,60,20210318,210000,25.45,25.47,24.86,25.04,178595,0
FFBC.US,60,20210319,150000,24.19,24.72,24,24.49,333321,0
FFBC.US,60,20210319,160000,24.66,24.74,24.42,24.71,18553,0
FFBC.US,60,20210319,170000,24.7,25.04,24.63,25.02,18942,0
FFBC.US,60,20210319,180000,25.04,25.19,24.98,25.02,11427,0
FFBC.US,60,20210319,190000,25.01,25.16,24.96,24.99,9205,0
FFBC.US,60,20210319,200000,24.98,25.06,24.74,24.81,16918,0
FFBC.US,60,20210319,210000,24.81,25.19,24.69,25.12,143713,0
FFBC.US,60,20210322,150000,24.74,24.74,24.34,24.34,15091,0
FFBC.US,60,20210322,160000,24.3,24.36,23.93,24.01,44015,0
FFBC.US,60,20210322,170000,23.99,24.14,23.87,24.1,10719,0
FFBC.US,60,20210322,180000,24.08,24.08,23.83,23.96,19988,0
FFBC.US,60,20210322,190000,24.01,24.21,23.93,24.21,13856,0
FFBC.US,60,20210322,200000,24.2,24.29,24.11,24.29,11964,0
FFBC.US,60,20210322,210000,24.3,24.345,24.07,24.14,109813,0
FFBC.US,60,20210323,150000,23.75,23.96,23.65,23.92,17900,0
FFBC.US,60,20210323,160000,23.92,23.94,23.64,23.66,14038,0
FFBC.US,60,20210323,170000,23.63,23.82,23.54,23.815,10889,0
FFBC.US,60,20210323,180000,23.77,23.96,23.725,23.92,7762,0
FFBC.US,60,20210323,190000,23.91,23.94,23.73,23.76,9821,0
FFBC.US,60,20210323,200000,23.7001,23.79,23.46,23.49,16459,0
FFBC.US,60,20210323,210000,23.495,23.62,23.18,23.27,174231,0
FFBC.US,60,20210324,150000,23.64,24.14,23.64,23.855,12678,0
FFBC.US,60,20210324,160000,23.84,24.47,23.815,24.3222,27254,0
FFBC.US,60,20210324,170000,24.34,24.34,23.93,24.13,6764,0
FFBC.US,60,20210324,180000,24.094,24.34,24.08,24.12,15763,0
FFBC.US,60,20210324,190000,24.11,24.11,23.87,23.885,15011,0
FFBC.US,60,20210324,200000,23.86,23.93,23.575,23.575,11972,0
FFBC.US,60,20210324,210000,23.575,23.65,23.22,23.26,115981,0
FFBC.US,60,20210325,150000,23.26,23.37,23.0281,23.19,7773,0
FFBC.US,60,20210325,160000,23.1,23.33,22.92,23.09,16596,0
FFBC.US,60,20210325,170000,23.04,23.72,23.04,23.72,9303,0
FFBC.US,60,20210325,180000,23.7,23.88,23.57,23.78,15179,0
FFBC.US,60,20210325,190000,23.79,23.81,23.65,23.73,11990,0
FFBC.US,60,20210325,200000,23.67,23.89,23.59,23.85,17958,0
FFBC.US,60,20210325,210000,23.86,24.09,23.75,23.94,129353,0
FFBC.US,60,20210326,150000,24.37,24.5,24.15,24.4,10732,0
FFBC.US,60,20210326,160000,24.41,24.76,24.34,24.53,29267,0
FFBC.US,60,20210326,170000,24.515,24.69,24.41,24.64,21209,0
FFBC.US,60,20210326,180000,24.62,24.84,24.58,24.74,18812,0
FFBC.US,60,20210326,190000,24.76,24.77,24.53,24.59,19552,0
FFBC.US,60,20210326,200000,24.595,24.74,24.5,24.7,19232,0
FFBC.US,60,20210326,210000,24.71,24.92,24.5,24.89,111726,0
FFBC.US,60,20210329,160000,24.45,24.72,24.37,24.63,8344,0
FFBC.US,60,20210329,170000,24.62,24.72,23.97,24.025,15617,0
FFBC.US,60,20210329,180000,24.05,24.2,23.88,24.15,18086,0
FFBC.US,60,20210329,190000,24.125,24.28,23.97,24.27,13248,0
FFBC.US,60,20210329,200000,24.18,24.27,23.95,23.98,12416,0
FFBC.US,60,20210329,210000,23.97,24.09,23.96,24,10598,0
FFBC.US,60,20210329,220000,24.03,24.38,23.86,23.9,178051,0
FFBC.US,60,20210330,160000,24.22,24.75,24.22,24.42,18628,0
FFBC.US,60,20210330,170000,24.46,24.595,24.26,24.4444,16715,0
FFBC.US,60,20210330,180000,24.46,24.67,24.36,24.4,10252,0
FFBC.US,60,20210330,190000,24.45,24.555,24.4,24.46,16729,0
FFBC.US,60,20210330,200000,24.46,24.465,24.28,24.37,24609,0
FFBC.US,60,20210330,210000,24.35,24.58,24.33,24.56,12163,0
FFBC.US,60,20210330,220000,24.56,24.6,24.26,24.35,100352,0
FFBC.US,60,20210331,160000,24.24,24.47,24.11,24.11,6986,0
FFBC.US,60,20210331,170000,24,24.08,23.94,24.05,21881,0
FFBC.US,60,20210331,180000,24.04,24.2,23.8,23.88,19941,0
FFBC.US,60,20210331,190000,23.9,24.17,23.86,24.11,21231,0
FFBC.US,60,20210331,200000,24.125,24.24,24.06,24.24,18235,0
FFBC.US,60,20210331,210000,24.25,24.32,24.18,24.2,26408,0
FFBC.US,60,20210331,220000,24.16,24.3,23.98,24,264562,0
FFBC.US,60,20210401,160000,23.93,23.93,23.65,23.69,14321,0
FFBC.US,60,20210401,170000,23.65,23.79,23.595,23.63,26308,0
FFBC.US,60,20210401,180000,23.627,23.82,23.575,23.765,19234,0
FFBC.US,60,20210401,190000,23.78,24.02,23.74,23.94,8666,0
FFBC.US,60,20210401,200000,23.94,24,23.84,23.9,8233,0
FFBC.US,60,20210401,210000,23.88,24.02,23.82,23.85,9403,0
FFBC.US,60,20210401,220000,23.845,23.96,23.75,23.94,128811,0
FFBC.US,60,20210405,160000,24.18,24.52,24.07,24.07,23471,0
FFBC.US,60,20210405,170000,24.12,24.315,24.04,24.15,37374,0
FFBC.US,60,20210405,180000,24.08,24.195,24.03,24.03,44153,0
FFBC.US,60,20210405,190000,24.015,24.17,23.99,24.08,14330,0
FFBC.US,60,20210405,200000,24.04,24.13,24,24.01,13744,0
FFBC.US,60,20210405,210000,24.025,24.06,23.97,24.02,30316,0
FFBC.US,60,20210405,220000,24.02,24.37,23.96,24.3,184005,0
FFBC.US,60,20210406,160000,24.38,24.47,23.9946,24.22,13657,0
FFBC.US,60,20210406,170000,24.225,24.36,24.09,24.15,26183,0
FFBC.US,60,20210406,180000,24.125,24.15,23.94,23.95,57369,0
FFBC.US,60,20210406,190000,23.97,24.11,23.97,24.1,7041,0
FFBC.US,60,20210406,200000,24.14,24.3,24.105,24.265,13542,0
FFBC.US,60,20210406,210000,24.27,24.305,24.15,24.175,22134,0
FFBC.US,60,20210406,220000,24.19,24.27,24.12,24.215,129250,0
FFBC.US,60,20210407,160000,24.33,24.46,24.11,24.13,20480,0
FFBC.US,60,20210407,170000,24.1,24.26,24.035,24.11,23755,0
FFBC.US,60,20210407,180000,24.09,24.16,24.05,24.1,16771,0
FFBC.US,60,20210407,190000,24.1,24.24,24.05,24.225,14932,0
FFBC.US,60,20210407,200000,24.24,24.27,24.13,24.15,19009,0
FFBC.US,60,20210407,210000,24.16,24.17,24,24.02,26264,0
FFBC.US,60,20210407,220000,24.04,24.17,23.98,24.155,216361,0
FFBC.US,60,20210408,160000,24.145,24.19,23.73,23.765,27000,0
FFBC.US,60,20210408,170000,23.8,23.979,23.64,23.85,26649,0
FFBC.US,60,20210408,180000,23.87,24.04,23.79,24.005,13745,0
FFBC.US,60,20210408,190000,24.005,24.24,24,24.07,14692,0
FFBC.US,60,20210408,200000,24.08,24.145,23.96,24,15583,0
FFBC.US,60,20210408,210000,24.03,24.18,24.03,24.16,12492,0
FFBC.US,60,20210408,220000,24.17,24.35,24.165,24.305,185105,0
FFBC.US,60,20210409,160000,24.41,24.7,24.41,24.61,19341,0
FFBC.US,60,20210409,170000,24.6,24.68,24.5,24.56,15115,0
FFBC.US,60,20210409,180000,24.57,24.65,24.47,24.51,11668,0
FFBC.US,60,20210409,190000,24.49,24.63,24.49,24.55,16783,0
FFBC.US,60,20210409,200000,24.58,24.58,24.41,24.44,8284,0
FFBC.US,60,20210409,210000,24.44,24.51,24.37,24.48,18724,0
FFBC.US,60,20210409,220000,24.49,24.73,24.45,24.68,125612,0
FFBC.US,60,20210412,160000,24.79,25.16,24.635,25.055,39977,0
FFBC.US,60,20210412,170000,25.02,25.1,24.88,24.96,24207,0
FFBC.US,60,20210412,180000,24.92,25.13,24.87,25.11,25928,0
FFBC.US,60,20210412,190000,25.11,25.21,25.05,25.13,19141,0
FFBC.US,60,20210412,200000,25.11,25.12,25.01,25.01,24367,0
FFBC.US,60,20210412,210000,25.04,25.05,24.83,24.865,36691,0
FFBC.US,60,20210412,220000,24.865,24.99,24.77,24.94,144421,0
FFBC.US,60,20210413,160000,24.78,24.875,24.14,24.17,16536,0
FFBC.US,60,20210413,170000,24.15,24.47,24.08,24.47,21223,0
FFBC.US,60,20210413,180000,24.47,24.47,24.28,24.31,15639,0
FFBC.US,60,20210413,190000,24.32,24.32,24.07,24.17,13802,0
FFBC.US,60,20210413,200000,24.16,24.185,24.11,24.185,11280,0
FFBC.US,60,20210413,210000,24.22,24.3,24.22,24.24,14543,0
FFBC.US,60,20210413,220000,24.26,24.37,24.16,24.18,113439,0
FFBC.US,60,20210414,160000,24.15,24.54,24.14,24.54,7441,0
FFBC.US,60,20210414,170000,24.53,24.71,24.4968,24.69,7359,0
FFBC.US,60,20210414,180000,24.69,24.715,24.55,24.57,9158,0
FFBC.US,60,20210414,190000,24.58,24.58,24.43,24.4534,10130,0
FFBC.US,60,20210414,200000,24.42,24.57,24.39,24.47,6981,0
FFBC.US,60,20210414,210000,24.49,24.5857,24.46,24.48,8787,0
FFBC.US,60,20210414,220000,24.42,24.6,24.3506,24.48,69481,0
FFBC.US,60,20210415,160000,24.47,24.47,23.84,23.9609,18085,0
FFBC.US,60,20210415,170000,23.96,24.03,23.79,23.97,7297,0
FFBC.US,60,20210415,180000,23.93,24.22,23.87,24.22,7137,0
FFBC.US,60,20210415,190000,24.19,24.23,24.19,24.22,2900,0
FFBC.US,60,20210415,200000,24.215,24.26,24.11,24.26,4227,0
FFBC.US,60,20210415,210000,24.285,24.42,24.285,24.33,21026,0
FFBC.US,60,20210415,220000,24.36,24.46,24.28,24.46,73773,0
FFBC.US,60,20210416,160000,24.79,24.88,24.5,24.55,17774,0
FFBC.US,60,20210416,170000,24.49,24.57,24.34,24.48,8757,0
FFBC.US,60,20210416,180000,24.46,24.54,24.36,24.395,5190,0
FFBC.US,60,20210416,190000,24.33,24.42,24.32,24.41,5490,0
FFBC.US,60,20210416,200000,24.36,24.54,24.36,24.54,7722,0
FFBC.US,60,20210416,210000,24.55,24.59,24.48,24.55,12456,0
FFBC.US,60,20210416,220000,24.6,24.62,24.48,24.53,89626,0
FFBC.US,60,20210419,160000,24.45,24.7,24.33,24.33,14655,0
FFBC.US,60,20210419,170000,24.25,24.42,24.11,24.18,10800,0
FFBC.US,60,20210419,180000,24.121,24.315,24.05,24.26,8044,0
FFBC.US,60,20210419,190000,24.32,24.32,24.21,24.25,5548,0
FFBC.US,60,20210419,200000,24.28,24.28,24.22,24.23,1705,0
FFBC.US,60,20210419,210000,24.24,24.28,24.2,24.26,6318,0
FFBC.US,60,20210419,220000,24.25,24.33,24.2,24.29,85529,0
FFBC.US,60,20210420,160000,24.19,24.19,23.81,23.87,14788,0
FFBC.US,60,20210420,170000,23.91,24.12,23.64,23.74,10759,0
FFBC.US,60,20210420,180000,23.7,23.77,23.58,23.76,13423,0
FFBC.US,60,20210420,190000,23.83,23.83,23.62,23.68,6486,0
FFBC.US,60,20210420,200000,23.63,23.63,23.38,23.4,13967,0
FFBC.US,60,20210420,210000,23.4,23.49,23.27,23.31,16135,0
FFBC.US,60,20210420,220000,23.315,23.51,23.28,23.35,161646,0
FFBC.US,60,20210421,160000,23.27,23.65,23.25,23.6,5646,0
FFBC.US,60,20210421,170000,23.6,23.8428,23.595,23.775,10330,0
FFBC.US,60,20210421,180000,23.8,23.86,23.575,23.82,7458,0
FFBC.US,60,20210421,190000,23.81,23.91,23.79,23.88,7281,0
FFBC.US,60,20210421,200000,23.88,23.97,23.82,23.92,25796,0
FFBC.US,60,20210421,210000,23.92,23.94,23.83,23.89,8303,0
FFBC.US,60,20210421,220000,23.875,24.02,23.875,23.98,129489,0
FFBC.US,60,20210422,160000,23.85,23.93,23.7,23.8,10457,0
FFBC.US,60,20210422,170000,23.83,23.84,23.68,23.84,10357,0
FFBC.US,60,20210422,180000,23.83,24.08,23.83,24.025,8579,0
FFBC.US,60,20210422,190000,24.04,24.17,23.97,24.17,15573,0
FFBC.US,60,20210422,200000,24.18,24.21,23.85,23.87,15713,0
FFBC.US,60,20210422,210000,23.79,23.94,23.79,23.94,7596,0
FFBC.US,60,20210422,220000,23.94,23.96,23.64,23.645,116416,0
FFBC.US,60,20210423,160000,23.22,24.195,23.22,23.885,20403,0
FFBC.US,60,20210423,170000,23.82,24.56,23.82,24.44,55095,0
FFBC.US,60,20210423,180000,24.48,24.655,24.38,24.64,46107,0
FFBC.US,60,20210423,190000,24.65,24.76,24.57,24.76,17987,0
FFBC.US,60,20210423,200000,24.79,25,24.78,24.9,17200,0
FFBC.US,60,20210423,210000,24.93,24.95,24.82,24.86,22124,0
FFBC.US,60,20210423,220000,24.86,25.1,24.86,24.97,229645,0
FFBC.US,60,20210426,160000,25.25,25.69,24.925,25.25,32232,0
FFBC.US,60,20210426,170000,25.2,25.2,24.82,24.92,36326,0
FFBC.US,60,20210426,180000,24.95,25.065,24.84,24.99,18194,0
FFBC.US,60,20210426,190000,24.925,24.945,24.69,24.73,27800,0
FFBC.US,60,20210426,200000,24.73,24.78,24.58,24.59,34062,0
FFBC.US,60,20210426,210000,24.61,24.63,24.535,24.56,32396,0
FFBC.US,60,20210426,220000,24.58,24.6,24.45,24.54,227366,0
FFBC.US,60,20210427,160000,24.73,24.87,24.38,24.45,19842,0
FFBC.US,60,20210427,170000,24.405,24.5,24.29,24.43,25288,0
FFBC.US,60,20210427,180000,24.47,24.49,24.35,24.47,20408,0
FFBC.US,60,20210427,190000,24.48,24.52,24.3,24.36,21518,0
FFBC.US,60,20210427,200000,24.355,24.45,24.335,24.39,18460,0
FFBC.US,60,20210427,210000,24.38,24.54,24.32,24.5,20450,0
FFBC.US,60,20210427,220000,24.52,24.7,24.4801,24.66,268456,0
FFBC.US,60,20210428,160000,24.83,24.89,24.58,24.64,12158,0
FFBC.US,60,20210428,170000,24.58,24.88,24.52,24.83,20042,0
FFBC.US,60,20210428,180000,24.81,24.88,24.74,24.74,19842,0
FFBC.US,60,20210428,190000,24.74,24.78,24.73,24.75,30482,0
FFBC.US,60,20210428,200000,24.76,24.81,24.74,24.79,13978,0
FFBC.US,60,20210428,210000,24.8,24.91,24.78,24.82,28442,0
FFBC.US,60,20210428,220000,24.86,24.87,24.7,24.75,209736,0
FFBC.US,60,20210429,160000,24.98,25.35,24.92,25.31,12076,0
FFBC.US,60,20210429,170000,25.21,25.29,24.98,25.0069,33748,0
FFBC.US,60,20210429,180000,25.05,25.08,24.97,25.02,30552,0
FFBC.US,60,20210429,190000,24.99,24.99,24.84,24.96,15808,0
FFBC.US,60,20210429,200000,24.96,24.96,24.8,24.8,67624,0
FFBC.US,60,20210429,210000,24.85,24.99,24.85,24.96,25848,0
FFBC.US,60,20210429,220000,24.97,25.005,24.86,24.9,236362,0
FFBC.US,60,20210430,160000,24.64,24.87,24.56,24.8,19214,0
FFBC.US,60,20210430,170000,24.84,25.03,24.62,24.71,37430,0
FFBC.US,60,20210430,180000,24.68,24.79,24.65,24.72,26784,0
FFBC.US,60,20210430,190000,24.72,24.75,24.6,24.61,46550,0
FFBC.US,60,20210430,200000,24.62,24.73,24.58,24.6,52298,0
FFBC.US,60,20210430,210000,24.59,24.71,24.58,24.66,38528,0
FFBC.US,60,20210430,220000,24.66,24.74,24.47,24.54,157478,0
FFBC.US,60,20210503,160000,24.74,25.02,24.72,24.94,9409,0
FFBC.US,60,20210503,170000,24.88,24.9,24.69,24.87,33559,0
FFBC.US,60,20210503,180000,24.83,25.16,24.82,24.96,16310,0
FFBC.US,60,20210503,190000,24.97,25.07,24.91,24.91,11963,0
FFBC.US,60,20210503,200000,24.9,25.06,24.89,25,9225,0
FFBC.US,60,20210503,210000,25,25.07,24.975,25.02,21001,0
FFBC.US,60,20210503,220000,25.02,25.09,24.96,25.03,124403,0
FFBC.US,60,20210504,160000,24.95,25.14,24.58,24.63,11234,0
FFBC.US,60,20210504,170000,24.58,24.975,24.54,24.84,17748,0
FFBC.US,60,20210504,180000,24.81,25.12,24.75,25.085,23451,0
FFBC.US,60,20210504,190000,25.09,25.27,25.09,25.23,13491,0
FFBC.US,60,20210504,200000,25.15,25.17,25.03,25.09,17139,0
FFBC.US,60,20210504,210000,25.06,25.09,24.99,25.03,8719,0
FFBC.US,60,20210504,220000,25.01,25.12,24.98,25.1,92174,0
FFBC.US,60,20210505,160000,25.12,25.12,24.75,25.0599,6171,0
FFBC.US,60,20210505,170000,25.041,25.1,24.92,25.07,8922,0
FFBC.US,60,20210505,180000,25.1,25.25,25.1,25.18,12529,0
FFBC.US,60,20210505,190000,25.2,25.2,25.035,25.07,5517,0
FFBC.US,60,20210505,200000,25.07,25.14,25.06,25.14,5621,0
FFBC.US,60,20210505,210000,25.13,25.21,25.1,25.11,8513,0
FFBC.US,60,20210505,220000,25.14,25.14,25.02,25.1,88079,0
FFBC.US,60,20210506,160000,24.93,25.23,24.92,24.92,10225,0
FFBC.US,60,20210506,170000,24.92,25.1,24.91,25.03,9718,0
FFBC.US,60,20210506,180000,25.05,25.19,25,25.14,5754,0
FFBC.US,60,20210506,190000,25.14,25.15,24.93,25.012,11781,0
FFBC.US,60,20210506,200000,25.05,25.115,25,25.1,9370,0
FFBC.US,60,20210506,210000,25.07,25.14,25.01,25.125,9677,0
FFBC.US,60,20210506,220000,25.12,25.49,25.09,25.45,95338,0
FFBC.US,60,20210507,160000,25.01,25.22,24.95,25.0075,10935,0
FFBC.US,60,20210507,170000,25.04,25.22,24.97,25.16,6571,0
FFBC.US,60,20210507,180000,25.11,25.14,25,25.06,6887,0
FFBC.US,60,20210507,190000,25.0352,25.2,25.03,25.165,4864,0
FFBC.US,60,20210507,200000,25.18,25.19,25.1,25.19,4731,0
FFBC.US,60,20210507,210000,25.16,25.25,25.11,25.23,7321,0
FFBC.US,60,20210507,220000,25.22,25.339,25.16,25.31,75863,0
FFBC.US,60,20210510,160000,25.32,25.68,25.32,25.46,22236,0
FFBC.US,60,20210510,170000,25.45,25.52,25.26,25.37,11965,0
FFBC.US,60,20210510,180000,25.43,25.56,25.4,25.41,10470,0
FFBC.US,60,20210510,190000,25.39,25.415,25.31,25.338,8050,0
FFBC.US,60,20210510,200000,25.35,25.35,25.22,25.25,6555,0
FFBC.US,60,20210510,210000,25.24,25.31,25,25.005,20422,0
FFBC.US,60,20210510,220000,25.01,25.135,24.97,24.97,301767,0
FFBC.US,60,20210511,160000,24.63,25.0761,24.63,25.03,24823,0
FFBC.US,60,20210511,170000,25.13,25.13,24.69,24.86,28858,0
FFBC.US,60,20210511,180000,24.82,24.9,24.79,24.81,18976,0
FFBC.US,60,20210511,190000,24.78,24.84,24.7,24.75,13595,0
FFBC.US,60,20210511,200000,24.73,24.93,24.73,24.91,11199,0
FFBC.US,60,20210511,210000,24.95,24.96,24.79,24.85,11151,0
FFBC.US,60,20210511,220000,24.84,24.93,24.75,24.78,67029,0
FFBC.US,60,20210512,160000,25.02,25.15,24.755,24.98,16407,0
FFBC.US,60,20210512,170000,24.98,25.15,24.92,25.015,7904,0
FFBC.US,60,20210512,180000,25.09,25.12,24.88,24.88,10797,0
FFBC.US,60,20210512,190000,24.93,24.93,24.83,24.88,9886,0
FFBC.US,60,20210512,200000,24.89,25.08,24.87,24.9,11562,0
FFBC.US,60,20210512,210000,24.92,24.94,24.82,24.9,21051,0
FFBC.US,60,20210512,220000,24.83,24.85,24.42,24.47,197531,0
FFBC.US,60,20210513,160000,24.34,25.12,24.34,25.04,17468,0
FFBC.US,60,20210513,170000,25.045,25.16,24.94,25.09,26994,0
FFBC.US,60,20210513,180000,25.06,25.1,24.9,24.9,12606,0
FFBC.US,60,20210513,190000,24.9,25.07,24.9,25.02,19289,0
FFBC.US,60,20210513,200000,25,25.13,24.9,25.02,15828,0
FFBC.US,60,20210513,210000,25.025,25.35,25.025,25.28,16737,0
FFBC.US,60,20210513,220000,25.38,25.62,25.17,25.46,135452,0
FFBC.US,60,20210514,160000,25.73,25.7777,25.49,25.7291,12301,0
FFBC.US,60,20210514,170000,25.67,25.6849,25.41,25.605,8034,0
FFBC.US,60,20210514,180000,25.5999,25.5999,25.38,25.4719,5077,0
FFBC.US,60,20210514,190000,25.52,25.52,25.435,25.49,8221,0
FFBC.US,60,20210514,200000,25.47,25.49,25.39,25.395,12253,0
FFBC.US,60,20210514,210000,25.41,25.53,25.41,25.52,16209,0
FFBC.US,60,20210514,220000,25.555,25.64,25.47,25.63,126462,0
FFBC.US,60,20210517,160000,25.45,25.78,25.32,25.34,7767,0
FFBC.US,60,20210517,170000,25.32,25.62,25.31,25.55,21001,0
FFBC.US,60,20210517,180000,25.5,25.64,25.47,25.5,9518,0
FFBC.US,60,20210517,190000,25.54,25.67,25.54,25.67,3626,0
FFBC.US,60,20210517,200000,25.69,25.72,25.59,25.67,7882,0
FFBC.US,60,20210517,210000,25.7,25.76,25.6607,25.7194,8478,0
FFBC.US,60,20210517,220000,25.71,25.8,25.67,25.77,76027,0
FFBC.US,60,20210518,160000,25.64,25.9,25.63,25.81,4034,0
FFBC.US,60,20210518,170000,25.76,25.85,25.69,25.75,8411,0
FFBC.US,60,20210518,180000,25.72,25.8,25.65,25.75,16292,0
FFBC.US,60,20210518,190000,25.73,25.77,25.68,25.68,3988,0
FFBC.US,60,20210518,200000,25.68,25.73,25.68,25.73,3487,0
FFBC.US,60,20210518,210000,25.73,25.73,25.52,25.55,4617,0
FFBC.US,60,20210518,220000,25.58,25.65,25.24,25.26,85405,0
FFBC.US,60,20210519,160000,24.94,25.1,24.84,24.88,15553,0
FFBC.US,60,20210519,170000,24.88,24.97,24.7,24.9,13724,0
FFBC.US,60,20210519,180000,24.85,25.06,24.78,25.06,7585,0
FFBC.US,60,20210519,190000,25.04,25.17,25.03,25.17,8430,0
FFBC.US,60,20210519,200000,25.2,25.24,25.125,25.2,18167,0
FFBC.US,60,20210519,210000,25.18,25.25,25.05,25.15,11613,0
FFBC.US,60,20210519,220000,25.14,25.45,25.14,25.42,161140,0
FFBC.US,60,20210520,160000,25.27,25.37,25.04,25.22,13053,0
FFBC.US,60,20210520,170000,25.2,25.5,25.15,25.33,19303,0
FFBC.US,60,20210520,180000,25.33,25.52,25.33,25.52,9742,0
FFBC.US,60,20210520,190000,25.48,25.51,25.28,25.33,16000,0
FFBC.US,60,20210520,200000,25.32,25.42,25.27,25.37,35326,0
FFBC.US,60,20210520,210000,25.39,25.4,25.34,25.36,13594,0
FFBC.US,60,20210520,220000,25.36,25.63,25.35,25.55,108506,0
FFBC.US,60,20210521,160000,25.82,26.12,25.05,26.11,25279,0
FFBC.US,60,20210521,170000,25.99,26.0699,25.86,26.05,12126,0
FFBC.US,60,20210521,180000,26.07,26.17,25.935,25.945,11731,0
FFBC.US,60,20210521,190000,25.94,25.97,25.7,25.73,7615,0
FFBC.US,60,20210521,200000,25.77,25.9,25.77,25.85,15153,0
FFBC.US,60,20210521,210000,25.85,25.955,25.85,25.94,5971,0
FFBC.US,60,20210521,220000,25.96,26.12,25.96,26.02,75600,0
FFBC.US,60,20210524,160000,26.01,26.01,25.58,25.73,7253,0
FFBC.US,60,20210524,170000,25.74,25.77,25.45,25.45,29062,0
FFBC.US,60,20210524,180000,25.47,25.5,25.32,25.3575,23447,0
FFBC.US,60,20210524,190000,25.35,25.38,25.27,25.37,18564,0
FFBC.US,60,20210524,200000,25.36,25.53,25.36,25.53,12446,0
FFBC.US,60,20210524,210000,25.505,25.54,25.485,25.54,17157,0
FFBC.US,60,20210524,220000,25.55,25.59,25.38,25.4,106111,0
FFBC.US,60,20210525,160000,25.37,25.72,25.26,25.49,8994,0
FFBC.US,60,20210525,170000,25.51,25.56,25.35,25.49,24890,0
FFBC.US,60,20210525,180000,25.5,25.5,25.3,25.41,20089,0
FFBC.US,60,20210525,190000,25.4,25.45,25.23,25.23,21366,0
FFBC.US,60,20210525,200000,25.23,25.23,25.05,25.05,21824,0
FFBC.US,60,20210525,210000,25.05,25.05,24.86,24.87,35408,0
FFBC.US,60,20210525,220000,24.86,24.91,24.53,24.59,189423,0
FFBC.US,60,20210526,160000,24.59,24.85,24.59,24.67,14408,0
FFBC.US,60,20210526,170000,24.68,24.82,24.66,24.79,15318,0
FFBC.US,60,20210526,180000,24.84,24.91,24.79,24.88,11796,0
FFBC.US,60,20210526,190000,24.91,24.98,24.89,24.92,13003,0
FFBC.US,60,20210526,200000,24.94,25.06,24.93,24.96,12200,0
FFBC.US,60,20210526,210000,24.96,25.05,24.92,25.02,16276,0
FFBC.US,60,20210526,220000,25.02,25.09,24.98,25.02,94701,0
FFBC.US,60,20210527,160000,25.42,25.55,25.41,25.53,13716,0
FFBC.US,60,20210527,170000,25.48,25.5,25.28,25.45,24717,0
FFBC.US,60,20210527,180000,25.46,25.49,25.38,25.49,26772,0
FFBC.US,60,20210527,190000,25.48,25.5,25.44,25.44,16739,0
FFBC.US,60,20210527,200000,25.44,25.5,25.43,25.49,24758,0
FFBC.US,60,20210527,210000,25.49,25.58,25.48,25.58,25264,0
FFBC.US,60,20210527,220000,25.57,25.6,25.5,25.55,130431,0
FFBC.US,60,20210528,160000,25.28,25.46,25.09,25.2,18205,0
FFBC.US,60,20210528,170000,25.235,25.28,24.97,25.275,18188,0
FFBC.US,60,20210528,180000,25.31,25.36,25.24,25.36,10244,0
FFBC.US,60,20210528,190000,25.38,25.42,25.34,25.39,9028,0
FFBC.US,60,20210528,200000,25.37,25.46,25.37,25.41,7886,0
FFBC.US,60,20210528,210000,25.41,25.41,25.34,25.34,10150,0
FFBC.US,60,20210528,220000,25.34,25.5,25.34,25.47,86778,0
FFBC.US,60,20210601,160000,25.53,25.69,24.985,25.5,26074,0
FFBC.US,60,20210601,170000,25.54,25.71,25.45,25.53,57386,0
FFBC.US,60,20210601,180000,25.54,25.75,25.54,25.5788,20836,0
FFBC.US,60,20210601,190000,25.57,25.57,25.51,25.53,9397,0
FFBC.US,60,20210601,200000,25.53,25.57,25.49,25.57,30568,0
FFBC.US,60,20210601,210000,25.55,25.73,25.53,25.73,14952,0
FFBC.US,60,20210601,220000,25.72,25.76,25.54,25.6,207906,0
FFBC.US,60,20210602,160000,25.63,25.69,25.5,25.55,32948,0
FFBC.US,60,20210602,170000,25.58,25.66,25.505,25.62,13261,0
FFBC.US,60,20210602,180000,25.595,25.655,25.565,25.61,21273,0
FFBC.US,60,20210602,190000,25.59,25.6,25.5,25.54,20327,0
FFBC.US,60,20210602,200000,25.55,25.58,25.5,25.53,17639,0
FFBC.US,60,20210602,210000,25.53,25.58,25.51,25.565,18047,0
FFBC.US,60,20210602,220000,25.57,25.595,25.42,25.48,147656,0
FFBC.US,60,20210603,160000,25.54,25.54,25.37,25.46,10127,0
FFBC.US,60,20210603,170000,25.48,25.58,25.38,25.58,19743,0
FFBC.US,60,20210603,180000,25.58,25.58,25.48,25.56,13021,0
FFBC.US,60,20210603,190000,25.59,25.64,25.58,25.5995,18243,0
FFBC.US,60,20210603,200000,25.59,25.61,25.54,25.56,29369,0
FFBC.US,60,20210603,210000,25.56,25.56,25.47,25.52,25454,0
FFBC.US,60,20210603,220000,25.5399,25.64,25.52,25.58,83045,0
FFBC.US,60,20210604,160000,25.47,25.57,25.39,25.47,11958,0
FFBC.US,60,20210604,170000,25.46,25.54,25.43,25.52,11295,0
FFBC.US,60,20210604,180000,25.5,25.5,25.4,25.4,10562,0
FFBC.US,60,20210604,190000,25.39,25.54,25.37,25.54,7877,0
FFBC.US,60,20210604,200000,25.54,25.61,25.53,25.56,7500,0
FFBC.US,60,20210604,210000,25.57,25.65,25.55,25.6,9076,0
FFBC.US,60,20210604,220000,25.6,25.71,25.58,25.62,111108,0
FFBC.US,60,20210607,160000,25.8,25.8,25.61,25.62,7813,0
FFBC.US,60,20210607,170000,25.61,25.67,25.5,25.56,9112,0
FFBC.US,60,20210607,180000,25.53,25.68,25.5,25.67,12337,0
FFBC.US,60,20210607,190000,25.672,25.71,25.64,25.71,14900,0
FFBC.US,60,20210607,200000,25.71,25.79,25.71,25.74,12175,0
FFBC.US,60,20210607,210000,25.73,25.74,25.63,25.66,15539,0
FFBC.US,60,20210607,220000,25.66,25.72,25.65,25.7,87249,0
FFBC.US,60,20210608,160000,25.21,25.7,25.21,25.48,24848,0
FFBC.US,60,20210608,170000,25.465,25.74,25.42,25.73,20715,0
FFBC.US,60,20210608,180000,25.75,25.83,25.67,25.8,18469,0
FFBC.US,60,20210608,190000,25.82,25.9,25.81,25.82,10937,0
FFBC.US,60,20210608,200000,25.8101,25.87,25.73,25.73,16181,0
FFBC.US,60,20210608,210000,25.73,25.73,25.695,25.71,13753,0
FFBC.US,60,20210608,220000,25.705,25.83,25.7,25.73,135075,0
FFBC.US,60,20210609,160000,25.46,25.55,25.23,25.355,20799,0
FFBC.US,60,20210609,170000,25.355,25.52,25.34,25.505,38448,0
FFBC.US,60,20210609,180000,25.49,25.57,25.485,25.52,19995,0
FFBC.US,60,20210609,190000,25.51,25.53,25.4,25.47,14511,0
FFBC.US,60,20210609,200000,25.48,25.49,25.43,25.485,20720,0
FFBC.US,60,20210609,210000,25.485,25.53,25.48,25.51,21906,0
FFBC.US,60,20210609,220000,25.51,25.55,25.36,25.4,198856,0
FFBC.US,60,20210610,160000,25.75,25.79,25.41,25.4306,23293,0
FFBC.US,60,20210610,170000,25.47,25.47,25.2,25.285,25187,0
FFBC.US,60,20210610,180000,25.28,25.34,25.21,25.235,26592,0
FFBC.US,60,20210610,190000,25.24,25.325,25.21,25.325,48682,0
FFBC.US,60,20210610,200000,25.33,25.38,25.33,25.375,26367,0
FFBC.US,60,20210610,210000,25.38,25.395,25.355,25.39,35358,0
FFBC.US,60,20210610,220000,25.38,25.42,25.13,25.18,150459,0
FFBC.US,60,20210611,160000,25.32,25.44,25.12,25.34,8859,0
FFBC.US,60,20210611,170000,25.37,25.42,25.23,25.33,24832,0
FFBC.US,60,20210611,180000,25.31,25.41,25.215,25.41,15953,0
FFBC.US,60,20210611,190000,25.4,25.41,25.28,25.36,13310,0
FFBC.US,60,20210611,200000,25.37,25.45,25.37,25.42,19289,0
FFBC.US,60,20210611,210000,25.42,25.42,25.32,25.32,11926,0
FFBC.US,60,20210611,220000,25.31,25.36,25.26,25.32,129224,0
FFBC.US,60,20210614,160000,25.28,25.47,25.19,25.22,8192,0
FFBC.US,60,20210614,170000,25.18,25.27,25.02,25.07,9987,0
FFBC.US,60,20210614,180000,25.065,25.09,24.86,24.89,27276,0
FFBC.US,60,20210614,190000,24.9,24.95,24.84,24.87,15469,0
FFBC.US,60,20210614,200000,24.86,24.92,24.78,24.78,14648,0
FFBC.US,60,20210614,210000,24.78,24.79,24.62,24.74,20573,0
FFBC.US,60,20210614,220000,24.74,24.92,24.7,24.91,154010,0
FFBC.US,60,20210615,160000,25.03,25.17,25.03,25.17,12136,0
FFBC.US,60,20210615,170000,25.21,25.21,25.06,25.0667,30472,0
FFBC.US,60,20210615,180000,25.02,25.04,24.93,24.96,25652,0
FFBC.US,60,20210615,190000,24.96,25.3,24.96,25.295,24128,0
FFBC.US,60,20210615,200000,25.32,25.54,25.29,25.54,22129,0
FFBC.US,60,20210615,210000,25.53,25.66,25.46,25.52,18801,0
FFBC.US,60,20210615,220000,25.52,25.52,25.44,25.48,174750,0
FFBC.US,60,20210616,160000,25.3,25.39,25.04,25.12,6233,0
FFBC.US,60,20210616,170000,25.15,25.48,25.15,25.39,37251,0
FFBC.US,60,20210616,180000,25.41,25.6,25.41,25.56,9935,0
FFBC.US,60,20210616,190000,25.59,25.59,25.39,25.44,9188,0
FFBC.US,60,20210616,200000,25.44,25.53,25.39,25.52,12088,0
FFBC.US,60,20210616,210000,25.49,26.1,25.355,26.07,31311,0
FFBC.US,60,20210616,220000,26.05,26.19,25.98,26,130775,0
FFBC.US,60,20210617,160000,25.0149,26.22,25.0149,25.75,11378,0
FFBC.US,60,20210617,170000,25.68,25.72,25.27,25.27,14893,0
FFBC.US,60,20210617,180000,25.21,25.21,24.75,24.78,21268,0
FFBC.US,60,20210617,190000,24.74,24.8,24.502,24.555,20382,0
FFBC.US,60,20210617,200000,24.6,24.75,24.58,24.65,22214,0
FFBC.US,60,20210617,210000,24.65,24.68,24.46,24.58,22820,0
FFBC.US,60,20210617,220000,24.57,24.71,24.4,24.49,277189,0
FFBC.US,60,20210618,160000,24.28,24.46,23.97,24.06,159394,0
FFBC.US,60,20210618,170000,24.16,24.2,23.7,23.8,25528,0
FFBC.US,60,20210618,180000,23.82,24.05,23.75,24.05,19913,0
FFBC.US,60,20210618,190000,24.05,24.05,23.77,23.8,15470,0
FFBC.US,60,20210618,200000,23.8,23.9,23.76,23.9,30955,0
FFBC.US,60,20210618,210000,23.89,23.94,23.63,23.64,21239,0
FFBC.US,60,20210618,220000,23.64,23.78,23.55,23.59,348905,0
FFBC.US,60,20210621,160000,23.88,24.27,23.88,24.18,16530,0
FFBC.US,60,20210621,170000,24.19,24.705,24.18,24.57,26577,0
FFBC.US,60,20210621,180000,24.6,24.64,24.43,24.61,10369,0
FFBC.US,60,20210621,190000,24.57,24.61,24.47,24.575,12491,0
FFBC.US,60,20210621,200000,24.54,24.545,24.49,24.52,6519,0
FFBC.US,60,20210621,210000,24.54,24.55,24.44,24.45,11293,0
FFBC.US,60,20210621,220000,24.45,24.58,24.43,24.54,169628,0
FFBC.US,60,20210622,160000,23.895,24.67,23.895,24.19,12843,0
FFBC.US,60,20210622,170000,24.22,24.31,24.099,24.31,9135,0
FFBC.US,60,20210622,180000,24.305,24.47,24.22,24.26,13765,0
FFBC.US,60,20210622,190000,24.28,24.3,24.225,24.25,5853,0
FFBC.US,60,20210622,200000,24.29,24.35,24.27,24.345,6289,0
FFBC.US,60,20210622,210000,24.3385,24.4,24.32,24.37,7318,0
FFBC.US,60,20210622,220000,24.38,24.51,24.34,24.39,81383,0
FFBC.US,60,20210623,160000,24.52,24.525,24.27,24.34,6621,0
FFBC.US,60,20210623,170000,24.35,24.48,24.32,24.47,5782,0
FFBC.US,60,20210623,180000,24.52,24.52,24.39,24.39,10446,0
FFBC.US,60,20210623,190000,24.385,24.39,24.325,24.36,19890,0
FFBC.US,60,20210623,200000,24.35,24.46,24.35,24.41,12019,0
FFBC.US,60,20210623,210000,24.4246,24.431,24.27,24.3,25994,0
FFBC.US,60,20210623,220000,24.29,24.39,24.05,24.19,275103,0
FFBC.US,60,20210624,160000,24.31,24.33,24.11,24.18,6186,0
FFBC.US,60,20210624,170000,24.18,24.37,24.17,24.31,11447,0
FFBC.US,60,20210624,180000,24.4,24.57,24.4,24.48,15789,0
FFBC.US,60,20210624,190000,24.48,24.615,24.4,24.6,10353,0
FFBC.US,60,20210624,200000,24.6,24.69,24.6,24.66,8909,0
FFBC.US,60,20210624,210000,24.68,24.75,24.66,24.7,8754,0
FFBC.US,60,20210624,220000,24.71,24.84,24.71,24.81,100432,0
FFBC.US,60,20210625,160000,24.92,24.93,24.78,24.88,5218,0
FFBC.US,60,20210625,170000,24.87,24.97,24.77,24.83,7997,0
FFBC.US,60,20210625,180000,24.87,24.98,24.85,24.97,8337,0
FFBC.US,60,20210625,190000,24.98,25.01,24.92,24.97,16656,0
FFBC.US,60,20210625,200000,24.97,24.97,24.851,24.945,9662,0
FFBC.US,60,20210625,210000,24.95,25.01,24.91,24.99,15197,0
FFBC.US,60,20210625,220000,25,25.09,24.84,24.9,591946,0
FFBC.US,60,20210628,160000,24.74,24.75,24.3,24.45,7046,0
FFBC.US,60,20210628,170000,24.45,24.49,24,24.16,10106,0
FFBC.US,60,20210628,180000,24.14,24.2,23.91,24.01,13118,0
FFBC.US,60,20210628,190000,24.015,24.06,23.83,23.86,11326,0
FFBC.US,60,20210628,200000,23.88,23.88,23.72,23.87,9849,0
FFBC.US,60,20210628,210000,23.89,23.97,23.81,23.81,6309,0
FFBC.US,60,20210628,220000,23.82,23.93,23.8,23.9,172224,0
FFBC.US,60,20210629,160000,24.18,24.29,23.98,24.01,8971,0
FFBC.US,60,20210629,170000,24.06,24.13,23.95,23.995,10968,0
FFBC.US,60,20210629,180000,24.03,24.16,24,24,5479,0
FFBC.US,60,20210629,190000,24,24.01,23.79,23.82,8697,0
FFBC.US,60,20210629,200000,23.805,23.82,23.765,23.79,4038,0
FFBC.US,60,20210629,210000,23.77,23.77,23.64,23.67,13263,0
FFBC.US,60,20210629,220000,23.71,23.78,23.68,23.68,64064,0
FFBC.US,60,20210630,160000,23.53,23.95,23.53,23.715,10045,0
FFBC.US,60,20210630,170000,23.67,23.72,23.56,23.62,18581,0
FFBC.US,60,20210630,180000,23.57,23.745,23.51,23.725,10073,0
FFBC.US,60,20210630,190000,23.72,23.85,23.72,23.78,8907,0
FFBC.US,60,20210630,200000,23.73,23.7479,23.62,23.66,5659,0
FFBC.US,60,20210630,210000,23.69,23.79,23.66,23.75,5181,0
FFBC.US,60,20210630,220000,23.77,23.78,23.59,23.63,60775,0
FFBC.US,60,20210701,160000,23.86,24.03,23.57,23.65,36204,0
FFBC.US,60,20210701,170000,23.62,23.89,23.61,23.68,34962,0
FFBC.US,60,20210701,180000,23.68,23.84,23.68,23.71,53584,0
FFBC.US,60,20210701,190000,23.71,23.84,23.66,23.8,13419,0
FFBC.US,60,20210701,200000,23.8,23.815,23.71,23.73,21557,0
FFBC.US,60,20210701,210000,23.74,23.82,23.68,23.8,6680,0
FFBC.US,60,20210701,220000,23.8,23.81,23.7,23.79,101961,0
FFBC.US,60,20210702,160000,23.79,23.79,23.42,23.48,7407,0
FFBC.US,60,20210702,170000,23.4,23.44,23.2,23.3,11401,0
FFBC.US,60,20210702,180000,23.3,23.33,23.13,23.24,24845,0
FFBC.US,60,20210702,190000,23.22,23.37,23.2,23.32,11422,0
FFBC.US,60,20210702,200000,23.34,23.41,23.3,23.32,5922,0
FFBC.US,60,20210702,210000,23.32,23.39,23.265,23.28,15790,0
FFBC.US,60,20210702,220000,23.28,23.33,23.18,23.22,125634,0
FFBC.US,60,20210706,160000,23.22,23.37,23.18,23.24,134289,0
FFBC.US,60,20210706,170000,23.22,23.23,22.67,22.91,477120,0
FFBC.US,60,20210706,180000,22.92,23.18,22.84,23.12,28936,0
FFBC.US,60,20210706,190000,23.09,23.21,23.02,23.1,19447,0
FFBC.US,60,20210706,200000,23.13,23.18,23.0992,23.1,10789,0
FFBC.US,60,20210706,210000,23.13,23.2,23.1,23.14,12039,0
FFBC.US,60,20210706,220000,23.13,23.22,23.1,23.15,138512,0
FFBC.US,60,20210707,160000,23,23.34,22.95,22.95,20731,0
FFBC.US,60,20210707,170000,22.95,22.98,22.74,22.83,18953,0
FFBC.US,60,20210707,180000,22.835,23.1,22.83,22.93,16857,0
FFBC.US,60,20210707,190000,22.935,22.95,22.85,22.86,24715,0
FFBC.US,60,20210707,200000,22.87,22.875,22.75,22.8,21273,0
FFBC.US,60,20210707,210000,22.795,22.87,22.57,22.7,27672,0
FFBC.US,60,20210707,220000,22.7,22.88,22.69,22.83,205586,0
FFBC.US,60,20210708,160000,22.4,22.56,22.25,22.35,30681,0
FFBC.US,60,20210708,170000,22.3,22.31,22.02,22.16,33258,0
FFBC.US,60,20210708,180000,22.21,22.47,22.21,22.47,24525,0
FFBC.US,60,20210708,190000,22.46,22.63,22.445,22.565,25347,0
FFBC.US,60,20210708,200000,22.565,22.565,22.18,22.225,22833,0
FFBC.US,60,20210708,210000,22.21,22.22,22.01,22.105,27295,0
FFBC.US,60,20210708,220000,22.11,22.28,22.07,22.28,181096,0
FFBC.US,60,20210709,160000,22.83,22.88,22.6,22.84,7861,0
FFBC.US,60,20210709,170000,22.94,22.95,22.69,22.73,18766,0
FFBC.US,60,20210709,180000,22.72,22.81,22.69,22.72,14278,0
FFBC.US,60,20210709,190000,22.73,22.74,22.6,22.72,11922,0
FFBC.US,60,20210709,200000,22.73,22.83,22.69,22.8,16834,0
FFBC.US,60,20210709,210000,22.8,23.1,22.79,23.1,17921,0
FFBC.US,60,20210709,220000,23.1,23.24,23.1,23.19,175809,0
