<TICKER>,<PER>,<DATE>,<TIME>,<OPEN>,<HIGH>,<LOW>,<CLOSE>,<VOL>,<OPENINT>
GLSI.US,60,20200925,180000,5.75,5.75,4.61,4.82,236564,0
GLSI.US,60,20200925,190000,4.84,4.84,4.55,4.6,49847,0
GLSI.US,60,20200925,200000,4.6229,4.69,4.51,4.66,19846,0
GLSI.US,60,20200925,210000,4.65,4.69,4.35,4.41,18897,0
GLSI.US,60,20200925,220000,4.42,5.0948,4.42,5,117269,0
GLSI.US,60,20200928,160000,5,5.08,5,5.0064,8257,0
GLSI.US,60,20200928,170000,5.0086,5.08,5,5.08,8101,0
GLSI.US,60,20200928,180000,5.04,5.06,5.01,5.03,4800,0
GLSI.US,60,20200928,190000,5,5.025,4.9001,4.9355,1645,0
GLSI.US,60,20200928,200000,4.965,4.965,4.9101,4.9101,1500,0
GLSI.US,60,20200928,210000,4.91,5,4.91,4.9899,1006,0
GLSI.US,60,20200928,220000,4.9534,4.99,4.9,4.91,12700,0
GLSI.US,60,20200929,160000,4.94,4.94,4.73,4.91,6065,0
GLSI.US,60,20200929,170000,4.9419,4.9419,4.4,4.47,17292,0
GLSI.US,60,20200929,180000,4.42,4.52,4.42,4.49,6690,0
GLSI.US,60,20200929,190000,4.48,4.5101,4.4,4.4,9598,0
GLSI.US,60,20200929,200000,4.4,4.45,4.0661,4.1418,20420,0
GLSI.US,60,20200929,210000,4.13,4.18,4.1,4.12,7996,0
GLSI.US,60,20200929,220000,4.12,4.91,4.1,4.6,51520,0
GLSI.US,60,20200930,160000,4.75,4.98,4.65,4.7,5254,0
GLSI.US,60,20200930,170000,4.61,4.6999,4.6,4.6299,8306,0
GLSI.US,60,20200930,180000,4.61,4.6441,4.6,4.6001,1100,0
GLSI.US,60,20200930,200000,4.64,4.64,4.5501,4.5501,400,0
GLSI.US,60,20200930,210000,4.54,4.6,4.34,4.45,850,0
GLSI.US,60,20200930,220000,4.4784,4.64,4.4784,4.6,7023,0
GLSI.US,60,20201001,160000,4.7499,4.79,4.6,4.6,833,0
GLSI.US,60,20201001,170000,4.643,4.643,4.64,4.64,2200,0
GLSI.US,60,20201001,180000,4.64,4.7405,4.64,4.68,1350,0
GLSI.US,60,20201001,190000,4.66,4.66,4.61,4.61,600,0
GLSI.US,60,20201001,200000,4.6,4.6,4.5,4.5,600,0
GLSI.US,60,20201001,220000,4.575,4.65,4.575,4.575,400,0
GLSI.US,60,20201002,170000,4.5,4.5,4.37,4.37,1007,0
GLSI.US,60,20201002,180000,4.49,4.49,4.25,4.26,3900,0
GLSI.US,60,20201002,190000,4.37,4.37,4.27,4.36,700,0
GLSI.US,60,20201002,200000,4.27,4.37,4.26,4.32,1641,0
GLSI.US,60,20201002,210000,4.27,4.365,4.27,4.2781,700,0
GLSI.US,60,20201002,220000,4.37,4.37,4.27,4.29,1118,0
GLSI.US,60,20201005,160000,4.31,4.38,4.31,4.38,1450,0
GLSI.US,60,20201005,170000,4.31,4.4,4.26,4.4,4782,0
GLSI.US,60,20201005,190000,4.4,4.4,4.4,4.4,179,0
GLSI.US,60,20201005,200000,4.26,4.2601,4.26,4.2601,490,0
GLSI.US,60,20201005,210000,4.49,4.49,4.43,4.4488,14183,0
GLSI.US,60,20201005,220000,4.41,4.45,4.279,4.28,2420,0
GLSI.US,60,20201006,160000,4.3409,4.3409,4.3409,4.3409,1000,0
GLSI.US,60,20201006,170000,4.27,4.27,4.27,4.27,150,0
GLSI.US,60,20201006,200000,4.27,4.27,4.27,4.27,100,0
GLSI.US,60,20201006,220000,4.4,4.5,4.4,4.5,200,0
GLSI.US,60,20201007,160000,4.37,4.37,4.37,4.37,148,0
GLSI.US,60,20201007,180000,4.38,4.38,4.38,4.38,573,0
GLSI.US,60,20201007,190000,4.4083,4.4083,4.4083,4.4083,150,0
GLSI.US,60,20201007,200000,4.41,4.41,4.41,4.41,100,0
GLSI.US,60,20201007,210000,4.4999,4.4999,4.4999,4.4999,2500,0
GLSI.US,60,20201008,160000,4.47,4.7981,4.47,4.49,6812,0
GLSI.US,60,20201008,170000,4.92,4.92,4.695,4.7,950,0
GLSI.US,60,20201008,180000,4.7228,4.85,4.55,4.67,2750,0
GLSI.US,60,20201008,190000,4.7,4.7,4.65,4.69,1000,0
GLSI.US,60,20201008,200000,4.7,4.7,4.7,4.7,100,0
GLSI.US,60,20201008,210000,4.68,4.7,4.68,4.7,1715,0
GLSI.US,60,20201008,220000,4.7,4.9,4.7,4.8999,1183,0
GLSI.US,60,20201009,160000,5.315,5.315,5.05,5.2,5835,0
GLSI.US,60,20201009,170000,4.9475,4.9957,4.8,4.803,905,0
GLSI.US,60,20201009,180000,4.8,4.8,4.8,4.8,300,0
GLSI.US,60,20201009,190000,4.99,4.9998,4.84,4.99,1723,0
GLSI.US,60,20201009,200000,4.8086,5,4.8086,5,433,0
GLSI.US,60,20201009,220000,4.99,5,4.9,5,604,0
GLSI.US,60,20201012,160000,5,5,4.755,4.755,208,0
GLSI.US,60,20201012,170000,4.7914,4.8351,4.7914,4.8,3145,0
GLSI.US,60,20201012,180000,4.8,4.8,4.8,4.8,380,0
GLSI.US,60,20201013,170000,4.5,4.79,4.5,4.79,5401,0
GLSI.US,60,20201013,180000,4.51,4.51,4.4999,4.4999,1500,0
GLSI.US,60,20201013,190000,4.4999,4.4999,4.4999,4.4999,300,0
GLSI.US,60,20201013,220000,4.365,4.48,4.365,4.48,250,0
GLSI.US,60,20201014,160000,4.6303,4.6303,4.48,4.605,888,0
GLSI.US,60,20201014,170000,4.5,4.595,4.4,4.595,792,0
GLSI.US,60,20201014,190000,4.645,4.645,4.645,4.645,654,0
GLSI.US,60,20201014,200000,4.77,4.77,4.645,4.645,370,0
GLSI.US,60,20201014,210000,4.645,4.645,4.645,4.645,100,0
GLSI.US,60,20201014,220000,4.645,4.79,4.645,4.79,600,0
GLSI.US,60,20201015,170000,4.76,4.76,4.76,4.76,100,0
GLSI.US,60,20201015,180000,4.79,4.79,4.79,4.79,200,0
GLSI.US,60,20201015,190000,4.79,4.79,4.595,4.595,1053,0
GLSI.US,60,20201015,200000,4.79,4.79,4.7,4.7,400,0
GLSI.US,60,20201015,210000,4.645,4.645,4.4001,4.49,2267,0
GLSI.US,60,20201015,220000,4.43,4.43,4.43,4.43,215,0
GLSI.US,60,20201016,160000,4.5696,4.7001,4.5696,4.68,1000,0
GLSI.US,60,20201016,170000,4.68,4.68,4.68,4.68,100,0
GLSI.US,60,20201016,180000,4.785,4.785,4.785,4.785,100,0
GLSI.US,60,20201019,160000,4.54,4.54,4.1,4.2581,6982,0
GLSI.US,60,20201019,170000,4.55,4.7899,4.305,4.445,4432,0
GLSI.US,60,20201019,200000,4.535,4.535,4.535,4.535,400,0
GLSI.US,60,20201019,210000,4.595,4.595,4.5625,4.5625,505,0
GLSI.US,60,20201019,220000,4.525,4.595,4.525,4.595,325,0
GLSI.US,60,20201020,160000,4.45,4.45,4.45,4.45,104,0
GLSI.US,60,20201020,170000,4.52,4.52,4.52,4.52,150,0
GLSI.US,60,20201020,180000,4.74,4.79,4.25,4.785,5570,0
GLSI.US,60,20201020,190000,4.775,4.775,4.775,4.775,100,0
GLSI.US,60,20201020,210000,4.69,4.745,4.69,4.745,200,0
GLSI.US,60,20201021,220000,4.69,4.745,4.25,4.32,2600,0
GLSI.US,60,20201022,160000,4.31,4.31,4.31,4.31,161,0
GLSI.US,60,20201022,170000,4.4,4.41,4.39,4.39,900,0
GLSI.US,60,20201022,190000,4.285,4.285,4.285,4.285,260,0
GLSI.US,60,20201022,210000,4.285,4.285,4.285,4.285,290,0
GLSI.US,60,20201022,220000,4.2529,4.2529,4.172,4.195,2935,0
GLSI.US,60,20201023,190000,4.01,4.195,4.01,4.18,1300,0
GLSI.US,60,20201023,200000,4.2,4.2,4.19,4.2,756,0
GLSI.US,60,20201023,210000,4.2,4.2,4.2,4.2,215,0
GLSI.US,60,20201023,220000,4.2,4.2,4.195,4.195,470,0
GLSI.US,60,20201026,160000,4.12,4.12,4.1,4.1,400,0
GLSI.US,60,20201026,170000,4.0806,4.0806,4.0806,4.0806,200,0
GLSI.US,60,20201026,180000,4.1,4.1,4.01,4.01,2149,0
GLSI.US,60,20201026,190000,4.01,4.01,4.01,4.01,337,0
GLSI.US,60,20201026,210000,4.02,4.06,4.02,4.06,300,0
GLSI.US,60,20201027,160000,4.195,4.195,4,4,3492,0
GLSI.US,60,20201027,170000,4.175,4.175,4.175,4.175,100,0
GLSI.US,60,20201027,180000,4.03,4.04,4,4,2374,0
GLSI.US,60,20201027,190000,4,4,4,4,1490,0
GLSI.US,60,20201027,200000,4.0612,4.0612,4.0612,4.0612,1000,0
GLSI.US,60,20201028,150000,4,4,3.9999,3.9999,1225,0
GLSI.US,60,20201028,160000,3.8224,3.9,3.8224,3.8248,1090,0
GLSI.US,60,20201028,170000,3.82,3.85,3.82,3.85,750,0
GLSI.US,60,20201028,180000,3.85,3.85,3.85,3.85,350,0
GLSI.US,60,20201028,190000,3.8359,3.85,3.8359,3.85,1400,0
GLSI.US,60,20201028,200000,3.85,3.85,3.85,3.85,400,0
GLSI.US,60,20201028,210000,3.85,3.85,3.8499,3.85,600,0
GLSI.US,60,20201029,160000,4.008,4.09,3.75,4.09,600,0
GLSI.US,60,20201029,170000,4.07,4.07,4.07,4.07,100,0
GLSI.US,60,20201029,210000,3.87,3.87,3.48,3.67,4538,0
GLSI.US,60,20201030,150000,3.75,3.75,3.75,3.75,130,0
GLSI.US,60,20201030,160000,3.78,3.78,3.75,3.75,200,0
GLSI.US,60,20201030,170000,3.92,3.92,3.92,3.92,100,0
GLSI.US,60,20201030,180000,3.89,3.8981,3.89,3.8981,380,0
GLSI.US,60,20201030,190000,3.7999,3.8,3.519,3.65,3500,0
GLSI.US,60,20201030,200000,3.65,3.79,3.65,3.79,500,0
GLSI.US,60,20201030,210000,3.65,3.7806,3.51,3.51,2000,0
GLSI.US,60,20201102,170000,3.53,3.55,3.5,3.51,980,0
GLSI.US,60,20201102,180000,3.51,3.51,3.455,3.51,1000,0
GLSI.US,60,20201102,190000,3.51,3.51,3.4172,3.46,2360,0
GLSI.US,60,20201102,200000,3.46,3.46,3.4201,3.4201,433,0
GLSI.US,60,20201102,210000,3.46,3.46,3.46,3.46,100,0
GLSI.US,60,20201102,220000,3.5,3.51,3.5,3.51,400,0
GLSI.US,60,20201103,160000,3.49,3.49,3.49,3.49,100,0
GLSI.US,60,20201103,180000,3.46,3.46,3.365,3.365,200,0
GLSI.US,60,20201103,220000,3.47,3.5,3.47,3.5,1012,0
GLSI.US,60,20201104,160000,3.5,3.5,3.262,3.262,2000,0
GLSI.US,60,20201104,170000,3.67,3.67,3.67,3.67,100,0
GLSI.US,60,20201104,180000,3.66,3.66,3.66,3.66,100,0
GLSI.US,60,20201104,190000,3.66,3.66,3.66,3.66,100,0
GLSI.US,60,20201104,200000,3.68,3.68,3.65,3.68,300,0
GLSI.US,60,20201104,210000,3.66,3.66,3.55,3.6,1000,0
GLSI.US,60,20201104,220000,3.66,3.69,3.6156,3.69,600,0
GLSI.US,60,20201105,190000,3.69,3.69,3.69,3.69,100,0
GLSI.US,60,20201105,200000,3.65,3.67,3.65,3.67,343,0
GLSI.US,60,20201105,210000,3.65,3.69,3.65,3.65,2506,0
GLSI.US,60,20201105,220000,3.65,3.68,3.65,3.65,444,0
GLSI.US,60,20201106,160000,3.61,3.91,3.61,3.91,363,0
GLSI.US,60,20201106,170000,3.9169,3.9169,3.9169,3.9169,300,0
GLSI.US,60,20201106,180000,3.8015,3.8015,3.64,3.6725,880,0
GLSI.US,60,20201106,190000,3.905,3.905,3.765,3.765,300,0
GLSI.US,60,20201106,210000,3.77,3.77,3.77,3.77,440,0
GLSI.US,60,20201106,220000,3.77,3.885,3.77,3.885,1090,0
GLSI.US,60,20201109,160000,4.07,4.07,4.07,4.07,337,0
GLSI.US,60,20201109,180000,4.1594,4.1594,4.1594,4.1594,130,0
GLSI.US,60,20201109,200000,3.75,3.75,3.75,3.75,1000,0
GLSI.US,60,20201109,220000,4.12,4.19,4.12,4.19,701,0
GLSI.US,60,20201110,160000,4.23,4.23,4.23,4.23,169,0
GLSI.US,60,20201110,170000,4.23,4.24,4.23,4.24,739,0
GLSI.US,60,20201110,210000,4.24,4.24,4.24,4.24,100,0
GLSI.US,60,20201110,220000,4.23,4.23,4.23,4.23,200,0
GLSI.US,60,20201111,190000,4.2,4.2,4.2,4.2,100,0
GLSI.US,60,20201111,200000,4.1048,4.2,4.1048,4.19,600,0
GLSI.US,60,20201111,220000,4.19,4.19,4.19,4.19,124,0
GLSI.US,60,20201112,160000,4.2,4.2,4.2,4.2,2000,0
GLSI.US,60,20201112,170000,3.931,3.97,3.931,3.95,765,0
GLSI.US,60,20201112,190000,3.8,3.8,3.8,3.8,114,0
GLSI.US,60,20201112,210000,3.98,4.08,3.85,3.975,1250,0
GLSI.US,60,20201113,220000,3.9,4.05,3.445,3.475,2544,0
GLSI.US,60,20201116,160000,3.5973,3.5973,3.5973,3.5973,100,0
GLSI.US,60,20201116,170000,3.87,3.87,3.87,3.87,799,0
GLSI.US,60,20201116,180000,3.975,3.975,3.935,3.935,285,0
GLSI.US,60,20201116,190000,3.995,3.995,3.99,3.99,535,0
GLSI.US,60,20201116,200000,3.985,3.985,3.985,3.985,100,0
GLSI.US,60,20201116,210000,3.98,4,3.909,3.96,15052,0
GLSI.US,60,20201116,220000,4,4.6,3.96,4.59,19115,0
GLSI.US,60,20201117,160000,4.785,5.38,4.665,4.84,7022,0
GLSI.US,60,20201117,170000,4.84,4.85,4.61,4.61,8308,0
GLSI.US,60,20201117,180000,4.56,4.56,4.37,4.4566,1000,0
GLSI.US,60,20201117,190000,4.3352,4.5699,4.3247,4.55,3800,0
GLSI.US,60,20201117,200000,4.53,4.53,4.4,4.4001,1100,0
GLSI.US,60,20201117,210000,4.22,4.46,4.12,4.46,1404,0
GLSI.US,60,20201117,220000,4.47,4.47,4.15,4.16,8545,0
GLSI.US,60,20201118,160000,4.5,4.8063,4.45,4.625,7576,0
GLSI.US,60,20201118,170000,4.63,4.925,4.5,4.925,26246,0
GLSI.US,60,20201118,180000,4.835,4.95,4.7001,4.85,25064,0
GLSI.US,60,20201118,190000,4.825,4.8762,4.82,4.875,5675,0
GLSI.US,60,20201118,200000,4.885,4.885,4.87,4.87,400,0
GLSI.US,60,20201118,210000,4.85,5.23,4.7795,5.1,55341,0
GLSI.US,60,20201118,220000,5.1,5.15,4.96,4.98,21252,0
GLSI.US,60,20201119,160000,4.9,4.9,4.6567,4.6567,5592,0
GLSI.US,60,20201119,170000,4.6555,5.05,4.63,5.035,10612,0
GLSI.US,60,20201119,180000,5.09,5.09,4.905,4.905,3200,0
GLSI.US,60,20201119,190000,5.05,5.1,5.05,5.1,1100,0
GLSI.US,60,20201119,200000,5.05,5.05,4.875,4.875,220,0
GLSI.US,60,20201119,210000,5,5.1,5,5.1,3300,0
GLSI.US,60,20201119,220000,5.15,5.4,5.15,5.4,24667,0
GLSI.US,60,20201120,160000,5.5,5.5,4.9,4.9,4489,0
GLSI.US,60,20201120,170000,5.2731,5.4,5.2731,5.4,2141,0
GLSI.US,60,20201120,180000,5.35,5.4,5.33,5.365,12175,0
GLSI.US,60,20201120,190000,5.4,5.4,5.33,5.4,5158,0
GLSI.US,60,20201120,200000,5.4,5.4,5.37,5.37,1145,0
GLSI.US,60,20201120,210000,5.4,5.4,5.4,5.4,2160,0
GLSI.US,60,20201120,220000,5.34,5.365,5.315,5.32,4930,0
GLSI.US,60,20201123,160000,5.32,5.4,5.3,5.31,33604,0
GLSI.US,60,20201123,170000,5.35,5.3516,5.28,5.2801,4498,0
GLSI.US,60,20201123,180000,5.15,5.15,5.01,5.01,1900,0
GLSI.US,60,20201123,190000,5.28,5.28,5.17,5.17,478,0
GLSI.US,60,20201123,200000,5.17,5.17,5.0661,5.1,1897,0
GLSI.US,60,20201123,210000,5.08,5.1,5.08,5.0822,1425,0
GLSI.US,60,20201123,220000,5.09,5.58,5.0816,5.49,9268,0
GLSI.US,60,20201124,160000,5.4761,5.4761,5.4761,5.4761,181,0
GLSI.US,60,20201124,170000,5.3653,5.4,5.237,5.38,7400,0
GLSI.US,60,20201124,180000,5.369,5.4,5.13,5.15,7520,0
GLSI.US,60,20201124,190000,5.149,5.29,5.149,5.15,5846,0
GLSI.US,60,20201124,200000,5.2,5.25,5.1898,5.1898,1776,0
GLSI.US,60,20201124,210000,5.2545,5.2999,5.15,5.2999,6850,0
GLSI.US,60,20201124,220000,5.2274,5.285,5.16,5.28,1300,0
GLSI.US,60,20201125,160000,5.45,5.6386,5.4025,5.48,6650,0
GLSI.US,60,20201125,170000,5.1301,5.4,5.1301,5.2133,6281,0
GLSI.US,60,20201125,180000,5.315,5.38,5.2606,5.2918,2692,0
GLSI.US,60,20201125,190000,5.29,5.3671,5.29,5.3671,400,0
GLSI.US,60,20201125,200000,5.3685,5.3685,5.3685,5.3685,100,0
GLSI.US,60,20201125,210000,5.3468,5.3799,5.3015,5.3799,2000,0
GLSI.US,60,20201125,220000,5.3428,5.38,5.21,5.3,6743,0
GLSI.US,60,20201127,160000,5.2165,5.2165,5.2165,5.2165,250,0
GLSI.US,60,20201127,170000,5.464,5.4647,5.35,5.38,12831,0
GLSI.US,60,20201127,180000,5.41,5.49,5.26,5.4899,15745,0
GLSI.US,60,20201127,190000,5.4304,5.4899,5.3005,5.3506,3430,0
GLSI.US,60,20201130,160000,5.7,5.7,5.395,5.395,2045,0
GLSI.US,60,20201130,170000,5.48,5.48,5.4619,5.4619,1042,0
GLSI.US,60,20201130,180000,5.49,5.49,5.3,5.335,6370,0
GLSI.US,60,20201130,190000,5.32,5.34,5.3,5.33,2902,0
GLSI.US,60,20201130,200000,5.47,5.49,5.47,5.49,1612,0
GLSI.US,60,20201130,210000,5.44,5.485,5.43,5.485,855,0
GLSI.US,60,20201130,220000,5.48,5.48,5.3,5.3,3023,0
GLSI.US,60,20201201,160000,5.3592,5.3592,5.3592,5.3592,200,0
GLSI.US,60,20201201,170000,5.3768,5.585,5.01,5.13,2970,0
GLSI.US,60,20201201,180000,5.1993,5.2555,5.1993,5.2555,250,0
GLSI.US,60,20201201,190000,5.295,5.295,5.295,5.295,255,0
GLSI.US,60,20201201,210000,5.295,5.295,5.28,5.28,740,0
GLSI.US,60,20201201,220000,5.275,5.585,5.22,5.4789,3020,0
GLSI.US,60,20201202,160000,5.3459,5.3459,5.3459,5.3459,200,0
GLSI.US,60,20201202,170000,5.47,5.8,5.47,5.6995,26945,0
GLSI.US,60,20201202,180000,5.7,5.7,5.585,5.65,13536,0
GLSI.US,60,20201202,190000,5.63,5.63,5.63,5.63,100,0
GLSI.US,60,20201202,200000,5.51,5.65,5.5,5.5411,6100,0
GLSI.US,60,20201202,210000,5.64,5.645,5.5894,5.645,2090,0
GLSI.US,60,20201202,220000,5.65,5.65,5.55,5.6,2514,0
GLSI.US,60,20201203,160000,5.65,5.65,5.62,5.65,10102,0
GLSI.US,60,20201203,170000,5.62,5.62,5.5,5.5,12427,0
GLSI.US,60,20201203,180000,5.625,5.625,5.22,5.625,4897,0
GLSI.US,60,20201203,190000,5.375,5.49,5.375,5.49,1600,0
GLSI.US,60,20201203,200000,5.49,5.49,5.49,5.49,100,0
GLSI.US,60,20201203,210000,5.48,5.49,5.48,5.49,200,0
GLSI.US,60,20201203,220000,5.5,5.6499,5.49,5.602,2394,0
GLSI.US,60,20201204,180000,5.25,5.28,5.25,5.28,1638,0
GLSI.US,60,20201204,190000,5.6499,5.6499,5.6499,5.6499,641,0
GLSI.US,60,20201204,220000,5.6,5.65,5.5356,5.62,10394,0
GLSI.US,60,20201207,160000,5.75,5.75,5.25,5.25,720,0
GLSI.US,60,20201207,170000,5.3171,5.425,5.3171,5.425,1500,0
GLSI.US,60,20201207,180000,5.4252,5.46,5.42,5.46,300,0
GLSI.US,60,20201207,190000,5.45,5.4899,5.43,5.4899,899,0
GLSI.US,60,20201207,200000,5.458,5.458,5.29,5.29,1500,0
GLSI.US,60,20201207,210000,5.49,5.49,5.39,5.39,446,0
GLSI.US,60,20201208,170000,5.28,5.28,5.0774,5.0774,991,0
GLSI.US,60,20201208,180000,5.295,5.295,5.0356,5.1965,4890,0
GLSI.US,60,20201208,190000,5.15,5.15,5.0253,5.0253,938,0
GLSI.US,60,20201208,200000,5.317,5.317,5.317,5.317,1500,0
GLSI.US,60,20201208,220000,5.1987,5.1987,5.1987,5.1987,150,0
GLSI.US,60,20201209,160000,16.07,18.57,12.15,13.41,871750,0
GLSI.US,60,20201209,170000,14.65,26.5,14.08,20.2,1259902,0
GLSI.US,60,20201209,180000,15.4,29.5,15.4,26.81,3455692,0
GLSI.US,60,20201209,190000,26.85,28.5,23.15,26.875,2001431,0
GLSI.US,60,20201209,200000,26.95,79.31,26.8467,79.31,4514565,0
GLSI.US,60,20201209,210000,90.98,158.07,84.25,90,711988,0
GLSI.US,60,20201209,220000,45.26,57.1,44,57.1,403989,0
GLSI.US,60,20201210,160000,86,127.863,82,106.81,524814,0
GLSI.US,60,20201210,170000,99,105,80,90.89,1312464,0
GLSI.US,60,20201210,180000,90.3918,91,76.41,79.565,832604,0
GLSI.US,60,20201210,190000,79.31,91.23,79.31,83.4158,697087,0
GLSI.US,60,20201210,200000,83.491,84.5,79.15,83.55,269815,0
GLSI.US,60,20201210,210000,83.75,90.5,81.01,84.97,536264,0
GLSI.US,60,20201210,220000,84.6,94.22,67.26,72.22,1243043,0
GLSI.US,60,20201211,160000,62,64.25,57.01,59.45,360072,0
GLSI.US,60,20201211,170000,59.465,59.76,52.2,55.1,600232,0
GLSI.US,60,20201211,180000,55.395,57.49,53.0501,55,129011,0
GLSI.US,60,20201211,190000,54.02,54.8754,47,49.5,276461,0
GLSI.US,60,20201211,200000,49.85,50.99,47.51,48.01,144979,0
GLSI.US,60,20201211,210000,48.6,48.69,45,45,144843,0
GLSI.US,60,20201211,220000,45,58.88,42.2,56,893817,0
GLSI.US,60,20201214,160000,45.97,48.5,43.6,43.75,206792,0
GLSI.US,60,20201214,170000,44.0307,44.6935,38.88,41.0397,307680,0
GLSI.US,60,20201214,180000,41.0201,44.49,40.25,41.1135,160837,0
GLSI.US,60,20201214,190000,41.4099,44.45,40.8,42.92,100858,0
GLSI.US,60,20201214,200000,42.95,46,41.01,44.767,136089,0
GLSI.US,60,20201214,210000,44.7681,44.95,43.8906,44.7468,58284,0
GLSI.US,60,20201214,220000,44.5055,48.3,44,46.8,277889,0
GLSI.US,60,20201215,160000,51.5,51.5,43,46.2,190076,0
GLSI.US,60,20201215,170000,46.5599,49.5,43.24,47.65,216402,0
GLSI.US,60,20201215,180000,47.6465,65,47.28,51.205,1629772,0
GLSI.US,60,20201215,190000,51.15,53.69,50.2,51.51,304140,0
GLSI.US,60,20201215,200000,51.51,51.89,47.28,50.2031,232160,0
GLSI.US,60,20201215,210000,50.5,55.92,50.2,53.7368,246089,0
GLSI.US,60,20201215,220000,53.7,58.46,50.75,52.9,503076,0
GLSI.US,60,20201216,160000,46.27,52.6609,45.33,50.4902,191397,0
GLSI.US,60,20201216,170000,50.5076,51.44,48,48.72,103528,0
GLSI.US,60,20201216,180000,48.7193,49.99,48.55,48.6127,46124,0
GLSI.US,60,20201216,190000,48.6,49.6,47.5,48.8,49833,0
GLSI.US,60,20201216,200000,48.67,49,47.05,48.2,34952,0
GLSI.US,60,20201216,210000,48.2,49.68,47.4,48.2601,38461,0
GLSI.US,60,20201216,220000,48.275,49.2,48.2,48.69,49357,0
GLSI.US,60,20201217,160000,46.68,49.04,46,46.58,70506,0
GLSI.US,60,20201217,170000,46.7498,46.75,43.62,44.2844,128114,0
GLSI.US,60,20201217,180000,44.375,44.58,43.37,43.65,94121,0
GLSI.US,60,20201217,190000,43.725,46.75,43.725,45.005,92963,0
GLSI.US,60,20201217,200000,44.9689,45,44.25,44.7801,21196,0
GLSI.US,60,20201217,210000,44.78,44.85,44.0001,44.3,22491,0
GLSI.US,60,20201217,220000,44.2764,46,44.2764,44.52,121816,0
GLSI.US,60,20201218,160000,40,41.7699,39,40.02,330783,0
GLSI.US,60,20201218,170000,40.02,40.1,38.25,39.3708,186399,0
GLSI.US,60,20201218,180000,39.3816,39.7173,38.5,38.84,121370,0
GLSI.US,60,20201218,190000,38.767,39.4799,38.26,39.395,84865,0
GLSI.US,60,20201218,200000,39.415,39.5,38.7,38.8,65202,0
GLSI.US,60,20201218,210000,38.8,39.2299,38.2,38.265,66218,0
GLSI.US,60,20201218,220000,38.27,38.6,37.02,38.22,269664,0
GLSI.US,60,20201221,160000,36.6,37.74,35.55,35.75,117856,0
GLSI.US,60,20201221,170000,35.9262,36,35,35.1927,99355,0
GLSI.US,60,20201221,180000,35,36.99,34.4,36.7,175906,0
GLSI.US,60,20201221,190000,36.6698,40,35.97,38.5,283167,0
GLSI.US,60,20201221,200000,38.9216,41.5,38.5,38.67,206019,0
GLSI.US,60,20201221,210000,38.685,39.61,38.51,38.89,44863,0
GLSI.US,60,20201221,220000,38.895,39.5,36.5001,36.75,121419,0
GLSI.US,60,20201222,160000,38.55,41,38.5,39.8004,138094,0
GLSI.US,60,20201222,170000,39.735,41.19,38.16,38.16,230266,0
GLSI.US,60,20201222,180000,38.15,38.69,36.21,38.0879,119118,0
GLSI.US,60,20201222,190000,38.4799,38.4999,37.28,38.14,73205,0
GLSI.US,60,20201222,200000,38.0388,38.04,37.0599,37.65,27621,0
GLSI.US,60,20201222,210000,37.6,39.1801,37.2669,38.6,85475,0
GLSI.US,60,20201222,220000,38.6,39.1836,37.75,37.85,71776,0
GLSI.US,60,20201223,160000,38.07,38.5,37.1015,38.46,97914,0
GLSI.US,60,20201223,170000,38.42,40.08,37.55,39.671,89770,0
GLSI.US,60,20201223,180000,39.3001,44.98,39.1,42,508091,0
GLSI.US,60,20201223,190000,41.99,42.6,39.3,40,176996,0
GLSI.US,60,20201223,200000,39.85,41.6,39.85,41.45,58173,0
GLSI.US,60,20201223,210000,41.1001,41.96,40.745,40.91,52772,0
GLSI.US,60,20201223,220000,40.94,40.9961,39.6,40.07,78538,0
GLSI.US,60,20201224,160000,41.95,41.9955,39.2033,39.2033,73777,0
GLSI.US,60,20201224,170000,39.1603,41,39.05,40.85,45746,0
GLSI.US,60,20201224,180000,40,40.7836,39.8101,39.8114,28064,0
GLSI.US,60,20201224,190000,39.95,39.9856,39.1,39.2,50529,0
GLSI.US,60,20201224,200000,39.28,39.28,39.28,39.28,441,0
GLSI.US,60,20201228,160000,40,40,38,38.69,44105,0
GLSI.US,60,20201228,170000,38.7775,39.23,37.98,38.05,47456,0
GLSI.US,60,20201228,180000,38.0818,38.44,37.6,37.85,22883,0
GLSI.US,60,20201228,190000,37.9087,37.92,37.16,37.1602,32492,0
GLSI.US,60,20201228,200000,37.16,38.07,37.04,37.88,55813,0
GLSI.US,60,20201228,210000,37.88,37.88,37.13,37.305,14997,0
GLSI.US,60,20201228,220000,37.22,37.88,36.78,37.4,69350,0
GLSI.US,60,20201229,160000,36.69,37.0923,35.5,36.172,44269,0
GLSI.US,60,20201229,170000,36.26,36.5998,35.7,36.0033,44867,0
GLSI.US,60,20201229,180000,36.1,36.3,35.7014,36.08,20519,0
GLSI.US,60,20201229,190000,36.0999,36.0999,35.01,35.358,21516,0
GLSI.US,60,20201229,200000,35.6099,35.77,35.0501,35.25,19535,0
GLSI.US,60,20201229,210000,35.49,36,35.49,35.6896,10100,0
GLSI.US,60,20201229,220000,35.61,35.7718,35,35,48149,0
GLSI.US,60,20201230,160000,35.09,36.25,35,36.0887,38816,0
GLSI.US,60,20201230,170000,36.05,36.2,35.5,35.7213,14670,0
GLSI.US,60,20201230,180000,35.7207,36.0823,35.56,35.8,14225,0
GLSI.US,60,20201230,190000,35.99,38.8393,35.81,38.4669,82197,0
GLSI.US,60,20201230,200000,38.75,39.48,36.56,36.94,107470,0
GLSI.US,60,20201230,210000,36.7501,37.17,36.1,36.144,13115,0
GLSI.US,60,20201230,220000,36.13,36.34,35.1,35.1,44260,0
GLSI.US,60,20201231,160000,35.35,35.9029,34.25,34.45,50663,0
GLSI.US,60,20201231,170000,34.5722,34.9955,33.33,34.0501,63386,0
GLSI.US,60,20201231,180000,34.16,34.28,33.5914,34.0207,26980,0
GLSI.US,60,20201231,190000,34.03,34.03,33.51,33.8425,19379,0
GLSI.US,60,20201231,200000,33.75,33.98,33.5,33.5368,18898,0
GLSI.US,60,20201231,210000,33.5,34,33.22,33.4565,20982,0
GLSI.US,60,20201231,220000,33.7126,38.5,33.4401,36.47,121081,0
GLSI.US,60,20210104,160000,36.23,36.885,35.055,35.7,18397,0
GLSI.US,60,20210104,170000,35.6828,35.8,35.05,35.12,8628,0
GLSI.US,60,20210104,180000,35.32,36,35.05,35.6,19253,0
GLSI.US,60,20210104,190000,35.6,35.9997,35,35.16,18560,0
GLSI.US,60,20210104,200000,35.54,35.67,35.0058,35.01,14799,0
GLSI.US,60,20210104,210000,34.95,35.0736,34.5,35.01,15469,0
GLSI.US,60,20210104,220000,34.8339,35,34.33,34.93,18316,0
GLSI.US,60,20210105,160000,34.65,35.4496,34.101,35.19,13633,0
GLSI.US,60,20210105,170000,35.3,35.36,34.2501,34.5421,22662,0
GLSI.US,60,20210105,180000,34.51,34.8499,33.95,34.3,10131,0
GLSI.US,60,20210105,190000,34.1743,34.7361,34.1,34.5784,5360,0
GLSI.US,60,20210105,200000,34.415,34.825,34.2,34.4274,8778,0
GLSI.US,60,20210105,210000,34.45,34.8,34.2267,34.51,18242,0
GLSI.US,60,20210105,220000,34.65,35,34.33,35,16451,0
GLSI.US,60,20210106,160000,35,35.45,35,35.151,9745,0
GLSI.US,60,20210106,170000,35.15,35.45,34.65,35,21886,0
GLSI.US,60,20210106,180000,34.7531,34.9999,34.04,34.22,25096,0
GLSI.US,60,20210106,190000,34.225,34.4,34.05,34.06,18215,0
GLSI.US,60,20210106,200000,34.1499,34.9406,34.08,34.3201,24513,0
GLSI.US,60,20210106,210000,34.3528,34.9499,34.04,34.21,18407,0
GLSI.US,60,20210106,220000,34.2302,34.5,33.8,34.45,34933,0
GLSI.US,60,20210107,160000,34.8,35.2,34.4553,34.58,9665,0
GLSI.US,60,20210107,170000,34.5707,34.75,34.1101,34.5499,16662,0
GLSI.US,60,20210107,180000,34.4812,34.4812,34.1,34.285,14710,0
GLSI.US,60,20210107,190000,34.28,34.4499,34.15,34.1779,8635,0
GLSI.US,60,20210107,200000,34.25,34.6883,34.1501,34.6053,28050,0
GLSI.US,60,20210107,210000,34.6582,45.45,34.6582,38.5664,755356,0
GLSI.US,60,20210107,220000,38.7465,38.75,37.3011,38.09,98197,0
GLSI.US,60,20210108,160000,37.71,38.9976,37.3188,37.6658,42440,0
GLSI.US,60,20210108,170000,37.7081,38.21,36.19,36.5,37263,0
GLSI.US,60,20210108,180000,36.4502,37.5,36.45,37.46,16850,0
GLSI.US,60,20210108,190000,37.8547,37.8547,36.7501,37.26,9725,0
GLSI.US,60,20210108,200000,37.25,37.4,36.5,37.2693,7424,0
GLSI.US,60,20210108,210000,36.62,37.2264,36.62,37.02,3657,0
GLSI.US,60,20210108,220000,37,37.3294,36.6401,37,21427,0
GLSI.US,60,20210111,160000,36.6,36.7,35.2,35.58,11110,0
GLSI.US,60,20210111,170000,35.64,36.9399,35.31,36.1255,17055,0
GLSI.US,60,20210111,180000,36.26,36.6599,35.85,36.26,20484,0
GLSI.US,60,20210111,190000,36.1765,36.56,35.65,35.9799,19113,0
GLSI.US,60,20210111,200000,35.98,36.15,35.625,36.02,11579,0
GLSI.US,60,20210111,210000,35.92,36.0086,35.5,35.6673,20046,0
GLSI.US,60,20210111,220000,35.5568,36.2236,35.5568,35.71,12566,0
GLSI.US,60,20210112,160000,36,36,35.1,35.9409,7346,0
GLSI.US,60,20210112,170000,35.7,36.7325,35.5,36.3781,18611,0
GLSI.US,60,20210112,180000,36.24,36.448,35.8602,36.08,10579,0
GLSI.US,60,20210112,190000,35.86,36.33,35.5001,36.2,10256,0
GLSI.US,60,20210112,200000,36.06,36.34,35.86,36,24415,0
GLSI.US,60,20210112,210000,36.09,36.15,35.34,36,29749,0
GLSI.US,60,20210112,220000,35.9,36.18,35.62,36.13,23119,0
GLSI.US,60,20210113,160000,36.35,36.4,35.1961,35.5504,9152,0
GLSI.US,60,20210113,170000,36.2863,36.2863,35.59,35.9209,16607,0
GLSI.US,60,20210113,180000,35.6,35.92,35.2501,35.49,18066,0
GLSI.US,60,20210113,190000,35.49,35.58,35.11,35.58,9758,0
GLSI.US,60,20210113,200000,35.53,35.53,35.25,35.25,9282,0
GLSI.US,60,20210113,210000,35.548,35.9415,35.36,35.85,8474,0
GLSI.US,60,20210113,220000,35.85,36.25,35.75,35.75,15057,0
GLSI.US,60,20210114,160000,35.75,36.7,35.2515,35.2515,22879,0
GLSI.US,60,20210114,170000,35.3,35.93,35.3,35.79,10594,0
GLSI.US,60,20210114,180000,35.71,35.9968,35.45,35.61,10629,0
GLSI.US,60,20210114,190000,35.74,35.8399,35.45,35.65,20502,0
GLSI.US,60,20210114,200000,35.82,35.82,35.31,35.7,13697,0
GLSI.US,60,20210114,210000,35.8,35.89,35.5,35.685,18513,0
GLSI.US,60,20210114,220000,35.59,36,35.3448,35.9,22035,0
GLSI.US,60,20210115,160000,35.93,36.85,35.65,36.25,10901,0
GLSI.US,60,20210115,170000,36.3,36.3,35.5113,35.65,8990,0
GLSI.US,60,20210115,180000,35.6,36.4896,35.6,36.15,22433,0
GLSI.US,60,20210115,190000,36.1868,36.7062,36.1501,36.39,15647,0
GLSI.US,60,20210115,200000,36.44,43,36.2201,39.31,319138,0
GLSI.US,60,20210115,210000,39,39.54,37.04,38.0772,151901,0
GLSI.US,60,20210115,220000,38.1,38.1,36.95,37.45,47905,0
GLSI.US,60,20210119,160000,37.93,40.05,37.3889,38.7223,43006,0
GLSI.US,60,20210119,170000,38.752,40.05,38.6014,38.7,75575,0
GLSI.US,60,20210119,180000,39.023,39.023,37.235,38.14,27172,0
GLSI.US,60,20210119,190000,38.0895,38.3999,37.7836,38.1,5787,0
GLSI.US,60,20210119,200000,38.23,38.3497,37.77,37.96,5300,0
GLSI.US,60,20210119,210000,37.9737,37.9737,37.02,37.26,13445,0
GLSI.US,60,20210119,220000,37.15,37.55,37.02,37.27,17091,0
GLSI.US,60,20210120,160000,37.55,38.27,37.5,37.6286,7922,0
GLSI.US,60,20210120,170000,37.77,37.9518,36.8,36.8,19511,0
GLSI.US,60,20210120,180000,36.8,37.0523,36.36,37.05,9864,0
GLSI.US,60,20210120,190000,37.04,38.07,37,37.46,19739,0
GLSI.US,60,20210120,200000,37.5,37.902,36.6,37.4,34850,0
GLSI.US,60,20210120,210000,37.4,37.7159,36.6501,37.1001,16181,0
GLSI.US,60,20210120,220000,37.15,37.54,36.6,37.3,16494,0
GLSI.US,60,20210121,160000,37.66,37.66,36.52,36.75,12783,0
GLSI.US,60,20210121,170000,37.025,37.025,36,36.2,18082,0
GLSI.US,60,20210121,180000,36.38,36.6399,36.2,36.4919,6451,0
GLSI.US,60,20210121,190000,36.52,37.32,36.4,37.105,7281,0
GLSI.US,60,20210121,200000,37.32,37.5,36.6701,36.6701,4822,0
GLSI.US,60,20210121,210000,37.14,37.29,36.5017,36.695,2750,0
GLSI.US,60,20210121,220000,36.501,36.85,36.31,36.7,11943,0
GLSI.US,60,20210122,160000,36.69,37.55,36.36,37.11,20224,0
GLSI.US,60,20210122,170000,36.6825,37.2277,36.3,36.4292,28752,0
GLSI.US,60,20210122,180000,36.45,36.6,35.54,36.25,16164,0
GLSI.US,60,20210122,190000,36.2,36.99,35.8,36.42,27227,0
GLSI.US,60,20210122,200000,36.42,36.43,35.87,36.195,5445,0
GLSI.US,60,20210122,210000,36.28,36.5,36,36.29,11329,0
GLSI.US,60,20210122,220000,36,36.7568,36,36.5,22337,0
GLSI.US,60,20210125,160000,36.41,36.55,35.85,36.1378,14640,0
GLSI.US,60,20210125,170000,36.0029,36.46,35.5,35.5,23653,0
GLSI.US,60,20210125,180000,35.65,36.0952,35.02,35.66,11311,0
GLSI.US,60,20210125,190000,35.835,35.85,35.55,35.55,5245,0
GLSI.US,60,20210125,200000,35.6,35.99,35.551,35.8391,5751,0
GLSI.US,60,20210125,210000,35.82,36.26,35.82,36.16,7278,0
GLSI.US,60,20210125,220000,35.87,36.4,35.87,36.16,24010,0
GLSI.US,60,20210126,160000,36.25,36.46,35.6805,36.07,10460,0
GLSI.US,60,20210126,170000,36.05,41.77,36.05,39.5,146549,0
GLSI.US,60,20210126,180000,39.5,39.66,36.55,36.63,84234,0
GLSI.US,60,20210126,190000,36.63,37,36.26,36.85,37104,0
GLSI.US,60,20210126,200000,36.7387,37,36.34,36.94,41547,0
GLSI.US,60,20210126,210000,36.9,37.25,36.6,36.88,34114,0
GLSI.US,60,20210126,220000,36.54,37,36.15,36.54,13547,0
GLSI.US,60,20210127,160000,36.6488,36.95,35.64,36.34,17506,0
GLSI.US,60,20210127,170000,36.325,36.5,35.258,36.19,14747,0
GLSI.US,60,20210127,180000,36.395,36.395,35.53,35.841,31918,0
GLSI.US,60,20210127,190000,35.71,35.8975,34.36,35.4,54315,0
GLSI.US,60,20210127,200000,35.15,35.76,35.0543,35.52,27269,0
GLSI.US,60,20210127,210000,35.57,36.0584,34.7,34.8488,31412,0
GLSI.US,60,20210127,220000,34.7159,34.8325,33.3946,34.19,45414,0
GLSI.US,60,20210128,160000,34.25,35.1,34.25,34.875,15941,0
GLSI.US,60,20210128,170000,34.9799,35.4425,34.0081,34.445,17478,0
GLSI.US,60,20210128,180000,34.05,34.42,33.5,33.95,14773,0
GLSI.US,60,20210128,190000,33.84,34.5,33.84,34.3,14711,0
GLSI.US,60,20210128,200000,34.36,35.5,34.15,35.49,27607,0
GLSI.US,60,20210128,210000,35.4865,35.55,34.65,35.02,19520,0
GLSI.US,60,20210128,220000,35.18,35.42,34.2,34.2,42286,0
GLSI.US,60,20210129,160000,34.54,35.65,34.2,35.65,12759,0
GLSI.US,60,20210129,170000,35.61,35.8,34.5001,35.78,16982,0
GLSI.US,60,20210129,180000,35.7,35.7,34.7079,35.2,19467,0
GLSI.US,60,20210129,190000,35.1048,35.75,34.9541,35.4,50482,0
GLSI.US,60,20210129,200000,35.33,37.96,35.215,36.3372,58317,0
GLSI.US,60,20210129,210000,36.49,37.4999,36.01,37.021,55426,0
GLSI.US,60,20210129,220000,37.05,38.9599,36.9001,37.5,76106,0
GLSI.US,60,20210201,160000,37.48,38.28,36.07,36.6199,36139,0
GLSI.US,60,20210201,170000,36.52,37,36.1001,36.645,30412,0
GLSI.US,60,20210201,180000,36.5,36.9699,36.13,36.14,23853,0
GLSI.US,60,20210201,190000,36.29,36.6,35.6,35.6,15479,0
GLSI.US,60,20210201,200000,35.78,36.3525,35.7352,36.25,6182,0
GLSI.US,60,20210201,210000,36.3,36.85,36.1,36.7999,9329,0
GLSI.US,60,20210201,220000,36.57,36.7499,35.9,35.92,17433,0
GLSI.US,60,20210202,160000,36.54,36.58,35.5,35.8542,8880,0
GLSI.US,60,20210202,170000,35.825,36.362,35.6,36.0503,29200,0
GLSI.US,60,20210202,180000,36.05,36.43,35.71,36.13,6570,0
GLSI.US,60,20210202,190000,36.245,36.7,36,36.5723,8760,0
GLSI.US,60,20210202,200000,36.39,36.85,36.33,36.35,8947,0
GLSI.US,60,20210202,210000,36.35,39.5,36.2501,38.3632,104774,0
GLSI.US,60,20210202,220000,38.76,39.2158,36.1,36.44,63427,0
GLSI.US,60,20210203,160000,37.69,40.5,37.2378,39.3,87786,0
GLSI.US,60,20210203,170000,39.41,41.58,39,40.8277,175087,0
GLSI.US,60,20210203,180000,40.76,42.75,40.37,42.01,103915,0
GLSI.US,60,20210203,190000,42.315,42.45,40.8,41.81,48608,0
GLSI.US,60,20210203,200000,42.15,43.7013,41.57,42.35,85493,0
GLSI.US,60,20210203,210000,42.3949,43.06,42.01,42.3,48786,0
GLSI.US,60,20210203,220000,42.01,42.2061,38.59,39.63,109433,0
GLSI.US,60,20210204,160000,41.4,41.9662,38.8,39.01,36112,0
GLSI.US,60,20210204,170000,38.5536,38.75,37.5,38.125,66216,0
GLSI.US,60,20210204,180000,37.96,39.355,37.8,38.4,52629,0
GLSI.US,60,20210204,190000,38.16,38.81,37.61,37.8,21848,0
GLSI.US,60,20210204,200000,37.88,37.88,37.1,37.1888,23392,0
GLSI.US,60,20210204,210000,37.21,37.99,37.21,37.9699,15986,0
GLSI.US,60,20210204,220000,37.5,38.41,37.24,38.07,22666,0
GLSI.US,60,20210205,160000,38.68,39.45,38.51,38.52,29223,0
GLSI.US,60,20210205,170000,38.651,38.9,37.5201,38.3841,53635,0
GLSI.US,60,20210205,180000,38.288,38.66,38.0101,38.0101,12033,0
GLSI.US,60,20210205,190000,38.1001,38.27,37.76,38.114,8292,0
GLSI.US,60,20210205,200000,37.96,37.96,37.6535,37.76,4512,0
GLSI.US,60,20210205,210000,37.875,38.95,37.75,38.39,21765,0
GLSI.US,60,20210205,220000,38.715,38.8499,37.7,37.99,20110,0
GLSI.US,60,20210208,160000,37.98,38.2997,37.75,37.843,22230,0
GLSI.US,60,20210208,170000,37.9096,38.15,37,37.4468,46729,0
GLSI.US,60,20210208,180000,37.34,37.62,36.75,37.1,40304,0
GLSI.US,60,20210208,190000,37.1534,37.91,36.9,37.73,42918,0
GLSI.US,60,20210208,200000,37.49,37.98,37.1601,37.17,24193,0
GLSI.US,60,20210208,210000,37.4057,37.7,37.145,37.2854,10819,0
GLSI.US,60,20210208,220000,37.31,37.98,36.88,37.8,80348,0
GLSI.US,60,20210209,160000,38.46,38.46,37.4,38.11,23765,0
GLSI.US,60,20210209,170000,37.8694,38.73,37.286,38.38,41856,0
GLSI.US,60,20210209,180000,38.38,39.37,38.21,38.7,30235,0
GLSI.US,60,20210209,190000,38.7,39.4899,38.51,38.76,24449,0
GLSI.US,60,20210209,200000,38.76,39.68,38.71,38.84,43157,0
GLSI.US,60,20210209,210000,38.83,39.58,38.42,38.77,58542,0
GLSI.US,60,20210209,220000,38.8,38.96,38.37,38.82,17603,0
GLSI.US,60,20210210,160000,38.4,38.74,38.05,38.74,21466,0
GLSI.US,60,20210210,170000,38.6,38.6,36.4,37.21,30117,0
GLSI.US,60,20210210,180000,37.2471,37.81,36.89,37.246,19183,0
GLSI.US,60,20210210,190000,37.31,37.88,37.05,37.09,27653,0
GLSI.US,60,20210210,200000,37.1,37.3746,37,37.31,28602,0
GLSI.US,60,20210210,210000,37.4,37.4,37.1,37.19,5640,0
GLSI.US,60,20210210,220000,37.1005,37.2,36.72,36.72,25928,0
GLSI.US,60,20210211,160000,37,37.53,36.6,36.73,14610,0
GLSI.US,60,20210211,170000,37,37.38,36.61,37.08,10510,0
GLSI.US,60,20210211,180000,36.92,37.4,36.8575,37.0419,7556,0
GLSI.US,60,20210211,190000,37.04,38.4,36.29,37.925,72012,0
GLSI.US,60,20210211,200000,37.73,39.5436,37.51,39.3,117382,0
GLSI.US,60,20210211,210000,39.205,39.3899,38.6624,38.75,37031,0
GLSI.US,60,20210211,220000,38.8011,39.99,38.8011,39.98,69412,0
GLSI.US,60,20210212,160000,39.93,39.96,38.71,38.71,24626,0
GLSI.US,60,20210212,170000,38.5,40.6999,38.5,40.35,53710,0
GLSI.US,60,20210212,180000,40.6,41.5,40.19,40.5,60422,0
GLSI.US,60,20210212,190000,40.33,40.5,39.22,39.5,15869,0
GLSI.US,60,20210212,200000,39.52,40.58,39.3,40.35,30248,0
GLSI.US,60,20210212,210000,40.35,40.73,39.36,39.785,34658,0
GLSI.US,60,20210212,220000,39.55,40.08,39,39.04,37093,0
GLSI.US,60,20210216,160000,39.1,39.93,39.04,39.62,31065,0
GLSI.US,60,20210216,170000,39.74,39.74,38.22,38.38,31425,0
GLSI.US,60,20210216,180000,38.4999,38.81,38.25,38.3413,6736,0
GLSI.US,60,20210216,190000,38.2,38.52,38.05,38.3,20268,0
GLSI.US,60,20210216,200000,38.26,38.49,37.77,38.0381,6980,0
GLSI.US,60,20210216,210000,38.0299,38.73,37.62,38.03,23971,0
GLSI.US,60,20210216,220000,38.2,38.5099,37.65,37.66,11667,0
GLSI.US,60,20210217,160000,37.79,38.29,37.55,37.55,6301,0
GLSI.US,60,20210217,170000,37.5,37.76,37.25,37.72,7835,0
GLSI.US,60,20210217,180000,37.9999,38,37.35,37.5001,13077,0
GLSI.US,60,20210217,190000,37.57,38.87,37.5361,38.8699,31066,0
GLSI.US,60,20210217,200000,38.5191,38.8174,38.4,38.8174,3977,0
GLSI.US,60,20210217,210000,38.57,38.8499,38.27,38.33,6933,0
GLSI.US,60,20210217,220000,38.3,38.78,38.2103,38.68,13755,0
GLSI.US,60,20210218,160000,38.02,38.73,37.523,38.6611,13897,0
GLSI.US,60,20210218,170000,38.72,38.81,37.2,37.8,20372,0
GLSI.US,60,20210218,180000,37.85,38.5732,37.68,38.32,14650,0
GLSI.US,60,20210218,190000,38.32,38.32,37.06,37.55,14553,0
GLSI.US,60,20210218,200000,37.675,37.675,37.36,37.67,3358,0
GLSI.US,60,20210218,210000,37.9107,37.9107,37.51,37.61,1926,0
GLSI.US,60,20210218,220000,37.43,38.27,37.3949,37.9,22568,0
GLSI.US,60,20210219,160000,38.02,38.49,37.74,37.8896,10121,0
GLSI.US,60,20210219,170000,37.7,38.22,37.5,37.99,9282,0
GLSI.US,60,20210219,180000,38.29,38.29,36.81,37.0475,26662,0
GLSI.US,60,20210219,190000,37,37,36.36,36.36,27822,0
GLSI.US,60,20210219,200000,36.5,36.89,36.4,36.5523,11130,0
GLSI.US,60,20210219,210000,36.62,36.66,35.77,36.1706,22451,0
GLSI.US,60,20210219,220000,36.1,36.58,35.81,36,40759,0
GLSI.US,60,20210222,160000,37.2,37.34,36.6777,36.85,8371,0
GLSI.US,60,20210222,170000,36.85,37.07,35.86,36.5833,24713,0
GLSI.US,60,20210222,180000,36.36,37.1,36.2601,36.9,15444,0
GLSI.US,60,20210222,190000,37.03,37.48,36.97,37.44,8254,0
GLSI.US,60,20210222,200000,37.5,37.5762,37.06,37.18,5279,0
GLSI.US,60,20210222,210000,37.39,37.39,36.7601,36.7601,1750,0
GLSI.US,60,20210222,220000,36.99,37.24,35.31,35.33,49609,0
GLSI.US,60,20210223,160000,34.34,34.41,31.291,32.31,39271,0
GLSI.US,60,20210223,170000,32.2636,33.1287,31.76,33.1287,29595,0
GLSI.US,60,20210223,180000,33.08,33.2021,32.37,32.37,24013,0
GLSI.US,60,20210223,190000,32.4,32.6,32.3,32.42,20290,0
GLSI.US,60,20210223,200000,32.48,32.55,32.31,32.44,7952,0
GLSI.US,60,20210223,210000,32.48,33.0431,32.4,33.0431,9062,0
GLSI.US,60,20210223,220000,32.98,33.48,32.55,33.06,19360,0
GLSI.US,60,20210224,160000,33.11,33.91,33.11,33.52,6317,0
GLSI.US,60,20210224,170000,33.31,33.4823,32.25,32.42,15069,0
GLSI.US,60,20210224,180000,32.4559,33.3499,32.4559,33.1767,11917,0
GLSI.US,60,20210224,190000,33.4,33.55,33.0692,33.45,7589,0
GLSI.US,60,20210224,200000,33.3617,33.9527,33.3163,33.83,3171,0
GLSI.US,60,20210224,210000,33.8216,33.8216,33.22,33.22,7215,0
GLSI.US,60,20210224,220000,33.3501,33.73,33.25,33.68,7583,0
GLSI.US,60,20210225,160000,34.5,35.81,34.02,34.14,17335,0
GLSI.US,60,20210225,170000,33.98,33.98,32.98,33.81,30424,0
GLSI.US,60,20210225,180000,33.5,34,33.41,33.74,16865,0
GLSI.US,60,20210225,190000,33.815,33.815,32.7,32.7303,16991,0
GLSI.US,60,20210225,200000,32.73,32.95,32.19,32.4217,28878,0
GLSI.US,60,20210225,210000,32.5,33.59,32.46,33.15,7784,0
GLSI.US,60,20210225,220000,33.08,33.17,32.14,32.63,18283,0
GLSI.US,60,20210226,160000,32.44,32.88,32.0501,32.09,2880,0
GLSI.US,60,20210226,170000,32.17,32.17,30.11,30.91,32620,0
GLSI.US,60,20210226,180000,30.795,31.6,30.63,31.23,11589,0
GLSI.US,60,20210226,190000,31.5,31.595,31,31.01,8505,0
GLSI.US,60,20210226,200000,31.105,31.2,30.7,30.9728,8733,0
GLSI.US,60,20210226,210000,30.82,30.875,30.41,30.875,11388,0
GLSI.US,60,20210226,220000,30.82,31.85,30.55,31.8,46342,0
GLSI.US,60,20210301,160000,32.1,32.47,31.62,32.1304,5441,0
GLSI.US,60,20210301,170000,32.13,32.44,31.75,32.39,7106,0
GLSI.US,60,20210301,180000,32.4,32.9,32.39,32.8442,8192,0
GLSI.US,60,20210301,190000,32.575,32.8,32.5,32.7999,1739,0
GLSI.US,60,20210301,200000,32.341,32.85,32.26,32.85,9079,0
GLSI.US,60,20210301,210000,32.7,33.3,32.5,33.191,11969,0
GLSI.US,60,20210301,220000,33.08,33.68,32.68,33.68,21316,0
GLSI.US,60,20210302,160000,33.88,33.94,32.29,32.8187,9579,0
GLSI.US,60,20210302,170000,32.56,32.9299,32.11,32.3158,11787,0
GLSI.US,60,20210302,180000,32.33,32.62,32.0106,32.03,12629,0
GLSI.US,60,20210302,190000,32.01,32.185,31.82,31.9,9416,0
GLSI.US,60,20210302,200000,31.85,31.86,31.3301,31.3301,13584,0
GLSI.US,60,20210302,210000,31.33,31.48,30.82,31.15,16309,0
GLSI.US,60,20210302,220000,31.21,31.4477,30.51,30.81,21217,0
GLSI.US,60,20210303,160000,30.71,31.5748,30.01,30.4,14518,0
GLSI.US,60,20210303,170000,30.4,30.4999,28.67,29.65,37217,0
GLSI.US,60,20210303,180000,29.65,29.7,28.9,29.0966,18666,0
GLSI.US,60,20210303,190000,28.94,29.13,28.02,28.6,23220,0
GLSI.US,60,20210303,200000,28.5,28.7407,28.08,28.4999,10730,0
GLSI.US,60,20210303,210000,28.1325,28.4698,27.6601,27.9549,23699,0
GLSI.US,60,20210303,220000,28.28,28.28,27.01,27.01,26531,0
GLSI.US,60,20210304,160000,26.83,26.995,25.1,25.182,32788,0
GLSI.US,60,20210304,170000,25.26,25.35,24.3929,24.73,31442,0
GLSI.US,60,20210304,180000,24.755,24.81,24.5501,24.66,17809,0
GLSI.US,60,20210304,190000,24.76,24.7899,23.655,23.66,21659,0
GLSI.US,60,20210304,200000,23.72,23.79,21.86,22,58727,0
GLSI.US,60,20210304,210000,21.961,22.8,21.47,22.575,49164,0
GLSI.US,60,20210304,220000,22.53,22.63,22.0001,22.37,25491,0
GLSI.US,60,20210305,160000,23.07,23.07,22.0255,22.53,22219,0
GLSI.US,60,20210305,170000,22.53,22.7328,20,20.6843,52810,0
GLSI.US,60,20210305,180000,20.3001,20.49,19.545,20.3,21050,0
GLSI.US,60,20210305,190000,20.23,21.76,20.23,21.69,15700,0
GLSI.US,60,20210305,200000,21.4,22.2399,21,21.99,14546,0
GLSI.US,60,20210305,210000,21.67,22.4599,21.6,22.42,12298,0
GLSI.US,60,20210305,220000,22.43,23.4,22.3001,23,44176,0
GLSI.US,60,20210308,160000,23.01,23.795,22.6001,23.74,10938,0
GLSI.US,60,20210308,170000,23.1001,24.6599,23.1001,24.5026,16432,0
GLSI.US,60,20210308,180000,24.456,26.98,24.405,26.6084,78888,0
GLSI.US,60,20210308,190000,26.63,32.32,26.5701,32.32,275633,0
GLSI.US,60,20210308,200000,32.49,52.98,32.2784,37.48,3467404,0
GLSI.US,60,20210308,210000,37.25,40.94,33.37,36.9501,1459737,0
GLSI.US,60,20210308,220000,37.14,38.48,33.0101,37.2,570606,0
GLSI.US,60,20210309,160000,41.6,41.7999,35.46,35.9823,269810,0
GLSI.US,60,20210309,170000,36,37.39,33.18,34.1201,270318,0
GLSI.US,60,20210309,180000,34.4,35.7099,33.61,34.5501,114282,0
GLSI.US,60,20210309,190000,34.7799,34.97,29.35,30.3306,416963,0
GLSI.US,60,20210309,200000,30.51,32.2999,30.01,31.7053,171175,0
GLSI.US,60,20210309,210000,31.98,33.5898,31.6101,32.67,177358,0
GLSI.US,60,20210309,220000,32.5,33.45,32.05,32.69,86814,0
GLSI.US,60,20210310,160000,31.82,32.44,30.3001,31.101,41698,0
GLSI.US,60,20210310,170000,31.02,31.02,29.3,30.3999,95698,0
GLSI.US,60,20210310,180000,30.3667,30.4962,28.92,29.7299,52711,0
GLSI.US,60,20210310,190000,29.7812,29.7812,28.6,29.1999,63410,0
GLSI.US,60,20210310,200000,29.19,29.719,29.06,29.17,31653,0
GLSI.US,60,20210310,210000,29.315,29.8,29.03,29.58,42043,0
GLSI.US,60,20210310,220000,29.6,30.2,29.5001,29.77,56902,0
GLSI.US,60,20210311,160000,28.5,29,27.611,28.3796,54792,0
GLSI.US,60,20210311,170000,28.3799,30.29,27.7,29.445,207030,0
GLSI.US,60,20210311,180000,29.43,29.66,28.41,28.7,86210,0
GLSI.US,60,20210311,190000,29,29.4,27.6,28.2,138159,0
GLSI.US,60,20210311,200000,28.2,28.7055,27.77,28.2034,43071,0
GLSI.US,60,20210311,210000,28.2,28.3,28.01,28.15,23733,0
GLSI.US,60,20210311,220000,28.1438,28.23,27.2,27.3,81535,0
GLSI.US,60,20210312,160000,27.5,29.6499,27.4,28.55,123021,0
GLSI.US,60,20210312,170000,28.5527,28.9,27.5758,28.2601,71006,0
GLSI.US,60,20210312,180000,28.2601,28.88,28.2,28.86,24832,0
GLSI.US,60,20210312,190000,28.64,29.58,28.6,29.06,65208,0
GLSI.US,60,20210312,200000,29.1881,30.95,29,30.2,125896,0
GLSI.US,60,20210312,210000,30.2,30.2,29.07,29.1501,49434,0
GLSI.US,60,20210312,220000,29.15,29.3099,28.8028,29.12,35602,0
GLSI.US,60,20210315,150000,28.46,28.8,27.8717,28.355,27421,0
GLSI.US,60,20210315,160000,28.18,29.2899,28.17,29.2899,28725,0
GLSI.US,60,20210315,170000,28.65,29.41,28.1701,28.435,17572,0
GLSI.US,60,20210315,180000,28.7,29.685,28.5001,29.37,28703,0
GLSI.US,60,20210315,190000,29.29,29.4814,28.6301,28.6301,14540,0
GLSI.US,60,20210315,200000,29.39,29.3916,28.6301,28.7,11863,0
GLSI.US,60,20210315,210000,28.7,28.89,28.02,28.6,33125,0
GLSI.US,60,20210316,150000,29.05,29.1,28.42,28.9123,29842,0
GLSI.US,60,20210316,160000,28.8172,29.65,28.76,29.56,37085,0
GLSI.US,60,20210316,170000,29.4999,30.2,28.94,29.85,52426,0
GLSI.US,60,20210316,180000,29.85,30.15,29.11,29.42,41616,0
GLSI.US,60,20210316,190000,29.22,29.83,28.57,28.88,30987,0
GLSI.US,60,20210316,200000,28.68,28.8999,28.0303,28.55,30632,0
GLSI.US,60,20210316,210000,28.4,28.78,28.1,28.7,22639,0
GLSI.US,60,20210317,150000,28.06,28.41,27.75,28.24,20021,0
GLSI.US,60,20210317,160000,28.19,28.63,27.72,28.3125,33898,0
GLSI.US,60,20210317,170000,28.11,29.0999,28,28.23,26891,0
GLSI.US,60,20210317,180000,28.4303,28.72,28.0001,28.42,22679,0
GLSI.US,60,20210317,190000,28.15,28.683,28.12,28.385,18992,0
GLSI.US,60,20210317,200000,28.31,29.114,28.31,28.99,18504,0
GLSI.US,60,20210317,210000,28.875,29.41,28.7225,29.4,68027,0
GLSI.US,60,20210318,150000,29,29.42,28.66,28.9865,38071,0
GLSI.US,60,20210318,160000,28.94,29.9,28.7,29.5455,35646,0
GLSI.US,60,20210318,170000,29.48,29.6998,29.09,29.6998,14183,0
GLSI.US,60,20210318,180000,29.53,30.18,29.35,29.53,20796,0
GLSI.US,60,20210318,190000,29.17,30.18,29.17,29.4966,23342,0
GLSI.US,60,20210318,200000,29.5,29.9999,28.8,29.275,60721,0
GLSI.US,60,20210318,210000,29.29,29.29,28.27,29.1,53335,0
GLSI.US,60,20210319,150000,28.55,29.5,28.105,28.94,33233,0
GLSI.US,60,20210319,160000,29.1,29.4,28.25,29.35,16803,0
GLSI.US,60,20210319,170000,29.25,29.25,28.1,28.67,27940,0
GLSI.US,60,20210319,180000,28.5,28.9899,28.48,28.7,26560,0
GLSI.US,60,20210319,190000,28.68,29.0899,28.45,29.0899,24587,0
GLSI.US,60,20210319,200000,28.93,29.2999,28.5,29.2999,10960,0
GLSI.US,60,20210319,210000,29.29,29.86,28.955,29.86,28388,0
GLSI.US,60,20210322,150000,30.06,30.06,29.5,29.5356,8958,0
GLSI.US,60,20210322,160000,29.5,29.75,29.3501,29.46,18142,0
GLSI.US,60,20210322,170000,29.8,30.73,29.45,30.2387,46391,0
GLSI.US,60,20210322,180000,30.48,30.59,29.76,30.4,42055,0
GLSI.US,60,20210322,190000,30.26,30.4599,30,30.155,5291,0
GLSI.US,60,20210322,200000,30.03,30.78,30.01,30.5901,25443,0
GLSI.US,60,20210322,210000,30.898,30.9,30.0227,30.74,48702,0
GLSI.US,60,20210323,150000,30.83,32.35,30.45,31.74,74249,0
GLSI.US,60,20210323,160000,31.82,32.4499,30.45,30.8512,90018,0
GLSI.US,60,20210323,170000,30.875,31.6199,30.75,31.26,54003,0
GLSI.US,60,20210323,180000,31.5,31.5,30.86,31.49,23639,0
GLSI.US,60,20210323,190000,31.26,31.74,30.92,31.035,13398,0
GLSI.US,60,20210323,200000,30.9,31.4,30.34,30.55,55645,0
GLSI.US,60,20210323,210000,30.4901,31,29.71,30.74,56634,0
GLSI.US,60,20210324,150000,32.05,32.4899,30.75,31,82608,0
GLSI.US,60,20210324,160000,30.83,32.99,30.74,32.39,77169,0
GLSI.US,60,20210324,170000,32.39,34.76,32.09,34.03,151637,0
GLSI.US,60,20210324,180000,34.05,35.9,33.63,34.5,169490,0
GLSI.US,60,20210324,190000,34.5,34.85,32.6,34.41,100741,0
GLSI.US,60,20210324,200000,34.8699,35,32.721,32.7795,87054,0
GLSI.US,60,20210324,210000,32.78,33.89,31.64,31.7,71011,0
GLSI.US,60,20210325,150000,30.27,31,29.2504,30.65,65655,0
GLSI.US,60,20210325,160000,30.91,31.5,28.865,29.24,50050,0
GLSI.US,60,20210325,170000,29.41,29.6,28.5315,28.79,51911,0
GLSI.US,60,20210325,180000,28.8041,29.59,28.8041,29.02,25378,0
GLSI.US,60,20210325,190000,28.9,29.2399,28.77,28.92,17274,0
GLSI.US,60,20210325,200000,28.8,29.77,28.75,29.47,30986,0
GLSI.US,60,20210325,210000,29.42,30.43,29.3,29.99,41509,0
GLSI.US,60,20210326,150000,30.13,31.12,30.07,30.95,51193,0
GLSI.US,60,20210326,160000,30.67,31.8,30.49,30.6891,53880,0
GLSI.US,60,20210326,170000,30.68,30.9999,30.18,30.51,5141,0
GLSI.US,60,20210326,180000,30.3503,31.46,30.3503,31.4367,22694,0
GLSI.US,60,20210326,190000,31.1693,31.75,30.83,31.34,33595,0
GLSI.US,60,20210326,200000,31.33,31.34,30.0224,30.26,29507,0
GLSI.US,60,20210326,210000,30.19,31.18,29.7201,30.9,17745,0
GLSI.US,60,20210329,160000,29.7016,31.7599,29.7016,31.4599,19457,0
GLSI.US,60,20210329,170000,31.32,31.9799,30.67,31.85,31891,0
GLSI.US,60,20210329,180000,31.85,31.87,31.01,31.5,15399,0
GLSI.US,60,20210329,190000,31.4,33.2299,31.25,32.7252,41932,0
GLSI.US,60,20210329,200000,32.89,33.4199,32.2089,32.7927,25633,0
GLSI.US,60,20210329,210000,32.325,33.16,31.9,32.82,53257,0
GLSI.US,60,20210329,220000,32.8,33.28,32.5001,32.62,41952,0
GLSI.US,60,20210330,160000,32.5,32.5,31.2843,31.61,31743,0
GLSI.US,60,20210330,170000,31.594,32.67,31.3601,32.26,24044,0
GLSI.US,60,20210330,180000,32.37,32.9799,32.01,32.9799,30528,0
GLSI.US,60,20210330,190000,32.57,33.24,32.26,33.2,19890,0
GLSI.US,60,20210330,200000,33.12,33.7,32.7767,32.7767,18853,0
GLSI.US,60,20210330,210000,33.32,33.57,32.76,32.97,63674,0
GLSI.US,60,20210330,220000,32.8291,33.2619,32.56,32.9,16028,0
GLSI.US,60,20210331,160000,32.96,34.99,32.95,34.86,33869,0
GLSI.US,60,20210331,170000,34.74,34.8,33.71,33.71,43525,0
GLSI.US,60,20210331,180000,33.75,34.18,33,33,58866,0
GLSI.US,60,20210331,190000,32.94,33.6999,32.94,33.44,10588,0
GLSI.US,60,20210331,200000,33.5,33.8999,33.4973,33.7375,12899,0
GLSI.US,60,20210331,210000,33.75,33.8,33.3602,33.6,3507,0
GLSI.US,60,20210331,220000,33.5656,34.18,33.51,34.09,10275,0
GLSI.US,60,20210401,160000,35.07,35.4999,33.95,34.8099,23806,0
GLSI.US,60,20210401,170000,34.5,34.81,34.16,34.5511,22041,0
GLSI.US,60,20210401,180000,34.43,34.85,34.25,34.5101,19557,0
GLSI.US,60,20210401,190000,34.7268,35.2,34.55,35.01,14778,0
GLSI.US,60,20210401,200000,35.1999,35.1999,34.3,34.7,14072,0
GLSI.US,60,20210401,210000,34.7,34.8529,34.5101,34.85,8213,0
GLSI.US,60,20210401,220000,34.85,35.6,34.5,34.72,52887,0
GLSI.US,60,20210405,160000,36.99,39.5,36.2537,38.7533,129874,0
GLSI.US,60,20210405,170000,38.69,42.28,38.69,39.48,215087,0
GLSI.US,60,20210405,180000,39.48,40.9799,39.1294,40.2158,43456,0
GLSI.US,60,20210405,190000,40.2201,42,40.1911,41.33,67626,0
GLSI.US,60,20210405,200000,41.23,42.7499,40.9402,41.78,74560,0
GLSI.US,60,20210405,210000,41.77,41.99,40.65,41.727,31192,0
GLSI.US,60,20210405,220000,41.71,42.39,41.6,42.39,70544,0
GLSI.US,60,20210406,160000,45,52.77,45,48.2435,573296,0
GLSI.US,60,20210406,170000,47.6001,52.5,47.2,49.5,383708,0
GLSI.US,60,20210406,180000,49.6297,52.79,48.59,51.14,259627,0
GLSI.US,60,20210406,190000,51.03,58.5,50.86,57.625,888727,0
GLSI.US,60,20210406,200000,57.32,57.5499,52.1,52.3122,358952,0
GLSI.US,60,20210406,210000,52.5646,55.45,52.2,52.8,170117,0
GLSI.US,60,20210406,220000,52.93,53.2,48.01,50,324625,0
GLSI.US,60,20210407,160000,51.5,57.7,48.6,54.8723,511894,0
GLSI.US,60,20210407,170000,55.5,59.4799,51.61,51.8,618002,0
GLSI.US,60,20210407,180000,51.79,54.5,51.5463,54.25,145222,0
GLSI.US,60,20210407,190000,54.47,55.3516,53.32,54.126,45324,0
GLSI.US,60,20210407,200000,54.32,54.6922,52.0001,52.0001,92584,0
GLSI.US,60,20210407,210000,52.1671,53.2,49.8,50.2886,92461,0
GLSI.US,60,20210407,220000,50.35,51.9399,49.25,51.28,133048,0
GLSI.US,60,20210408,160000,51.85,52.9,48.61,50.06,194507,0
GLSI.US,60,20210408,170000,50.0601,50.0601,45.34,48.61,243175,0
GLSI.US,60,20210408,180000,48.5001,48.7508,47,47,28559,0
GLSI.US,60,20210408,190000,47,48.271,47,47.74,28468,0
GLSI.US,60,20210408,200000,47.55,47.94,47.01,47.9126,18717,0
GLSI.US,60,20210408,210000,47.93,51.26,47.8,49.4641,87635,0
GLSI.US,60,20210408,220000,49.3001,50.7,48.58,50.5,93245,0
GLSI.US,60,20210409,160000,63.01,69.77,58,60.8,1898975,0
GLSI.US,60,20210409,170000,60.5001,60.95,51.5401,52.8679,1330119,0
GLSI.US,60,20210409,180000,52.35,54.5388,51,52.75,551120,0
GLSI.US,60,20210409,190000,52.705,52.98,50.6,51.3691,186194,0
GLSI.US,60,20210409,200000,51.2001,53.92,51.2,52.9629,213965,0
GLSI.US,60,20210409,210000,52.8,56.5,52.28,55.34,411206,0
GLSI.US,60,20210409,220000,55.44,56.85,53.28,53.6,338489,0
GLSI.US,60,20210412,160000,47,47.49,40.57,40.705,506800,0
GLSI.US,60,20210412,170000,40.8399,43.26,40.6198,42.31,178139,0
GLSI.US,60,20210412,180000,42.65,42.73,41.06,41.3907,61663,0
GLSI.US,60,20210412,190000,41.17,41.49,40.38,40.5545,61092,0
GLSI.US,60,20210412,200000,40.6527,41.2041,38.04,38.53,104294,0
GLSI.US,60,20210412,210000,38.5,39.49,38.5,38.72,42978,0
GLSI.US,60,20210412,220000,38.63,39.7,38.12,39.15,105243,0
GLSI.US,60,20210413,160000,37.47,40.96,36.99,40.4166,88440,0
GLSI.US,60,20210413,170000,40.505,41.4899,38.012,39.105,90910,0
GLSI.US,60,20210413,180000,39.01,39.1389,38.26,38.27,30503,0
GLSI.US,60,20210413,190000,38.36,38.72,37.12,37.16,37073,0
GLSI.US,60,20210413,200000,37.1883,37.3173,34.5,35.09,95555,0
GLSI.US,60,20210413,210000,34.9408,36.79,34.9408,36.65,78060,0
GLSI.US,60,20210413,220000,36.65,37,35.88,36.09,76325,0
GLSI.US,60,20210414,160000,39.6304,39.647,36.63,38.42,240513,0
GLSI.US,60,20210414,170000,38.29,40.9,37.7201,38.54,295953,0
GLSI.US,60,20210414,180000,38.45,38.69,37.2501,37.985,84436,0
GLSI.US,60,20210414,190000,38.045,38.3,37.68,37.7703,14180,0
GLSI.US,60,20210414,200000,37.77,38.1606,37,37,48836,0
GLSI.US,60,20210414,210000,37.0001,37.21,36.19,36.51,49481,0
GLSI.US,60,20210414,220000,36.5,36.5,35,35.36,133856,0
GLSI.US,60,20210415,160000,36.54,37.1,35.3,35.43,80482,0
GLSI.US,60,20210415,170000,35.87,36.54,34.5,34.55,78656,0
GLSI.US,60,20210415,180000,34.66,35.23,33.7101,33.79,35573,0
GLSI.US,60,20210415,190000,33.94,34.14,32.82,33.1,47436,0
GLSI.US,60,20210415,200000,33.23,33.95,33.0001,33.88,35306,0
GLSI.US,60,20210415,210000,33.99,34.24,33.07,33.18,19529,0
GLSI.US,60,20210415,220000,33.18,33.34,32.45,32.6,67079,0
GLSI.US,60,20210416,160000,32.5,32.5,31.45,32.14,35213,0
GLSI.US,60,20210416,170000,31.86,33.8,31.25,32.85,60506,0
GLSI.US,60,20210416,180000,32.7501,33.22,32,32.4999,19565,0
GLSI.US,60,20210416,190000,32.375,32.6,32.06,32.317,7395,0
GLSI.US,60,20210416,200000,32.3,33.48,32.06,33.38,22869,0
GLSI.US,60,20210416,210000,33.05,33.5,33,33.36,23380,0
GLSI.US,60,20210416,220000,33.33,34.25,33.12,33.64,67448,0
GLSI.US,60,20210419,160000,33.5,33.75,32.7,33.75,23472,0
GLSI.US,60,20210419,170000,33.4702,33.7799,32.15,32.6315,33035,0
GLSI.US,60,20210419,180000,32.43,32.79,32,32.2,21617,0
GLSI.US,60,20210419,190000,32.01,32.68,32.01,32.6324,5094,0
GLSI.US,60,20210419,200000,32.6371,33.3,32.56,33.29,15641,0
GLSI.US,60,20210419,210000,33.1,33.9543,33,33.5,11864,0
GLSI.US,60,20210419,220000,33.58,33.71,33.1,33.28,37099,0
GLSI.US,60,20210420,160000,32.51,32.9999,32.21,32.48,11683,0
GLSI.US,60,20210420,170000,32.58,32.89,31.8615,32.27,12632,0
GLSI.US,60,20210420,180000,32.4222,32.8799,31.61,31.9719,26396,0
GLSI.US,60,20210420,190000,32.67,32.89,32.0924,32.38,8088,0
GLSI.US,60,20210420,200000,32.2977,32.6,32.27,32.49,2872,0
GLSI.US,60,20210420,210000,32.33,32.49,31.73,31.84,3954,0
GLSI.US,60,20210420,220000,32.007,32.41,31.7,32.02,18133,0
GLSI.US,60,20210421,160000,31.5,33,31.31,32.9615,19481,0
GLSI.US,60,20210421,170000,33.17,33.9,32.53,33.7724,43111,0
GLSI.US,60,20210421,180000,33.74,34.2499,33.1602,34.035,28930,0
GLSI.US,60,20210421,190000,34.03,34.43,33.65,33.8225,20353,0
GLSI.US,60,20210421,200000,34.05,35.22,34.05,35.085,23851,0
GLSI.US,60,20210421,210000,35.1,35.5,34.9006,35.5,14084,0
GLSI.US,60,20210421,220000,35.31,36.49,35.31,35.5,55590,0
GLSI.US,60,20210422,160000,35.02,37.25,34.68,36.9692,40996,0
GLSI.US,60,20210422,170000,37.22,38.87,37,38.68,88467,0
GLSI.US,60,20210422,180000,38.65,40.9751,38.45,40.5299,117046,0
GLSI.US,60,20210422,190000,40.09,41.25,39.2,40.6,69811,0
GLSI.US,60,20210422,200000,40.25,40.5,37.2,37.34,79157,0
GLSI.US,60,20210422,210000,37.4,39,37.3,38.79,22159,0
GLSI.US,60,20210422,220000,38.89,39.83,35.86,36.13,81882,0
GLSI.US,60,20210423,160000,36.69,38.5,35.7874,37.3178,54678,0
GLSI.US,60,20210423,170000,37.35,37.9696,36.61,36.685,33672,0
GLSI.US,60,20210423,180000,36.65,37.46,36.65,37.46,10774,0
GLSI.US,60,20210423,190000,37.28,37.28,36.5,36.7571,15010,0
GLSI.US,60,20210423,200000,36.7155,36.93,36.51,36.86,5396,0
GLSI.US,60,20210423,210000,36.8399,36.8399,35.8,36.12,33944,0
GLSI.US,60,20210423,220000,36.02,36.47,35.875,36.43,38060,0
GLSI.US,60,20210426,160000,35.56,37.57,35.33,36.89,42763,0
GLSI.US,60,20210426,170000,36.88,38.9899,36.8,38.9899,96448,0
GLSI.US,60,20210426,180000,38.775,38.99,38,38.25,76206,0
GLSI.US,60,20210426,190000,38.04,38.49,37.62,38.05,36672,0
GLSI.US,60,20210426,200000,38.13,38.39,37.57,37.82,25346,0
GLSI.US,60,20210426,210000,37.66,38.18,37.5,38.18,33098,0
GLSI.US,60,20210426,220000,38.05,38.48,37.8,38.1,42398,0
GLSI.US,60,20210427,160000,37.37,38.38,37.0939,38.38,37798,0
GLSI.US,60,20210427,170000,38.34,39.8,37.8,39.76,57838,0
GLSI.US,60,20210427,180000,39.7932,40.7699,39.2,40.3,98004,0
GLSI.US,60,20210427,190000,40,40.25,39.37,39.6,28466,0
GLSI.US,60,20210427,200000,39.3,40.2124,38.9535,40.17,68770,0
GLSI.US,60,20210427,210000,40.09,40.1,39.25,39.25,19354,0
GLSI.US,60,20210427,220000,39.25,39.8,38.82,39.8,41598,0
GLSI.US,60,20210428,160000,39.17,39.65,38.1,38.53,30216,0
GLSI.US,60,20210428,170000,38.3911,39.7799,38.21,39.09,31836,0
GLSI.US,60,20210428,180000,38.9327,39.41,38.51,39.41,3288,0
GLSI.US,60,20210428,190000,39.21,40.2499,38.8801,40.07,43386,0
GLSI.US,60,20210428,200000,40.04,40.04,39.27,39.27,5512,0
GLSI.US,60,20210428,210000,39.5,40.198,39.5,39.71,24756,0
GLSI.US,60,20210428,220000,39.8,39.8,38.86,39.62,54112,0
GLSI.US,60,20210429,160000,40,40,38.12,38.62,38872,0
GLSI.US,60,20210429,170000,38.26,38.43,37,37.188,43614,0
GLSI.US,60,20210429,180000,37.385,37.805,36.88,37.065,22000,0
GLSI.US,60,20210429,190000,36.85,37.4099,36.8,37.36,16832,0
GLSI.US,60,20210429,200000,37.173,37.89,37.08,37.5887,23270,0
GLSI.US,60,20210429,210000,38.055,38.45,37.7828,38.45,13808,0
GLSI.US,60,20210429,220000,38.4102,38.44,37.71,38.17,17798,0
GLSI.US,60,20210430,160000,37.56,37.9482,37.07,37.6793,14338,0
GLSI.US,60,20210430,170000,37.7346,38.53,37.64,38.145,25146,0
GLSI.US,60,20210430,180000,37.79,38.21,37.2001,38,9432,0
GLSI.US,60,20210430,190000,37.76,38.25,37.76,38.25,9050,0
GLSI.US,60,20210430,200000,38.045,38.2843,37.48,37.65,10236,0
GLSI.US,60,20210430,210000,37.85,37.98,37.2,37.67,9512,0
GLSI.US,60,20210430,220000,37.5,37.64,36.8,37.6,34574,0
GLSI.US,60,20210503,160000,38.14,38.19,37,37.6936,9170,0
GLSI.US,60,20210503,170000,37.78,38.16,36.9,37.09,8472,0
GLSI.US,60,20210503,180000,37.19,37.336,36.7951,37.09,3978,0
GLSI.US,60,20210503,190000,36.89,37.49,36.85,37.255,5526,0
GLSI.US,60,20210503,200000,37.37,37.5078,37.16,37.17,4594,0
GLSI.US,60,20210503,210000,37.17,37.17,36,36.4718,11382,0
GLSI.US,60,20210503,220000,36.2614,36.46,35.25,35.51,42946,0
GLSI.US,60,20210504,160000,35.23,35.49,33.56,34.07,28543,0
GLSI.US,60,20210504,170000,33.93,34.5466,33.36,33.8471,15210,0
GLSI.US,60,20210504,180000,34.3391,34.51,33.8001,34.17,12214,0
GLSI.US,60,20210504,190000,34.27,34.65,34.11,34.275,8689,0
GLSI.US,60,20210504,200000,34.41,34.468,34.25,34.25,3615,0
GLSI.US,60,20210504,210000,34.25,34.36,34.1,34.18,4307,0
GLSI.US,60,20210504,220000,34.11,34.39,34,34.09,12876,0
GLSI.US,60,20210505,160000,34.83,35.16,34.43,34.82,4920,0
GLSI.US,60,20210505,170000,34.78,34.97,34.12,34.42,11221,0
GLSI.US,60,20210505,180000,34.5,35.16,34.2708,34.8,12251,0
GLSI.US,60,20210505,190000,34.8,35.1,34.52,34.9645,10556,0
GLSI.US,60,20210505,200000,34.99,35.92,34.99,35.7,7623,0
GLSI.US,60,20210505,210000,35.8886,36.32,35.61,35.9299,12591,0
GLSI.US,60,20210505,220000,35.9016,35.9924,35,35.9,24802,0
GLSI.US,60,20210506,160000,35.07,35.0964,33.57,34.05,14135,0
GLSI.US,60,20210506,170000,33.65,34.1737,33.4443,33.835,9523,0
GLSI.US,60,20210506,180000,33.8,33.855,33,33.808,14273,0
GLSI.US,60,20210506,190000,33.7598,33.8227,33.57,33.635,5247,0
GLSI.US,60,20210506,200000,33.66,33.8,33.11,33.11,7837,0
GLSI.US,60,20210506,210000,33.21,33.78,32.66,33.1,18117,0
GLSI.US,60,20210506,220000,33.15,34.18,32.91,33.91,14808,0
GLSI.US,60,20210507,160000,34.01,34.98,34.01,34.73,6664,0
GLSI.US,60,20210507,170000,34.53,35.25,34.11,34.985,3914,0
GLSI.US,60,20210507,180000,34.7332,34.87,34.2,34.25,10551,0
GLSI.US,60,20210507,190000,34.25,34.55,33.7401,34.28,9502,0
GLSI.US,60,20210507,200000,33.76,34.09,33.76,33.84,933,0
GLSI.US,60,20210507,210000,33.77,34.15,33.2,33.97,4180,0
GLSI.US,60,20210507,220000,33.99,34,33.4,33.79,11217,0
GLSI.US,60,20210510,160000,33.8,34.16,32.11,32.38,6136,0
GLSI.US,60,20210510,170000,32.79,32.79,31.59,32.1692,25343,0
GLSI.US,60,20210510,180000,32.065,32.19,31.8,32.19,9152,0
GLSI.US,60,20210510,190000,32.1,32.4631,32.05,32.44,1810,0
GLSI.US,60,20210510,200000,32.08,32.172,31.88,32.172,4148,0
GLSI.US,60,20210510,210000,31.89,31.89,31.2,31.2664,13840,0
GLSI.US,60,20210510,220000,31.4,31.71,31.05,31.24,8680,0
GLSI.US,60,20210511,160000,29.82,31.48,29.0659,31.48,18287,0
GLSI.US,60,20210511,170000,31.3,31.37,30.5001,31.3342,4762,0
GLSI.US,60,20210511,180000,30.51,31.73,30.51,31.73,4339,0
GLSI.US,60,20210511,190000,31.68,32.29,31.665,31.665,2879,0
GLSI.US,60,20210511,200000,31.88,32.59,31.88,32.42,4423,0
GLSI.US,60,20210511,210000,32.25,33,32.1,32.97,3941,0
GLSI.US,60,20210511,220000,32.6536,32.99,32.08,32.3,7163,0
GLSI.US,60,20210512,160000,31.21,32.99,31.21,32.99,4735,0
GLSI.US,60,20210512,170000,32.9297,32.9297,31.55,32.09,12044,0
GLSI.US,60,20210512,180000,31.82,32.96,31.59,32.0636,12054,0
GLSI.US,60,20210512,190000,32.14,32.57,31.6701,32.42,11700,0
GLSI.US,60,20210512,200000,32.0696,32.53,31.91,31.96,3574,0
GLSI.US,60,20210512,210000,32.28,32.46,31.69,31.96,6160,0
GLSI.US,60,20210512,220000,32.32,32.33,31.39,31.58,8182,0
GLSI.US,60,20210513,160000,32.05,32.23,31.63,32.23,5513,0
GLSI.US,60,20210513,170000,32.02,32.48,31.66,31.89,5665,0
GLSI.US,60,20210513,180000,31.75,31.75,31.1858,31.25,1857,0
GLSI.US,60,20210513,190000,31.0442,31.79,31.0442,31.2501,1805,0
GLSI.US,60,20210513,200000,31.25,31.46,30.2,30.5327,13471,0
GLSI.US,60,20210513,210000,30.59,31.145,30.4,30.865,15560,0
GLSI.US,60,20210513,220000,30.855,32.4,30.855,31.78,21322,0
GLSI.US,60,20210514,160000,31.89,32.5,31.89,32.5,1541,0
GLSI.US,60,20210514,170000,32.5001,33.2,32.4801,32.97,7974,0
GLSI.US,60,20210514,180000,32.9267,33.18,32.7501,33.16,1560,0
GLSI.US,60,20210514,190000,33.14,33.1495,32.7827,32.925,2150,0
GLSI.US,60,20210514,200000,32.78,33.09,32.78,33.07,700,0
GLSI.US,60,20210514,210000,32.751,33.1,32.7501,32.92,2295,0
GLSI.US,60,20210514,220000,32.895,32.99,32.51,32.95,7921,0
GLSI.US,60,20210517,160000,32.89,32.99,32.41,32.41,4470,0
GLSI.US,60,20210517,170000,32.45,33.06,32.25,32.5509,3401,0
GLSI.US,60,20210517,180000,33.0168,33.1,32.22,32.3,4028,0
GLSI.US,60,20210517,190000,32.23,32.74,32.035,32.67,7082,0
GLSI.US,60,20210517,200000,32.605,32.98,32.13,32.15,3039,0
GLSI.US,60,20210517,210000,32.19,32.9,32.13,32.27,1782,0
GLSI.US,60,20210517,220000,32.31,32.92,32.09,32.89,6296,0
GLSI.US,60,20210518,160000,32.56,32.97,31.83,32.97,3426,0
GLSI.US,60,20210518,170000,32.11,32.74,32.05,32.44,4820,0
GLSI.US,60,20210518,180000,32.33,32.91,32.32,32.869,5095,0
GLSI.US,60,20210518,190000,32.53,32.85,32.5,32.5,2717,0
GLSI.US,60,20210518,200000,32.4,33.18,32.06,32.24,30140,0
GLSI.US,60,20210518,210000,32.185,32.59,31.62,31.7798,13803,0
GLSI.US,60,20210518,220000,31.7988,31.88,31.54,31.55,17555,0
GLSI.US,60,20210519,160000,31.54,31.63,31.01,31.4268,6985,0
GLSI.US,60,20210519,170000,31.05,31.465,30.67,31.46,5898,0
GLSI.US,60,20210519,180000,31.64,32.3,31.57,32.2813,6431,0
GLSI.US,60,20210519,190000,32.235,32.69,32,32.2512,3407,0
GLSI.US,60,20210519,200000,32.1501,33,32.1001,32.605,12528,0
GLSI.US,60,20210519,210000,32.21,32.56,32.0201,32.215,3329,0
GLSI.US,60,20210519,220000,32.31,32.89,32.1,32.2,10255,0
GLSI.US,60,20210520,160000,32.6,32.89,32,32.89,4594,0
GLSI.US,60,20210520,170000,32.63,33.45,32.5,32.5,9566,0
GLSI.US,60,20210520,180000,32.6,33,32.6,33,6564,0
GLSI.US,60,20210520,190000,33.0045,33.01,32.04,32.5975,13727,0
GLSI.US,60,20210520,200000,32.56,32.98,32.25,32.485,7533,0
GLSI.US,60,20210520,210000,32.5709,32.5709,32.0807,32.26,2560,0
GLSI.US,60,20210520,220000,32.38,32.67,32.21,32.47,3302,0
GLSI.US,60,20210521,160000,33.07,33.07,32.4,32.5,4990,0
GLSI.US,60,20210521,170000,32.68,33.19,32.4316,32.8,3801,0
GLSI.US,60,20210521,180000,32.84,32.99,32.77,32.9684,3850,0
GLSI.US,60,20210521,190000,32.7,32.9899,32.5,32.76,5061,0
GLSI.US,60,20210521,200000,32.63,32.99,32.5593,32.835,4671,0
GLSI.US,60,20210521,210000,32.84,33.28,32.72,33.25,9062,0
GLSI.US,60,20210521,220000,33.28,33.395,32.85,33.25,14272,0
GLSI.US,60,20210524,160000,32.19,33.7267,32.1089,33.4,21242,0
GLSI.US,60,20210524,170000,33.53,34.39,33.18,33.29,8587,0
GLSI.US,60,20210524,180000,33.99,34,33.51,33.915,2741,0
GLSI.US,60,20210524,190000,33.77,33.98,33.52,33.5201,4390,0
GLSI.US,60,20210524,200000,33.56,33.9668,33.55,33.878,2942,0
GLSI.US,60,20210524,210000,33.8206,34.49,33.7446,34.265,7693,0
GLSI.US,60,20210524,220000,34.35,34.93,34.3292,34.44,24283,0
GLSI.US,60,20210525,160000,34.81,35.37,34.56,34.56,8879,0
GLSI.US,60,20210525,170000,34.55,34.7287,33.14,34.1115,13390,0
GLSI.US,60,20210525,180000,34.01,34.16,33.35,33.35,7114,0
GLSI.US,60,20210525,190000,33.59,33.8299,33.4,33.47,1156,0
GLSI.US,60,20210525,200000,33.51,33.51,33.4,33.4,1100,0
GLSI.US,60,20210525,210000,33.41,33.81,33.41,33.7,1282,0
GLSI.US,60,20210525,220000,33.815,33.96,33.42,33.76,11677,0
GLSI.US,60,20210526,160000,33.8,34.5,33.4101,33.9999,7813,0
GLSI.US,60,20210526,170000,33.765,33.9499,33.5,33.575,11232,0
GLSI.US,60,20210526,180000,33.41,33.54,32.86,33.54,10216,0
GLSI.US,60,20210526,190000,33.23,33.51,33.19,33.28,4204,0
GLSI.US,60,20210526,200000,33.475,33.54,33.3,33.54,2257,0
GLSI.US,60,20210526,210000,33.54,33.78,33.38,33.645,10286,0
GLSI.US,60,20210526,220000,33.645,33.735,33.42,33.73,8602,0
GLSI.US,60,20210527,160000,33.61,33.9999,33.0689,33.4,7511,0
GLSI.US,60,20210527,170000,33.36,33.6,33.09,33.415,7055,0
GLSI.US,60,20210527,180000,33.415,33.415,32.95,33.245,8024,0
GLSI.US,60,20210527,190000,33.24,33.72,33.14,33.4539,4335,0
GLSI.US,60,20210527,200000,33.45,33.625,33.45,33.4813,3074,0
GLSI.US,60,20210527,210000,33.5,33.635,33.1901,33.61,23289,0
GLSI.US,60,20210527,220000,33.61,33.95,33.43,33.95,15284,0
GLSI.US,60,20210528,160000,33.94,34.4,33.61,33.9999,8717,0
GLSI.US,60,20210528,170000,33.56,34.73,33.56,34.73,22708,0
GLSI.US,60,20210528,180000,34.6194,35.7109,34.36,35.5,23028,0
GLSI.US,60,20210528,190000,35.46,38.37,35.2889,38.37,43052,0
GLSI.US,60,20210528,200000,38.322,39,37.39,37.915,52257,0
GLSI.US,60,20210528,210000,37.81,38.18,37.5101,37.5101,19702,0
GLSI.US,60,20210528,220000,37.5001,37.55,36.6593,37.08,34593,0
GLSI.US,60,20210601,160000,37.62,41.57,37.5501,38.39,91550,0
GLSI.US,60,20210601,170000,38.8187,39.8299,37.67,38.39,38471,0
GLSI.US,60,20210601,180000,38.671,40.72,38.671,39.2571,39674,0
GLSI.US,60,20210601,190000,39.33,40.818,39.0425,40.01,38530,0
GLSI.US,60,20210601,200000,40,40.06,39.2411,39.4,11627,0
GLSI.US,60,20210601,210000,39.26,40,39.26,39.91,7444,0
GLSI.US,60,20210601,220000,39.99,41.78,39.9585,41.78,70243,0
GLSI.US,60,20210602,160000,40.9,41.38,39.23,39.6,54797,0
GLSI.US,60,20210602,170000,39.55,39.635,38.1,38.26,36466,0
GLSI.US,60,20210602,180000,38.26,40.2399,38.26,38.79,23550,0
GLSI.US,60,20210602,190000,38.7701,39.25,37.35,38.61,34275,0
GLSI.US,60,20210602,200000,38.6799,39.29,38.53,38.5767,13355,0
GLSI.US,60,20210602,210000,38.8,38.93,38.5,38.93,6755,0
GLSI.US,60,20210602,220000,38.7865,39.64,38.6478,39.64,27688,0
GLSI.US,60,20210603,160000,37.84,38.96,37.84,38.5,10856,0
GLSI.US,60,20210603,170000,38.63,39.24,36.51,38.3236,23809,0
GLSI.US,60,20210603,180000,38.13,38.29,37.65,37.862,11434,0
GLSI.US,60,20210603,190000,37.9,38.74,37.9,38.54,5930,0
GLSI.US,60,20210603,200000,38.54,39.51,38.54,39.205,7692,0
GLSI.US,60,20210603,210000,39.2,39.49,39.0101,39.1,4367,0
GLSI.US,60,20210603,220000,39.1,39.11,38.02,38.02,12168,0
GLSI.US,60,20210604,160000,38.99,40.9,38.1,38.44,19796,0
GLSI.US,60,20210604,170000,38.55,39,38.0001,38.58,11694,0
GLSI.US,60,20210604,180000,38.7118,39.5831,38.7118,39.5,14047,0
GLSI.US,60,20210604,190000,39.54,40.1899,39.0201,39.2501,11853,0
GLSI.US,60,20210604,200000,39.48,39.48,38.75,39.18,3537,0
GLSI.US,60,20210604,210000,39.36,39.51,38.7501,38.96,4140,0
GLSI.US,60,20210604,220000,38.75,39.06,38.5,39.06,11332,0
GLSI.US,60,20210607,160000,39.84,40.324,38.35,38.785,33057,0
GLSI.US,60,20210607,170000,38.8,38.8657,37.0377,37.975,53655,0
GLSI.US,60,20210607,180000,37.876,38.8,37.82,38.2,10719,0
GLSI.US,60,20210607,190000,38.4299,38.99,38.4,38.4635,7798,0
GLSI.US,60,20210607,200000,38.37,38.6,37.83,38.48,10224,0
GLSI.US,60,20210607,210000,38.3,38.4491,36.85,37.9349,39727,0
GLSI.US,60,20210607,220000,37.96,38.79,37.8,37.87,26844,0
GLSI.US,60,20210608,160000,37.72,38.76,37.49,37.92,16490,0
GLSI.US,60,20210608,170000,37.82,38.48,37.34,38.1,29669,0
GLSI.US,60,20210608,180000,38.11,38.11,36.42,37.26,21577,0
GLSI.US,60,20210608,190000,37.12,37.3099,36.4101,36.4101,15155,0
GLSI.US,60,20210608,200000,36.4101,37.095,36.4101,36.94,10360,0
GLSI.US,60,20210608,210000,37.02,37.12,36.6201,37.0172,5926,0
GLSI.US,60,20210608,220000,37.04,37.11,36.64,36.91,17798,0
GLSI.US,60,20210609,160000,36.91,37.65,36.91,37.31,4926,0
GLSI.US,60,20210609,170000,37.646,37.7813,37.16,37.7813,10615,0
GLSI.US,60,20210609,180000,37.66,38.4156,37.66,38.16,19244,0
GLSI.US,60,20210609,190000,38.35,38.865,38.11,38.8425,10746,0
GLSI.US,60,20210609,200000,38.67,39.17,38.66,39.16,22440,0
GLSI.US,60,20210609,210000,39.17,39.49,39.06,39.34,11240,0
GLSI.US,60,20210609,220000,39.3827,39.49,38.41,38.99,23876,0
GLSI.US,60,20210610,160000,39,39.37,38.4,38.9043,7954,0
GLSI.US,60,20210610,170000,38.515,38.93,37.8,38.23,7589,0
GLSI.US,60,20210610,180000,38.4,38.4,37.61,38.07,6866,0
GLSI.US,60,20210610,190000,38.36,38.525,37.7701,38.525,2934,0
GLSI.US,60,20210610,200000,38.9244,39,38.7913,38.7913,1572,0
GLSI.US,60,20210610,210000,38.7213,39.72,38.7213,39.38,16910,0
GLSI.US,60,20210610,220000,39.0801,39.49,38.8101,39.44,14639,0
GLSI.US,60,20210611,160000,39.46,39.58,39,39.525,4505,0
GLSI.US,60,20210611,170000,39.55,40.35,39.2601,39.68,21575,0
GLSI.US,60,20210611,180000,39.515,40.3976,39.5,40.1707,13505,0
GLSI.US,60,20210611,190000,40.2767,40.32,39.81,40.15,6607,0
GLSI.US,60,20210611,200000,39.915,40.075,39.72,39.72,1369,0
GLSI.US,60,20210611,210000,39.619,39.75,38.65,39.075,12049,0
GLSI.US,60,20210611,220000,39.01,39.27,38.8601,38.96,11039,0
GLSI.US,60,20210614,160000,39.14,42.15,39.06,41.83,47484,0
GLSI.US,60,20210614,170000,41.9362,42.033,40.2,40.7,19807,0
GLSI.US,60,20210614,180000,40.63,40.63,39.3298,40.04,8030,0
GLSI.US,60,20210614,190000,40.23,41.2699,40.22,40.94,11608,0
GLSI.US,60,20210614,200000,40.9002,40.96,40.765,40.96,5433,0
GLSI.US,60,20210614,210000,40.8,41.1358,40.63,40.98,5735,0
GLSI.US,60,20210614,220000,41.13,41.5,40.93,41.5,22729,0
GLSI.US,60,20210615,160000,41,41,39.2,39.6001,17043,0
GLSI.US,60,20210615,170000,39.6,39.82,39.17,39.35,12866,0
GLSI.US,60,20210615,180000,39.3501,39.66,39.1327,39.3,4972,0
GLSI.US,60,20210615,190000,39.49,39.9504,39.1801,39.83,5231,0
GLSI.US,60,20210615,200000,39.69,39.8177,39.56,39.69,2900,0
GLSI.US,60,20210615,210000,39.61,40.28,39.4021,40.28,9853,0
GLSI.US,60,20210615,220000,40.155,40.42,39.73,39.73,9722,0
GLSI.US,60,20210616,160000,40.07,40.49,39.8601,40.45,3293,0
GLSI.US,60,20210616,170000,40.29,41.45,40.29,41.1,11624,0
GLSI.US,60,20210616,180000,41.04,41.1,39.6,40.09,12483,0
GLSI.US,60,20210616,190000,40.7,40.7,39.7,39.85,6238,0
GLSI.US,60,20210616,200000,39.825,40,39.5237,39.885,7590,0
GLSI.US,60,20210616,210000,39.68,40.89,39.2,40.84,12337,0
GLSI.US,60,20210616,220000,40.475,41.2,40.475,41.13,13047,0
GLSI.US,60,20210617,160000,41.01,41.01,40.02,40.6,3856,0
GLSI.US,60,20210617,170000,40.75,41.29,40.4,40.88,5928,0
GLSI.US,60,20210617,180000,40.8165,41.29,40.5601,40.9,3755,0
GLSI.US,60,20210617,190000,40.67,41.2,40.0303,40.32,10345,0
GLSI.US,60,20210617,200000,40.555,40.7999,40.35,40.77,1950,0
GLSI.US,60,20210617,210000,40.52,40.79,40.1,40.425,3404,0
GLSI.US,60,20210617,220000,40.58,40.58,39.88,39.99,13848,0
GLSI.US,60,20210618,160000,39.75,40.64,39.3342,40.18,6025,0
GLSI.US,60,20210618,170000,40.08,40.13,38.03,39.14,20397,0
GLSI.US,60,20210618,180000,38.98,39.57,38.8,39.51,3698,0
GLSI.US,60,20210618,190000,39.45,39.45,39.03,39.3,2768,0
GLSI.US,60,20210618,200000,39.06,39.175,38.763,38.875,4299,0
GLSI.US,60,20210618,210000,38.7769,38.88,38.06,38.1301,13556,0
GLSI.US,60,20210618,220000,38.18,38.26,36.68,36.77,55945,0
GLSI.US,60,20210621,160000,36.95,37.5642,36.57,37.32,10997,0
GLSI.US,60,20210621,170000,37.32,37.92,37.32,37.61,3440,0
GLSI.US,60,20210621,180000,37.321,37.57,36.87,37.35,7094,0
GLSI.US,60,20210621,190000,37.31,37.33,36.8,37.23,4881,0
GLSI.US,60,20210621,200000,37.26,37.37,37.1746,37.1746,1685,0
GLSI.US,60,20210621,210000,37.265,37.6,37.175,37.55,2914,0
GLSI.US,60,20210621,220000,37.57,37.57,36.94,36.94,7680,0
GLSI.US,60,20210622,160000,37.1693,37.1693,36.68,36.79,1473,0
GLSI.US,60,20210622,170000,36.88,37.7092,36.8493,37.7092,7347,0
GLSI.US,60,20210622,180000,37.65,37.94,37.5347,37.5347,8813,0
GLSI.US,60,20210622,190000,37.72,37.8215,37.27,37.82,1310,0
GLSI.US,60,20210622,200000,37.5289,37.59,37.0301,37.1,2150,0
GLSI.US,60,20210622,210000,37.1001,37.48,37.1001,37.34,2173,0
GLSI.US,60,20210622,220000,37.43,38.44,37.43,38.41,14422,0
GLSI.US,60,20210623,160000,38.61,38.89,37.82,38.2651,16040,0
GLSI.US,60,20210623,170000,38.38,38.84,38.21,38.79,6441,0
GLSI.US,60,20210623,180000,38.78,38.78,37.9,38.13,5722,0
GLSI.US,60,20210623,190000,38.11,38.4499,38.11,38.2771,858,0
GLSI.US,60,20210623,200000,38.08,38.5,38.04,38.5,1869,0
GLSI.US,60,20210623,210000,38.8,38.8,38.45,38.6263,1188,0
GLSI.US,60,20210623,220000,38.75,39.31,38.575,38.62,8054,0
GLSI.US,60,20210624,160000,38.35,40.93,38.35,40.6,29183,0
GLSI.US,60,20210624,170000,40.86,42.3688,40.7756,41.8501,57038,0
GLSI.US,60,20210624,180000,42.11,42.88,41.69,42.775,45517,0
GLSI.US,60,20210624,190000,42.89,42.8999,41.4,41.4,26802,0
GLSI.US,60,20210624,200000,41.45,41.94,40.86,41.6,14542,0
GLSI.US,60,20210624,210000,41.6,41.69,41.285,41.59,8448,0
GLSI.US,60,20210624,220000,41.41,45,41.405,43.71,121989,0
GLSI.US,60,20210625,160000,44.48,44.8,43.21,43.26,19631,0
GLSI.US,60,20210625,170000,43.2737,46.39,43.2737,45.74,54832,0
GLSI.US,60,20210625,180000,45.72,46,44.24,44.66,32283,0
GLSI.US,60,20210625,190000,44.62,45,44.25,44.8383,8489,0
GLSI.US,60,20210625,200000,44.845,45,44.0821,44.49,17579,0
GLSI.US,60,20210625,210000,44.49,44.54,43.4138,44.165,18168,0
GLSI.US,60,20210625,220000,44.28,44.48,43.3001,43.8,356793,0
GLSI.US,60,20210628,160000,44,44.27,43.3,44.15,11408,0
GLSI.US,60,20210628,170000,44.13,47,44.13,45.5,43558,0
GLSI.US,60,20210628,180000,45.8352,46,45.02,45.6199,13876,0
GLSI.US,60,20210628,190000,45.62,45.87,44.5374,44.5374,16385,0
GLSI.US,60,20210628,200000,44.5,44.5,43.2108,43.27,20189,0
GLSI.US,60,20210628,210000,43.45,43.63,42.75,43.125,14037,0
GLSI.US,60,20210628,220000,43.03,44.705,43.03,44.52,32763,0
GLSI.US,60,20210629,160000,44.53,45.98,44.305,45.05,13197,0
GLSI.US,60,20210629,170000,45.052,45.49,44.261,45.49,11723,0
GLSI.US,60,20210629,180000,45.49,45.78,44.635,44.635,12174,0
GLSI.US,60,20210629,190000,44.6,45.9,44.6,45.9,8133,0
GLSI.US,60,20210629,200000,45.76,46.5,45.39,46,21062,0
GLSI.US,60,20210629,210000,46.15,46.9,46.05,46.4,21969,0
GLSI.US,60,20210629,220000,46.6,48.14,46.6,47.3,60639,0
GLSI.US,60,20210630,160000,48.0722,48.95,46.7164,48.5,18687,0
GLSI.US,60,20210630,170000,48.4,48.96,46.7201,46.97,22384,0
GLSI.US,60,20210630,180000,46.915,47.05,44.3,44.33,32159,0
GLSI.US,60,20210630,190000,44.35,45.85,44.35,45.76,27353,0
GLSI.US,60,20210630,200000,45.778,46.03,45.47,45.71,14933,0
GLSI.US,60,20210630,210000,45.555,45.68,45.11,45.11,4459,0
GLSI.US,60,20210630,220000,45.235,45.33,44.05,44.84,35151,0
GLSI.US,60,20210701,160000,44.61,45.21,44.29,44.66,4347,0
GLSI.US,60,20210701,170000,44.54,45.9,44.18,45.9,15272,0
GLSI.US,60,20210701,180000,45.9401,46.155,44.7,45.04,16440,0
GLSI.US,60,20210701,190000,45.09,45.17,44.4501,44.4501,2650,0
GLSI.US,60,20210701,200000,44.57,44.72,43.77,43.77,4714,0
GLSI.US,60,20210701,210000,43.8163,43.95,43.38,43.505,2237,0
GLSI.US,60,20210701,220000,43.5945,44.13,43.5945,43.92,10951,0
GLSI.US,60,20210702,160000,44.55,44.55,43.7871,44.08,3064,0
GLSI.US,60,20210702,170000,43.5648,43.93,42.1301,42.5,15896,0
GLSI.US,60,20210702,180000,42.5762,42.94,42.55,42.94,10268,0
GLSI.US,60,20210702,190000,43.01,43.31,42.875,43.29,1628,0
GLSI.US,60,20210702,200000,43.22,43.22,43.22,43.22,100,0
GLSI.US,60,20210702,210000,43.22,43.35,43.115,43.12,1148,0
GLSI.US,60,20210702,220000,43.15,43.45,43.07,43.1,5763,0
GLSI.US,60,20210706,160000,42.58,42.58,42.0156,42.06,5780,0
GLSI.US,60,20210706,170000,42.01,42.45,41.45,42.28,5753,0
GLSI.US,60,20210706,180000,42.21,42.7899,41.69,42.7899,3351,0
GLSI.US,60,20210706,190000,42.54,42.54,41.97,42.26,4432,0
GLSI.US,60,20210706,200000,42.515,42.71,42.32,42.65,1042,0
GLSI.US,60,20210706,210000,42.5109,42.78,42.51,42.6402,1200,0
GLSI.US,60,20210706,220000,42.69,42.97,42.57,42.81,9830,0
GLSI.US,60,20210707,160000,42.98,42.98,41.51,41.51,2444,0
GLSI.US,60,20210707,170000,41.52,41.89,41.0001,41.53,7816,0
GLSI.US,60,20210707,180000,41.59,41.93,41.24,41.69,5214,0
GLSI.US,60,20210707,190000,41.71,42.3099,41.5278,42.05,7180,0
GLSI.US,60,20210707,200000,42.2299,42.2399,41.974,42,3140,0
GLSI.US,60,20210707,210000,42.02,42.125,42.02,42.125,430,0
GLSI.US,60,20210707,220000,42.159,42.65,42.08,42.28,4955,0
GLSI.US,60,20210708,160000,40.08,40.76,39.1201,39.74,18898,0
GLSI.US,60,20210708,170000,39.73,40.7527,39.73,40.55,6054,0
GLSI.US,60,20210708,180000,40.475,41.1182,40.46,41,6740,0
GLSI.US,60,20210708,190000,40.81,41.17,40.8,41.06,1920,0
GLSI.US,60,20210708,200000,40.94,41.14,40.82,40.88,4337,0
GLSI.US,60,20210708,210000,40.88,40.98,40.65,40.808,4150,0
GLSI.US,60,20210708,220000,40.875,41.31,40.48,41.21,10489,0
GLSI.US,60,20210709,160000,40.9,41.59,40.83,41.58,2882,0
GLSI.US,60,20210709,170000,41.4742,41.99,41.4742,41.99,1206,0
GLSI.US,60,20210709,180000,41.59,43,41.59,42.73,5031,0
GLSI.US,60,20210709,190000,42.7527,42.77,42.1266,42.77,2000,0
GLSI.US,60,20210709,200000,42.748,43.86,42.594,43.8433,16374,0
GLSI.US,60,20210709,210000,44.01,44.69,43.91,44.47,7327,0
GLSI.US,60,20210709,220000,44.4218,44.91,44.14,44.36,16626,0
