<TICKER>,<PER>,<DATE>,<TIME>,<OPEN>,<HIGH>,<LOW>,<CLOSE>,<VOL>,<OPENINT>
GRFS.US,60,20200914,160000,16.122,16.211,16.087,16.102,153442,0
GRFS.US,60,20200914,170000,16.112,16.369,16.102,16.24,229454,0
GRFS.US,60,20200914,180000,16.24,16.547,16.24,16.508,740753,0
GRFS.US,60,20200914,190000,16.513,16.617,16.473,16.577,470928,0
GRFS.US,60,20200914,200000,16.577,16.607,16.429,16.468,52775,0
GRFS.US,60,20200914,210000,16.458,16.468,16.379,16.415,93755,0
GRFS.US,60,20200914,220000,16.414,16.473,16.369,16.389,215326,0
GRFS.US,60,20200915,160000,16.894,16.953,16.666,16.765,134350,0
GRFS.US,60,20200915,170000,16.795,16.874,16.716,16.845,127211,0
GRFS.US,60,20200915,180000,16.854,16.884,16.538,16.607,213858,0
GRFS.US,60,20200915,190000,16.597,16.612,16.518,16.557,88225,0
GRFS.US,60,20200915,200000,16.567,16.592,16.508,16.547,65326,0
GRFS.US,60,20200915,210000,16.55,16.577,16.508,16.518,104240,0
GRFS.US,60,20200915,220000,16.528,16.666,16.439,16.458,270144,0
GRFS.US,60,20200916,160000,16.696,16.726,16.557,16.597,82628,0
GRFS.US,60,20200916,170000,16.592,16.617,16.498,16.587,83174,0
GRFS.US,60,20200916,180000,16.597,16.746,16.567,16.676,138071,0
GRFS.US,60,20200916,190000,16.686,16.795,16.607,16.627,73422,0
GRFS.US,60,20200916,200000,16.627,16.676,16.625,16.676,92393,0
GRFS.US,60,20200916,210000,16.676,16.686,16.567,16.587,86537,0
GRFS.US,60,20200916,220000,16.587,16.627,16.448,16.458,196782,0
GRFS.US,60,20200917,160000,16.458,16.567,16.458,16.528,98331,0
GRFS.US,60,20200917,170000,16.538,16.646,16.528,16.55,76900,0
GRFS.US,60,20200917,180000,16.557,16.686,16.488,16.508,63148,0
GRFS.US,60,20200917,190000,16.503,16.547,16.303,16.359,50270,0
GRFS.US,60,20200917,200000,16.369,16.439,16.335,16.399,46519,0
GRFS.US,60,20200917,210000,16.399,16.508,16.359,16.468,61378,0
GRFS.US,60,20200917,220000,16.458,16.547,16.409,16.518,215302,0
GRFS.US,60,20200918,160000,16.468,16.547,16.359,16.419,56660,0
GRFS.US,60,20200918,170000,16.448,16.458,16.29,16.389,34332,0
GRFS.US,60,20200918,180000,16.379,16.379,16.231,16.231,118676,0
GRFS.US,60,20200918,190000,16.221,16.24,15.933,15.988,99616,0
GRFS.US,60,20200918,200000,15.988,15.993,15.874,15.933,89052,0
GRFS.US,60,20200918,210000,15.924,15.933,15.815,15.884,118852,0
GRFS.US,60,20200918,220000,15.894,16.013,15.874,16.003,716141,0
GRFS.US,60,20200921,160000,15.696,15.735,15.488,15.627,98031,0
GRFS.US,60,20200921,170000,15.627,15.716,15.622,15.676,77835,0
GRFS.US,60,20200921,180000,15.676,15.745,15.617,15.656,73376,0
GRFS.US,60,20200921,190000,15.651,15.672,15.508,15.508,32428,0
GRFS.US,60,20200921,200000,15.513,15.537,15.468,15.498,41668,0
GRFS.US,60,20200921,210000,15.498,15.557,15.488,15.557,44179,0
GRFS.US,60,20200921,220000,15.577,15.75,15.577,15.726,167784,0
GRFS.US,60,20200922,160000,15.646,15.775,15.617,15.617,109464,0
GRFS.US,60,20200922,170000,15.627,15.686,15.547,15.597,183781,0
GRFS.US,60,20200922,180000,15.592,15.686,15.537,15.646,188790,0
GRFS.US,60,20200922,190000,15.646,15.733,15.646,15.666,85089,0
GRFS.US,60,20200922,200000,15.676,15.716,15.617,15.691,45143,0
GRFS.US,60,20200922,210000,15.696,15.726,15.666,15.686,61542,0
GRFS.US,60,20200922,220000,15.695,15.695,15.537,15.567,427315,0
GRFS.US,60,20200923,160000,15.557,15.795,15.557,15.78,61103,0
GRFS.US,60,20200923,170000,15.78,15.983,15.765,15.963,269799,0
GRFS.US,60,20200923,180000,15.968,16.132,15.943,16.013,214688,0
GRFS.US,60,20200923,190000,16.013,16.092,15.983,16.072,52133,0
GRFS.US,60,20200923,200000,16.072,16.102,16.033,16.052,80509,0
GRFS.US,60,20200923,210000,16.052,16.057,15.953,16.003,52916,0
GRFS.US,60,20200923,220000,16.003,16.092,15.983,16.092,442331,0
GRFS.US,60,20200924,160000,16.042,16.25,16.042,16.24,119919,0
GRFS.US,60,20200924,170000,16.231,16.429,16.196,16.349,396357,0
GRFS.US,60,20200924,180000,16.359,16.676,16.335,16.676,10575457,0
GRFS.US,60,20200924,190000,16.666,16.716,16.488,16.557,119239,0
GRFS.US,60,20200924,200000,16.557,16.587,16.498,16.508,64444,0
GRFS.US,60,20200924,210000,16.503,16.533,16.42,16.442,84586,0
GRFS.US,60,20200924,220000,16.439,16.567,16.419,16.547,290577,0
GRFS.US,60,20200925,160000,16.31,16.528,16.27,16.478,75262,0
GRFS.US,60,20200925,170000,16.473,16.508,16.419,16.478,83020,0
GRFS.US,60,20200925,180000,16.458,16.488,16.3,16.32,362515,0
GRFS.US,60,20200925,190000,16.32,16.453,16.31,16.439,139449,0
GRFS.US,60,20200925,200000,16.448,16.478,16.419,16.439,79969,0
GRFS.US,60,20200925,210000,16.439,16.478,16.414,16.443,141435,0
GRFS.US,60,20200925,220000,16.443,16.473,16.369,16.409,475735,0
GRFS.US,60,20200928,160000,16.518,16.701,16.518,16.686,37124,0
GRFS.US,60,20200928,170000,16.676,16.805,16.632,16.75,73466,0
GRFS.US,60,20200928,180000,16.755,16.944,16.746,16.825,126762,0
GRFS.US,60,20200928,190000,16.825,16.988,16.81,16.973,48881,0
GRFS.US,60,20200928,200000,16.988,16.993,16.884,16.914,33706,0
GRFS.US,60,20200928,210000,16.894,16.904,16.746,16.746,30651,0
GRFS.US,60,20200928,220000,16.755,16.805,16.726,16.736,146044,0
GRFS.US,60,20200929,160000,16.746,16.993,16.746,16.934,83785,0
GRFS.US,60,20200929,170000,16.944,17.033,16.716,16.746,234149,0
GRFS.US,60,20200929,180000,16.746,17.052,16.686,16.746,222531,0
GRFS.US,60,20200929,190000,16.746,16.825,16.617,16.637,73625,0
GRFS.US,60,20200929,200000,16.656,16.656,16.528,16.528,61581,0
GRFS.US,60,20200929,210000,16.528,16.666,16.508,16.637,70501,0
GRFS.US,60,20200929,220000,16.637,16.696,16.617,16.646,198899,0
GRFS.US,60,20200930,160000,16.706,16.864,16.706,16.795,63961,0
GRFS.US,60,20200930,170000,16.795,17.142,16.795,17.102,314929,0
GRFS.US,60,20200930,180000,17.082,17.231,17.043,17.058,453029,0
GRFS.US,60,20200930,190000,17.052,17.067,17.003,17.003,116199,0
GRFS.US,60,20200930,200000,17.003,17.112,16.983,17.087,413821,0
GRFS.US,60,20200930,210000,17.102,17.231,17.072,17.171,34146,0
GRFS.US,60,20200930,220000,17.152,17.251,17.062,17.181,220566,0
GRFS.US,60,20201001,160000,17.171,17.429,17.112,17.33,533107,0
GRFS.US,60,20201001,170000,17.34,17.384,17.114,17.191,270355,0
GRFS.US,60,20201001,180000,17.191,17.3,17.023,17.102,307568,0
GRFS.US,60,20201001,190000,17.102,17.206,17.082,17.122,119031,0
GRFS.US,60,20201001,200000,17.117,17.127,16.963,16.978,55739,0
GRFS.US,60,20201001,210000,16.973,17.013,16.904,16.958,69182,0
GRFS.US,60,20201001,220000,16.963,17.033,16.944,17.023,536172,0
GRFS.US,60,20201002,160000,17.132,17.181,17.082,17.142,273855,0
GRFS.US,60,20201002,170000,17.147,17.251,17.112,17.152,338869,0
GRFS.US,60,20201002,180000,17.137,17.161,17.043,17.097,85438,0
GRFS.US,60,20201002,190000,17.082,17.142,17.033,17.102,34300,0
GRFS.US,60,20201002,200000,17.112,17.161,17.003,17.017,29224,0
GRFS.US,60,20201002,210000,17.033,17.112,17.003,17.023,271718,0
GRFS.US,60,20201002,220000,17.028,17.043,16.904,16.904,153602,0
GRFS.US,60,20201005,160000,17.013,17.191,17.013,17.166,80112,0
GRFS.US,60,20201005,170000,17.171,17.518,17.171,17.454,796341,0
GRFS.US,60,20201005,180000,17.439,17.548,17.409,17.439,107705,0
GRFS.US,60,20201005,190000,17.468,17.632,17.429,17.597,135544,0
GRFS.US,60,20201005,200000,17.577,17.627,17.478,17.508,311096,0
GRFS.US,60,20201005,210000,17.508,17.577,17.449,17.577,26741,0
GRFS.US,60,20201005,220000,17.577,17.637,17.548,17.627,179227,0
GRFS.US,60,20201006,160000,17.726,17.805,17.657,17.691,33833,0
GRFS.US,60,20201006,170000,17.676,17.954,17.657,17.746,138763,0
GRFS.US,60,20201006,180000,17.746,18.043,17.736,17.993,427345,0
GRFS.US,60,20201006,190000,18.003,18.043,17.914,18.023,106156,0
GRFS.US,60,20201006,200000,18.013,18.033,17.865,17.944,139593,0
GRFS.US,60,20201006,210000,17.944,18.023,17.815,17.894,46732,0
GRFS.US,60,20201006,220000,17.874,17.924,17.736,17.756,287986,0
GRFS.US,60,20201007,160000,17.676,17.746,17.587,17.676,84366,0
GRFS.US,60,20201007,170000,17.686,17.709,17.558,17.617,83545,0
GRFS.US,60,20201007,180000,17.617,17.647,17.548,17.607,34650,0
GRFS.US,60,20201007,190000,17.602,17.617,17.528,17.577,27078,0
GRFS.US,60,20201007,200000,17.577,17.582,17.498,17.567,30500,0
GRFS.US,60,20201007,210000,17.567,17.597,17.518,17.567,27710,0
GRFS.US,60,20201007,220000,17.567,17.607,17.478,17.498,136299,0
GRFS.US,60,20201008,160000,17.498,17.528,17.359,17.508,6319,0
GRFS.US,60,20201008,170000,17.548,17.666,17.528,17.647,118084,0
GRFS.US,60,20201008,180000,17.652,17.706,17.607,17.637,63552,0
GRFS.US,60,20201008,190000,17.607,17.666,17.587,17.587,3838,0
GRFS.US,60,20201008,200000,17.538,17.577,17.538,17.558,5727,0
GRFS.US,60,20201008,210000,17.567,17.587,17.548,17.558,14131,0
GRFS.US,60,20201008,220000,17.572,17.627,17.528,17.577,114180,0
GRFS.US,60,20201009,160000,17.855,18.191,17.845,18.152,115289,0
GRFS.US,60,20201009,170000,18.167,18.29,18.092,18.251,271779,0
GRFS.US,60,20201009,180000,18.251,18.389,18.201,18.389,176149,0
GRFS.US,60,20201009,190000,18.379,18.498,18.36,18.399,61793,0
GRFS.US,60,20201009,200000,18.399,18.508,18.399,18.478,67405,0
GRFS.US,60,20201009,210000,18.478,18.478,18.35,18.419,69376,0
GRFS.US,60,20201009,220000,18.409,18.469,18.35,18.419,313708,0
GRFS.US,60,20201012,160000,18.389,18.508,18.36,18.459,60070,0
GRFS.US,60,20201012,170000,18.449,18.528,18.399,18.498,192466,0
GRFS.US,60,20201012,180000,18.498,18.568,18.429,18.469,155694,0
GRFS.US,60,20201012,190000,18.469,18.478,18.211,18.32,63548,0
GRFS.US,60,20201012,200000,18.34,18.409,18.31,18.37,36195,0
GRFS.US,60,20201012,210000,18.375,18.419,18.36,18.409,36346,0
GRFS.US,60,20201012,220000,18.419,18.474,18.37,18.419,142370,0
GRFS.US,60,20201013,160000,18.32,18.439,18.28,18.424,134688,0
GRFS.US,60,20201013,170000,18.409,18.439,18.271,18.305,310274,0
GRFS.US,60,20201013,180000,18.305,18.399,18.231,18.345,162513,0
GRFS.US,60,20201013,190000,18.345,18.419,18.3,18.389,30339,0
GRFS.US,60,20201013,200000,18.389,18.439,18.261,18.271,178549,0
GRFS.US,60,20201013,210000,18.285,18.409,18.271,18.409,100961,0
GRFS.US,60,20201013,220000,18.375,18.434,18.28,18.32,195665,0
GRFS.US,60,20201014,160000,18.409,18.409,18.162,18.31,26809,0
GRFS.US,60,20201014,170000,18.281,18.34,18.241,18.271,155952,0
GRFS.US,60,20201014,180000,18.271,18.29,18.152,18.181,87957,0
GRFS.US,60,20201014,190000,18.181,18.241,18.157,18.211,17768,0
GRFS.US,60,20201014,200000,18.211,18.211,18.13,18.147,5957,0
GRFS.US,60,20201014,210000,18.147,18.191,18.122,18.191,16806,0
GRFS.US,60,20201014,220000,18.191,18.221,18.122,18.172,112954,0
GRFS.US,60,20201015,160000,19.221,19.518,19.162,19.477,306070,0
GRFS.US,60,20201015,170000,19.479,19.726,19.33,19.692,378969,0
GRFS.US,60,20201015,180000,19.677,19.756,19.508,19.677,686653,0
GRFS.US,60,20201015,190000,19.657,19.796,19.558,19.687,394954,0
GRFS.US,60,20201015,200000,19.687,19.776,19.662,19.73,114057,0
GRFS.US,60,20201015,210000,19.726,19.855,19.726,19.835,106238,0
GRFS.US,60,20201015,220000,19.835,19.84,19.35,19.439,351532,0
GRFS.US,60,20201016,160000,19.31,19.498,19.31,19.419,228238,0
GRFS.US,60,20201016,170000,19.429,19.578,19.365,19.38,320253,0
GRFS.US,60,20201016,180000,19.39,19.414,19.211,19.38,90801,0
GRFS.US,60,20201016,190000,19.38,19.39,19.003,19.003,50390,0
GRFS.US,60,20201016,200000,19.023,19.053,18.954,18.954,48389,0
GRFS.US,60,20201016,210000,18.938,18.993,18.914,18.974,50103,0
GRFS.US,60,20201016,220000,18.984,18.984,18.855,18.875,514991,0
GRFS.US,60,20201019,160000,19.013,19.177,18.974,19.177,162215,0
GRFS.US,60,20201019,170000,19.182,19.261,19.097,19.177,235843,0
GRFS.US,60,20201019,180000,19.177,19.37,19.073,19.117,266003,0
GRFS.US,60,20201019,190000,19.102,19.102,18.984,18.984,27162,0
GRFS.US,60,20201019,200000,19.013,19.023,18.934,18.974,20292,0
GRFS.US,60,20201019,210000,18.984,19.033,18.897,18.959,27067,0
GRFS.US,60,20201019,220000,18.944,18.974,18.835,18.875,150256,0
GRFS.US,60,20201020,160000,19.241,19.32,19.063,19.295,96461,0
GRFS.US,60,20201020,170000,19.291,19.518,19.251,19.479,298430,0
GRFS.US,60,20201020,180000,19.469,19.687,19.3,19.573,324543,0
GRFS.US,60,20201020,190000,19.573,19.647,19.558,19.578,85296,0
GRFS.US,60,20201020,200000,19.578,19.617,19.479,19.523,47772,0
GRFS.US,60,20201020,210000,19.523,19.598,19.479,19.498,112964,0
GRFS.US,60,20201020,220000,19.508,19.548,19.34,19.34,247099,0
GRFS.US,60,20201021,160000,19.172,19.399,19.162,19.35,186902,0
GRFS.US,60,20201021,170000,19.35,19.479,19.345,19.375,246770,0
GRFS.US,60,20201021,180000,19.375,19.429,19.201,19.201,132636,0
GRFS.US,60,20201021,190000,19.271,19.3,19.122,19.142,73258,0
GRFS.US,60,20201021,200000,19.137,19.152,18.944,18.954,81024,0
GRFS.US,60,20201021,210000,18.959,19.033,18.914,18.964,78444,0
GRFS.US,60,20201021,220000,18.954,18.954,18.795,18.845,274606,0
GRFS.US,60,20201022,160000,18.568,18.617,18.36,18.37,297100,0
GRFS.US,60,20201022,170000,18.37,18.439,18.122,18.122,460724,0
GRFS.US,60,20201022,180000,18.112,18.201,18.063,18.072,376782,0
GRFS.US,60,20201022,190000,18.082,18.132,17.993,18.023,204546,0
GRFS.US,60,20201022,200000,18.013,18.072,17.904,18.013,93898,0
GRFS.US,60,20201022,210000,18.013,18.033,17.934,17.993,244391,0
GRFS.US,60,20201022,220000,18.013,18.043,17.904,18.003,395626,0
GRFS.US,60,20201023,160000,18.132,18.231,18.102,18.142,130827,0
GRFS.US,60,20201023,170000,18.122,18.191,18.043,18.102,344710,0
GRFS.US,60,20201023,180000,18.092,18.191,18.063,18.122,244304,0
GRFS.US,60,20201023,190000,18.092,18.142,18.063,18.122,81875,0
GRFS.US,60,20201023,200000,18.132,18.33,18.132,18.315,65181,0
GRFS.US,60,20201023,210000,18.31,18.379,18.285,18.29,89056,0
GRFS.US,60,20201023,220000,18.295,18.35,18.251,18.3,211272,0
GRFS.US,60,20201026,150000,18.231,18.469,18.152,18.409,317544,0
GRFS.US,60,20201026,160000,18.404,18.409,18.172,18.196,192782,0
GRFS.US,60,20201026,170000,18.181,18.261,18.063,18.191,150453,0
GRFS.US,60,20201026,180000,18.162,18.231,18.053,18.201,205980,0
GRFS.US,60,20201026,190000,18.191,18.191,18.013,18.033,20052,0
GRFS.US,60,20201026,200000,18.033,18.092,17.965,17.974,24276,0
GRFS.US,60,20201026,210000,17.973,17.983,17.855,17.865,206832,0
GRFS.US,60,20201027,150000,17.686,17.914,17.686,17.904,106386,0
GRFS.US,60,20201027,160000,17.884,17.899,17.538,17.558,123366,0
GRFS.US,60,20201027,170000,17.548,17.696,17.528,17.666,153082,0
GRFS.US,60,20201027,180000,17.666,17.805,17.666,17.756,64159,0
GRFS.US,60,20201027,190000,17.765,17.874,17.746,17.874,32668,0
GRFS.US,60,20201027,200000,17.869,17.904,17.785,17.823,92851,0
GRFS.US,60,20201027,210000,17.815,17.845,17.726,17.726,127067,0
GRFS.US,60,20201028,150000,17.35,17.548,17.27,17.379,213657,0
GRFS.US,60,20201028,160000,17.369,17.369,17.092,17.186,338120,0
GRFS.US,60,20201028,170000,17.181,17.32,17.152,17.32,150176,0
GRFS.US,60,20201028,180000,17.31,17.409,17.171,17.226,235364,0
GRFS.US,60,20201028,190000,17.226,17.26,17.152,17.256,86162,0
GRFS.US,60,20201028,200000,17.256,17.3,17.201,17.26,114772,0
GRFS.US,60,20201028,210000,17.26,17.27,17.142,17.161,238991,0
GRFS.US,60,20201029,150000,16.934,16.944,16.646,16.736,54569,0
GRFS.US,60,20201029,160000,16.746,16.805,16.617,16.666,57286,0
GRFS.US,60,20201029,170000,16.666,16.755,16.637,16.637,39538,0
GRFS.US,60,20201029,180000,16.666,16.716,16.528,16.572,51368,0
GRFS.US,60,20201029,190000,16.572,16.676,16.508,16.676,34155,0
GRFS.US,60,20201029,200000,16.7,16.795,16.696,16.736,15170,0
GRFS.US,60,20201029,210000,16.734,16.805,16.696,16.696,90551,0
GRFS.US,60,20201030,150000,16.65,16.69,16.55,16.69,18770,0
GRFS.US,60,20201030,160000,16.69,16.79,16.6,16.69,86417,0
GRFS.US,60,20201030,170000,16.69,16.76,16.66,16.76,92495,0
GRFS.US,60,20201030,180000,16.72,16.88,16.7,16.75,191717,0
GRFS.US,60,20201030,190000,16.78,17,16.775,16.91,83388,0
GRFS.US,60,20201030,200000,16.895,16.99,16.85,16.91,39608,0
GRFS.US,60,20201030,210000,16.91,16.99,16.87,16.985,231077,0
GRFS.US,60,20201102,160000,17.03,17.21,16.93,17.17,81802,0
GRFS.US,60,20201102,170000,17.16,17.2,17.05,17.11,116560,0
GRFS.US,60,20201102,180000,17.11,17.21,17.07,17.19,126544,0
GRFS.US,60,20201102,190000,17.165,17.25,17.13,17.14,14938,0
GRFS.US,60,20201102,200000,17.15,17.24,17.13,17.155,21101,0
GRFS.US,60,20201102,210000,17.16,17.35,17.14,17.27,35179,0
GRFS.US,60,20201102,220000,17.29,17.29,17.155,17.22,102448,0
GRFS.US,60,20201103,160000,17.3,17.37,17.24,17.37,40701,0
GRFS.US,60,20201103,170000,17.38,17.4,17.24,17.285,98372,0
GRFS.US,60,20201103,180000,17.29,17.46,17.275,17.385,109091,0
GRFS.US,60,20201103,190000,17.39,17.395,17.3,17.32,24715,0
GRFS.US,60,20201103,200000,17.32,17.32,17.2,17.25,34013,0
GRFS.US,60,20201103,210000,17.22,17.28,17.17,17.17,44675,0
GRFS.US,60,20201103,220000,17.17,17.36,17.17,17.3,122540,0
GRFS.US,60,20201104,160000,17.55,17.82,17.55,17.71,41752,0
GRFS.US,60,20201104,170000,17.71,17.9,17.69,17.85,158157,0
GRFS.US,60,20201104,180000,17.87,17.9872,17.77,17.92,74396,0
GRFS.US,60,20201104,190000,17.9,17.9,17.64,17.785,29349,0
GRFS.US,60,20201104,200000,17.78,17.78,17.56,17.57,20554,0
GRFS.US,60,20201104,210000,17.57,17.68,17.5,17.55,55346,0
GRFS.US,60,20201104,220000,17.54,17.64,17.43,17.59,179918,0
GRFS.US,60,20201105,160000,18.12,18.24,17.97,18.21,135394,0
GRFS.US,60,20201105,170000,18.23,18.37,18.15,18.37,173316,0
GRFS.US,60,20201105,180000,18.37,18.47,18.31,18.36,116973,0
GRFS.US,60,20201105,190000,18.36,18.44,18.25,18.42,55912,0
GRFS.US,60,20201105,200000,18.39,18.465,18.39,18.43,41669,0
GRFS.US,60,20201105,210000,18.45,18.48,18.35,18.405,64249,0
GRFS.US,60,20201105,220000,18.405,18.48,18.35,18.4,171037,0
GRFS.US,60,20201106,160000,18.88,18.94,18.68,18.705,37971,0
GRFS.US,60,20201106,170000,18.69,18.87,18.65,18.73,175480,0
GRFS.US,60,20201106,180000,18.72,18.79,18.53,18.58,59479,0
GRFS.US,60,20201106,190000,18.58,18.58,18.45,18.45,22798,0
GRFS.US,60,20201106,200000,18.45,18.53,18.36,18.46,23584,0
GRFS.US,60,20201106,210000,18.44,18.45,18.37,18.41,24870,0
GRFS.US,60,20201106,220000,18.42,18.44,18.3,18.42,106338,0
GRFS.US,60,20201109,160000,19.25,19.32,19.12,19.27,111509,0
GRFS.US,60,20201109,170000,19.28,19.66,19.28,19.52,303949,0
GRFS.US,60,20201109,180000,19.51,19.56,19.445,19.47,279537,0
GRFS.US,60,20201109,190000,19.47,19.7,19.41,19.69,73891,0
GRFS.US,60,20201109,200000,19.68,19.79,19.65,19.79,64404,0
GRFS.US,60,20201109,210000,19.8,19.82,19.71,19.765,38374,0
GRFS.US,60,20201109,220000,19.77,19.82,19.57,19.6,227476,0
GRFS.US,60,20201110,160000,19.2,19.31,19.081,19.22,52912,0
GRFS.US,60,20201110,170000,19.23,19.33,19.1,19.19,72251,0
GRFS.US,60,20201110,180000,19.21,19.26,19.09,19.13,80506,0
GRFS.US,60,20201110,190000,19.14,19.205,19.116,19.17,14142,0
GRFS.US,60,20201110,200000,19.14,19.17,19.09,19.1,34255,0
GRFS.US,60,20201110,210000,19.1,19.1,18.95,19.005,92588,0
GRFS.US,60,20201110,220000,19.01,19.1,18.99,19,146657,0
GRFS.US,60,20201111,160000,18.81,18.95,18.795,18.9,79466,0
GRFS.US,60,20201111,170000,18.91,18.92,18.79,18.855,114094,0
GRFS.US,60,20201111,180000,18.83,19.04,18.8,18.945,122690,0
GRFS.US,60,20201111,190000,18.945,19.07,18.9301,18.985,34131,0
GRFS.US,60,20201111,200000,18.99,18.99,18.89,18.905,20472,0
GRFS.US,60,20201111,210000,18.89,18.93,18.69,18.73,68367,0
GRFS.US,60,20201111,220000,18.74,18.86,18.68,18.83,119118,0
GRFS.US,60,20201112,160000,18.8,18.9,18.71,18.9,63564,0
GRFS.US,60,20201112,170000,18.96,19.18,18.94,19.1655,155535,0
GRFS.US,60,20201112,180000,19.15,19.23,19.05,19.08,178694,0
GRFS.US,60,20201112,190000,19.08,19.15,19.035,19.04,35385,0
GRFS.US,60,20201112,200000,19.04,19.06,18.94,19.015,29267,0
GRFS.US,60,20201112,210000,19.015,19.02,18.86,18.87,15925,0
GRFS.US,60,20201112,220000,18.87,18.9,18.77,18.89,53409,0
GRFS.US,60,20201113,160000,18.91,19.24,18.86,19.21,116923,0
GRFS.US,60,20201113,170000,19.2,19.3,19.16,19.285,223600,0
GRFS.US,60,20201113,180000,19.27,19.32,19.12,19.17,69619,0
GRFS.US,60,20201113,190000,19.17,19.19,18.96,19.065,22117,0
GRFS.US,60,20201113,200000,19.11,19.14,19.02,19.05,11908,0
GRFS.US,60,20201113,210000,19.07,19.11,19.02,19.05,36093,0
GRFS.US,60,20201113,220000,19.04,19.13,19.03,19.06,87899,0
GRFS.US,60,20201116,160000,19.07,19.11,19.01,19.07,44371,0
GRFS.US,60,20201116,170000,19.07,19.14,19,19.075,151014,0
GRFS.US,60,20201116,180000,19.075,19.21,19.04,19.19,143291,0
GRFS.US,60,20201116,190000,19.19,19.2,19.12,19.19,57008,0
GRFS.US,60,20201116,200000,19.2,19.29,19.19,19.27,78028,0
GRFS.US,60,20201116,210000,19.27,19.31,19.19,19.3,115580,0
GRFS.US,60,20201116,220000,19.3,19.3,19.17,19.23,318438,0
GRFS.US,60,20201117,160000,18.88,19.08,18.84,18.88,92241,0
GRFS.US,60,20201117,170000,18.89,18.89,18.78,18.8,92815,0
GRFS.US,60,20201117,180000,18.79,18.9999,18.7,18.99,98129,0
GRFS.US,60,20201117,190000,19,19.11,18.98,18.995,97636,0
GRFS.US,60,20201117,200000,19.01,19.14,18.99,19.13,59136,0
GRFS.US,60,20201117,210000,19.125,19.22,19.09,19.1,70748,0
GRFS.US,60,20201117,220000,19.09,19.1183,19.015,19.03,124659,0
GRFS.US,60,20201118,160000,19,19.01,18.84,18.86,48668,0
GRFS.US,60,20201118,170000,18.88,18.92,18.79,18.79,71887,0
GRFS.US,60,20201118,180000,18.78,18.98,18.76,18.98,73689,0
GRFS.US,60,20201118,190000,18.978,19.08,18.94,18.98,29026,0
GRFS.US,60,20201118,200000,19.02,19.11,18.99,19.03,56974,0
GRFS.US,60,20201118,210000,19.03,19.06,18.965,18.97,14909,0
GRFS.US,60,20201118,220000,18.97,19,18.88,18.89,120482,0
GRFS.US,60,20201119,160000,18.76,18.995,18.66,18.83,191190,0
GRFS.US,60,20201119,170000,18.83,19,18.8,18.98,102888,0
GRFS.US,60,20201119,180000,18.97,19,18.915,18.93,56908,0
GRFS.US,60,20201119,190000,18.93,19.11,18.9,19.1,47077,0
GRFS.US,60,20201119,200000,19.08,19.26,19.04,19.2,55791,0
GRFS.US,60,20201119,210000,19.19,19.28,19.19,19.26,50647,0
GRFS.US,60,20201119,220000,19.26,19.27,19.08,19.21,117592,0
GRFS.US,60,20201120,160000,18.92,18.98,18.85,18.86,52251,0
GRFS.US,60,20201120,170000,18.86,19.01,18.77,18.98,169073,0
GRFS.US,60,20201120,180000,18.99,19.11,18.97,19.07,88835,0
GRFS.US,60,20201120,190000,19.07,19.08,18.94,18.965,65468,0
GRFS.US,60,20201120,200000,18.965,18.98,18.9,18.94,20925,0
GRFS.US,60,20201120,210000,18.9473,18.96,18.82,18.83,27077,0
GRFS.US,60,20201120,220000,18.83,18.86,18.75,18.83,135312,0
GRFS.US,60,20201123,160000,18.76,18.98,18.76,18.84,71064,0
GRFS.US,60,20201123,170000,18.82,18.88,18.72,18.813,85758,0
GRFS.US,60,20201123,180000,18.83,18.84,18.54,18.55,88619,0
GRFS.US,60,20201123,190000,18.54,18.55,18.45,18.475,29537,0
GRFS.US,60,20201123,200000,18.47,18.5762,18.47,18.56,24032,0
GRFS.US,60,20201123,210000,18.56,18.58,18.49,18.57,16323,0
GRFS.US,60,20201123,220000,18.58,18.68,18.53,18.66,92944,0
GRFS.US,60,20201124,160000,18.44,18.51,18.39,18.47,40669,0
GRFS.US,60,20201124,170000,18.43,18.51,18.37,18.39,94510,0
GRFS.US,60,20201124,180000,18.395,18.6,18.36,18.57,82800,0
GRFS.US,60,20201124,190000,18.57,18.6282,18.53,18.62,17586,0
GRFS.US,60,20201124,200000,18.63,18.645,18.525,18.525,17024,0
GRFS.US,60,20201124,210000,18.525,18.525,18.37,18.42,23384,0
GRFS.US,60,20201124,220000,18.415,18.435,18.335,18.36,103037,0
GRFS.US,60,20201125,160000,18.38,18.435,18.31,18.38,148621,0
GRFS.US,60,20201125,170000,18.37,18.385,18.25,18.275,68596,0
GRFS.US,60,20201125,180000,18.27,18.32,18.18,18.315,130738,0
GRFS.US,60,20201125,190000,18.315,18.35,18.25,18.265,142496,0
GRFS.US,60,20201125,200000,18.26,18.3,18.2,18.25,44405,0
GRFS.US,60,20201125,210000,18.25,18.25,18.19,18.22,25407,0
GRFS.US,60,20201125,220000,18.22,18.24,18.17,18.21,125524,0
GRFS.US,60,20201127,160000,18.52,18.705,18.49,18.68,293391,0
GRFS.US,60,20201127,170000,18.67,18.68,18.59,18.655,132798,0
GRFS.US,60,20201127,180000,18.65,18.72,18.63,18.69,108336,0
GRFS.US,60,20201127,190000,18.685,18.74,18.68,18.72,122418,0
GRFS.US,60,20201127,200000,18.69,18.69,18.69,18.69,17643,0
GRFS.US,60,20201130,160000,18.68,18.76,18.645,18.66,27491,0
GRFS.US,60,20201130,170000,18.698,18.77,18.59,18.61,101974,0
GRFS.US,60,20201130,180000,18.64,18.65,18.43,18.455,54167,0
GRFS.US,60,20201130,190000,18.443,18.54,18.43,18.45,21932,0
GRFS.US,60,20201130,200000,18.47,18.54,18.46,18.495,28059,0
GRFS.US,60,20201130,210000,18.495,18.53,18.47,18.525,17177,0
GRFS.US,60,20201130,220000,18.53,18.55,18.44,18.53,79596,0
GRFS.US,60,20201201,160000,18.68,19.04,18.63,18.98,92235,0
GRFS.US,60,20201201,170000,18.96,19.28,18.95,19.2,205887,0
GRFS.US,60,20201201,180000,19.21,19.29,19.09,19.255,147174,0
GRFS.US,60,20201201,190000,19.26,19.3,19.18,19.24,62098,0
GRFS.US,60,20201201,200000,19.24,19.28,19.21,19.265,65130,0
GRFS.US,60,20201201,210000,19.26,19.33,19.2,19.25,51383,0
GRFS.US,60,20201201,220000,19.25,19.32,19.2,19.275,129786,0
GRFS.US,60,20201202,160000,18.98,19.04,18.84,18.9,27357,0
GRFS.US,60,20201202,170000,18.88,18.95,18.81,18.83,18718,0
GRFS.US,60,20201202,180000,18.83,18.86,18.75,18.75,22469,0
GRFS.US,60,20201202,190000,18.76,18.81,18.74,18.775,4988,0
GRFS.US,60,20201202,200000,18.77,18.82,18.76,18.77,11600,0
GRFS.US,60,20201202,210000,18.77,18.82,18.75,18.784,6886,0
GRFS.US,60,20201202,220000,18.785,18.86,18.785,18.82,75245,0
GRFS.US,60,20201203,160000,18.88,18.92,18.73,18.795,58680,0
GRFS.US,60,20201203,170000,18.79,18.925,18.78,18.87,50714,0
GRFS.US,60,20201203,180000,18.88,18.91,18.85,18.888,12254,0
GRFS.US,60,20201203,190000,18.85,18.9,18.8,18.83,23172,0
GRFS.US,60,20201203,200000,18.84,18.85,18.78,18.82,44145,0
GRFS.US,60,20201203,210000,18.82,18.8899,18.77,18.78,24189,0
GRFS.US,60,20201203,220000,18.76,18.86,18.67,18.77,94601,0
GRFS.US,60,20201204,160000,18.8,18.88,18.745,18.82,64586,0
GRFS.US,60,20201204,170000,18.8,18.85,18.72,18.83,18111,0
GRFS.US,60,20201204,180000,18.82,18.82,18.76,18.76,12083,0
GRFS.US,60,20201204,190000,18.75,18.8166,18.75,18.79,19026,0
GRFS.US,60,20201204,200000,18.77,18.84,18.76,18.79,15253,0
GRFS.US,60,20201204,210000,18.77,18.83,18.765,18.83,15192,0
GRFS.US,60,20201204,220000,18.83,18.8467,18.8,18.84,63289,0
GRFS.US,60,20201207,160000,18.63,18.66,18.58,18.66,18464,0
GRFS.US,60,20201207,170000,18.65,18.67,18.43,18.6,50318,0
GRFS.US,60,20201207,180000,18.59,18.665,18.54,18.62,227123,0
GRFS.US,60,20201207,190000,18.6,18.675,18.6,18.62,16917,0
GRFS.US,60,20201207,200000,18.63,18.64,18.53,18.55,19055,0
GRFS.US,60,20201207,210000,18.545,18.55,18.39,18.39,34329,0
GRFS.US,60,20201207,220000,18.4,18.43,18.34,18.41,1215542,0
GRFS.US,60,20201208,160000,18.41,18.56,18.37,18.41,31981,0
GRFS.US,60,20201208,170000,18.39,18.53,18.33,18.485,124398,0
GRFS.US,60,20201208,180000,18.485,18.6,18.39,18.58,57356,0
GRFS.US,60,20201208,190000,18.58,18.76,18.57,18.6482,43974,0
GRFS.US,60,20201208,200000,18.64,18.73,18.59,18.6,23621,0
GRFS.US,60,20201208,210000,18.6,18.64,18.56,18.61,145239,0
GRFS.US,60,20201208,220000,18.61,18.62,18.56,18.59,385539,0
GRFS.US,60,20201209,160000,18.73,18.76,18.55,18.565,33413,0
GRFS.US,60,20201209,170000,18.58,18.58,18.44,18.53,263550,0
GRFS.US,60,20201209,180000,18.48,18.55,18.44,18.55,128719,0
GRFS.US,60,20201209,190000,18.57,18.65,18.46,18.48,53776,0
GRFS.US,60,20201209,200000,18.48,18.56,18.455,18.51,30445,0
GRFS.US,60,20201209,210000,18.51,18.58,18.5,18.555,36969,0
GRFS.US,60,20201209,220000,18.565,18.59,18.49,18.59,139562,0
GRFS.US,60,20201210,160000,18.87,18.99,18.77,18.95,38618,0
GRFS.US,60,20201210,170000,18.93,19,18.87,18.91,52001,0
GRFS.US,60,20201210,180000,18.87,18.94,18.79,18.8,48014,0
GRFS.US,60,20201210,190000,18.795,18.92,18.795,18.87,7303,0
GRFS.US,60,20201210,200000,18.885,18.929,18.86,18.88,13699,0
GRFS.US,60,20201210,210000,18.901,19.08,18.895,19.07,62470,0
GRFS.US,60,20201210,220000,19.08,19.11,19.005,19.03,99008,0
GRFS.US,60,20201211,160000,18.72,18.8,18.63,18.79,41229,0
GRFS.US,60,20201211,170000,18.76,18.89,18.745,18.85,68683,0
GRFS.US,60,20201211,180000,18.85,18.86,18.61,18.69,20456,0
GRFS.US,60,20201211,190000,18.69,18.74,18.59,18.62,30404,0
GRFS.US,60,20201211,200000,18.64,18.7,18.58,18.7,19216,0
GRFS.US,60,20201211,210000,18.69,18.78,18.65,18.73,15798,0
GRFS.US,60,20201211,220000,18.71,18.83,18.69,18.74,43755,0
GRFS.US,60,20201214,160000,19.02,19.21,19,19.18,42886,0
GRFS.US,60,20201214,170000,19.16,19.29,19.12,19.27,81375,0
GRFS.US,60,20201214,180000,19.25,19.28,19.04,19.09,60822,0
GRFS.US,60,20201214,190000,19.05,19.065,18.91,18.955,24951,0
GRFS.US,60,20201214,200000,18.955,18.96,18.81,18.84,37670,0
GRFS.US,60,20201214,210000,18.84,18.84,18.7,18.7952,40080,0
GRFS.US,60,20201214,220000,18.805,18.89,18.8,18.84,104710,0
GRFS.US,60,20201215,160000,19.05,19.14,18.92,18.93,52038,0
GRFS.US,60,20201215,170000,18.96,19.07,18.94,19.03,68161,0
GRFS.US,60,20201215,180000,19.03,19.05,18.9,18.91,141977,0
GRFS.US,60,20201215,190000,18.9127,19.1226,18.86,19.1226,92444,0
GRFS.US,60,20201215,200000,19.13,19.13,18.94,19.02,33268,0
GRFS.US,60,20201215,210000,19.03,19.07,18.98,19.06,32754,0
GRFS.US,60,20201215,220000,19.07,19.07,18.96,19.015,119934,0
GRFS.US,60,20201216,160000,19.13,19.19,18.99,19.07,198253,0
GRFS.US,60,20201216,170000,19.05,19.1899,18.96,19.05,114502,0
GRFS.US,60,20201216,180000,19.05,19.15,19.01,19.0258,77721,0
GRFS.US,60,20201216,190000,19.02,19.05,19,19.03,20808,0
GRFS.US,60,20201216,200000,19.035,19.06,19.0105,19.04,17093,0
GRFS.US,60,20201216,210000,19.05,19.15,19,19.11,44746,0
GRFS.US,60,20201216,220000,19.11,19.19,19.05,19.13,94037,0
GRFS.US,60,20201217,160000,19.22,19.35,19.19,19.27,38106,0
GRFS.US,60,20201217,170000,19.27,19.435,19.27,19.39,60154,0
GRFS.US,60,20201217,180000,19.39,19.65,19.33,19.6,96063,0
GRFS.US,60,20201217,190000,19.6,19.7,19.57,19.66,41836,0
GRFS.US,60,20201217,200000,19.66,19.66,19.43,19.48,21420,0
GRFS.US,60,20201217,210000,19.485,19.69,19.4824,19.685,51007,0
GRFS.US,60,20201217,220000,19.689,19.72,19.61,19.67,133922,0
GRFS.US,60,20201218,160000,19.51,19.51,19.4,19.46,32512,0
GRFS.US,60,20201218,170000,19.46,19.5,19.43,19.43,69666,0
GRFS.US,60,20201218,180000,19.45,19.46,19.35,19.375,21979,0
GRFS.US,60,20201218,190000,19.375,19.525,19.375,19.45,37427,0
GRFS.US,60,20201218,200000,19.45,19.475,19.41,19.455,36456,0
GRFS.US,60,20201218,210000,19.455,19.52,19.44,19.445,27667,0
GRFS.US,60,20201218,220000,19.45,19.56,19.37,19.505,88596,0
GRFS.US,60,20201221,160000,19.08,19.08,18.89,19.04,135937,0
GRFS.US,60,20201221,170000,19.01,19.15,19,19.11,74518,0
GRFS.US,60,20201221,180000,19.12,19.2,18.97,19.08,37504,0
GRFS.US,60,20201221,190000,19.05,19.109,19.04,19.07,39633,0
GRFS.US,60,20201221,200000,19.07,19.139,19.07,19.12,18414,0
GRFS.US,60,20201221,210000,19.12,19.18,19.09,19.1,22115,0
GRFS.US,60,20201221,220000,19.1,19.16,19.06,19.12,64221,0
GRFS.US,60,20201222,160000,19.16,19.16,18.925,18.94,80164,0
GRFS.US,60,20201222,170000,18.91,18.93,18.81,18.8201,61840,0
GRFS.US,60,20201222,180000,18.8306,18.89,18.81,18.87,47897,0
GRFS.US,60,20201222,190000,18.8578,18.89,18.84,18.87,5570,0
GRFS.US,60,20201222,200000,18.87,18.9698,18.87,18.94,9030,0
GRFS.US,60,20201222,210000,18.955,18.99,18.8301,18.87,93923,0
GRFS.US,60,20201222,220000,18.87,18.95,18.81,18.93,143300,0
GRFS.US,60,20201223,160000,18.95,18.95,18.8,18.805,43872,0
GRFS.US,60,20201223,170000,18.81,18.83,18.69,18.69,43584,0
GRFS.US,60,20201223,180000,18.68,18.83,18.655,18.83,318937,0
GRFS.US,60,20201223,190000,18.83,18.85,18.78,18.795,57361,0
GRFS.US,60,20201223,200000,18.79,18.9,18.79,18.895,37121,0
GRFS.US,60,20201223,210000,18.89,18.92,18.85,18.91,27689,0
GRFS.US,60,20201223,220000,18.9,18.91,18.83,18.84,175020,0
GRFS.US,60,20201224,160000,18.95,18.95,18.64,18.76,12976,0
GRFS.US,60,20201224,170000,18.73,18.77,18.66,18.7058,15997,0
GRFS.US,60,20201224,180000,18.71,18.71,18.6,18.61,6388,0
GRFS.US,60,20201224,190000,18.64,18.66,18.58,18.61,27682,0
GRFS.US,60,20201224,200000,18.65,18.65,18.65,18.65,13569,0
GRFS.US,60,20201228,160000,18.65,18.75,18.65,18.74,57855,0
GRFS.US,60,20201228,170000,18.73,18.78,18.51,18.535,54134,0
GRFS.US,60,20201228,180000,18.53,18.585,18.52,18.5813,7707,0
GRFS.US,60,20201228,190000,18.58,18.66,18.56,18.57,10508,0
GRFS.US,60,20201228,200000,18.57,18.61,18.56,18.57,12201,0
GRFS.US,60,20201228,210000,18.58,18.6,18.51,18.52,18765,0
GRFS.US,60,20201228,220000,18.53,18.55,18.43,18.44,105416,0
GRFS.US,60,20201229,160000,18.66,18.79,18.62,18.68,135945,0
GRFS.US,60,20201229,170000,18.63,18.69,18.58,18.6,22146,0
GRFS.US,60,20201229,180000,18.5798,18.58,18.415,18.48,22981,0
GRFS.US,60,20201229,190000,18.48,18.48,18.28,18.31,59568,0
GRFS.US,60,20201229,200000,18.31,18.39,18.305,18.365,29578,0
GRFS.US,60,20201229,210000,18.37,18.3908,18.31,18.36,25967,0
GRFS.US,60,20201229,220000,18.36,18.385,18.3,18.31,101612,0
GRFS.US,60,20201230,160000,18.61,18.67,18.49,18.52,39197,0
GRFS.US,60,20201230,170000,18.52,18.54,18.45,18.46,86204,0
GRFS.US,60,20201230,180000,18.46,18.52,18.46,18.46,19541,0
GRFS.US,60,20201230,190000,18.46,18.46,18.41,18.43,5000,0
GRFS.US,60,20201230,200000,18.44,18.51,18.42,18.495,11549,0
GRFS.US,60,20201230,210000,18.49,18.51,18.42,18.45,15463,0
GRFS.US,60,20201230,220000,18.44,18.51,18.43,18.5,40079,0
GRFS.US,60,20201231,160000,18.53,18.57,18.385,18.45,16588,0
GRFS.US,60,20201231,170000,18.45,18.46,18.3,18.3144,23449,0
GRFS.US,60,20201231,180000,18.3069,18.41,18.3022,18.4,37197,0
GRFS.US,60,20201231,190000,18.4,18.41,18.36,18.4,24146,0
GRFS.US,60,20201231,200000,18.4,18.41,18.35,18.355,22723,0
GRFS.US,60,20201231,210000,18.36,18.45,18.355,18.39,39464,0
GRFS.US,60,20201231,220000,18.405,18.48,18.37,18.44,139131,0
GRFS.US,60,20210104,160000,18.64,18.79,18.64,18.73,59383,0
GRFS.US,60,20210104,170000,18.755,18.77,18.64,18.67,87650,0
GRFS.US,60,20210104,180000,18.7,18.74,18.64,18.695,60944,0
GRFS.US,60,20210104,190000,18.69,18.69,18.55,18.635,33067,0
GRFS.US,60,20210104,200000,18.65,18.83,18.65,18.8,38024,0
GRFS.US,60,20210104,210000,18.785,18.96,18.7751,18.945,33305,0
GRFS.US,60,20210104,220000,18.97,19,18.88,18.95,80155,0
GRFS.US,60,20210105,160000,18.89,18.936,18.74,18.75,20573,0
GRFS.US,60,20210105,170000,18.76,18.89,18.73,18.745,46317,0
GRFS.US,60,20210105,180000,18.75,18.79,18.65,18.6799,77887,0
GRFS.US,60,20210105,190000,18.65,18.787,18.65,18.78,69445,0
GRFS.US,60,20210105,200000,18.78,18.84,18.68,18.71,52846,0
GRFS.US,60,20210105,210000,18.72,18.82,18.72,18.81,37487,0
GRFS.US,60,20210105,220000,18.82,18.917,18.81,18.89,76163,0
GRFS.US,60,20210106,160000,18.72,19.05,18.72,19.05,43683,0
GRFS.US,60,20210106,170000,19.02,19.05,18.96,19.05,67031,0
GRFS.US,60,20210106,180000,19.03,19.15,18.96,19.11,40440,0
GRFS.US,60,20210106,190000,19.11,19.2,19.09,19.19,19813,0
GRFS.US,60,20210106,200000,19.2,19.35,19.17,19.335,39691,0
GRFS.US,60,20210106,210000,19.359,19.38,19.23,19.24,57999,0
GRFS.US,60,20210106,220000,19.2021,19.25,19.14,19.21,112420,0
GRFS.US,60,20210107,160000,18.88,18.97,18.82,18.865,30722,0
GRFS.US,60,20210107,170000,18.865,19.086,18.865,19,102620,0
GRFS.US,60,20210107,180000,19.005,19.126,19,19.06,47780,0
GRFS.US,60,20210107,190000,19.06,19.18,19.06,19.15,32357,0
GRFS.US,60,20210107,200000,19.16,19.18,19.09,19.14,34084,0
GRFS.US,60,20210107,210000,19.14,19.3,19.14,19.3,48141,0
GRFS.US,60,20210107,220000,19.33,19.36,19.24,19.245,128025,0
GRFS.US,60,20210108,160000,19.23,19.36,19.16,19.34,38899,0
GRFS.US,60,20210108,170000,19.34,19.355,19.24,19.285,107371,0
GRFS.US,60,20210108,180000,19.285,19.56,19.285,19.51,144872,0
GRFS.US,60,20210108,190000,19.54,19.55,19.39,19.42,55997,0
GRFS.US,60,20210108,200000,19.425,19.44,19.31,19.35,28272,0
GRFS.US,60,20210108,210000,19.35,19.5,19.34,19.48,38297,0
GRFS.US,60,20210108,220000,19.48,19.645,19.47,19.6,321795,0
GRFS.US,60,20210111,160000,19.13,19.235,19.1,19.23,61072,0
GRFS.US,60,20210111,170000,19.23,19.29,19.08,19.08,71549,0
GRFS.US,60,20210111,180000,19.13,19.29,19.11,19.26,53999,0
GRFS.US,60,20210111,190000,19.26,19.39,19.24,19.38,24074,0
GRFS.US,60,20210111,200000,19.4,19.565,19.4,19.51,71668,0
GRFS.US,60,20210111,210000,19.53,19.65,19.5,19.605,30704,0
GRFS.US,60,20210111,220000,19.605,19.61,19.5,19.53,118036,0
GRFS.US,60,20210112,160000,19.29,19.53,19.29,19.49,103675,0
GRFS.US,60,20210112,170000,19.49,19.53,19.3,19.31,343164,0
GRFS.US,60,20210112,180000,19.325,19.35,19.1,19.1,69376,0
GRFS.US,60,20210112,190000,19.1,19.11,18.96,19,38839,0
GRFS.US,60,20210112,200000,19.005,19.03,18.95,18.97,49816,0
GRFS.US,60,20210112,210000,18.97,19.005,18.91,19,71718,0
GRFS.US,60,20210112,220000,19.0089,19.18,19,19.14,85144,0
GRFS.US,60,20210113,160000,19.02,19.04,18.98,19.02,22333,0
GRFS.US,60,20210113,170000,19.02,19.13,19,19.13,71441,0
GRFS.US,60,20210113,180000,19.128,19.14,19.02,19.13,41100,0
GRFS.US,60,20210113,190000,19.1119,19.29,19.1119,19.26,24998,0
GRFS.US,60,20210113,200000,19.25,19.31,19.23,19.27,17082,0
GRFS.US,60,20210113,210000,19.27,19.355,19.25,19.3,31724,0
GRFS.US,60,20210113,220000,19.29,19.3,19.22,19.24,90993,0
GRFS.US,60,20210114,160000,19.05,19.18,19,19.17,48330,0
GRFS.US,60,20210114,170000,19.16,19.3,19.14,19.27,60559,0
GRFS.US,60,20210114,180000,19.27,19.5,19.26,19.49,71416,0
GRFS.US,60,20210114,190000,19.49,19.56,19.48,19.52,32102,0
GRFS.US,60,20210114,200000,19.52,19.57,19.47,19.485,28970,0
GRFS.US,60,20210114,210000,19.485,19.49,19.38,19.43,32289,0
GRFS.US,60,20210114,220000,19.43,19.44,19.14,19.15,98892,0
GRFS.US,60,20210115,160000,19.2,19.3,19.18,19.22,32909,0
GRFS.US,60,20210115,170000,19.22,19.28,19.09,19.16,47786,0
GRFS.US,60,20210115,180000,19.16,19.28,19.16,19.195,49094,0
GRFS.US,60,20210115,190000,19.19,19.25,19.17,19.25,22892,0
GRFS.US,60,20210115,200000,19.24,19.27,19.22,19.23,33054,0
GRFS.US,60,20210115,210000,19.24,19.26,19.15,19.1779,45686,0
GRFS.US,60,20210115,220000,19.17,19.25,19.08,19.08,443745,0
GRFS.US,60,20210119,160000,20.41,20.49,20.285,20.29,296582,0
GRFS.US,60,20210119,170000,20.285,20.3,20.01,20.16,196372,0
GRFS.US,60,20210119,180000,20.155,20.18,19.92,19.94,37686,0
GRFS.US,60,20210119,190000,19.92,19.92,19.78,19.79,181526,0
GRFS.US,60,20210119,200000,19.785,19.8,19.74,19.75,30218,0
GRFS.US,60,20210119,210000,19.75,19.76,19.7,19.75,65506,0
GRFS.US,60,20210119,220000,19.75,19.85,19.61,19.78,470107,0
GRFS.US,60,20210120,160000,19.78,19.78,19.55,19.6,97642,0
GRFS.US,60,20210120,170000,19.595,19.65,19.25,19.28,512318,0
GRFS.US,60,20210120,180000,19.33,19.43,19.28,19.355,188232,0
GRFS.US,60,20210120,190000,19.375,19.375,19.055,19.14,231256,0
GRFS.US,60,20210120,200000,19.1,19.22,19.09,19.14,78869,0
GRFS.US,60,20210120,210000,19.1244,19.23,19.02,19.18,83904,0
GRFS.US,60,20210120,220000,19.17,19.35,19.16,19.27,106904,0
GRFS.US,60,20210121,160000,19.66,19.73,19.39,19.41,124911,0
GRFS.US,60,20210121,170000,19.4,19.4,19.17,19.18,179698,0
GRFS.US,60,20210121,180000,19.21,19.26,19.08,19.14,180199,0
GRFS.US,60,20210121,190000,19.14,19.26,19.1,19.24,13937,0
GRFS.US,60,20210121,200000,19.2367,19.45,19.2367,19.34,41248,0
GRFS.US,60,20210121,210000,19.35,19.41,19.29,19.34,47405,0
GRFS.US,60,20210121,220000,19.34,19.44,19.26,19.33,114667,0
GRFS.US,60,20210122,160000,18.855,19.035,18.82,19,139988,0
GRFS.US,60,20210122,170000,19.03,19.15,19,19.06,347388,0
GRFS.US,60,20210122,180000,19.06,19.12,19,19.01,169195,0
GRFS.US,60,20210122,190000,19.04,19.32,19,19.28,94028,0
GRFS.US,60,20210122,200000,19.28,19.32,19.2,19.23,21555,0
GRFS.US,60,20210122,210000,19.23,19.3,19.19,19.3,89639,0
GRFS.US,60,20210122,220000,19.3181,19.34,19.04,19.05,107164,0
GRFS.US,60,20210125,160000,18.98,19.04,18.8,18.845,59851,0
GRFS.US,60,20210125,170000,18.855,18.95,18.83,18.83,113153,0
GRFS.US,60,20210125,180000,18.85,18.9,18.74,18.74,109556,0
GRFS.US,60,20210125,190000,18.75,18.89,18.722,18.81,75983,0
GRFS.US,60,20210125,200000,18.81,19.04,18.81,18.91,41541,0
GRFS.US,60,20210125,210000,18.94,19.05,18.92,18.99,33524,0
GRFS.US,60,20210125,220000,18.97,19.04,18.88,18.98,88236,0
GRFS.US,60,20210126,160000,18.98,18.98,18.895,18.93,28891,0
GRFS.US,60,20210126,170000,18.93,18.94,18.81,18.84,94790,0
GRFS.US,60,20210126,180000,18.84,18.84,18.6,18.612,157858,0
GRFS.US,60,20210126,190000,18.63,18.79,18.6298,18.65,20258,0
GRFS.US,60,20210126,200000,18.63,18.679,18.57,18.62,66155,0
GRFS.US,60,20210126,210000,18.62,18.64,18.58,18.62,27467,0
GRFS.US,60,20210126,220000,18.61,18.63,18.39,18.45,97037,0
GRFS.US,60,20210127,160000,18.69,18.75,18.32,18.38,60003,0
GRFS.US,60,20210127,170000,18.4,18.4,18,18.24,216096,0
GRFS.US,60,20210127,180000,18.25,18.47,18.2,18.25,267967,0
GRFS.US,60,20210127,190000,18.245,18.6578,18.245,18.61,260539,0
GRFS.US,60,20210127,200000,18.64,18.71,18.38,18.38,46677,0
GRFS.US,60,20210127,210000,18.39,18.41,18.16,18.27,70438,0
GRFS.US,60,20210127,220000,18.27,18.46,18.2558,18.35,262601,0
GRFS.US,60,20210128,160000,18.13,18.44,18.13,18.38,51135,0
GRFS.US,60,20210128,170000,18.38,18.44,18.24,18.3,79877,0
GRFS.US,60,20210128,180000,18.2747,18.35,18.06,18.06,209828,0
GRFS.US,60,20210128,190000,18.085,18.085,17.94,17.95,40887,0
GRFS.US,60,20210128,200000,17.94,17.99,17.85,17.86,36514,0
GRFS.US,60,20210128,210000,17.85,18.16,17.85,18.11,53098,0
GRFS.US,60,20210128,220000,18.12,18.12,17.91,17.93,296733,0
GRFS.US,60,20210129,160000,17.96,18.1,17.83,17.95,106838,0
GRFS.US,60,20210129,170000,17.95,17.97,17.86,17.93,121965,0
GRFS.US,60,20210129,180000,17.9,17.95,17.66,17.69,56112,0
GRFS.US,60,20210129,190000,17.6714,17.69,17.4455,17.47,58732,0
GRFS.US,60,20210129,200000,17.4952,17.53,17.4,17.48,71665,0
GRFS.US,60,20210129,210000,17.48,17.62,17.47,17.55,358955,0
GRFS.US,60,20210129,220000,17.55,17.72,17.52,17.68,420565,0
GRFS.US,60,20210201,160000,17.44,17.49,17.4,17.42,408314,0
GRFS.US,60,20210201,170000,17.41,17.62,17.41,17.57,258947,0
GRFS.US,60,20210201,180000,17.59,17.75,17.57,17.635,95268,0
GRFS.US,60,20210201,190000,17.635,17.64,17.52,17.57,15059,0
GRFS.US,60,20210201,200000,17.58,17.62,17.52,17.55,36106,0
GRFS.US,60,20210201,210000,17.545,17.55,17.49,17.49,31292,0
GRFS.US,60,20210201,220000,17.5,17.5998,17.39,17.5,179347,0
GRFS.US,60,20210202,160000,17.43,17.48,17.33,17.42,123129,0
GRFS.US,60,20210202,170000,17.415,17.43,17.34,17.345,112714,0
GRFS.US,60,20210202,180000,17.34,17.43,17.33,17.42,112062,0
GRFS.US,60,20210202,190000,17.43,17.61,17.425,17.54,106219,0
GRFS.US,60,20210202,200000,17.54,17.67,17.49,17.64,143752,0
GRFS.US,60,20210202,210000,17.64,17.74,17.6,17.69,90376,0
GRFS.US,60,20210202,220000,17.685,17.7,17.58,17.62,292777,0
GRFS.US,60,20210203,160000,17.44,17.58,17.4,17.54,57648,0
GRFS.US,60,20210203,170000,17.55,17.66,17.55,17.62,56584,0
GRFS.US,60,20210203,180000,17.615,17.76,17.6,17.7422,36830,0
GRFS.US,60,20210203,190000,17.75,18.2,17.74,18.08,85482,0
GRFS.US,60,20210203,200000,18.075,18.105,17.97,18.015,76895,0
GRFS.US,60,20210203,210000,18.015,18.0616,17.93,17.94,27196,0
GRFS.US,60,20210203,220000,17.93,18.02,17.84,17.86,108751,0
GRFS.US,60,20210204,160000,17.52,17.59,17.45,17.545,31410,0
GRFS.US,60,20210204,170000,17.53,17.62,17.49,17.49,100540,0
GRFS.US,60,20210204,180000,17.5,17.5,17.45,17.47,78398,0
GRFS.US,60,20210204,190000,17.47,17.4834,17.44,17.47,17550,0
GRFS.US,60,20210204,200000,17.47,17.5,17.47,17.485,15321,0
GRFS.US,60,20210204,210000,17.4885,17.49,17.44,17.48,20534,0
GRFS.US,60,20210204,220000,17.47,17.48,17.26,17.29,536596,0
GRFS.US,60,20210205,160000,17.48,17.48,17.4,17.42,41862,0
GRFS.US,60,20210205,170000,17.42,17.45,17.33,17.4,29133,0
GRFS.US,60,20210205,180000,17.4,17.415,17.32,17.39,34408,0
GRFS.US,60,20210205,190000,17.395,17.405,17.35,17.364,27145,0
GRFS.US,60,20210205,200000,17.37,17.37,17.26,17.3,32108,0
GRFS.US,60,20210205,210000,17.27,17.345,17.25,17.25,51862,0
GRFS.US,60,20210205,220000,17.25,17.37,17.2,17.23,157388,0
GRFS.US,60,20210208,160000,17,17.17,16.97,17.12,77385,0
GRFS.US,60,20210208,170000,17.12,17.21,17.1,17.19,45932,0
GRFS.US,60,20210208,180000,17.19,17.45,17.19,17.415,80161,0
GRFS.US,60,20210208,190000,17.41,17.55,17.41,17.46,17334,0
GRFS.US,60,20210208,200000,17.465,17.48,17.29,17.36,23759,0
GRFS.US,60,20210208,210000,17.38,17.44,17.38,17.4,16694,0
GRFS.US,60,20210208,220000,17.39,17.485,17.39,17.41,136793,0
GRFS.US,60,20210209,160000,17.29,17.38,17.21,17.36,56750,0
GRFS.US,60,20210209,170000,17.36,17.45,17.36,17.39,84221,0
GRFS.US,60,20210209,180000,17.42,17.43,17.225,17.26,52102,0
GRFS.US,60,20210209,190000,17.25,17.39,17.23,17.365,169905,0
GRFS.US,60,20210209,200000,17.35,17.38,17.28,17.315,23855,0
GRFS.US,60,20210209,210000,17.315,17.335,17.3,17.31,13911,0
GRFS.US,60,20210209,220000,17.31,17.32,17.15,17.18,132749,0
GRFS.US,60,20210210,160000,17.25,17.43,17.2153,17.39,113167,0
GRFS.US,60,20210210,170000,17.39,17.42,17.14,17.2,117645,0
GRFS.US,60,20210210,180000,17.2,17.28,17.14,17.265,174222,0
GRFS.US,60,20210210,190000,17.25,17.3,17.175,17.1878,171001,0
GRFS.US,60,20210210,200000,17.18,17.21,17.1,17.11,78818,0
GRFS.US,60,20210210,210000,17.11,17.23,17.1,17.17,32396,0
GRFS.US,60,20210210,220000,17.15,17.21,17.1,17.11,98878,0
GRFS.US,60,20210211,160000,16.92,16.92,16.81,16.87,72048,0
GRFS.US,60,20210211,170000,16.885,17.03,16.885,16.94,63868,0
GRFS.US,60,20210211,180000,16.95,16.95,16.9,16.915,20993,0
GRFS.US,60,20210211,190000,16.91,16.91,16.81,16.8297,48654,0
GRFS.US,60,20210211,200000,16.815,16.815,16.73,16.73,46762,0
GRFS.US,60,20210211,210000,16.715,16.76,16.67,16.695,34903,0
GRFS.US,60,20210211,220000,16.695,16.74,16.67,16.72,139964,0
GRFS.US,60,20210212,160000,16.65,16.77,16.65,16.67,276390,0
GRFS.US,60,20210212,170000,16.67,16.73,16.55,16.6,190432,0
GRFS.US,60,20210212,180000,16.6,16.76,16.57,16.73,105891,0
GRFS.US,60,20210212,190000,16.725,16.76,16.55,16.595,131629,0
GRFS.US,60,20210212,200000,16.6,16.66,16.6,16.63,39235,0
GRFS.US,60,20210212,210000,16.64,16.72,16.6,16.615,41300,0
GRFS.US,60,20210212,220000,16.61,16.75,16.57,16.7,172253,0
GRFS.US,60,20210216,160000,16.76,16.79,16.69,16.7397,72776,0
GRFS.US,60,20210216,170000,16.74,16.85,16.71,16.79,117476,0
GRFS.US,60,20210216,180000,16.79,16.82,16.78,16.78,61708,0
GRFS.US,60,20210216,190000,16.78,16.8101,16.75,16.76,34670,0
GRFS.US,60,20210216,200000,16.77,16.85,16.76,16.76,83684,0
GRFS.US,60,20210216,210000,16.76,16.76,16.685,16.71,112706,0
GRFS.US,60,20210216,220000,16.71,16.72,16.57,16.59,146278,0
GRFS.US,60,20210217,160000,16.58,16.6772,16.5207,16.66,46816,0
GRFS.US,60,20210217,170000,16.65,16.68,16.48,16.48,136938,0
GRFS.US,60,20210217,180000,16.485,16.55,16.42,16.53,93877,0
GRFS.US,60,20210217,190000,16.55,16.62,16.51,16.58,14193,0
GRFS.US,60,20210217,200000,16.5549,16.66,16.5549,16.6,24313,0
GRFS.US,60,20210217,210000,16.61,16.67,16.5743,16.5999,25709,0
GRFS.US,60,20210217,220000,16.62,16.74,16.6199,16.66,73526,0
GRFS.US,60,20210218,160000,16.4,16.41,16.26,16.28,89688,0
GRFS.US,60,20210218,170000,16.29,16.29,16.2,16.24,230274,0
GRFS.US,60,20210218,180000,16.25,16.25,16.22,16.22,38952,0
GRFS.US,60,20210218,190000,16.21,16.22,16.025,16.115,218694,0
GRFS.US,60,20210218,200000,16.13,16.215,16.11,16.13,75940,0
GRFS.US,60,20210218,210000,16.125,16.18,16.11,16.16,18301,0
GRFS.US,60,20210218,220000,16.16,16.18,16.13,16.16,80656,0
GRFS.US,60,20210219,160000,16.4001,16.42,16.3,16.34,95580,0
GRFS.US,60,20210219,170000,16.34,16.345,16.25,16.3,161136,0
GRFS.US,60,20210219,180000,16.3,16.365,16.27,16.31,158593,0
GRFS.US,60,20210219,190000,16.325,16.43,16.285,16.38,168920,0
GRFS.US,60,20210219,200000,16.38,16.39,16.345,16.345,46231,0
GRFS.US,60,20210219,210000,16.35,16.35,16.28,16.32,27227,0
GRFS.US,60,20210219,220000,16.32,16.33,16.11,16.19,169701,0
GRFS.US,60,20210222,160000,16.13,16.19,16.0505,16.17,8778,0
GRFS.US,60,20210222,170000,16.1703,16.22,16.13,16.14,31576,0
GRFS.US,60,20210222,180000,16.18,16.18,16.08,16.14,32585,0
GRFS.US,60,20210222,190000,16.1,16.14,16.065,16.065,11728,0
GRFS.US,60,20210222,200000,16.05,16.085,16.05,16.065,20032,0
GRFS.US,60,20210222,210000,16.08,16.08,15.97,15.975,246531,0
GRFS.US,60,20210222,220000,15.975,15.99,15.89,15.9,89560,0
GRFS.US,60,20210223,160000,16.05,16.11,15.875,15.885,48619,0
GRFS.US,60,20210223,170000,15.89,16.09,15.87,16.07,293610,0
GRFS.US,60,20210223,180000,16.07,16.098,15.82,15.845,70754,0
GRFS.US,60,20210223,190000,15.83,16,15.83,15.91,53267,0
GRFS.US,60,20210223,200000,15.925,16.02,15.91,15.975,30185,0
GRFS.US,60,20210223,210000,15.975,16.02,15.9601,16.01,25288,0
GRFS.US,60,20210223,220000,16.015,16.207,15.98,16.09,221877,0
GRFS.US,60,20210224,160000,15.8,15.88,15.73,15.86,52345,0
GRFS.US,60,20210224,170000,15.86,15.9,15.71,15.74,289527,0
GRFS.US,60,20210224,180000,15.72,15.77,15.72,15.745,74616,0
GRFS.US,60,20210224,190000,15.75,15.75,15.7,15.7011,41058,0
GRFS.US,60,20210224,200000,15.7,15.73,15.63,15.727,25931,0
GRFS.US,60,20210224,210000,15.727,15.886,15.7,15.85,87214,0
GRFS.US,60,20210224,220000,15.869,15.87,15.68,15.72,189242,0
GRFS.US,60,20210225,160000,16.09,16.22,16.03,16.1,163508,0
GRFS.US,60,20210225,170000,16.09,16.29,16.08,16.26,510953,0
GRFS.US,60,20210225,180000,16.26,16.31,16.13,16.3,119532,0
GRFS.US,60,20210225,190000,16.31,16.37,16.25,16.28,19705,0
GRFS.US,60,20210225,200000,16.26,16.45,16.25,16.36,24469,0
GRFS.US,60,20210225,210000,16.37,16.53,16.3,16.38,144952,0
GRFS.US,60,20210225,220000,16.37,16.43,16.28,16.37,351049,0
GRFS.US,60,20210226,160000,15.29,15.695,15.25,15.285,207418,0
GRFS.US,60,20210226,170000,15.27,15.53,15.23,15.51,223435,0
GRFS.US,60,20210226,180000,15.53,15.83,15.52,15.67,127965,0
GRFS.US,60,20210226,190000,15.7,15.83,15.63,15.73,49277,0
GRFS.US,60,20210226,200000,15.76,16.04,15.6501,16.03,145235,0
GRFS.US,60,20210226,210000,16.03,16.26,15.9905,16.14,129860,0
GRFS.US,60,20210226,220000,16.1383,16.32,16.08,16.26,376850,0
GRFS.US,60,20210301,160000,16.25,16.52,16.19,16.46,262234,0
GRFS.US,60,20210301,170000,16.49,16.57,16.4,16.4,179557,0
GRFS.US,60,20210301,180000,16.4,16.74,16.385,16.74,118807,0
GRFS.US,60,20210301,190000,16.74,16.76,16.49,16.6,53143,0
GRFS.US,60,20210301,200000,16.6,16.61,16.43,16.49,72724,0
GRFS.US,60,20210301,210000,16.49,16.55,16.43,16.48,87595,0
GRFS.US,60,20210301,220000,16.48,16.52,16.42,16.48,265926,0
GRFS.US,60,20210302,160000,16.5,16.54,16.42,16.48,64003,0
GRFS.US,60,20210302,170000,16.47,16.48,16.28,16.355,180357,0
GRFS.US,60,20210302,180000,16.355,16.37,16.15,16.24,114377,0
GRFS.US,60,20210302,190000,16.2378,16.2855,16.16,16.26,22119,0
GRFS.US,60,20210302,200000,16.25,16.33,16.205,16.31,27237,0
GRFS.US,60,20210302,210000,16.31,16.32,16.22,16.32,30983,0
GRFS.US,60,20210302,220000,16.32,16.33,16.15,16.16,129721,0
GRFS.US,60,20210303,160000,15.97,15.97,15.75,15.82,91049,0
GRFS.US,60,20210303,170000,15.8,15.89,15.73,15.79,61784,0
GRFS.US,60,20210303,180000,15.79,15.9674,15.78,15.95,105494,0
GRFS.US,60,20210303,190000,15.95,16.05,15.925,16.05,17748,0
GRFS.US,60,20210303,200000,16.04,16.164,16.02,16.12,12621,0
GRFS.US,60,20210303,210000,16.115,16.28,16.034,16.21,25171,0
GRFS.US,60,20210303,220000,16.19,16.25,16,16,111299,0
GRFS.US,60,20210304,160000,15.76,15.84,15.7,15.72,106963,0
GRFS.US,60,20210304,170000,15.73,15.86,15.68,15.84,131974,0
GRFS.US,60,20210304,180000,15.84,15.86,15.6,15.6,229145,0
GRFS.US,60,20210304,190000,15.6,15.61,15.23,15.25,185029,0
GRFS.US,60,20210304,200000,15.23,15.33,15.15,15.15,152142,0
GRFS.US,60,20210304,210000,15.14,15.35,15.1294,15.16,152880,0
GRFS.US,60,20210304,220000,15.175,15.55,15.08,15.42,323751,0
GRFS.US,60,20210305,160000,15.28,15.2825,15.1,15.16,98353,0
GRFS.US,60,20210305,170000,15.16,15.24,15.06,15.09,131493,0
GRFS.US,60,20210305,180000,15.1,15.29,15.09,15.22,92425,0
GRFS.US,60,20210305,190000,15.23,15.78,15.205,15.66,62004,0
GRFS.US,60,20210305,200000,15.685,15.95,15.67,15.89,36621,0
GRFS.US,60,20210305,210000,15.91,16.19,15.88,16.13,103694,0
GRFS.US,60,20210305,220000,16.125,16.17,15.94,15.96,213373,0
GRFS.US,60,20210308,160000,15.32,15.35,15.05,15.05,382021,0
GRFS.US,60,20210308,170000,15.05,15.15,15.01,15.02,100622,0
GRFS.US,60,20210308,180000,15.04,15.07,14.99,15.01,135912,0
GRFS.US,60,20210308,190000,15.01,15.45,15.01,15.45,34262,0
GRFS.US,60,20210308,200000,15.45,15.81,15.43,15.59,157495,0
GRFS.US,60,20210308,210000,15.6,15.62,15.4403,15.46,57166,0
GRFS.US,60,20210308,220000,15.45,15.45,15.2,15.23,183162,0
GRFS.US,60,20210309,160000,15.46,15.57,15.37,15.45,52272,0
GRFS.US,60,20210309,170000,15.47,15.52,15.2,15.28,167130,0
GRFS.US,60,20210309,180000,15.27,15.31,15.17,15.21,180016,0
GRFS.US,60,20210309,190000,15.215,15.355,15.215,15.34,43225,0
GRFS.US,60,20210309,200000,15.345,15.38,15.23,15.25,32473,0
GRFS.US,60,20210309,210000,15.25,15.28,15.18,15.19,56898,0
GRFS.US,60,20210309,220000,15.19,15.2266,15.16,15.16,146713,0
GRFS.US,60,20210310,160000,15.13,15.15,15.03,15.07,50662,0
GRFS.US,60,20210310,170000,15.07,15.0857,14.9,14.9422,146990,0
GRFS.US,60,20210310,180000,14.93,14.96,14.84,14.84,181769,0
GRFS.US,60,20210310,190000,14.84,14.87,14.81,14.8567,53198,0
GRFS.US,60,20210310,200000,14.869,15.23,14.85,15.23,61987,0
GRFS.US,60,20210310,210000,15.23,15.24,15.1,15.195,90765,0
GRFS.US,60,20210310,220000,15.195,15.22,15.12,15.15,111191,0
GRFS.US,60,20210311,160000,15.85,16,15.73,15.92,202966,0
GRFS.US,60,20210311,170000,15.92,16.09,15.895,16.02,223891,0
GRFS.US,60,20210311,180000,16.01,16.05,15.92,15.99,79950,0
GRFS.US,60,20210311,190000,15.988,16.03,15.985,16,31741,0
GRFS.US,60,20210311,200000,16,16.07,16,16.03,33757,0
GRFS.US,60,20210311,210000,16.02,16.1,16,16,36126,0
GRFS.US,60,20210311,220000,16,16.06,16,16.02,166191,0
GRFS.US,60,20210312,160000,16.46,16.5,16.19,16.3,150025,0
GRFS.US,60,20210312,170000,16.325,16.33,16.02,16.04,169524,0
GRFS.US,60,20210312,180000,16.03,16.23,15.86,16.025,155202,0
GRFS.US,60,20210312,190000,16.02,16.04,15.8501,15.915,68120,0
GRFS.US,60,20210312,200000,15.915,16.02,15.895,15.96,79881,0
GRFS.US,60,20210312,210000,15.96,16.0145,15.95,15.975,75366,0
GRFS.US,60,20210312,220000,15.98,16.09,15.95,16.08,168072,0
GRFS.US,60,20210315,150000,16.22,16.43,16.18,16.31,36220,0
GRFS.US,60,20210315,160000,16.31,16.35,16.22,16.27,62123,0
GRFS.US,60,20210315,170000,16.26,16.34,16.16,16.17,75986,0
GRFS.US,60,20210315,180000,16.14,16.21,15.93,15.99,292587,0
GRFS.US,60,20210315,190000,15.98,15.98,15.88,15.9,178097,0
GRFS.US,60,20210315,200000,15.9,15.92,15.8024,15.89,201419,0
GRFS.US,60,20210315,210000,15.885,16.05,15.81,16.05,312086,0
GRFS.US,60,20210316,150000,16.17,16.4,16.17,16.4,30872,0
GRFS.US,60,20210316,160000,16.39,16.51,16.29,16.48,106337,0
GRFS.US,60,20210316,170000,16.49,16.49,16.25,16.31,131528,0
GRFS.US,60,20210316,180000,16.33,16.34,16.1,16.11,77657,0
GRFS.US,60,20210316,190000,16.115,16.16,15.89,15.91,62770,0
GRFS.US,60,20210316,200000,15.895,16.03,15.881,16,29092,0
GRFS.US,60,20210316,210000,15.98,16.135,15.97,16.11,90748,0
GRFS.US,60,20210317,150000,16.11,16.31,16.11,16.21,33565,0
GRFS.US,60,20210317,160000,16.2,16.4,16.15,16.38,58886,0
GRFS.US,60,20210317,170000,16.38,16.43,16.32,16.42,46464,0
GRFS.US,60,20210317,180000,16.41,16.45,16.28,16.3,27782,0
GRFS.US,60,20210317,190000,16.2999,16.43,16.26,16.38,49443,0
GRFS.US,60,20210317,200000,16.3789,16.64,16.3789,16.559,48121,0
GRFS.US,60,20210317,210000,16.56,16.61,16.505,16.57,93736,0
GRFS.US,60,20210318,150000,16.48,16.6,16.35,16.57,67827,0
GRFS.US,60,20210318,160000,16.56,16.64,16.42,16.62,216994,0
GRFS.US,60,20210318,170000,16.63,16.64,16.43,16.56,116385,0
GRFS.US,60,20210318,180000,16.57,16.66,16.46,16.49,56695,0
GRFS.US,60,20210318,190000,16.52,16.62,16.51,16.54,34880,0
GRFS.US,60,20210318,200000,16.57,16.57,16.28,16.35,20046,0
GRFS.US,60,20210318,210000,16.3499,16.37,16.18,16.21,108001,0
GRFS.US,60,20210319,150000,16.37,16.64,16.28,16.31,114810,0
GRFS.US,60,20210319,160000,16.31,16.32,16.14,16.17,51911,0
GRFS.US,60,20210319,170000,16.155,16.21,16.04,16.2,200251,0
GRFS.US,60,20210319,180000,16.1901,16.23,16.07,16.115,68702,0
GRFS.US,60,20210319,190000,16.115,16.118,16.02,16.045,60752,0
GRFS.US,60,20210319,200000,16.045,16.128,15.92,16.045,65315,0
GRFS.US,60,20210319,210000,16.03,16.18,15.93,16.1,383584,0
GRFS.US,60,20210322,150000,16.1,16.19,16.08,16.15,34332,0
GRFS.US,60,20210322,160000,16.17,16.21,16.12,16.1541,77842,0
GRFS.US,60,20210322,170000,16.16,16.2,16.11,16.19,42277,0
GRFS.US,60,20210322,180000,16.21,16.21,16.11,16.16,91854,0
GRFS.US,60,20210322,190000,16.16,16.16,16.01,16.02,31946,0
GRFS.US,60,20210322,200000,16.03,16.04,15.92,15.975,84172,0
GRFS.US,60,20210322,210000,15.975,16.03,15.91,16,240357,0
GRFS.US,60,20210323,150000,16.5,16.53,16.34,16.4101,84746,0
GRFS.US,60,20210323,160000,16.43,16.46,16.34,16.43,127769,0
GRFS.US,60,20210323,170000,16.43,16.54,16.36,16.54,149263,0
GRFS.US,60,20210323,180000,16.55,16.7,16.52,16.63,57498,0
GRFS.US,60,20210323,190000,16.66,16.689,16.55,16.555,33942,0
GRFS.US,60,20210323,200000,16.56,16.61,16.52,16.54,142692,0
GRFS.US,60,20210323,210000,16.535,16.8,16.53,16.78,272967,0
GRFS.US,60,20210324,150000,16.79,17.08,16.79,16.95,168064,0
GRFS.US,60,20210324,160000,16.95,17.06,16.88,17,154710,0
GRFS.US,60,20210324,170000,17,17.03,16.91,17,315418,0
GRFS.US,60,20210324,180000,17,17.06,16.97,17.035,129529,0
GRFS.US,60,20210324,190000,17.04,17.23,17.03,17.1999,92879,0
GRFS.US,60,20210324,200000,17.2,17.29,16.98,16.98,99359,0
GRFS.US,60,20210324,210000,16.96,16.985,16.865,16.92,184212,0
GRFS.US,60,20210325,150000,17.14,17.3,17.14,17.2,98539,0
GRFS.US,60,20210325,160000,17.2,17.29,17.19,17.28,156602,0
GRFS.US,60,20210325,170000,17.28,17.38,17.25,17.315,124646,0
GRFS.US,60,20210325,180000,17.3101,17.37,17.2398,17.2398,249210,0
GRFS.US,60,20210325,190000,17.24,17.25,17.16,17.21,26875,0
GRFS.US,60,20210325,200000,17.21,17.26,17.19,17.23,56063,0
GRFS.US,60,20210325,210000,17.23,17.45,17.23,17.44,137851,0
GRFS.US,60,20210326,150000,17.8,17.93,17.74,17.87,309709,0
GRFS.US,60,20210326,160000,17.86,17.86,17.45,17.455,182748,0
GRFS.US,60,20210326,170000,17.455,17.51,17.42,17.485,185955,0
GRFS.US,60,20210326,180000,17.485,17.54,17.39,17.46,196219,0
GRFS.US,60,20210326,190000,17.46,17.539,17.4246,17.465,11637,0
GRFS.US,60,20210326,200000,17.465,17.595,17.44,17.595,30563,0
GRFS.US,60,20210326,210000,17.591,17.65,17.56,17.61,77373,0
GRFS.US,60,20210329,160000,17.44,17.58,17.19,17.31,61713,0
GRFS.US,60,20210329,170000,17.31,17.43,17.29,17.319,78556,0
GRFS.US,60,20210329,180000,17.32,17.45,17.29,17.44,39084,0
GRFS.US,60,20210329,190000,17.44,17.46,17.17,17.3,30166,0
GRFS.US,60,20210329,200000,17.31,17.44,17.25,17.29,41028,0
GRFS.US,60,20210329,210000,17.305,17.36,17.26,17.3,11010,0
GRFS.US,60,20210329,220000,17.28,17.38,17.28,17.33,106113,0
GRFS.US,60,20210330,160000,17.31,17.31,17.07,17.1,97603,0
GRFS.US,60,20210330,170000,17.07,17.07,16.89,16.96,189325,0
GRFS.US,60,20210330,180000,16.97,16.99,16.8,16.86,83881,0
GRFS.US,60,20210330,190000,16.86,16.96,16.82,16.96,34222,0
GRFS.US,60,20210330,200000,16.96,16.995,16.92,16.97,23179,0
GRFS.US,60,20210330,210000,16.97,16.98,16.92,16.98,21877,0
GRFS.US,60,20210330,220000,16.975,16.99,16.81,16.84,101555,0
GRFS.US,60,20210331,160000,16.92,17.08,16.86,16.95,62171,0
GRFS.US,60,20210331,170000,16.955,17.07,16.87,16.87,294644,0
GRFS.US,60,20210331,180000,16.87,17.085,16.81,17.04,267908,0
GRFS.US,60,20210331,190000,17.05,17.19,17.05,17.15,16598,0
GRFS.US,60,20210331,200000,17.14,17.19,17.14,17.14,21776,0
GRFS.US,60,20210331,210000,17.13,17.31,17.125,17.2837,33006,0
GRFS.US,60,20210331,220000,17.295,17.42,17.24,17.29,197601,0
GRFS.US,60,20210401,160000,17.31,17.34,17.01,17.01,84626,0
GRFS.US,60,20210401,170000,17.02,17.29,17.01,17.14,238052,0
GRFS.US,60,20210401,180000,17.155,17.24,16.85,16.89,360139,0
GRFS.US,60,20210401,190000,16.89,16.89,16.55,16.57,216173,0
GRFS.US,60,20210401,200000,16.565,16.6,16.45,16.5,194664,0
GRFS.US,60,20210401,210000,16.5,16.53,16.2,16.36,184104,0
GRFS.US,60,20210401,220000,16.3608,16.66,16.3,16.62,204167,0
GRFS.US,60,20210405,160000,16.64,16.64,16.11,16.25,51652,0
GRFS.US,60,20210405,170000,16.28,16.35,16.141,16.33,88225,0
GRFS.US,60,20210405,180000,16.36,16.9,16.34,16.83,87348,0
GRFS.US,60,20210405,190000,16.8342,17.18,16.8342,17.18,193725,0
GRFS.US,60,20210405,200000,17.18,17.18,16.83,16.9801,70891,0
GRFS.US,60,20210405,210000,16.995,17.11,16.84,17.03,99358,0
GRFS.US,60,20210405,220000,17.01,17.13,16.95,17.1,131074,0
GRFS.US,60,20210406,160000,17.07,17.12,16.89,17.01,75128,0
GRFS.US,60,20210406,170000,17.04,17.04,16.83,16.92,373449,0
GRFS.US,60,20210406,180000,16.91,16.93,16.69,16.698,127591,0
GRFS.US,60,20210406,190000,16.71,16.9,16.7,16.9,16952,0
GRFS.US,60,20210406,200000,16.87,17.08,16.82,17.06,35743,0
GRFS.US,60,20210406,210000,17.0778,17.0778,16.87,17,37302,0
GRFS.US,60,20210406,220000,16.995,17.09,16.97,17.05,151381,0
GRFS.US,60,20210407,160000,17.05,17.25,17.04,17.14,60865,0
GRFS.US,60,20210407,170000,17.13,17.179,17.07,17.115,142767,0
GRFS.US,60,20210407,180000,17.1,17.3,17.1,17.16,98682,0
GRFS.US,60,20210407,190000,17.19,17.23,17.14,17.15,20138,0
GRFS.US,60,20210407,200000,17.17,17.245,17.16,17.17,25297,0
GRFS.US,60,20210407,210000,17.19,17.21,17.155,17.16,16357,0
GRFS.US,60,20210407,220000,17.15,17.15,17.06,17.11,113583,0
GRFS.US,60,20210408,160000,17.84,18.11,17.5,17.97,210955,0
GRFS.US,60,20210408,170000,17.96,18.11,17.87,17.9,436838,0
GRFS.US,60,20210408,180000,17.885,18.02,17.55,17.66,156199,0
GRFS.US,60,20210408,190000,17.65,17.79,17.52,17.54,43302,0
GRFS.US,60,20210408,200000,17.525,17.62,17.5,17.54,32086,0
GRFS.US,60,20210408,210000,17.545,17.62,17.53,17.595,25011,0
GRFS.US,60,20210408,220000,17.61,17.6865,17.56,17.68,110646,0
GRFS.US,60,20210409,160000,17.715,17.92,17.54,17.78,84934,0
GRFS.US,60,20210409,170000,17.79,17.91,17.78,17.91,253905,0
GRFS.US,60,20210409,180000,17.91,17.91,17.7238,17.74,198089,0
GRFS.US,60,20210409,190000,17.74,17.78,17.735,17.745,37175,0
GRFS.US,60,20210409,200000,17.745,17.825,17.74,17.76,41302,0
GRFS.US,60,20210409,210000,17.77,17.82,17.74,17.81,50383,0
GRFS.US,60,20210409,220000,17.81,18.03,17.8,18,222890,0
GRFS.US,60,20210412,160000,17.91,18,17.7901,17.81,50046,0
GRFS.US,60,20210412,170000,17.81,17.87,17.73,17.76,515201,0
GRFS.US,60,20210412,180000,17.76,17.77,17.68,17.7,49458,0
GRFS.US,60,20210412,190000,17.695,17.695,17.52,17.54,19751,0
GRFS.US,60,20210412,200000,17.54,17.56,17.53,17.5453,46642,0
GRFS.US,60,20210412,210000,17.55,17.565,17.451,17.5,74056,0
GRFS.US,60,20210412,220000,17.49,17.52,17.3,17.51,406482,0
GRFS.US,60,20210413,160000,17.7,17.97,17.7,17.97,54879,0
GRFS.US,60,20210413,170000,17.94,17.97,17.79,17.83,244356,0
GRFS.US,60,20210413,180000,17.83,17.89,17.75,17.75,63931,0
GRFS.US,60,20210413,190000,17.74,17.75,17.66,17.72,39981,0
GRFS.US,60,20210413,200000,17.72,17.77,17.7,17.755,14648,0
GRFS.US,60,20210413,210000,17.76,17.825,17.7495,17.809,23565,0
GRFS.US,60,20210413,220000,17.8,17.865,17.79,17.85,70872,0
GRFS.US,60,20210414,160000,17.67,17.88,17.67,17.8412,299025,0
GRFS.US,60,20210414,170000,17.8199,17.8199,17.71,17.73,34884,0
GRFS.US,60,20210414,180000,17.74,17.89,17.6975,17.84,33076,0
GRFS.US,60,20210414,190000,17.84,17.94,17.8,17.93,41106,0
GRFS.US,60,20210414,200000,17.93,18.0199,17.89,17.96,43689,0
GRFS.US,60,20210414,210000,17.97,18.03,17.905,17.97,112382,0
GRFS.US,60,20210414,220000,17.99,18.015,17.85,17.86,153192,0
GRFS.US,60,20210415,160000,17.85,18.08,17.85,18.01,107991,0
GRFS.US,60,20210415,170000,18.01,18.13,17.98,18.09,109970,0
GRFS.US,60,20210415,180000,18.08,18.1373,18,18.1,82065,0
GRFS.US,60,20210415,190000,18.13,18.345,18.11,18.34,94832,0
GRFS.US,60,20210415,200000,18.355,18.4,18.28,18.31,61779,0
GRFS.US,60,20210415,210000,18.315,18.34,18.27,18.31,127526,0
GRFS.US,60,20210415,220000,18.31,18.32,18.23,18.27,132817,0
GRFS.US,60,20210416,160000,17.86,17.97,17.82,17.85,57260,0
GRFS.US,60,20210416,170000,17.87,17.955,17.83,17.92,50888,0
GRFS.US,60,20210416,180000,17.92,18.17,17.91,18.03,278534,0
GRFS.US,60,20210416,190000,18.025,18.12,17.94,18.07,21369,0
GRFS.US,60,20210416,200000,18.05,18.08,18.01,18.045,25756,0
GRFS.US,60,20210416,210000,18.035,18.06,17.92,17.93,109857,0
GRFS.US,60,20210416,220000,17.93,18.06,17.9,17.98,287204,0
GRFS.US,60,20210419,160000,18.1,18.28,18.1,18.211,44135,0
GRFS.US,60,20210419,170000,18.21,18.275,18.12,18.26,49716,0
GRFS.US,60,20210419,180000,18.26,18.29,18.2,18.278,40995,0
GRFS.US,60,20210419,190000,18.28,18.95,18.26,18.605,115306,0
GRFS.US,60,20210419,200000,18.605,18.62,18.44,18.44,24502,0
GRFS.US,60,20210419,210000,18.4499,18.48,18.39,18.4,25394,0
GRFS.US,60,20210419,220000,18.41,18.49,18.36,18.4,150260,0
GRFS.US,60,20210420,160000,18.27,18.27,18.11,18.145,66944,0
GRFS.US,60,20210420,170000,18.1499,18.15,17.94,17.96,70206,0
GRFS.US,60,20210420,180000,17.95,18.03,17.93,17.99,50102,0
GRFS.US,60,20210420,190000,17.98,18.05,17.97,18.03,13676,0
GRFS.US,60,20210420,200000,18.055,18.13,18.05,18.086,24037,0
GRFS.US,60,20210420,210000,18.08,18.13,18.07,18.085,25612,0
GRFS.US,60,20210420,220000,18.085,18.205,18.085,18.2,218182,0
GRFS.US,60,20210421,160000,18.22,18.22,18.06,18.11,18577,0
GRFS.US,60,20210421,170000,18.11,18.16,18.05,18.09,36941,0
GRFS.US,60,20210421,180000,18.1,18.13,18.08,18.11,20611,0
GRFS.US,60,20210421,190000,18.1,18.135,18.09,18.09,16129,0
GRFS.US,60,20210421,200000,18.09,18.13,18.03,18.1,58069,0
GRFS.US,60,20210421,210000,18.11,18.12,18.09,18.1,12548,0
GRFS.US,60,20210421,220000,18.105,18.15,18.08,18.13,106378,0
GRFS.US,60,20210422,160000,18.06,18.21,18.06,18.1,56404,0
GRFS.US,60,20210422,170000,18.11,18.26,18.095,18.26,68237,0
GRFS.US,60,20210422,180000,18.2437,18.26,18.2,18.21,12235,0
GRFS.US,60,20210422,190000,18.21,18.235,18.2,18.22,11723,0
GRFS.US,60,20210422,200000,18.2213,18.25,18.135,18.19,24743,0
GRFS.US,60,20210422,210000,18.2,18.28,18.17,18.28,19554,0
GRFS.US,60,20210422,220000,18.28,18.65,18.265,18.6,188088,0
GRFS.US,60,20210423,160000,18.7,18.71,18.23,18.29,21162,0
GRFS.US,60,20210423,170000,18.28,18.31,18.21,18.28,39265,0
GRFS.US,60,20210423,180000,18.3,18.33,18.11,18.13,45783,0
GRFS.US,60,20210423,190000,18.11,18.12,17.9,17.905,65256,0
GRFS.US,60,20210423,200000,17.91,17.98,17.91,17.98,18784,0
GRFS.US,60,20210423,210000,17.98,18,17.94,17.955,28618,0
GRFS.US,60,20210423,220000,17.955,18.01,17.92,17.99,89143,0
GRFS.US,60,20210426,160000,18.19,18.49,18.09,18.16,44163,0
GRFS.US,60,20210426,170000,18.1601,18.25,18.1,18.15,52076,0
GRFS.US,60,20210426,180000,18.15,18.19,18.05,18.105,148836,0
GRFS.US,60,20210426,190000,18.105,18.23,18.105,18.17,21820,0
GRFS.US,60,20210426,200000,18.1737,18.18,18.12,18.155,16182,0
GRFS.US,60,20210426,210000,18.155,18.21,18.14,18.1531,22476,0
GRFS.US,60,20210426,220000,18.16,18.24,18.14,18.18,133344,0
GRFS.US,60,20210427,160000,18,18.27,17.92,18.22,75504,0
GRFS.US,60,20210427,170000,18.22,18.28,18.14,18.22,148158,0
GRFS.US,60,20210427,180000,18.23,18.23,18.08,18.205,220866,0
GRFS.US,60,20210427,190000,18.205,18.205,18.07,18.1,50076,0
GRFS.US,60,20210427,200000,18.12,18.14,18.09,18.14,46376,0
GRFS.US,60,20210427,210000,18.13,18.15,18.07,18.1,35900,0
GRFS.US,60,20210427,220000,18.1117,18.19,18.08,18.17,167442,0
GRFS.US,60,20210428,160000,18.22,18.31,18.2,18.2028,48554,0
GRFS.US,60,20210428,170000,18.21,18.23,18.14,18.14,45320,0
GRFS.US,60,20210428,180000,18.13,18.16,18.06,18.07,26980,0
GRFS.US,60,20210428,190000,18.03,18.0734,18,18.03,29140,0
GRFS.US,60,20210428,200000,18.018,18.05,17.995,17.995,34784,0
GRFS.US,60,20210428,210000,17.995,18.12,17.99,18,107308,0
GRFS.US,60,20210428,220000,18.005,18.02,17.85,17.9,335870,0
GRFS.US,60,20210429,160000,17.86,18.01,17.73,17.75,139687,0
GRFS.US,60,20210429,170000,17.75,17.83,17.72,17.79,321540,0
GRFS.US,60,20210429,180000,17.785,17.85,17.7225,17.765,197590,0
GRFS.US,60,20210429,190000,17.76,17.8,17.68,17.79,132700,0
GRFS.US,60,20210429,200000,17.79,17.875,17.77,17.805,142692,0
GRFS.US,60,20210429,210000,17.81,17.88,17.76,17.76,112912,0
GRFS.US,60,20210429,220000,17.76,17.79,17.69,17.76,249422,0
GRFS.US,60,20210430,160000,17.52,18.16,17.52,17.81,202778,0
GRFS.US,60,20210430,170000,17.81,17.815,17.63,17.685,104008,0
GRFS.US,60,20210430,180000,17.685,17.735,17.66,17.67,81838,0
GRFS.US,60,20210430,190000,17.66,17.66,17.532,17.56,54542,0
GRFS.US,60,20210430,200000,17.55,17.65,17.55,17.615,56990,0
GRFS.US,60,20210430,210000,17.615,17.66,17.6,17.645,97450,0
GRFS.US,60,20210430,220000,17.65,17.75,17.62,17.68,235910,0
GRFS.US,60,20210503,160000,18,18.05,17.85,17.98,89338,0
GRFS.US,60,20210503,170000,17.9699,18.05,17.84,17.84,55125,0
GRFS.US,60,20210503,180000,17.84,17.84,17.63,17.6766,121600,0
GRFS.US,60,20210503,190000,17.65,17.6644,17.41,17.628,75298,0
GRFS.US,60,20210503,200000,17.6,17.67,17.46,17.46,65843,0
GRFS.US,60,20210503,210000,17.48,17.59,17.38,17.49,89622,0
GRFS.US,60,20210503,220000,17.49,17.49,17.16,17.23,258093,0
GRFS.US,60,20210504,160000,17.95,18.17,17.76,17.93,230005,0
GRFS.US,60,20210504,170000,17.895,17.93,17.7,17.82,111657,0
GRFS.US,60,20210504,180000,17.845,17.88,17.5785,17.58,39740,0
GRFS.US,60,20210504,190000,17.6,17.72,17.6,17.715,16826,0
GRFS.US,60,20210504,200000,17.73,17.76,17.7,17.75,10368,0
GRFS.US,60,20210504,210000,17.75,17.77,17.68,17.75,23140,0
GRFS.US,60,20210504,220000,17.75,17.97,17.74,17.97,275442,0
GRFS.US,60,20210505,160000,17.98,18.29,17.98,18.16,47194,0
GRFS.US,60,20210505,170000,18.17,18.25,18.07,18.07,140032,0
GRFS.US,60,20210505,180000,18.07,18.16,17.99,18.095,53318,0
GRFS.US,60,20210505,190000,18.1,18.2,18.01,18.07,43221,0
GRFS.US,60,20210505,200000,18.05,18.16,17.98,17.98,37946,0
GRFS.US,60,20210505,210000,18.0034,18.01,17.95,17.969,26750,0
GRFS.US,60,20210505,220000,17.965,17.97,17.75,17.9,104934,0
GRFS.US,60,20210506,160000,17.83,18.15,17.83,17.99,16489,0
GRFS.US,60,20210506,170000,17.97,18.03,17.9305,18.03,37126,0
GRFS.US,60,20210506,180000,18,18.14,17.94,17.94,26739,0
GRFS.US,60,20210506,190000,17.88,17.92,17.72,17.72,16152,0
GRFS.US,60,20210506,200000,17.72,17.74,17.68,17.715,12522,0
GRFS.US,60,20210506,210000,17.72,17.89,17.68,17.87,21322,0
GRFS.US,60,20210506,220000,17.87,18.01,17.84,17.97,84404,0
GRFS.US,60,20210507,160000,18.09,18.25,18.09,18.14,17553,0
GRFS.US,60,20210507,170000,18.145,18.27,18.145,18.19,56945,0
GRFS.US,60,20210507,180000,18.19,18.25,18.15,18.24,43164,0
GRFS.US,60,20210507,190000,18.22,18.23,18.13,18.135,6286,0
GRFS.US,60,20210507,200000,18.14,18.2,18.14,18.19,7342,0
GRFS.US,60,20210507,210000,18.175,18.26,18.16,18.26,9327,0
GRFS.US,60,20210507,220000,18.26,18.33,18.21,18.23,61482,0
GRFS.US,60,20210510,160000,18.47,18.59,18.46,18.58,30695,0
GRFS.US,60,20210510,170000,18.57,18.59,18.51,18.59,24324,0
GRFS.US,60,20210510,180000,18.57,18.64,18.51,18.585,23969,0
GRFS.US,60,20210510,190000,18.59,18.61,18.55,18.55,12309,0
GRFS.US,60,20210510,200000,18.54,18.645,18.53,18.645,19513,0
GRFS.US,60,20210510,210000,18.64,18.645,18.53,18.57,35006,0
GRFS.US,60,20210510,220000,18.56,18.62,18.54,18.6,74414,0
GRFS.US,60,20210511,160000,18.31,18.57,18.31,18.57,14382,0
GRFS.US,60,20210511,170000,18.5894,18.66,18.47,18.5,42281,0
GRFS.US,60,20210511,180000,18.5,18.71,18.45,18.63,36951,0
GRFS.US,60,20210511,190000,18.64,18.66,18.58,18.63,28565,0
GRFS.US,60,20210511,200000,18.63,18.72,18.61,18.6121,43030,0
GRFS.US,60,20210511,210000,18.63,18.75,18.55,18.69,27146,0
GRFS.US,60,20210511,220000,18.67,18.84,18.65,18.66,104189,0
GRFS.US,60,20210512,160000,18.22,18.53,18.04,18.505,44183,0
GRFS.US,60,20210512,170000,18.5,18.53,18.43,18.5,21346,0
GRFS.US,60,20210512,180000,18.51,18.52,18.34,18.37,20428,0
GRFS.US,60,20210512,190000,18.37,18.37,18.19,18.205,18254,0
GRFS.US,60,20210512,200000,18.205,18.24,18.17,18.185,24984,0
GRFS.US,60,20210512,210000,18.18,18.215,18.15,18.185,29052,0
GRFS.US,60,20210512,220000,18.185,18.185,18.07,18.12,87681,0
GRFS.US,60,20210513,160000,18,18.17,17.8,18.15,26171,0
GRFS.US,60,20210513,170000,18.13,18.26,18.05,18.26,38803,0
GRFS.US,60,20210513,180000,18.245,18.34,18.24,18.32,43084,0
GRFS.US,60,20210513,190000,18.315,18.6,18.26,18.26,88436,0
GRFS.US,60,20210513,200000,18.295,18.53,18.23,18.43,66707,0
GRFS.US,60,20210513,210000,18.45,18.53,18.31,18.325,72554,0
GRFS.US,60,20210513,220000,18.34,18.4,18.24,18.38,61177,0
GRFS.US,60,20210514,160000,18.46,18.55,18.44,18.44,16177,0
GRFS.US,60,20210514,170000,18.46,18.475,18.41,18.46,21138,0
GRFS.US,60,20210514,180000,18.44,18.56,18.44,18.56,11390,0
GRFS.US,60,20210514,190000,18.55,18.8,18.55,18.78,18700,0
GRFS.US,60,20210514,200000,18.76,18.765,18.69,18.69,17676,0
GRFS.US,60,20210514,210000,18.6901,18.77,18.6901,18.76,22991,0
GRFS.US,60,20210514,220000,18.758,18.7581,18.62,18.74,74444,0
GRFS.US,60,20210517,160000,18.58,18.72,18.15,18.68,21862,0
GRFS.US,60,20210517,170000,18.66,18.76,18.65,18.74,26379,0
GRFS.US,60,20210517,180000,18.73,18.73,18.63,18.715,11935,0
GRFS.US,60,20210517,190000,18.73,18.91,18.73,18.88,22631,0
GRFS.US,60,20210517,200000,18.9,18.94,18.695,18.759,28754,0
GRFS.US,60,20210517,210000,18.75,18.87,18.71,18.77,23238,0
GRFS.US,60,20210517,220000,18.7899,18.7899,18.655,18.69,61257,0
GRFS.US,60,20210518,160000,18.78,18.8,18.6,18.6,46693,0
GRFS.US,60,20210518,170000,18.63,18.775,18.62,18.735,115318,0
GRFS.US,60,20210518,180000,18.735,18.785,18.73,18.785,68245,0
GRFS.US,60,20210518,190000,18.785,18.87,18.75,18.85,11368,0
GRFS.US,60,20210518,200000,18.84,18.95,18.84,18.93,20257,0
GRFS.US,60,20210518,210000,18.91,18.985,18.83,18.93,23199,0
GRFS.US,60,20210518,220000,18.93,19.05,18.91,18.94,124214,0
GRFS.US,60,20210519,160000,18.68,18.91,18.46,18.715,102327,0
GRFS.US,60,20210519,170000,18.7,18.81,18.61,18.75,100383,0
GRFS.US,60,20210519,180000,18.765,18.84,18.75,18.78,24184,0
GRFS.US,60,20210519,190000,18.78,18.93,18.78,18.81,16247,0
GRFS.US,60,20210519,200000,18.795,18.91,18.73,18.87,18165,0
GRFS.US,60,20210519,210000,18.855,19.03,18.84,18.96,42919,0
GRFS.US,60,20210519,220000,18.94,19.04,18.84,18.91,100268,0
GRFS.US,60,20210520,160000,18.8,18.94,18.61,18.68,53325,0
GRFS.US,60,20210520,170000,18.69,18.79,18.505,18.64,290203,0
GRFS.US,60,20210520,180000,18.64,18.755,18.51,18.52,114904,0
GRFS.US,60,20210520,190000,18.52,18.54,18.435,18.51,42300,0
GRFS.US,60,20210520,200000,18.48,18.535,18.43,18.44,36843,0
GRFS.US,60,20210520,210000,18.43,18.44,18.2,18.3,58704,0
GRFS.US,60,20210520,220000,18.3,18.53,18.29,18.52,120408,0
GRFS.US,60,20210521,160000,18.43,18.49,18.24,18.41,41820,0
GRFS.US,60,20210521,170000,18.44,18.49,18.315,18.39,170553,0
GRFS.US,60,20210521,180000,18.38,18.43,18.23,18.27,137535,0
GRFS.US,60,20210521,190000,18.26,18.43,18.26,18.43,12863,0
GRFS.US,60,20210521,200000,18.435,18.635,18.435,18.62,15101,0
GRFS.US,60,20210521,210000,18.62,18.62,18.5,18.57,17624,0
GRFS.US,60,20210521,220000,18.565,18.72,18.504,18.71,105579,0
GRFS.US,60,20210524,160000,18.7,18.72,18.53,18.61,30227,0
GRFS.US,60,20210524,170000,18.64,18.655,18.42,18.44,92682,0
GRFS.US,60,20210524,180000,18.425,18.48,18.41,18.47,47758,0
GRFS.US,60,20210524,190000,18.45,18.47,18.33,18.36,21120,0
GRFS.US,60,20210524,200000,18.36,18.41,18.35,18.39,12005,0
GRFS.US,60,20210524,210000,18.38,18.43,18.38,18.405,6576,0
GRFS.US,60,20210524,220000,18.39,18.41,18.31,18.34,42746,0
GRFS.US,60,20210525,160000,18.37,18.59,18.37,18.48,37445,0
GRFS.US,60,20210525,170000,18.47,18.49,18.38,18.42,49213,0
GRFS.US,60,20210525,180000,18.41,18.47,18.33,18.34,23731,0
GRFS.US,60,20210525,190000,18.33,18.51,18.31,18.51,9005,0
GRFS.US,60,20210525,200000,18.51,18.54,18.485,18.5,9942,0
GRFS.US,60,20210525,210000,18.46,18.66,18.45,18.63,27585,0
GRFS.US,60,20210525,220000,18.6,18.72,18.59,18.65,71086,0
GRFS.US,60,20210526,160000,18.68,18.68,18.42,18.47,17063,0
GRFS.US,60,20210526,170000,18.5,18.54,18.43,18.45,31994,0
GRFS.US,60,20210526,180000,18.465,18.6,18.26,18.58,312178,0
GRFS.US,60,20210526,190000,18.5903,18.6,18.4227,18.4883,12756,0
GRFS.US,60,20210526,200000,18.49,18.49,18.37,18.4148,16394,0
GRFS.US,60,20210526,210000,18.42,18.45,18.36,18.36,12875,0
GRFS.US,60,20210526,220000,18.37,18.4,18.34,18.36,49095,0
GRFS.US,60,20210527,160000,18.38,18.42,18.08,18.16,67466,0
GRFS.US,60,20210527,170000,18.16,18.18,18.01,18.02,40944,0
GRFS.US,60,20210527,180000,18.025,18.025,17.73,17.855,124854,0
GRFS.US,60,20210527,190000,17.865,17.95,17.57,17.59,59708,0
GRFS.US,60,20210527,200000,17.61,17.64,17.49,17.5,68965,0
GRFS.US,60,20210527,210000,17.5,17.6,17.16,17.17,297191,0
GRFS.US,60,20210527,220000,17.17,17.69,17.16,17.6,157875,0
GRFS.US,60,20210528,160000,17.65,17.77,17.58,17.63,127578,0
GRFS.US,60,20210528,170000,17.62,17.7,17.6,17.61,163005,0
GRFS.US,60,20210528,180000,17.63,17.65,17.47,17.51,126044,0
GRFS.US,60,20210528,190000,17.51,17.51,17.4,17.43,39629,0
GRFS.US,60,20210528,200000,17.415,17.47,17.4,17.4,27539,0
GRFS.US,60,20210528,210000,17.4181,17.57,17.4181,17.525,18924,0
GRFS.US,60,20210528,220000,17.525,17.57,17.42,17.49,159629,0
GRFS.US,60,20210601,160000,17.8,18.12,17.68,17.86,61503,0
GRFS.US,60,20210601,170000,17.87,17.92,17.64,17.705,193850,0
GRFS.US,60,20210601,180000,17.705,17.73,17.3,17.44,153129,0
GRFS.US,60,20210601,190000,17.445,17.445,17.3,17.37,45885,0
GRFS.US,60,20210601,200000,17.37,17.46,17.14,17.3,105643,0
GRFS.US,60,20210601,210000,17.3,17.49,17.295,17.44,30003,0
GRFS.US,60,20210601,220000,17.44,17.52,17.34,17.51,102614,0
GRFS.US,60,20210602,160000,17.32,17.4,17.22,17.255,48002,0
GRFS.US,60,20210602,170000,17.26,17.32,17.17,17.28,71019,0
GRFS.US,60,20210602,180000,17.295,17.67,17.28,17.645,47392,0
GRFS.US,60,20210602,190000,17.645,17.92,17.645,17.89,41851,0
GRFS.US,60,20210602,200000,17.91,17.95,17.69,17.72,33741,0
GRFS.US,60,20210602,210000,17.72,17.74,17.47,17.54,28842,0
GRFS.US,60,20210602,220000,17.53,17.53,17.4,17.45,77338,0
GRFS.US,60,20210603,160000,17.11,17.11,16.88,16.91,26476,0
GRFS.US,60,20210603,170000,16.91,16.96,16.75,16.81,75853,0
GRFS.US,60,20210603,180000,16.81,16.84,16.72,16.78,42668,0
GRFS.US,60,20210603,190000,16.778,16.82,16.69,16.7,65062,0
GRFS.US,60,20210603,200000,16.685,16.75,16.68,16.7,15840,0
GRFS.US,60,20210603,210000,16.71,16.79,16.708,16.75,15395,0
GRFS.US,60,20210603,220000,16.75,16.9,16.73,16.76,150449,0
GRFS.US,60,20210604,160000,16.76,16.85,16.64,16.79,21282,0
GRFS.US,60,20210604,170000,16.77,16.84,16.76,16.81,21104,0
GRFS.US,60,20210604,180000,16.81,16.87,16.8,16.86,15338,0
GRFS.US,60,20210604,190000,16.85,16.86,16.75,16.75,35906,0
GRFS.US,60,20210604,200000,16.76,16.76,16.68,16.715,23937,0
GRFS.US,60,20210604,210000,16.715,16.78,16.7,16.77,16902,0
GRFS.US,60,20210604,220000,16.77,16.9,16.735,16.88,69879,0
GRFS.US,60,20210607,160000,16.83,16.93,16.83,16.92,5467,0
GRFS.US,60,20210607,170000,16.92,16.98,16.755,16.96,33083,0
GRFS.US,60,20210607,180000,16.945,17.2,16.94,17.165,55694,0
GRFS.US,60,20210607,190000,17.15,17.23,17.14,17.21,29841,0
GRFS.US,60,20210607,200000,17.21,17.34,17.19,17.25,34232,0
GRFS.US,60,20210607,210000,17.27,17.34,17.24,17.25,37538,0
GRFS.US,60,20210607,220000,17.24,17.26,17.1,17.12,85508,0
GRFS.US,60,20210608,160000,17.19,17.218,17.1,17.17,49774,0
GRFS.US,60,20210608,170000,17.17,17.22,17.12,17.19,124463,0
GRFS.US,60,20210608,180000,17.19,17.2,17.04,17.1,235887,0
GRFS.US,60,20210608,190000,17.105,17.18,17.105,17.13,8578,0
GRFS.US,60,20210608,200000,17.145,17.2,17.1099,17.165,22433,0
GRFS.US,60,20210608,210000,17.16,17.2,17.16,17.195,12191,0
GRFS.US,60,20210608,220000,17.2,17.2,17.15,17.16,66324,0
GRFS.US,60,20210609,160000,17.21,17.45,17.21,17.44,80486,0
GRFS.US,60,20210609,170000,17.44,17.47,17.4,17.4,29680,0
GRFS.US,60,20210609,180000,17.3932,17.4,17.27,17.34,20859,0
GRFS.US,60,20210609,190000,17.35,17.44,17.32,17.4,8991,0
GRFS.US,60,20210609,200000,17.4,17.47,17.4,17.42,13650,0
GRFS.US,60,20210609,210000,17.43,17.44,17.4,17.4,22013,0
GRFS.US,60,20210609,220000,17.42,17.45,17.33,17.42,88996,0
GRFS.US,60,20210610,160000,17.34,17.45,17.3,17.43,54646,0
GRFS.US,60,20210610,170000,17.4,17.48,17.36,17.47,140235,0
GRFS.US,60,20210610,180000,17.47,17.62,17.47,17.49,89149,0
GRFS.US,60,20210610,190000,17.515,17.56,17.49,17.54,10088,0
GRFS.US,60,20210610,200000,17.53,17.605,17.52,17.605,11538,0
GRFS.US,60,20210610,210000,17.62,17.65,17.59,17.65,7791,0
GRFS.US,60,20210610,220000,17.64,17.71,17.59,17.65,53530,0
GRFS.US,60,20210611,160000,18.92,19.07,18.25,19.01,1358548,0
GRFS.US,60,20210611,170000,19.01,19.05,18.93,18.995,485249,0
GRFS.US,60,20210611,180000,18.995,19,18.84,18.91,173795,0
GRFS.US,60,20210611,190000,18.9,18.92,18.7201,18.74,147450,0
GRFS.US,60,20210611,200000,18.73,18.84,18.71,18.795,74005,0
GRFS.US,60,20210611,210000,18.8,18.9,18.79,18.89,111826,0
GRFS.US,60,20210611,220000,18.89,18.9,18.67,18.7,429131,0
GRFS.US,60,20210614,160000,18.69,18.77,18.6,18.64,103780,0
GRFS.US,60,20210614,170000,18.6699,18.67,18.5,18.5,230717,0
GRFS.US,60,20210614,180000,18.515,18.58,18.37,18.415,151126,0
GRFS.US,60,20210614,190000,18.415,18.57,18.36,18.49,109778,0
GRFS.US,60,20210614,200000,18.49,18.55,18.47,18.51,52977,0
GRFS.US,60,20210614,210000,18.52,18.55,18.43,18.455,72575,0
GRFS.US,60,20210614,220000,18.455,18.46,18.39,18.4,220997,0
GRFS.US,60,20210615,160000,18.4,18.45,18.34,18.385,27541,0
GRFS.US,60,20210615,170000,18.36,18.39,18.29,18.29,93501,0
GRFS.US,60,20210615,180000,18.3,18.33,18.26,18.29,39930,0
GRFS.US,60,20210615,190000,18.27,18.39,18.27,18.34,21744,0
GRFS.US,60,20210615,200000,18.345,18.4,18.33,18.36,36930,0
GRFS.US,60,20210615,210000,18.36,18.36,18.28,18.28,32469,0
GRFS.US,60,20210615,220000,18.28,18.33,18.25,18.26,86881,0
GRFS.US,60,20210616,160000,18.28,18.45,18.28,18.4,58601,0
GRFS.US,60,20210616,170000,18.4,18.47,18.37,18.45,49026,0
GRFS.US,60,20210616,180000,18.44,18.49,18.08,18.12,109649,0
GRFS.US,60,20210616,190000,18.12,18.33,18.12,18.27,19095,0
GRFS.US,60,20210616,200000,18.29,18.32,18.22,18.25,14949,0
GRFS.US,60,20210616,210000,18.27,18.31,18.155,18.212,24645,0
GRFS.US,60,20210616,220000,18.22,18.32,18.22,18.24,53910,0
GRFS.US,60,20210617,160000,18.19,18.32,18.19,18.26,67521,0
GRFS.US,60,20210617,170000,18.3,18.45,18.25,18.43,104909,0
GRFS.US,60,20210617,180000,18.44,18.44,18.35,18.39,106025,0
GRFS.US,60,20210617,190000,18.39,18.45,18.21,18.24,63509,0
GRFS.US,60,20210617,200000,18.23,18.3,18.19,18.295,40240,0
GRFS.US,60,20210617,210000,18.29,18.3,18.21,18.26,44119,0
GRFS.US,60,20210617,220000,18.26,18.39,18.24,18.37,114279,0
GRFS.US,60,20210618,160000,18.34,18.34,18.12,18.22,37506,0
GRFS.US,60,20210618,170000,18.22,18.24,18.12,18.24,154602,0
GRFS.US,60,20210618,180000,18.225,18.24,18.1,18.18,50032,0
GRFS.US,60,20210618,190000,18.1999,18.24,18.13,18.21,35953,0
GRFS.US,60,20210618,200000,18.21,18.24,18.14,18.14,25837,0
GRFS.US,60,20210618,210000,18.15,18.2,18.12,18.15,23820,0
GRFS.US,60,20210618,220000,18.13,18.19,17.66,17.82,211050,0
GRFS.US,60,20210621,160000,17.87,18.14,17.71,17.77,83045,0
GRFS.US,60,20210621,170000,17.79,17.84,17.65,17.69,94441,0
GRFS.US,60,20210621,180000,17.68,17.84,17.66,17.81,91319,0
GRFS.US,60,20210621,190000,17.81,17.98,17.81,17.87,12858,0
GRFS.US,60,20210621,200000,17.86,18.0795,17.835,18.06,41130,0
GRFS.US,60,20210621,210000,18.08,18.13,18.02,18.06,38096,0
GRFS.US,60,20210621,220000,18.06,18.08,17.97,18,59463,0
GRFS.US,60,20210622,160000,17.675,17.96,17.48,17.48,106462,0
GRFS.US,60,20210622,170000,17.5,17.56,17.44,17.455,172661,0
GRFS.US,60,20210622,180000,17.455,17.5,17.375,17.395,83815,0
GRFS.US,60,20210622,190000,17.39,17.46,17.36,17.431,24568,0
GRFS.US,60,20210622,200000,17.44,17.58,17.43,17.565,26760,0
GRFS.US,60,20210622,210000,17.56,17.565,17.39,17.45,76733,0
GRFS.US,60,20210622,220000,17.44,17.6,17.44,17.57,94460,0
GRFS.US,60,20210623,160000,17.5,17.5,17.32,17.38,15881,0
GRFS.US,60,20210623,170000,17.4,17.415,17.26,17.26,74812,0
GRFS.US,60,20210623,180000,17.26,17.27,17.18,17.27,75487,0
GRFS.US,60,20210623,190000,17.285,17.35,17.235,17.26,36867,0
GRFS.US,60,20210623,200000,17.27,17.34,17.25,17.3289,5180,0
GRFS.US,60,20210623,210000,17.31,17.39,17.3,17.39,20224,0
GRFS.US,60,20210623,220000,17.39,17.42,17.31,17.34,48625,0
GRFS.US,60,20210624,160000,17.42,17.49,17.35,17.44,11769,0
GRFS.US,60,20210624,170000,17.44,17.52,17.34,17.35,75339,0
GRFS.US,60,20210624,180000,17.355,17.355,17.245,17.33,10968,0
GRFS.US,60,20210624,190000,17.33,17.39,17.3,17.33,12832,0
GRFS.US,60,20210624,200000,17.3792,17.51,17.31,17.47,34555,0
GRFS.US,60,20210624,210000,17.49,17.57,17.42,17.57,27781,0
GRFS.US,60,20210624,220000,17.55,17.57,17.43,17.49,55849,0
GRFS.US,60,20210625,160000,17.54,17.68,17.54,17.65,73265,0
GRFS.US,60,20210625,170000,17.635,17.65,17.5675,17.64,124038,0
GRFS.US,60,20210625,180000,17.64,17.64,17.495,17.54,69824,0
GRFS.US,60,20210625,190000,17.53,17.68,17.5,17.66,20096,0
GRFS.US,60,20210625,200000,17.65,17.725,17.62,17.64,22557,0
GRFS.US,60,20210625,210000,17.65,17.79,17.645,17.72,28483,0
GRFS.US,60,20210625,220000,17.73,17.86,17.72,17.81,124534,0
GRFS.US,60,20210628,160000,17.8,17.8,17.52,17.65,52275,0
GRFS.US,60,20210628,170000,17.64,17.84,17.64,17.82,49573,0
GRFS.US,60,20210628,180000,17.8,17.82,17.71,17.76,18272,0
GRFS.US,60,20210628,190000,17.7573,17.89,17.7573,17.87,9648,0
GRFS.US,60,20210628,200000,17.87,17.88,17.83,17.86,8946,0
GRFS.US,60,20210628,210000,17.86,17.885,17.8,17.88,10801,0
GRFS.US,60,20210628,220000,17.87,17.88,17.8,17.81,37730,0
GRFS.US,60,20210629,160000,17.89,17.89,17.48,17.61,80578,0
GRFS.US,60,20210629,170000,17.61,17.62,17.53,17.57,46162,0
GRFS.US,60,20210629,180000,17.555,17.61,17.54,17.59,30357,0
GRFS.US,60,20210629,190000,17.59,17.625,17.58,17.59,14793,0
GRFS.US,60,20210629,200000,17.592,17.6,17.51,17.51,24740,0
GRFS.US,60,20210629,210000,17.52,17.5285,17.48,17.51,23740,0
GRFS.US,60,20210629,220000,17.53,17.54,17.44,17.46,71334,0
GRFS.US,60,20210630,160000,17.58,17.66,17.47,17.66,281681,0
GRFS.US,60,20210630,170000,17.645,17.71,17.6,17.63,70810,0
GRFS.US,60,20210630,180000,17.64,17.66,17.522,17.53,67558,0
GRFS.US,60,20210630,190000,17.52,17.56,17.46,17.47,8305,0
GRFS.US,60,20210630,200000,17.47,17.495,17.39,17.39,7229,0
GRFS.US,60,20210630,210000,17.4,17.42,17.39,17.4,8159,0
GRFS.US,60,20210630,220000,17.4,17.4225,17.32,17.35,85536,0
GRFS.US,60,20210701,160000,17.23,17.36,17.2,17.36,41912,0
GRFS.US,60,20210701,170000,17.36,17.38,17.2,17.34,84682,0
GRFS.US,60,20210701,180000,17.33,17.35,17.22,17.25,82453,0
GRFS.US,60,20210701,190000,17.245,17.3098,17.19,17.3,19757,0
GRFS.US,60,20210701,200000,17.29,17.305,17.26,17.27,21413,0
GRFS.US,60,20210701,210000,17.28,17.32,17.25,17.26,15494,0
GRFS.US,60,20210701,220000,17.26,17.31,17.22,17.3,78399,0
GRFS.US,60,20210702,160000,17.45,17.45,17.13,17.13,37298,0
GRFS.US,60,20210702,170000,17.12,17.24,17.12,17.23,66519,0
GRFS.US,60,20210702,180000,17.2,17.25,17.12,17.12,60880,0
GRFS.US,60,20210702,190000,17.115,17.16,17.03,17.09,23979,0
GRFS.US,60,20210702,200000,17.1,17.26,17.1,17.25,14273,0
GRFS.US,60,20210702,210000,17.24,17.26,17.22,17.25,39576,0
GRFS.US,60,20210702,220000,17.25,17.34,17.22,17.28,62952,0
GRFS.US,60,20210706,160000,17.17,17.17,17,17.1,58045,0
GRFS.US,60,20210706,170000,17.12,17.24,17.06,17.08,82853,0
GRFS.US,60,20210706,180000,17.1,17.23,17.06,17.07,171355,0
GRFS.US,60,20210706,190000,17.075,17.19,17.04,17.15,35701,0
GRFS.US,60,20210706,200000,17.12,17.19,17.08,17.16,32782,0
GRFS.US,60,20210706,210000,17.17,17.21,17.13,17.18,29903,0
GRFS.US,60,20210706,220000,17.175,17.24,17.14,17.14,111895,0
GRFS.US,60,20210707,160000,17.06,17.09,16.97,16.98,31444,0
GRFS.US,60,20210707,170000,16.98,17.02,16.91,16.97,46667,0
GRFS.US,60,20210707,180000,17,17.03,16.95,16.99,36193,0
GRFS.US,60,20210707,190000,16.9942,16.9942,16.9,16.95,23486,0
GRFS.US,60,20210707,200000,16.95,17,16.9,16.91,15817,0
GRFS.US,60,20210707,210000,16.94,17.01,16.9,16.925,60750,0
GRFS.US,60,20210707,220000,16.92,17.03,16.91,16.93,127937,0
GRFS.US,60,20210708,160000,16.83,16.96,16.81,16.96,21154,0
GRFS.US,60,20210708,170000,16.94,16.97,16.78,16.82,45647,0
GRFS.US,60,20210708,180000,16.83,16.87,16.75,16.755,39355,0
GRFS.US,60,20210708,190000,16.755,16.775,16.7,16.7,24181,0
GRFS.US,60,20210708,200000,16.7,16.755,16.68,16.72,28212,0
GRFS.US,60,20210708,210000,16.72,16.72,16.59,16.67,72606,0
GRFS.US,60,20210708,220000,16.66,16.76,16.6,16.76,76498,0
GRFS.US,60,20210709,160000,16.67,16.67,16.515,16.57,32311,0
GRFS.US,60,20210709,170000,16.6,16.74,16.585,16.69,38128,0
GRFS.US,60,20210709,180000,16.67,16.7,16.63,16.69,31636,0
GRFS.US,60,20210709,190000,16.7,16.76,16.64,16.64,15600,0
GRFS.US,60,20210709,200000,16.6699,16.7255,16.62,16.675,21121,0
GRFS.US,60,20210709,210000,16.685,16.75,16.66,16.71,27157,0
GRFS.US,60,20210709,220000,16.73,16.75,16.61,16.65,72377,0
