<TICKER>,<PER>,<DATE>,<TIME>,<OPEN>,<HIGH>,<LOW>,<CLOSE>,<VOL>,<OPENINT>
AGZD.US,60,20200914,170000,46.879,46.879,46.821,46.831,1656,0
AGZD.US,60,20200914,180000,46.781,46.781,46.781,46.781,150,0
AGZD.US,60,20200914,200000,46.791,46.791,46.791,46.791,695,0
AGZD.US,60,20200914,210000,46.86,46.86,46.86,46.86,696,0
AGZD.US,60,20200914,220000,46.857,46.857,46.857,46.857,185,0
AGZD.US,60,20200915,160000,46.841,46.841,46.841,46.841,100,0
AGZD.US,60,20200915,180000,46.785,46.91,46.785,46.91,1425,0
AGZD.US,60,20200915,190000,46.841,46.91,46.811,46.811,4717,0
AGZD.US,60,20200915,200000,46.829,46.9,46.829,46.829,2306,0
AGZD.US,60,20200915,210000,46.841,46.841,46.841,46.841,993,0
AGZD.US,60,20200915,220000,46.771,46.841,46.771,46.841,421,0
AGZD.US,60,20200916,160000,46.9,46.9,46.9,46.9,207,0
AGZD.US,60,20200916,170000,46.91,46.91,46.821,46.829,1610,0
AGZD.US,60,20200916,190000,46.831,46.864,46.831,46.864,2008,0
AGZD.US,60,20200916,200000,46.831,46.9,46.821,46.87,3524,0
AGZD.US,60,20200916,220000,46.899,46.899,46.821,46.821,2849,0
AGZD.US,60,20200917,160000,46.91,46.91,46.91,46.91,250,0
AGZD.US,60,20200917,180000,46.856,46.856,46.856,46.856,180,0
AGZD.US,60,20200917,190000,46.874,46.874,46.852,46.866,3855,0
AGZD.US,60,20200917,200000,46.822,46.879,46.821,46.821,2120,0
AGZD.US,60,20200917,210000,46.866,46.882,46.866,46.882,1804,0
AGZD.US,60,20200917,220000,46.821,46.821,46.821,46.821,169,0
AGZD.US,60,20200918,170000,46.886,46.886,46.886,46.886,255,0
AGZD.US,60,20200918,180000,46.892,46.892,46.821,46.821,1567,0
AGZD.US,60,20200918,190000,46.825,46.825,46.821,46.821,895,0
AGZD.US,60,20200918,200000,46.9,46.9,46.821,46.882,1710,0
AGZD.US,60,20200918,210000,46.891,46.891,46.891,46.891,13273,0
AGZD.US,60,20200918,220000,46.822,46.883,46.821,46.821,26623,0
AGZD.US,60,20200921,160000,46.871,46.871,46.861,46.861,2297,0
AGZD.US,60,20200921,200000,46.848,46.848,46.848,46.848,115,0
AGZD.US,60,20200921,210000,46.859,46.885,46.848,46.885,3611,0
AGZD.US,60,20200921,220000,46.821,46.821,46.821,46.821,402,0
AGZD.US,60,20200922,160000,46.95,46.95,46.95,46.95,200,0
AGZD.US,60,20200922,180000,46.781,46.801,46.771,46.771,3180,0
AGZD.US,60,20200922,200000,46.761,46.771,46.761,46.771,317,0
AGZD.US,60,20200922,210000,46.771,46.771,46.771,46.771,100,0
AGZD.US,60,20200922,220000,46.791,46.791,46.791,46.791,1751,0
AGZD.US,60,20200923,170000,46.797,46.841,46.797,46.841,548,0
AGZD.US,60,20200923,190000,46.816,46.816,46.816,46.816,137,0
AGZD.US,60,20200923,200000,46.841,46.89,46.754,46.841,2769,0
AGZD.US,60,20200923,210000,46.701,46.801,46.701,46.801,496,0
AGZD.US,60,20200923,220000,46.9,46.91,46.761,46.91,2004,0
AGZD.US,60,20200924,190000,46.821,46.881,46.787,46.787,401,0
AGZD.US,60,20200924,200000,46.786,46.891,46.786,46.813,3696,0
AGZD.US,60,20200924,210000,46.816,46.816,46.777,46.777,837,0
AGZD.US,60,20200924,220000,46.801,46.891,46.801,46.816,1424,0
AGZD.US,60,20200925,160000,46.731,46.78,46.731,46.78,1479,0
AGZD.US,60,20200925,190000,46.781,46.851,46.781,46.851,776,0
AGZD.US,60,20200925,200000,46.757,46.841,46.757,46.757,1490,0
AGZD.US,60,20200925,210000,46.841,46.851,46.753,46.851,1948,0
AGZD.US,60,20200925,220000,46.851,46.881,46.752,46.881,1278,0
AGZD.US,60,20200928,160000,46.841,46.841,46.841,46.841,402,0
AGZD.US,60,20200928,170000,46.779,46.801,46.732,46.801,984,0
AGZD.US,60,20200928,180000,46.741,46.741,46.711,46.711,996,0
AGZD.US,60,20200929,190000,46.742,46.761,46.711,46.761,677,0
AGZD.US,60,20200929,200000,46.721,46.731,46.681,46.725,5392,0
AGZD.US,60,20200929,220000,46.779,46.779,46.671,46.671,610,0
AGZD.US,60,20200930,160000,46.665,46.665,46.665,46.665,1787,0
AGZD.US,60,20200930,170000,46.646,46.646,46.646,46.646,136,0
AGZD.US,60,20200930,190000,46.646,46.646,46.646,46.646,107,0
AGZD.US,60,20200930,200000,46.648,46.711,46.594,46.594,2933,0
AGZD.US,60,20200930,210000,46.646,46.711,46.591,46.711,4697,0
AGZD.US,60,20200930,220000,46.621,46.701,46.621,46.701,1002,0
AGZD.US,60,20201001,160000,46.721,46.721,46.721,46.721,327,0
AGZD.US,60,20201001,170000,46.798,46.798,46.798,46.798,374,0
AGZD.US,60,20201001,180000,46.746,46.746,46.746,46.746,658,0
AGZD.US,60,20201001,200000,46.811,46.881,46.671,46.775,8708,0
AGZD.US,60,20201001,210000,46.88,46.88,46.731,46.731,31369,0
AGZD.US,60,20201001,220000,46.701,46.791,46.701,46.791,251,0
AGZD.US,60,20201002,210000,46.811,46.811,46.731,46.761,1580,0
AGZD.US,60,20201002,220000,46.768,46.801,46.749,46.801,458,0
AGZD.US,60,20201005,170000,46.711,46.736,46.691,46.725,1470,0
AGZD.US,60,20201005,180000,46.682,46.682,46.682,46.682,286,0
AGZD.US,60,20201005,210000,46.762,46.762,46.681,46.681,649,0
AGZD.US,60,20201005,220000,46.751,46.751,46.576,46.741,2419,0
AGZD.US,60,20201006,160000,46.801,46.811,46.781,46.811,1193,0
AGZD.US,60,20201006,170000,46.761,46.761,46.761,46.761,874,0
AGZD.US,60,20201006,180000,46.761,46.811,46.761,46.811,1048,0
AGZD.US,60,20201006,190000,46.774,46.881,46.774,46.881,2638,0
AGZD.US,60,20201006,200000,46.92,46.92,46.866,46.866,1187,0
AGZD.US,60,20201006,220000,46.811,46.811,46.781,46.781,681,0
AGZD.US,60,20201007,160000,46.831,46.831,46.831,46.831,535,0
AGZD.US,60,20201007,180000,46.854,46.854,46.852,46.852,299,0
AGZD.US,60,20201007,200000,46.885,46.885,46.885,46.885,802,0
AGZD.US,60,20201007,210000,46.91,46.96,46.851,46.851,2701,0
AGZD.US,60,20201007,220000,46.921,46.96,46.921,46.96,225,0
AGZD.US,60,20201008,180000,46.885,46.885,46.885,46.885,1120,0
AGZD.US,60,20201008,200000,46.801,46.801,46.801,46.801,1258,0
AGZD.US,60,20201008,220000,46.811,46.904,46.811,46.904,1778,0
AGZD.US,60,20201009,170000,46.771,46.871,46.771,46.871,380,0
AGZD.US,60,20201009,200000,46.822,46.822,46.814,46.82,1268,0
AGZD.US,60,20201009,210000,46.811,46.811,46.79,46.79,353,0
AGZD.US,60,20201009,220000,46.771,46.771,46.751,46.751,363,0
AGZD.US,60,20201012,170000,46.97,46.97,46.771,46.861,813,0
AGZD.US,60,20201012,200000,46.781,46.884,46.781,46.884,931,0
AGZD.US,60,20201013,170000,46.94,47.03,46.94,46.94,745,0
AGZD.US,60,20201013,180000,46.841,46.954,46.841,46.843,1026,0
AGZD.US,60,20201013,190000,46.98,46.98,46.98,46.98,462,0
AGZD.US,60,20201013,200000,46.9,46.903,46.9,46.903,902,0
AGZD.US,60,20201013,210000,46.983,46.983,46.851,46.945,1038,0
AGZD.US,60,20201014,170000,46.91,46.91,46.91,46.91,123,0
AGZD.US,60,20201014,180000,46.831,46.831,46.831,46.831,363,0
AGZD.US,60,20201014,190000,46.866,46.866,46.866,46.866,558,0
AGZD.US,60,20201014,200000,46.874,46.874,46.821,46.821,1548,0
AGZD.US,60,20201014,210000,46.9,46.9,46.821,46.861,669,0
AGZD.US,60,20201014,220000,46.9,46.9,46.831,46.831,206,0
AGZD.US,60,20201015,160000,46.701,46.701,46.701,46.701,135,0
AGZD.US,60,20201015,170000,46.862,46.9,46.822,46.822,1535,0
AGZD.US,60,20201015,180000,46.866,46.866,46.866,46.866,111,0
AGZD.US,60,20201015,200000,46.865,46.866,46.865,46.866,1943,0
AGZD.US,60,20201015,220000,46.891,46.91,46.871,46.871,401,0
AGZD.US,60,20201016,160000,46.751,46.831,46.751,46.811,4831,0
AGZD.US,60,20201016,170000,46.804,46.859,46.804,46.859,234,0
AGZD.US,60,20201016,180000,46.851,46.851,46.851,46.851,192,0
AGZD.US,60,20201016,190000,46.91,46.91,46.791,46.791,1536,0
AGZD.US,60,20201016,210000,46.851,46.851,46.851,46.851,100,0
AGZD.US,60,20201016,220000,46.84,46.909,46.84,46.851,1160,0
AGZD.US,60,20201019,160000,46.891,46.891,46.891,46.891,100,0
AGZD.US,60,20201019,180000,46.851,46.851,46.851,46.851,207,0
AGZD.US,60,20201019,190000,46.783,46.783,46.783,46.783,674,0
AGZD.US,60,20201019,200000,46.847,46.847,46.847,46.847,762,0
AGZD.US,60,20201019,210000,46.837,46.837,46.821,46.821,449,0
AGZD.US,60,20201019,220000,46.91,46.91,46.91,46.91,301,0
AGZD.US,60,20201020,160000,46.871,46.871,46.871,46.871,301,0
AGZD.US,60,20201020,170000,46.846,46.846,46.846,46.846,327,0
AGZD.US,60,20201020,180000,46.909,46.909,46.886,46.886,601,0
AGZD.US,60,20201020,190000,46.841,46.841,46.841,46.841,181,0
AGZD.US,60,20201020,200000,46.9,46.91,46.837,46.837,1198,0
AGZD.US,60,20201020,220000,46.91,46.91,46.781,46.841,2737,0
AGZD.US,60,20201021,170000,46.841,46.841,46.841,46.841,431,0
AGZD.US,60,20201021,180000,46.846,46.846,46.846,46.846,1202,0
AGZD.US,60,20201021,190000,46.891,46.91,46.85,46.85,2027,0
AGZD.US,60,20201021,200000,46.9,46.9,46.851,46.851,427,0
AGZD.US,60,20201021,220000,46.91,46.91,46.91,46.91,241,0
AGZD.US,60,20201022,170000,46.91,46.91,46.856,46.856,469,0
AGZD.US,60,20201022,180000,46.91,46.939,46.9,46.939,401,0
AGZD.US,60,20201022,190000,46.872,46.94,46.872,46.91,1271,0
AGZD.US,60,20201022,200000,46.881,46.905,46.871,46.905,974,0
AGZD.US,60,20201022,210000,46.911,46.911,46.911,46.911,335,0
AGZD.US,60,20201022,220000,46.91,46.915,46.91,46.915,403,0
AGZD.US,60,20201023,170000,46.781,46.96,46.781,46.96,1443,0
AGZD.US,60,20201023,180000,46.813,46.813,46.813,46.813,1000,0
AGZD.US,60,20201023,200000,46.915,46.922,46.915,46.922,751,0
AGZD.US,60,20201023,220000,46.891,46.922,46.891,46.922,3519,0
AGZD.US,60,20201026,160000,46.897,46.96,46.897,46.925,395,0
AGZD.US,60,20201026,170000,46.911,46.911,46.911,46.911,316,0
AGZD.US,60,20201026,180000,46.96,46.96,46.911,46.911,685,0
AGZD.US,60,20201026,190000,46.95,46.95,46.93,46.93,1602,0
AGZD.US,60,20201026,200000,47.01,47.01,47.01,47.01,504,0
AGZD.US,60,20201026,210000,46.966,47.015,46.93,47.015,1401,0
AGZD.US,60,20201027,150000,46.886,46.923,46.886,46.923,1348,0
AGZD.US,60,20201027,160000,46.889,46.889,46.889,46.889,462,0
AGZD.US,60,20201027,170000,46.781,46.965,46.781,46.876,4924,0
AGZD.US,60,20201027,190000,46.886,46.886,46.791,46.791,1166,0
AGZD.US,60,20201027,200000,46.96,46.96,46.96,46.96,143,0
AGZD.US,60,20201027,210000,46.811,46.891,46.801,46.891,2282,0
AGZD.US,60,20201028,150000,46.88,46.881,46.851,46.861,4232,0
AGZD.US,60,20201028,170000,46.771,46.771,46.771,46.771,842,0
AGZD.US,60,20201028,180000,46.846,46.846,46.804,46.804,2585,0
AGZD.US,60,20201028,190000,46.819,46.821,46.761,46.821,9185,0
AGZD.US,60,20201028,200000,46.821,46.821,46.821,46.821,204,0
AGZD.US,60,20201028,210000,46.771,46.856,46.761,46.762,3952,0
AGZD.US,60,20201029,150000,46.881,46.881,46.881,46.881,1172,0
AGZD.US,60,20201029,160000,46.849,46.849,46.849,46.849,106,0
AGZD.US,60,20201029,180000,46.761,46.797,46.761,46.783,3017,0
AGZD.US,60,20201029,190000,46.761,46.801,46.761,46.761,5549,0
AGZD.US,60,20201030,150000,46.9,46.9,46.9,46.9,267,0
AGZD.US,60,20201030,190000,46.811,46.811,46.761,46.761,2330,0
AGZD.US,60,20201030,200000,46.809,46.809,46.804,46.804,1560,0
AGZD.US,60,20201030,210000,46.761,46.821,46.671,46.821,791,0
AGZD.US,60,20201102,160000,46.871,46.871,46.871,46.871,475,0
AGZD.US,60,20201102,170000,46.85,46.85,46.85,46.85,268,0
AGZD.US,60,20201102,190000,46.869,46.869,46.869,46.869,637,0
AGZD.US,60,20201102,200000,46.841,46.876,46.841,46.876,1374,0
AGZD.US,60,20201102,210000,46.781,46.781,46.751,46.751,200,0
AGZD.US,60,20201102,220000,46.825,46.891,46.731,46.731,36305,0
AGZD.US,60,20201103,160000,46.99,46.99,46.99,46.99,401,0
AGZD.US,60,20201103,170000,46.791,46.791,46.791,46.791,455,0
AGZD.US,60,20201103,180000,46.721,46.781,46.721,46.781,263,0
AGZD.US,60,20201103,200000,46.767,46.791,46.767,46.791,915,0
AGZD.US,60,20201103,210000,46.769,46.869,46.711,46.791,1669,0
AGZD.US,60,20201103,220000,46.731,46.9,46.731,46.801,1550,0
AGZD.US,60,20201104,160000,47,47.01,46.99,46.99,6098,0
AGZD.US,60,20201104,180000,46.945,46.955,46.891,46.955,676,0
AGZD.US,60,20201104,190000,46.881,46.929,46.871,46.929,473,0
AGZD.US,60,20201104,200000,46.935,46.94,46.935,46.94,1128,0
AGZD.US,60,20201104,220000,46.945,46.945,46.891,46.891,709,0
AGZD.US,60,20201105,160000,46.821,46.821,46.821,46.821,452,0
AGZD.US,60,20201105,170000,46.842,46.842,46.842,46.842,237,0
AGZD.US,60,20201105,180000,46.836,46.836,46.836,46.836,401,0
AGZD.US,60,20201105,190000,46.781,46.84,46.771,46.772,1339,0
AGZD.US,60,20201105,200000,46.821,46.821,46.821,46.821,149,0
AGZD.US,60,20201105,210000,46.771,46.817,46.771,46.817,301,0
AGZD.US,60,20201105,220000,46.821,46.821,46.786,46.791,1630,0
AGZD.US,60,20201106,160000,46.821,46.821,46.821,46.821,200,0
AGZD.US,60,20201106,170000,46.831,46.841,46.831,46.841,1002,0
AGZD.US,60,20201106,180000,46.861,46.891,46.861,46.881,1002,0
AGZD.US,60,20201106,190000,46.9,46.98,46.846,46.98,1980,0
AGZD.US,60,20201106,200000,46.811,47.03,46.811,47.02,1832,0
AGZD.US,60,20201106,210000,47.02,47.02,46.93,47.02,1660,0
AGZD.US,60,20201106,220000,47.02,47.02,46.832,47,6653,0
AGZD.US,60,20201109,160000,47.15,47.15,47.15,47.15,200,0
AGZD.US,60,20201109,180000,46.756,46.768,46.756,46.768,389,0
AGZD.US,60,20201109,190000,46.756,46.836,46.756,46.836,810,0
AGZD.US,60,20201109,200000,46.811,46.831,46.811,46.811,3573,0
AGZD.US,60,20201109,210000,46.824,46.871,46.781,46.811,7986,0
AGZD.US,60,20201109,220000,46.9,46.9,46.891,46.891,361,0
AGZD.US,60,20201110,160000,47.08,47.08,47.08,47.08,392,0
AGZD.US,60,20201110,170000,47.02,47.02,46.99,46.99,203,0
AGZD.US,60,20201110,180000,47.089,47.089,47.08,47.08,333,0
AGZD.US,60,20201110,190000,47.067,47.067,47.067,47.067,153,0
AGZD.US,60,20201110,200000,47.077,47.077,47.038,47.038,1275,0
AGZD.US,60,20201110,210000,47.064,47.067,47.033,47.067,2240,0
AGZD.US,60,20201110,220000,46.97,46.973,46.9,46.9,7176,0
AGZD.US,60,20201111,170000,46.91,46.958,46.91,46.958,665,0
AGZD.US,60,20201111,200000,46.919,46.919,46.91,46.91,265,0
AGZD.US,60,20201111,210000,46.91,47.02,46.91,47.018,3410,0
AGZD.US,60,20201111,220000,47.11,47.11,46.93,46.93,2570,0
AGZD.US,60,20201112,170000,47.02,47.1,47.02,47.037,561,0
AGZD.US,60,20201112,180000,46.97,47.035,46.97,47.035,1212,0
AGZD.US,60,20201112,190000,47.065,47.085,46.96,46.96,2981,0
AGZD.US,60,20201112,200000,47.027,47.07,46.96,47.035,13797,0
AGZD.US,60,20201112,210000,47.035,47.06,46.96,46.96,1874,0
AGZD.US,60,20201112,220000,46.987,47.035,46.881,46.93,2764,0
AGZD.US,60,20201113,170000,47,47,47,47,172,0
AGZD.US,60,20201113,180000,46.995,46.995,46.995,46.995,141,0
AGZD.US,60,20201113,190000,46.91,46.978,46.91,46.978,1112,0
AGZD.US,60,20201113,200000,46.995,47.01,46.912,47.01,4259,0
AGZD.US,60,20201113,210000,46.975,46.975,46.975,46.975,2195,0
AGZD.US,60,20201116,170000,46.891,46.987,46.891,46.987,272,0
AGZD.US,60,20201116,180000,46.871,46.871,46.871,46.871,401,0
AGZD.US,60,20201116,200000,46.971,46.984,46.882,46.97,5741,0
AGZD.US,60,20201116,210000,46.97,46.97,46.881,46.881,596,0
AGZD.US,60,20201116,220000,46.97,46.97,46.97,46.97,248,0
AGZD.US,60,20201117,180000,47.051,47.051,47.04,47.04,468,0
AGZD.US,60,20201117,190000,46.98,47.035,46.98,47.035,322,0
AGZD.US,60,20201117,200000,46.98,47.04,46.97,47.04,1873,0
AGZD.US,60,20201117,220000,46.98,47.02,46.97,47.02,1810,0
AGZD.US,60,20201118,190000,46.985,46.985,46.985,46.985,180,0
AGZD.US,60,20201118,200000,46.92,46.975,46.91,46.975,802,0
AGZD.US,60,20201118,210000,46.975,46.975,46.9,46.905,3778,0
AGZD.US,60,20201118,220000,46.905,46.91,46.9,46.9,5109,0
AGZD.US,60,20201119,160000,46.97,46.97,46.96,46.96,4659,0
AGZD.US,60,20201119,170000,47.072,47.072,47.06,47.06,499,0
AGZD.US,60,20201119,180000,47.06,47.06,47.06,47.06,144,0
AGZD.US,60,20201119,210000,47.048,47.096,47,47.096,1346,0
AGZD.US,60,20201119,220000,47.08,47.08,46.98,46.99,757,0
AGZD.US,60,20201120,170000,47.061,47.061,47.019,47.019,418,0
AGZD.US,60,20201120,180000,47.045,47.055,47.045,47.055,803,0
AGZD.US,60,20201120,200000,47.05,47.05,47.05,47.05,148,0
AGZD.US,60,20201120,210000,47.045,47.045,47.045,47.045,164,0
AGZD.US,60,20201120,220000,47.058,47.058,47.045,47.045,363,0
AGZD.US,60,20201123,160000,47.25,47.25,46.942,46.942,529,0
AGZD.US,60,20201123,170000,46.93,46.93,46.93,46.93,279,0
AGZD.US,60,20201123,180000,46.872,46.929,46.872,46.929,547,0
AGZD.US,60,20201123,190000,46.92,46.92,46.92,46.92,149,0
AGZD.US,60,20201123,200000,46.942,46.947,46.92,46.947,1287,0
AGZD.US,60,20201123,210000,46.907,46.907,46.907,46.907,401,0
AGZD.US,60,20201123,220000,46.92,46.927,46.851,46.891,1095,0
AGZD.US,60,20201124,160000,46.996,46.996,46.97,46.97,343,0
AGZD.US,60,20201124,170000,46.953,46.953,46.953,46.953,970,0
AGZD.US,60,20201124,180000,46.969,46.97,46.969,46.97,671,0
AGZD.US,60,20201124,190000,47.062,47.07,46.99,46.99,2283,0
AGZD.US,60,20201124,200000,46.995,47,46.92,46.92,685,0
AGZD.US,60,20201124,220000,46.92,47.01,46.91,46.94,1398,0
AGZD.US,60,20201125,160000,46.985,46.988,46.959,46.988,1015,0
AGZD.US,60,20201125,170000,46.975,46.975,46.871,46.93,455,0
AGZD.US,60,20201125,180000,46.98,46.98,46.98,46.98,1460,0
AGZD.US,60,20201125,190000,47.002,47.002,47.002,47.002,114,0
AGZD.US,60,20201125,200000,46.992,46.992,46.948,46.948,945,0
AGZD.US,60,20201125,220000,46.936,46.985,46.93,46.985,455,0
AGZD.US,60,20201127,160000,46.97,46.97,46.97,46.97,249,0
AGZD.US,60,20201127,170000,46.963,46.963,46.881,46.945,2148,0
AGZD.US,60,20201127,190000,46.97,47.006,46.881,47.006,1151,0
AGZD.US,60,20201127,200000,46.94,46.94,46.94,46.94,301,0
AGZD.US,60,20201130,160000,46.9,47.005,46.9,47.005,396,0
AGZD.US,60,20201130,170000,47.014,47.014,47.014,47.014,241,0
AGZD.US,60,20201130,180000,46.9,46.9,46.9,46.9,125,0
AGZD.US,60,20201130,190000,46.99,47.01,46.99,47.01,2949,0
AGZD.US,60,20201130,200000,46.995,46.995,46.91,46.983,2339,0
AGZD.US,60,20201130,210000,46.995,46.995,46.891,46.988,1898,0
AGZD.US,60,20201130,220000,46.91,47,46.9,46.97,2732,0
AGZD.US,60,20201201,160000,46.781,46.96,46.781,46.945,9018,0
AGZD.US,60,20201201,170000,47.056,47.056,47.056,47.056,176,0
AGZD.US,60,20201201,180000,46.97,47.065,46.97,47.065,556,0
AGZD.US,60,20201201,190000,47.103,47.103,47.05,47.05,817,0
AGZD.US,60,20201201,200000,47.081,47.081,47.05,47.05,2107,0
AGZD.US,60,20201201,210000,47,47.151,47,47.143,4870,0
AGZD.US,60,20201201,220000,47.17,47.17,47.02,47.02,21852,0
AGZD.US,60,20201202,170000,47.045,47.045,47.045,47.045,327,0
AGZD.US,60,20201202,180000,47.075,47.075,47.075,47.075,110,0
AGZD.US,60,20201202,190000,46.99,46.99,46.99,46.99,4404,0
AGZD.US,60,20201202,200000,46.99,46.99,46.99,46.99,1053,0
AGZD.US,60,20201202,210000,47.01,47.16,47,47.04,5412,0
AGZD.US,60,20201202,220000,47.08,47.08,47,47,301,0
AGZD.US,60,20201203,160000,47.05,47.05,47.05,47.05,400,0
AGZD.US,60,20201203,180000,47.038,47.05,47.038,47.047,684,0
AGZD.US,60,20201203,190000,47.11,47.11,47.01,47.051,4668,0
AGZD.US,60,20201203,200000,47,47.05,47,47.05,1106,0
AGZD.US,60,20201203,210000,47,47.064,47,47.01,3649,0
AGZD.US,60,20201203,220000,47.11,47.11,47.055,47.11,3294,0
AGZD.US,60,20201204,160000,47.21,47.21,47.03,47.06,574,0
AGZD.US,60,20201204,170000,47.133,47.133,47.133,47.133,269,0
AGZD.US,60,20201204,180000,47.125,47.138,47.052,47.052,765,0
AGZD.US,60,20201204,190000,47.065,47.108,47.038,47.108,436,0
AGZD.US,60,20201204,200000,47.118,47.128,47.03,47.03,4274,0
AGZD.US,60,20201204,210000,47.12,47.132,47.02,47.02,1067,0
AGZD.US,60,20201204,220000,47.125,47.219,47.119,47.2,5020,0
AGZD.US,60,20201207,170000,47.03,47.192,47.03,47.192,1215,0
AGZD.US,60,20201207,180000,47.04,47.04,47.04,47.04,200,0
AGZD.US,60,20201207,190000,47.04,47.04,47.04,47.04,200,0
AGZD.US,60,20201207,200000,47.04,47.05,47.04,47.045,4939,0
AGZD.US,60,20201207,210000,47.06,47.17,47.05,47.089,3453,0
AGZD.US,60,20201207,220000,47.03,47.178,47.03,47.03,1887,0
AGZD.US,60,20201208,160000,47.05,47.05,47.05,47.05,203,0
AGZD.US,60,20201208,170000,47.093,47.093,47.093,47.093,367,0
AGZD.US,60,20201208,180000,47.106,47.106,47.106,47.106,195,0
AGZD.US,60,20201208,200000,47.01,47.102,47.01,47.02,1797,0
AGZD.US,60,20201208,210000,47.145,47.145,47.145,47.145,100,0
AGZD.US,60,20201208,220000,47.02,47.085,47.02,47.085,1335,0
AGZD.US,60,20201209,160000,47.13,47.13,47.13,47.13,251,0
AGZD.US,60,20201209,170000,47.02,47.16,46.96,47.04,87233,0
AGZD.US,60,20201209,180000,47.105,47.105,47.105,47.105,307,0
AGZD.US,60,20201209,190000,47.02,47.115,47.01,47.08,2069,0
AGZD.US,60,20201209,200000,47.01,47.068,47.01,47.068,589,0
AGZD.US,60,20201209,210000,47.075,47.075,47.075,47.075,446,0
AGZD.US,60,20201209,220000,47.01,47.082,47.01,47.075,890,0
AGZD.US,60,20201210,160000,47.01,47.049,47.01,47.01,4832,0
AGZD.US,60,20201210,170000,47.045,47.051,47.01,47.01,38684,0
AGZD.US,60,20201210,180000,47.015,47.02,47.01,47.015,3137,0
AGZD.US,60,20201210,190000,46.94,46.975,46.93,46.94,1304,0
AGZD.US,60,20201210,200000,46.96,46.96,46.96,46.96,1346,0
AGZD.US,60,20201210,210000,46.94,46.958,46.94,46.958,936,0
AGZD.US,60,20201210,220000,46.935,46.99,46.93,46.98,5795,0
AGZD.US,60,20201211,160000,46.96,46.96,46.955,46.955,616,0
AGZD.US,60,20201211,170000,46.948,46.948,46.948,46.948,239,0
AGZD.US,60,20201211,180000,46.921,46.987,46.921,46.958,537,0
AGZD.US,60,20201211,190000,46.98,46.98,46.96,46.96,3044,0
AGZD.US,60,20201211,200000,46.95,46.96,46.95,46.96,20843,0
AGZD.US,60,20201211,210000,46.945,46.97,46.93,46.97,1431,0
AGZD.US,60,20201211,220000,46.925,46.97,46.92,46.96,2543,0
AGZD.US,60,20201214,170000,46.952,46.952,46.952,46.952,118,0
AGZD.US,60,20201214,180000,46.95,46.96,46.931,46.958,6019,0
AGZD.US,60,20201214,210000,46.956,46.956,46.956,46.956,195,0
AGZD.US,60,20201214,220000,46.935,46.99,46.935,46.96,1168,0
AGZD.US,60,20201215,160000,47,47,47,47,100,0
AGZD.US,60,20201215,170000,46.963,46.963,46.963,46.963,224,0
AGZD.US,60,20201215,180000,46.961,46.961,46.951,46.96,1089,0
AGZD.US,60,20201215,190000,46.961,46.961,46.95,46.95,3738,0
AGZD.US,60,20201215,200000,46.96,46.96,46.96,46.96,622,0
AGZD.US,60,20201215,210000,46.952,46.965,46.952,46.965,1247,0
AGZD.US,60,20201215,220000,46.966,46.97,46.96,46.96,2989,0
AGZD.US,60,20201216,160000,46.953,46.953,46.95,46.95,865,0
AGZD.US,60,20201216,170000,46.97,46.97,46.941,46.941,1595,0
AGZD.US,60,20201216,180000,46.956,46.956,46.956,46.956,306,0
AGZD.US,60,20201216,200000,46.96,46.96,46.942,46.956,2611,0
AGZD.US,60,20201216,210000,46.97,46.98,46.97,46.98,721,0
AGZD.US,60,20201216,220000,47.077,47.15,47,47,735,0
AGZD.US,60,20201217,160000,47.06,47.06,47.06,47.06,243,0
AGZD.US,60,20201217,170000,47.06,47.083,46.98,47.083,704,0
AGZD.US,60,20201217,180000,47.086,47.086,47.045,47.045,603,0
AGZD.US,60,20201217,190000,47,47.059,47,47.059,200,0
AGZD.US,60,20201217,200000,47,47,47,47,116,0
AGZD.US,60,20201217,210000,46.98,47,46.98,46.98,401,0
AGZD.US,60,20201217,220000,47.052,47.052,47.052,47.052,173,0
AGZD.US,60,20201218,190000,47.084,47.084,47,47.063,991,0
AGZD.US,60,20201218,200000,47.01,47.097,47.01,47.097,2776,0
AGZD.US,60,20201218,220000,46.995,47.085,46.99,47.05,1237,0
AGZD.US,60,20201221,160000,46.851,47.058,46.851,47.058,804,0
AGZD.US,60,20201221,170000,47.01,47.01,47.01,47.01,257,0
AGZD.US,60,20201221,180000,46.91,46.91,46.91,46.91,100,0
AGZD.US,60,20201221,190000,46.91,46.91,46.891,46.91,862,0
AGZD.US,60,20201221,200000,46.96,46.96,46.918,46.918,514,0
AGZD.US,60,20201221,220000,46.93,46.95,46.9,46.95,667,0
AGZD.US,60,20201222,160000,47.09,47.09,47.09,47.09,701,0
AGZD.US,60,20201222,170000,46.91,46.91,46.91,46.91,100,0
AGZD.US,60,20201222,180000,46.995,47.041,46.995,47.041,610,0
AGZD.US,60,20201222,190000,46.91,46.999,46.893,46.999,1595,0
AGZD.US,60,20201222,200000,47.007,47.098,46.91,46.92,6900,0
AGZD.US,60,20201222,210000,47.005,47.005,46.92,46.979,461,0
AGZD.US,60,20201222,220000,46.915,46.989,46.91,46.981,2845,0
AGZD.US,60,20201223,160000,47.011,47.011,47.011,47.011,109,0
AGZD.US,60,20201223,170000,46.999,46.999,46.999,46.999,465,0
AGZD.US,60,20201223,180000,46.948,46.948,46.91,46.91,236,0
AGZD.US,60,20201223,190000,46.936,47,46.936,47,249,0
AGZD.US,60,20201223,200000,46.951,46.951,46.93,46.93,1383,0
AGZD.US,60,20201223,210000,46.99,47,46.99,47,650,0
AGZD.US,60,20201223,220000,46.93,46.99,46.92,46.99,2338,0
AGZD.US,60,20201224,160000,46.999,46.999,46.999,46.999,478,0
AGZD.US,60,20201224,170000,46.976,46.976,46.976,46.976,172,0
AGZD.US,60,20201224,180000,47.01,47.01,47.01,47.01,620,0
AGZD.US,60,20201224,190000,46.92,47.01,46.92,46.989,509,0
AGZD.US,60,20201224,200000,47.005,47.005,47.005,47.005,0,0
AGZD.US,60,20201228,160000,47.36,47.36,47.36,47.36,216,0
AGZD.US,60,20201228,170000,46.993,46.993,46.993,46.993,229,0
AGZD.US,60,20201228,190000,47.011,47.044,47.011,47.044,1106,0
AGZD.US,60,20201228,200000,47.01,47.11,47.01,47.11,893,0
AGZD.US,60,20201228,210000,46.93,47.015,46.92,47.015,484,0
AGZD.US,60,20201228,220000,46.989,47.007,46.989,47.007,783,0
AGZD.US,60,20201229,170000,47.03,47.03,47.011,47.021,415,0
AGZD.US,60,20201229,180000,46.95,46.994,46.95,46.994,1002,0
AGZD.US,60,20201229,190000,46.95,46.95,46.94,46.94,1115,0
AGZD.US,60,20201229,200000,47.01,47.01,46.931,46.966,719,0
AGZD.US,60,20201229,210000,46.95,46.95,46.94,46.94,2137,0
AGZD.US,60,20201229,220000,46.95,46.99,46.93,46.99,1724,0
AGZD.US,60,20201230,190000,47.02,47.031,47.02,47.031,381,0
AGZD.US,60,20201230,200000,47.035,47.035,47.009,47.009,308,0
AGZD.US,60,20201230,210000,46.96,47.017,46.96,46.96,505,0
AGZD.US,60,20201230,220000,46.997,47.01,46.96,47.01,723,0
AGZD.US,60,20201231,160000,47.14,47.14,47.14,47.14,122,0
AGZD.US,60,20201231,170000,47.06,47.06,47.06,47.06,244,0
AGZD.US,60,20201231,180000,47.045,47.045,47.045,47.045,349,0
AGZD.US,60,20201231,200000,47.047,47.047,47.047,47.047,157,0
AGZD.US,60,20201231,220000,46.96,47.05,46.95,47.04,1207,0
AGZD.US,60,20210104,180000,47.049,47.049,47.049,47.049,180,0
AGZD.US,60,20210104,200000,47.055,47.055,46.97,46.97,1420,0
AGZD.US,60,20210104,210000,47.02,47.079,47.006,47.055,2864,0
AGZD.US,60,20210104,220000,47.021,47.15,46.96,47.15,12233,0
AGZD.US,60,20210105,170000,47.044,47.044,47.044,47.044,230,0
AGZD.US,60,20210105,190000,47.1,47.149,47.1,47.149,327,0
AGZD.US,60,20210105,200000,47.112,47.112,47.112,47.112,595,0
AGZD.US,60,20210105,210000,47.11,47.11,47.11,47.11,100,0
AGZD.US,60,20210106,170000,46.94,46.94,46.94,46.94,178626,0
AGZD.US,60,20210106,190000,47.02,47.04,47.02,47.04,1589,0
AGZD.US,60,20210106,200000,47.04,47.04,47.04,47.04,232,0
AGZD.US,60,20210106,210000,47.045,47.14,47.045,47.045,486,0
AGZD.US,60,20210106,220000,47.045,47.045,47.008,47.008,523,0
AGZD.US,60,20210107,170000,47.04,47.068,47.04,47.068,906,0
AGZD.US,60,20210107,200000,47.068,47.07,47.068,47.07,580,0
AGZD.US,60,20210107,210000,47.055,47.085,47.055,47.085,323,0
AGZD.US,60,20210107,220000,47.085,47.085,47.085,47.085,276,0
AGZD.US,60,20210108,170000,47.12,47.12,46.931,46.931,1454,0
AGZD.US,60,20210108,180000,46.933,47.042,46.933,47.042,505,0
AGZD.US,60,20210108,200000,47.04,47.04,46.999,47.04,1024,0
AGZD.US,60,20210108,220000,47.024,47.024,47.024,47.024,588,0
AGZD.US,60,20210111,180000,47.045,47.045,47.045,47.045,356,0
AGZD.US,60,20210111,200000,47.045,47.052,46.942,47.045,1853,0
AGZD.US,60,20210111,210000,47.04,47.04,47.04,47.04,101,0
AGZD.US,60,20210111,220000,47.063,47.129,46.94,47.129,541,0
AGZD.US,60,20210112,160000,46.91,47.084,46.91,47.04,8282,0
AGZD.US,60,20210112,170000,46.95,47.035,46.91,46.91,21067,0
AGZD.US,60,20210112,180000,46.913,47.024,46.841,46.945,42372,0
AGZD.US,60,20210112,190000,46.861,46.945,46.861,46.883,8292,0
AGZD.US,60,20210112,200000,46.891,46.97,46.891,46.97,610,0
AGZD.US,60,20210112,210000,46.95,47.04,46.861,47.04,64779,0
AGZD.US,60,20210112,220000,46.95,47.04,46.876,46.99,19982,0
AGZD.US,60,20210113,170000,46.927,46.941,46.861,46.861,1854,0
AGZD.US,60,20210113,190000,46.955,46.997,46.861,46.861,812,0
AGZD.US,60,20210113,200000,46.955,46.995,46.851,46.851,1613,0
AGZD.US,60,20210113,220000,46.955,47.06,46.955,47.05,1119,0
AGZD.US,60,20210114,170000,47.005,47.005,47.005,47.005,664,0
AGZD.US,60,20210114,190000,47.058,47.14,47.058,47.14,2116,0
AGZD.US,60,20210114,200000,47.14,47.14,47.038,47.038,1227,0
AGZD.US,60,20210114,210000,47.11,47.11,47.029,47.029,1382,0
AGZD.US,60,20210114,220000,47.055,47.14,47.055,47.09,521,0
AGZD.US,60,20210115,170000,46.941,46.941,46.941,46.941,944,0
AGZD.US,60,20210115,180000,46.941,47.05,46.941,47.05,418,0
AGZD.US,60,20210115,200000,47.051,47.051,46.941,47.05,3832,0
AGZD.US,60,20210115,210000,47.092,47.092,47.092,47.092,119,0
AGZD.US,60,20210115,220000,47.05,47.05,46.941,47.02,22515,0
AGZD.US,60,20210119,160000,46.92,46.92,46.92,46.92,156,0
AGZD.US,60,20210119,170000,47.125,47.125,47.125,47.125,149,0
AGZD.US,60,20210119,180000,47.103,47.13,47.103,47.13,423,0
AGZD.US,60,20210119,200000,47.21,47.23,47.13,47.13,1954,0
AGZD.US,60,20210119,210000,47.13,47.23,47.13,47.134,4714,0
AGZD.US,60,20210119,220000,47.03,47.23,47.03,47.13,1769,0
AGZD.US,60,20210120,170000,47.172,47.26,47.128,47.26,1073,0
AGZD.US,60,20210120,180000,47.24,47.24,47.24,47.24,100,0
AGZD.US,60,20210120,190000,47.26,47.26,47.26,47.26,100,0
AGZD.US,60,20210120,200000,47.249,47.26,47.249,47.26,1231,0
AGZD.US,60,20210120,210000,47.118,47.118,47.118,47.118,421,0
AGZD.US,60,20210120,220000,47.26,47.26,47.13,47.13,577,0
AGZD.US,60,20210121,160000,47.25,47.25,47.25,47.25,922,0
AGZD.US,60,20210121,170000,47.146,47.17,47.146,47.17,413,0
AGZD.US,60,20210121,180000,47.187,47.187,47.16,47.16,1040,0
AGZD.US,60,20210121,190000,47.25,47.25,47.171,47.25,1856,0
AGZD.US,60,20210121,200000,47.16,47.258,47.143,47.16,1470,0
AGZD.US,60,20210121,210000,47.16,47.16,47.16,47.16,401,0
AGZD.US,60,20210122,160000,47.21,47.21,47.21,47.21,340,0
AGZD.US,60,20210122,170000,47.155,47.155,47.155,47.155,108,0
AGZD.US,60,20210122,180000,47.126,47.126,47.117,47.117,976,0
AGZD.US,60,20210122,190000,47.155,47.155,47.155,47.155,214,0
AGZD.US,60,20210122,200000,47.115,47.189,47.06,47.189,3703,0
AGZD.US,60,20210122,210000,47.155,47.155,47.155,47.155,390,0
AGZD.US,60,20210122,220000,47.23,47.24,47.153,47.153,2004,0
AGZD.US,60,20210125,180000,47.1755,47.1755,47.1755,47.1755,276,0
AGZD.US,60,20210125,190000,47.23,47.2394,47.23,47.23,1696,0
AGZD.US,60,20210125,200000,47.15,47.23,47.0601,47.193,4991,0
AGZD.US,60,20210125,210000,47.23,47.23,47.07,47.07,3816,0
AGZD.US,60,20210125,220000,47.15,47.23,47.07,47.2221,15217,0
AGZD.US,60,20210126,160000,47.47,47.47,47.47,47.47,1084,0
AGZD.US,60,20210126,170000,47.1375,47.23,47.1375,47.23,14195,0
AGZD.US,60,20210126,180000,47.15,47.23,47.15,47.23,6525,0
AGZD.US,60,20210126,190000,47.231,47.24,47.15,47.2085,6973,0
AGZD.US,60,20210126,200000,47.24,47.24,47.1163,47.15,3996,0
AGZD.US,60,20210126,210000,47.239,47.24,47.1405,47.2399,14065,0
AGZD.US,60,20210126,220000,47.24,47.24,47.1112,47.2313,17151,0
AGZD.US,60,20210127,170000,47.23,47.24,47.141,47.236,10139,0
AGZD.US,60,20210127,180000,47.141,47.24,47.141,47.239,12458,0
AGZD.US,60,20210127,190000,47.24,47.24,47.2085,47.2085,525,0
AGZD.US,60,20210127,200000,47.15,47.15,47.15,47.15,201,0
AGZD.US,60,20210127,210000,47.186,47.186,47.186,47.186,540,0
AGZD.US,60,20210127,220000,47.0618,47.12,47.0618,47.12,482,0
AGZD.US,60,20210128,160000,47.1172,47.1172,47.1172,47.1172,226,0
AGZD.US,60,20210128,170000,47.1363,47.14,47.1363,47.14,631,0
AGZD.US,60,20210128,180000,47.1415,47.1415,47.1415,47.1415,159,0
AGZD.US,60,20210128,200000,47.215,47.215,47.215,47.215,100,0
AGZD.US,60,20210128,220000,47.2899,47.2899,47.2899,47.2899,111,0
AGZD.US,60,20210129,190000,47.22,47.22,47.22,47.22,396,0
AGZD.US,60,20210129,200000,47.31,47.31,47.31,47.31,100,0
AGZD.US,60,20210129,210000,47.22,47.22,47.17,47.22,600,0
AGZD.US,60,20210129,220000,47.1647,47.31,47.1647,47.29,1944,0
AGZD.US,60,20210201,190000,47.289,47.289,47.289,47.289,1000,0
AGZD.US,60,20210201,200000,47.2641,47.2641,47.1839,47.1839,1112,0
AGZD.US,60,20210201,210000,47.31,47.31,47.31,47.31,38326,0
AGZD.US,60,20210201,220000,47.35,47.36,47.26,47.28,1246,0
AGZD.US,60,20210202,170000,47.27,47.27,47.27,47.27,221,0
AGZD.US,60,20210202,200000,47.292,47.292,47.2747,47.2747,1224,0
AGZD.US,60,20210202,220000,47.275,47.33,47.275,47.33,1596,0
AGZD.US,60,20210203,160000,47.16,47.335,47.16,47.335,497,0
AGZD.US,60,20210203,180000,47.28,47.28,47.28,47.28,208,0
AGZD.US,60,20210203,190000,47.37,47.39,47.37,47.38,5800,0
AGZD.US,60,20210203,200000,47.305,47.305,47.305,47.305,1893,0
AGZD.US,60,20210203,210000,47.38,47.38,47.38,47.38,100,0
AGZD.US,60,20210203,220000,47.34,47.34,47.34,47.34,1248,0
AGZD.US,60,20210204,170000,47.37,47.3885,47.28,47.2841,3212,0
AGZD.US,60,20210204,180000,47.18,47.2846,47.18,47.2085,871,0
AGZD.US,60,20210204,190000,47.28,47.28,47.28,47.28,712,0
AGZD.US,60,20210204,200000,47.28,47.28,47.28,47.28,949,0
AGZD.US,60,20210204,210000,47.28,47.3017,47.28,47.3003,846,0
AGZD.US,60,20210204,220000,47.3346,47.3346,47.3346,47.3346,2000,0
AGZD.US,60,20210205,160000,47.3762,47.3762,47.3762,47.3762,193,0
AGZD.US,60,20210205,170000,47.3803,47.3803,47.3661,47.3661,2475,0
AGZD.US,60,20210205,180000,47.4,47.4196,47.355,47.4,3391,0
AGZD.US,60,20210205,190000,47.355,47.4187,47.3211,47.3211,1700,0
AGZD.US,60,20210205,200000,47.3461,47.4,47.2913,47.34,1556,0
AGZD.US,60,20210205,210000,47.3686,47.4,47.3686,47.4,2103,0
AGZD.US,60,20210205,220000,47.3851,47.4,47.34,47.34,1475,0
AGZD.US,60,20210208,170000,47.39,47.3988,47.2901,47.34,1200,0
AGZD.US,60,20210208,180000,47.373,47.373,47.373,47.373,123,0
AGZD.US,60,20210208,190000,47.39,47.4,47.39,47.39,4851,0
AGZD.US,60,20210208,200000,47.39,47.39,47.39,47.39,2431,0
AGZD.US,60,20210208,210000,47.3898,47.39,47.3117,47.3117,1441,0
AGZD.US,60,20210208,220000,47.325,47.3994,47.325,47.3985,2685,0
AGZD.US,60,20210209,170000,47.32,47.32,47.32,47.32,123,0
AGZD.US,60,20210209,180000,47.32,47.32,47.32,47.32,214,0
AGZD.US,60,20210209,200000,47.3929,47.3929,47.3929,47.3929,800,0
AGZD.US,60,20210209,210000,47.41,47.4285,47.32,47.41,628,0
AGZD.US,60,20210209,220000,47.32,47.32,47.32,47.32,303,0
AGZD.US,60,20210210,160000,47.42,47.4385,47.42,47.42,491,0
AGZD.US,60,20210210,210000,47.33,47.3377,47.33,47.3377,426,0
AGZD.US,60,20210210,220000,47.42,47.4394,47.36,47.36,1056,0
AGZD.US,60,20210211,170000,47.43,47.43,47.3697,47.3697,200,0
AGZD.US,60,20210211,180000,47.43,47.43,47.362,47.362,497,0
AGZD.US,60,20210211,190000,47.42,47.45,47.42,47.45,1256,0
AGZD.US,60,20210211,200000,47.42,47.45,47.2525,47.45,2505,0
AGZD.US,60,20210211,210000,47.43,47.45,47.43,47.45,400,0
AGZD.US,60,20210211,220000,47.35,47.42,47.35,47.35,3107,0
AGZD.US,60,20210212,160000,47.42,47.42,47.3663,47.3663,1745,0
AGZD.US,60,20210212,190000,47.3464,47.3464,47.3464,47.3464,218,0
AGZD.US,60,20210212,200000,47.335,47.335,47.335,47.335,1145,0
AGZD.US,60,20210212,220000,47.36,47.36,47.36,47.36,200,0
AGZD.US,60,20210216,160000,47.37,47.37,47.37,47.37,345,0
AGZD.US,60,20210216,180000,47.32,47.32,47.32,47.32,271,0
AGZD.US,60,20210216,190000,47.3342,47.3342,47.3342,47.3342,549,0
AGZD.US,60,20210216,200000,47.32,47.32,47.25,47.32,3513,0
AGZD.US,60,20210216,210000,47.32,47.355,47.32,47.355,314,0
AGZD.US,60,20210216,220000,47.3201,47.38,47.32,47.38,532,0
AGZD.US,60,20210217,160000,47.67,47.67,47.67,47.67,617,0
AGZD.US,60,20210217,170000,47.39,47.3979,47.39,47.3932,1488,0
AGZD.US,60,20210217,180000,47.36,47.36,47.26,47.26,800,0
AGZD.US,60,20210217,190000,47.3703,47.3703,47.3703,47.3703,212,0
AGZD.US,60,20210217,200000,47.33,47.33,47.33,47.33,211,0
AGZD.US,60,20210217,210000,47.405,47.41,47.3179,47.3179,628,0
AGZD.US,60,20210217,220000,47.33,47.34,47.33,47.34,27453,0
AGZD.US,60,20210218,160000,47.46,47.46,47.46,47.46,159,0
AGZD.US,60,20210218,170000,47.4679,47.4679,47.4679,47.4679,789,0
AGZD.US,60,20210218,190000,47.368,47.368,47.365,47.365,375,0
AGZD.US,60,20210218,200000,47.365,47.365,47.26,47.26,784,0
AGZD.US,60,20210218,210000,47.365,47.365,47.2902,47.2902,900,0
AGZD.US,60,20210218,220000,47.3339,47.3339,47.2601,47.2601,2105,0
AGZD.US,60,20210219,170000,47.3753,47.3753,47.3753,47.3753,360,0
AGZD.US,60,20210219,190000,47.355,47.355,47.355,47.355,220,0
AGZD.US,60,20210219,200000,47.3197,47.355,47.3197,47.355,265,0
AGZD.US,60,20210222,160000,47.26,47.26,47.26,47.26,100,0
AGZD.US,60,20210222,170000,47.295,47.295,47.295,47.295,1020,0
AGZD.US,60,20210222,190000,47.25,47.2608,47.169,47.169,600,0
AGZD.US,60,20210222,200000,47.2302,47.316,47.16,47.25,6491,0
AGZD.US,60,20210222,210000,47.25,47.34,47.16,47.286,5280,0
AGZD.US,60,20210222,220000,47.245,47.245,47.17,47.225,410,0
AGZD.US,60,20210223,160000,47.1601,47.1601,47.1601,47.1601,3170,0
AGZD.US,60,20210223,170000,47.161,47.237,47.16,47.2074,11566,0
AGZD.US,60,20210223,180000,47.167,47.167,47.16,47.16,257,0
AGZD.US,60,20210223,190000,47.2187,47.2187,47.2187,47.2187,167,0
AGZD.US,60,20210223,200000,47.16,47.2803,47.16,47.1601,4093,0
AGZD.US,60,20210223,220000,47.2256,47.23,47.2256,47.23,481,0
AGZD.US,60,20210224,170000,47.23,47.23,47.23,47.23,200,0
AGZD.US,60,20210224,180000,47.2,47.2,47.1608,47.1608,1040,0
AGZD.US,60,20210224,190000,47.166,47.166,47.166,47.166,265,0
AGZD.US,60,20210224,200000,47.17,47.17,47.16,47.16,3774,0
AGZD.US,60,20210224,210000,47.1744,47.1744,47.1744,47.1744,179,0
AGZD.US,60,20210224,220000,47.17,47.1751,47.16,47.17,6658,0
AGZD.US,60,20210225,160000,47.19,47.19,47.19,47.19,274,0
AGZD.US,60,20210225,170000,47.14,47.14,47.14,47.14,697,0
AGZD.US,60,20210225,180000,47.179,47.3,47.14,47.3,10666,0
AGZD.US,60,20210225,190000,47.2333,47.25,47.2333,47.25,831,0
AGZD.US,60,20210225,200000,47.25,47.35,47.2,47.34,7609,0
AGZD.US,60,20210225,210000,47.34,47.35,47.2645,47.2645,1335,0
AGZD.US,60,20210225,220000,47.345,47.35,47.275,47.34,3063,0
AGZD.US,60,20210226,170000,47.204,47.204,47.204,47.204,201,0
AGZD.US,60,20210226,180000,47.385,47.385,47.385,47.385,165,0
AGZD.US,60,20210226,190000,47.2787,47.28,47.25,47.28,1176,0
AGZD.US,60,20210226,200000,47.27,47.27,47.2572,47.2572,200,0
AGZD.US,60,20210226,220000,47.28,47.29,47.1312,47.29,762,0
AGZD.US,60,20210301,170000,47.395,47.395,47.395,47.395,238,0
AGZD.US,60,20210301,180000,47.34,47.3694,47.34,47.3694,547,0
AGZD.US,60,20210301,200000,47.4,47.42,47.3654,47.3654,183893,0
AGZD.US,60,20210301,210000,47.4002,47.455,47.29,47.294,4209,0
AGZD.US,60,20210301,220000,47.3201,47.3497,47.29,47.3497,837,0
AGZD.US,60,20210302,160000,47.25,47.2878,47.25,47.281,5207,0
AGZD.US,60,20210302,180000,47.2986,47.2986,47.2986,47.2986,214,0
AGZD.US,60,20210302,200000,47.295,47.295,47.295,47.295,253,0
AGZD.US,60,20210302,210000,47.35,47.35,47.21,47.22,25301,0
AGZD.US,60,20210302,220000,47.3,47.3,47.3,47.3,1552,0
AGZD.US,60,20210303,170000,47.23,47.24,47.23,47.2397,998,0
AGZD.US,60,20210303,180000,47.24,47.36,47.2365,47.36,2458,0
AGZD.US,60,20210303,190000,47.2948,47.2948,47.2948,47.2948,3000,0
AGZD.US,60,20210303,200000,47.29,47.29,47.29,47.29,315,0
AGZD.US,60,20210303,210000,47.306,47.318,47.3006,47.3006,1802,0
AGZD.US,60,20210303,220000,47.32,47.36,47.3,47.33,26127,0
AGZD.US,60,20210304,160000,47.21,47.21,47.21,47.21,103,0
AGZD.US,60,20210304,180000,47.3199,47.3199,47.318,47.3192,1916,0
AGZD.US,60,20210304,200000,47.2848,47.2848,47.24,47.24,1969,0
AGZD.US,60,20210304,210000,47.2869,47.2869,47.2869,47.2869,2004,0
AGZD.US,60,20210304,220000,47.2812,47.2819,47.24,47.2819,3768,0
AGZD.US,60,20210305,180000,47.31,47.31,47.31,47.31,16981,0
AGZD.US,60,20210305,190000,47.2132,47.58,47.2132,47.4564,8286,0
AGZD.US,60,20210305,200000,47.37,47.4012,47.15,47.37,2281,0
AGZD.US,60,20210305,210000,47.3069,47.36,47.3069,47.36,575,0
AGZD.US,60,20210305,220000,47.255,47.36,47.2498,47.35,5125,0
AGZD.US,60,20210308,160000,47.32,47.32,47.254,47.254,2467,0
AGZD.US,60,20210308,170000,47.47,47.47,47.27,47.38,1206,0
AGZD.US,60,20210308,190000,47.281,47.34,47.2776,47.34,13306,0
AGZD.US,60,20210308,200000,47.34,47.36,47.285,47.36,45674,0
AGZD.US,60,20210308,210000,47.3166,47.35,47.262,47.35,5488,0
AGZD.US,60,20210308,220000,47.35,47.35,47.29,47.31,2651,0
AGZD.US,60,20210309,160000,47.31,47.31,47.2583,47.2583,1201,0
AGZD.US,60,20210309,170000,47.245,47.245,47.245,47.245,206,0
AGZD.US,60,20210309,180000,47.245,47.3283,47.184,47.245,2973,0
AGZD.US,60,20210309,190000,47.2484,47.32,47.245,47.318,4654,0
AGZD.US,60,20210309,200000,47.245,47.2614,47.245,47.2614,531,0
AGZD.US,60,20210309,210000,47.245,47.33,47.245,47.33,7617,0
AGZD.US,60,20210309,220000,47.355,47.36,47.26,47.26,852,0
AGZD.US,60,20210310,160000,47.37,47.37,47.37,47.37,201,0
AGZD.US,60,20210310,170000,47.37,47.37,47.345,47.3599,641,0
AGZD.US,60,20210310,180000,47.36,47.38,47.345,47.37,1767,0
AGZD.US,60,20210310,190000,47.355,47.36,47.34,47.355,56442,0
AGZD.US,60,20210310,200000,47.36,47.37,47.28,47.28,4664,0
AGZD.US,60,20210310,210000,47.36,47.37,47.338,47.37,5812,0
AGZD.US,60,20210310,220000,47.365,47.38,47.2519,47.285,27196,0
AGZD.US,60,20210311,160000,47.37,47.39,47.37,47.39,1121,0
AGZD.US,60,20210311,170000,47.37,47.37,47.264,47.264,1506,0
AGZD.US,60,20210311,180000,47.38,47.3823,47.3084,47.3084,3607,0
AGZD.US,60,20210311,190000,47.38,47.38,47.38,47.38,735,0
AGZD.US,60,20210311,200000,47.38,47.38,47.305,47.305,1442,0
AGZD.US,60,20210311,210000,47.3687,47.3823,47.2743,47.35,1928,0
AGZD.US,60,20210311,220000,47.34,47.35,47.34,47.35,2934,0
AGZD.US,60,20210312,160000,47.44,47.44,47.44,47.44,1055,0
AGZD.US,60,20210312,170000,47.4383,47.4383,47.27,47.27,726,0
AGZD.US,60,20210312,180000,47.23,47.37,47.23,47.36,1969,0
AGZD.US,60,20210312,190000,47.3026,47.36,47.3026,47.33,4189,0
AGZD.US,60,20210312,200000,47.295,47.3698,47.295,47.295,2778,0
AGZD.US,60,20210312,210000,47.295,47.295,47.295,47.295,500,0
AGZD.US,60,20210312,220000,47.36,47.37,47.295,47.3066,3865,0
AGZD.US,60,20210315,150000,47.37,47.37,47.37,47.37,126,0
AGZD.US,60,20210315,160000,47.33,47.33,47.33,47.33,179,0
AGZD.US,60,20210315,170000,47.3499,47.3499,47.322,47.322,1931,0
AGZD.US,60,20210315,180000,47.33,47.349,47.33,47.338,2540,0
AGZD.US,60,20210315,190000,47.338,47.3405,47.322,47.3269,1708,0
AGZD.US,60,20210315,200000,47.33,47.33,47.33,47.33,235,0
AGZD.US,60,20210315,210000,47.338,47.3496,47.32,47.34,1430,0
AGZD.US,60,20210316,150000,47.29,47.29,47.29,47.29,430,0
AGZD.US,60,20210316,160000,47.32,47.349,47.32,47.349,3075,0
AGZD.US,60,20210316,190000,47.32,47.32,47.305,47.305,3126,0
AGZD.US,60,20210317,150000,47.28,47.28,47.28,47.28,199,0
AGZD.US,60,20210317,160000,47.252,47.2763,47.2445,47.2763,3416,0
AGZD.US,60,20210317,180000,47.25,47.25,47.25,47.25,4924,0
AGZD.US,60,20210317,190000,47.26,47.26,47.26,47.26,100,0
AGZD.US,60,20210317,200000,47.26,47.27,47.26,47.27,3625,0
AGZD.US,60,20210317,210000,47.3299,47.33,47.295,47.33,7782,0
AGZD.US,60,20210318,150000,47.2759,47.2759,47.2759,47.2759,353,0
AGZD.US,60,20210318,160000,47.275,47.3,47.275,47.3,453,0
AGZD.US,60,20210318,170000,47.29,47.36,47.29,47.348,16001,0
AGZD.US,60,20210318,180000,47.346,47.35,47.346,47.35,606,0
AGZD.US,60,20210318,190000,47.35,47.35,47.315,47.35,1702,0
AGZD.US,60,20210318,200000,47.31,47.36,47.1,47.31,313747,0
AGZD.US,60,20210318,210000,47.3,47.31,47.2547,47.2547,2342,0
AGZD.US,60,20210319,150000,47.18,47.18,47.18,47.18,200,0
AGZD.US,60,20210319,160000,47.16,47.18,47.15,47.18,19248,0
AGZD.US,60,20210319,170000,47.09,47.1782,47,47,3687,0
AGZD.US,60,20210319,190000,47.143,47.15,47.0101,47.0101,6558,0
AGZD.US,60,20210319,200000,47.14,47.15,47.07,47.14,25392,0
AGZD.US,60,20210319,210000,47.1106,47.16,47.1106,47.1209,13608,0
AGZD.US,60,20210322,160000,47.12,47.12,47.1,47.1,744,0
AGZD.US,60,20210322,170000,47.09,47.1087,47.09,47.1087,2609,0
AGZD.US,60,20210322,180000,47.085,47.085,46.97,46.97,2318,0
AGZD.US,60,20210322,190000,47.035,47.035,47.035,47.035,100,0
AGZD.US,60,20210322,200000,47.0656,47.1,46.98,46.995,18135,0
AGZD.US,60,20210322,210000,47.08,47.16,47.0397,47.1,10970,0
AGZD.US,60,20210323,150000,47.0453,47.21,47.008,47.19,66777,0
AGZD.US,60,20210323,160000,47.045,47.09,47.045,47.09,906,0
AGZD.US,60,20210323,170000,47.095,47.14,47.0793,47.117,1365,0
AGZD.US,60,20210323,180000,47.0663,47.0663,47.0413,47.0413,666,0
AGZD.US,60,20210323,190000,47.1,47.1,47.063,47.0767,1025,0
AGZD.US,60,20210323,200000,47.14,47.14,47.0706,47.105,647,0
AGZD.US,60,20210323,210000,47.1,47.13,47.1,47.13,1704,0
AGZD.US,60,20210324,150000,47.13,47.13,47.13,47.13,400,0
AGZD.US,60,20210324,160000,47.035,47.035,47.035,47.035,256,0
AGZD.US,60,20210324,170000,47.01,47.02,47.01,47.012,795,0
AGZD.US,60,20210324,180000,47.0515,47.105,47.049,47.105,1324,0
AGZD.US,60,20210324,190000,47.095,47.1,47.095,47.1,842,0
AGZD.US,60,20210324,200000,47.13,47.14,47.13,47.13,1430,0
AGZD.US,60,20210324,210000,47.15,47.16,47.13,47.13,1286,0
AGZD.US,60,20210325,160000,47.205,47.205,47.058,47.058,3491,0
AGZD.US,60,20210325,170000,46.98,46.98,46.98,46.98,281,0
AGZD.US,60,20210325,180000,47.04,47.04,46.9852,46.995,2175,0
AGZD.US,60,20210325,190000,47.03,47.03,46.96,46.96,844,0
AGZD.US,60,20210325,200000,47,47,47,47,100,0
AGZD.US,60,20210325,210000,46.945,46.951,46.94,46.951,1887,0
AGZD.US,60,20210326,150000,46.94,46.94,46.94,46.94,418,0
AGZD.US,60,20210326,160000,46.915,46.915,46.915,46.915,147,0
AGZD.US,60,20210326,170000,46.9,46.935,46.895,46.895,1800,0
AGZD.US,60,20210326,180000,46.8901,46.895,46.8901,46.895,546,0
AGZD.US,60,20210326,190000,46.9,46.9593,46.8905,46.92,3501,0
AGZD.US,60,20210326,200000,46.9389,46.9398,46.92,46.9203,2774,0
AGZD.US,60,20210326,210000,46.93,46.95,46.93,46.9497,1772,0
AGZD.US,60,20210329,180000,46.94,46.96,46.94,46.96,1053,0
AGZD.US,60,20210329,190000,46.94,46.96,46.92,46.96,1851,0
AGZD.US,60,20210329,200000,46.96,46.96,46.9301,46.9301,4640,0
AGZD.US,60,20210329,210000,46.93,46.93,46.92,46.92,2826,0
AGZD.US,60,20210329,220000,46.91,46.9177,46.91,46.9177,3095,0
AGZD.US,60,20210330,160000,46.955,46.955,46.955,46.955,676,0
AGZD.US,60,20210330,180000,46.96,47.02,46.955,46.955,1962,0
AGZD.US,60,20210330,200000,46.99,46.99,46.99,46.99,361,0
AGZD.US,60,20210330,210000,47.059,47.06,46.92,47,5555,0
AGZD.US,60,20210331,160000,46.93,47.08,46.93,47.08,1219,0
AGZD.US,60,20210331,170000,47.1,47.11,47.1,47.11,3920,0
AGZD.US,60,20210331,180000,47.0253,47.0253,47.0253,47.0253,299,0
AGZD.US,60,20210331,190000,47.0985,47.1,47.0685,47.1,7801,0
AGZD.US,60,20210331,200000,47.09,47.09,46.9601,47.0243,4836,0
AGZD.US,60,20210331,210000,47.0243,47.06,47.0151,47.06,8329,0
AGZD.US,60,20210331,220000,47.01,47.01,47.01,47.01,150,0
AGZD.US,60,20210401,170000,47.2,47.21,47.1828,47.1828,778,0
AGZD.US,60,20210401,180000,47.22,47.25,47.2088,47.24,1059,0
AGZD.US,60,20210401,190000,47.245,47.25,47.2,47.2,4047,0
AGZD.US,60,20210401,200000,47.2001,47.25,47.2,47.2,89855,0
AGZD.US,60,20210401,210000,47.19,47.19,47.1604,47.1604,298,0
AGZD.US,60,20210401,220000,47.24,47.25,47.12,47.121,146665,0
AGZD.US,60,20210405,160000,47.42,47.42,47.08,47.08,2963,0
AGZD.US,60,20210405,170000,47.1499,47.1499,47.09,47.1195,1072,0
AGZD.US,60,20210405,180000,47.075,47.075,47.075,47.075,269,0
AGZD.US,60,20210405,190000,47.075,47.1156,47.075,47.1156,875,0
AGZD.US,60,20210405,200000,47.17,47.17,47.105,47.1425,3437,0
AGZD.US,60,20210405,210000,47.14,47.22,47.14,47.191,13701,0
AGZD.US,60,20210405,220000,47.16,47.189,47.16,47.189,83954,0
AGZD.US,60,20210406,160000,47.14,47.14,47.14,47.14,375,0
AGZD.US,60,20210406,170000,47.2,47.2371,47.2,47.2371,2724,0
AGZD.US,60,20210406,180000,47.25,47.25,47.25,47.25,800,0
AGZD.US,60,20210406,200000,47.2238,47.23,47.2,47.23,8295,0
AGZD.US,60,20210406,210000,47.23,47.249,47.21,47.2284,3396,0
AGZD.US,60,20210406,220000,47.25,47.3,47.23,47.24,9344,0
AGZD.US,60,20210407,160000,47.2199,47.2199,47.1699,47.1699,2699,0
AGZD.US,60,20210407,170000,47.19,47.19,47.1708,47.1708,4095,0
AGZD.US,60,20210407,180000,47.18,47.18,47.1537,47.1537,3095,0
AGZD.US,60,20210407,200000,47.175,47.19,47.16,47.19,6478,0
AGZD.US,60,20210407,210000,47.18,47.18,47.165,47.165,701,0
AGZD.US,60,20210407,220000,47.1552,47.17,47.1402,47.1504,9575,0
AGZD.US,60,20210408,160000,47.1567,47.17,47.1567,47.17,12918,0
AGZD.US,60,20210408,170000,47.11,47.165,47.11,47.165,1321,0
AGZD.US,60,20210408,180000,47.16,47.16,47.15,47.16,2622,0
AGZD.US,60,20210408,190000,47.16,47.18,47.16,47.164,2588,0
AGZD.US,60,20210408,200000,47.165,47.165,47.165,47.165,105,0
AGZD.US,60,20210408,210000,47.165,47.165,47.1569,47.1569,732,0
AGZD.US,60,20210408,220000,47.165,47.165,47.165,47.165,3300,0
AGZD.US,60,20210409,160000,47.13,47.13,47.1142,47.12,1891,0
AGZD.US,60,20210409,180000,47.1247,47.13,47.11,47.11,1122,0
AGZD.US,60,20210409,190000,47.1569,47.1569,47.1366,47.1366,927,0
AGZD.US,60,20210409,210000,47.1,47.12,47.05,47.05,2371,0
AGZD.US,60,20210409,220000,47.06,47.1083,47.05,47.05,8584,0
AGZD.US,60,20210412,170000,47.11,47.14,47.11,47.14,391,0
AGZD.US,60,20210412,180000,47.1604,47.1604,47.1174,47.1174,1585,0
AGZD.US,60,20210412,190000,47.18,47.18,47.18,47.18,132,0
AGZD.US,60,20210412,200000,47.145,47.145,47.1009,47.1009,2271,0
AGZD.US,60,20210412,210000,47.1,47.13,47.1,47.13,368,0
AGZD.US,60,20210412,220000,47.13,47.14,47.05,47.1,13663,0
AGZD.US,60,20210413,160000,47.16,47.16,47.16,47.16,1077,0
AGZD.US,60,20210413,170000,47.19,47.19,47.1689,47.1835,2818,0
AGZD.US,60,20210413,180000,47.18,47.2,47.18,47.18,3438,0
AGZD.US,60,20210413,190000,47.19,47.19,47.19,47.19,1000,0
AGZD.US,60,20210413,200000,47.2,47.2,47.18,47.18,4505,0
AGZD.US,60,20210413,210000,47.18,47.18,47.18,47.18,911,0
AGZD.US,60,20210413,220000,47.1906,47.205,47.19,47.19,2528,0
AGZD.US,60,20210414,160000,47.17,47.17,47.15,47.15,1204,0
AGZD.US,60,20210414,170000,47.18,47.19,47.18,47.19,2877,0
AGZD.US,60,20210414,180000,47.17,47.17,47.135,47.135,2285,0
AGZD.US,60,20210414,200000,47.135,47.1699,47.1,47.1699,2911,0
AGZD.US,60,20210414,210000,47.135,47.1694,47.135,47.14,1170,0
AGZD.US,60,20210414,220000,47.1441,47.18,47.1001,47.18,1724,0
AGZD.US,60,20210415,160000,47.12,47.12,47.12,47.12,1387,0
AGZD.US,60,20210415,170000,47.175,47.3099,47.175,47.2549,2319,0
AGZD.US,60,20210415,180000,47.28,47.31,47.18,47.19,12794,0
AGZD.US,60,20210415,190000,47.18,47.24,47.18,47.24,4600,0
AGZD.US,60,20210415,200000,47.24,47.275,47.19,47.25,2208,0
AGZD.US,60,20210415,210000,47.23,47.29,47.18,47.24,1400,0
AGZD.US,60,20210415,220000,47.27,47.27,47.24,47.27,970,0
AGZD.US,60,20210416,160000,47.04,47.1,47.04,47.09,17891,0
AGZD.US,60,20210416,170000,47.085,47.085,47.085,47.085,679,0
AGZD.US,60,20210416,180000,47.07,47.07,47.015,47.02,8181,0
AGZD.US,60,20210416,190000,47.025,47.0999,47.025,47.0999,1020,0
AGZD.US,60,20210416,200000,46.9416,46.9416,46.9416,46.9416,159,0
AGZD.US,60,20210416,210000,47.08,47.1199,47.015,47.04,4034,0
AGZD.US,60,20210416,220000,47.035,47.1199,47.035,47.11,612,0
AGZD.US,60,20210419,160000,47.15,47.15,47.09,47.09,1153,0
AGZD.US,60,20210419,170000,47.1599,47.1599,47.095,47.095,1484,0
AGZD.US,60,20210419,180000,47.0841,47.1,47.0841,47.1,643,0
AGZD.US,60,20210419,190000,47.16,47.16,47.0881,47.0881,11930,0
AGZD.US,60,20210419,200000,47.13,47.13,47.06,47.06,2236,0
AGZD.US,60,20210419,210000,47.13,47.13,47.075,47.075,329,0
AGZD.US,60,20210419,220000,47.06,47.0811,47.0566,47.0811,1023991,0
AGZD.US,60,20210420,160000,47.02,47.02,47.001,47.01,3300,0
AGZD.US,60,20210420,170000,47.12,47.128,47.08,47.128,2849,0
AGZD.US,60,20210420,180000,47.074,47.12,47.074,47.11,8157,0
AGZD.US,60,20210420,190000,47.11,47.12,47.085,47.085,2537,0
AGZD.US,60,20210420,200000,47.1089,47.12,47.1,47.12,1717,0
AGZD.US,60,20210420,210000,47.1,47.2395,47.1,47.17,47813,0
AGZD.US,60,20210420,220000,47.16,47.225,47.095,47.12,15461,0
AGZD.US,60,20210421,160000,47.14,47.17,47.0315,47.17,2929,0
AGZD.US,60,20210421,170000,47.16,47.18,47.09,47.09,2047,0
AGZD.US,60,20210421,180000,47.15,47.15,47.08,47.08,2801,0
AGZD.US,60,20210421,190000,47.127,47.1636,47.09,47.09,2254,0
AGZD.US,60,20210421,200000,47.09,47.09,47.09,47.09,1144,0
AGZD.US,60,20210421,210000,47.16,47.17,47.1322,47.145,2217,0
AGZD.US,60,20210421,220000,47.145,47.155,47.105,47.1319,3339,0
AGZD.US,60,20210422,160000,47.12,47.15,47.12,47.15,2404,0
AGZD.US,60,20210422,170000,47.125,47.1365,47.125,47.1365,811,0
AGZD.US,60,20210422,180000,47.16,47.16,47.1143,47.1588,3601,0
AGZD.US,60,20210422,190000,47.1495,47.16,47.1001,47.1319,2887,0
AGZD.US,60,20210422,200000,47.1271,47.25,47.1271,47.17,19724,0
AGZD.US,60,20210422,210000,47.18,47.25,47.116,47.25,22384,0
AGZD.US,60,20210422,220000,47.2,47.2149,47.11,47.165,9651,0
AGZD.US,60,20210423,160000,47.14,47.14,47.135,47.135,4734,0
AGZD.US,60,20210423,170000,47.142,47.142,47.1,47.1,2304,0
AGZD.US,60,20210423,180000,47.065,47.1561,47.0485,47.1561,1264,0
AGZD.US,60,20210423,190000,47.15,47.15,47.085,47.15,1242,0
AGZD.US,60,20210423,200000,47.0803,47.115,47.0392,47.085,1491,0
AGZD.US,60,20210423,210000,47.085,47.16,47.0512,47.105,3734,0
AGZD.US,60,20210423,220000,47.0854,47.1589,47.0854,47.1589,2869,0
AGZD.US,60,20210426,160000,47.17,47.17,47.06,47.14,5630,0
AGZD.US,60,20210426,170000,47.0016,47.08,47.0016,47.08,2322,0
AGZD.US,60,20210426,180000,47.08,47.08,47.075,47.075,6290,0
AGZD.US,60,20210426,190000,47.075,47.075,47.075,47.075,228,0
AGZD.US,60,20210426,200000,47.075,47.13,47.075,47.13,1690,0
AGZD.US,60,20210426,210000,47.075,47.075,47.075,47.075,1740,0
AGZD.US,60,20210426,220000,47.075,47.075,47.0292,47.075,3498,0
AGZD.US,60,20210427,160000,47.13,47.13,46.98,47.13,3102,0
AGZD.US,60,20210427,170000,47.13,47.13,47.0017,47.0017,5894,0
AGZD.US,60,20210427,180000,47.12,47.12,47.0662,47.11,3000,0
AGZD.US,60,20210427,190000,47.11,47.11,47.11,47.11,2000,0
AGZD.US,60,20210427,200000,47.04,47.11,47.04,47.1,6788,0
AGZD.US,60,20210427,210000,47.0098,47.09,46.97,47.08,43096,0
AGZD.US,60,20210427,220000,47.09,47.17,47.0174,47.14,198896,0
AGZD.US,60,20210428,160000,47.18,47.18,47.1015,47.16,5286,0
AGZD.US,60,20210428,170000,47.0511,47.1589,47.0511,47.15,7804,0
AGZD.US,60,20210428,180000,47.13,47.16,47.1,47.13,3150,0
AGZD.US,60,20210428,190000,47.13,47.13,47.13,47.13,800,0
AGZD.US,60,20210428,200000,47.13,47.16,47.1157,47.1157,9580,0
AGZD.US,60,20210428,210000,47.14,47.16,47.05,47.105,9758,0
AGZD.US,60,20210428,220000,47.14,47.16,47.06,47.08,35490,0
AGZD.US,60,20210429,160000,46.98,47.13,46.98,47.06,2760,0
AGZD.US,60,20210429,180000,47.13,47.15,47.05,47.1,1360,0
AGZD.US,60,20210429,200000,47.08,47.08,47.08,47.08,2216,0
AGZD.US,60,20210429,210000,47.08,47.08,47.08,47.08,206,0
AGZD.US,60,20210429,220000,47.13,47.13,47.12,47.13,2200,0
AGZD.US,60,20210430,160000,47.06,47.12,47.06,47.12,3560,0
AGZD.US,60,20210430,170000,47.075,47.0884,47.05,47.06,6308,0
AGZD.US,60,20210430,180000,47.08,47.089,47.06,47.06,1210,0
AGZD.US,60,20210430,190000,47.0738,47.0738,47.04,47.04,49190,0
AGZD.US,60,20210430,210000,47.09,47.0972,47.09,47.0972,1858,0
AGZD.US,60,20210430,220000,47.085,47.1199,47.06,47.08,1936,0
AGZD.US,60,20210503,160000,46.92,47.06,46.92,47.06,1701,0
AGZD.US,60,20210503,170000,47.06,47.1065,47.06,47.09,13027,0
AGZD.US,60,20210503,180000,47.07,47.109,47.07,47.1,1829,0
AGZD.US,60,20210503,190000,47.11,47.11,47.1,47.1,1200,0
AGZD.US,60,20210503,200000,47.11,47.11,47.05,47.1,169191,0
AGZD.US,60,20210503,210000,47.085,47.09,47.07,47.07,96969,0
AGZD.US,60,20210503,220000,47.075,47.1,47.075,47.09,9457,0
AGZD.US,60,20210504,160000,47.24,47.24,47.1597,47.2,1711,0
AGZD.US,60,20210504,170000,47.1509,47.1509,47.1509,47.1509,200,0
AGZD.US,60,20210504,180000,47.16,47.16,47.09,47.1498,10846,0
AGZD.US,60,20210504,190000,47.14,47.14,47.12,47.14,6580,0
AGZD.US,60,20210504,200000,47.14,47.145,47.11,47.11,4573,0
AGZD.US,60,20210504,210000,47.12,47.134,47.12,47.12,1591,0
AGZD.US,60,20210504,220000,47.13,47.13,47.0746,47.12,1561,0
AGZD.US,60,20210505,170000,47,47.07,47,47.07,3725,0
AGZD.US,60,20210505,180000,47.11,47.13,47.07,47.07,933,0
AGZD.US,60,20210505,190000,47.11,47.13,47.11,47.13,924,0
AGZD.US,60,20210505,200000,47.12,47.12,47.075,47.075,697,0
AGZD.US,60,20210505,210000,47.07,47.14,47.06,47.13,5962,0
AGZD.US,60,20210505,220000,47.13,47.13,47.1,47.13,400,0
AGZD.US,60,20210506,160000,47.04,47.04,47.04,47.04,2360,0
AGZD.US,60,20210506,180000,47.13,47.13,47.0411,47.0411,1249,0
AGZD.US,60,20210506,200000,47.095,47.095,47.095,47.095,2010,0
AGZD.US,60,20210506,210000,47.05,47.05,47.05,47.05,100,0
AGZD.US,60,20210506,220000,47.095,47.13,47.0212,47.08,1348,0
AGZD.US,60,20210507,160000,47.03,47.035,47.03,47.035,1289,0
AGZD.US,60,20210507,170000,47.08,47.11,47.08,47.08,435,0
AGZD.US,60,20210507,180000,47.1,47.11,47.1,47.11,489,0
AGZD.US,60,20210507,200000,47.06,47.07,46.991,47.01,2474,0
AGZD.US,60,20210507,210000,46.99,46.99,46.99,46.99,600,0
AGZD.US,60,20210507,220000,46.99,47.1,46.99,47.07,2101,0
AGZD.US,60,20210510,180000,47.01,47.06,47,47.06,3058,0
AGZD.US,60,20210510,190000,47.05,47.05,46.99,47,3674,0
AGZD.US,60,20210510,200000,47.0191,47.06,46.991,47.06,4361,0
AGZD.US,60,20210510,210000,47.01,47.06,46.95,47.06,39676,0
AGZD.US,60,20210510,220000,47.059,47.06,46.995,47.06,7187,0
AGZD.US,60,20210511,170000,47.0388,47.04,46.92,47.04,3407,0
AGZD.US,60,20210511,180000,47.04,47.04,46.9714,46.9714,2708,0
AGZD.US,60,20210511,190000,47.04,47.04,46.994,47.04,1619,0
AGZD.US,60,20210511,200000,47.05,47.05,46.99,47.04,8165,0
AGZD.US,60,20210511,210000,46.9758,47.035,46.9758,47.025,13523,0
AGZD.US,60,20210511,220000,47.0137,47.04,46.94,46.94,9066,0
AGZD.US,60,20210512,160000,46.92,46.99,46.92,46.99,1926,0
AGZD.US,60,20210512,170000,47.33,47.33,46.94,46.94,6372,0
AGZD.US,60,20210512,180000,46.97,47.01,46.94,47.01,4183,0
AGZD.US,60,20210512,190000,47.01,47.01,46.94,46.94,11786,0
AGZD.US,60,20210512,200000,46.9738,47.01,46.96,47.01,2882,0
AGZD.US,60,20210512,210000,47,47,46.96,47,4323,0
AGZD.US,60,20210512,220000,47,47.019,46.9736,47.01,2922,0
AGZD.US,60,20210513,160000,46.97,46.97,46.97,46.97,1700,0
AGZD.US,60,20210513,170000,47.0708,47.0708,47.015,47.03,4841,0
AGZD.US,60,20210513,180000,47.03,47.25,47.0191,47.03,2432,0
AGZD.US,60,20210513,190000,47.0266,47.028,47.0266,47.028,1695,0
AGZD.US,60,20210513,200000,47.026,47.026,47.0158,47.0158,312,0
AGZD.US,60,20210513,220000,47,47.03,47,47.01,3690,0
AGZD.US,60,20210514,160000,47.06,47.1,47.03,47.03,15110,0
AGZD.US,60,20210514,170000,47.03,47.03,47.01,47.02,4339,0
AGZD.US,60,20210514,180000,47.015,47.17,47.01,47.02,16296,0
AGZD.US,60,20210514,200000,47.03,47.039,47.01,47.01,1009,0
AGZD.US,60,20210514,210000,47.03,47.03,47.0175,47.0175,257,0
AGZD.US,60,20210514,220000,47.0299,47.0299,46.98,47,3576,0
AGZD.US,60,20210517,160000,47.04,47.04,47.04,47.04,111,0
AGZD.US,60,20210517,170000,47.06,47.06,47.06,47.06,1500,0
AGZD.US,60,20210517,180000,47.06,47.06,47.04,47.04,395,0
AGZD.US,60,20210517,190000,47.06,47.06,47.06,47.06,100,0
AGZD.US,60,20210517,200000,47.06,47.06,47.06,47.06,200,0
AGZD.US,60,20210517,210000,47.0388,47.07,47.0388,47.07,2377,0
AGZD.US,60,20210517,220000,47.06,47.0691,47.03,47.04,2094,0
AGZD.US,60,20210518,160000,46.92,46.92,46.92,46.92,1400,0
AGZD.US,60,20210518,170000,46.956,47.0362,46.9343,46.9343,3675,0
AGZD.US,60,20210518,180000,47.03,47.03,46.9973,46.9973,2092,0
AGZD.US,60,20210518,190000,46.99,47,46.99,47,1705,0
AGZD.US,60,20210518,200000,46.999,47,46.96,46.96,5345,0
AGZD.US,60,20210518,210000,46.96,46.9674,46.92,46.9674,1727,0
AGZD.US,60,20210518,220000,46.988,47.03,46.988,47.03,900,0
AGZD.US,60,20210519,160000,46.96,46.96,46.96,46.96,100,0
AGZD.US,60,20210519,180000,47.03,47.03,46.9905,47.0293,3155,0
AGZD.US,60,20210519,190000,46.9475,47.02,46.9475,46.99,419,0
AGZD.US,60,20210519,200000,46.9851,46.99,46.9851,46.99,953,0
AGZD.US,60,20210519,210000,47.01,47.01,46.96,46.96,1000,0
AGZD.US,60,20210519,220000,46.96,47.02,46.95,47.01,3758,0
AGZD.US,60,20210520,160000,46.94,46.94,46.94,46.94,1541,0
AGZD.US,60,20210520,170000,47.04,47.04,47.04,47.04,1000,0
AGZD.US,60,20210520,180000,46.98,47.049,46.98,47.049,1494,0
AGZD.US,60,20210520,190000,47.018,47.03,47.018,47.03,800,0
AGZD.US,60,20210520,200000,47.0281,47.03,46.9888,47.01,2054,0
AGZD.US,60,20210520,210000,47.01,47.01,47.01,47.01,123,0
AGZD.US,60,20210520,220000,47.025,47.04,47.01,47.03,11501,0
AGZD.US,60,20210521,160000,47.03,47.03,46.97,47.0237,1843,0
AGZD.US,60,20210521,170000,47.02,47.02,47.01,47.01,357,0
AGZD.US,60,20210521,180000,47.02,47.02,47.01,47.01,819,0
AGZD.US,60,20210521,190000,47.02,47.03,47.02,47.025,4100,0
AGZD.US,60,20210521,200000,47.02,47.025,47.02,47.025,783,0
AGZD.US,60,20210521,210000,47.0292,47.0292,47.025,47.025,2226,0
AGZD.US,60,20210521,220000,47.0143,47.02,47.01,47.02,333,0
AGZD.US,60,20210524,160000,46.92,46.95,46.92,46.94,10872,0
AGZD.US,60,20210524,170000,46.93,46.985,46.92,46.985,1906,0
AGZD.US,60,20210524,180000,46.92,47.05,46.92,47.05,2356,0
AGZD.US,60,20210524,200000,46.985,46.9853,46.92,46.93,5681,0
AGZD.US,60,20210524,210000,46.921,46.921,46.92,46.92,491,0
AGZD.US,60,20210524,220000,46.985,47.05,46.92,46.98,4873,0
AGZD.US,60,20210525,170000,46.96,46.9645,46.931,46.931,2293,0
AGZD.US,60,20210525,180000,46.9669,46.9669,46.94,46.9401,960,0
AGZD.US,60,20210525,190000,46.968,46.968,46.96,46.96,439,0
AGZD.US,60,20210525,200000,46.96,46.96,46.96,46.96,416,0
AGZD.US,60,20210525,210000,46.97,46.9789,46.97,46.9789,434,0
AGZD.US,60,20210525,220000,46.94,46.98,46.94,46.98,6971,0
AGZD.US,60,20210526,160000,47.05,47.05,47.05,47.05,5418,0
AGZD.US,60,20210526,170000,47.03,47.03,47.03,47.03,100,0
AGZD.US,60,20210526,180000,46.995,46.995,46.94,46.995,1848,0
AGZD.US,60,20210526,190000,47.03,47.03,47.03,47.03,100,0
AGZD.US,60,20210526,200000,46.995,47.0328,46.9599,46.96,5203,0
AGZD.US,60,20210526,210000,47.0072,47.0072,46.94,46.9793,2326,0
AGZD.US,60,20210526,220000,47.01,47.03,46.95,46.985,1743,0
AGZD.US,60,20210527,160000,46.96,46.96,46.95,46.96,10779,0
AGZD.US,60,20210527,170000,46.95,46.95,46.92,46.94,2650,0
AGZD.US,60,20210527,180000,46.93,46.94,46.91,46.91,20002,0
AGZD.US,60,20210527,190000,46.91,46.91,46.91,46.91,6700,0
AGZD.US,60,20210527,200000,46.94,46.95,46.9,46.9264,12355,0
AGZD.US,60,20210527,210000,46.891,46.949,46.891,46.949,1840,0
AGZD.US,60,20210527,220000,46.92,46.95,46.9163,46.94,2748,0
AGZD.US,60,20210528,160000,46.92,47.02,46.92,47.01,3534,0
AGZD.US,60,20210528,170000,47.01,47.01,46.9831,46.9831,2400,0
AGZD.US,60,20210528,180000,47.01,47.015,47.0055,47.0055,1200,0
AGZD.US,60,20210528,190000,46.9622,46.9622,46.9622,46.9622,160,0
AGZD.US,60,20210528,200000,46.968,47.01,46.965,46.965,899,0
AGZD.US,60,20210601,160000,47.01,47.01,46.94,46.94,560,0
AGZD.US,60,20210601,170000,46.969,46.97,46.9437,46.96,1249,0
AGZD.US,60,20210601,180000,46.955,46.98,46.93,46.93,4824,0
AGZD.US,60,20210601,190000,46.925,46.925,46.92,46.92,700,0
AGZD.US,60,20210601,200000,46.93,46.93,46.9,46.9,50078,0
AGZD.US,60,20210601,210000,46.9,46.99,46.9,46.99,126752,0
AGZD.US,60,20210601,220000,46.97,46.99,46.9,46.99,12778,0
AGZD.US,60,20210602,160000,47.1,47.1,47.1,47.1,100,0
AGZD.US,60,20210602,170000,47.07,47.09,47.07,47.09,800,0
AGZD.US,60,20210602,180000,46.96,46.99,46.96,46.99,74446,0
AGZD.US,60,20210602,190000,47.025,47.025,47.0076,47.0076,663,0
AGZD.US,60,20210602,200000,47.025,47.025,47.02,47.02,259,0
AGZD.US,60,20210602,210000,47.09,47.09,47.0249,47.0249,585,0
AGZD.US,60,20210603,160000,47.01,47.01,46.965,46.9798,1949,0
AGZD.US,60,20210603,170000,47.01,47.01,46.9839,46.9839,917,0
AGZD.US,60,20210603,180000,46.98,47,46.9781,46.9781,698,0
AGZD.US,60,20210603,190000,46.989,46.989,46.97,46.97,1666,0
AGZD.US,60,20210603,200000,46.9834,47,46.9604,47,7184,0
AGZD.US,60,20210603,210000,46.96,46.96,46.96,46.96,4300,0
AGZD.US,60,20210603,220000,47,47,46.99,47,300,0
AGZD.US,60,20210604,180000,47,47.03,46.98,46.98,1873,0
AGZD.US,60,20210604,190000,46.98,46.98,46.98,46.98,1900,0
AGZD.US,60,20210604,200000,46.98,47.0423,46.98,47.0423,998,0
AGZD.US,60,20210604,210000,47.0404,47.0404,46.98,46.98,3153,0
AGZD.US,60,20210604,220000,47.03,47.08,46.97,46.97,7107,0
AGZD.US,60,20210607,170000,46.9899,47.0288,46.9795,46.9795,4233,0
AGZD.US,60,20210607,180000,46.98,47.029,46.98,47.01,5625,0
AGZD.US,60,20210607,190000,47.01,47.02,46.9965,46.9965,2200,0
AGZD.US,60,20210607,200000,46.9777,47.02,46.9777,47.02,3271,0
AGZD.US,60,20210607,210000,46.98,47.03,46.98,46.98,912,0
AGZD.US,60,20210607,220000,46.98,46.98,46.98,46.98,100,0
AGZD.US,60,20210608,160000,46.98,46.98,46.98,46.98,2125,0
AGZD.US,60,20210608,170000,47.06,47.06,47.005,47.005,624,0
AGZD.US,60,20210608,180000,46.938,47.05,46.92,47.05,3619,0
AGZD.US,60,20210608,190000,47.08,47.08,47.08,47.08,527,0
AGZD.US,60,20210608,200000,47.03,47.05,46.9316,47.01,1164,0
AGZD.US,60,20210608,220000,46.94,46.975,46.92,46.97,1856,0
AGZD.US,60,20210609,160000,46.93,46.93,46.927,46.927,11400,0
AGZD.US,60,20210609,170000,46.92,47.02,46.92,47.02,700,0
AGZD.US,60,20210609,180000,46.985,47.06,46.92,47.03,17844,0
AGZD.US,60,20210609,190000,46.99,46.99,46.99,46.99,1641,0
AGZD.US,60,20210609,200000,47.03,47.04,47.0025,47.04,3600,0
AGZD.US,60,20210609,210000,46.98,47.03,46.98,46.99,2070,0
AGZD.US,60,20210609,220000,47,47,46.9798,46.9798,1000,0
AGZD.US,60,20210610,170000,46.945,46.954,46.89,46.945,4890,0
AGZD.US,60,20210610,180000,46.9,46.9,46.9,46.9,280,0
AGZD.US,60,20210610,190000,46.9246,46.9246,46.9,46.92,1539,0
AGZD.US,60,20210610,200000,46.94,46.95,46.94,46.94,2980,0
AGZD.US,60,20210610,210000,46.94,46.94,46.8902,46.9,909,0
AGZD.US,60,20210610,220000,46.9155,46.93,46.9155,46.925,2358,0
AGZD.US,60,20210611,160000,46.9,46.91,46.9,46.91,746,0
AGZD.US,60,20210611,170000,46.93,46.93,46.92,46.93,932,0
AGZD.US,60,20210611,180000,46.92,46.93,46.92,46.93,740,0
AGZD.US,60,20210611,190000,46.91,46.93,46.9,46.93,5218,0
AGZD.US,60,20210611,200000,46.9018,46.93,46.901,46.93,3107,0
AGZD.US,60,20210611,210000,46.92,46.93,46.91,46.93,1697,0
AGZD.US,60,20210611,220000,46.92,46.94,46.92,46.94,3961,0
AGZD.US,60,20210614,160000,46.95,46.95,46.95,46.95,100,0
AGZD.US,60,20210614,170000,46.9529,46.9529,46.9529,46.9529,173,0
AGZD.US,60,20210614,180000,46.95,46.955,46.95,46.955,717,0
AGZD.US,60,20210614,190000,46.9482,46.95,46.94,46.94,37255,0
AGZD.US,60,20210614,200000,46.94,46.95,46.94,46.94,3300,0
AGZD.US,60,20210614,210000,46.94,46.94,46.94,46.94,1600,0
AGZD.US,60,20210614,220000,46.925,46.948,46.925,46.94,2208,0
AGZD.US,60,20210615,160000,46.98,46.98,46.98,46.98,316,0
AGZD.US,60,20210615,170000,46.9526,46.99,46.9526,46.99,4944,0
AGZD.US,60,20210615,180000,46.975,46.99,46.975,46.99,1256,0
AGZD.US,60,20210615,190000,46.99,46.99,46.99,46.99,100,0
AGZD.US,60,20210615,200000,46.9729,46.98,46.96,46.97,1825,0
AGZD.US,60,20210615,210000,46.97,47.009,46.96,47,3624,0
AGZD.US,60,20210615,220000,46.985,46.985,46.985,46.985,100,0
AGZD.US,60,20210616,170000,47.06,47.06,47.06,47.06,100,0
AGZD.US,60,20210616,190000,47.0033,47.0033,47.0033,47.0033,586,0
AGZD.US,60,20210616,200000,47.03,47.03,47.03,47.03,100,0
AGZD.US,60,20210616,210000,46.96,46.98,46.96,46.97,12048,0
AGZD.US,60,20210616,220000,46.99,46.99,46.965,46.99,4119,0
AGZD.US,60,20210617,160000,47.02,47.1,47.02,47.08,4832,0
AGZD.US,60,20210617,180000,46.97,47.08,46.97,47.02,3888,0
AGZD.US,60,20210617,190000,47.07,47.1,47.02,47.07,17778,0
AGZD.US,60,20210617,200000,47.05,47.09,47.05,47.09,353,0
AGZD.US,60,20210617,210000,47.0224,47.13,47.0224,47.13,2095,0
AGZD.US,60,20210617,220000,47.06,47.06,47.06,47.06,434,0
AGZD.US,60,20210618,160000,47.115,47.2,47.115,47.2,663,0
AGZD.US,60,20210618,180000,47.05,47.06,47.05,47.06,750,0
AGZD.US,60,20210618,200000,47.06,47.06,47.06,47.06,106,0
AGZD.US,60,20210618,210000,46.99,47.16,46.99,47.08,7492,0
AGZD.US,60,20210618,220000,47.01,47.02,47.01,47.01,900,0
AGZD.US,60,20210621,160000,47.04,47.04,47.04,47.04,1200,0
AGZD.US,60,20210621,170000,47.04,47.04,47.01,47.02,12300,0
AGZD.US,60,20210621,180000,47.03,47.04,47.03,47.04,2078,0
AGZD.US,60,20210621,190000,47.03,47.03,47.03,47.03,1700,0
AGZD.US,60,20210621,200000,47.03,47.035,47.03,47.035,1369,0
AGZD.US,60,20210621,210000,47.03,47.03,47.02,47.02,5035,0
AGZD.US,60,20210621,220000,47.03,47.03,47.01,47.03,22139,0
AGZD.US,60,20210622,160000,47.04,47.04,47.04,47.04,200,0
AGZD.US,60,20210622,170000,47.0242,47.035,47.0242,47.035,601,0
AGZD.US,60,20210622,180000,47.0386,47.04,47.035,47.035,1438,0
AGZD.US,60,20210622,190000,47.04,47.049,47.02,47.02,7220,0
AGZD.US,60,20210622,200000,47.04,47.04,47.038,47.04,1500,0
AGZD.US,60,20210622,210000,47.0423,47.069,47.04,47.069,1907,0
AGZD.US,60,20210622,220000,47.024,47.0597,47.02,47.03,3488,0
AGZD.US,60,20210623,160000,47.05,47.0893,47.05,47.055,1036,0
AGZD.US,60,20210623,170000,47.08,47.08,47.08,47.08,200,0
AGZD.US,60,20210623,180000,47.0731,47.08,47.06,47.07,8031,0
AGZD.US,60,20210623,190000,47.07,47.0799,47.06,47.06,8440,0
AGZD.US,60,20210623,200000,47.069,47.08,47.055,47.0612,10267,0
AGZD.US,60,20210623,210000,47.075,47.08,47.06,47.08,1770,0
AGZD.US,60,20210623,220000,47.07,47.08,47.07,47.07,6153,0
AGZD.US,60,20210624,160000,47.05,47.05,47.05,47.05,1695,0
AGZD.US,60,20210624,170000,46.9968,46.9968,46.9968,46.9968,212,0
AGZD.US,60,20210624,180000,47,47,46.97,47,8495,0
AGZD.US,60,20210624,190000,46.999,47,46.999,47,2988,0
AGZD.US,60,20210624,200000,47.04,47.04,46.95,47.04,1677,0
AGZD.US,60,20210624,210000,47.04,47.04,47.02,47.0203,3061,0
AGZD.US,60,20210624,220000,47.04,47.048,46.973,46.973,2088,0
AGZD.US,60,20210625,160000,46.97,47.03,46.97,47.03,215,0
AGZD.US,60,20210625,170000,46.995,47.016,46.99,46.99,1023,0
AGZD.US,60,20210625,180000,46.99,46.99,46.99,46.99,4000,0
AGZD.US,60,20210625,190000,46.979,46.99,46.979,46.99,3467,0
AGZD.US,60,20210625,200000,46.9802,47.16,46.9802,46.99,8737,0
AGZD.US,60,20210625,210000,46.99,46.99,46.99,46.99,342,0
AGZD.US,60,20210628,160000,47.01,47.04,47.01,47.04,2767,0
AGZD.US,60,20210628,170000,47.04,47.041,47.01,47.01,15942,0
AGZD.US,60,20210628,180000,47.0059,47.105,47.0059,47.02,2852,0
AGZD.US,60,20210628,190000,47.02,47.17,47.02,47.1,5741,0
AGZD.US,60,20210628,200000,47.1094,47.18,47.02,47.1264,3187,0
AGZD.US,60,20210628,210000,47.02,47.1375,47.02,47.02,3254,0
AGZD.US,60,20210628,220000,47.1,47.1,47.02,47.02,4524,0
AGZD.US,60,20210629,160000,47.03,47.03,47.02,47.02,544,0
AGZD.US,60,20210629,170000,47.03,47.03,47.03,47.03,926,0
AGZD.US,60,20210629,180000,47.03,47.0399,47.0247,47.035,6150,0
AGZD.US,60,20210629,190000,47.0337,47.039,47.0337,47.0338,1666,0
AGZD.US,60,20210629,200000,47.0398,47.0398,47.03,47.039,1936,0
AGZD.US,60,20210629,210000,47.03,47.03,47.03,47.03,761,0
AGZD.US,60,20210629,220000,47.03,47.03,47.03,47.03,2568,0
AGZD.US,60,20210630,160000,47.03,47.0951,47.03,47.065,1804,0
AGZD.US,60,20210630,170000,47.08,47.08,47.065,47.0744,4132,0
AGZD.US,60,20210630,180000,47.08,47.085,47.045,47.045,5559,0
AGZD.US,60,20210630,190000,47.045,47.06,47.045,47.045,1134,0
AGZD.US,60,20210630,200000,47.045,47.045,47.035,47.035,600,0
AGZD.US,60,20210630,210000,47.035,47.0366,47.035,47.0366,916,0
AGZD.US,60,20210630,220000,47.0322,47.04,47.03,47.04,6899,0
AGZD.US,60,20210701,160000,47.03,47.03,46.96,46.995,1835,0
AGZD.US,60,20210701,170000,47.025,47.03,46.9971,46.9971,845,0
AGZD.US,60,20210701,180000,47,47.0099,46.9842,46.9842,2888,0
AGZD.US,60,20210701,190000,46.985,46.9892,46.96,46.98,17569,0
AGZD.US,60,20210701,200000,47.01,47.01,46.981,47.01,1191,0
AGZD.US,60,20210701,210000,47.01,47.01,46.9975,47.01,1103,0
AGZD.US,60,20210701,220000,47.0097,47.029,47,47.02,90408,0
AGZD.US,60,20210702,170000,47.0886,47.14,47.0886,47.14,518,0
AGZD.US,60,20210702,180000,47.085,47.1136,47.085,47.1136,1447,0
AGZD.US,60,20210702,190000,47.085,47.0906,47.085,47.0906,1043,0
AGZD.US,60,20210702,200000,47.0301,47.0875,47.0301,47.0875,773,0
AGZD.US,60,20210702,210000,47.0403,47.14,47.0403,47.14,2003,0
AGZD.US,60,20210702,220000,47.1016,47.108,47.02,47.02,989,0
AGZD.US,60,20210706,160000,47.14,47.14,47.03,47.03,775,0
AGZD.US,60,20210706,170000,47.03,47.08,47.01,47.03,14970,0
AGZD.US,60,20210706,190000,47.075,47.11,47.06,47.06,1308,0
AGZD.US,60,20210706,200000,47.06,47.1016,47.06,47.1016,1711,0
AGZD.US,60,20210706,210000,47.08,47.11,47.056,47.1099,14349,0
AGZD.US,60,20210706,220000,47.06,47.08,47.02,47.02,3300,0
AGZD.US,60,20210707,160000,47.065,47.065,47.065,47.065,510,0
AGZD.US,60,20210707,170000,47.08,47.08,47.08,47.08,1264,0
AGZD.US,60,20210707,180000,47.0407,47.075,47.0407,47.075,2257,0
AGZD.US,60,20210707,200000,47.0679,47.0679,47.0679,47.0679,1174,0
AGZD.US,60,20210707,210000,47.075,47.075,47.075,47.075,795,0
AGZD.US,60,20210707,220000,47.01,47.1,47.01,47.01,1480,0
AGZD.US,60,20210708,160000,47,47,47,47,2050,0
AGZD.US,60,20210708,170000,47,47.027,47,47,3338,0
AGZD.US,60,20210708,180000,47.025,47.0799,47.025,47.0799,1099,0
AGZD.US,60,20210708,190000,47.0799,47.0799,47.025,47.025,1610,0
AGZD.US,60,20210708,200000,47.02,47.02,47.02,47.02,3267,0
AGZD.US,60,20210708,210000,47.0557,47.06,47.01,47.01,3975,0
AGZD.US,60,20210708,220000,46.99,46.99,46.97,46.97,323,0
AGZD.US,60,20210709,160000,47.4,49.67,47.4,49.67,735,0
AGZD.US,60,20210709,170000,47.01,47.18,47,47,5749,0
AGZD.US,60,20210709,180000,47.0473,47.0473,47,47,1481,0
AGZD.US,60,20210709,190000,47,47.064,47,47.064,546,0
AGZD.US,60,20210709,200000,47,47.0122,47,47.0122,678,0
AGZD.US,60,20210709,210000,47,47.06,47,47.035,1008,0
AGZD.US,60,20210709,220000,47,47.04,47,47.03,1327,0
