<TICKER>,<PER>,<DATE>,<TIME>,<OPEN>,<HIGH>,<LOW>,<CLOSE>,<VOL>,<OPENINT>
AI.US,60,20201209,180000,100,110,95,109.22,5873424,0
AI.US,60,20201209,190000,109.22,115,97,103,8054720,0
AI.US,60,20201209,200000,102.51,103,90.03,90.64,3528531,0
AI.US,60,20201209,210000,90.62,99,90.3,98.4193,1646661,0
AI.US,60,20201209,220000,98.43,98.89,92.0335,92.49,2388592,0
AI.US,60,20201210,160000,99.48,108.69,96,106,1676814,0
AI.US,60,20201210,170000,105.99,119.859,105.99,118.92,3784290,0
AI.US,60,20201210,180000,118.69,131.745,118.61,125.01,4289248,0
AI.US,60,20201210,190000,125,125.63,114.32,118.62,3147850,0
AI.US,60,20201210,200000,118.62,122,115.65,120.945,1421052,0
AI.US,60,20201210,210000,120.9,120.99,115.05,118.84,960887,0
AI.US,60,20201210,220000,118.68,130,116.57,130,2621474,0
AI.US,60,20201211,160000,123.82,124.789,116,121.218,1676886,0
AI.US,60,20201211,170000,121.24,133,118.5,126.98,2869230,0
AI.US,60,20201211,180000,127.061,129.5,123.78,125.72,1249736,0
AI.US,60,20201211,190000,125.72,126.95,118.2,119.78,1143479,0
AI.US,60,20201211,200000,119.696,123,118.92,122.11,896304,0
AI.US,60,20201211,210000,122.11,123.91,118.5,120.7,807418,0
AI.US,60,20201211,220000,120.72,120.88,117.52,119.58,880883,0
AI.US,60,20201214,160000,122.16,123.83,115,115.988,828118,0
AI.US,60,20201214,170000,116.38,116.52,110.11,111,1067240,0
AI.US,60,20201214,180000,110.8,110.998,105.55,106.88,1006702,0
AI.US,60,20201214,190000,106.94,111.99,106,110.14,863993,0
AI.US,60,20201214,200000,109.9,110.028,106.01,106.43,538614,0
AI.US,60,20201214,210000,106.34,107.2,105.025,105.441,778979,0
AI.US,60,20201214,220000,105.43,105.43,100.66,102.36,1441134,0
AI.US,60,20201215,160000,104.57,109.885,101.208,101.216,1062447,0
AI.US,60,20201215,170000,101.23,103.99,100.5,101.93,726549,0
AI.US,60,20201215,180000,101.8,102.61,100.31,100.37,335638,0
AI.US,60,20201215,190000,100.3,100.92,98.1,100.2,639785,0
AI.US,60,20201215,200000,100.24,101.99,100.056,101.505,365492,0
AI.US,60,20201215,210000,101.485,101.99,99.7905,99.7905,216575,0
AI.US,60,20201215,220000,99.885,103,99.74,102,1108053,0
AI.US,60,20201216,160000,105,109.5,104,105.654,733696,0
AI.US,60,20201216,170000,105.3,113.7,105,110.586,1381699,0
AI.US,60,20201216,180000,110.725,115.5,110.15,114.448,662169,0
AI.US,60,20201216,190000,114.355,116.71,111.52,113.7,678190,0
AI.US,60,20201216,200000,113.76,114.95,113.41,113.6,243197,0
AI.US,60,20201216,210000,113.557,113.99,111.75,112.5,258806,0
AI.US,60,20201216,220000,112.5,114.5,112.14,113.69,447765,0
AI.US,60,20201217,160000,118.44,121,116,117.35,851750,0
AI.US,60,20201217,170000,117.43,119,116.51,117.589,650742,0
AI.US,60,20201217,180000,117.21,117.966,115.45,115.84,265293,0
AI.US,60,20201217,190000,115.68,118.25,115.5,117.74,259743,0
AI.US,60,20201217,200000,117.747,118.25,116.5,117.125,190940,0
AI.US,60,20201217,210000,117.2,118,117.16,117.562,136119,0
AI.US,60,20201217,220000,117.575,118.49,116.8,117.24,347199,0
AI.US,60,20201218,160000,116.67,124.698,115.09,122.91,737500,0
AI.US,60,20201218,170000,123.086,126.68,121.2,125.39,864505,0
AI.US,60,20201218,180000,125.4,129.75,125.1,129.54,681241,0
AI.US,60,20201218,190000,129.405,138.7,129.05,135.18,1735263,0
AI.US,60,20201218,200000,135.035,139.5,133.26,138.88,662625,0
AI.US,60,20201218,210000,139.23,145,134.761,142.001,1158377,0
AI.US,60,20201218,220000,142.118,142.27,134.19,137.59,1267755,0
AI.US,60,20201221,160000,142.014,161.277,141,154.899,1532343,0
AI.US,60,20201221,170000,154.675,157,146.87,152.701,1061666,0
AI.US,60,20201221,180000,152.77,166.7,152.61,165.235,1475927,0
AI.US,60,20201221,190000,165.37,168.77,156.667,157.025,1158211,0
AI.US,60,20201221,200000,157.306,158.94,152.82,154.042,1299268,0
AI.US,60,20201221,210000,153.9,162,151.09,158.97,1337789,0
AI.US,60,20201221,220000,158.95,161.01,154,160.89,979305,0
AI.US,60,20201222,160000,170.53,174.7,166.8,171.05,1364820,0
AI.US,60,20201222,170000,171.43,179,169.3,174.77,1514619,0
AI.US,60,20201222,180000,174.667,174.8,163.3,169.69,1455689,0
AI.US,60,20201222,190000,169.68,170.91,167.22,170.715,371083,0
AI.US,60,20201222,200000,170.68,172.76,167.74,168.51,581740,0
AI.US,60,20201222,210000,168.56,172.09,167.46,171.81,339563,0
AI.US,60,20201222,220000,171.909,178.74,171.27,177.47,978986,0
AI.US,60,20201223,160000,166.9,172,151.58,156.63,1652124,0
AI.US,60,20201223,170000,156.554,167.65,156.554,167.635,1044177,0
AI.US,60,20201223,180000,167.64,174.61,165.59,172.197,1131474,0
AI.US,60,20201223,190000,172.28,183.9,172.28,175.16,2026933,0
AI.US,60,20201223,200000,175.05,175.53,167.64,168.68,1041907,0
AI.US,60,20201223,210000,168.86,170.55,165.77,168.575,676500,0
AI.US,60,20201223,220000,168.535,168.67,160,161.06,1191455,0
AI.US,60,20201224,160000,168,172.5,162,165.715,1134193,0
AI.US,60,20201224,170000,165.724,165.724,161.07,161.88,706392,0
AI.US,60,20201224,180000,161.615,161.83,156.87,160.745,1004239,0
AI.US,60,20201224,190000,160.63,161.3,158.41,160.86,711899,0
AI.US,60,20201224,200000,160.87,161,160.87,161,21734,0
AI.US,60,20201228,160000,168.68,168.798,152.05,156.783,920114,0
AI.US,60,20201228,170000,156.785,156.94,143.13,146.72,2019969,0
AI.US,60,20201228,180000,146.669,150.77,146.61,147.865,743844,0
AI.US,60,20201228,190000,147.931,149.17,147,147.6,358928,0
AI.US,60,20201228,200000,147.6,148,145.01,147.54,321721,0
AI.US,60,20201228,210000,147.428,149,147.36,148.42,186911,0
AI.US,60,20201228,220000,148.5,148.5,145.01,145.88,376876,0
AI.US,60,20201229,160000,146.31,146.39,136.66,141.5,947804,0
AI.US,60,20201229,170000,141.51,141.8,136,138.945,962723,0
AI.US,60,20201229,180000,138.945,139.6,136.438,138.1,376737,0
AI.US,60,20201229,190000,138.1,138.45,135,136.8,330631,0
AI.US,60,20201229,200000,136.677,139.8,136.04,138.524,415657,0
AI.US,60,20201229,210000,138.425,139.27,136.5,137.75,169996,0
AI.US,60,20201229,220000,137.785,140.64,137.7,139.78,470584,0
AI.US,60,20201230,160000,141.65,148,141,142.3,732111,0
AI.US,60,20201230,170000,142.29,151.5,141.5,144.9,1281979,0
AI.US,60,20201230,180000,144.96,147.88,144.25,145.607,432442,0
AI.US,60,20201230,190000,145.655,147.43,144.5,145.48,210417,0
AI.US,60,20201230,200000,145.345,148.03,145.215,147.15,269396,0
AI.US,60,20201230,210000,147.303,150.51,146.683,147.31,457023,0
AI.US,60,20201230,220000,147.308,148.15,145.6,146.84,322497,0
AI.US,60,20201231,160000,144.1,144.1,137.63,139.81,428874,0
AI.US,60,20201231,170000,139.5,141.817,138.2,138.55,336704,0
AI.US,60,20201231,180000,138.78,141.89,138.361,139.54,233284,0
AI.US,60,20201231,190000,139.54,139.806,138.76,139.806,72304,0
AI.US,60,20201231,200000,139.85,140.66,139,139.5,90043,0
AI.US,60,20201231,210000,139.42,139.52,136.512,137.259,288992,0
AI.US,60,20201231,220000,137.34,139.45,137.155,138.75,387403,0
AI.US,60,20210104,160000,131.14,131.205,123,124.65,753599,0
AI.US,60,20210104,170000,124.5,126.99,120,120.15,1117676,0
AI.US,60,20210104,180000,120.06,124.48,119.06,124,509524,0
AI.US,60,20210104,190000,124.1,124.52,121.215,123.815,283175,0
AI.US,60,20210104,200000,123.812,126,123.05,124.18,276628,0
AI.US,60,20210104,210000,124,124.09,121.5,122,227694,0
AI.US,60,20210104,220000,122.022,122.32,119.5,120.01,447521,0
AI.US,60,20210105,160000,119.5,128.126,117.5,126.425,758288,0
AI.US,60,20210105,170000,126.33,127.67,120.6,122.82,623626,0
AI.US,60,20210105,180000,122.9,124.5,122.076,123.1,320820,0
AI.US,60,20210105,190000,123.01,123.45,120.66,121.085,257367,0
AI.US,60,20210105,200000,121.19,121.835,120.25,120.87,246143,0
AI.US,60,20210105,210000,120.85,124.5,120.78,122.955,479808,0
AI.US,60,20210105,220000,122.955,123.5,121.02,122.17,273288,0
AI.US,60,20210106,160000,119.04,119.2,113.81,116.938,717925,0
AI.US,60,20210106,170000,116.9,117.78,112.4,114.18,980947,0
AI.US,60,20210106,180000,114.32,115.26,113.5,114.34,585279,0
AI.US,60,20210106,190000,114.24,117.68,114,117,584897,0
AI.US,60,20210106,200000,116.9,117.1,115.1,115.35,259333,0
AI.US,60,20210106,210000,115.35,115.85,112.05,114,742686,0
AI.US,60,20210106,220000,113.93,114.3,112.34,113.4,576254,0
AI.US,60,20210107,160000,117.98,124.44,115.9,123.11,806572,0
AI.US,60,20210107,170000,123.22,130,122.52,129.88,1135727,0
AI.US,60,20210107,180000,129.95,133.852,129.01,132.35,1164961,0
AI.US,60,20210107,190000,132.345,137,132.345,136.25,707343,0
AI.US,60,20210107,200000,136.2,136.46,134.51,134.73,509175,0
AI.US,60,20210107,210000,134.81,134.9,129.21,130.436,593694,0
AI.US,60,20210107,220000,130.45,134.39,129.28,133.58,831134,0
AI.US,60,20210108,160000,136,144.75,135.6,142.69,936953,0
AI.US,60,20210108,170000,142.73,147.5,137.38,141.76,1213826,0
AI.US,60,20210108,180000,141.61,146.6,141.19,144.35,1192826,0
AI.US,60,20210108,190000,144.2,146.66,143.21,144.782,306580,0
AI.US,60,20210108,200000,144.64,144.704,139.06,140.22,477953,0
AI.US,60,20210108,210000,140.105,142.69,139.72,142.48,287512,0
AI.US,60,20210108,220000,142.23,143.63,141.55,143.63,338357,0
AI.US,60,20210111,160000,136,139.3,133.01,139.06,426573,0
AI.US,60,20210111,170000,138.91,142.257,138.76,139.76,395942,0
AI.US,60,20210111,180000,139.891,141.17,138.96,139.943,167591,0
AI.US,60,20210111,190000,139.896,140.86,138.23,138.665,192200,0
AI.US,60,20210111,200000,138.682,140.064,138.26,139.275,147325,0
AI.US,60,20210111,210000,139.25,139.61,135.13,136.02,240527,0
AI.US,60,20210111,220000,136.02,136.1,134.31,135.62,302522,0
AI.US,60,20210112,160000,138.3,138.441,128.7,130.58,541707,0
AI.US,60,20210112,170000,130.65,136.99,127.54,133.39,922068,0
AI.US,60,20210112,180000,133.22,134.88,130.546,132.34,310245,0
AI.US,60,20210112,190000,132.4,132.53,131,132.078,149973,0
AI.US,60,20210112,200000,132.14,133.75,131.6,133.5,182121,0
AI.US,60,20210112,210000,133.483,133.95,132.55,133,130821,0
AI.US,60,20210112,220000,133,134.176,132.85,133.98,298653,0
AI.US,60,20210113,160000,134,141.52,134,138.61,478216,0
AI.US,60,20210113,170000,138.7,139.5,135.6,138.894,431465,0
AI.US,60,20210113,180000,138.85,139,136.6,137.4,370091,0
AI.US,60,20210113,190000,137.41,141.32,137.29,139.729,392378,0
AI.US,60,20210113,200000,139.8,145,139.191,144,484949,0
AI.US,60,20210113,210000,144,144.398,141.4,141.89,222175,0
AI.US,60,20210113,220000,141.94,143.33,141.147,143.14,259358,0
AI.US,60,20210114,160000,145.82,151.712,145.12,145.5,790600,0
AI.US,60,20210114,170000,145.53,149.81,139.84,141.9,851809,0
AI.US,60,20210114,180000,141.88,143.96,141.4,141.65,456794,0
AI.US,60,20210114,190000,141.65,143.47,140.5,140.939,258012,0
AI.US,60,20210114,200000,140.91,141.257,138,140.007,232643,0
AI.US,60,20210114,210000,140.07,140.49,138.71,139.025,119835,0
AI.US,60,20210114,220000,139.015,139.81,137.2,138.5,254875,0
AI.US,60,20210115,160000,142,142.49,137.74,139.22,147615,0
AI.US,60,20210115,170000,139.25,139.25,132.6,133.72,300133,0
AI.US,60,20210115,180000,133.66,136.77,133.6,135.84,173341,0
AI.US,60,20210115,190000,135.952,135.952,134.33,135.605,52559,0
AI.US,60,20210115,200000,135.665,135.869,134.53,134.66,56124,0
AI.US,60,20210115,210000,134.761,134.944,133.75,133.8,100384,0
AI.US,60,20210115,220000,133.82,134.64,133.12,134.15,213852,0
AI.US,60,20210119,160000,136,137.79,128,130.4,406990,0
AI.US,60,20210119,170000,130.38,131.89,128.98,128.98,345297,0
AI.US,60,20210119,180000,128.92,130.08,128.3,128.65,185357,0
AI.US,60,20210119,190000,128.62,129.25,128.3,128.67,146454,0
AI.US,60,20210119,200000,128.67,128.86,128.12,128.15,168698,0
AI.US,60,20210119,210000,128.25,128.26,126.5,127.23,299828,0
AI.US,60,20210119,220000,127.12,127.336,126.4,126.83,388964,0
AI.US,60,20210120,160000,129.12,130,125.49,126.35,306289,0
AI.US,60,20210120,170000,126.5,127.149,123.48,124.94,464330,0
AI.US,60,20210120,180000,124.99,129.35,123.51,128.545,413630,0
AI.US,60,20210120,190000,128.7,130.8,128.51,130.47,281546,0
AI.US,60,20210120,200000,130.525,131.85,129,129.19,201827,0
AI.US,60,20210120,210000,129.1,131.25,129.02,131.171,159656,0
AI.US,60,20210120,220000,131.09,131.5,130.09,131.38,212669,0
AI.US,60,20210121,160000,133.5,134.45,128.2,130.04,182462,0
AI.US,60,20210121,170000,130.055,131.99,129.25,131,264838,0
AI.US,60,20210121,180000,131,132.395,128.52,129.98,299064,0
AI.US,60,20210121,190000,129.925,130.518,128.15,130.14,166612,0
AI.US,60,20210121,200000,130.131,130.28,128.55,129.63,104844,0
AI.US,60,20210121,210000,129.78,130.51,129.26,129.85,90607,0
AI.US,60,20210121,220000,129.85,130.09,129,130.01,180798,0
AI.US,60,20210122,160000,127,127.6,125.06,125.95,396868,0
AI.US,60,20210122,170000,125.945,126.5,123.58,124.92,793811,0
AI.US,60,20210122,180000,124.9,125.1,123.6,124.37,386668,0
AI.US,60,20210122,190000,124.32,125,122.82,124.61,459308,0
AI.US,60,20210122,200000,124.62,125.07,124.07,124.24,170658,0
AI.US,60,20210122,210000,124.24,127.99,124.23,126.99,342763,0
AI.US,60,20210122,220000,127,127.05,126,126.57,303128,0
AI.US,60,20210125,160000,127.6,137.525,127.36,136.63,734277,0
AI.US,60,20210125,170000,136.68,148.7,135.7,143.2,1617670,0
AI.US,60,20210125,180000,143.258,149.49,136.27,149.49,1253278,0
AI.US,60,20210125,190000,148.66,151,144.04,149.6,707205,0
AI.US,60,20210125,200000,149.61,151,144.3,145.025,537003,0
AI.US,60,20210125,210000,145.26,148.46,144.74,147.837,273112,0
AI.US,60,20210125,220000,147.76,149.49,146.37,147.83,465576,0
AI.US,60,20210126,160000,144.61,147.8,138.11,146.58,662996,0
AI.US,60,20210126,170000,146.725,148.39,140.535,142.66,383985,0
AI.US,60,20210126,180000,142.5,143.709,139.01,140.033,255583,0
AI.US,60,20210126,190000,140.19,142.9,140.02,142.48,119168,0
AI.US,60,20210126,200000,142.48,144.7,141.43,141.65,136933,0
AI.US,60,20210126,210000,141.69,142.3,139,140.048,221489,0
AI.US,60,20210126,220000,140.11,143.2,139.82,141.43,497751,0
AI.US,60,20210127,160000,139.08,145.59,134.5,145.49,187256,0
AI.US,60,20210127,170000,145.57,155.28,145.03,152.41,664939,0
AI.US,60,20210127,180000,152.41,159.5,150.03,150.21,652746,0
AI.US,60,20210127,190000,150.1,155.97,149.51,155.3,386408,0
AI.US,60,20210127,200000,155.42,157.799,154.47,157.713,164147,0
AI.US,60,20210127,210000,157.71,160.43,153.02,153.67,353278,0
AI.US,60,20210127,220000,153.8,154.242,147.51,149.09,481704,0
AI.US,60,20210128,160000,149.91,154.03,149.2,149.36,154443,0
AI.US,60,20210128,170000,149.26,150,139.49,141.74,284793,0
AI.US,60,20210128,180000,141.84,145.36,140.33,142,291594,0
AI.US,60,20210128,190000,141.8,144.671,140.51,142.85,170777,0
AI.US,60,20210128,200000,143.09,149.36,143.09,147,240654,0
AI.US,60,20210128,210000,146.859,147.9,145.28,146.82,70830,0
AI.US,60,20210128,220000,146.93,149.21,146.16,148,253084,0
AI.US,60,20210129,160000,146,146.5,142.29,144.81,83981,0
AI.US,60,20210129,170000,144.81,147.64,143.04,143.31,101711,0
AI.US,60,20210129,180000,143.989,144.27,141.28,143.37,202044,0
AI.US,60,20210129,190000,143.17,144,136.71,138.71,262667,0
AI.US,60,20210129,200000,138.958,140.341,137.6,138.751,128388,0
AI.US,60,20210129,210000,139.01,140.826,137.36,138.09,104589,0
AI.US,60,20210129,220000,138.005,140.57,138.005,139.6,374875,0
AI.US,60,20210201,160000,140.69,142.3,133.58,135.501,202677,0
AI.US,60,20210201,170000,135.55,136.52,133.95,135.975,220632,0
AI.US,60,20210201,180000,135.898,139.17,135.15,138.095,148275,0
AI.US,60,20210201,190000,138.34,140,138.03,139.19,92853,0
AI.US,60,20210201,200000,139.21,140.92,138.53,139.27,95223,0
AI.US,60,20210201,210000,139.48,140.74,138.13,138.27,76199,0
AI.US,60,20210201,220000,138.185,138.93,137.44,137.75,125207,0
AI.US,60,20210202,160000,149.36,154.88,145.62,153.69,710402,0
AI.US,60,20210202,170000,153.68,155.21,146,149.375,617165,0
AI.US,60,20210202,180000,149.1,150.98,148.321,150.044,229932,0
AI.US,60,20210202,190000,150.046,155.3,149.56,153.31,583195,0
AI.US,60,20210202,200000,153.15,154.4,148.505,149.8,464771,0
AI.US,60,20210202,210000,149.86,150.867,147.42,147.78,257977,0
AI.US,60,20210202,220000,148,149.35,146.39,146.88,319506,0
AI.US,60,20210203,160000,149.9,149.992,143.63,145.16,288412,0
AI.US,60,20210203,170000,144.68,147.53,143.693,145.072,352762,0
AI.US,60,20210203,180000,145.095,146.382,143.8,145.13,268176,0
AI.US,60,20210203,190000,145.49,145.51,144,144.57,132681,0
AI.US,60,20210203,200000,144.69,147.55,144.5,146.951,243579,0
AI.US,60,20210203,210000,147.091,147.62,144.75,145.175,76871,0
AI.US,60,20210203,220000,145.08,147.13,144.73,147.05,163893,0
AI.US,60,20210204,160000,147.5,153,147.5,150.75,299307,0
AI.US,60,20210204,170000,150.94,157.98,150.48,156.445,778227,0
AI.US,60,20210204,180000,156.2,158.27,154.6,155.45,400449,0
AI.US,60,20210204,190000,155.2,157,152.74,153.27,767895,0
AI.US,60,20210204,200000,153.27,154.69,151.036,152.755,145202,0
AI.US,60,20210204,210000,153,153,151.72,152.31,61344,0
AI.US,60,20210204,220000,152.31,154.37,152.07,154.37,332162,0
AI.US,60,20210205,160000,155.07,155.9,148.21,148.72,262373,0
AI.US,60,20210205,170000,149.04,149.76,145.12,147.516,328214,0
AI.US,60,20210205,180000,147.67,148.4,144.41,145.69,412247,0
AI.US,60,20210205,190000,145.805,146.943,145.5,146.17,146391,0
AI.US,60,20210205,200000,146.2,146.72,145.4,145.87,214854,0
AI.US,60,20210205,210000,145.86,146.25,145.41,145.8,128856,0
AI.US,60,20210205,220000,145.7,146.77,144.83,146.6,349401,0
AI.US,60,20210208,160000,150,150,146.8,147.45,277505,0
AI.US,60,20210208,170000,147.335,151.9,146.85,151.46,454689,0
AI.US,60,20210208,180000,151.154,151.249,145.8,146.52,185131,0
AI.US,60,20210208,190000,146.751,148.88,146.475,148.65,109907,0
AI.US,60,20210208,200000,148.99,149.82,148,149.3,276347,0
AI.US,60,20210208,210000,149.6,150.25,148.54,149.68,84926,0
AI.US,60,20210208,220000,149.8,150.85,149.5,150.8,165247,0
AI.US,60,20210209,160000,151.99,165,151.99,164.215,1011831,0
AI.US,60,20210209,170000,163.98,172.99,162.83,169.209,1406363,0
AI.US,60,20210209,180000,169.622,171.88,166.444,170.586,471743,0
AI.US,60,20210209,190000,170.755,170.93,168.14,168.392,140232,0
AI.US,60,20210209,200000,168.62,169.51,166.5,168.635,178354,0
AI.US,60,20210209,210000,168.73,169.495,167.96,168.68,150467,0
AI.US,60,20210209,220000,168.845,169.449,167.76,168.92,239948,0
AI.US,60,20210210,160000,170.2,176.94,164.2,173.05,518603,0
AI.US,60,20210210,170000,173.05,174.53,156.32,162.7,578203,0
AI.US,60,20210210,180000,162.68,166.3,162.07,164.99,168708,0
AI.US,60,20210210,190000,164.63,165.286,162.08,164,142004,0
AI.US,60,20210210,200000,163.813,166.66,162.41,163.37,289083,0
AI.US,60,20210210,210000,163.42,164.66,161.695,163.78,191658,0
AI.US,60,20210210,220000,163.97,164.26,160.76,161.45,215967,0
AI.US,60,20210211,160000,162.86,167.79,161.98,165.32,145098,0
AI.US,60,20210211,170000,165.58,166.357,162.262,163.05,107519,0
AI.US,60,20210211,180000,163.058,163.96,158.69,159.39,202084,0
AI.US,60,20210211,190000,159.39,159.91,156,158.053,210732,0
AI.US,60,20210211,200000,158.099,159.75,158.099,158.4,50621,0
AI.US,60,20210211,210000,158.555,158.799,156.214,157.45,193829,0
AI.US,60,20210211,220000,157.45,157.55,154.6,156.56,207416,0
AI.US,60,20210212,160000,158.86,160.88,156.18,157.65,278880,0
AI.US,60,20210212,170000,157.928,158.62,153.25,153.916,232348,0
AI.US,60,20210212,180000,154.5,157.3,153.8,155.885,177077,0
AI.US,60,20210212,190000,155.98,156.012,153.89,154.58,92192,0
AI.US,60,20210212,200000,154.44,155.66,154,154.7,181247,0
AI.US,60,20210212,210000,154.4,154.69,153.201,153.6,65934,0
AI.US,60,20210212,220000,153.76,154.18,152.03,153.73,211558,0
AI.US,60,20210216,160000,155.4,157.5,150.81,151.26,476879,0
AI.US,60,20210216,170000,151.58,151.84,148.54,150.325,403201,0
AI.US,60,20210216,180000,150.34,153.58,147.38,147.5,600564,0
AI.US,60,20210216,190000,147.745,149,145.45,148.05,378055,0
AI.US,60,20210216,200000,148.461,149,146.6,146.75,171444,0
AI.US,60,20210216,210000,146.978,147.663,146.35,147.22,93767,0
AI.US,60,20210216,220000,147.32,147.47,146.04,147.17,204814,0
AI.US,60,20210217,160000,146.01,147,138.5,142.868,467124,0
AI.US,60,20210217,170000,143,143.49,139,139.778,378837,0
AI.US,60,20210217,180000,139.779,140.06,136.7,138.93,708887,0
AI.US,60,20210217,190000,138.96,139.8,138.08,139.01,171122,0
AI.US,60,20210217,200000,139.05,140.38,139.01,139.589,135563,0
AI.US,60,20210217,210000,139.59,140.49,139.05,139.51,105943,0
AI.US,60,20210217,220000,139.583,140.39,139.05,140.06,285629,0
AI.US,60,20210218,160000,136.7,137.395,132.26,133.64,469416,0
AI.US,60,20210218,170000,133.68,134.486,131,133.699,419102,0
AI.US,60,20210218,180000,133.7,134.49,132.255,132.62,202643,0
AI.US,60,20210218,190000,132.73,132.73,131.49,131.82,398933,0
AI.US,60,20210218,200000,131.83,132.71,131.5,132.07,318493,0
AI.US,60,20210218,210000,132.15,135.02,131.75,135.01,249443,0
AI.US,60,20210218,220000,134.925,135.01,133.12,133.56,241505,0
AI.US,60,20210219,160000,134.77,138.79,133.95,134.886,330879,0
AI.US,60,20210219,170000,134.875,136.367,133.75,134.455,255783,0
AI.US,60,20210219,180000,134.51,136.34,134.51,135.2,214274,0
AI.US,60,20210219,190000,135.1,135.65,133.155,133.92,141245,0
AI.US,60,20210219,200000,133.645,135,133.31,134.92,108263,0
AI.US,60,20210219,210000,134.97,135.23,133.7,134.48,129495,0
AI.US,60,20210219,220000,134.534,134.97,134.3,134.54,165510,0
AI.US,60,20210222,160000,132.99,133.289,130.25,132.5,189539,0
AI.US,60,20210222,170000,132.63,134,127.51,128.01,344532,0
AI.US,60,20210222,180000,128.057,129.61,127.6,128.41,173744,0
AI.US,60,20210222,190000,128.48,129.12,127.8,129.04,129708,0
AI.US,60,20210222,200000,128.84,130.76,128.43,130.61,162774,0
AI.US,60,20210222,210000,130.52,130.71,128.75,128.91,83946,0
AI.US,60,20210222,220000,128.95,128.95,125.73,126.22,489277,0
AI.US,60,20210223,160000,123,123,110.458,114.245,427975,0
AI.US,60,20210223,170000,114.37,121.38,114.24,121.17,630624,0
AI.US,60,20210223,180000,121.305,122.5,117.89,118.05,308813,0
AI.US,60,20210223,190000,118.03,118.72,115,118.15,337534,0
AI.US,60,20210223,200000,118.145,119.96,118.01,119.34,194151,0
AI.US,60,20210223,210000,119.48,120.249,118.28,119.345,160522,0
AI.US,60,20210223,220000,119.385,121.51,119.1,121.12,306660,0
AI.US,60,20210224,160000,122.01,124.79,120.57,122,258802,0
AI.US,60,20210224,170000,121.77,122.103,118.34,121.825,285982,0
AI.US,60,20210224,180000,121.99,124.674,121.43,122.88,266217,0
AI.US,60,20210224,190000,123,125.32,122.78,124,141322,0
AI.US,60,20210224,200000,124.2,124.21,122.53,122.9,106256,0
AI.US,60,20210224,210000,122.83,123.15,121.03,121.21,134516,0
AI.US,60,20210224,220000,121.16,123.125,121.16,122.53,206058,0
AI.US,60,20210225,160000,123.96,123.96,120.11,122.24,300127,0
AI.US,60,20210225,170000,122.378,127.31,120.29,121.305,723280,0
AI.US,60,20210225,180000,121.305,122.01,118.06,118.8,232590,0
AI.US,60,20210225,190000,118.267,118.66,113.81,114.17,556759,0
AI.US,60,20210225,200000,114.1,116.86,113.2,115.694,374449,0
AI.US,60,20210225,210000,115.55,117.33,114.89,115.18,222284,0
AI.US,60,20210225,220000,115.12,115.71,112.73,114.31,490482,0
AI.US,60,20210226,160000,116.06,117.94,112.54,112.85,237113,0
AI.US,60,20210226,170000,112.75,113.41,109.55,112.7,345270,0
AI.US,60,20210226,180000,112.75,114.67,111.8,114.21,272727,0
AI.US,60,20210226,190000,114.4,115.5,112.625,112.775,189895,0
AI.US,60,20210226,200000,112.84,113.7,112.1,112.51,153838,0
AI.US,60,20210226,210000,112.28,113.16,111.2,112.81,151837,0
AI.US,60,20210226,220000,112.69,113.9,112.01,112.22,304166,0
AI.US,60,20210301,160000,116.19,121.126,115,117.552,468296,0
AI.US,60,20210301,170000,117.27,119.79,116.8,119.28,329272,0
AI.US,60,20210301,180000,119.47,120.94,119.28,120.45,272016,0
AI.US,60,20210301,190000,120.55,121.68,119.8,120.37,262825,0
AI.US,60,20210301,200000,120.36,120.83,119.385,120.1,163651,0
AI.US,60,20210301,210000,120,120.36,119.35,119.8,185280,0
AI.US,60,20210301,220000,119.67,121.88,118.62,121.05,435607,0
AI.US,60,20210302,160000,106.9,109.54,103.06,104.058,2055145,0
AI.US,60,20210302,170000,104.01,108.74,103.75,104.115,1559426,0
AI.US,60,20210302,180000,104.09,105.48,103.5,104.495,1572770,0
AI.US,60,20210302,190000,104.45,104.854,103.61,103.88,513788,0
AI.US,60,20210302,200000,103.89,103.9,103.03,103.03,589329,0
AI.US,60,20210302,210000,103.095,103.15,101.58,101.805,757423,0
AI.US,60,20210302,220000,101.8,101.9,97.5001,98.5,2020947,0
AI.US,60,20210303,160000,99.41,101.46,98.3,98.985,686283,0
AI.US,60,20210303,170000,99.1,99.1,94.0101,95.9109,938962,0
AI.US,60,20210303,180000,95.97,98.33,95.81,96.901,401647,0
AI.US,60,20210303,190000,96.96,97.23,94.02,94.2199,401946,0
AI.US,60,20210303,200000,94.22,94.3,92,92.22,436306,0
AI.US,60,20210303,210000,92.24,94.03,91.11,93.7501,426408,0
AI.US,60,20210303,220000,93.85,94.1105,91.75,93.32,503108,0
AI.US,60,20210304,160000,92,95.56,89.06,89.29,596123,0
AI.US,60,20210304,170000,89.29,91.31,85.4,89.79,781994,0
AI.US,60,20210304,180000,89.7136,93.65,89.51,91.5,462869,0
AI.US,60,20210304,190000,91.35,93.46,86.21,86.539,675100,0
AI.US,60,20210304,200000,86.5,87.4125,83.77,83.8101,863563,0
AI.US,60,20210304,210000,83.9,88.5499,83.04,87.67,527896,0
AI.US,60,20210304,220000,87.68,89.06,86.3601,88.51,473068,0
AI.US,60,20210305,160000,89.425,90.7351,82.03,83.1601,391273,0
AI.US,60,20210305,170000,83.45,84.62,79.0201,80.2662,766320,0
AI.US,60,20210305,180000,80.42,81.99,77,81.695,899294,0
AI.US,60,20210305,190000,81.8,86.32,80.73,85.03,674493,0
AI.US,60,20210305,200000,85.1976,90.62,84.6057,90.11,519423,0
AI.US,60,20210305,210000,90.2,90.95,89.1205,90.95,390933,0
AI.US,60,20210305,220000,90.95,98.1,90.8601,95.15,1402038,0
AI.US,60,20210308,160000,88.01,93,84.01,89.07,1587536,0
AI.US,60,20210308,170000,89.1,92.5,87.6452,88.1868,789526,0
AI.US,60,20210308,180000,88.235,88.7689,85,85.4,805650,0
AI.US,60,20210308,190000,85.4,88.75,85.2,86.75,975451,0
AI.US,60,20210308,200000,86.5605,87.1699,84.5,84.85,521401,0
AI.US,60,20210308,210000,84.8,86.3684,84.4,85.1201,934956,0
AI.US,60,20210308,220000,85.16,85.71,82.85,83.61,1306422,0
AI.US,60,20210309,160000,85,87.19,83,87.065,1067352,0
AI.US,60,20210309,170000,86.9101,88.58,84.1501,85.31,1407619,0
AI.US,60,20210309,180000,85.25,87.1,84.6501,85.0301,936781,0
AI.US,60,20210309,190000,85.03,85.79,84.31,84.5401,606415,0
AI.US,60,20210309,200000,84.565,85.2,84.2,84.65,624633,0
AI.US,60,20210309,210000,84.65,85.68,83.63,85.045,742408,0
AI.US,60,20210309,220000,85.03,86.95,84.47,84.91,1718363,0
AI.US,60,20210310,160000,89,89.82,87,87.3257,551764,0
AI.US,60,20210310,170000,87.32,88.2,83.49,84.84,868722,0
AI.US,60,20210310,180000,84.61,85.7,83.6,84.3501,635674,0
AI.US,60,20210310,190000,84.3501,84.58,82.85,84.4,396627,0
AI.US,60,20210310,200000,84.395,84.45,83.33,83.9,281728,0
AI.US,60,20210310,210000,83.75,85.2497,83.66,84.82,386507,0
AI.US,60,20210310,220000,84.75,84.98,84.02,84.56,403035,0
AI.US,60,20210311,160000,86.67,87.53,85.5,87.055,469957,0
AI.US,60,20210311,170000,87.09,88.4,85.5,86.26,789872,0
AI.US,60,20210311,180000,86.35,87.49,85.6742,85.96,575955,0
AI.US,60,20210311,190000,86.04,86.54,85.725,86.055,343154,0
AI.US,60,20210311,200000,86,87.37,85.9501,86.44,443096,0
AI.US,60,20210311,210000,86.55,87.5,86.39,86.53,434900,0
AI.US,60,20210311,220000,86.53,87.029,86.3,86.47,549839,0
AI.US,60,20210312,160000,85.48,86.5,82.935,85.92,448033,0
AI.US,60,20210312,170000,86.15,86.2,82.93,83.7543,644294,0
AI.US,60,20210312,180000,83.7622,84.99,83.1,84.61,549487,0
AI.US,60,20210312,190000,84.58,88.15,84.5,87.9,522508,0
AI.US,60,20210312,200000,87.9001,90.5,87.5417,89.05,1413137,0
AI.US,60,20210312,210000,89.055,90.19,88.7,90.16,533515,0
AI.US,60,20210312,220000,90.0204,90.91,89.21,90,801113,0
AI.US,60,20210315,150000,91.75,91.75,87.5034,89.471,802163,0
AI.US,60,20210315,160000,89.42,89.86,87.8,88.13,650671,0
AI.US,60,20210315,170000,88.02,89.8,86.2,86.885,698608,0
AI.US,60,20210315,180000,86.885,87.42,86.42,87.0533,453973,0
AI.US,60,20210315,190000,87,87,85.8,86.48,482149,0
AI.US,60,20210315,200000,86.435,87.0599,86.1,86.42,515624,0
AI.US,60,20210315,210000,86.46,86.84,85.89,86.77,766918,0
AI.US,60,20210316,150000,87,88.4199,86.21,86.45,442485,0
AI.US,60,20210316,160000,86.5,87.0094,85.1,85.95,772344,0
AI.US,60,20210316,170000,85.89,86.58,85.66,85.8255,246379,0
AI.US,60,20210316,180000,85.78,86,83.44,84.3,415997,0
AI.US,60,20210316,190000,84.3,85.16,84.22,84.72,203011,0
AI.US,60,20210316,200000,84.55,84.9,82.15,83.11,475586,0
AI.US,60,20210316,210000,83.16,83.72,82.9,83,413031,0
AI.US,60,20210317,150000,80.1,82.27,79.95,81.29,421757,0
AI.US,60,20210317,160000,81.5,82.28,79.98,80.14,428174,0
AI.US,60,20210317,170000,80.11,80.32,79.21,79.42,446219,0
AI.US,60,20210317,180000,79.36,80.31,79.32,79.87,237238,0
AI.US,60,20210317,190000,79.9499,80.04,79.57,79.73,187618,0
AI.US,60,20210317,200000,79.79,83.4899,79.79,83,951420,0
AI.US,60,20210317,210000,83.0167,83.3,80.11,80.56,1044503,0
AI.US,60,20210318,150000,79,80.96,77.73,79,582393,0
AI.US,60,20210318,160000,79,79.12,77.54,78.3,767592,0
AI.US,60,20210318,170000,78.4684,79.13,77.58,78.12,380709,0
AI.US,60,20210318,180000,78.06,78.6,77.6,77.85,271385,0
AI.US,60,20210318,190000,77.8,79.13,77.7,78.155,308560,0
AI.US,60,20210318,200000,78.2199,78.27,76.25,76.75,599020,0
AI.US,60,20210318,210000,76.67,76.7999,75.2501,75.81,870408,0
AI.US,60,20210319,150000,75.5,76.09,73.06,73.34,644840,0
AI.US,60,20210319,160000,73.4,73.87,72.3,73.55,718559,0
AI.US,60,20210319,170000,73.68,75.35,73.335,74.8786,427790,0
AI.US,60,20210319,180000,74.84,75.03,74,74.46,233950,0
AI.US,60,20210319,190000,74.52,74.65,73.72,74.2,230931,0
AI.US,60,20210319,200000,74.165,74.33,73.36,74.0425,234742,0
AI.US,60,20210319,210000,74.04,74.69,73.81,74.59,633178,0
AI.US,60,20210322,150000,75.15,75.33,73.45,73.8,329372,0
AI.US,60,20210322,160000,73.61,73.915,73.03,73.62,258024,0
AI.US,60,20210322,170000,73.65,74.3699,73.5374,73.885,302155,0
AI.US,60,20210322,180000,73.91,74.1999,73.62,73.99,198626,0
AI.US,60,20210322,190000,73.94,74.3,73.9,74.01,183076,0
AI.US,60,20210322,200000,74.08,77.87,73.6,76.8,1908901,0
AI.US,60,20210322,210000,76.8,76.86,74.78,75.06,997471,0
AI.US,60,20210323,150000,75,75.49,73.21,73.6,307307,0
AI.US,60,20210323,160000,73.6,74.15,71.8,72.21,654989,0
AI.US,60,20210323,170000,72.24,72.53,71.41,71.75,524937,0
AI.US,60,20210323,180000,71.84,72.27,71.1,71.71,443207,0
AI.US,60,20210323,190000,71.75,72.2,71.01,71.17,409421,0
AI.US,60,20210323,200000,71.17,71.289,70.55,70.6,565609,0
AI.US,60,20210323,210000,70.6,70.84,70.12,70.51,829114,0
AI.US,60,20210324,150000,70.79,71.01,66.75,67.59,997884,0
AI.US,60,20210324,160000,67.8185,68.9299,66.51,68.555,1118130,0
AI.US,60,20210324,170000,68.68,68.85,66.8,67.16,358865,0
AI.US,60,20210324,180000,67.17,68.32,66.755,67.45,360766,0
AI.US,60,20210324,190000,67.59,67.59,66.3,66.9406,318121,0
AI.US,60,20210324,200000,67.01,67.08,65.21,65.27,565227,0
AI.US,60,20210324,210000,65.31,65.42,64.5,64.52,924929,0
AI.US,60,20210325,150000,62,66.42,61.5101,65.9899,678325,0
AI.US,60,20210325,160000,65.61,66.65,63.6,64.3,669878,0
AI.US,60,20210325,170000,64.265,67.37,63.34,67.18,682838,0
AI.US,60,20210325,180000,67.19,69.625,67.09,68.4,716486,0
AI.US,60,20210325,190000,68.478,68.71,66.85,66.86,258442,0
AI.US,60,20210325,200000,66.85,68.1999,66.24,67.75,236880,0
AI.US,60,20210325,210000,67.87,67.88,66.54,66.89,735269,0
AI.US,60,20210326,150000,67.36,67.99,65.85,66.055,227343,0
AI.US,60,20210326,160000,66.2,67.38,64.8301,65.21,261181,0
AI.US,60,20210326,170000,65.3123,65.4,64.2035,64.69,215488,0
AI.US,60,20210326,180000,64.77,64.9299,63.42,63.46,274404,0
AI.US,60,20210326,190000,63.52,64.0499,62.75,63.36,289744,0
AI.US,60,20210326,200000,63.33,63.58,61.09,62.105,632003,0
AI.US,60,20210326,210000,62.05,64.89,62.01,64.7,558626,0
AI.US,60,20210329,160000,64.69,65.34,63.5604,64.46,250916,0
AI.US,60,20210329,170000,64.1537,64.8985,63.2027,63.49,401584,0
AI.US,60,20210329,180000,63.3247,63.85,62.54,63.5,232188,0
AI.US,60,20210329,190000,63.4,63.85,62.6379,63.6814,152584,0
AI.US,60,20210329,200000,63.805,64.1699,62.5,62.5499,212626,0
AI.US,60,20210329,210000,62.5,62.78,61.67,61.8687,313958,0
AI.US,60,20210329,220000,61.95,62.88,61.87,62.01,422970,0
AI.US,60,20210330,160000,61.63,61.82,59.75,60.8299,387160,0
AI.US,60,20210330,170000,60.645,63.0899,60.54,62.9994,339038,0
AI.US,60,20210330,180000,63.01,63.59,61.9,61.9,336719,0
AI.US,60,20210330,190000,61.96,63.15,61.83,62.5,195333,0
AI.US,60,20210330,200000,62.5,62.6,61.8767,62.1693,148814,0
AI.US,60,20210330,210000,62.16,63.138,62,63.005,193354,0
AI.US,60,20210330,220000,62.99,63.56,62.6401,63.09,458059,0
AI.US,60,20210331,160000,65.33,67.8,65,67.2691,563021,0
AI.US,60,20210331,170000,67.2468,68.9,67.1218,67.2996,711070,0
AI.US,60,20210331,180000,67.19,67.34,65.8,66.22,413895,0
AI.US,60,20210331,190000,66.35,66.5699,65.82,66.05,218762,0
AI.US,60,20210331,200000,66,66.17,65.3,65.64,208987,0
AI.US,60,20210331,210000,65.53,66.85,65.4,65.76,268299,0
AI.US,60,20210331,220000,65.88,66.63,65.67,65.91,558413,0
AI.US,60,20210401,160000,69.25,71.1599,68.41,70.13,823945,0
AI.US,60,20210401,170000,70.24,70.31,68.2081,68.72,627687,0
AI.US,60,20210401,180000,68.57,68.8999,67.395,68.7182,280458,0
AI.US,60,20210401,190000,68.695,69.97,68.52,69.87,262775,0
AI.US,60,20210401,200000,69.93,69.97,68.48,68.6399,337928,0
AI.US,60,20210401,210000,68.61,69.27,68.52,69.225,134494,0
AI.US,60,20210401,220000,69.19,69.25,68.3,68.9,400808,0
AI.US,60,20210405,160000,71,71.7,68.81,69.16,377309,0
AI.US,60,20210405,170000,69.04,70.275,67.51,69.277,485997,0
AI.US,60,20210405,180000,69.325,69.37,68.061,68.33,208812,0
AI.US,60,20210405,190000,68.21,68.4699,67.52,67.79,144586,0
AI.US,60,20210405,200000,67.8,68.47,67.71,67.81,190905,0
AI.US,60,20210405,210000,67.81,68.99,67.75,68.83,247218,0
AI.US,60,20210405,220000,68.825,69.1599,68.25,68.41,312592,0
AI.US,60,20210406,160000,67.5,68.6499,67.07,67.31,159506,0
AI.US,60,20210406,170000,67.42,67.8499,66.8,67.7,310695,0
AI.US,60,20210406,180000,67.72,69.24,67.25,69.24,168528,0
AI.US,60,20210406,190000,69.2,69.24,68.41,68.81,131419,0
AI.US,60,20210406,200000,68.8642,69.2999,68.04,69.1,193001,0
AI.US,60,20210406,210000,69.1655,69.77,69,69.25,134477,0
AI.US,60,20210406,220000,69.36,69.43,68.4,68.79,203861,0
AI.US,60,20210407,160000,68.19,68.46,66.05,66.4323,383541,0
AI.US,60,20210407,170000,66.41,66.5,65.08,65.45,668225,0
AI.US,60,20210407,180000,65.51,65.54,63.87,63.9412,738563,0
AI.US,60,20210407,190000,63.93,64.39,63.42,63.66,659553,0
AI.US,60,20210407,200000,63.685,63.79,63.26,63.48,422895,0
AI.US,60,20210407,210000,63.45,63.99,63.3,63.61,473294,0
AI.US,60,20210407,220000,63.61,63.68,62.7,63.2,800760,0
AI.US,60,20210408,160000,63.8,64.39,62.15,63.32,644201,0
AI.US,60,20210408,170000,63.32,63.65,62.6,63.65,439759,0
AI.US,60,20210408,180000,63.635,64.98,63.635,64.78,471925,0
AI.US,60,20210408,190000,64.84,65.35,64.3028,64.48,346649,0
AI.US,60,20210408,200000,64.445,64.54,63.78,63.91,234342,0
AI.US,60,20210408,210000,63.875,64.08,63.55,63.8244,159757,0
AI.US,60,20210408,220000,63.79,64.07,63.32,63.35,502194,0
AI.US,60,20210409,160000,62.07,62.3,60.75,61.32,608378,0
AI.US,60,20210409,170000,61.32,61.49,60.645,61.03,652257,0
AI.US,60,20210409,180000,61.025,61.32,60.26,61.09,744183,0
AI.US,60,20210409,190000,61.08,61.55,60.3601,60.9966,335859,0
AI.US,60,20210409,200000,60.98,61.02,60.42,60.63,242208,0
AI.US,60,20210409,210000,60.56,60.73,60.06,60.465,335548,0
AI.US,60,20210409,220000,60.44,61.1,60.4,61.03,522724,0
AI.US,60,20210412,160000,60.87,61.74,59.55,59.7,478292,0
AI.US,60,20210412,170000,59.7,60.4299,58.8001,59.94,580496,0
AI.US,60,20210412,180000,59.87,60.35,59.2028,60.26,234189,0
AI.US,60,20210412,190000,60.18,60.8,60.01,60.641,181127,0
AI.US,60,20210412,200000,60.654,61.42,60.22,60.3,417814,0
AI.US,60,20210412,210000,60.3062,60.57,59.61,59.75,201163,0
AI.US,60,20210412,220000,59.72,60.08,59.51,59.89,346807,0
AI.US,60,20210413,160000,59.97,61.07,59.97,60.54,317195,0
AI.US,60,20210413,170000,60.505,61.94,59.31,61.8377,659333,0
AI.US,60,20210413,180000,61.9,61.98,60.4301,60.7072,257845,0
AI.US,60,20210413,190000,60.78,60.89,60.12,60.185,147218,0
AI.US,60,20210413,200000,60.21,61.5,60.16,61.375,207266,0
AI.US,60,20210413,210000,61.41,61.82,61.12,61.805,247626,0
AI.US,60,20210413,220000,61.8,63.38,61.8,63.01,838029,0
AI.US,60,20210414,160000,64.95,68.35,64.75,68.13,1356424,0
AI.US,60,20210414,170000,68.075,72.18,67.75,71.685,2485592,0
AI.US,60,20210414,180000,71.68,73.7,70.15,72.3817,2281220,0
AI.US,60,20210414,190000,72.37,73,71.28,72.1899,1416220,0
AI.US,60,20210414,200000,72.025,72.04,69.44,69.774,839072,0
AI.US,60,20210414,210000,69.7152,70.49,68.34,68.57,501616,0
AI.US,60,20210414,220000,68.7156,69.54,67.94,68.46,1035020,0
AI.US,60,20210415,160000,70.1,71.92,68.6,70.86,1110186,0
AI.US,60,20210415,170000,70.79,70.83,68.46,70.09,813194,0
AI.US,60,20210415,180000,70.15,70.4,67.2401,68.335,877099,0
AI.US,60,20210415,190000,68.25,68.39,67.59,68.04,311472,0
AI.US,60,20210415,200000,67.89,68.17,65.38,65.97,659292,0
AI.US,60,20210415,210000,65.99,66.62,65.81,65.95,421181,0
AI.US,60,20210415,220000,65.97,66.59,65.11,66.5,630609,0
AI.US,60,20210416,160000,65.84,66.48,63.4,63.71,424595,0
AI.US,60,20210416,170000,63.56,66.81,63.21,66.38,516296,0
AI.US,60,20210416,180000,66.3762,66.4466,65.3,65.71,166217,0
AI.US,60,20210416,190000,65.795,66.1999,65.5292,65.68,103669,0
AI.US,60,20210416,200000,65.65,66.26,65.455,65.905,121909,0
AI.US,60,20210416,210000,65.93,66.6,65.815,66.4,155944,0
AI.US,60,20210416,220000,66.4,67.16,66.26,66.79,778308,0
AI.US,60,20210419,160000,66.35,68.75,65.5,67.495,326399,0
AI.US,60,20210419,170000,67.35,67.43,62.11,62.44,951544,0
AI.US,60,20210419,180000,62.43,63.2199,61.39,61.805,841534,0
AI.US,60,20210419,190000,61.86,62.12,61.2,61.7,297502,0
AI.US,60,20210419,200000,61.71,62.2,61.15,62.2,358823,0
AI.US,60,20210419,210000,62.165,62.52,61.74,61.99,255281,0
AI.US,60,20210419,220000,61.99,62.35,61.63,62.1,560731,0
AI.US,60,20210420,160000,62.11,63.79,62.02,62.63,312896,0
AI.US,60,20210420,170000,62.63,62.76,60.5245,60.83,349930,0
AI.US,60,20210420,180000,60.78,61.03,59.4,60.3,478872,0
AI.US,60,20210420,190000,60.342,60.99,59.92,60.31,181467,0
AI.US,60,20210420,200000,60.43,60.56,60.03,60.4653,102898,0
AI.US,60,20210420,210000,60.53,60.7,59.76,59.925,183635,0
AI.US,60,20210420,220000,59.9899,60.98,59.8801,60.86,502057,0
AI.US,60,20210421,160000,60.2,61.4899,59.321,61.45,276514,0
AI.US,60,20210421,170000,61.4699,63.545,61.3939,62.7602,470753,0
AI.US,60,20210421,180000,62.82,63.96,62.6,63.9501,230667,0
AI.US,60,20210421,190000,63.99,64.2731,63.33,63.47,265012,0
AI.US,60,20210421,200000,63.5,64.65,63.44,64.365,211802,0
AI.US,60,20210421,210000,64.39,65.1,64.0101,65.1,224528,0
AI.US,60,20210421,220000,65.0905,66.57,64.995,66.51,623770,0
AI.US,60,20210422,160000,66.35,67.78,64.8,67.2602,418122,0
AI.US,60,20210422,170000,67.47,69.2,67.11,68.3768,740910,0
AI.US,60,20210422,180000,68.47,70.33,67.74,68.7899,578532,0
AI.US,60,20210422,190000,68.715,69.61,68.0777,69.59,326395,0
AI.US,60,20210422,200000,69.56,69.69,65.8,66.29,660777,0
AI.US,60,20210422,210000,66.3,67.8757,65.86,67.235,428506,0
AI.US,60,20210422,220000,67.25,67.88,66.61,67.16,506995,0
AI.US,60,20210423,160000,67.3,69.3,67.25,68.05,212163,0
AI.US,60,20210423,170000,68.01,69.68,67.76,68.47,516656,0
AI.US,60,20210423,180000,68.29,70.65,68.29,69.4201,537626,0
AI.US,60,20210423,190000,69.4728,70.17,68.74,69.524,268078,0
AI.US,60,20210423,200000,69.69,70.1,69.4336,69.733,293797,0
AI.US,60,20210423,210000,69.745,69.95,69.0981,69.39,190337,0
AI.US,60,20210423,220000,69.385,69.75,69.07,69.33,428646,0
AI.US,60,20210426,160000,70.05,71.44,69.2,69.69,444933,0
AI.US,60,20210426,170000,69.82,69.83,68.05,69.02,739816,0
AI.US,60,20210426,180000,69.08,70.24,68.95,70.01,420786,0
AI.US,60,20210426,190000,69.9649,70.8,69.65,70.33,455484,0
AI.US,60,20210426,200000,70.2,70.9,70.1,70.1151,342794,0
AI.US,60,20210426,210000,70.1425,71.98,70.06,71.6017,789358,0
AI.US,60,20210426,220000,71.68,72.75,71.36,72.49,1596102,0
AI.US,60,20210427,160000,73.38,73.47,70.7101,71.52,1035852,0
AI.US,60,20210427,170000,71.59,72.4,70.81,72.1099,617682,0
AI.US,60,20210427,180000,72.15,72.72,71.61,72.07,415902,0
AI.US,60,20210427,190000,72.13,72.4475,70.325,70.69,369190,0
AI.US,60,20210427,200000,70.69,71.5,70.5524,71.27,334568,0
AI.US,60,20210427,210000,71.27,71.5,70.7,70.855,327774,0
AI.US,60,20210427,220000,70.79,71.24,70.42,70.91,641722,0
AI.US,60,20210428,160000,70.55,71.9761,69.55,71.8,319660,0
AI.US,60,20210428,170000,71.85,73.2,71.41,72.82,590004,0
AI.US,60,20210428,180000,72.8268,72.88,71.8,72.2319,316936,0
AI.US,60,20210428,190000,72.41,72.67,72.15,72.21,170686,0
AI.US,60,20210428,200000,72.3,72.45,71.5287,71.64,186564,0
AI.US,60,20210428,210000,71.63,72.44,71.42,72.355,211344,0
AI.US,60,20210428,220000,72.45,72.47,71.55,71.84,372440,0
AI.US,60,20210429,160000,72.32,72.53,68.8,69.33,934745,0
AI.US,60,20210429,170000,69.33,69.51,67.22,68.2,1106698,0
AI.US,60,20210429,180000,68.47,68.8,66.56,66.71,727048,0
AI.US,60,20210429,190000,66.68,67.35,65.8,67.065,770276,0
AI.US,60,20210429,200000,67.0601,67.68,66.63,67.02,359952,0
AI.US,60,20210429,210000,66.95,67.35,66.865,67.185,355972,0
AI.US,60,20210429,220000,67.18,67.59,66.14,66.7,990894,0
AI.US,60,20210430,160000,64.26,67.67,64.2,67.3854,481690,0
AI.US,60,20210430,170000,67.32,68.3596,66.87,66.87,604684,0
AI.US,60,20210430,180000,66.94,67.2999,66.54,67.17,242074,0
AI.US,60,20210430,190000,67.09,67.54,66.75,66.97,142614,0
AI.US,60,20210430,200000,67.03,67.16,65.88,66.085,247526,0
AI.US,60,20210430,210000,66.055,66.36,65.82,66.15,216780,0
AI.US,60,20210430,220000,66.15,66.35,65.47,66.26,430854,0
AI.US,60,20210503,160000,66.34,66.3453,63.1,63.15,482982,0
AI.US,60,20210503,170000,63.15,64.01,62.32,62.416,432532,0
AI.US,60,20210503,180000,62.4299,62.5099,61.18,61.71,489623,0
AI.US,60,20210503,190000,61.67,61.8299,61.05,61.15,309277,0
AI.US,60,20210503,200000,61.13,61.75,60.8,60.88,354574,0
AI.US,60,20210503,210000,60.91,61.7,60.85,61.34,286291,0
AI.US,60,20210503,220000,61.4599,61.9,61.32,61.59,444342,0
AI.US,60,20210504,160000,60.5,60.7,58.9,59.0798,631355,0
AI.US,60,20210504,170000,59,59.47,57.5765,58.155,891286,0
AI.US,60,20210504,180000,58.15,58.43,57.58,58.03,523533,0
AI.US,60,20210504,190000,57.98,59.04,57.88,58.31,343808,0
AI.US,60,20210504,200000,58.315,58.83,58.1,58.21,265681,0
AI.US,60,20210504,210000,58.15,58.6799,58,58.46,229424,0
AI.US,60,20210504,220000,58.43,59.33,58.27,59.25,415437,0
AI.US,60,20210505,160000,60.03,60.27,58.75,58.75,229120,0
AI.US,60,20210505,170000,58.8344,59.34,57.9,59.26,334281,0
AI.US,60,20210505,180000,59.3426,60.25,59.06,59.8,245255,0
AI.US,60,20210505,190000,59.87,59.9,58.27,58.43,279220,0
AI.US,60,20210505,200000,58.42,59.195,58.24,58.94,177558,0
AI.US,60,20210505,210000,58.94,59.19,58.41,58.464,160117,0
AI.US,60,20210505,220000,58.47,58.75,57.9,58.74,578113,0
AI.US,60,20210506,160000,58.1,58.88,56.27,56.5511,371496,0
AI.US,60,20210506,170000,56.385,56.75,55.446,56,465452,0
AI.US,60,20210506,180000,56.07,57.62,55.3,57.17,342645,0
AI.US,60,20210506,190000,57.1101,57.6,56.45,57.07,146246,0
AI.US,60,20210506,200000,57.1,57.2699,55.83,56.02,149613,0
AI.US,60,20210506,210000,55.96,56.38,55.105,55.52,274226,0
AI.US,60,20210506,220000,55.52,56.4,55.3887,56.34,391385,0
AI.US,60,20210507,160000,57.7,59.47,57.5901,58.8993,279663,0
AI.US,60,20210507,170000,59,60.65,58.8426,59.6447,401750,0
AI.US,60,20210507,180000,59.69,59.79,58.04,58.31,281776,0
AI.US,60,20210507,190000,58.31,58.42,57.4,57.8698,209820,0
AI.US,60,20210507,200000,57.8799,57.9022,56.505,56.52,213244,0
AI.US,60,20210507,210000,56.5,56.7,56.01,56.31,226810,0
AI.US,60,20210507,220000,56.335,56.6721,56.18,56.35,458848,0
AI.US,60,20210510,160000,56.5,56.5,54.1,54.3,281332,0
AI.US,60,20210510,170000,54.4073,55.4,53.75,54.1139,329586,0
AI.US,60,20210510,180000,54.24,54.66,53.78,54.66,243697,0
AI.US,60,20210510,190000,54.65,54.94,54,54.5163,145990,0
AI.US,60,20210510,200000,54.44,55.28,54.13,54.2799,134427,0
AI.US,60,20210510,210000,54.2799,54.2799,53.57,53.65,166609,0
AI.US,60,20210510,220000,53.68,54.4,53.21,53.65,625650,0
AI.US,60,20210511,160000,50,53.24,50,52.88,527334,0
AI.US,60,20210511,170000,52.99,52.99,50.9,52.18,307842,0
AI.US,60,20210511,180000,52.18,54.15,51.76,53.8158,394819,0
AI.US,60,20210511,190000,53.84,54.6999,53.7124,53.9801,311957,0
AI.US,60,20210511,200000,54.14,54.93,54.07,54.41,124084,0
AI.US,60,20210511,210000,54.48,54.92,54.065,54.0901,127828,0
AI.US,60,20210511,220000,54.2109,54.75,54,54.75,224148,0
AI.US,60,20210512,160000,53.26,54.5799,53.13,53.3518,142688,0
AI.US,60,20210512,170000,53.33,53.97,52.1,52.315,157003,0
AI.US,60,20210512,180000,52.25,53.09,51.66,51.945,152959,0
AI.US,60,20210512,190000,51.9904,52.75,51.265,52.7231,139567,0
AI.US,60,20210512,200000,52.7,53.06,52.29,52.5484,91577,0
AI.US,60,20210512,210000,52.5,52.67,51.83,52.22,144905,0
AI.US,60,20210512,220000,52.12,52.24,51.1,51.59,475285,0
AI.US,60,20210513,160000,52.03,53.4351,52.03,53.07,174673,0
AI.US,60,20210513,170000,53.1999,53.4899,51.44,51.58,251141,0
AI.US,60,20210513,180000,51.51,51.6,48.69,48.84,455140,0
AI.US,60,20210513,190000,48.955,49.8,48.61,48.72,330369,0
AI.US,60,20210513,200000,48.84,49.1,47.22,47.8761,476171,0
AI.US,60,20210513,210000,47.825,49.61,47.825,48.67,253149,0
AI.US,60,20210513,220000,48.8699,49.31,48.57,48.89,395732,0
AI.US,60,20210514,160000,50.05,50.35,48.545,49.96,295058,0
AI.US,60,20210514,170000,50.075,52.04,50.07,51.3,330253,0
AI.US,60,20210514,180000,51.3019,51.86,50.77,51.74,214246,0
AI.US,60,20210514,190000,51.78,52.42,51.68,51.94,158641,0
AI.US,60,20210514,200000,51.985,52.15,51.3682,51.45,102934,0
AI.US,60,20210514,210000,51.45,52.15,51.3564,51.92,69244,0
AI.US,60,20210514,220000,51.9677,52.06,51.47,51.94,213323,0
AI.US,60,20210517,160000,51.94,53.67,51.26,52.78,212881,0
AI.US,60,20210517,170000,52.69,53.69,51.73,53.2,209924,0
AI.US,60,20210517,180000,53.29,53.3,52.25,52.405,87488,0
AI.US,60,20210517,190000,52.3399,53.3,52.22,53.02,81230,0
AI.US,60,20210517,200000,53.045,53.0522,52.12,52.65,106181,0
AI.US,60,20210517,210000,52.65,53.11,52.42,52.9,72146,0
AI.US,60,20210517,220000,52.94,53.53,52.6651,53.25,194472,0
AI.US,60,20210518,160000,54.11,56.15,53.68,56,182442,0
AI.US,60,20210518,170000,56.13,57.96,55.53,56.9952,591252,0
AI.US,60,20210518,180000,57,58.19,56.56,57.8,367386,0
AI.US,60,20210518,190000,57.7079,59,57.5401,58.48,266646,0
AI.US,60,20210518,200000,58.525,58.79,58.01,58.79,214719,0
AI.US,60,20210518,210000,58.72,58.95,57,57.71,308572,0
AI.US,60,20210518,220000,57.59,58.2,57.34,57.44,377914,0
AI.US,60,20210519,160000,54.93,56.5999,54.12,56.13,287270,0
AI.US,60,20210519,170000,56.03,58.2,55.61,57.305,315822,0
AI.US,60,20210519,180000,57.28,57.5,56.5601,56.785,126946,0
AI.US,60,20210519,190000,56.7485,57.63,56.6315,57.13,92633,0
AI.US,60,20210519,200000,57.2199,57.43,56.35,56.38,88173,0
AI.US,60,20210519,210000,56.45,57.21,55.88,56.66,155175,0
AI.US,60,20210519,220000,56.65,56.98,56.3901,56.92,152015,0
AI.US,60,20210520,160000,58.9,59.69,57.72,59.2,223555,0
AI.US,60,20210520,170000,59.25,59.46,58.2776,58.7599,166671,0
AI.US,60,20210520,180000,58.74,59.22,58.4177,58.89,126710,0
AI.US,60,20210520,190000,58.81,58.89,57.68,58.1471,97944,0
AI.US,60,20210520,200000,58.1699,58.2698,57.5215,57.56,74605,0
AI.US,60,20210520,210000,57.7599,57.7599,57.1,57.36,140682,0
AI.US,60,20210520,220000,57.415,58.15,57.28,57.9,227617,0
AI.US,60,20210521,160000,58.95,59.0471,57.75,58.59,125716,0
AI.US,60,20210521,170000,58.5162,59.03,58.04,58.49,153965,0
AI.US,60,20210521,180000,58.485,59.3705,58.35,58.9,137822,0
AI.US,60,20210521,190000,58.91,59.85,58.83,59.6,136840,0
AI.US,60,20210521,200000,59.57,61.34,59.14,61.3,265874,0
AI.US,60,20210521,210000,61.38,62.1595,60.95,61.98,394308,0
AI.US,60,20210521,220000,61.9937,62.0506,60.76,61.18,607863,0
AI.US,60,20210524,160000,61.74,62.09,60.5476,61.02,194678,0
AI.US,60,20210524,170000,61.2,61.66,58.68,59.07,242317,0
AI.US,60,20210524,180000,59.12,60.03,58.8601,59.6,120531,0
AI.US,60,20210524,190000,59.65,59.9,59.3,59.375,79893,0
AI.US,60,20210524,200000,59.36,59.59,59.32,59.47,70915,0
AI.US,60,20210524,210000,59.51,60.43,59.49,60.285,91089,0
AI.US,60,20210524,220000,60.285,60.3887,59.45,59.59,234783,0
AI.US,60,20210525,160000,60.82,60.95,58.78,58.81,133522,0
AI.US,60,20210525,170000,58.78,59.08,57.88,58.65,220245,0
AI.US,60,20210525,180000,58.55,58.66,57.25,57.8,174609,0
AI.US,60,20210525,190000,57.8,57.81,57.5,57.605,62050,0
AI.US,60,20210525,200000,57.605,57.95,57.55,57.9,84886,0
AI.US,60,20210525,210000,57.94,58.0786,57.55,57.56,94479,0
AI.US,60,20210525,220000,57.6,57.9,57.55,57.88,289265,0
AI.US,60,20210526,160000,58.3,60.45,58.1,59.83,250725,0
AI.US,60,20210526,170000,59.9,60.38,59.25,60.3034,156558,0
AI.US,60,20210526,180000,60.33,60.48,59.77,60.215,86899,0
AI.US,60,20210526,190000,60.21,60.89,60.0601,60.52,92503,0
AI.US,60,20210526,200000,60.5747,61.2,60.37,61.1,115491,0
AI.US,60,20210526,210000,61.1,61.31,60.7601,61.25,75987,0
AI.US,60,20210526,220000,61.2347,61.49,60.8001,61.43,214679,0
AI.US,60,20210527,160000,61.08,61.35,59.01,59.64,154262,0
AI.US,60,20210527,170000,59.66,60.315,58.9614,59.05,158044,0
AI.US,60,20210527,180000,59.17,59.73,59.06,59.73,143025,0
AI.US,60,20210527,190000,59.7,61.04,59.26,60.94,173028,0
AI.US,60,20210527,200000,60.97,62.35,60.8501,62.25,204529,0
AI.US,60,20210527,210000,62.2525,62.29,61.39,61.8135,142978,0
AI.US,60,20210527,220000,61.8184,63.88,61.66,63.2,781494,0
AI.US,60,20210528,160000,63.4,65.15,63.25,64.601,295675,0
AI.US,60,20210528,170000,64.59,65.199,62.71,62.89,289369,0
AI.US,60,20210528,180000,62.95,63.29,61.9,62.61,133888,0
AI.US,60,20210528,190000,62.6226,63.03,61.98,62.54,89676,0
AI.US,60,20210528,200000,62.5126,62.9,62.3,62.645,67070,0
AI.US,60,20210528,210000,62.69,62.84,62.411,62.5106,64570,0
AI.US,60,20210528,220000,62.55,62.64,61.585,61.71,230493,0
AI.US,60,20210601,160000,62.5,64.45,62.5,64.05,225388,0
AI.US,60,20210601,170000,64.0001,64.9,63,64.5,284322,0
AI.US,60,20210601,180000,64.42,66.55,64.23,66.45,408906,0
AI.US,60,20210601,190000,66.475,67.13,66.3,67.035,300159,0
AI.US,60,20210601,200000,67.07,70.4099,67,70.265,1364454,0
AI.US,60,20210601,210000,70.29,73.15,69.3445,72.48,2699039,0
AI.US,60,20210601,220000,72.49,72.56,70.62,71.76,1318985,0
AI.US,60,20210602,160000,70.2,73.49,69.3,71.9,1710623,0
AI.US,60,20210602,170000,71.86,76.85,71.5301,76.4499,2645743,0
AI.US,60,20210602,180000,76.1101,76.35,74.8,75.46,819813,0
AI.US,60,20210602,190000,75.5,76.8,75.14,76.17,569946,0
AI.US,60,20210602,200000,76.15,76.68,74.43,75.07,615905,0
AI.US,60,20210602,210000,75.01,75.45,73.72,73.91,544255,0
AI.US,60,20210602,220000,73.95,76.7,73.7942,76.15,964471,0
AI.US,60,20210603,160000,68,68.5,64.55,67.295,1389709,0
AI.US,60,20210603,170000,67.19,70.3,67.13,68.32,1104751,0
AI.US,60,20210603,180000,68.4,69.0596,67.095,68.96,417021,0
AI.US,60,20210603,190000,68.96,69.66,68,69.4289,454225,0
AI.US,60,20210603,200000,69.5,69.6,68.01,68.21,271491,0
AI.US,60,20210603,210000,68.24,68.58,66,66,389470,0
AI.US,60,20210603,220000,66,68.75,65.41,68.26,1101760,0
AI.US,60,20210604,160000,67.31,67.77,66.11,67.6235,611146,0
AI.US,60,20210604,170000,67.74,67.98,65.11,65.67,714110,0
AI.US,60,20210604,180000,65.67,66.94,65.3501,66.77,343017,0
AI.US,60,20210604,190000,66.8,67.25,66.65,67.02,256700,0
AI.US,60,20210604,200000,67.03,67.26,66.24,66.66,184714,0
AI.US,60,20210604,210000,66.65,66.81,65.25,65.91,282154,0
AI.US,60,20210604,220000,65.835,66,64.33,64.43,730727,0
AI.US,60,20210607,160000,62.56,62.56,58.78,59.3,3290706,0
AI.US,60,20210607,170000,59.3365,62.43,58.86,62.28,2387761,0
AI.US,60,20210607,180000,62.25,62.3162,60.71,61.1,541755,0
AI.US,60,20210607,190000,61.1,62.8,60.75,62.05,671837,0
AI.US,60,20210607,200000,62.035,62.23,59.52,60.05,1379610,0
AI.US,60,20210607,210000,60.14,60.59,59.41,60.4,714441,0
AI.US,60,20210607,220000,60.42,61.32,60.35,60.91,915522,0
AI.US,60,20210608,160000,61.14,63.77,60.51,63.66,903995,0
AI.US,60,20210608,170000,63.6618,65.4999,63.34,64.265,2184956,0
AI.US,60,20210608,180000,64.3,64.31,63.071,63.99,737821,0
AI.US,60,20210608,190000,63.9999,64.265,63.44,63.91,849446,0
AI.US,60,20210608,200000,63.885,64.02,63.61,63.92,414410,0
AI.US,60,20210608,210000,63.87,63.93,62.31,62.69,822807,0
AI.US,60,20210608,220000,62.7,64.0699,62.52,63.29,1050154,0
AI.US,60,20210609,160000,64.51,66.73,63.98,65.02,1129766,0
AI.US,60,20210609,170000,65.02,65.14,63.7,64.42,819180,0
AI.US,60,20210609,180000,64.37,64.46,62.6013,62.95,470270,0
AI.US,60,20210609,190000,62.91,63.68,62.73,63.65,207932,0
AI.US,60,20210609,200000,63.6,63.6537,63.22,63.34,187359,0
AI.US,60,20210609,210000,63.36,63.6599,62.9,63.05,237159,0
AI.US,60,20210609,220000,63.02,63.17,62.03,62.1,548460,0
AI.US,60,20210610,160000,62.67,62.67,60.83,60.97,562770,0
AI.US,60,20210610,170000,61.07,61.19,58.86,59.82,1386144,0
AI.US,60,20210610,180000,59.75,60.1,58.61,59.44,737177,0
AI.US,60,20210610,190000,59.4,59.53,58.11,58.285,789075,0
AI.US,60,20210610,200000,58.3,59.29,58.25,59.0339,981269,0
AI.US,60,20210610,210000,59.03,59.26,58.14,58.225,794459,0
AI.US,60,20210610,220000,58.2,58.46,57.8,58.08,1377227,0
AI.US,60,20210611,160000,58.3,60.25,58.2,59.73,591813,0
AI.US,60,20210611,170000,59.85,59.9,58.37,58.9399,362273,0
AI.US,60,20210611,180000,58.82,60,58.48,59.81,424219,0
AI.US,60,20210611,190000,59.81,60.01,59.52,59.84,183668,0
AI.US,60,20210611,200000,59.845,60.49,59.61,60.17,256858,0
AI.US,60,20210611,210000,60.1247,60.3,59.62,59.8585,130436,0
AI.US,60,20210611,220000,59.84,60.63,59.69,60.55,450960,0
AI.US,60,20210614,160000,61.4,62.02,61.02,61.59,605466,0
AI.US,60,20210614,170000,61.62,62.5498,60.7696,61.96,638578,0
AI.US,60,20210614,180000,61.95,62.068,60.58,60.6,410784,0
AI.US,60,20210614,190000,60.6091,60.98,59.82,60.115,399491,0
AI.US,60,20210614,200000,60.14,60.399,59.57,59.59,301909,0
AI.US,60,20210614,210000,59.592,60.08,59.47,60.04,284550,0
AI.US,60,20210614,220000,60.01,60.09,59.6,60,570580,0
AI.US,60,20210615,160000,59.76,60.3698,59.07,59.72,297670,0
AI.US,60,20210615,170000,59.765,59.93,57.8901,58.24,690065,0
AI.US,60,20210615,180000,58.23,58.44,57.065,57.62,554824,0
AI.US,60,20210615,190000,57.655,57.77,57.14,57.24,327845,0
AI.US,60,20210615,200000,57.22,57.49,57.031,57.28,313488,0
AI.US,60,20210615,210000,57.26,57.5,56.9,57.19,423286,0
AI.US,60,20210615,220000,57.17,57.39,56.9,57.25,554805,0
AI.US,60,20210616,160000,57.09,58.04,56.75,57.6972,286413,0
AI.US,60,20210616,170000,57.675,58.75,57.25,58.2,450708,0
AI.US,60,20210616,180000,58.17,58.34,57.4,57.705,295740,0
AI.US,60,20210616,190000,57.74,57.93,56.9,57.55,282467,0
AI.US,60,20210616,200000,57.5791,57.5791,57.11,57.19,215185,0
AI.US,60,20210616,210000,57.19,57.21,56.03,56.79,536669,0
AI.US,60,20210616,220000,56.72,58.23,56.72,57.9,745995,0
AI.US,60,20210617,160000,57.57,58.7683,57.2,58.7,237679,0
AI.US,60,20210617,170000,58.76,59.7555,58.26,59.445,435122,0
AI.US,60,20210617,180000,59.57,60.22,58.82,58.875,431560,0
AI.US,60,20210617,190000,58.87,59.5,58.4159,59.295,196913,0
AI.US,60,20210617,200000,59.35,59.58,58.97,59.38,142543,0
AI.US,60,20210617,210000,59.39,60.17,59.3,59.735,302988,0
AI.US,60,20210617,220000,59.7453,60.1,59.4,59.9,601324,0
AI.US,60,20210618,160000,59.49,60.5,59.0601,59.765,284753,0
AI.US,60,20210618,170000,59.81,59.98,58.785,59.35,237134,0
AI.US,60,20210618,180000,59.3464,59.5499,59.02,59.33,114056,0
AI.US,60,20210618,190000,59.2764,59.78,59.19,59.529,150465,0
AI.US,60,20210618,200000,59.5,59.57,58.75,58.85,239519,0
AI.US,60,20210618,210000,58.84,59.07,58.38,58.4504,234095,0
AI.US,60,20210618,220000,58.45,59.24,58.32,59.18,778525,0
AI.US,60,20210621,160000,59.01,59.57,57.25,58.62,271662,0
AI.US,60,20210621,170000,58.68,58.699,57.33,57.6047,253285,0
AI.US,60,20210621,180000,57.574,57.93,57.35,57.525,289946,0
AI.US,60,20210621,190000,57.525,58.385,57.46,57.89,246383,0
AI.US,60,20210621,200000,57.91,58.18,57.35,57.45,309930,0
AI.US,60,20210621,210000,57.4627,57.79,57.36,57.76,405847,0
AI.US,60,20210621,220000,57.74,57.95,57.25,57.89,787216,0
AI.US,60,20210622,160000,57.83,58.94,57.61,58.3258,190406,0
AI.US,60,20210622,170000,58.34,58.7,57.84,58.55,226354,0
AI.US,60,20210622,180000,58.5154,60.15,58.5154,59.6491,511979,0
AI.US,60,20210622,190000,59.69,60.66,59.67,59.92,403655,0
AI.US,60,20210622,200000,59.92,60.4,59.66,60.2818,194693,0
AI.US,60,20210622,210000,60.29,60.6,60.17,60.44,190773,0
AI.US,60,20210622,220000,60.4499,60.74,60.275,60.49,658917,0
AI.US,60,20210623,160000,60.29,61.21,60.18,60.92,232460,0
AI.US,60,20210623,170000,60.885,61.48,60.12,60.25,417714,0
AI.US,60,20210623,180000,60.26,61.06,59.8,60.7853,325049,0
AI.US,60,20210623,190000,60.79,60.98,60.385,60.675,140191,0
AI.US,60,20210623,200000,60.7,61.24,60.61,61.164,134146,0
AI.US,60,20210623,210000,61.2299,61.53,60.765,61.32,290321,0
AI.US,60,20210623,220000,61.39,61.83,61.36,61.65,405674,0
AI.US,60,20210624,160000,62.17,62.76,61.72,62.15,448474,0
AI.US,60,20210624,170000,62.12,63.07,61.55,62.18,437368,0
AI.US,60,20210624,180000,62.16,63.05,62.13,62.9884,560644,0
AI.US,60,20210624,190000,63,63.14,61.7016,61.8632,420608,0
AI.US,60,20210624,200000,61.78,62.6999,61.78,62.0794,318635,0
AI.US,60,20210624,210000,62.055,62.48,61.97,62.26,195627,0
AI.US,60,20210624,220000,62.32,62.47,61.76,61.88,480206,0
AI.US,60,20210625,160000,62.5,64.95,62.39,63.71,736484,0
AI.US,60,20210625,170000,63.59,63.59,62.75,63.09,713956,0
AI.US,60,20210625,180000,63.11,64.1499,63.09,63.4,682549,0
AI.US,60,20210625,190000,63.405,63.52,62.97,63.45,374535,0
AI.US,60,20210625,200000,63.45,63.53,63.2,63.35,222256,0
AI.US,60,20210625,210000,63.35,64.37,62.9918,64.3064,398562,0
AI.US,60,20210625,220000,64.32,64.37,63.39,64.05,936113,0
AI.US,60,20210628,160000,64.5,65.82,64.48,65.431,628619,0
AI.US,60,20210628,170000,65.42,66.88,65.39,66.29,801007,0
AI.US,60,20210628,180000,66.3,66.83,66.1,66.745,297322,0
AI.US,60,20210628,190000,66.755,67.2,66.68,66.9391,448647,0
AI.US,60,20210628,200000,66.93,67.38,66.1268,66.4101,397842,0
AI.US,60,20210628,210000,66.43,66.83,66.38,66.5788,269933,0
AI.US,60,20210628,220000,66.61,66.9707,65.91,66.41,1134348,0
AI.US,60,20210629,160000,66.55,67.37,65.52,67.15,346736,0
AI.US,60,20210629,170000,67.09,67.15,64.25,64.41,859105,0
AI.US,60,20210629,180000,64.5,64.86,63.83,64.5885,326786,0
AI.US,60,20210629,190000,64.599,65.65,64.47,65.16,242641,0
AI.US,60,20210629,200000,65.2187,65.71,64.9001,65.06,183335,0
AI.US,60,20210629,210000,65.05,65.3,64.0616,64.13,262222,0
AI.US,60,20210629,220000,64.18,64.75,64.08,64.42,473862,0
AI.US,60,20210630,160000,64.03,64.4,62.7,63.9,476761,0
AI.US,60,20210630,170000,63.96,65.3,63.89,64.95,410886,0
AI.US,60,20210630,180000,64.97,65.98,64.72,65.36,330430,0
AI.US,60,20210630,190000,65.36,65.58,64.65,64.8463,195511,0
AI.US,60,20210630,200000,64.88,65.14,64.47,64.84,195366,0
AI.US,60,20210630,210000,64.85,64.85,63.99,64.175,254816,0
AI.US,60,20210630,220000,64.175,64.38,62.21,62.62,1165592,0
AI.US,60,20210701,160000,62.59,63.54,62.22,63.104,305957,0
AI.US,60,20210701,170000,63.09,64.44,62.8001,63.5,429437,0
AI.US,60,20210701,180000,63.5,63.6899,61.7,62.98,434850,0
AI.US,60,20210701,190000,62.9202,63.12,62.1239,62.205,106287,0
AI.US,60,20210701,200000,62.17,62.73,62.0501,62.18,170268,0
AI.US,60,20210701,210000,62.1992,63.6,62.15,63.25,211743,0
AI.US,60,20210701,220000,63.25,64.1,63.25,63.8,523988,0
AI.US,60,20210702,160000,63.71,64.5,62.695,62.75,185099,0
AI.US,60,20210702,170000,62.83,63.02,61.7905,61.8901,393633,0
AI.US,60,20210702,180000,61.89,62.37,61.81,62.0342,165915,0
AI.US,60,20210702,190000,62.06,62.08,61.38,61.72,232642,0
AI.US,60,20210702,200000,61.76,61.86,61.35,61.36,148263,0
AI.US,60,20210702,210000,61.3942,61.4449,61.095,61.1501,187382,0
AI.US,60,20210702,220000,61.15,61.21,60.51,60.53,684094,0
AI.US,60,20210706,160000,60.84,61.4,59.64,59.9514,334768,0
AI.US,60,20210706,170000,59.8295,61.8,59.8295,61.39,319573,0
AI.US,60,20210706,180000,61.39,61.8,60.35,60.5173,182233,0
AI.US,60,20210706,190000,60.545,60.5699,59.77,60.1116,208405,0
AI.US,60,20210706,200000,60.155,60.2,59.85,59.86,114358,0
AI.US,60,20210706,210000,59.86,60.1617,59.2,59.4903,204763,0
AI.US,60,20210706,220000,59.4475,60.1199,59.44,59.99,272250,0
AI.US,60,20210707,160000,60,60.23,58.9,59.15,219619,0
AI.US,60,20210707,170000,59.11,59.11,57.25,57.69,552625,0
AI.US,60,20210707,180000,57.7099,58.4714,57.6,58.12,249558,0
AI.US,60,20210707,190000,58.12,58.93,58.0153,58.6202,215168,0
AI.US,60,20210707,200000,58.6143,58.76,58.2,58.2,121182,0
AI.US,60,20210707,210000,58.22,58.5,57.95,58.2401,234339,0
AI.US,60,20210707,220000,58.23,58.54,58.15,58.41,413665,0
AI.US,60,20210708,160000,57.1,57.58,55.6,57.06,322642,0
AI.US,60,20210708,170000,57.12,58.29,56.75,56.75,272710,0
AI.US,60,20210708,180000,56.79,57.79,56.67,57.7236,171189,0
AI.US,60,20210708,190000,57.79,58.1,57.5135,57.91,113244,0
AI.US,60,20210708,200000,57.92,58.38,57.45,58.2701,187712,0
AI.US,60,20210708,210000,58.2899,58.3642,57.75,58.25,119342,0
AI.US,60,20210708,220000,58.2195,58.5,57.9,58.5,236047,0
AI.US,60,20210709,160000,58.61,58.99,57.58,58.0968,180504,0
AI.US,60,20210709,170000,58.14,58.17,57.355,57.9,268011,0
AI.US,60,20210709,180000,57.9,58.38,57.81,58.1401,202704,0
AI.US,60,20210709,190000,58.23,58.66,58.2101,58.55,133494,0
AI.US,60,20210709,200000,58.51,58.8,58.248,58.46,106145,0
AI.US,60,20210709,210000,58.43,59.06,58.406,58.875,158296,0
AI.US,60,20210709,220000,58.88,59.28,58.756,59.19,237264,0
