<TICKER>,<PER>,<DATE>,<TIME>,<OPEN>,<HIGH>,<LOW>,<CLOSE>,<VOL>,<OPENINT>
ATIP.US,60,20201005,160000,10.02,10.02,10.02,10.02,200,0
ATIP.US,60,20201005,170000,10.02,10.02,10.02,10.02,800,0
ATIP.US,60,20201005,200000,10,10,9.97,9.97,1800,0
ATIP.US,60,20201005,220000,9.89,9.89,9.89,9.89,100,0
ATIP.US,60,20201006,170000,10,10.06,10,10.06,710,0
ATIP.US,60,20201006,180000,10.06,10.06,10.06,10.06,200,0
ATIP.US,60,20201006,210000,9.9,9.9,9.89,9.89,2600,0
ATIP.US,60,20201006,220000,10.04,10.04,10.04,10.04,1952,0
ATIP.US,60,20201007,170000,9.91,9.91,9.91,9.91,100,0
ATIP.US,60,20201007,200000,9.92,9.92,9.9,9.91,4290,0
ATIP.US,60,20201007,210000,9.905,9.905,9.9,9.9,1100,0
ATIP.US,60,20201007,220000,9.9,9.9,9.9,9.9,500,0
ATIP.US,60,20201008,200000,9.88,9.88,9.88,9.88,150,0
ATIP.US,60,20201008,220000,9.88,9.9,9.88,9.9,1100,0
ATIP.US,60,20201009,180000,9.88,9.88,9.88,9.88,100,0
ATIP.US,60,20201009,190000,9.9,9.9,9.9,9.9,1000,0
ATIP.US,60,20201009,200000,9.86,9.86,9.86,9.86,2000,0
ATIP.US,60,20201012,160000,9.89,9.9,9.89,9.9,2000,0
ATIP.US,60,20201012,170000,9.9,9.9,9.85,9.8742,3880,0
ATIP.US,60,20201012,200000,9.87,9.87,9.87,9.87,200,0
ATIP.US,60,20201012,210000,9.85,9.9,9.85,9.88,1935,0
ATIP.US,60,20201012,220000,9.9,9.9,9.88,9.9,11775,0
ATIP.US,60,20201013,160000,9.95,9.95,9.88,9.88,7105,0
ATIP.US,60,20201013,180000,9.85,9.9,9.82,9.84,42365,0
ATIP.US,60,20201013,190000,9.83,9.9,9.83,9.85,279077,0
ATIP.US,60,20201013,200000,9.84,9.9,9.83,9.83,9573,0
ATIP.US,60,20201013,210000,9.83,9.83,9.83,9.83,3158,0
ATIP.US,60,20201013,220000,9.85,9.85,9.85,9.85,941,0
ATIP.US,60,20201014,160000,9.86,9.86,9.86,9.86,500,0
ATIP.US,60,20201014,170000,9.83,9.83,9.83,9.83,10000,0
ATIP.US,60,20201014,180000,9.83,9.85,9.83,9.85,50955,0
ATIP.US,60,20201014,200000,9.82,9.83,9.81,9.82,12200,0
ATIP.US,60,20201014,210000,9.88,9.88,9.79,9.86,14905,0
ATIP.US,60,20201014,220000,9.82,9.87,9.79,9.87,6067,0
ATIP.US,60,20201015,170000,9.835,9.835,9.835,9.835,120,0
ATIP.US,60,20201015,180000,9.835,9.86,9.82,9.86,10100,0
ATIP.US,60,20201015,210000,9.85,9.87,9.85,9.87,2211,0
ATIP.US,60,20201016,170000,9.84,9.84,9.84,9.84,20000,0
ATIP.US,60,20201016,180000,9.8,9.8,9.79,9.8,2628,0
ATIP.US,60,20201016,190000,9.8,9.83,9.8,9.8,9300,0
ATIP.US,60,20201016,200000,9.83,9.84,9.83,9.84,20000,0
ATIP.US,60,20201016,220000,9.85,9.85,9.84,9.85,2000,0
ATIP.US,60,20201019,160000,9.89,9.89,9.89,9.89,106,0
ATIP.US,60,20201019,180000,9.88,9.89,9.86,9.89,1306,0
ATIP.US,60,20201019,190000,9.86,9.86,9.82,9.83,7200,0
ATIP.US,60,20201020,170000,9.9,9.9,9.9,9.9,800,0
ATIP.US,60,20201020,210000,9.89,9.89,9.83,9.83,4799,0
ATIP.US,60,20201020,220000,9.83,9.83,9.83,9.83,800,0
ATIP.US,60,20201021,170000,9.89,9.89,9.89,9.89,100,0
ATIP.US,60,20201021,190000,9.81,9.81,9.81,9.81,100,0
ATIP.US,60,20201021,220000,9.83,9.85,9.83,9.85,608,0
ATIP.US,60,20201022,170000,9.82,9.82,9.82,9.82,1001,0
ATIP.US,60,20201022,190000,9.85,9.85,9.85,9.85,1350,0
ATIP.US,60,20201022,220000,9.85,9.85,9.85,9.85,150,0
ATIP.US,60,20201023,160000,9.8,9.8,9.72,9.72,700,0
ATIP.US,60,20201023,170000,9.79,9.79,9.79,9.79,560,0
ATIP.US,60,20201023,180000,9.77,9.7999,9.77,9.7999,1942,0
ATIP.US,60,20201023,210000,9.7771,9.7771,9.7771,9.7771,1000,0
ATIP.US,60,20201023,220000,9.77,9.79,9.74,9.79,723,0
ATIP.US,60,20201026,150000,9.69,9.8,9.65,9.8,1460,0
ATIP.US,60,20201026,160000,9.72,9.72,9.7,9.7,1000,0
ATIP.US,60,20201026,210000,9.7318,9.7318,9.7,9.7,1126,0
ATIP.US,60,20201027,160000,9.79,9.79,9.79,9.79,500,0
ATIP.US,60,20201027,180000,9.7531,9.761,9.73,9.73,502340,0
ATIP.US,60,20201027,190000,9.71,9.73,9.7,9.73,107900,0
ATIP.US,60,20201027,200000,9.73,9.73,9.73,9.73,1000,0
ATIP.US,60,20201027,210000,9.7176,9.73,9.7176,9.73,518,0
ATIP.US,60,20201028,150000,9.71,9.71,9.71,9.71,100,0
ATIP.US,60,20201028,160000,9.71,9.72,9.71,9.72,500,0
ATIP.US,60,20201028,180000,9.73,9.73,9.73,9.73,10600,0
ATIP.US,60,20201028,190000,9.69,9.69,9.68,9.68,1892,0
ATIP.US,60,20201029,200000,9.72,9.72,9.72,9.72,200,0
ATIP.US,60,20201029,210000,9.73,9.7397,9.69,9.69,4000,0
ATIP.US,60,20201030,150000,9.73,9.73,9.73,9.73,100,0
ATIP.US,60,20201030,170000,9.67,9.6701,9.67,9.6701,3230,0
ATIP.US,60,20201030,210000,9.7,9.7,9.7,9.7,400,0
ATIP.US,60,20201102,190000,9.71,9.77,9.71,9.77,6911,0
ATIP.US,60,20201102,210000,9.71,9.71,9.71,9.71,100,0
ATIP.US,60,20201102,220000,9.735,9.735,9.7,9.7,1559,0
ATIP.US,60,20201103,160000,9.73,9.73,9.73,9.73,100,0
ATIP.US,60,20201103,170000,9.73,9.73,9.73,9.73,139352,0
ATIP.US,60,20201104,160000,9.74,9.74,9.74,9.74,100,0
ATIP.US,60,20201104,200000,9.81,9.81,9.73,9.7301,577,0
ATIP.US,60,20201105,190000,9.73,9.73,9.73,9.73,100,0
ATIP.US,60,20201105,210000,9.73,9.73,9.73,9.73,100,0
ATIP.US,60,20201109,160000,9.73,9.94,9.73,9.88,982,0
ATIP.US,60,20201109,200000,9.77,9.82,9.77,9.7702,21100,0
ATIP.US,60,20201109,210000,9.82,9.9,9.8,9.8,7470,0
ATIP.US,60,20201109,220000,9.79,9.89,9.79,9.89,1100,0
ATIP.US,60,20201110,180000,9.8357,9.86,9.8357,9.86,2400,0
ATIP.US,60,20201110,220000,9.8879,9.93,9.8879,9.93,700,0
ATIP.US,60,20201111,180000,9.85,9.88,9.82,9.88,7000,0
ATIP.US,60,20201111,190000,9.81,9.85,9.81,9.85,200,0
ATIP.US,60,20201111,200000,9.87,9.89,9.84,9.89,5701,0
ATIP.US,60,20201111,210000,9.83,9.89,9.82,9.83,2000,0
ATIP.US,60,20201111,220000,9.88,9.9,9.88,9.9,300,0
ATIP.US,60,20201112,170000,9.91,9.92,9.9,9.9,9500,0
ATIP.US,60,20201112,180000,9.9,9.9,9.89,9.9,750,0
ATIP.US,60,20201112,200000,9.89,9.89,9.89,9.89,100,0
ATIP.US,60,20201112,220000,9.89,9.91,9.88,9.91,11300,0
ATIP.US,60,20201113,160000,9.91,9.91,9.91,9.91,145,0
ATIP.US,60,20201113,170000,9.89,9.89,9.87,9.87,400,0
ATIP.US,60,20201113,180000,9.87,9.87,9.87,9.87,500,0
ATIP.US,60,20201113,190000,9.87,9.8713,9.87,9.8713,3000,0
ATIP.US,60,20201113,200000,9.87,9.87,9.78,9.81,10886,0
ATIP.US,60,20201113,210000,9.825,9.825,9.825,9.825,306,0
ATIP.US,60,20201113,220000,9.82,9.83,9.82,9.82,1700,0
ATIP.US,60,20201116,160000,9.94,9.94,9.9,9.9,1100,0
ATIP.US,60,20201116,180000,9.86,9.92,9.86,9.86,1755,0
ATIP.US,60,20201116,190000,9.86,9.86,9.86,9.86,700,0
ATIP.US,60,20201116,200000,9.8732,9.89,9.8732,9.89,800,0
ATIP.US,60,20201116,220000,9.89,9.91,9.89,9.9,1600,0
ATIP.US,60,20201117,160000,9.91,9.91,9.91,9.91,100,0
ATIP.US,60,20201117,170000,9.875,9.9,9.87,9.9,10800,0
ATIP.US,60,20201117,180000,9.875,9.88,9.843,9.843,14100,0
ATIP.US,60,20201117,200000,9.85,9.85,9.85,9.85,1000,0
ATIP.US,60,20201117,220000,9.85,9.85,9.845,9.85,16000,0
ATIP.US,60,20201118,160000,9.94,9.94,9.899,9.9,3754,0
ATIP.US,60,20201118,170000,9.9065,9.92,9.9065,9.92,1200,0
ATIP.US,60,20201118,180000,9.9162,9.9162,9.9162,9.9162,101,0
ATIP.US,60,20201118,190000,9.92,9.92,9.87,9.87,2700,0
ATIP.US,60,20201118,200000,9.87,9.87,9.87,9.87,100,0
ATIP.US,60,20201118,210000,9.88,9.88,9.88,9.88,100,0
ATIP.US,60,20201118,220000,9.885,9.94,9.86,9.94,10841,0
ATIP.US,60,20201119,160000,9.88,9.915,9.88,9.915,251,0
ATIP.US,60,20201119,170000,9.92,9.94,9.88,9.94,5900,0
ATIP.US,60,20201119,180000,9.8865,9.9,9.88,9.9,306,0
ATIP.US,60,20201119,190000,9.91,9.98,9.91,9.94,122044,0
ATIP.US,60,20201119,200000,9.94,9.98,9.89,9.9,44584,0
ATIP.US,60,20201119,210000,9.89,9.94,9.89,9.9,9767,0
ATIP.US,60,20201119,220000,9.9,9.96,9.89,9.95,12111,0
ATIP.US,60,20201120,160000,10.02,10.02,9.895,9.895,9700,0
ATIP.US,60,20201120,170000,9.9,9.92,9.9,9.9,1800,0
ATIP.US,60,20201120,180000,9.89,9.9,9.88,9.9,1547,0
ATIP.US,60,20201120,190000,9.9,9.9,9.89,9.9,183155,0
ATIP.US,60,20201120,200000,9.9,9.9614,9.89,9.9,44944,0
ATIP.US,60,20201120,210000,9.9,9.935,9.9,9.915,12700,0
ATIP.US,60,20201120,220000,9.915,9.97,9.87,9.96,113360,0
ATIP.US,60,20201123,160000,10.02,10.0842,9.91,10.055,37936,0
ATIP.US,60,20201123,170000,10.03,10.054,9.97,10.05,41062,0
ATIP.US,60,20201123,180000,10.05,10.05,10.02,10.04,2200,0
ATIP.US,60,20201123,190000,10.04,10.05,10.02,10.05,3000,0
ATIP.US,60,20201123,200000,10.05,10.05,10.02,10.02,11300,0
ATIP.US,60,20201123,210000,10.04,10.075,10.03,10.075,15700,0
ATIP.US,60,20201123,220000,10.075,10.075,10,10.04,34902,0
ATIP.US,60,20201124,160000,10.04,10.04,10,10.005,7364,0
ATIP.US,60,20201124,170000,10,10.06,10,10.04,118633,0
ATIP.US,60,20201124,180000,10.07,10.08,10.04,10.05,103000,0
ATIP.US,60,20201124,190000,10.04,10.07,10.03,10.05,17800,0
ATIP.US,60,20201124,200000,10.06,10.075,10.05,10.06,59052,0
ATIP.US,60,20201124,210000,10.06,10.105,10.06,10.08,8874,0
ATIP.US,60,20201124,220000,10.09,10.09,10.05,10.06,4969,0
ATIP.US,60,20201125,160000,10.15,10.15,10.08,10.08,2300,0
ATIP.US,60,20201125,170000,10.0926,10.12,10.0926,10.1,35900,0
ATIP.US,60,20201125,180000,10.04,10.09,10.04,10.0896,4301,0
ATIP.US,60,20201125,190000,10.09,10.11,10.065,10.07,29630,0
ATIP.US,60,20201125,200000,10.07,10.1,10.07,10.095,1700,0
ATIP.US,60,20201125,210000,10.11,10.17,10.04,10.125,16883,0
ATIP.US,60,20201125,220000,10.12,10.18,10.1,10.15,15117,0
ATIP.US,60,20201127,160000,10.25,10.25,10.163,10.24,4100,0
ATIP.US,60,20201127,170000,10.24,10.24,10.1802,10.235,707,0
ATIP.US,60,20201127,180000,10.175,10.3,10.155,10.29,6170,0
ATIP.US,60,20201127,190000,10.27,10.31,10.27,10.2857,4375,0
ATIP.US,60,20201127,200000,10.3,10.3,10.3,10.3,300,0
ATIP.US,60,20201130,160000,10.3,10.3,10.2,10.29,46750,0
ATIP.US,60,20201130,170000,10.275,10.281,10.25,10.281,6115,0
ATIP.US,60,20201130,180000,10.28,10.28,10.275,10.275,1073,0
ATIP.US,60,20201130,190000,10.3,10.3,10.25,10.275,27745,0
ATIP.US,60,20201130,200000,10.26,10.26,10.24,10.25,7900,0
ATIP.US,60,20201130,210000,10.25,10.25,10.21,10.2496,13530,0
ATIP.US,60,20201130,220000,10.21,10.25,10.21,10.25,1601,0
ATIP.US,60,20201201,160000,10.22,10.25,10.2,10.25,1458,0
ATIP.US,60,20201201,170000,10.21,10.24,10.195,10.24,114346,0
ATIP.US,60,20201201,180000,10.24,10.25,10.24,10.25,2800,0
ATIP.US,60,20201201,190000,10.25,10.25,10.2,10.2479,18358,0
ATIP.US,60,20201201,200000,10.25,10.25,10.23,10.25,1700,0
ATIP.US,60,20201201,210000,10.2265,10.25,10.2265,10.25,700,0
ATIP.US,60,20201201,220000,10.25,10.25,10.23,10.23,2950,0
ATIP.US,60,20201202,160000,10.2,10.2088,10.2,10.2088,1100,0
ATIP.US,60,20201202,170000,10.21,10.21,10.21,10.21,4232,0
ATIP.US,60,20201202,180000,10.27,10.27,10.25,10.25,5200,0
ATIP.US,60,20201202,190000,10.2,10.2,10.2,10.2,5000,0
ATIP.US,60,20201202,200000,10.25,10.25,10.225,10.225,12600,0
ATIP.US,60,20201202,210000,10.2,10.25,10.2,10.2499,35223,0
ATIP.US,60,20201202,220000,10.21,10.22,10.2,10.21,27959,0
ATIP.US,60,20201203,160000,10.25,10.25,10.19,10.19,5019,0
ATIP.US,60,20201203,170000,10.2231,10.25,10.21,10.25,53500,0
ATIP.US,60,20201203,180000,10.25,10.25,10.25,10.25,1800,0
ATIP.US,60,20201203,190000,10.23,10.25,10.23,10.23,3800,0
ATIP.US,60,20201203,200000,10.24,10.25,10.235,10.235,1200,0
ATIP.US,60,20201203,210000,10.25,10.25,10.22,10.23,3900,0
ATIP.US,60,20201203,220000,10.25,10.255,10.22,10.24,64885,0
ATIP.US,60,20201204,160000,10.25,10.25,10.25,10.25,2170,0
ATIP.US,60,20201204,170000,10.25,10.29,10.245,10.25,14534,0
ATIP.US,60,20201204,180000,10.26,10.3,10.23,10.23,110847,0
ATIP.US,60,20201204,190000,10.23,10.3,10.213,10.3,30287,0
ATIP.US,60,20201204,200000,10.27,10.275,10.24,10.25,4425,0
ATIP.US,60,20201204,210000,10.26,10.27,10.25,10.26,3128,0
ATIP.US,60,20201204,220000,10.25,10.3,10.25,10.27,158150,0
ATIP.US,60,20201207,160000,10.3,10.3,10.26,10.291,31618,0
ATIP.US,60,20201207,170000,10.28,10.3,10.27,10.285,12296,0
ATIP.US,60,20201207,180000,10.27,10.28,10.26,10.28,2473,0
ATIP.US,60,20201207,190000,10.27,10.28,10.23,10.24,55304,0
ATIP.US,60,20201207,200000,10.24,10.245,10.21,10.24,16470,0
ATIP.US,60,20201207,210000,10.225,10.24,10.225,10.23,5070,0
ATIP.US,60,20201207,220000,10.22,10.2299,10.21,10.22,13415,0
ATIP.US,60,20201208,160000,10.25,10.265,10.2,10.25,149681,0
ATIP.US,60,20201208,170000,10.23,10.25,10.23,10.24,18405,0
ATIP.US,60,20201208,180000,10.23,10.25,10.22,10.22,11552,0
ATIP.US,60,20201208,190000,10.22,10.235,10.22,10.22,1741,0
ATIP.US,60,20201208,200000,10.22,10.25,10.22,10.24,63631,0
ATIP.US,60,20201208,210000,10.24,10.25,10.22,10.23,24152,0
ATIP.US,60,20201208,220000,10.24,10.25,10.22,10.23,10111,0
ATIP.US,60,20201209,160000,10.3,10.3,10.28,10.2996,21320,0
ATIP.US,60,20201209,170000,10.29,10.3,10.28,10.2985,1410,0
ATIP.US,60,20201209,180000,10.3,10.3,10.28,10.28,761,0
ATIP.US,60,20201209,190000,10.291,10.3,10.26,10.26,31702,0
ATIP.US,60,20201209,200000,10.2899,10.2899,10.26,10.26,1750,0
ATIP.US,60,20201209,210000,10.26,10.275,10.26,10.26,16223,0
ATIP.US,60,20201209,220000,10.2728,10.28,10.245,10.27,4952,0
ATIP.US,60,20201210,160000,10.21,10.3,10.21,10.3,18725,0
ATIP.US,60,20201210,170000,10.3,10.3,10.25,10.25,47188,0
ATIP.US,60,20201210,180000,10.25,10.3,10.25,10.3,11664,0
ATIP.US,60,20201210,190000,10.3,10.3,10.25,10.274,29750,0
ATIP.US,60,20201210,200000,10.2559,10.3,10.2559,10.3,14260,0
ATIP.US,60,20201210,210000,10.3,10.3,10.25,10.285,8810,0
ATIP.US,60,20201210,220000,10.28,10.3,10.23,10.3,17504,0
ATIP.US,60,20201211,160000,10.6,10.6,10.25,10.39,22575,0
ATIP.US,60,20201211,170000,10.39,10.49,10.355,10.37,18862,0
ATIP.US,60,20201211,180000,10.32,10.41,10.32,10.4,3439,0
ATIP.US,60,20201211,190000,10.41,10.42,10.33,10.35,8379,0
ATIP.US,60,20201211,200000,10.3411,10.35,10.31,10.33,32863,0
ATIP.US,60,20201211,210000,10.35,10.43,10.33,10.42,25423,0
ATIP.US,60,20201211,220000,10.42,10.52,10.35,10.52,90479,0
ATIP.US,60,20201214,160000,10.4,10.49,10.34,10.35,102686,0
ATIP.US,60,20201214,170000,10.31,10.35,10.31,10.35,32452,0
ATIP.US,60,20201214,180000,10.34,10.35,10.34,10.34,9262,0
ATIP.US,60,20201214,190000,10.35,10.3822,10.35,10.38,41609,0
ATIP.US,60,20201214,200000,10.4,10.4,10.39,10.4,1377,0
ATIP.US,60,20201214,210000,10.39,10.4,10.39,10.4,8100,0
ATIP.US,60,20201214,220000,10.3804,10.4,10.38,10.38,25284,0
ATIP.US,60,20201215,160000,10.38,10.41,10.35,10.35,3208,0
ATIP.US,60,20201215,170000,10.32,10.3855,10.2997,10.3,68787,0
ATIP.US,60,20201215,180000,10.3,10.325,10.3,10.3,8600,0
ATIP.US,60,20201215,190000,10.3,10.31,10.3,10.3,300,0
ATIP.US,60,20201215,200000,10.3,10.3,10.25,10.265,21600,0
ATIP.US,60,20201215,210000,10.265,10.34,10.25,10.26,215484,0
ATIP.US,60,20201215,220000,10.26,10.35,10.25,10.25,33300,0
ATIP.US,60,20201216,160000,10.25,10.32,10.25,10.3,9703,0
ATIP.US,60,20201216,170000,10.35,10.375,10.313,10.37,13492,0
ATIP.US,60,20201216,180000,10.35,10.37,10.35,10.36,10796,0
ATIP.US,60,20201216,190000,10.345,10.35,10.29,10.3,12735,0
ATIP.US,60,20201216,200000,10.3,10.368,10.3,10.35,23200,0
ATIP.US,60,20201216,210000,10.3699,10.37,10.35,10.37,10863,0
ATIP.US,60,20201216,220000,10.35,10.37,10.345,10.35,16066,0
ATIP.US,60,20201217,160000,10.35,10.4,10.35,10.35,761,0
ATIP.US,60,20201217,170000,10.3831,10.3831,10.29,10.345,156179,0
ATIP.US,60,20201217,180000,10.3001,10.3769,10.3001,10.37,17550,0
ATIP.US,60,20201217,190000,10.3833,10.41,10.37,10.3776,21300,0
ATIP.US,60,20201217,200000,10.38,10.45,10.38,10.4499,33151,0
ATIP.US,60,20201217,210000,10.3999,10.42,10.38,10.39,12300,0
ATIP.US,60,20201217,220000,10.415,10.44,10.39,10.44,10000,0
ATIP.US,60,20201218,160000,10.39,10.45,10.39,10.45,1600,0
ATIP.US,60,20201218,170000,10.46,10.49,10.46,10.4769,30270,0
ATIP.US,60,20201218,180000,10.49,10.5099,10.46,10.5099,8100,0
ATIP.US,60,20201218,190000,10.4891,10.4898,10.4891,10.4898,2000,0
ATIP.US,60,20201218,200000,10.46,10.46,10.46,10.46,3700,0
ATIP.US,60,20201218,210000,10.47,10.4799,10.46,10.46,10985,0
ATIP.US,60,20201218,220000,10.46,10.55,10.4,10.55,63706,0
ATIP.US,60,20201221,160000,10.55,10.55,10.5,10.5,3288,0
ATIP.US,60,20201221,170000,10.4641,10.48,10.44,10.47,67890,0
ATIP.US,60,20201221,180000,10.4799,10.5099,10.4799,10.5099,14242,0
ATIP.US,60,20201221,190000,10.5099,10.54,10.5,10.54,11260,0
ATIP.US,60,20201221,200000,10.54,10.57,10.54,10.57,5492,0
ATIP.US,60,20201221,210000,10.55,10.5699,10.55,10.555,15567,0
ATIP.US,60,20201221,220000,10.57,10.57,10.54,10.55,60362,0
ATIP.US,60,20201222,160000,10.65,10.7,10.6427,10.65,14980,0
ATIP.US,60,20201222,170000,10.65,10.8,10.61,10.79,48927,0
ATIP.US,60,20201222,180000,10.79,10.8385,10.74,10.8,42221,0
ATIP.US,60,20201222,190000,10.8,10.97,10.8,10.84,57660,0
ATIP.US,60,20201222,200000,10.84,10.91,10.69,10.8,349539,0
ATIP.US,60,20201222,210000,10.79,10.8,10.74,10.77,29112,0
ATIP.US,60,20201222,220000,10.79,10.8,10.6884,10.71,52790,0
ATIP.US,60,20201223,160000,10.97,10.97,10.75,10.78,40267,0
ATIP.US,60,20201223,170000,10.77,10.77,10.68,10.71,58396,0
ATIP.US,60,20201223,180000,10.71,10.77,10.64,10.73,34868,0
ATIP.US,60,20201223,190000,10.7265,10.78,10.7,10.7,39314,0
ATIP.US,60,20201223,200000,10.71,10.74,10.64,10.74,12678,0
ATIP.US,60,20201223,210000,10.7,10.74,10.65,10.65,59681,0
ATIP.US,60,20201223,220000,10.67,10.74,10.5873,10.7,285181,0
ATIP.US,60,20201224,160000,11,11.12,10.75,10.8749,127979,0
ATIP.US,60,20201224,170000,10.86,11.01,10.8,10.99,72639,0
ATIP.US,60,20201224,180000,10.99,10.99,10.75,10.76,125065,0
ATIP.US,60,20201224,190000,10.76,10.8,10.62,10.73,141249,0
ATIP.US,60,20201224,200000,10.8,10.8,10.8,10.8,8920,0
ATIP.US,60,20201228,160000,11.04,11.1,10.8755,10.99,111971,0
ATIP.US,60,20201228,170000,10.985,11,10.93,10.93,62140,0
ATIP.US,60,20201228,180000,10.95,10.99,10.9,10.97,158667,0
ATIP.US,60,20201228,190000,10.9899,10.99,10.9,10.95,74386,0
ATIP.US,60,20201228,200000,10.93,10.99,10.9,10.93,84051,0
ATIP.US,60,20201228,210000,10.98,10.98,10.87,10.88,138990,0
ATIP.US,60,20201228,220000,10.88,10.95,10.88,10.94,126457,0
ATIP.US,60,20201229,160000,11.04,11.05,10.85,10.9,99398,0
ATIP.US,60,20201229,170000,11,11,10.77,10.87,127408,0
ATIP.US,60,20201229,180000,10.8886,10.9,10.85,10.88,48198,0
ATIP.US,60,20201229,190000,10.89,10.89,10.8525,10.87,20957,0
ATIP.US,60,20201229,200000,10.86,10.88,10.8,10.8,45909,0
ATIP.US,60,20201229,210000,10.83,10.88,10.8,10.86,31501,0
ATIP.US,60,20201229,220000,10.84,10.85,10.6891,10.7,112948,0
ATIP.US,60,20201230,160000,10.64,10.8,10.61,10.8,47399,0
ATIP.US,60,20201230,170000,10.8,10.8299,10.75,10.8,95628,0
ATIP.US,60,20201230,180000,10.8,11,10.7,10.78,122486,0
ATIP.US,60,20201230,190000,10.78,10.83,10.75,10.7799,69207,0
ATIP.US,60,20201230,200000,10.78,10.85,10.75,10.77,68916,0
ATIP.US,60,20201230,210000,10.77,10.79,10.74,10.76,20437,0
ATIP.US,60,20201230,220000,10.765,10.87,10.75,10.84,40487,0
ATIP.US,60,20201231,160000,10.7,10.8,10.65,10.74,22662,0
ATIP.US,60,20201231,170000,10.72,10.72,10.55,10.69,82976,0
ATIP.US,60,20201231,180000,10.7,10.7,10.68,10.69,48719,0
ATIP.US,60,20201231,190000,10.6989,10.79,10.6989,10.775,10556,0
ATIP.US,60,20201231,200000,10.79,10.7996,10.7,10.7765,9095,0
ATIP.US,60,20201231,210000,10.76,10.79,10.72,10.72,10100,0
ATIP.US,60,20201231,220000,10.75,10.75,10.7,10.73,14222,0
ATIP.US,60,20210104,160000,10.94,10.96,10.76,10.87,88848,0
ATIP.US,60,20210104,170000,10.8379,10.94,10.8,10.89,119705,0
ATIP.US,60,20210104,180000,10.89,10.89,10.71,10.7399,44236,0
ATIP.US,60,20210104,190000,10.71,10.77,10.6841,10.77,56618,0
ATIP.US,60,20210104,200000,10.73,10.8199,10.73,10.81,6848,0
ATIP.US,60,20210104,210000,10.8,10.81,10.72,10.76,25790,0
ATIP.US,60,20210104,220000,10.75,10.75,10.72,10.725,17721,0
ATIP.US,60,20210105,160000,10.91,10.94,10.719,10.78,36301,0
ATIP.US,60,20210105,170000,10.8,10.85,10.78,10.82,33955,0
ATIP.US,60,20210105,180000,10.82,10.8494,10.78,10.81,52391,0
ATIP.US,60,20210105,190000,10.815,10.8413,10.81,10.83,38702,0
ATIP.US,60,20210105,200000,10.84,10.8478,10.78,10.82,45737,0
ATIP.US,60,20210105,210000,10.82,10.82,10.78,10.805,50952,0
ATIP.US,60,20210105,220000,10.805,10.86,10.77,10.86,63593,0
ATIP.US,60,20210106,160000,10.72,10.93,10.72,10.8895,47235,0
ATIP.US,60,20210106,170000,10.88,10.9,10.8,10.84,22699,0
ATIP.US,60,20210106,180000,10.84,10.9,10.81,10.875,100536,0
ATIP.US,60,20210106,190000,10.88,10.9,10.81,10.87,72479,0
ATIP.US,60,20210106,200000,10.81,10.8552,10.81,10.8401,18787,0
ATIP.US,60,20210106,210000,10.83,10.84,10.735,10.78,25483,0
ATIP.US,60,20210106,220000,10.79,10.83,10.76,10.8,14989,0
ATIP.US,60,20210107,160000,10.76,10.8768,10.76,10.785,41644,0
ATIP.US,60,20210107,170000,10.78,10.78,10.75,10.77,47435,0
ATIP.US,60,20210107,180000,10.76,10.78,10.76,10.7741,91785,0
ATIP.US,60,20210107,190000,10.77,10.78,10.77,10.78,19144,0
ATIP.US,60,20210107,200000,10.77,10.78,10.75,10.77,14667,0
ATIP.US,60,20210107,210000,10.78,10.85,10.77,10.825,50525,0
ATIP.US,60,20210107,220000,10.81,10.85,10.8,10.81,13207,0
ATIP.US,60,20210108,160000,10.8,10.9,10.8,10.9,8509,0
ATIP.US,60,20210108,170000,10.8929,10.92,10.82,10.8215,14540,0
ATIP.US,60,20210108,180000,10.8251,10.85,10.8,10.8495,42583,0
ATIP.US,60,20210108,190000,10.85,10.85,10.8,10.85,11579,0
ATIP.US,60,20210108,200000,10.85,10.86,10.8305,10.84,63267,0
ATIP.US,60,20210108,210000,10.84,10.84,10.83,10.84,9762,0
ATIP.US,60,20210108,220000,10.84,10.95,10.8,10.93,70737,0
ATIP.US,60,20210111,160000,11.03,11.1,10.975,11.03,99802,0
ATIP.US,60,20210111,170000,11.04,11.124,10.98,11.01,266738,0
ATIP.US,60,20210111,180000,11.01,11.03,10.98,11.025,96330,0
ATIP.US,60,20210111,190000,11.0377,11.04,11,11.03,33138,0
ATIP.US,60,20210111,200000,11.0199,11.04,10.99,11.0199,40361,0
ATIP.US,60,20210111,210000,11.005,11.0371,10.88,10.9501,56820,0
ATIP.US,60,20210111,220000,10.97,11.06,10.95,11.05,61486,0
ATIP.US,60,20210112,160000,11.05,11.08,10.9666,10.9822,16295,0
ATIP.US,60,20210112,170000,11.035,11.16,10.95,11.03,97238,0
ATIP.US,60,20210112,180000,11.03,11.0378,10.97,10.98,35732,0
ATIP.US,60,20210112,190000,11,11.17,11,11.091,74578,0
ATIP.US,60,20210112,200000,11.1,11.11,11.04,11.1,38553,0
ATIP.US,60,20210112,210000,11.1,11.2,11.095,11.18,64540,0
ATIP.US,60,20210112,220000,11.19,11.3,11.16,11.22,56508,0
ATIP.US,60,20210113,160000,11.44,11.64,11.22,11.64,128596,0
ATIP.US,60,20210113,170000,11.62,11.68,11.53,11.55,98342,0
ATIP.US,60,20210113,180000,11.55,11.55,11.44,11.5,67415,0
ATIP.US,60,20210113,190000,11.54,11.57,11.45,11.5596,58796,0
ATIP.US,60,20210113,200000,11.56,11.57,11.48,11.495,50345,0
ATIP.US,60,20210113,210000,11.49,11.51,11.4,11.415,129586,0
ATIP.US,60,20210113,220000,11.4197,11.47,11.3958,11.45,133528,0
ATIP.US,60,20210114,160000,11.6,11.6,11.55,11.58,71751,0
ATIP.US,60,20210114,170000,11.58,11.59,11.4798,11.5,154444,0
ATIP.US,60,20210114,180000,11.5,11.5,11.44,11.49,50372,0
ATIP.US,60,20210114,190000,11.49,11.49,11.44,11.47,13854,0
ATIP.US,60,20210114,200000,11.47,11.49,11.45,11.49,41651,0
ATIP.US,60,20210114,210000,11.49,11.5,11.4201,11.4501,31788,0
ATIP.US,60,20210114,220000,11.49,11.49,11.35,11.41,102839,0
ATIP.US,60,20210115,160000,11.41,11.44,11.35,11.36,72043,0
ATIP.US,60,20210115,170000,11.36,11.39,11.25,11.3,180495,0
ATIP.US,60,20210115,180000,11.29,11.3,11.26,11.285,109204,0
ATIP.US,60,20210115,190000,11.28,11.3,11.2,11.25,47527,0
ATIP.US,60,20210115,200000,11.2405,11.265,11.23,11.25,85615,0
ATIP.US,60,20210115,210000,11.255,11.305,11.23,11.2999,137814,0
ATIP.US,60,20210115,220000,11.29,11.31,11.255,11.3,92773,0
ATIP.US,60,20210119,160000,11.3,11.35,11.25,11.2793,137039,0
ATIP.US,60,20210119,170000,11.2894,11.35,11.21,11.28,75196,0
ATIP.US,60,20210119,180000,11.28,11.3,11.2389,11.2389,40847,0
ATIP.US,60,20210119,190000,11.24,11.3,11.21,11.27,41598,0
ATIP.US,60,20210119,200000,11.2749,11.52,11.23,11.5,294349,0
ATIP.US,60,20210119,210000,11.4989,12.12,11.495,11.7,362263,0
ATIP.US,60,20210119,220000,11.7,11.7078,11.52,11.67,164949,0
ATIP.US,60,20210120,160000,12.01,12.24,11.64,12.1,324769,0
ATIP.US,60,20210120,170000,12.1,12.11,11.92,11.9704,102741,0
ATIP.US,60,20210120,180000,11.98,11.995,11.92,11.92,57871,0
ATIP.US,60,20210120,190000,11.95,12,11.93,11.942,70362,0
ATIP.US,60,20210120,200000,11.95,12,11.91,11.935,113254,0
ATIP.US,60,20210120,210000,11.9393,11.99,11.91,11.98,87136,0
ATIP.US,60,20210120,220000,11.97,11.98,11.8,11.9,153331,0
ATIP.US,60,20210121,160000,11.82,12,11.69,11.94,88888,0
ATIP.US,60,20210121,170000,11.935,12,11.87,12,200598,0
ATIP.US,60,20210121,180000,11.955,11.99,11.91,11.94,38287,0
ATIP.US,60,20210121,190000,11.94,11.955,11.87,11.93,48825,0
ATIP.US,60,20210121,200000,11.93,11.93,11.8,11.89,25181,0
ATIP.US,60,20210121,210000,11.895,11.905,11.82,11.84,30977,0
ATIP.US,60,20210121,220000,11.84,11.89,11.803,11.89,68722,0
ATIP.US,60,20210122,160000,12,12,11.86,11.9,71291,0
ATIP.US,60,20210122,170000,11.93,12.18,11.88,11.91,179638,0
ATIP.US,60,20210122,180000,11.92,12.13,11.91,11.96,99455,0
ATIP.US,60,20210122,190000,11.96,12.03,11.92,11.9401,86980,0
ATIP.US,60,20210122,200000,11.94,11.96,11.91,11.91,61913,0
ATIP.US,60,20210122,210000,11.9362,11.99,11.9,11.95,75513,0
ATIP.US,60,20210122,220000,11.95,11.96,11.8101,11.91,112085,0
ATIP.US,60,20210125,160000,11.97,12,11.88,12,111443,0
ATIP.US,60,20210125,170000,11.99,12.42,11.98,12.2501,150770,0
ATIP.US,60,20210125,180000,12.18,12.33,11.89,12.2401,146741,0
ATIP.US,60,20210125,190000,12.25,12.3,12.13,12.1597,40454,0
ATIP.US,60,20210125,200000,12.15,12.21,12.1287,12.18,135616,0
ATIP.US,60,20210125,210000,12.1999,12.2,12.12,12.19,54943,0
ATIP.US,60,20210125,220000,12.18,12.18,11.95,12.07,58784,0
ATIP.US,60,20210126,160000,12.1,12.2,12.02,12.02,48090,0
ATIP.US,60,20210126,170000,12.02,12.16,12.01,12.03,46387,0
ATIP.US,60,20210126,180000,12,12.12,11.9,11.9901,51404,0
ATIP.US,60,20210126,190000,12.005,12.08,11.93,12.06,55193,0
ATIP.US,60,20210126,200000,12.03,12.06,11.95,12.055,86282,0
ATIP.US,60,20210126,210000,12.055,12.055,11.5,11.5,133937,0
ATIP.US,60,20210126,220000,11.5,11.9,11.47,11.63,308718,0
ATIP.US,60,20210127,160000,11.45,11.5,10.665,10.99,98870,0
ATIP.US,60,20210127,170000,10.9,11.11,10.9,11.06,146785,0
ATIP.US,60,20210127,180000,11.07,11.0915,10.9,10.955,117798,0
ATIP.US,60,20210127,190000,10.92,11.01,10.9,10.9,105964,0
ATIP.US,60,20210127,200000,10.91,11.01,10.89,11,117561,0
ATIP.US,60,20210127,210000,11,11.123,10.84,10.8901,66671,0
ATIP.US,60,20210127,220000,10.89,11.35,10.89,11.13,103039,0
ATIP.US,60,20210128,160000,11,11.22,11,11.22,21545,0
ATIP.US,60,20210128,170000,11.2001,11.38,11.15,11.234,51041,0
ATIP.US,60,20210128,180000,11.2289,11.2499,11.12,11.1799,16019,0
ATIP.US,60,20210128,190000,11.165,11.19,11.04,11.1,47308,0
ATIP.US,60,20210128,200000,11.08,11.22,11.07,11.17,59205,0
ATIP.US,60,20210128,210000,11.185,11.24,10.9,11.06,103590,0
ATIP.US,60,20210128,220000,11.0599,11.07,10.88,10.88,134325,0
ATIP.US,60,20210129,160000,10.99,10.99,10.83,10.86,13240,0
ATIP.US,60,20210129,170000,10.88,10.975,10.8301,10.88,55446,0
ATIP.US,60,20210129,180000,10.88,10.95,10.87,10.87,100016,0
ATIP.US,60,20210129,190000,10.8701,10.92,10.73,10.765,160006,0
ATIP.US,60,20210129,200000,10.7501,11.3101,10.74,11.25,121861,0
ATIP.US,60,20210129,210000,11.2678,11.34,11.14,11.3046,55158,0
ATIP.US,60,20210129,220000,11.2751,11.33,11.2,11.3,61027,0
ATIP.US,60,20210201,160000,11.45,11.47,11.18,11.3,59136,0
ATIP.US,60,20210201,170000,11.32,11.3599,11.07,11.16,74421,0
ATIP.US,60,20210201,180000,11.15,11.6299,11.14,11.53,72692,0
ATIP.US,60,20210201,190000,11.47,11.4954,11.38,11.4201,12250,0
ATIP.US,60,20210201,200000,11.43,11.51,11.42,11.48,30467,0
ATIP.US,60,20210201,210000,11.4701,11.7,11.4701,11.545,94234,0
ATIP.US,60,20210201,220000,11.525,11.71,11.485,11.69,104324,0
ATIP.US,60,20210202,160000,11.79,11.8947,11.65,11.65,34001,0
ATIP.US,60,20210202,170000,11.69,11.72,11.53,11.69,58139,0
ATIP.US,60,20210202,180000,11.68,11.7,11.59,11.61,25017,0
ATIP.US,60,20210202,190000,11.57,11.6,11.47,11.5154,40128,0
ATIP.US,60,20210202,200000,11.51,11.57,11.44,11.55,20672,0
ATIP.US,60,20210202,210000,11.55,11.65,11.55,11.625,29494,0
ATIP.US,60,20210202,220000,11.6366,11.93,11.6366,11.78,174602,0
ATIP.US,60,20210203,160000,11.75,11.88,11.68,11.759,35194,0
ATIP.US,60,20210203,170000,11.765,11.96,11.72,11.96,44803,0
ATIP.US,60,20210203,180000,11.954,11.98,11.89,11.91,27779,0
ATIP.US,60,20210203,190000,11.9089,11.91,11.78,11.86,54407,0
ATIP.US,60,20210203,200000,11.855,11.91,11.78,11.91,23418,0
ATIP.US,60,20210203,210000,11.904,12,11.9,11.98,33399,0
ATIP.US,60,20210203,220000,11.99,12.04,11.97,12.03,108161,0
ATIP.US,60,20210204,160000,12,12,11.91,11.97,31528,0
ATIP.US,60,20210204,170000,11.95,11.99,11.88,11.89,42922,0
ATIP.US,60,20210204,180000,11.899,12.07,11.899,12.07,19126,0
ATIP.US,60,20210204,190000,12.06,12.2,11.99,12.15,69123,0
ATIP.US,60,20210204,200000,12.14,12.3,12.13,12.13,18091,0
ATIP.US,60,20210204,210000,12.12,12.12,12.01,12.01,28812,0
ATIP.US,60,20210204,220000,12.01,12.09,12.0026,12.08,53417,0
ATIP.US,60,20210205,160000,12.05,12.09,11.9,11.9999,54582,0
ATIP.US,60,20210205,170000,12,12,11.84,11.85,31907,0
ATIP.US,60,20210205,180000,11.85,11.88,11.8101,11.88,39292,0
ATIP.US,60,20210205,190000,11.88,11.9,11.83,11.86,64657,0
ATIP.US,60,20210205,200000,11.86,11.88,11.8,11.85,41712,0
ATIP.US,60,20210205,210000,11.85,11.9,11.83,11.8901,60206,0
ATIP.US,60,20210205,220000,11.905,12.05,11.85,11.87,154162,0
ATIP.US,60,20210208,160000,12.08,12.22,12.05,12.1222,93201,0
ATIP.US,60,20210208,170000,12.14,12.14,11.88,12.0738,82242,0
ATIP.US,60,20210208,180000,12.09,12.1,12.03,12.065,56125,0
ATIP.US,60,20210208,190000,12.065,12.0899,12.03,12.05,58758,0
ATIP.US,60,20210208,200000,12.055,12.075,12,12.03,41477,0
ATIP.US,60,20210208,210000,12.035,12.07,11.98,11.99,156189,0
ATIP.US,60,20210208,220000,11.99,12.23,11.96,12.06,188886,0
ATIP.US,60,20210209,160000,12.02,12.11,12,12.01,32513,0
ATIP.US,60,20210209,170000,12.0278,12.09,12.015,12.08,67431,0
ATIP.US,60,20210209,180000,12.07,12.09,12.04,12.09,39906,0
ATIP.US,60,20210209,190000,12.1,12.25,12.1,12.22,36163,0
ATIP.US,60,20210209,200000,12.22,12.44,12.21,12.3,81410,0
ATIP.US,60,20210209,210000,12.2801,12.3301,12.26,12.323,76546,0
ATIP.US,60,20210209,220000,12.33,12.34,12.25,12.31,94307,0
ATIP.US,60,20210210,160000,12.2,12.26,12.16,12.22,28729,0
ATIP.US,60,20210210,170000,12.2,12.2,11.76,11.9,100384,0
ATIP.US,60,20210210,180000,11.9,12,11.828,11.98,96293,0
ATIP.US,60,20210210,190000,11.98,12,11.93,11.98,18717,0
ATIP.US,60,20210210,200000,11.9761,12.0799,11.97,12.01,64354,0
ATIP.US,60,20210210,210000,12.0199,12.24,12.0001,12.1,34990,0
ATIP.US,60,20210210,220000,12.09,12.58,12.07,12.33,123860,0
ATIP.US,60,20210211,160000,12.05,12.12,11.945,12.09,83663,0
ATIP.US,60,20210211,170000,12.1,12.5,12.0664,12.45,82027,0
ATIP.US,60,20210211,180000,12.3863,12.97,12.38,12.72,252289,0
ATIP.US,60,20210211,190000,12.71,12.93,12.3938,12.69,272397,0
ATIP.US,60,20210211,200000,12.67,13.05,12.58,12.9723,277419,0
ATIP.US,60,20210211,210000,12.9711,13.01,12.7252,12.91,93521,0
ATIP.US,60,20210211,220000,12.87,12.91,12.74,12.88,63610,0
ATIP.US,60,20210212,160000,12.79,12.94,12.45,12.66,47162,0
ATIP.US,60,20210212,170000,12.66,12.66,12.43,12.565,121635,0
ATIP.US,60,20210212,180000,12.545,12.63,12.46,12.55,29733,0
ATIP.US,60,20210212,190000,12.54,12.63,12.47,12.55,20500,0
ATIP.US,60,20210212,200000,12.5338,12.56,12.41,12.47,23461,0
ATIP.US,60,20210212,210000,12.5,12.57,12.5,12.51,35206,0
ATIP.US,60,20210212,220000,12.52,12.57,12.48,12.5,55640,0
ATIP.US,60,20210216,160000,12.4,12.5,12.14,12.21,69051,0
ATIP.US,60,20210216,170000,12.2029,12.27,12,12.03,105959,0
ATIP.US,60,20210216,180000,12.03,12.08,12,12.04,34952,0
ATIP.US,60,20210216,190000,12.06,12.07,11.9389,12.025,88705,0
ATIP.US,60,20210216,200000,12.03,12.06,11.98,11.99,29063,0
ATIP.US,60,20210216,210000,11.983,11.983,11.76,11.87,74864,0
ATIP.US,60,20210216,220000,11.876,12.19,11.87,12.11,84424,0
ATIP.US,60,20210217,160000,12.23,12.29,12,12.2,57434,0
ATIP.US,60,20210217,170000,12.2,12.29,11.97,11.97,99425,0
ATIP.US,60,20210217,180000,11.95,11.98,11.8101,11.98,54517,0
ATIP.US,60,20210217,190000,11.96,12.03,11.8667,11.97,45615,0
ATIP.US,60,20210217,200000,11.95,12.02,11.87,11.91,47616,0
ATIP.US,60,20210217,210000,11.9,12.02,11.8601,12,84375,0
ATIP.US,60,20210217,220000,12.003,12.2,11.99,12.2,62266,0
ATIP.US,60,20210218,160000,11.82,12.1,11.8,12.0929,29415,0
ATIP.US,60,20210218,170000,12.07,12.1,11.83,11.93,55577,0
ATIP.US,60,20210218,180000,11.9001,11.94,11.85,11.89,23778,0
ATIP.US,60,20210218,190000,11.9,11.9,11.71,11.7867,80263,0
ATIP.US,60,20210218,200000,11.75,11.92,11.75,11.92,38489,0
ATIP.US,60,20210218,210000,11.89,11.95,11.88,11.925,24517,0
ATIP.US,60,20210218,220000,11.925,12.03,11.85,11.99,34670,0
ATIP.US,60,20210219,160000,12.1,12.35,12.05,12.35,77395,0
ATIP.US,60,20210219,170000,12.337,12.6,12.185,12.44,139243,0
ATIP.US,60,20210219,180000,12.4489,12.51,12.3,12.39,39266,0
ATIP.US,60,20210219,190000,12.37,12.42,12.13,12.2499,35682,0
ATIP.US,60,20210219,200000,12.2,12.25,12.05,12.19,29514,0
ATIP.US,60,20210219,210000,12.2,12.31,12.05,12.05,28499,0
ATIP.US,60,20210219,220000,12.07,12.19,12.02,12.1,90597,0
ATIP.US,60,20210222,160000,10.55,10.69,10.45,10.4691,762700,0
ATIP.US,60,20210222,170000,10.4691,10.51,10.4,10.4,984296,0
ATIP.US,60,20210222,180000,10.4,10.48,10.33,10.34,1429710,0
ATIP.US,60,20210222,190000,10.34,10.46,10.31,10.415,721731,0
ATIP.US,60,20210222,200000,10.4,10.45,10.38,10.425,348548,0
ATIP.US,60,20210222,210000,10.43,10.57,10.4201,10.475,891351,0
ATIP.US,60,20210222,220000,10.475,10.52,10.42,10.47,420571,0
ATIP.US,60,20210223,160000,10.345,10.4,10.22,10.33,290278,0
ATIP.US,60,20210223,170000,10.305,10.44,10.22,10.43,245476,0
ATIP.US,60,20210223,180000,10.43,10.44,10.4,10.4,210446,0
ATIP.US,60,20210223,190000,10.4,10.41,10.31,10.36,193809,0
ATIP.US,60,20210223,200000,10.35,10.4,10.33,10.4,504467,0
ATIP.US,60,20210223,210000,10.395,10.45,10.39,10.405,492737,0
ATIP.US,60,20210223,220000,10.41,10.67,10.41,10.61,414002,0
ATIP.US,60,20210224,160000,10.63,10.65,10.59,10.6097,195884,0
ATIP.US,60,20210224,170000,10.61,10.67,10.53,10.58,724261,0
ATIP.US,60,20210224,180000,10.57,10.72,10.56,10.7,627099,0
ATIP.US,60,20210224,190000,10.706,10.72,10.54,10.56,242964,0
ATIP.US,60,20210224,200000,10.56,10.56,10.37,10.37,501218,0
ATIP.US,60,20210224,210000,10.3978,10.54,10.39,10.5,250504,0
ATIP.US,60,20210224,220000,10.5,10.6,10.48,10.59,439265,0
ATIP.US,60,20210225,160000,10.65,10.65,10.55,10.575,96845,0
ATIP.US,60,20210225,170000,10.575,10.6,10.48,10.53,324009,0
ATIP.US,60,20210225,180000,10.53,10.56,10.45,10.51,212801,0
ATIP.US,60,20210225,190000,10.51,10.53,10.44,10.48,126627,0
ATIP.US,60,20210225,200000,10.48,10.49,10.445,10.48,200619,0
ATIP.US,60,20210225,210000,10.48,10.48,10.43,10.43,212056,0
ATIP.US,60,20210225,220000,10.43,10.44,10.34,10.35,606391,0
ATIP.US,60,20210226,160000,10.3,10.37,10.3,10.34,123035,0
ATIP.US,60,20210226,170000,10.33,10.3501,10.15,10.23,114676,0
ATIP.US,60,20210226,180000,10.23,10.3,10.21,10.26,98276,0
ATIP.US,60,20210226,190000,10.26,10.27,10.22,10.27,73952,0
ATIP.US,60,20210226,200000,10.27,10.3,10.25,10.26,42745,0
ATIP.US,60,20210226,210000,10.26,10.3,10.25,10.3,57729,0
ATIP.US,60,20210226,220000,10.3,10.31,10.22,10.26,149102,0
ATIP.US,60,20210301,160000,10.3,10.3,10.22,10.25,97948,0
ATIP.US,60,20210301,170000,10.25,10.28,10.13,10.14,442403,0
ATIP.US,60,20210301,180000,10.14,10.23,10.11,10.19,110190,0
ATIP.US,60,20210301,190000,10.185,10.235,10.16,10.22,79659,0
ATIP.US,60,20210301,200000,10.22,10.25,10.21,10.245,94467,0
ATIP.US,60,20210301,210000,10.25,10.27,10.18,10.2,108823,0
ATIP.US,60,20210301,220000,10.2,10.25,10.19,10.2,126273,0
ATIP.US,60,20210302,160000,10.16,10.2,10.12,10.1302,43051,0
ATIP.US,60,20210302,170000,10.13,10.2,10.07,10.095,141038,0
ATIP.US,60,20210302,180000,10.09,10.0905,10.05,10.09,42173,0
ATIP.US,60,20210302,190000,10.08,10.09,10.07,10.085,29135,0
ATIP.US,60,20210302,200000,10.085,10.1,10.08,10.1,27270,0
ATIP.US,60,20210302,210000,10.1,10.12,10.02,10.115,49362,0
ATIP.US,60,20210302,220000,10.115,10.17,10.09,10.12,167129,0
ATIP.US,60,20210303,160000,10.14,10.18,9.97,9.97,34104,0
ATIP.US,60,20210303,170000,10.01,10.1,10,10.09,53001,0
ATIP.US,60,20210303,180000,10.1,10.1,10.05,10.08,30985,0
ATIP.US,60,20210303,190000,10.08,10.1,10.04,10.1,83925,0
ATIP.US,60,20210303,200000,10.1,10.16,10.07,10.07,308437,0
ATIP.US,60,20210303,210000,10.1,10.16,10.05,10.0878,372215,0
ATIP.US,60,20210303,220000,10.07,10.12,10.02,10.08,94503,0
ATIP.US,60,20210304,160000,10.03,10.14,9.965,9.97,45762,0
ATIP.US,60,20210304,170000,9.97,10.05,9.96,10.04,338920,0
ATIP.US,60,20210304,180000,10.04,10.05,9.9875,10.03,81623,0
ATIP.US,60,20210304,190000,10.025,10.05,10,10.0201,180169,0
ATIP.US,60,20210304,200000,10.02,10.03,10,10.02,96002,0
ATIP.US,60,20210304,210000,10.01,10.03,10,10.02,52707,0
ATIP.US,60,20210304,220000,10.025,10.03,9.95,10,251897,0
ATIP.US,60,20210305,160000,9.96,10,9.91,9.96,96303,0
ATIP.US,60,20210305,170000,9.95,9.98,9.93,9.97,233918,0
ATIP.US,60,20210305,180000,9.98,9.99,9.95,9.98,67908,0
ATIP.US,60,20210305,190000,9.985,10.14,9.96,10.13,64447,0
ATIP.US,60,20210305,200000,10.11,10.22,10.05,10.1,95305,0
ATIP.US,60,20210305,210000,10.1,10.11,10.05,10.07,26031,0
ATIP.US,60,20210305,220000,10.08,10.2,10.08,10.17,87238,0
ATIP.US,60,20210308,160000,10.06,10.095,10.02,10.0511,16075,0
ATIP.US,60,20210308,170000,10.03,10.19,10.03,10.19,48956,0
ATIP.US,60,20210308,180000,10.1701,10.18,10.1,10.1,29685,0
ATIP.US,60,20210308,190000,10.1,10.1001,10.06,10.097,15684,0
ATIP.US,60,20210308,200000,10.0725,10.096,10.06,10.08,7562,0
ATIP.US,60,20210308,210000,10.0789,10.09,10.05,10.08,7190,0
ATIP.US,60,20210308,220000,10.09,10.1,10,10.07,73967,0
ATIP.US,60,20210309,160000,10.1,10.1,10.04,10.06,12078,0
ATIP.US,60,20210309,170000,10.064,10.08,10,10.03,88192,0
ATIP.US,60,20210309,180000,10.03,10.07,10.02,10.055,129040,0
ATIP.US,60,20210309,190000,10.055,10.06,10.02,10.02,37386,0
ATIP.US,60,20210309,200000,10.02,10.05,10.0099,10.03,16294,0
ATIP.US,60,20210309,210000,10.0289,10.04,9.995,10.01,45317,0
ATIP.US,60,20210309,220000,10.01,10.03,9.99,10.02,78587,0
ATIP.US,60,20210310,160000,10,10.0178,9.96,9.98,48391,0
ATIP.US,60,20210310,170000,9.98,10.0199,9.97,10.01,29385,0
ATIP.US,60,20210310,180000,10.005,10.03,9.99,10,48829,0
ATIP.US,60,20210310,190000,10,10.01,9.9901,10,22087,0
ATIP.US,60,20210310,200000,10,10.01,9.99,10,27550,0
ATIP.US,60,20210310,210000,10,10.01,9.99,10,12045,0
ATIP.US,60,20210310,220000,9.98,10.03,9.98,10.02,64333,0
ATIP.US,60,20210311,160000,10.03,10.05,9.995,10.0111,25955,0
ATIP.US,60,20210311,170000,10.0101,10.07,10.01,10.065,164908,0
ATIP.US,60,20210311,180000,10.065,10.095,10.04,10.05,268508,0
ATIP.US,60,20210311,190000,10.045,10.07,10.03,10.07,112902,0
ATIP.US,60,20210311,200000,10.07,10.08,10.05,10.05,134407,0
ATIP.US,60,20210311,210000,10.05,10.08,10.04,10.08,151847,0
ATIP.US,60,20210311,220000,10.08,10.09,10.05,10.05,188604,0
ATIP.US,60,20210312,160000,10.03,10.08,10.03,10.0512,14535,0
ATIP.US,60,20210312,170000,10.05,10.11,10.05,10.0999,64257,0
ATIP.US,60,20210312,180000,10.0949,10.22,10.08,10.205,72644,0
ATIP.US,60,20210312,190000,10.205,10.24,10.2,10.21,110922,0
ATIP.US,60,20210312,200000,10.23,10.23,10.14,10.17,21239,0
ATIP.US,60,20210312,210000,10.17,10.21,10.16,10.19,29601,0
ATIP.US,60,20210312,220000,10.19,10.24,10.18,10.24,94780,0
ATIP.US,60,20210315,150000,10.19,10.19,10.05,10.09,260585,0
ATIP.US,60,20210315,160000,10.07,10.09,10.05,10.0593,25806,0
ATIP.US,60,20210315,170000,10.055,10.1,10.04,10.075,96132,0
ATIP.US,60,20210315,180000,10.08,10.08,10.05,10.0611,13993,0
ATIP.US,60,20210315,190000,10.06,10.08,10.045,10.055,48446,0
ATIP.US,60,20210315,200000,10.06,10.06,10.02,10.02,45606,0
ATIP.US,60,20210315,210000,10.03,10.07,10,10.03,159426,0
ATIP.US,60,20210316,150000,10.05,10.065,10.02,10.0276,9589,0
ATIP.US,60,20210316,160000,10.02,10.03,10,10.02,34147,0
ATIP.US,60,20210316,170000,10.015,10.03,10,10.03,151535,0
ATIP.US,60,20210316,180000,10.02,10.03,10.0007,10.02,33557,0
ATIP.US,60,20210316,190000,10.014,10.02,9.99,9.997,68161,0
ATIP.US,60,20210316,200000,9.995,10.01,9.97,9.995,41362,0
ATIP.US,60,20210316,210000,9.99,10.02,9.99,10,58824,0
ATIP.US,60,20210317,150000,9.97,10.06,9.97,10.01,74301,0
ATIP.US,60,20210317,160000,10.01,10.035,9.99,10.03,65080,0
ATIP.US,60,20210317,170000,10.025,10.04,10.01,10.025,23456,0
ATIP.US,60,20210317,180000,10.025,10.043,10.025,10.04,23606,0
ATIP.US,60,20210317,190000,10.045,10.05,10.03,10.04,23931,0
ATIP.US,60,20210317,200000,10.04,10.04,10.03,10.036,6057,0
ATIP.US,60,20210317,210000,10.03,10.04,10.02,10.04,17471,0
ATIP.US,60,20210318,150000,10.03,10.05,9.98,9.99,31637,0
ATIP.US,60,20210318,160000,9.99,10.02,9.98,10.01,75343,0
ATIP.US,60,20210318,170000,10.02,10.05,10.01,10.03,48065,0
ATIP.US,60,20210318,180000,10.0299,10.03,10.01,10.02,118074,0
ATIP.US,60,20210318,190000,10.02,10.03,10.005,10.0084,62185,0
ATIP.US,60,20210318,200000,10.01,10.03,10.005,10.02,172465,0
ATIP.US,60,20210318,210000,10.0107,10.03,10,10.03,85491,0
ATIP.US,60,20210319,150000,10.01,10.0399,10,10,15445,0
ATIP.US,60,20210319,160000,10.0017,10.02,9.99,10.0099,17485,0
ATIP.US,60,20210319,170000,10.0004,10.01,9.99,10.0002,10130,0
ATIP.US,60,20210319,180000,10,10.01,9.98,9.98,467017,0
ATIP.US,60,20210319,190000,9.98,10,9.97,9.9899,16545,0
ATIP.US,60,20210319,200000,9.98,9.98,9.96,9.96,64728,0
ATIP.US,60,20210319,210000,9.965,10,9.96,9.98,97883,0
ATIP.US,60,20210322,150000,9.98,10,9.96,9.9885,86013,0
ATIP.US,60,20210322,160000,9.9885,9.99,9.97,9.985,80729,0
ATIP.US,60,20210322,170000,9.99,9.99,9.97,9.98,124576,0
ATIP.US,60,20210322,180000,9.98,9.99,9.97,9.98,90614,0
ATIP.US,60,20210322,190000,9.98,9.985,9.97,9.98,134157,0
ATIP.US,60,20210322,200000,9.98,9.98,9.95,9.96,35375,0
ATIP.US,60,20210322,210000,9.96,9.97,9.92,9.93,115200,0
ATIP.US,60,20210323,150000,9.94,9.95,9.915,9.94,135235,0
ATIP.US,60,20210323,160000,9.9386,9.96,9.93,9.95,39096,0
ATIP.US,60,20210323,170000,9.96,9.96,9.94,9.95,14947,0
ATIP.US,60,20210323,180000,9.955,9.97,9.935,9.945,216757,0
ATIP.US,60,20210323,190000,9.95,9.96,9.94,9.955,30065,0
ATIP.US,60,20210323,200000,9.96,9.96,9.92,9.9302,58040,0
ATIP.US,60,20210323,210000,9.93,9.9371,9.9,9.9,128685,0
ATIP.US,60,20210324,150000,9.9,9.9491,9.9,9.91,12082,0
ATIP.US,60,20210324,160000,9.9,9.91,9.84,9.85,30138,0
ATIP.US,60,20210324,170000,9.845,9.88,9.8301,9.87,11961,0
ATIP.US,60,20210324,180000,9.87,9.88,9.85,9.88,6870,0
ATIP.US,60,20210324,190000,9.88,9.89,9.85,9.85,13241,0
ATIP.US,60,20210324,200000,9.86,9.89,9.86,9.86,28167,0
ATIP.US,60,20210324,210000,9.862,9.88,9.82,9.86,102280,0
ATIP.US,60,20210325,150000,9.79,9.82,9.79,9.8,41054,0
ATIP.US,60,20210325,160000,9.8,9.8089,9.745,9.7815,66339,0
ATIP.US,60,20210325,170000,9.79,9.825,9.78,9.81,342679,0
ATIP.US,60,20210325,180000,9.815,9.8799,9.815,9.86,17667,0
ATIP.US,60,20210325,190000,9.865,9.91,9.86,9.9,23314,0
ATIP.US,60,20210325,200000,9.9089,9.92,9.895,9.91,329072,0
ATIP.US,60,20210325,210000,9.91,9.965,9.91,9.95,153702,0
ATIP.US,60,20210326,150000,9.95,9.96,9.91,9.96,21298,0
ATIP.US,60,20210326,160000,9.96,9.97,9.9501,9.955,60260,0
ATIP.US,60,20210326,170000,9.95,9.96,9.95,9.95,11473,0
ATIP.US,60,20210326,180000,9.955,9.96,9.95,9.96,29321,0
ATIP.US,60,20210326,190000,9.955,9.96,9.95,9.9587,4732,0
ATIP.US,60,20210326,200000,9.95,9.955,9.95,9.955,13539,0
ATIP.US,60,20210326,210000,9.955,9.99,9.955,9.98,22168,0
ATIP.US,60,20210329,160000,9.99,9.99,9.91,9.95,17037,0
ATIP.US,60,20210329,170000,9.94,9.95,9.91,9.92,19433,0
ATIP.US,60,20210329,180000,9.93,9.93,9.92,9.925,6153,0
ATIP.US,60,20210329,190000,9.927,9.96,9.925,9.955,8040,0
ATIP.US,60,20210329,200000,9.95,9.97,9.93,9.97,60205,0
ATIP.US,60,20210329,210000,9.97,9.97,9.93,9.945,38201,0
ATIP.US,60,20210329,220000,9.945,9.97,9.94,9.94,9930,0
ATIP.US,60,20210330,160000,9.91,10.08,9.91,10.0485,170893,0
ATIP.US,60,20210330,170000,10.05,10.12,10.042,10.1,100151,0
ATIP.US,60,20210330,180000,10.0901,10.14,10.09,10.09,353248,0
ATIP.US,60,20210330,190000,10.095,10.12,10.09,10.1,234124,0
ATIP.US,60,20210330,200000,10.095,10.1,10.085,10.095,82584,0
ATIP.US,60,20210330,210000,10.095,10.11,10.09,10.095,115698,0
ATIP.US,60,20210330,220000,10.095,10.1,10.0601,10.08,368776,0
ATIP.US,60,20210331,160000,10.1,10.1,10.065,10.0949,36009,0
ATIP.US,60,20210331,170000,10.07,10.0999,10.04,10.045,27196,0
ATIP.US,60,20210331,180000,10.045,10.05,10,10,48287,0
ATIP.US,60,20210331,190000,10.005,10.01,10,10,11603,0
ATIP.US,60,20210331,200000,10.0086,10.0299,9.98,9.98,48456,0
ATIP.US,60,20210331,210000,9.99,9.995,9.97,9.97,54924,0
ATIP.US,60,20210331,220000,9.96,9.98,9.95,9.97,56243,0
ATIP.US,60,20210401,160000,10,10.13,9.99,10.08,193889,0
ATIP.US,60,20210401,170000,10.07,10.07,10.01,10.0268,62266,0
ATIP.US,60,20210401,180000,10.025,10.03,10.01,10.01,78362,0
ATIP.US,60,20210401,190000,10.02,10.07,10.02,10.06,23130,0
ATIP.US,60,20210401,200000,10.065,10.08,10.05,10.08,40183,0
ATIP.US,60,20210401,210000,10.075,10.08,10.0601,10.078,36586,0
ATIP.US,60,20210401,220000,10.08,10.117,10.075,10.09,64020,0
ATIP.US,60,20210405,160000,10.11,10.11,10.03,10.04,22986,0
ATIP.US,60,20210405,170000,10.0333,10.11,10.0333,10.05,22351,0
ATIP.US,60,20210405,180000,10.064,10.064,10.01,10.01,40876,0
ATIP.US,60,20210405,190000,10.013,10.0199,10,10.005,16287,0
ATIP.US,60,20210405,200000,10.005,10.02,10,10.005,79353,0
ATIP.US,60,20210405,210000,10.003,10.003,9.95,9.96,170524,0
ATIP.US,60,20210405,220000,9.9515,9.96,9.95,9.95,104996,0
ATIP.US,60,20210406,160000,9.97,10,9.97,9.9703,14646,0
ATIP.US,60,20210406,170000,9.97,9.985,9.95,9.98,77933,0
ATIP.US,60,20210406,180000,9.97,10,9.96,9.995,189309,0
ATIP.US,60,20210406,190000,10,10.02,9.995,10.01,23347,0
ATIP.US,60,20210406,200000,10.005,10.005,9.98,9.98,14396,0
ATIP.US,60,20210406,210000,9.98,9.99,9.97,9.975,28876,0
ATIP.US,60,20210406,220000,9.97,9.98,9.97,9.97,28050,0
ATIP.US,60,20210407,160000,9.99,10.03,9.9701,10,20712,0
ATIP.US,60,20210407,170000,10,10,9.97,9.98,36590,0
ATIP.US,60,20210407,180000,9.98,10,9.975,9.995,20492,0
ATIP.US,60,20210407,190000,10,10.03,9.99,10.02,351287,0
ATIP.US,60,20210407,200000,10.0299,10.05,10.01,10.04,246808,0
ATIP.US,60,20210407,210000,10.05,10.08,10.04,10.0777,469219,0
ATIP.US,60,20210407,220000,10.075,10.16,10.06,10.11,624352,0
ATIP.US,60,20210408,160000,10.13,10.15,10.0987,10.13,377343,0
ATIP.US,60,20210408,170000,10.14,10.16,10.1101,10.15,160131,0
ATIP.US,60,20210408,180000,10.15,10.16,10.14,10.15,89101,0
ATIP.US,60,20210408,190000,10.1598,10.165,10.1401,10.16,359854,0
ATIP.US,60,20210408,200000,10.16,10.165,10.145,10.155,131914,0
ATIP.US,60,20210408,210000,10.16,10.2,10.15,10.19,853055,0
ATIP.US,60,20210408,220000,10.19,10.22,10.18,10.21,278258,0
ATIP.US,60,20210409,160000,10.18,10.25,10.16,10.18,36677,0
ATIP.US,60,20210409,170000,10.165,10.2,10.16,10.19,343168,0
ATIP.US,60,20210409,180000,10.19,10.2071,10.18,10.185,94372,0
ATIP.US,60,20210409,190000,10.185,10.21,10.17,10.2,87294,0
ATIP.US,60,20210409,200000,10.21,10.25,10.19,10.235,400161,0
ATIP.US,60,20210409,210000,10.23,10.265,10.22,10.225,284081,0
ATIP.US,60,20210409,220000,10.22,10.22,10.14,10.21,339787,0
ATIP.US,60,20210412,160000,10.16,10.2,10.13,10.16,21295,0
ATIP.US,60,20210412,170000,10.16,10.17,10.155,10.165,25628,0
ATIP.US,60,20210412,180000,10.165,10.175,10.1401,10.15,557053,0
ATIP.US,60,20210412,190000,10.145,10.15,10.13,10.135,5725,0
ATIP.US,60,20210412,200000,10.14,10.145,10.12,10.125,8829,0
ATIP.US,60,20210412,210000,10.125,10.1299,10.12,10.125,10300,0
ATIP.US,60,20210412,220000,10.125,10.15,10.12,10.13,15648,0
ATIP.US,60,20210413,160000,10.06,10.13,10.06,10.115,9894,0
ATIP.US,60,20210413,170000,10.115,10.13,10.105,10.12,26684,0
ATIP.US,60,20210413,180000,10.105,10.12,10.1,10.105,14671,0
ATIP.US,60,20210413,190000,10.105,10.11,10.085,10.085,3312,0
ATIP.US,60,20210413,200000,10.09,10.09,10.0807,10.085,1850,0
ATIP.US,60,20210413,210000,10.085,10.085,10.07,10.075,5200,0
ATIP.US,60,20210413,220000,10.0701,10.12,10.0701,10.1,84173,0
ATIP.US,60,20210414,160000,10.09,10.14,10.07,10.075,81809,0
ATIP.US,60,20210414,170000,10.075,10.09,10.0713,10.075,9716,0
ATIP.US,60,20210414,180000,10.075,10.08,10.065,10.065,57786,0
ATIP.US,60,20210414,190000,10.065,10.07,10.06,10.06,16801,0
ATIP.US,60,20210414,200000,10.065,10.065,10.05,10.055,16654,0
ATIP.US,60,20210414,210000,10.055,10.06,10.05,10.055,21523,0
ATIP.US,60,20210414,220000,10.05,10.06,10.05,10.05,16346,0
ATIP.US,60,20210415,160000,10.06,10.06,10.0314,10.0314,25059,0
ATIP.US,60,20210415,170000,10.03,10.04,10.03,10.03,34842,0
ATIP.US,60,20210415,180000,10.03,10.0399,10.015,10.03,29089,0
ATIP.US,60,20210415,190000,10.02,10.025,10,10.0001,87762,0
ATIP.US,60,20210415,200000,10.01,10.01,9.98,10,68305,0
ATIP.US,60,20210415,210000,9.995,10.01,9.995,10.0081,6882,0
ATIP.US,60,20210415,220000,10,10.02,9.99,10.01,22104,0
ATIP.US,60,20210416,160000,9.98,10.03,9.98,10.01,30852,0
ATIP.US,60,20210416,170000,10.0014,10.01,9.99,9.995,11869,0
ATIP.US,60,20210416,180000,9.99,9.995,9.97,9.9799,43400,0
ATIP.US,60,20210416,190000,9.975,9.99,9.97,9.9775,104762,0
ATIP.US,60,20210416,200000,9.97,9.98,9.97,9.97,9300,0
ATIP.US,60,20210416,210000,9.97,9.98,9.97,9.975,12953,0
ATIP.US,60,20210416,220000,9.97,9.99,9.965,9.97,192274,0
ATIP.US,60,20210419,160000,9.96,9.9709,9.92,9.9399,34686,0
ATIP.US,60,20210419,170000,9.9378,10.1,9.93,10.025,584860,0
ATIP.US,60,20210419,180000,10.02,10.075,10,10.075,123496,0
ATIP.US,60,20210419,190000,10.0709,10.1643,10.01,10.045,136794,0
ATIP.US,60,20210419,200000,10.045,10.09,10.01,10.02,51974,0
ATIP.US,60,20210419,210000,10.02,10.02,10.01,10.01,9969,0
ATIP.US,60,20210419,220000,10.01,10.017,10,10,93572,0
ATIP.US,60,20210420,160000,10.01,10.01,9.98,9.995,37173,0
ATIP.US,60,20210420,170000,9.99,9.99,9.94,9.94,71772,0
ATIP.US,60,20210420,180000,9.94,9.9491,9.92,9.92,49668,0
ATIP.US,60,20210420,190000,9.9297,9.96,9.92,9.95,33490,0
ATIP.US,60,20210420,200000,9.95,9.97,9.94,9.97,18356,0
ATIP.US,60,20210420,210000,9.99,9.99,9.95,9.95,16764,0
ATIP.US,60,20210420,220000,9.95,9.97,9.94,9.95,36405,0
ATIP.US,60,20210421,160000,9.95,9.98,9.93,9.96,26717,0
ATIP.US,60,20210421,170000,9.95,9.97,9.93,9.9422,18294,0
ATIP.US,60,20210421,180000,9.95,9.96,9.93,9.9399,25335,0
ATIP.US,60,20210421,190000,9.93,9.98,9.93,9.95,27710,0
ATIP.US,60,20210421,200000,9.96,9.99,9.9523,9.99,7806,0
ATIP.US,60,20210421,210000,9.975,9.98,9.97,9.98,7333,0
ATIP.US,60,20210421,220000,9.975,10.025,9.97,10,59335,0
ATIP.US,60,20210422,160000,9.99,10.03,9.96,9.965,9193,0
ATIP.US,60,20210422,170000,9.9687,9.9687,9.91,9.92,86501,0
ATIP.US,60,20210422,180000,9.92,9.93,9.91,9.9215,37778,0
ATIP.US,60,20210422,190000,9.925,9.93,9.92,9.93,9388,0
ATIP.US,60,20210422,200000,9.93,9.93,9.91,9.92,14556,0
ATIP.US,60,20210422,210000,9.91,9.92,9.91,9.915,8721,0
ATIP.US,60,20210422,220000,9.915,9.96,9.91,9.94,46421,0
ATIP.US,60,20210423,160000,9.96,9.975,9.96,9.97,12782,0
ATIP.US,60,20210423,170000,9.9738,9.99,9.97,9.985,16225,0
ATIP.US,60,20210423,180000,9.9823,9.99,9.9822,9.985,3650,0
ATIP.US,60,20210423,190000,9.98,9.989,9.9706,9.98,10954,0
ATIP.US,60,20210423,200000,9.9701,9.98,9.96,9.965,15505,0
ATIP.US,60,20210423,210000,9.96,9.96,9.95,9.9515,11334,0
ATIP.US,60,20210423,220000,9.96,9.98,9.955,9.96,46643,0
ATIP.US,60,20210426,160000,9.99,10,9.96,9.9899,36599,0
ATIP.US,60,20210426,170000,9.99,10,9.97,9.985,37756,0
ATIP.US,60,20210426,180000,9.98,9.9996,9.98,9.98,19840,0
ATIP.US,60,20210426,190000,9.98,9.99,9.97,9.985,17898,0
ATIP.US,60,20210426,200000,9.98,10.01,9.98,10,205146,0
ATIP.US,60,20210426,210000,9.9999,10.15,9.98,9.99,490344,0
ATIP.US,60,20210426,220000,9.99,10,9.97,9.99,86738,0
ATIP.US,60,20210427,160000,10,10,9.96,9.97,77522,0
ATIP.US,60,20210427,170000,9.965,9.97,9.96,9.965,28278,0
ATIP.US,60,20210427,180000,9.965,9.98,9.96,9.97,32032,0
ATIP.US,60,20210427,190000,9.97,9.99,9.96,9.98,31400,0
ATIP.US,60,20210427,200000,9.98,9.99,9.97,9.975,9556,0
ATIP.US,60,20210427,210000,9.9738,9.978,9.96,9.96,10910,0
ATIP.US,60,20210427,220000,9.965,9.98,9.96,9.98,56422,0
ATIP.US,60,20210428,160000,10,10.02,9.97,10.01,242212,0
ATIP.US,60,20210428,170000,10.01,10.1,10.01,10.09,340008,0
ATIP.US,60,20210428,180000,10.085,10.1,10.07,10.07,251716,0
ATIP.US,60,20210428,190000,10.0612,10.1,10.05,10.055,520134,0
ATIP.US,60,20210428,200000,10.05,10.09,10.05,10.06,317058,0
ATIP.US,60,20210428,210000,10.065,10.08,10.05,10.05,97274,0
ATIP.US,60,20210428,220000,10.05,10.06,10.015,10.04,256110,0
ATIP.US,60,20210429,160000,10.09,10.09,10.03,10.0501,63528,0
ATIP.US,60,20210429,170000,10.05,10.09,10.03,10.07,163066,0
ATIP.US,60,20210429,180000,10.06,10.07,9.99,9.995,241994,0
ATIP.US,60,20210429,190000,9.99,10.01,9.99,10,136546,0
ATIP.US,60,20210429,200000,10,10.03,9.99,10.03,98642,0
ATIP.US,60,20210429,210000,10.02,10.05,10.0173,10.02,74314,0
ATIP.US,60,20210429,220000,10.02,10.04,10,10.02,244934,0
ATIP.US,60,20210430,160000,10,10.07,10,10.005,66004,0
ATIP.US,60,20210430,170000,10.0086,10.016,9.99,10.01,97374,0
ATIP.US,60,20210430,180000,10,10.01,9.99,9.995,28166,0
ATIP.US,60,20210430,190000,9.99,9.9985,9.97,9.975,119474,0
ATIP.US,60,20210430,200000,9.98,10,9.96,9.965,300326,0
ATIP.US,60,20210430,210000,9.965,10,9.965,9.965,232562,0
ATIP.US,60,20210430,220000,9.96,9.97,9.95,9.96,163572,0
ATIP.US,60,20210503,160000,9.96,9.99,9.96,9.9876,50036,0
ATIP.US,60,20210503,170000,9.9881,10.005,9.97,9.993,38957,0
ATIP.US,60,20210503,180000,9.995,10.0099,9.99,9.99,60763,0
ATIP.US,60,20210503,190000,9.98,10.01,9.98,10.0099,16175,0
ATIP.US,60,20210503,200000,10,10.01,9.99,9.995,7632,0
ATIP.US,60,20210503,210000,9.9906,10.01,9.9906,9.9987,36956,0
ATIP.US,60,20210503,220000,10,10.01,9.99,10,56734,0
ATIP.US,60,20210504,160000,10,10.02,9.9815,9.9815,16764,0
ATIP.US,60,20210504,170000,9.9898,10,9.97,10,106108,0
ATIP.US,60,20210504,180000,10,10.065,9.98,10.06,80812,0
ATIP.US,60,20210504,190000,10.0632,10.09,10.04,10.08,105865,0
ATIP.US,60,20210504,200000,10.0785,10.08,10.045,10.05,32097,0
ATIP.US,60,20210504,210000,10.05,10.06,10.04,10.05,36835,0
ATIP.US,60,20210504,220000,10.05,10.05,10.02,10.02,113790,0
ATIP.US,60,20210505,160000,10.07,10.07,10.01,10.05,21454,0
ATIP.US,60,20210505,170000,10.06,10.06,10.02,10.035,19741,0
ATIP.US,60,20210505,180000,10.03,10.04,10.01,10.01,13018,0
ATIP.US,60,20210505,190000,10.015,10.04,10.01,10.03,18397,0
ATIP.US,60,20210505,200000,10.03,10.03,9.99,9.99,28718,0
ATIP.US,60,20210505,210000,9.99,10,9.99,9.9991,17246,0
ATIP.US,60,20210505,220000,9.99,10,9.99,10,23088,0
ATIP.US,60,20210506,160000,10,10.02,9.99,9.99,13318,0
ATIP.US,60,20210506,170000,9.99,10,9.98,9.985,23951,0
ATIP.US,60,20210506,180000,9.98,9.99,9.98,9.985,13689,0
ATIP.US,60,20210506,190000,9.99,9.99,9.98,9.99,7172,0
ATIP.US,60,20210506,200000,9.985,9.99,9.98,9.99,12762,0
ATIP.US,60,20210506,210000,9.99,9.99,9.98,9.985,20299,0
ATIP.US,60,20210506,220000,9.985,10,9.98,9.99,57427,0
ATIP.US,60,20210507,160000,10,10,9.98,9.9978,11243,0
ATIP.US,60,20210507,170000,9.995,10,9.99,9.995,20871,0
ATIP.US,60,20210507,180000,9.995,10,9.99,9.995,27217,0
ATIP.US,60,20210507,190000,9.99,10,9.99,9.995,8793,0
ATIP.US,60,20210507,200000,9.99,10,9.98,10,36073,0
ATIP.US,60,20210507,210000,10,10.005,9.99,10,15411,0
ATIP.US,60,20210507,220000,10,10.01,9.99,10,56525,0
ATIP.US,60,20210510,160000,10,10.01,9.99,9.9999,16040,0
ATIP.US,60,20210510,170000,9.992,10,9.98,9.99,12041,0
ATIP.US,60,20210510,180000,9.99,10.01,9.98,10,29104,0
ATIP.US,60,20210510,190000,10,10.04,10,10.03,110929,0
ATIP.US,60,20210510,200000,10.03,10.04,10,10,48111,0
ATIP.US,60,20210510,210000,10.005,10.01,10,10,20552,0
ATIP.US,60,20210510,220000,10,10.01,9.98,9.99,80337,0
ATIP.US,60,20210511,160000,9.97,9.99,9.97,9.98,22264,0
ATIP.US,60,20210511,170000,9.98,9.985,9.94,9.94,34557,0
ATIP.US,60,20210511,180000,9.94,9.95,9.94,9.945,14093,0
ATIP.US,60,20210511,190000,9.94,9.98,9.94,9.975,26661,0
ATIP.US,60,20210511,200000,9.97,9.98,9.97,9.9701,38374,0
ATIP.US,60,20210511,210000,9.975,9.99,9.975,9.985,37409,0
ATIP.US,60,20210511,220000,9.99,9.99,9.98,9.99,28525,0
ATIP.US,60,20210512,160000,9.94,9.97,9.94,9.97,26449,0
ATIP.US,60,20210512,170000,9.971,9.98,9.9411,9.945,12373,0
ATIP.US,60,20210512,180000,9.945,9.975,9.945,9.95,32050,0
ATIP.US,60,20210512,190000,9.95,9.96,9.94,9.94,39438,0
ATIP.US,60,20210512,200000,9.94,10.055,9.94,9.99,245434,0
ATIP.US,60,20210512,210000,9.98,10,9.98,9.99,64169,0
ATIP.US,60,20210512,220000,9.99,9.9901,9.95,9.97,97907,0
ATIP.US,60,20210513,160000,9.97,10.03,9.97,9.99,61895,0
ATIP.US,60,20210513,170000,9.99,9.99,9.96,9.97,48793,0
ATIP.US,60,20210513,180000,9.9794,9.98,9.96,9.965,21260,0
ATIP.US,60,20210513,190000,9.97,9.98,9.97,9.97,38740,0
ATIP.US,60,20210513,200000,9.97,9.985,9.9601,9.98,32650,0
ATIP.US,60,20210513,210000,9.98,9.99,9.97,9.98,30010,0
ATIP.US,60,20210513,220000,9.98,9.99,9.97,9.98,225197,0
ATIP.US,60,20210514,160000,9.97,9.98,9.94,9.95,22368,0
ATIP.US,60,20210514,170000,9.95,9.96,9.94,9.94,44281,0
ATIP.US,60,20210514,180000,9.94,9.95,9.94,9.94,17041,0
ATIP.US,60,20210514,190000,9.9499,9.95,9.94,9.9482,52855,0
ATIP.US,60,20210514,200000,9.945,9.95,9.94,9.95,14737,0
ATIP.US,60,20210514,210000,9.945,9.96,9.9447,9.95,34228,0
ATIP.US,60,20210514,220000,9.95,9.96,9.94,9.95,62857,0
ATIP.US,60,20210517,160000,9.95,9.97,9.95,9.9599,41627,0
ATIP.US,60,20210517,170000,9.955,9.96,9.95,9.9515,9674,0
ATIP.US,60,20210517,180000,9.955,9.96,9.9519,9.96,7590,0
ATIP.US,60,20210517,190000,9.955,9.96,9.95,9.955,27076,0
ATIP.US,60,20210517,200000,9.96,9.96,9.95,9.9523,56280,0
ATIP.US,60,20210517,210000,9.9522,9.9599,9.9514,9.955,2054,0
ATIP.US,60,20210517,220000,9.955,9.97,9.95,9.95,46122,0
ATIP.US,60,20210518,160000,9.95,9.98,9.95,9.9787,6138,0
ATIP.US,60,20210518,170000,9.97,9.98,9.96,9.9601,30733,0
ATIP.US,60,20210518,180000,9.965,9.97,9.96,9.965,24724,0
ATIP.US,60,20210518,190000,9.97,9.97,9.96,9.965,6786,0
ATIP.US,60,20210518,200000,9.97,9.97,9.96,9.97,9657,0
ATIP.US,60,20210518,210000,9.964,9.964,9.95,9.96,44835,0
ATIP.US,60,20210518,220000,9.96,9.96,9.95,9.96,121434,0
ATIP.US,60,20210519,160000,9.94,9.96,9.94,9.955,16091,0
ATIP.US,60,20210519,170000,9.95,9.96,9.95,9.96,56681,0
ATIP.US,60,20210519,180000,9.955,9.96,9.95,9.96,26101,0
ATIP.US,60,20210519,190000,9.9594,9.96,9.9514,9.9514,2100,0
ATIP.US,60,20210519,200000,9.96,9.97,9.96,9.965,23318,0
ATIP.US,60,20210519,210000,9.965,9.97,9.955,9.955,3433,0
ATIP.US,60,20210519,220000,9.95,9.96,9.95,9.95,12425,0
ATIP.US,60,20210520,160000,9.95,9.98,9.95,9.955,13777,0
ATIP.US,60,20210520,170000,9.96,9.97,9.95,9.97,47330,0
ATIP.US,60,20210520,180000,9.9675,9.97,9.96,9.97,35671,0
ATIP.US,60,20210520,190000,9.9675,9.97,9.96,9.965,27370,0
ATIP.US,60,20210520,200000,9.965,9.97,9.96,9.965,17668,0
ATIP.US,60,20210520,210000,9.97,9.97,9.9614,9.965,19436,0
ATIP.US,60,20210520,220000,9.97,10,9.96,9.99,176515,0
ATIP.US,60,20210521,160000,9.99,10,9.98,9.985,16865,0
ATIP.US,60,20210521,170000,9.99,9.99,9.97,9.9712,34438,0
ATIP.US,60,20210521,180000,9.9786,9.99,9.9712,9.985,6615,0
ATIP.US,60,20210521,190000,9.985,9.99,9.98,9.9899,3690,0
ATIP.US,60,20210521,200000,9.985,10,9.9822,9.995,4503,0
ATIP.US,60,20210521,210000,9.995,9.9978,9.981,9.985,15477,0
ATIP.US,60,20210521,220000,9.985,10,9.98,9.99,24202,0
ATIP.US,60,20210524,160000,9.99,9.9911,9.97,9.989,275703,0
ATIP.US,60,20210524,170000,9.99,10,9.98,9.995,116682,0
ATIP.US,60,20210524,180000,9.99,10,9.98,9.995,350418,0
ATIP.US,60,20210524,190000,9.995,10,9.9875,10,276101,0
ATIP.US,60,20210524,200000,9.99,10,9.99,9.995,34470,0
ATIP.US,60,20210524,210000,9.995,10,9.99,9.99,135805,0
ATIP.US,60,20210524,220000,9.995,10,9.97,9.97,727790,0
ATIP.US,60,20210525,160000,9.98,9.99,9.98,9.98,46353,0
ATIP.US,60,20210525,170000,9.99,10,9.97,9.99,230079,0
ATIP.US,60,20210525,180000,9.99,10,9.99,9.995,17800,0
ATIP.US,60,20210525,190000,9.9922,10,9.99,9.995,31397,0
ATIP.US,60,20210525,200000,9.995,10,9.99,9.9901,6477,0
ATIP.US,60,20210525,210000,9.995,10,9.99,9.99,22190,0
ATIP.US,60,20210525,220000,10,10,9.98,9.99,330285,0
ATIP.US,60,20210526,160000,9.98,10,9.98,9.99,22489,0
ATIP.US,60,20210526,170000,9.99,9.99,9.9815,9.99,21514,0
ATIP.US,60,20210526,180000,9.99,10,9.98,9.99,36869,0
ATIP.US,60,20210526,190000,9.9978,10,9.98,9.995,51882,0
ATIP.US,60,20210526,200000,9.995,9.999,9.99,9.995,23070,0
ATIP.US,60,20210526,210000,9.99,10,9.985,9.995,21983,0
ATIP.US,60,20210526,220000,9.99,10,9.99,9.99,41252,0
ATIP.US,60,20210527,160000,9.99,10,9.99,10,8628,0
ATIP.US,60,20210527,170000,10,10,9.99,9.995,5835,0
ATIP.US,60,20210527,180000,9.995,10,9.99,9.9912,2680,0
ATIP.US,60,20210527,190000,9.995,10,9.99,9.995,6506,0
ATIP.US,60,20210527,200000,9.995,10,9.99,9.99,70976,0
ATIP.US,60,20210527,210000,9.995,9.995,9.98,9.99,36424,0
ATIP.US,60,20210527,220000,9.99,10,9.98,9.98,47225,0
ATIP.US,60,20210528,160000,10,10,9.9801,9.9801,24999,0
ATIP.US,60,20210528,170000,9.98,10,9.98,9.995,23595,0
ATIP.US,60,20210528,180000,9.995,10,9.98,9.995,187745,0
ATIP.US,60,20210528,190000,10,10,9.99,10,65707,0
ATIP.US,60,20210528,200000,9.995,10,9.99,9.99,35947,0
ATIP.US,60,20210528,210000,9.995,10.005,9.99,10,248977,0
ATIP.US,60,20210528,220000,10,10.01,9.98,9.98,144374,0
ATIP.US,60,20210601,160000,9.99,10.01,9.99,10.005,5585,0
ATIP.US,60,20210601,170000,10.005,10.01,9.9803,10.01,33204,0
ATIP.US,60,20210601,180000,10.0078,10.01,10,10,4368,0
ATIP.US,60,20210601,190000,10.0001,10.01,10,10,2750,0
ATIP.US,60,20210601,200000,10,10.01,10,10.005,2940,0
ATIP.US,60,20210601,210000,10.01,10.01,10,10.005,21969,0
ATIP.US,60,20210601,220000,10.005,10.01,10,10,17000,0
ATIP.US,60,20210602,160000,10,10,9.98,9.98,13520,0
ATIP.US,60,20210602,170000,9.99,10,9.98,9.99,13736,0
ATIP.US,60,20210602,180000,9.99,10,9.98,9.99,69378,0
ATIP.US,60,20210602,190000,9.99,10,9.99,9.995,37253,0
ATIP.US,60,20210602,200000,9.9987,10,9.99,9.99,9213,0
ATIP.US,60,20210602,210000,9.99,10,9.985,9.99,24017,0
ATIP.US,60,20210602,220000,9.995,10.02,9.99,10,161107,0
ATIP.US,60,20210603,160000,9.99,10,9.99,9.9933,13137,0
ATIP.US,60,20210603,170000,10,10.01,9.99,10,36619,0
ATIP.US,60,20210603,180000,10,10.01,9.99,9.99,19646,0
ATIP.US,60,20210603,190000,10,10,9.99,9.9988,22709,0
ATIP.US,60,20210603,200000,9.995,10,9.99,9.99,32396,0
ATIP.US,60,20210603,210000,9.995,10.005,9.99,10,34099,0
ATIP.US,60,20210603,220000,10,10.01,9.99,10,61641,0
ATIP.US,60,20210604,160000,10,10,9.97,9.975,53453,0
ATIP.US,60,20210604,170000,9.97,10,9.97,9.99,300954,0
ATIP.US,60,20210604,180000,9.995,10,9.97,9.99,297985,0
ATIP.US,60,20210604,190000,9.99,10,9.98,9.99,113701,0
ATIP.US,60,20210604,200000,9.9902,10.01,9.98,9.99,100906,0
ATIP.US,60,20210604,210000,9.99,10,9.99,9.99,4399,0
ATIP.US,60,20210604,220000,9.995,10,9.99,9.99,44896,0
ATIP.US,60,20210607,160000,10.01,10.01,9.99,9.99,11260,0
ATIP.US,60,20210607,170000,9.995,10,9.99,10,9639,0
ATIP.US,60,20210607,180000,9.99,10,9.99,9.99,6741,0
ATIP.US,60,20210607,190000,9.995,9.995,9.98,9.98,20760,0
ATIP.US,60,20210607,200000,9.98,10,9.98,9.99,55463,0
ATIP.US,60,20210607,210000,10,10.01,9.99,10,275436,0
ATIP.US,60,20210607,220000,10.005,10.05,9.99,10.02,1446827,0
ATIP.US,60,20210608,160000,10.04,10.05,10,10.0005,1037734,0
ATIP.US,60,20210608,170000,10.005,10.01,9.99,9.9988,461180,0
ATIP.US,60,20210608,180000,9.995,10.01,9.98,10.005,191033,0
ATIP.US,60,20210608,190000,10,10.01,9.99,9.99,27289,0
ATIP.US,60,20210608,200000,9.99,10.02,9.99,9.99,56052,0
ATIP.US,60,20210608,210000,9.99,10.03,9.99,10.0245,344767,0
ATIP.US,60,20210608,220000,10.025,10.19,10.02,10.02,452248,0
ATIP.US,60,20210609,160000,10.1,10.1,10.045,10.05,116132,0
ATIP.US,60,20210609,170000,10.0484,10.07,10.04,10.05,389584,0
ATIP.US,60,20210609,180000,10.06,10.06,10,10.01,192751,0
ATIP.US,60,20210609,190000,10.015,10.0199,9.99,9.9999,45186,0
ATIP.US,60,20210609,200000,9.995,10.005,9.99,9.995,39872,0
ATIP.US,60,20210609,210000,10,10,9.99,9.99,66628,0
ATIP.US,60,20210609,220000,9.995,10,9.98,9.99,123721,0
ATIP.US,60,20210610,160000,10,10,9.98,9.985,39984,0
ATIP.US,60,20210610,170000,9.98,9.98,9.94,9.96,198971,0
ATIP.US,60,20210610,180000,9.961,10,9.96,9.975,243347,0
ATIP.US,60,20210610,190000,9.975,9.98,9.97,9.975,19876,0
ATIP.US,60,20210610,200000,9.975,9.995,9.97,9.99,133023,0
ATIP.US,60,20210610,210000,9.99,10,9.98,9.985,164478,0
ATIP.US,60,20210610,220000,9.985,10,9.97,9.98,361762,0
ATIP.US,60,20210611,160000,10,10.04,9.99,10.01,312563,0
ATIP.US,60,20210611,170000,10.01,10.025,10,10,698429,0
ATIP.US,60,20210611,180000,10.005,10.16,10,10.13,332837,0
ATIP.US,60,20210611,190000,10.135,10.17,10.12,10.15,255014,0
ATIP.US,60,20210611,200000,10.15,10.22,10.095,10.2,368102,0
ATIP.US,60,20210611,210000,10.2,10.21,10.037,10.09,350478,0
ATIP.US,60,20210611,220000,10.1,10.16,10.1,10.13,196848,0
ATIP.US,60,20210614,160000,10.16,10.31,10.16,10.2,177053,0
ATIP.US,60,20210614,170000,10.2,10.245,10.16,10.16,200242,0
ATIP.US,60,20210614,180000,10.17,10.17,10.12,10.15,216510,0
ATIP.US,60,20210614,190000,10.15,10.34,10.06,10.115,621601,0
ATIP.US,60,20210614,200000,10.1189,10.17,10.11,10.17,98880,0
ATIP.US,60,20210614,210000,10.16,10.16,10.08,10.085,90754,0
ATIP.US,60,20210614,220000,10.07,10.07,9.79,9.95,673511,0
ATIP.US,60,20210615,160000,9.97,10.04,9.8692,9.905,91550,0
ATIP.US,60,20210615,170000,9.9088,9.9099,9.01,9.6399,1367717,0
ATIP.US,60,20210615,180000,9.63,9.66,9.44,9.45,200470,0
ATIP.US,60,20210615,190000,9.45,9.5,9.35,9.455,274737,0
ATIP.US,60,20210615,200000,9.46,9.51,9.4,9.45,265643,0
ATIP.US,60,20210615,210000,9.445,9.6,9.421,9.48,201597,0
ATIP.US,60,20210615,220000,9.475,9.79,9.45,9.74,635759,0
ATIP.US,60,20210616,160000,9.77,9.9,9.77,9.9,287663,0
ATIP.US,60,20210616,170000,9.9,9.95,9.87,9.935,219089,0
ATIP.US,60,20210616,180000,9.935,9.95,9.93,9.945,100851,0
ATIP.US,60,20210616,190000,9.945,10.0375,9.945,9.995,235551,0
ATIP.US,60,20210616,200000,9.995,10.15,9.99,10.12,282290,0
ATIP.US,60,20210616,210000,10.12,10.25,10.1,10.15,519087,0
ATIP.US,60,20210616,220000,10.14,10.34,10.08,10.28,641044,0
ATIP.US,60,20210617,160000,10,10,9.74,9.99,152499,0
ATIP.US,60,20210617,170000,10,10.44,9.99,10.2071,213406,0
ATIP.US,60,20210617,180000,10.22,10.22,9.995,10,304959,0
ATIP.US,60,20210617,190000,10.015,10.02,9.77,9.965,166782,0
ATIP.US,60,20210617,200000,9.96,10.09,9.95,9.99,68846,0
ATIP.US,60,20210617,210000,9.995,10.27,9.99,10.11,75634,0
ATIP.US,60,20210617,220000,10.125,10.225,9.98,10.01,122521,0
ATIP.US,60,20210618,160000,9.98,10.16,9.86,9.9,306207,0
ATIP.US,60,20210618,170000,9.895,9.9134,9.75,9.75,376300,0
ATIP.US,60,20210618,180000,9.76,9.76,9.44,9.455,219812,0
ATIP.US,60,20210618,190000,9.46,9.5895,9.35,9.56,250518,0
ATIP.US,60,20210618,200000,9.5648,9.58,9.475,9.49,348245,0
ATIP.US,60,20210618,210000,9.485,9.57,9.47,9.475,144113,0
ATIP.US,60,20210618,220000,9.47,9.54,9.3,9.45,418947,0
ATIP.US,60,20210621,160000,9.46,9.49,9.37,9.4,87124,0
ATIP.US,60,20210621,170000,9.4,9.4199,9.37,9.3899,87374,0
ATIP.US,60,20210621,180000,9.38,9.39,9.01,9.06,131315,0
ATIP.US,60,20210621,190000,9.084,9.18,8.83,8.95,140090,0
ATIP.US,60,20210621,200000,8.96,9.08,8.915,9.055,154163,0
ATIP.US,60,20210621,210000,9.06,9.09,8.88,8.96,231605,0
ATIP.US,60,20210621,220000,8.98,9.135,8.84,9.09,572335,0
ATIP.US,60,20210622,160000,9.16,9.26,9.11,9.22,144004,0
ATIP.US,60,20210622,170000,9.225,9.44,9.16,9.425,323106,0
ATIP.US,60,20210622,180000,9.44,9.44,9.29,9.295,116327,0
ATIP.US,60,20210622,190000,9.295,9.39,9.29,9.35,58538,0
ATIP.US,60,20210622,200000,9.35,9.35,9.23,9.24,62038,0
ATIP.US,60,20210622,210000,9.24,9.25,9.2,9.25,56394,0
ATIP.US,60,20210622,220000,9.25,9.26,9.23,9.26,98025,0
ATIP.US,60,20210623,160000,9.28,9.39,9.23,9.23,22225,0
ATIP.US,60,20210623,170000,9.23,9.37,9.22,9.3,123583,0
ATIP.US,60,20210623,180000,9.3,9.38,9.27,9.38,77933,0
ATIP.US,60,20210623,190000,9.38,9.6,9.375,9.44,140653,0
ATIP.US,60,20210623,200000,9.439,9.47,9.38,9.39,29482,0
ATIP.US,60,20210623,210000,9.3899,9.39,9.31,9.31,33138,0
ATIP.US,60,20210623,220000,9.3,9.36,9.28,9.35,106311,0
ATIP.US,60,20210624,160000,9.32,9.4,9.27,9.28,22713,0
ATIP.US,60,20210624,170000,9.3,9.34,9.26,9.33,57497,0
ATIP.US,60,20210624,180000,9.33,9.35,9.26,9.31,93279,0
ATIP.US,60,20210624,190000,9.31,9.31,9.29,9.3,54527,0
ATIP.US,60,20210624,200000,9.31,9.31,9.21,9.22,61845,0
ATIP.US,60,20210624,210000,9.211,9.22,9.1,9.14,109299,0
ATIP.US,60,20210624,220000,9.14,9.23,9.1301,9.22,83978,0
ATIP.US,60,20210625,160000,9.18,9.29,9.06,9.06,124676,0
ATIP.US,60,20210625,170000,9.08,9.17,8.89,9.065,340277,0
ATIP.US,60,20210625,180000,9.04,9.21,8.98,9.2,92130,0
ATIP.US,60,20210625,190000,9.21,9.31,9.16,9.19,79195,0
ATIP.US,60,20210625,200000,9.19,9.195,9.13,9.15,42857,0
ATIP.US,60,20210625,210000,9.15,9.24,9.12,9.16,55923,0
ATIP.US,60,20210625,220000,9.16,9.17,9.05,9.06,160736,0
ATIP.US,60,20210628,160000,9.07,9.07,8.96,8.97,72458,0
ATIP.US,60,20210628,170000,8.971,9.01,8.97,8.9999,106878,0
ATIP.US,60,20210628,180000,9,9,8.97,8.98,33280,0
ATIP.US,60,20210628,190000,8.98,8.99,8.96,8.98,36492,0
ATIP.US,60,20210628,200000,8.97,9.01,8.96,8.965,86431,0
ATIP.US,60,20210628,210000,8.97,8.97,8.92,8.95,68884,0
ATIP.US,60,20210628,220000,8.95,8.96,8.92,8.95,78536,0
ATIP.US,60,20210629,160000,8.97,9.15,8.96,9.116,47742,0
ATIP.US,60,20210629,170000,9.12,9.395,9.08,9.33,282373,0
ATIP.US,60,20210629,180000,9.335,9.48,9.31,9.445,120031,0
ATIP.US,60,20210629,190000,9.45,9.53,9.37,9.37,79081,0
ATIP.US,60,20210629,200000,9.37,9.45,9.34,9.4106,83150,0
ATIP.US,60,20210629,210000,9.4101,9.52,9.41,9.445,71336,0
ATIP.US,60,20210629,220000,9.445,9.61,9.44,9.51,250614,0
ATIP.US,60,20210630,160000,9.51,9.52,9.3,9.39,32125,0
ATIP.US,60,20210630,170000,9.39,9.5,9.27,9.5,113060,0
ATIP.US,60,20210630,180000,9.5,9.51,9.38,9.4501,53706,0
ATIP.US,60,20210630,190000,9.46,9.5,9.4,9.46,41824,0
ATIP.US,60,20210630,200000,9.47,9.52,9.445,9.52,32561,0
ATIP.US,60,20210630,210000,9.52,9.59,9.41,9.55,58165,0
ATIP.US,60,20210630,220000,9.54,9.5867,9.49,9.54,106963,0
ATIP.US,60,20210701,160000,9.59,9.59,9.38,9.43,19394,0
ATIP.US,60,20210701,170000,9.37,9.57,9.37,9.53,102072,0
ATIP.US,60,20210701,180000,9.525,9.55,9.455,9.5229,74830,0
ATIP.US,60,20210701,190000,9.53,9.53,9.45,9.53,41566,0
ATIP.US,60,20210701,200000,9.51,9.51,9.39,9.42,67392,0
ATIP.US,60,20210701,210000,9.415,9.44,9.41,9.435,31570,0
ATIP.US,60,20210701,220000,9.44,9.49,9.35,9.42,143718,0
ATIP.US,60,20210702,160000,9.41,9.42,9.27,9.31,20551,0
ATIP.US,60,20210702,170000,9.2925,9.33,8.97,8.97,125794,0
ATIP.US,60,20210702,180000,8.98,9.095,8.92,8.99,114481,0
ATIP.US,60,20210702,190000,8.98,9.31,8.98,9.1,107256,0
ATIP.US,60,20210702,200000,9.1,9.23,9.0568,9.129,75644,0
ATIP.US,60,20210702,210000,9.1,9.13,9.0501,9.065,65902,0
ATIP.US,60,20210702,220000,9.065,9.11,9.03,9.05,142569,0
ATIP.US,60,20210706,160000,9.18,9.27,8.95,8.955,34253,0
ATIP.US,60,20210706,170000,8.96,8.98,8.83,8.845,117728,0
ATIP.US,60,20210706,180000,8.845,9.07,8.84,8.899,131990,0
ATIP.US,60,20210706,190000,8.88,8.925,8.85,8.91,80242,0
ATIP.US,60,20210706,200000,8.9052,8.94,8.83,8.91,148342,0
ATIP.US,60,20210706,210000,8.905,8.92,8.86,8.895,154564,0
ATIP.US,60,20210706,220000,8.895,8.9,8.49,8.53,347401,0
ATIP.US,60,20210707,160000,8.6,8.65,8.43,8.515,102684,0
ATIP.US,60,20210707,170000,8.5,8.505,8.16,8.31,180638,0
ATIP.US,60,20210707,180000,8.3146,8.3699,8.22,8.24,67767,0
ATIP.US,60,20210707,190000,8.24,8.28,8.03,8.12,137270,0
ATIP.US,60,20210707,200000,8.11,8.17,7.88,7.98,243607,0
ATIP.US,60,20210707,210000,7.95,8.22,7.92,8.17,172315,0
ATIP.US,60,20210707,220000,8.145,8.35,8.13,8.2,284588,0
ATIP.US,60,20210708,160000,8.08,8.2,8.03,8.18,39830,0
ATIP.US,60,20210708,170000,8.21,8.24,8.01,8.11,178306,0
ATIP.US,60,20210708,180000,8.1,8.24,8.1,8.24,75011,0
ATIP.US,60,20210708,190000,8.24,8.29,8.2,8.29,72203,0
ATIP.US,60,20210708,200000,8.27,8.27,8.12,8.15,63461,0
ATIP.US,60,20210708,210000,8.15,8.38,8.14,8.3682,124322,0
ATIP.US,60,20210708,220000,8.38,8.53,8.3,8.49,215114,0
ATIP.US,60,20210709,160000,8.58,8.64,8.34,8.35,40744,0
ATIP.US,60,20210709,170000,8.37,8.64,8.3672,8.56,52852,0
ATIP.US,60,20210709,180000,8.57,8.62,8.53,8.56,45798,0
ATIP.US,60,20210709,190000,8.54,8.54,8.48,8.53,30756,0
ATIP.US,60,20210709,200000,8.53,8.61,8.53,8.605,20530,0
ATIP.US,60,20210709,210000,8.59,8.65,8.53,8.64,38535,0
ATIP.US,60,20210709,220000,8.64,8.72,8.59,8.61,135627,0
