<TICKER>,<PER>,<DATE>,<TIME>,<OPEN>,<HIGH>,<LOW>,<CLOSE>,<VOL>,<OPENINT>
AWP.US,60,20200914,160000,4.5109,4.5584,4.5015,4.5536,35635,0
AWP.US,60,20200914,170000,4.5583,4.5678,4.549,4.5678,26417,0
AWP.US,60,20200914,180000,4.5584,4.5678,4.549,4.5678,69282,0
AWP.US,60,20200914,190000,4.5678,4.587,4.5632,4.5678,44899,0
AWP.US,60,20200914,200000,4.5678,4.5774,4.5584,4.5668,16302,0
AWP.US,60,20200914,210000,4.5632,4.5678,4.5584,4.5584,16777,0
AWP.US,60,20200914,220000,4.5584,4.5774,4.5584,4.5678,18712,0
AWP.US,60,20200915,160000,4.587,4.6437,4.587,4.5979,38182,0
AWP.US,60,20200915,170000,4.6058,4.6249,4.5963,4.6201,52529,0
AWP.US,60,20200915,180000,4.6248,4.6249,4.6058,4.6153,30521,0
AWP.US,60,20200915,190000,4.6201,4.6249,4.6153,4.6249,56261,0
AWP.US,60,20200915,200000,4.6249,4.6343,4.6153,4.625,33819,0
AWP.US,60,20200915,210000,4.6255,4.6342,4.6153,4.6201,29433,0
AWP.US,60,20200915,220000,4.6229,4.6249,4.5963,4.5963,43565,0
AWP.US,60,20200916,160000,4.6153,4.6367,4.6058,4.6367,19272,0
AWP.US,60,20200916,170000,4.6364,4.6531,4.6153,4.6388,54179,0
AWP.US,60,20200916,180000,4.6388,4.6531,4.6343,4.6531,27424,0
AWP.US,60,20200916,190000,4.6531,4.6626,4.6437,4.658,24256,0
AWP.US,60,20200916,200000,4.6626,4.6626,4.6531,4.6531,16551,0
AWP.US,60,20200916,210000,4.6626,4.6722,4.658,4.658,17058,0
AWP.US,60,20200916,220000,4.658,4.6626,4.6437,4.6531,29342,0
AWP.US,60,20200917,160000,4.5963,4.6213,4.5789,4.6213,33338,0
AWP.US,60,20200917,170000,4.6185,4.6437,4.6185,4.6388,38388,0
AWP.US,60,20200917,180000,4.6381,4.6437,4.6153,4.6195,25157,0
AWP.US,60,20200917,190000,4.6248,4.6249,4.587,4.6106,37616,0
AWP.US,60,20200917,200000,4.6152,4.6153,4.606,4.6098,19210,0
AWP.US,60,20200917,210000,4.6153,4.6249,4.5972,4.6089,53646,0
AWP.US,60,20200917,220000,4.6059,4.6059,4.587,4.5963,111520,0
AWP.US,60,20200918,160000,4.5869,4.5963,4.5676,4.5702,36399,0
AWP.US,60,20200918,170000,4.5676,4.5677,4.5344,4.5344,84116,0
AWP.US,60,20200918,180000,4.5377,4.5389,4.52,4.5389,38118,0
AWP.US,60,20200918,190000,4.5478,4.5676,4.5389,4.5389,44664,0
AWP.US,60,20200918,200000,4.5438,4.5532,4.5294,4.5438,108926,0
AWP.US,60,20200918,210000,4.5438,4.5581,4.5389,4.5527,45814,0
AWP.US,60,20200918,220000,4.5532,4.5581,4.5487,4.5487,67830,0
AWP.US,60,20200921,160000,4.4817,4.5008,4.3765,4.4139,80202,0
AWP.US,60,20200921,170000,4.4053,4.4165,4.3765,4.4165,119793,0
AWP.US,60,20200921,180000,4.4148,4.4242,4.3862,4.3958,49448,0
AWP.US,60,20200921,190000,4.3967,4.4148,4.3957,4.4004,36430,0
AWP.US,60,20200921,200000,4.4008,4.4243,4.3957,4.4053,54234,0
AWP.US,60,20200921,210000,4.4057,4.409,4.3862,4.3957,38556,0
AWP.US,60,20200921,220000,4.3909,4.4243,4.3909,4.4148,82695,0
AWP.US,60,20200922,160000,4.4613,4.4613,4.4053,4.4243,71149,0
AWP.US,60,20200922,170000,4.4339,4.4626,4.4148,4.4291,65852,0
AWP.US,60,20200922,180000,4.4243,4.4339,4.4053,4.4243,46205,0
AWP.US,60,20200922,190000,4.4196,4.4339,4.4148,4.4243,45174,0
AWP.US,60,20200922,200000,4.4239,4.4339,4.4148,4.4148,42808,0
AWP.US,60,20200922,210000,4.4243,4.4434,4.4192,4.4339,36374,0
AWP.US,60,20200922,220000,4.4316,4.4531,4.4243,4.4434,107460,0
AWP.US,60,20200923,160000,4.4531,4.4626,4.4339,4.4348,35116,0
AWP.US,60,20200923,170000,4.4326,4.4434,4.4157,4.4163,34558,0
AWP.US,60,20200923,180000,4.4224,4.4339,4.4053,4.4148,26035,0
AWP.US,60,20200923,190000,4.4053,4.4148,4.3957,4.4148,31511,0
AWP.US,60,20200923,200000,4.4148,4.4243,4.3957,4.4053,54219,0
AWP.US,60,20200923,210000,4.3957,4.4053,4.367,4.3862,88920,0
AWP.US,60,20200923,220000,4.3814,4.3814,4.3486,4.3576,53502,0
AWP.US,60,20200924,160000,4.3479,4.3576,4.3193,4.3576,36358,0
AWP.US,60,20200924,170000,4.3576,4.3862,4.3353,4.3576,43209,0
AWP.US,60,20200924,180000,4.3576,4.3576,4.3383,4.3479,33547,0
AWP.US,60,20200924,190000,4.3384,4.3765,4.3384,4.3718,27287,0
AWP.US,60,20200924,200000,4.3718,4.3943,4.368,4.3909,18177,0
AWP.US,60,20200924,210000,4.3899,4.3957,4.367,4.367,28804,0
AWP.US,60,20200924,220000,4.367,4.372,4.3335,4.3479,83634,0
AWP.US,60,20200925,160000,4.3289,4.3537,4.3112,4.3335,28769,0
AWP.US,60,20200925,170000,4.3289,4.3382,4.3095,4.3239,41613,0
AWP.US,60,20200925,180000,4.3239,4.3321,4.3145,4.3193,24470,0
AWP.US,60,20200925,190000,4.3193,4.3289,4.3095,4.3266,49701,0
AWP.US,60,20200925,200000,4.3256,4.3479,4.3256,4.3417,18947,0
AWP.US,60,20200925,210000,4.3476,4.3575,4.3383,4.3526,9353,0
AWP.US,60,20200925,220000,4.3526,4.3814,4.3486,4.367,86568,0
AWP.US,60,20200928,160000,4.3957,4.4591,4.3862,4.4482,68478,0
AWP.US,60,20200928,170000,4.4521,4.4721,4.4434,4.4482,44606,0
AWP.US,60,20200928,180000,4.4531,4.4626,4.4434,4.4495,70557,0
AWP.US,60,20200928,190000,4.4485,4.4625,4.4459,4.4625,16374,0
AWP.US,60,20200928,200000,4.4592,4.4721,4.4531,4.4721,31283,0
AWP.US,60,20200928,210000,4.4721,4.4817,4.4577,4.4676,72271,0
AWP.US,60,20200928,220000,4.4674,4.4678,4.4339,4.4339,87608,0
AWP.US,60,20200929,160000,4.4434,4.4434,4.4339,4.4339,20714,0
AWP.US,60,20200929,170000,4.4291,4.4339,4.3957,4.4004,37238,0
AWP.US,60,20200929,180000,4.3957,4.4004,4.367,4.367,52928,0
AWP.US,60,20200929,190000,4.367,4.383,4.367,4.3765,38439,0
AWP.US,60,20200929,200000,4.3765,4.3862,4.367,4.3862,31529,0
AWP.US,60,20200929,210000,4.3862,4.3957,4.3862,4.3862,37357,0
AWP.US,60,20200929,220000,4.3862,4.3953,4.3765,4.3765,51113,0
AWP.US,60,20200930,160000,4.4148,4.4339,4.4053,4.4053,75255,0
AWP.US,60,20200930,170000,4.4143,4.4339,4.4099,4.4243,56040,0
AWP.US,60,20200930,180000,4.4243,4.4339,4.4148,4.4196,54875,0
AWP.US,60,20200930,190000,4.4148,4.4243,4.4148,4.4196,26269,0
AWP.US,60,20200930,200000,4.4148,4.4148,4.4053,4.4053,38423,0
AWP.US,60,20200930,210000,4.4053,4.4148,4.3765,4.3957,31729,0
AWP.US,60,20200930,220000,4.3931,4.4053,4.367,4.4053,93604,0
AWP.US,60,20201001,160000,4.4434,4.4434,4.4243,4.4387,38861,0
AWP.US,60,20201001,170000,4.4387,4.4434,4.4243,4.4243,70686,0
AWP.US,60,20201001,180000,4.4243,4.4721,4.4243,4.4626,53744,0
AWP.US,60,20201001,190000,4.4721,4.4817,4.4626,4.4674,72865,0
AWP.US,60,20201001,200000,4.4674,4.4721,4.4531,4.4531,50840,0
AWP.US,60,20201001,210000,4.4434,4.4913,4.4339,4.4913,95245,0
AWP.US,60,20201001,220000,4.4913,4.52,4.4721,4.5008,86996,0
AWP.US,60,20201002,160000,4.4339,4.4721,4.4213,4.4674,22143,0
AWP.US,60,20201002,170000,4.4721,4.5008,4.4626,4.4817,44693,0
AWP.US,60,20201002,180000,4.4721,4.5069,4.4721,4.4913,34498,0
AWP.US,60,20201002,190000,4.4913,4.52,4.4817,4.5103,29261,0
AWP.US,60,20201002,200000,4.5135,4.5159,4.4913,4.4913,31516,0
AWP.US,60,20201002,210000,4.4913,4.5103,4.4913,4.5008,31705,0
AWP.US,60,20201002,220000,4.5103,4.5389,4.5054,4.5103,104755,0
AWP.US,60,20201005,160000,4.5389,4.5772,4.5275,4.5365,67719,0
AWP.US,60,20201005,170000,4.5389,4.5487,4.5245,4.5389,113236,0
AWP.US,60,20201005,180000,4.5389,4.5629,4.5352,4.5487,56487,0
AWP.US,60,20201005,190000,4.5487,4.5581,4.5389,4.5487,40506,0
AWP.US,60,20201005,200000,4.5487,4.5532,4.5389,4.5438,50451,0
AWP.US,60,20201005,210000,4.5389,4.5487,4.5389,4.5487,62964,0
AWP.US,60,20201005,220000,4.5487,4.5676,4.5389,4.5676,189356,0
AWP.US,60,20201006,160000,4.589,4.5963,4.5772,4.5869,52211,0
AWP.US,60,20201006,170000,4.5869,4.5963,4.5676,4.5926,62011,0
AWP.US,60,20201006,180000,4.5963,4.6059,4.5869,4.6057,61554,0
AWP.US,60,20201006,190000,4.5963,4.6012,4.5869,4.5916,39606,0
AWP.US,60,20201006,200000,4.5963,4.6251,4.5963,4.6251,128205,0
AWP.US,60,20201006,210000,4.6251,4.6536,4.5913,4.6107,157718,0
AWP.US,60,20201006,220000,4.5963,4.6059,4.5869,4.6059,83340,0
AWP.US,60,20201007,160000,4.6536,4.6536,4.6251,4.6251,78046,0
AWP.US,60,20201007,170000,4.6345,4.6345,4.6059,4.6154,44372,0
AWP.US,60,20201007,180000,4.6154,4.6251,4.6059,4.6107,45335,0
AWP.US,60,20201007,190000,4.6148,4.6202,4.6059,4.6107,27195,0
AWP.US,60,20201007,200000,4.6154,4.6202,4.6059,4.6202,47756,0
AWP.US,60,20201007,210000,4.6154,4.6441,4.6154,4.6346,76480,0
AWP.US,60,20201007,220000,4.6395,4.6441,4.6251,4.6346,39225,0
AWP.US,60,20201008,160000,4.6728,4.6728,4.6346,4.6441,32663,0
AWP.US,60,20201008,170000,4.6346,4.6755,4.6251,4.6632,66823,0
AWP.US,60,20201008,180000,4.6632,4.6728,4.6536,4.6585,50169,0
AWP.US,60,20201008,190000,4.6632,4.7015,4.6585,4.6975,100792,0
AWP.US,60,20201008,200000,4.7015,4.711,4.6919,4.6919,111862,0
AWP.US,60,20201008,210000,4.6919,4.73,4.6919,4.7253,97890,0
AWP.US,60,20201008,220000,4.73,4.7493,4.7206,4.7493,148046,0
AWP.US,60,20201009,160000,4.7493,4.7683,4.6919,4.6919,64261,0
AWP.US,60,20201009,170000,4.6919,4.711,4.6919,4.7015,47777,0
AWP.US,60,20201009,180000,4.7015,4.7396,4.7015,4.73,119897,0
AWP.US,60,20201009,190000,4.735,4.7588,4.73,4.7444,91598,0
AWP.US,60,20201009,200000,4.7444,4.7588,4.7396,4.7588,67330,0
AWP.US,60,20201009,210000,4.7588,4.7588,4.7396,4.7444,60000,0
AWP.US,60,20201009,220000,4.7444,4.7588,4.7396,4.7493,130451,0
AWP.US,60,20201012,160000,4.73,4.7493,4.73,4.73,44354,0
AWP.US,60,20201012,170000,4.735,4.7396,4.711,4.7206,75145,0
AWP.US,60,20201012,180000,4.722,4.73,4.7015,4.7015,61635,0
AWP.US,60,20201012,190000,4.7015,4.73,4.7015,4.7229,42474,0
AWP.US,60,20201012,200000,4.7206,4.73,4.711,4.7122,23977,0
AWP.US,60,20201012,210000,4.711,4.7206,4.6919,4.693,168072,0
AWP.US,60,20201012,220000,4.6919,4.7015,4.6824,4.6824,144321,0
AWP.US,60,20201013,160000,4.6919,4.6919,4.6251,4.6251,47564,0
AWP.US,60,20201013,170000,4.6251,4.6346,4.6059,4.6059,80447,0
AWP.US,60,20201013,180000,4.6059,4.6154,4.5869,4.6037,49080,0
AWP.US,60,20201013,190000,4.5963,4.5963,4.5676,4.5772,56067,0
AWP.US,60,20201013,200000,4.5725,4.5772,4.5676,4.5772,41049,0
AWP.US,60,20201013,210000,4.5725,4.5869,4.5581,4.5676,41259,0
AWP.US,60,20201013,220000,4.5629,4.5963,4.5629,4.5869,73224,0
AWP.US,60,20201014,160000,4.5772,4.5935,4.5725,4.5828,45306,0
AWP.US,60,20201014,170000,4.5869,4.5869,4.5581,4.5725,38071,0
AWP.US,60,20201014,180000,4.5676,4.5772,4.5581,4.5597,43419,0
AWP.US,60,20201014,190000,4.5581,4.5675,4.5389,4.5487,50159,0
AWP.US,60,20201014,200000,4.5581,4.5676,4.5389,4.5629,79342,0
AWP.US,60,20201014,210000,4.5581,4.5772,4.5487,4.5676,87635,0
AWP.US,60,20201014,220000,4.5676,4.6059,4.5629,4.5963,112588,0
AWP.US,60,20201015,160000,4.5487,4.5659,4.5389,4.5629,42656,0
AWP.US,60,20201015,170000,4.5676,4.5772,4.5581,4.5737,23937,0
AWP.US,60,20201015,180000,4.5725,4.594,4.5725,4.5772,27957,0
AWP.US,60,20201015,190000,4.5819,4.5928,4.5772,4.5772,17751,0
AWP.US,60,20201015,200000,4.5819,4.6012,4.5819,4.5906,41817,0
AWP.US,60,20201015,210000,4.5963,4.6251,4.593,4.6154,91433,0
AWP.US,60,20201015,220000,4.6102,4.6102,4.5869,4.5869,79238,0
AWP.US,60,20201016,160000,4.5869,4.6157,4.5529,4.5667,58212,0
AWP.US,60,20201016,170000,4.5579,4.5772,4.5579,4.5579,21539,0
AWP.US,60,20201016,180000,4.5674,4.5674,4.5579,4.5674,10217,0
AWP.US,60,20201016,190000,4.5674,4.5772,4.5579,4.5772,28873,0
AWP.US,60,20201016,200000,4.5772,4.5869,4.5579,4.5869,31562,0
AWP.US,60,20201016,210000,4.5869,4.5869,4.5579,4.5579,63609,0
AWP.US,60,20201016,220000,4.5652,4.5678,4.5579,4.5674,41359,0
AWP.US,60,20201019,160000,4.5772,4.5869,4.5386,4.552,58558,0
AWP.US,60,20201019,170000,4.5484,4.5579,4.5289,4.5339,40114,0
AWP.US,60,20201019,180000,4.5339,4.5385,4.5,4.5194,24160,0
AWP.US,60,20201019,190000,4.5193,4.5194,4.5097,4.5097,32228,0
AWP.US,60,20201019,200000,4.5097,4.5097,4.4905,4.4953,82279,0
AWP.US,60,20201019,210000,4.4905,4.5,4.4422,4.4463,165374,0
AWP.US,60,20201019,220000,4.4422,4.4519,4.4326,4.4519,56638,0
AWP.US,60,20201020,160000,4.4422,4.484,4.4377,4.4808,54971,0
AWP.US,60,20201020,170000,4.475,4.4808,4.472,4.4797,25620,0
AWP.US,60,20201020,180000,4.4711,4.5097,4.4711,4.4945,72591,0
AWP.US,60,20201020,190000,4.4948,4.5,4.4915,4.4953,6198,0
AWP.US,60,20201020,200000,4.5,4.5097,4.4943,4.501,11034,0
AWP.US,60,20201020,210000,4.5,4.5194,4.5,4.5145,43406,0
AWP.US,60,20201020,220000,4.5184,4.5251,4.5,4.5097,68609,0
AWP.US,60,20201021,160000,4.5289,4.5289,4.5,4.5145,35085,0
AWP.US,60,20201021,170000,4.5,4.5194,4.5,4.5097,46201,0
AWP.US,60,20201021,180000,4.517,4.517,4.4905,4.5,27795,0
AWP.US,60,20201021,190000,4.4968,4.5,4.4823,4.4874,51567,0
AWP.US,60,20201021,200000,4.4905,4.4905,4.4808,4.4905,38740,0
AWP.US,60,20201021,210000,4.4818,4.4905,4.4808,4.4904,25814,0
AWP.US,60,20201021,220000,4.4809,4.4905,4.4519,4.4615,66126,0
AWP.US,60,20201022,160000,4.4808,4.4997,4.4808,4.4835,43326,0
AWP.US,60,20201022,170000,4.4855,4.4875,4.4519,4.4711,86150,0
AWP.US,60,20201022,180000,4.4711,4.4882,4.4711,4.4882,40580,0
AWP.US,60,20201022,190000,4.4814,4.4905,4.4808,4.4855,22092,0
AWP.US,60,20201022,200000,4.4905,4.4905,4.4808,4.4855,21328,0
AWP.US,60,20201022,210000,4.4855,4.4905,4.4808,4.4905,49628,0
AWP.US,60,20201022,220000,4.4904,4.524,4.4855,4.5097,42859,0
AWP.US,60,20201023,160000,4.5,4.5194,4.5,4.5,42409,0
AWP.US,60,20201023,170000,4.502,4.5097,4.4855,4.4855,56631,0
AWP.US,60,20201023,180000,4.4855,4.4904,4.4711,4.4711,103348,0
AWP.US,60,20201023,190000,4.476,4.476,4.4519,4.4615,115658,0
AWP.US,60,20201023,200000,4.4524,4.4615,4.4519,4.4615,24360,0
AWP.US,60,20201023,210000,4.4566,4.4711,4.4422,4.4575,98505,0
AWP.US,60,20201023,220000,4.4566,4.4711,4.4566,4.4615,56285,0
AWP.US,60,20201026,150000,4.4326,4.4326,4.4134,4.4182,68033,0
AWP.US,60,20201026,160000,4.4182,4.4326,4.3796,4.3844,54470,0
AWP.US,60,20201026,170000,4.3748,4.3816,4.3651,4.3786,38932,0
AWP.US,60,20201026,180000,4.3748,4.394,4.3651,4.3796,44832,0
AWP.US,60,20201026,190000,4.3796,4.3843,4.3556,4.3701,30744,0
AWP.US,60,20201026,200000,4.3726,4.3938,4.3726,4.3901,37642,0
AWP.US,60,20201026,210000,4.3854,4.4134,4.3748,4.4037,35030,0
AWP.US,60,20201027,150000,4.4134,4.4182,4.3849,4.3849,31210,0
AWP.US,60,20201027,160000,4.387,4.4037,4.3651,4.3748,35470,0
AWP.US,60,20201027,170000,4.3748,4.3748,4.3556,4.3651,46782,0
AWP.US,60,20201027,180000,4.3701,4.3747,4.3458,4.3459,66213,0
AWP.US,60,20201027,190000,4.3506,4.3651,4.3458,4.3458,28324,0
AWP.US,60,20201027,200000,4.3529,4.3556,4.3266,4.3325,62255,0
AWP.US,60,20201027,210000,4.3316,4.3361,4.3073,4.3171,106374,0
AWP.US,60,20201028,150000,4.2784,4.2784,4.2014,4.211,168423,0
AWP.US,60,20201028,160000,4.2206,4.2399,4.1917,4.1955,207778,0
AWP.US,60,20201028,170000,4.1922,4.2061,4.182,4.2061,115718,0
AWP.US,60,20201028,180000,4.2061,4.211,4.182,4.182,82434,0
AWP.US,60,20201028,190000,4.1872,4.211,4.182,4.211,132209,0
AWP.US,60,20201028,200000,4.211,4.2399,4.1965,4.2399,261927,0
AWP.US,60,20201028,210000,4.2399,4.2399,4.1917,4.1917,239104,0
AWP.US,60,20201029,150000,4.1917,4.2014,4.1532,4.2014,37220,0
AWP.US,60,20201029,160000,4.2014,4.2399,4.1917,4.2351,24395,0
AWP.US,60,20201029,170000,4.2375,4.2399,4.2017,4.2061,65897,0
AWP.US,60,20201029,180000,4.2061,4.2108,4.2014,4.2014,14138,0
AWP.US,60,20201029,200000,4.2544,4.2592,4.2399,4.2494,22761,0
AWP.US,60,20201029,210000,4.2494,4.2592,4.2399,4.2494,96075,0
AWP.US,60,20201030,150000,4.2494,4.2769,4.2303,4.2399,65500,0
AWP.US,60,20201030,160000,4.2494,4.2494,4.1917,4.1917,67529,0
AWP.US,60,20201030,170000,4.1917,4.2206,4.1917,4.211,44056,0
AWP.US,60,20201030,180000,4.2206,4.2303,4.211,4.2206,31338,0
AWP.US,60,20201030,190000,4.2206,4.2285,4.211,4.211,42932,0
AWP.US,60,20201030,200000,4.211,4.2399,4.1917,4.211,43311,0
AWP.US,60,20201030,210000,4.211,4.211,4.1917,4.2014,67520,0
AWP.US,60,20201102,160000,4.2399,4.2688,4.2303,4.2494,38917,0
AWP.US,60,20201102,170000,4.2415,4.2688,4.2415,4.2592,53676,0
AWP.US,60,20201102,180000,4.2656,4.2881,4.2602,4.2832,42214,0
AWP.US,60,20201102,190000,4.288,4.2881,4.2592,4.2784,36731,0
AWP.US,60,20201102,200000,4.276,4.2976,4.2592,4.2784,80320,0
AWP.US,60,20201102,210000,4.2784,4.2784,4.2544,4.2592,75229,0
AWP.US,60,20201102,220000,4.2592,4.2784,4.2544,4.2784,64227,0
AWP.US,60,20201103,160000,4.3171,4.3651,4.3171,4.3651,20338,0
AWP.US,60,20201103,170000,4.365,4.3651,4.3458,4.3556,33734,0
AWP.US,60,20201103,180000,4.3581,4.3748,4.3557,4.3748,22223,0
AWP.US,60,20201103,190000,4.3701,4.3747,4.3651,4.373,19249,0
AWP.US,60,20201103,200000,4.3701,4.3748,4.3651,4.3705,25218,0
AWP.US,60,20201103,210000,4.3661,4.3844,4.3651,4.3844,13613,0
AWP.US,60,20201103,220000,4.3833,4.4037,4.3748,4.3748,47605,0
AWP.US,60,20201104,160000,4.3941,4.4229,4.3892,4.4037,24299,0
AWP.US,60,20201104,170000,4.4134,4.4519,4.4134,4.4422,8890,0
AWP.US,60,20201104,180000,4.4326,4.4615,4.4229,4.4331,45126,0
AWP.US,60,20201104,190000,4.4408,4.4711,4.4327,4.4708,49779,0
AWP.US,60,20201104,200000,4.4711,4.4711,4.4519,4.4519,23661,0
AWP.US,60,20201104,210000,4.4519,4.4615,4.4422,4.452,38395,0
AWP.US,60,20201104,220000,4.4566,4.4615,4.4134,4.4134,97375,0
AWP.US,60,20201105,160000,4.4615,4.5,4.4615,4.4855,32191,0
AWP.US,60,20201105,170000,4.4808,4.5097,4.4808,4.5097,40165,0
AWP.US,60,20201105,180000,4.5097,4.5097,4.4905,4.4978,44094,0
AWP.US,60,20201105,190000,4.5,4.5194,4.4905,4.5097,65544,0
AWP.US,60,20201105,200000,4.5097,4.5289,4.5097,4.5194,23264,0
AWP.US,60,20201105,210000,4.524,4.5339,4.5097,4.524,47891,0
AWP.US,60,20201105,220000,4.5215,4.5289,4.5194,4.5194,50992,0
AWP.US,60,20201106,160000,4.5385,4.5385,4.513,4.5198,35296,0
AWP.US,60,20201106,170000,4.5197,4.5385,4.5194,4.5289,44392,0
AWP.US,60,20201106,180000,4.5194,4.5385,4.5194,4.5284,32002,0
AWP.US,60,20201106,190000,4.5272,4.5289,4.5194,4.5252,44854,0
AWP.US,60,20201106,200000,4.5194,4.5289,4.5194,4.5289,26995,0
AWP.US,60,20201106,210000,4.5194,4.5385,4.5194,4.524,111843,0
AWP.US,60,20201106,220000,4.5194,4.5772,4.5194,4.5484,150788,0
AWP.US,60,20201109,160000,4.6831,4.818,4.6831,4.7987,165695,0
AWP.US,60,20201109,170000,4.7892,4.8179,4.6638,4.6831,113166,0
AWP.US,60,20201109,180000,4.6808,4.6831,4.6495,4.6736,90439,0
AWP.US,60,20201109,190000,4.6831,4.6928,4.6736,4.6789,80167,0
AWP.US,60,20201109,200000,4.6759,4.7024,4.6736,4.6831,63307,0
AWP.US,60,20201109,210000,4.688,4.6928,4.6831,4.6888,34015,0
AWP.US,60,20201109,220000,4.6928,4.8565,4.6542,4.6638,205089,0
AWP.US,60,20201110,160000,4.6638,4.7024,4.6591,4.7024,34374,0
AWP.US,60,20201110,170000,4.7024,4.7312,4.7024,4.724,52285,0
AWP.US,60,20201110,180000,4.7313,4.7602,4.7312,4.7566,46271,0
AWP.US,60,20201110,190000,4.7588,4.7795,4.7588,4.7646,41327,0
AWP.US,60,20201110,200000,4.7651,4.7698,4.7313,4.7371,45845,0
AWP.US,60,20201110,210000,4.7313,4.7602,4.7313,4.7554,39678,0
AWP.US,60,20201110,220000,4.7511,4.7699,4.7506,4.7602,71748,0
AWP.US,60,20201111,160000,4.7987,4.8085,4.7821,4.7965,45427,0
AWP.US,60,20201111,170000,4.7987,4.818,4.7892,4.8132,36617,0
AWP.US,60,20201111,180000,4.81,4.8565,4.81,4.8565,74248,0
AWP.US,60,20201111,190000,4.8469,4.8565,4.8469,4.8519,20092,0
AWP.US,60,20201111,200000,4.8565,4.8614,4.8374,4.8469,48328,0
AWP.US,60,20201111,210000,4.8421,4.8469,4.818,4.818,14989,0
AWP.US,60,20201111,220000,4.8277,4.8519,4.818,4.8374,47464,0
AWP.US,60,20201112,160000,4.8462,4.8462,4.7987,4.7987,26136,0
AWP.US,60,20201112,170000,4.8085,4.8328,4.7987,4.818,55852,0
AWP.US,60,20201112,180000,4.8276,4.8277,4.818,4.8229,26094,0
AWP.US,60,20201112,190000,4.819,4.8277,4.8035,4.8109,32934,0
AWP.US,60,20201112,200000,4.8085,4.818,4.7987,4.8035,35621,0
AWP.US,60,20201112,210000,4.8035,4.818,4.7892,4.7968,13931,0
AWP.US,60,20201112,220000,4.7892,4.7892,4.7602,4.7699,49211,0
AWP.US,60,20201113,160000,4.7795,4.818,4.7795,4.8035,25249,0
AWP.US,60,20201113,170000,4.8032,4.8032,4.7796,4.7986,23856,0
AWP.US,60,20201113,180000,4.7892,4.7985,4.7795,4.7919,29261,0
AWP.US,60,20201113,190000,4.7978,4.8085,4.7892,4.7987,31381,0
AWP.US,60,20201113,200000,4.7987,4.8085,4.7892,4.7901,18863,0
AWP.US,60,20201113,210000,4.7923,4.8085,4.7892,4.7987,32570,0
AWP.US,60,20201113,220000,4.8075,4.818,4.7987,4.8085,61498,0
AWP.US,60,20201116,160000,4.9049,4.924,4.8469,4.8469,68960,0
AWP.US,60,20201116,170000,4.8469,4.8614,4.8374,4.8469,109203,0
AWP.US,60,20201116,180000,4.8565,4.8565,4.8374,4.8565,62851,0
AWP.US,60,20201116,190000,4.8469,4.8854,4.8469,4.8808,60665,0
AWP.US,60,20201116,200000,4.8808,4.8854,4.8664,4.8709,38792,0
AWP.US,60,20201116,210000,4.8664,4.8854,4.8664,4.8808,27627,0
AWP.US,60,20201116,220000,4.8808,4.9144,4.88,4.8951,46674,0
AWP.US,60,20201117,160000,4.8664,4.8664,4.8374,4.8469,49081,0
AWP.US,60,20201117,170000,4.8521,4.8759,4.8315,4.8749,65327,0
AWP.US,60,20201117,180000,4.8785,4.9049,4.8708,4.8855,29303,0
AWP.US,60,20201117,190000,4.8904,4.9144,4.8904,4.9049,38535,0
AWP.US,60,20201117,200000,4.9096,4.9144,4.8951,4.9039,42196,0
AWP.US,60,20201117,210000,4.9049,4.9144,4.9049,4.9144,35967,0
AWP.US,60,20201117,220000,4.9049,4.9144,4.9049,4.9144,31506,0
AWP.US,60,20201118,160000,4.9144,4.9337,4.9103,4.9305,37236,0
AWP.US,60,20201118,170000,4.924,4.9626,4.924,4.9482,66616,0
AWP.US,60,20201118,180000,4.9487,4.9604,4.9432,4.9506,27623,0
AWP.US,60,20201118,190000,4.9491,4.953,4.9432,4.9452,35307,0
AWP.US,60,20201118,200000,4.9366,4.9432,4.9289,4.9432,19664,0
AWP.US,60,20201118,210000,4.9432,4.9432,4.924,4.924,24362,0
AWP.US,60,20201118,220000,4.9336,4.9336,4.8759,4.8759,76224,0
AWP.US,60,20201119,160000,4.8759,4.9342,4.8663,4.9314,50924,0
AWP.US,60,20201119,170000,4.9341,4.9341,4.8953,4.9098,41421,0
AWP.US,60,20201119,180000,4.9051,4.9051,4.8855,4.8905,33998,0
AWP.US,60,20201119,190000,4.8905,4.8922,4.8663,4.8709,52973,0
AWP.US,60,20201119,200000,4.8759,4.9051,4.8663,4.9051,33712,0
AWP.US,60,20201119,210000,4.9051,4.9244,4.9051,4.9172,50725,0
AWP.US,60,20201119,220000,4.9244,4.9342,4.9147,4.9342,34432,0
AWP.US,60,20201120,160000,4.9438,4.9491,4.9051,4.9051,19977,0
AWP.US,60,20201120,170000,4.8991,4.9051,4.8563,4.8663,69985,0
AWP.US,60,20201120,180000,4.8663,4.8759,4.8563,4.8573,21933,0
AWP.US,60,20201120,190000,4.8653,4.8663,4.8563,4.8604,36765,0
AWP.US,60,20201120,200000,4.8621,4.8759,4.8563,4.8672,34599,0
AWP.US,60,20201120,210000,4.8672,4.8758,4.8663,4.8663,16752,0
AWP.US,60,20201120,220000,4.8759,4.8759,4.8563,4.8563,62970,0
AWP.US,60,20201123,160000,4.8855,4.9147,4.8855,4.8969,49195,0
AWP.US,60,20201123,170000,4.8905,4.9147,4.8759,4.9099,55221,0
AWP.US,60,20201123,180000,4.9098,4.9342,4.8953,4.9244,71859,0
AWP.US,60,20201123,190000,4.9244,4.9438,4.9147,4.939,38524,0
AWP.US,60,20201123,200000,4.939,4.9633,4.939,4.9603,61271,0
AWP.US,60,20201123,210000,4.9633,4.973,4.9536,4.9682,39589,0
AWP.US,60,20201123,220000,4.9682,4.9827,4.9438,4.9438,106851,0
AWP.US,60,20201124,160000,4.9924,4.9924,4.9559,4.9827,73589,0
AWP.US,60,20201124,170000,4.9901,5.0313,4.9729,5.0216,304174,0
AWP.US,60,20201124,180000,5.0313,5.0702,5.0312,5.0557,199894,0
AWP.US,60,20201124,190000,5.0532,5.0702,5.0119,5.0215,189602,0
AWP.US,60,20201124,200000,5.0312,5.0411,4.9924,4.9924,135589,0
AWP.US,60,20201124,210000,4.9924,5.0119,4.9827,4.9924,61172,0
AWP.US,60,20201124,220000,4.9924,5.0215,4.9827,4.9924,114245,0
AWP.US,60,20201125,160000,5.0313,5.0507,5.0215,5.0361,83717,0
AWP.US,60,20201125,170000,5.0387,5.0507,5.0215,5.0215,60700,0
AWP.US,60,20201125,180000,5.0215,5.0313,5.0119,5.0265,61216,0
AWP.US,60,20201125,190000,5.0265,5.0507,5.0265,5.0457,91350,0
AWP.US,60,20201125,200000,5.0411,5.0506,5.0313,5.0361,37326,0
AWP.US,60,20201125,210000,5.0361,5.0411,5.0215,5.0265,49365,0
AWP.US,60,20201125,220000,5.0215,5.0313,5.0215,5.0313,61837,0
AWP.US,60,20201127,160000,5.0411,5.0702,5.0313,5.0507,67482,0
AWP.US,60,20201127,170000,5.0557,5.0603,5.0313,5.0313,46512,0
AWP.US,60,20201127,180000,5.0313,5.0371,5.0119,5.0167,48158,0
AWP.US,60,20201127,190000,5.0215,5.0215,5.0119,5.0215,46112,0
AWP.US,60,20201127,200000,5.0215,5.0215,5.0215,5.0215,455,0
AWP.US,60,20201130,160000,5.0022,5.0799,5.0022,5.0361,41939,0
AWP.US,60,20201130,170000,5.0411,5.0799,5.0119,5.041,94384,0
AWP.US,60,20201130,180000,5.0361,5.0653,5.0361,5.0412,64923,0
AWP.US,60,20201130,190000,5.0411,5.0702,5.0411,5.0457,66686,0
AWP.US,60,20201130,200000,5.0411,5.0603,5.0119,5.0119,103469,0
AWP.US,60,20201130,210000,5.0119,5.0154,4.9827,4.9853,80674,0
AWP.US,60,20201130,220000,4.9827,5.0215,4.973,5.0215,89494,0
AWP.US,60,20201201,160000,5.0702,5.1187,5.0507,5.0877,71798,0
AWP.US,60,20201201,170000,5.086,5.1283,5.0702,5.0885,129189,0
AWP.US,60,20201201,180000,5.0895,5.0895,5.0603,5.0614,82036,0
AWP.US,60,20201201,190000,5.0603,5.0895,5.0603,5.0799,54517,0
AWP.US,60,20201201,200000,5.0895,5.0895,5.0799,5.0847,28388,0
AWP.US,60,20201201,210000,5.0895,5.0895,5.0411,5.0411,123645,0
AWP.US,60,20201201,220000,5.0313,5.0702,5.0215,5.0702,88892,0
AWP.US,60,20201202,160000,5.109,5.109,5.071,5.0945,73075,0
AWP.US,60,20201202,170000,5.096,5.0993,5.0702,5.0799,71292,0
AWP.US,60,20201202,180000,5.0799,5.0895,5.0749,5.0847,30090,0
AWP.US,60,20201202,190000,5.0847,5.0993,5.0799,5.0895,40382,0
AWP.US,60,20201202,200000,5.0895,5.0993,5.0702,5.0702,126082,0
AWP.US,60,20201202,210000,5.0749,5.0799,5.0411,5.0411,133910,0
AWP.US,60,20201202,220000,5.0477,5.0895,5.0411,5.0895,99426,0
AWP.US,60,20201203,160000,5.109,5.1381,5.0993,5.1256,82478,0
AWP.US,60,20201203,170000,5.1333,5.1478,5.1187,5.1477,95110,0
AWP.US,60,20201203,180000,5.1381,5.1435,5.1236,5.1283,57482,0
AWP.US,60,20201203,190000,5.1236,5.1478,5.1187,5.1333,99187,0
AWP.US,60,20201203,200000,5.1381,5.1478,5.1283,5.1438,47629,0
AWP.US,60,20201203,210000,5.1381,5.1478,5.0993,5.109,136829,0
AWP.US,60,20201203,220000,5.109,5.1138,5.0603,5.0702,140081,0
AWP.US,60,20201204,160000,5.0799,5.1187,5.0799,5.1138,52058,0
AWP.US,60,20201204,170000,5.1113,5.1437,5.1113,5.1308,68932,0
AWP.US,60,20201204,180000,5.1333,5.1478,5.1333,5.1381,55279,0
AWP.US,60,20201204,190000,5.1381,5.1478,5.1381,5.1429,40132,0
AWP.US,60,20201204,200000,5.1429,5.1478,5.1283,5.1283,93035,0
AWP.US,60,20201204,210000,5.1283,5.1354,5.0993,5.1269,73474,0
AWP.US,60,20201204,220000,5.1236,5.1283,5.0895,5.109,110039,0
AWP.US,60,20201207,160000,5.1187,5.1283,5.1048,5.1112,41593,0
AWP.US,60,20201207,170000,5.1138,5.1187,5.109,5.1138,24412,0
AWP.US,60,20201207,180000,5.1138,5.1187,5.109,5.109,30785,0
AWP.US,60,20201207,190000,5.109,5.1187,5.0799,5.0895,47337,0
AWP.US,60,20201207,200000,5.0847,5.0895,5.0507,5.0653,74453,0
AWP.US,60,20201207,210000,5.0603,5.0799,5.0603,5.0702,88023,0
AWP.US,60,20201207,220000,5.0702,5.0895,5.0603,5.0895,65733,0
AWP.US,60,20201208,160000,5.0799,5.0799,5.0507,5.0603,45750,0
AWP.US,60,20201208,170000,5.0653,5.0653,5.0119,5.0167,149655,0
AWP.US,60,20201208,180000,5.0167,5.0215,4.9924,5.0167,156109,0
AWP.US,60,20201208,190000,5.0119,5.0215,5.0119,5.0167,45643,0
AWP.US,60,20201208,200000,5.0215,5.0215,5.0022,5.0119,194755,0
AWP.US,60,20201208,210000,5.0119,5.0313,5.0119,5.0167,74846,0
AWP.US,60,20201208,220000,5.0167,5.0313,5.0119,5.0215,68867,0
AWP.US,60,20201209,160000,5.0313,5.0603,5.0313,5.0411,28348,0
AWP.US,60,20201209,170000,5.0507,5.0507,4.9924,4.9924,73875,0
AWP.US,60,20201209,180000,5.0119,5.0119,4.9827,4.9827,95119,0
AWP.US,60,20201209,190000,4.9827,4.9992,4.973,4.973,55753,0
AWP.US,60,20201209,200000,4.973,4.9827,4.9633,4.973,47402,0
AWP.US,60,20201209,210000,4.9633,4.973,4.9633,4.9633,21407,0
AWP.US,60,20201209,220000,4.9633,4.9924,4.9633,4.9924,69221,0
AWP.US,60,20201210,160000,4.973,4.9924,4.9536,4.9907,24423,0
AWP.US,60,20201210,170000,4.9839,4.9923,4.973,4.9817,45753,0
AWP.US,60,20201210,180000,4.9827,4.9924,4.973,4.9924,31266,0
AWP.US,60,20201210,190000,4.9827,5.0022,4.9827,4.9973,21516,0
AWP.US,60,20201210,200000,4.9924,5.0022,4.973,4.973,60915,0
AWP.US,60,20201210,210000,4.973,4.982,4.9244,4.9244,124687,0
AWP.US,60,20201210,220000,4.9244,4.9633,4.9244,4.9342,162476,0
AWP.US,60,20201211,160000,4.9147,4.9633,4.9147,4.9438,20696,0
AWP.US,60,20201211,170000,4.9536,4.9924,4.9536,4.9584,81070,0
AWP.US,60,20201211,180000,4.9584,4.9633,4.9244,4.9304,58584,0
AWP.US,60,20201211,190000,4.9342,4.939,4.9244,4.939,21696,0
AWP.US,60,20201211,200000,4.939,4.9438,4.9244,4.9342,35387,0
AWP.US,60,20201211,210000,4.9293,4.9536,4.9293,4.939,21753,0
AWP.US,60,20201211,220000,4.939,4.9438,4.9244,4.9438,87639,0
AWP.US,60,20201214,160000,4.9924,5.0215,4.9924,5.0215,49148,0
AWP.US,60,20201214,170000,5.0215,5.0313,5.0119,5.0119,56664,0
AWP.US,60,20201214,180000,5.0148,5.0148,4.9827,4.9876,55943,0
AWP.US,60,20201214,190000,4.9914,4.9924,4.9827,4.9924,31772,0
AWP.US,60,20201214,200000,4.9924,5.0119,4.9876,5.0119,36134,0
AWP.US,60,20201214,210000,5.0119,5.0215,5.0069,5.0215,73714,0
AWP.US,60,20201214,220000,5.0215,5.0215,4.9924,5.0022,101275,0
AWP.US,60,20201215,160000,5.0215,5.0507,5.0119,5.0119,28711,0
AWP.US,60,20201215,170000,5.0066,5.0265,5.0022,5.0119,23002,0
AWP.US,60,20201215,180000,5.0215,5.0215,5.0022,5.0215,28517,0
AWP.US,60,20201215,190000,5.0119,5.0411,5.0119,5.0313,39495,0
AWP.US,60,20201215,200000,5.0313,5.0411,5.0215,5.0215,74588,0
AWP.US,60,20201215,210000,5.0242,5.0313,5.0215,5.0215,58403,0
AWP.US,60,20201215,220000,5.0275,5.0275,4.9924,5.0022,120580,0
AWP.US,60,20201216,160000,5.0313,5.0702,5.0313,5.0702,60935,0
AWP.US,60,20201216,170000,5.0656,5.0895,5.0656,5.0799,76423,0
AWP.US,60,20201216,180000,5.0702,5.0894,5.0702,5.0799,63151,0
AWP.US,60,20201216,190000,5.0749,5.0799,5.0702,5.0702,42413,0
AWP.US,60,20201216,200000,5.0603,5.0799,5.0603,5.0791,44761,0
AWP.US,60,20201216,210000,5.0799,5.0895,5.0702,5.0736,63435,0
AWP.US,60,20201216,220000,5.0702,5.1187,5.0603,5.109,165646,0
AWP.US,60,20201217,160000,5.1381,5.1478,5.1187,5.1284,49250,0
AWP.US,60,20201217,170000,5.1381,5.1478,5.1284,5.1381,47954,0
AWP.US,60,20201217,180000,5.1381,5.1478,5.1381,5.145,45453,0
AWP.US,60,20201217,190000,5.1429,5.1478,5.1381,5.1477,57014,0
AWP.US,60,20201217,200000,5.1381,5.1673,5.1381,5.1478,45370,0
AWP.US,60,20201217,210000,5.1575,5.1575,5.109,5.109,106204,0
AWP.US,60,20201217,220000,5.109,5.1138,5.0799,5.109,70482,0
AWP.US,60,20201218,160000,5.1187,5.1306,5.0457,5.0459,47754,0
AWP.US,60,20201218,170000,5.0457,5.0507,5.0215,5.0313,49971,0
AWP.US,60,20201218,180000,5.0313,5.0313,5.0215,5.0265,40667,0
AWP.US,60,20201218,190000,5.0265,5.0411,5.0215,5.0313,25337,0
AWP.US,60,20201218,200000,5.0371,5.0557,5.0313,5.0457,51388,0
AWP.US,60,20201218,210000,5.0457,5.0457,5.0313,5.0313,29274,0
AWP.US,60,20201218,220000,5.0368,5.0368,5.0215,5.0215,82870,0
AWP.US,60,20201221,160000,5.0022,5.0022,4.9341,4.9391,134101,0
AWP.US,60,20201221,170000,4.9438,4.9633,4.9147,4.9458,85301,0
AWP.US,60,20201221,180000,4.9488,4.973,4.9465,4.9682,37019,0
AWP.US,60,20201221,190000,4.973,4.9827,4.9633,4.9826,26043,0
AWP.US,60,20201221,200000,4.9778,4.9827,4.9633,4.9778,39977,0
AWP.US,60,20201221,210000,4.9827,5.0022,4.973,4.9924,31572,0
AWP.US,60,20201221,220000,4.9924,5.0119,4.9924,5.0119,75755,0
AWP.US,60,20201222,160000,5.0215,5.0506,5.0215,5.0411,38136,0
AWP.US,60,20201222,170000,5.0398,5.0411,5.0313,5.0411,33372,0
AWP.US,60,20201222,180000,5.0411,5.0411,5.0215,5.0313,24258,0
AWP.US,60,20201222,190000,5.0265,5.0411,5.0215,5.0411,21266,0
AWP.US,60,20201222,200000,5.0457,5.0507,5.0119,5.0119,58305,0
AWP.US,60,20201222,210000,5.0119,5.0119,4.9827,4.9827,76195,0
AWP.US,60,20201222,220000,4.9853,5.0022,4.973,5.0022,65685,0
AWP.US,60,20201223,160000,5.0022,5.0603,5.0022,5.0481,27003,0
AWP.US,60,20201223,170000,5.0603,5.0702,5.0411,5.0507,56708,0
AWP.US,60,20201223,180000,5.0435,5.0507,5.0411,5.0457,34467,0
AWP.US,60,20201223,190000,5.0411,5.0507,5.0411,5.0411,23444,0
AWP.US,60,20201223,200000,5.0313,5.0411,5.0119,5.0313,123402,0
AWP.US,60,20201223,210000,5.0411,5.0411,4.973,4.9827,100953,0
AWP.US,60,20201223,220000,4.9827,4.9924,4.9342,4.9438,205152,0
AWP.US,60,20201224,160000,5.0022,5.0022,4.9827,5.001,31771,0
AWP.US,60,20201224,170000,4.9925,5.006,4.9924,5.006,48087,0
AWP.US,60,20201224,180000,5.0022,5.0313,5.0022,5.0128,76216,0
AWP.US,60,20201224,190000,5.0167,5.0411,5.0119,5.0215,77623,0
AWP.US,60,20201224,200000,5.0215,5.0215,5.0215,5.0215,6008,0
AWP.US,60,20201228,160000,5.0702,5.0799,5.0507,5.0702,70783,0
AWP.US,60,20201228,170000,5.0653,5.0895,5.0603,5.0748,59200,0
AWP.US,60,20201228,180000,5.0748,5.0799,5.0702,5.0799,40071,0
AWP.US,60,20201228,190000,5.0749,5.0799,5.0702,5.0758,46903,0
AWP.US,60,20201228,200000,5.072,5.0799,5.0702,5.0799,99717,0
AWP.US,60,20201228,210000,5.0799,5.0799,5.0411,5.0457,83797,0
AWP.US,60,20201228,220000,5.0457,5.0603,5.0411,5.0603,67513,0
AWP.US,60,20201229,160000,5.0702,5.0993,5.0662,5.0662,50157,0
AWP.US,60,20201229,170000,5.0603,5.0993,5.0603,5.0993,161274,0
AWP.US,60,20201229,180000,5.0992,5.0993,5.0702,5.0801,78001,0
AWP.US,60,20201229,190000,5.0847,5.0993,5.0799,5.0919,61399,0
AWP.US,60,20201229,200000,5.0945,5.109,5.0895,5.0993,50556,0
AWP.US,60,20201229,210000,5.0895,5.0993,5.0603,5.0789,79350,0
AWP.US,60,20201229,220000,5.0702,5.0895,5.0603,5.0895,65813,0
AWP.US,60,20201230,160000,5.0895,5.1169,5.0798,5.1092,27764,0
AWP.US,60,20201230,170000,5.1092,5.1286,5.1055,5.1189,15521,0
AWP.US,60,20201230,180000,5.1238,5.1286,5.0993,5.114,57772,0
AWP.US,60,20201230,190000,5.1135,5.1189,5.0993,5.1042,44803,0
AWP.US,60,20201230,200000,5.1064,5.1092,5.0993,5.1042,33944,0
AWP.US,60,20201230,210000,5.1092,5.1189,5.0993,5.1042,24902,0
AWP.US,60,20201230,220000,5.1042,5.1483,5.0993,5.1483,107904,0
AWP.US,60,20201231,160000,5.1679,5.1815,5.1522,5.158,133686,0
AWP.US,60,20201231,170000,5.158,5.207,5.1559,5.1874,170627,0
AWP.US,60,20201231,180000,5.1874,5.2168,5.1776,5.207,133544,0
AWP.US,60,20201231,190000,5.207,5.2168,5.1972,5.2085,116808,0
AWP.US,60,20201231,200000,5.207,5.2168,5.1972,5.2021,76003,0
AWP.US,60,20201231,210000,5.1972,5.2168,5.1874,5.1923,92496,0
AWP.US,60,20201231,220000,5.1923,5.1972,5.1483,5.1483,264851,0
AWP.US,60,20210104,160000,5.2168,5.2168,5.1483,5.1555,82023,0
AWP.US,60,20210104,170000,5.1532,5.1633,5.0895,5.0983,76285,0
AWP.US,60,20210104,180000,5.0945,5.1092,5.0601,5.0651,91382,0
AWP.US,60,20210104,190000,5.0601,5.07,5.0407,5.0502,100309,0
AWP.US,60,20210104,200000,5.0455,5.0798,5.0455,5.0601,43935,0
AWP.US,60,20210104,210000,5.0601,5.0641,5.0407,5.0455,70831,0
AWP.US,60,20210104,220000,5.0504,5.0798,5.0407,5.0701,82149,0
AWP.US,60,20210105,160000,5.0504,5.0993,5.0504,5.0651,65105,0
AWP.US,60,20210105,170000,5.0651,5.0679,5.021,5.021,91666,0
AWP.US,60,20210105,180000,5.0274,5.0503,5.021,5.0308,66235,0
AWP.US,60,20210105,190000,5.036,5.0504,5.0357,5.0407,36696,0
AWP.US,60,20210105,200000,5.0455,5.0601,5.0407,5.0407,64133,0
AWP.US,60,20210105,210000,5.041,5.0601,5.0308,5.0554,104048,0
AWP.US,60,20210105,220000,5.0601,5.0701,5.0505,5.0701,81346,0
AWP.US,60,20210106,160000,5.0798,5.0895,5.0504,5.0554,66073,0
AWP.US,60,20210106,170000,5.0601,5.0798,5.0504,5.0656,48100,0
AWP.US,60,20210106,180000,5.0701,5.0895,5.07,5.0847,44126,0
AWP.US,60,20210106,190000,5.0847,5.0993,5.0601,5.0984,82321,0
AWP.US,60,20210106,200000,5.0993,5.1189,5.0895,5.0895,65703,0
AWP.US,60,20210106,210000,5.0922,5.0993,5.0701,5.0748,52999,0
AWP.US,60,20210106,220000,5.0701,5.0993,5.0701,5.0701,43156,0
AWP.US,60,20210107,160000,5.1092,5.1092,5.0601,5.0798,58319,0
AWP.US,60,20210107,170000,5.0726,5.0993,5.0701,5.0895,67095,0
AWP.US,60,20210107,180000,5.0895,5.0895,5.0701,5.0748,34439,0
AWP.US,60,20210107,190000,5.0701,5.0798,5.0601,5.0755,35076,0
AWP.US,60,20210107,200000,5.0748,5.0798,5.0601,5.0701,27015,0
AWP.US,60,20210107,210000,5.0701,5.0775,5.0407,5.0504,92867,0
AWP.US,60,20210107,220000,5.0504,5.0798,5.0455,5.0798,79577,0
AWP.US,60,20210108,160000,5.1092,5.1189,5.0895,5.1092,55866,0
AWP.US,60,20210108,170000,5.0993,5.1189,5.0993,5.1012,33474,0
AWP.US,60,20210108,180000,5.0993,5.1092,5.0993,5.1042,34909,0
AWP.US,60,20210108,190000,5.1092,5.1092,5.0895,5.0895,26345,0
AWP.US,60,20210108,200000,5.0895,5.0993,5.0701,5.0702,64813,0
AWP.US,60,20210108,210000,5.0701,5.0798,5.0701,5.0798,21742,0
AWP.US,60,20210108,220000,5.0895,5.1092,5.0847,5.0993,59895,0
AWP.US,60,20210111,160000,5.1189,5.1483,5.0993,5.1336,196738,0
AWP.US,60,20210111,170000,5.1286,5.1679,5.1189,5.1441,281210,0
AWP.US,60,20210111,180000,5.1471,5.1972,5.1385,5.1972,146629,0
AWP.US,60,20210111,190000,5.1972,5.2168,5.1776,5.1873,153155,0
AWP.US,60,20210111,200000,5.1826,5.2021,5.163,5.163,68064,0
AWP.US,60,20210111,210000,5.158,5.1776,5.1483,5.1679,149742,0
AWP.US,60,20210111,220000,5.1679,5.1776,5.158,5.1776,170438,0
AWP.US,60,20210112,160000,5.1874,5.1972,5.158,5.1679,90957,0
AWP.US,60,20210112,170000,5.1678,5.1874,5.1483,5.1579,274611,0
AWP.US,60,20210112,180000,5.1573,5.1874,5.1483,5.158,108104,0
AWP.US,60,20210112,190000,5.1583,5.1775,5.1483,5.1618,97509,0
AWP.US,60,20210112,200000,5.163,5.1679,5.158,5.163,85474,0
AWP.US,60,20210112,210000,5.158,5.1679,5.1483,5.1483,61523,0
AWP.US,60,20210112,220000,5.1532,5.1874,5.1483,5.1874,132207,0
AWP.US,60,20210113,160000,5.1874,5.1972,5.1776,5.1874,49598,0
AWP.US,60,20210113,170000,5.1776,5.1972,5.1679,5.1874,70348,0
AWP.US,60,20210113,180000,5.1874,5.207,5.1874,5.1874,33655,0
AWP.US,60,20210113,190000,5.1923,5.2168,5.1874,5.2047,93190,0
AWP.US,60,20210113,200000,5.1972,5.207,5.1972,5.1972,61049,0
AWP.US,60,20210113,210000,5.2021,5.207,5.1972,5.1972,23693,0
AWP.US,60,20210113,220000,5.1972,5.207,5.1972,5.207,53497,0
AWP.US,60,20210114,160000,5.207,5.2266,5.207,5.2217,52983,0
AWP.US,60,20210114,170000,5.2186,5.2364,5.207,5.2265,82809,0
AWP.US,60,20210114,180000,5.2168,5.2266,5.207,5.2217,64626,0
AWP.US,60,20210114,190000,5.2168,5.2266,5.207,5.2119,75492,0
AWP.US,60,20210114,200000,5.207,5.2168,5.207,5.207,111536,0
AWP.US,60,20210114,210000,5.207,5.2168,5.1972,5.2119,80514,0
AWP.US,60,20210114,220000,5.207,5.2339,5.207,5.2168,122637,0
AWP.US,60,20210115,160000,5.2168,5.2265,5.207,5.207,32652,0
AWP.US,60,20210115,170000,5.2119,5.2119,5.1972,5.1972,18104,0
AWP.US,60,20210115,180000,5.2021,5.2146,5.1972,5.2069,88319,0
AWP.US,60,20210115,190000,5.1972,5.207,5.1972,5.207,22273,0
AWP.US,60,20210115,200000,5.2119,5.2168,5.1972,5.2069,27822,0
AWP.US,60,20210115,210000,5.2021,5.207,5.1972,5.2054,26096,0
AWP.US,60,20210115,220000,5.2021,5.2168,5.2015,5.2168,42691,0
AWP.US,60,20210119,160000,5.2755,5.2755,5.2461,5.2511,110918,0
AWP.US,60,20210119,170000,5.2511,5.2657,5.2461,5.2613,90427,0
AWP.US,60,20210119,180000,5.257,5.2657,5.2364,5.2461,63947,0
AWP.US,60,20210119,190000,5.2413,5.2657,5.239,5.2657,30009,0
AWP.US,60,20210119,200000,5.2656,5.2821,5.256,5.2821,50834,0
AWP.US,60,20210119,210000,5.2804,5.2853,5.2461,5.256,82103,0
AWP.US,60,20210119,220000,5.2511,5.2853,5.2461,5.2853,116133,0
AWP.US,60,20210120,160000,5.2853,5.3244,5.2755,5.3244,47186,0
AWP.US,60,20210120,170000,5.3244,5.3342,5.3147,5.3244,106610,0
AWP.US,60,20210120,180000,5.3244,5.3441,5.3147,5.3391,58625,0
AWP.US,60,20210120,190000,5.3342,5.3588,5.3342,5.3489,33915,0
AWP.US,60,20210120,200000,5.3489,5.3832,5.3441,5.3782,75996,0
AWP.US,60,20210120,210000,5.3768,5.3832,5.3636,5.3636,23945,0
AWP.US,60,20210120,220000,5.3734,5.3734,5.3441,5.3441,86746,0
AWP.US,60,20210121,160000,5.3736,5.3933,5.3341,5.3341,37440,0
AWP.US,60,20210121,170000,5.3441,5.3539,5.3365,5.3539,45484,0
AWP.US,60,20210121,180000,5.3442,5.3539,5.3441,5.3489,24629,0
AWP.US,60,20210121,190000,5.3489,5.3538,5.3341,5.3391,21979,0
AWP.US,60,20210121,200000,5.3391,5.3539,5.3194,5.3194,57361,0
AWP.US,60,20210121,210000,5.3145,5.3391,5.3145,5.3341,63365,0
AWP.US,60,20210121,220000,5.3391,5.3441,5.3243,5.3341,70583,0
AWP.US,60,20210122,160000,5.3145,5.3391,5.3145,5.3391,64669,0
AWP.US,60,20210122,170000,5.3411,5.3637,5.3411,5.3598,47911,0
AWP.US,60,20210122,180000,5.3589,5.3835,5.3539,5.3736,21681,0
AWP.US,60,20210122,190000,5.3755,5.3835,5.3736,5.3736,17021,0
AWP.US,60,20210122,200000,5.3741,5.3933,5.3736,5.3884,22369,0
AWP.US,60,20210122,210000,5.386,5.4131,5.3835,5.3983,31193,0
AWP.US,60,20210122,220000,5.4012,5.4229,5.3933,5.4229,72963,0
AWP.US,60,20210125,160000,5.4229,5.4229,5.3441,5.3539,46730,0
AWP.US,60,20210125,170000,5.3589,5.3736,5.3341,5.3341,75622,0
AWP.US,60,20210125,180000,5.3341,5.3441,5.3145,5.3293,52749,0
AWP.US,60,20210125,190000,5.3293,5.3441,5.3095,5.3145,117801,0
AWP.US,60,20210125,200000,5.3146,5.3441,5.3145,5.3351,45744,0
AWP.US,60,20210125,210000,5.3371,5.3441,5.3341,5.3341,18702,0
AWP.US,60,20210125,220000,5.3341,5.3835,5.3243,5.3637,104441,0
AWP.US,60,20210126,160000,5.3933,5.3933,5.3637,5.3736,44046,0
AWP.US,60,20210126,170000,5.3637,5.3736,5.3637,5.3664,33020,0
AWP.US,60,20210126,180000,5.3637,5.3835,5.3637,5.3759,19915,0
AWP.US,60,20210126,190000,5.3767,5.3933,5.3736,5.3785,29506,0
AWP.US,60,20210126,200000,5.3801,5.3884,5.3736,5.3737,42932,0
AWP.US,60,20210126,210000,5.3736,5.3933,5.3736,5.3932,60329,0
AWP.US,60,20210126,220000,5.3933,5.4131,5.3835,5.4131,78862,0
AWP.US,60,20210127,160000,5.3736,5.3884,5.3736,5.3736,22901,0
AWP.US,60,20210127,170000,5.3933,5.3933,5.3559,5.3589,21011,0
AWP.US,60,20210127,180000,5.3589,5.3637,5.3539,5.3614,71536,0
AWP.US,60,20210127,190000,5.3539,5.3589,5.3243,5.3243,90124,0
AWP.US,60,20210127,200000,5.3293,5.3341,5.3243,5.3243,56992,0
AWP.US,60,20210127,210000,5.3243,5.3341,5.3046,5.3095,112594,0
AWP.US,60,20210127,220000,5.3046,5.3243,5.2947,5.3046,135103,0
AWP.US,60,20210128,160000,5.3145,5.3341,5.275,5.275,32328,0
AWP.US,60,20210128,170000,5.2701,5.3046,5.2577,5.2774,99757,0
AWP.US,60,20210128,180000,5.2799,5.2947,5.2774,5.2851,70420,0
AWP.US,60,20210128,190000,5.2849,5.3046,5.2849,5.2997,57655,0
AWP.US,60,20210128,200000,5.2997,5.3145,5.2947,5.3046,55924,0
AWP.US,60,20210128,210000,5.3046,5.3048,5.275,5.275,71629,0
AWP.US,60,20210128,220000,5.275,5.2947,5.2652,5.2947,136541,0
AWP.US,60,20210129,160000,5.3145,5.3243,5.2652,5.2948,89450,0
AWP.US,60,20210129,170000,5.3045,5.3341,5.3045,5.3145,38381,0
AWP.US,60,20210129,180000,5.3194,5.3243,5.2947,5.3046,19435,0
AWP.US,60,20210129,190000,5.2997,5.3145,5.2799,5.2918,40653,0
AWP.US,60,20210129,200000,5.2849,5.2849,5.2553,5.273,79171,0
AWP.US,60,20210129,210000,5.2652,5.3046,5.2652,5.2849,32530,0
AWP.US,60,20210129,220000,5.2947,5.3243,5.2849,5.2849,60890,0
AWP.US,60,20210201,160000,5.3243,5.3637,5.275,5.2849,61168,0
AWP.US,60,20210201,170000,5.2849,5.2947,5.275,5.2947,40192,0
AWP.US,60,20210201,180000,5.2898,5.3145,5.2849,5.3098,65912,0
AWP.US,60,20210201,190000,5.3145,5.3244,5.3144,5.3164,48718,0
AWP.US,60,20210201,200000,5.3194,5.3341,5.3145,5.3179,44915,0
AWP.US,60,20210201,210000,5.3194,5.3341,5.3145,5.3243,37313,0
AWP.US,60,20210201,220000,5.3243,5.3441,5.3243,5.3441,91439,0
AWP.US,60,20210202,160000,5.3637,5.4131,5.3539,5.3835,47962,0
AWP.US,60,20210202,170000,5.3835,5.3933,5.3637,5.3637,60695,0
AWP.US,60,20210202,180000,5.373,5.3933,5.3441,5.3589,131068,0
AWP.US,60,20210202,190000,5.3589,5.3589,5.3441,5.3489,31056,0
AWP.US,60,20210202,200000,5.3538,5.3637,5.3441,5.3539,24721,0
AWP.US,60,20210202,210000,5.3589,5.3589,5.3341,5.3441,40291,0
AWP.US,60,20210202,220000,5.3441,5.3539,5.3341,5.3341,73423,0
AWP.US,60,20210203,160000,5.3341,5.3441,5.3243,5.3365,33260,0
AWP.US,60,20210203,170000,5.3441,5.3441,5.3341,5.3382,20589,0
AWP.US,60,20210203,180000,5.3391,5.3418,5.3243,5.3293,33331,0
AWP.US,60,20210203,190000,5.3243,5.3441,5.3243,5.3441,41371,0
AWP.US,60,20210203,200000,5.3441,5.3539,5.3441,5.3441,33137,0
AWP.US,60,20210203,210000,5.3441,5.3637,5.3441,5.3441,43458,0
AWP.US,60,20210203,220000,5.3539,5.3637,5.3341,5.3539,64954,0
AWP.US,60,20210204,160000,5.3736,5.3736,5.3539,5.3637,29792,0
AWP.US,60,20210204,170000,5.3687,5.4031,5.3687,5.4018,40918,0
AWP.US,60,20210204,180000,5.3983,5.4009,5.3835,5.3932,42081,0
AWP.US,60,20210204,190000,5.3884,5.3933,5.3835,5.3835,24988,0
AWP.US,60,20210204,200000,5.3884,5.4131,5.3835,5.4031,41389,0
AWP.US,60,20210204,210000,5.4081,5.4131,5.4031,5.4131,57456,0
AWP.US,60,20210204,220000,5.4131,5.4131,5.4031,5.4131,63881,0
AWP.US,60,20210205,160000,5.4327,5.4427,5.4229,5.4397,40243,0
AWP.US,60,20210205,170000,5.4328,5.4427,5.4327,5.4427,45956,0
AWP.US,60,20210205,180000,5.4327,5.4427,5.4327,5.44,50520,0
AWP.US,60,20210205,190000,5.4427,5.4427,5.4327,5.4327,45548,0
AWP.US,60,20210205,200000,5.4403,5.4427,5.4327,5.4327,46644,0
AWP.US,60,20210205,210000,5.4377,5.4427,5.4131,5.4131,46028,0
AWP.US,60,20210205,220000,5.4131,5.4229,5.4031,5.4229,81073,0
AWP.US,60,20210208,160000,5.4427,5.4623,5.4427,5.4622,23033,0
AWP.US,60,20210208,170000,5.4525,5.4623,5.4229,5.4264,57054,0
AWP.US,60,20210208,180000,5.4279,5.4427,5.4081,5.4327,88009,0
AWP.US,60,20210208,190000,5.4427,5.4427,5.4131,5.4285,53232,0
AWP.US,60,20210208,200000,5.4289,5.4427,5.4229,5.4327,31313,0
AWP.US,60,20210208,210000,5.4377,5.4525,5.4229,5.4229,34207,0
AWP.US,60,20210208,220000,5.4229,5.4327,5.4031,5.4327,100424,0
AWP.US,60,20210209,160000,5.4031,5.4229,5.4031,5.4229,47063,0
AWP.US,60,20210209,170000,5.4279,5.4327,5.4131,5.4228,54024,0
AWP.US,60,20210209,180000,5.4179,5.4224,5.4031,5.4081,57233,0
AWP.US,60,20210209,190000,5.4081,5.4327,5.4067,5.4279,42929,0
AWP.US,60,20210209,200000,5.4279,5.4427,5.4229,5.4398,39562,0
AWP.US,60,20210209,210000,5.4403,5.4722,5.4327,5.4525,65393,0
AWP.US,60,20210209,220000,5.4525,5.4623,5.3983,5.4327,177775,0
AWP.US,60,20210210,160000,5.4327,5.4722,5.4327,5.4575,52607,0
AWP.US,60,20210210,170000,5.4623,5.4722,5.4525,5.4623,53413,0
AWP.US,60,20210210,180000,5.4673,5.4722,5.4525,5.468,59742,0
AWP.US,60,20210210,190000,5.4623,5.47,5.4525,5.4623,54977,0
AWP.US,60,20210210,200000,5.4669,5.4669,5.4525,5.4525,26291,0
AWP.US,60,20210210,210000,5.4575,5.4623,5.4525,5.4525,44751,0
AWP.US,60,20210210,220000,5.4525,5.4722,5.4525,5.4525,53629,0
AWP.US,60,20210211,160000,5.4623,5.4623,5.4427,5.4475,25676,0
AWP.US,60,20210211,170000,5.4427,5.4722,5.4327,5.4623,71359,0
AWP.US,60,20210211,180000,5.4673,5.4673,5.4327,5.4327,52206,0
AWP.US,60,20210211,190000,5.4327,5.4427,5.4229,5.4279,33331,0
AWP.US,60,20210211,200000,5.4279,5.4327,5.4131,5.4131,52518,0
AWP.US,60,20210211,210000,5.4131,5.4229,5.4031,5.4179,67844,0
AWP.US,60,20210211,220000,5.4131,5.4229,5.4131,5.4131,51014,0
AWP.US,60,20210212,160000,5.4229,5.4475,5.4131,5.4403,28537,0
AWP.US,60,20210212,170000,5.4403,5.4427,5.4131,5.4327,53963,0
AWP.US,60,20210212,180000,5.4229,5.4327,5.4131,5.4131,34131,0
AWP.US,60,20210212,190000,5.4131,5.4326,5.4131,5.4229,27466,0
AWP.US,60,20210212,200000,5.4229,5.4327,5.4229,5.4229,25114,0
AWP.US,60,20210212,210000,5.4229,5.4427,5.4229,5.4229,47987,0
AWP.US,60,20210212,220000,5.4229,5.4326,5.4031,5.4131,77584,0
AWP.US,60,20210216,160000,5.4525,5.4821,5.4327,5.4771,114168,0
AWP.US,60,20210216,170000,5.4731,5.4919,5.4475,5.4653,78412,0
AWP.US,60,20210216,180000,5.4646,5.4722,5.4327,5.4525,44884,0
AWP.US,60,20210216,190000,5.4475,5.4525,5.4427,5.4475,27174,0
AWP.US,60,20210216,200000,5.4525,5.4525,5.4427,5.4524,14783,0
AWP.US,60,20210216,210000,5.4475,5.4525,5.4427,5.4525,20179,0
AWP.US,60,20210216,220000,5.4525,5.4821,5.4525,5.4623,115785,0
AWP.US,60,20210217,160000,5.4722,5.4722,5.4327,5.4525,55198,0
AWP.US,60,20210217,170000,5.4563,5.4722,5.4525,5.4722,42293,0
AWP.US,60,20210217,180000,5.4722,5.4821,5.4623,5.4721,57470,0
AWP.US,60,20210217,190000,5.4722,5.4821,5.4673,5.4821,41269,0
AWP.US,60,20210217,200000,5.4797,5.4919,5.4673,5.4722,73591,0
AWP.US,60,20210217,210000,5.4771,5.4821,5.4722,5.4771,39332,0
AWP.US,60,20210217,220000,5.4771,5.5018,5.4722,5.4919,60580,0
AWP.US,60,20210218,160000,5.4721,5.4919,5.4721,5.487,43758,0
AWP.US,60,20210218,170000,5.482,5.4919,5.4621,5.4773,63777,0
AWP.US,60,20210218,180000,5.482,5.4919,5.4721,5.4747,24671,0
AWP.US,60,20210218,190000,5.477,5.4919,5.4721,5.4919,39355,0
AWP.US,60,20210218,200000,5.482,5.5217,5.482,5.5089,79542,0
AWP.US,60,20210218,210000,5.5068,5.5118,5.482,5.482,42941,0
AWP.US,60,20210218,220000,5.482,5.4919,5.4621,5.4919,99808,0
AWP.US,60,20210219,160000,5.5217,5.5217,5.492,5.5118,9970,0
AWP.US,60,20210219,170000,5.5267,5.5416,5.5046,5.5095,80916,0
AWP.US,60,20210219,180000,5.5118,5.5217,5.4919,5.492,55203,0
AWP.US,60,20210219,190000,5.4919,5.499,5.482,5.482,26943,0
AWP.US,60,20210219,200000,5.4919,5.4919,5.4721,5.482,21057,0
AWP.US,60,20210219,210000,5.477,5.482,5.4721,5.477,13217,0
AWP.US,60,20210219,220000,5.4812,5.4919,5.4721,5.4919,48067,0
AWP.US,60,20210222,160000,5.4522,5.4918,5.4522,5.4918,22574,0
AWP.US,60,20210222,170000,5.4918,5.5118,5.4721,5.5068,38108,0
AWP.US,60,20210222,180000,5.5068,5.5118,5.5019,5.5118,21497,0
AWP.US,60,20210222,190000,5.5019,5.5317,5.5019,5.5019,42153,0
AWP.US,60,20210222,200000,5.502,5.5217,5.4969,5.5019,47066,0
AWP.US,60,20210222,210000,5.5019,5.5118,5.4919,5.5068,28472,0
AWP.US,60,20210222,220000,5.5012,5.5118,5.482,5.482,28547,0
AWP.US,60,20210223,160000,5.482,5.5019,5.4722,5.4969,29138,0
AWP.US,60,20210223,170000,5.4969,5.5019,5.4621,5.4919,119897,0
AWP.US,60,20210223,180000,5.4919,5.5019,5.482,5.5018,94025,0
AWP.US,60,20210223,190000,5.51,5.51,5.482,5.482,43696,0
AWP.US,60,20210223,200000,5.487,5.4919,5.4721,5.4919,53501,0
AWP.US,60,20210223,210000,5.4969,5.5019,5.482,5.499,46147,0
AWP.US,60,20210223,220000,5.4969,5.5019,5.4721,5.482,71509,0
AWP.US,60,20210224,160000,5.5019,5.5317,5.5019,5.5217,49681,0
AWP.US,60,20210224,170000,5.5217,5.5317,5.5019,5.5317,116672,0
AWP.US,60,20210224,180000,5.5317,5.5317,5.5217,5.5267,121670,0
AWP.US,60,20210224,190000,5.5267,5.5317,5.5217,5.5217,43193,0
AWP.US,60,20210224,200000,5.5267,5.5317,5.5217,5.5317,59362,0
AWP.US,60,20210224,210000,5.5317,5.5515,5.5217,5.5515,77639,0
AWP.US,60,20210224,220000,5.5465,5.5614,5.5416,5.5416,86132,0
AWP.US,60,20210225,160000,5.5614,5.5912,5.5614,5.5697,109458,0
AWP.US,60,20210225,170000,5.5664,5.5714,5.5614,5.5664,49567,0
AWP.US,60,20210225,180000,5.5714,5.5714,5.5317,5.5366,100752,0
AWP.US,60,20210225,190000,5.5317,5.5416,5.482,5.4919,114719,0
AWP.US,60,20210225,200000,5.4919,5.5366,5.482,5.5216,89066,0
AWP.US,60,20210225,210000,5.5118,5.5391,5.5118,5.5118,24132,0
AWP.US,60,20210225,220000,5.5118,5.5197,5.4651,5.4919,107104,0
AWP.US,60,20210226,160000,5.5217,5.5317,5.5019,5.5217,65276,0
AWP.US,60,20210226,170000,5.5168,5.5217,5.4423,5.477,112164,0
AWP.US,60,20210226,180000,5.4649,5.482,5.4423,5.4671,49314,0
AWP.US,60,20210226,190000,5.4671,5.4919,5.4621,5.477,18487,0
AWP.US,60,20210226,200000,5.4721,5.477,5.4621,5.4621,36632,0
AWP.US,60,20210226,210000,5.4621,5.4671,5.4522,5.4572,35340,0
AWP.US,60,20210226,220000,5.4522,5.4621,5.4423,5.4423,60134,0
AWP.US,60,20210301,160000,5.5118,5.5565,5.4725,5.5217,92451,0
AWP.US,60,20210301,170000,5.5514,5.5514,5.5217,5.5217,60337,0
AWP.US,60,20210301,180000,5.5267,5.5515,5.5217,5.5416,75273,0
AWP.US,60,20210301,190000,5.5317,5.5515,5.5317,5.5317,45266,0
AWP.US,60,20210301,200000,5.5415,5.5416,5.5217,5.5374,52134,0
AWP.US,60,20210301,210000,5.5416,5.5416,5.5217,5.5267,19524,0
AWP.US,60,20210301,220000,5.5317,5.5416,5.5317,5.5416,49163,0
AWP.US,60,20210302,160000,5.5515,5.5569,5.5118,5.5416,70991,0
AWP.US,60,20210302,170000,5.5332,5.5379,5.4836,5.4919,54719,0
AWP.US,60,20210302,180000,5.4918,5.4919,5.482,5.487,20635,0
AWP.US,60,20210302,190000,5.482,5.4919,5.482,5.487,40914,0
AWP.US,60,20210302,200000,5.4919,5.4919,5.482,5.482,68682,0
AWP.US,60,20210302,210000,5.4918,5.4919,5.4721,5.4919,49689,0
AWP.US,60,20210302,220000,5.4919,5.5009,5.2834,5.4919,75255,0
AWP.US,60,20210303,160000,5.5118,5.5118,5.4621,5.4773,44492,0
AWP.US,60,20210303,170000,5.4621,5.4819,5.4423,5.4541,54717,0
AWP.US,60,20210303,180000,5.4553,5.4919,5.4522,5.487,51938,0
AWP.US,60,20210303,190000,5.482,5.4919,5.4721,5.477,36263,0
AWP.US,60,20210303,200000,5.4721,5.482,5.4522,5.4572,37775,0
AWP.US,60,20210303,210000,5.4522,5.4621,5.4423,5.4621,27769,0
AWP.US,60,20210303,220000,5.4572,5.4621,5.4522,5.4522,28164,0
AWP.US,60,20210304,160000,5.4621,5.4819,5.4621,5.4621,12820,0
AWP.US,60,20210304,170000,5.4572,5.4721,5.4423,5.4721,36035,0
AWP.US,60,20210304,180000,5.4721,5.4918,5.4621,5.482,41217,0
AWP.US,60,20210304,190000,5.482,5.4821,5.4423,5.4423,35345,0
AWP.US,60,20210304,200000,5.4423,5.4522,5.3926,5.3976,66731,0
AWP.US,60,20210304,210000,5.3942,5.4423,5.3728,5.4423,88811,0
AWP.US,60,20210304,220000,5.4423,5.4423,5.4125,5.4224,56041,0
AWP.US,60,20210305,160000,5.4423,5.4522,5.3926,5.3926,44634,0
AWP.US,60,20210305,170000,5.3877,5.4125,5.3628,5.3728,27590,0
AWP.US,60,20210305,180000,5.3728,5.3827,5.3231,5.338,136742,0
AWP.US,60,20210305,190000,5.333,5.3728,5.333,5.3529,42801,0
AWP.US,60,20210305,200000,5.3529,5.3877,5.343,5.3728,48338,0
AWP.US,60,20210305,210000,5.3827,5.4025,5.3628,5.3976,44261,0
AWP.US,60,20210305,220000,5.3926,5.4522,5.3926,5.4522,78318,0
AWP.US,60,20210308,160000,5.4522,5.5019,5.4423,5.4721,31593,0
AWP.US,60,20210308,170000,5.4721,5.5019,5.4721,5.5019,22360,0
AWP.US,60,20210308,180000,5.5019,5.5118,5.4721,5.4721,37853,0
AWP.US,60,20210308,190000,5.4721,5.4819,5.4621,5.4621,28687,0
AWP.US,60,20210308,200000,5.4714,5.4714,5.4224,5.4224,77754,0
AWP.US,60,20210308,210000,5.4224,5.4517,5.4224,5.4423,53940,0
AWP.US,60,20210308,220000,5.4423,5.4621,5.4423,5.4423,41057,0
AWP.US,60,20210309,160000,5.4621,5.5117,5.4621,5.5117,30082,0
AWP.US,60,20210309,170000,5.5118,5.5217,5.5019,5.5217,44672,0
AWP.US,60,20210309,180000,5.5168,5.5217,5.5019,5.5217,31543,0
AWP.US,60,20210309,190000,5.5168,5.5168,5.5118,5.5118,6037,0
AWP.US,60,20210309,200000,5.5118,5.5217,5.5118,5.5118,31443,0
AWP.US,60,20210309,210000,5.5126,5.5217,5.5118,5.5216,30766,0
AWP.US,60,20210309,220000,5.5216,5.5217,5.5019,5.5118,32747,0
AWP.US,60,20210310,160000,5.5217,5.5317,5.5118,5.5275,32132,0
AWP.US,60,20210310,170000,5.5317,5.5317,5.5217,5.5217,27328,0
AWP.US,60,20210310,180000,5.5276,5.5317,5.5217,5.5299,17478,0
AWP.US,60,20210310,190000,5.5277,5.5317,5.5217,5.5317,15270,0
AWP.US,60,20210310,200000,5.5287,5.5317,5.5217,5.5217,34441,0
AWP.US,60,20210310,210000,5.5267,5.5317,5.5019,5.5068,49323,0
AWP.US,60,20210310,220000,5.5117,5.5118,5.4919,5.5118,31360,0
AWP.US,60,20210311,160000,5.5416,5.5515,5.5217,5.5515,41110,0
AWP.US,60,20210311,170000,5.5416,5.5515,5.5416,5.544,20998,0
AWP.US,60,20210311,180000,5.5515,5.5515,5.5416,5.5515,13335,0
AWP.US,60,20210311,190000,5.5416,5.5515,5.5416,5.5515,8373,0
AWP.US,60,20210311,200000,5.5515,5.5813,5.5515,5.5723,48522,0
AWP.US,60,20210311,210000,5.5735,5.5813,5.5614,5.5722,66648,0
AWP.US,60,20210311,220000,5.5714,5.5813,5.5614,5.5714,48736,0
AWP.US,60,20210312,160000,5.5714,5.5813,5.5614,5.5813,12365,0
AWP.US,60,20210312,170000,5.5813,5.5912,5.5813,5.5912,39311,0
AWP.US,60,20210312,180000,5.5912,5.5912,5.5813,5.5912,18340,0
AWP.US,60,20210312,190000,5.5813,5.5912,5.5714,5.5714,32063,0
AWP.US,60,20210312,200000,5.5813,5.5813,5.5714,5.5715,29748,0
AWP.US,60,20210312,210000,5.5718,5.5763,5.5614,5.5714,48966,0
AWP.US,60,20210312,220000,5.5714,5.5714,5.5465,5.5614,65021,0
AWP.US,60,20210315,150000,5.5714,5.6012,5.5714,5.5912,42823,0
AWP.US,60,20210315,160000,5.5935,5.631,5.5935,5.621,69572,0
AWP.US,60,20210315,170000,5.6309,5.6409,5.621,5.6359,41466,0
AWP.US,60,20210315,180000,5.6311,5.6507,5.631,5.6459,69451,0
AWP.US,60,20210315,190000,5.6409,5.6708,5.6409,5.6627,65804,0
AWP.US,60,20210315,200000,5.6707,5.7005,5.6707,5.6955,67505,0
AWP.US,60,20210315,210000,5.6955,5.7005,5.6906,5.7005,51415,0
AWP.US,60,20210316,150000,5.7203,5.7303,5.7203,5.7253,65649,0
AWP.US,60,20210316,160000,5.7253,5.7303,5.7203,5.7253,25397,0
AWP.US,60,20210316,170000,5.7303,5.7303,5.7203,5.7303,25859,0
AWP.US,60,20210316,180000,5.7253,5.7303,5.7203,5.7203,17154,0
AWP.US,60,20210316,190000,5.7212,5.7303,5.7104,5.7104,26186,0
AWP.US,60,20210316,200000,5.7104,5.7203,5.7104,5.7136,41383,0
AWP.US,60,20210316,210000,5.7104,5.7203,5.7104,5.7203,40477,0
AWP.US,60,20210317,150000,5.7203,5.7253,5.7104,5.7116,46968,0
AWP.US,60,20210317,160000,5.7118,5.7203,5.7005,5.7018,42613,0
AWP.US,60,20210317,170000,5.7061,5.7061,5.7005,5.7005,16600,0
AWP.US,60,20210317,180000,5.7054,5.7103,5.6806,5.6856,36470,0
AWP.US,60,20210317,190000,5.6806,5.6906,5.6806,5.6808,33286,0
AWP.US,60,20210317,200000,5.6856,5.7104,5.6707,5.6707,71063,0
AWP.US,60,20210317,210000,5.671,5.7203,5.6608,5.7203,82958,0
AWP.US,60,20210318,150000,5.7104,5.7104,5.6707,5.6806,50021,0
AWP.US,60,20210318,160000,5.6707,5.7005,5.6532,5.6906,52164,0
AWP.US,60,20210318,170000,5.6906,5.7005,5.6806,5.6806,35046,0
AWP.US,60,20210318,180000,5.6806,5.6905,5.6707,5.6707,30770,0
AWP.US,60,20210318,190000,5.6707,5.6806,5.6608,5.6608,33706,0
AWP.US,60,20210318,200000,5.6608,5.7005,5.6608,5.6906,105161,0
AWP.US,60,20210318,210000,5.7005,5.7005,5.6707,5.6806,59642,0
AWP.US,60,20210319,150000,5.6707,5.6806,5.6318,5.6409,39676,0
AWP.US,60,20210319,160000,5.6488,5.6707,5.6409,5.6706,41757,0
AWP.US,60,20210319,170000,5.6657,5.6707,5.6608,5.6707,21136,0
AWP.US,60,20210319,180000,5.6608,5.6707,5.6608,5.6707,17090,0
AWP.US,60,20210319,190000,5.6608,5.6707,5.6608,5.6608,12472,0
AWP.US,60,20210319,200000,5.6608,5.6707,5.6608,5.6608,32878,0
AWP.US,60,20210319,210000,5.6608,5.6906,5.6608,5.6806,89235,0
AWP.US,60,20210322,150000,5.7203,5.7402,5.7104,5.7253,190099,0
AWP.US,60,20210322,160000,5.7286,5.7998,5.7203,5.7798,261422,0
AWP.US,60,20210322,170000,5.7789,5.7799,5.7501,5.7501,134822,0
AWP.US,60,20210322,180000,5.7501,5.7601,5.7402,5.7452,83896,0
AWP.US,60,20210322,190000,5.7452,5.77,5.7452,5.77,87866,0
AWP.US,60,20210322,200000,5.765,5.7799,5.7601,5.7603,44355,0
AWP.US,60,20210322,210000,5.7601,5.77,5.7501,5.77,118591,0
AWP.US,60,20210323,150000,5.78,5.79,5.77,5.79,46552,0
AWP.US,60,20210323,160000,5.78,5.79,5.76,5.765,70892,0
AWP.US,60,20210323,170000,5.765,5.77,5.76,5.76,41538,0
AWP.US,60,20210323,180000,5.76,5.78,5.76,5.77,56743,0
AWP.US,60,20210323,190000,5.76,5.79,5.76,5.77,63718,0
AWP.US,60,20210323,200000,5.775,5.778,5.76,5.765,34272,0
AWP.US,60,20210323,210000,5.77,5.77,5.76,5.77,45500,0
AWP.US,60,20210324,150000,5.76,5.76,5.73,5.741,70913,0
AWP.US,60,20210324,160000,5.75,5.75,5.72,5.72,88083,0
AWP.US,60,20210324,170000,5.73,5.73,5.7001,5.73,64303,0
AWP.US,60,20210324,180000,5.7241,5.74,5.72,5.7309,14926,0
AWP.US,60,20210324,190000,5.735,5.7399,5.71,5.71,62688,0
AWP.US,60,20210324,200000,5.71,5.73,5.69,5.69,58836,0
AWP.US,60,20210324,210000,5.69,5.707,5.69,5.7,43526,0
AWP.US,60,20210325,150000,5.68,5.6912,5.64,5.645,62491,0
AWP.US,60,20210325,160000,5.645,5.655,5.63,5.65,75950,0
AWP.US,60,20210325,170000,5.65,5.67,5.64,5.65,55347,0
AWP.US,60,20210325,180000,5.651,5.66,5.64,5.65,36268,0
AWP.US,60,20210325,190000,5.65,5.66,5.645,5.65,35730,0
AWP.US,60,20210325,200000,5.65,5.66,5.64,5.66,29324,0
AWP.US,60,20210325,210000,5.66,5.685,5.66,5.68,52976,0
AWP.US,60,20210326,150000,5.69,5.74,5.69,5.735,33293,0
AWP.US,60,20210326,160000,5.74,5.75,5.74,5.7414,89930,0
AWP.US,60,20210326,170000,5.74,5.745,5.73,5.74,12990,0
AWP.US,60,20210326,180000,5.7399,5.75,5.73,5.73,69310,0
AWP.US,60,20210326,190000,5.73,5.74,5.715,5.715,28879,0
AWP.US,60,20210326,200000,5.715,5.72,5.69,5.705,35600,0
AWP.US,60,20210326,210000,5.7,5.77,5.7,5.77,57890,0
AWP.US,60,20210329,160000,5.77,5.83,5.77,5.805,123398,0
AWP.US,60,20210329,170000,5.805,5.82,5.8,5.815,191953,0
AWP.US,60,20210329,180000,5.815,5.84,5.81,5.84,179244,0
AWP.US,60,20210329,190000,5.84,5.85,5.83,5.85,123856,0
AWP.US,60,20210329,200000,5.84,5.85,5.8324,5.85,117449,0
AWP.US,60,20210329,210000,5.85,5.85,5.83,5.85,112417,0
AWP.US,60,20210329,220000,5.85,5.88,5.84,5.86,213571,0
AWP.US,60,20210330,160000,5.9,5.91,5.88,5.88,118803,0
AWP.US,60,20210330,170000,5.8899,5.89,5.86,5.89,96026,0
AWP.US,60,20210330,180000,5.89,5.91,5.87,5.91,96120,0
AWP.US,60,20210330,190000,5.9,5.91,5.9,5.91,61921,0
AWP.US,60,20210330,200000,5.91,5.9299,5.9,5.9299,85119,0
AWP.US,60,20210330,210000,5.925,5.93,5.91,5.92,92530,0
AWP.US,60,20210330,220000,5.925,5.93,5.92,5.93,73447,0
AWP.US,60,20210331,160000,5.95,5.985,5.91,5.925,89216,0
AWP.US,60,20210331,170000,5.9299,5.94,5.91,5.93,99074,0
AWP.US,60,20210331,180000,5.92,5.93,5.92,5.92,38858,0
AWP.US,60,20210331,190000,5.929,5.96,5.92,5.951,66856,0
AWP.US,60,20210331,200000,5.96,5.9699,5.94,5.9494,65247,0
AWP.US,60,20210331,210000,5.9499,5.95,5.94,5.94,50314,0
AWP.US,60,20210331,220000,5.945,5.95,5.94,5.95,37590,0
AWP.US,60,20210401,160000,5.96,5.97,5.94,5.95,33937,0
AWP.US,60,20210401,170000,5.94,5.96,5.94,5.9555,125623,0
AWP.US,60,20210401,180000,5.95,5.96,5.935,5.9399,90122,0
AWP.US,60,20210401,190000,5.94,5.94,5.91,5.92,70839,0
AWP.US,60,20210401,200000,5.92,5.935,5.9177,5.925,79149,0
AWP.US,60,20210401,210000,5.925,5.94,5.925,5.93,165537,0
AWP.US,60,20210401,220000,5.94,5.97,5.93,5.97,126018,0
AWP.US,60,20210405,160000,5.99,6.02,5.98,6.015,89210,0
AWP.US,60,20210405,170000,6.019,6.025,6.01,6.02,70948,0
AWP.US,60,20210405,180000,6.015,6.02,6,6,67545,0
AWP.US,60,20210405,190000,6.01,6.02,5.99,6,98398,0
AWP.US,60,20210405,200000,6,6,5.99,5.9941,48921,0
AWP.US,60,20210405,210000,5.995,5.995,5.97,5.985,67945,0
AWP.US,60,20210405,220000,5.985,5.99,5.97,5.98,62969,0
AWP.US,60,20210406,160000,6,6.03,5.99,6.0072,51910,0
AWP.US,60,20210406,170000,6.005,6.005,5.9843,5.99,49169,0
AWP.US,60,20210406,180000,5.99,6,5.985,6,44400,0
AWP.US,60,20210406,190000,5.9958,6,5.993,6,19312,0
AWP.US,60,20210406,200000,5.995,6,5.9918,5.9978,46806,0
AWP.US,60,20210406,210000,5.9988,6,5.99,5.9961,26031,0
AWP.US,60,20210406,220000,5.9901,6,5.9801,6,42423,0
AWP.US,60,20210407,160000,6.01,6.079,6.01,6.025,97865,0
AWP.US,60,20210407,170000,6.02,6.025,6,6.005,115483,0
AWP.US,60,20210407,180000,6.005,6.01,5.97,5.975,130143,0
AWP.US,60,20210407,190000,5.98,6.01,5.96,5.98,60276,0
AWP.US,60,20210407,200000,5.98,5.98,5.96,5.97,53689,0
AWP.US,60,20210407,210000,5.975,5.975,5.95,5.95,79667,0
AWP.US,60,20210407,220000,5.95,5.98,5.94,5.97,129256,0
AWP.US,60,20210408,160000,6,6.02,6,6.0099,23358,0
AWP.US,60,20210408,170000,6.0087,6.02,6,6.0101,36922,0
AWP.US,60,20210408,180000,6.0108,6.045,6.01,6.025,189718,0
AWP.US,60,20210408,190000,6.025,6.0399,6.02,6.03,15952,0
AWP.US,60,20210408,200000,6.035,6.04,6.03,6.04,25774,0
AWP.US,60,20210408,210000,6.0344,6.04,6.03,6.04,35185,0
AWP.US,60,20210408,220000,6.04,6.045,6.03,6.04,44504,0
AWP.US,60,20210409,160000,6.05,6.05,6.03,6.04,24225,0
AWP.US,60,20210409,170000,6.04,6.04,6.0199,6.0299,35079,0
AWP.US,60,20210409,180000,6.0249,6.03,5.9998,6,44425,0
AWP.US,60,20210409,190000,6.0001,6.01,5.995,6,31875,0
AWP.US,60,20210409,200000,6.0001,6.01,5.9914,6.003,28670,0
AWP.US,60,20210409,210000,6.0099,6.01,5.98,5.98,26963,0
AWP.US,60,20210409,220000,5.98,6.05,5.98,6.04,250306,0
AWP.US,60,20210412,160000,6.04,6.0599,6.02,6.0201,55261,0
AWP.US,60,20210412,170000,6.025,6.0499,6.01,6.025,68921,0
AWP.US,60,20210412,180000,6.0219,6.04,6,6.032,83976,0
AWP.US,60,20210412,190000,6.04,6.05,6.035,6.0402,44690,0
AWP.US,60,20210412,200000,6.04,6.05,6.03,6.0374,28831,0
AWP.US,60,20210412,210000,6.0341,6.0365,6.0201,6.0355,10996,0
AWP.US,60,20210412,220000,6.0399,6.05,6.03,6.04,37464,0
AWP.US,60,20210413,160000,6.05,6.06,6.0395,6.051,18492,0
AWP.US,60,20210413,170000,6.05,6.1128,6.05,6.1128,85011,0
AWP.US,60,20210413,180000,6.115,6.13,6.11,6.1113,60122,0
AWP.US,60,20210413,190000,6.11,6.115,6.095,6.095,45520,0
AWP.US,60,20210413,200000,6.1,6.11,6.09,6.1,84914,0
AWP.US,60,20210413,210000,6.105,6.12,6.1,6.1101,25673,0
AWP.US,60,20210413,220000,6.1199,6.14,6.11,6.14,57802,0
AWP.US,60,20210414,160000,6.15,6.2,6.15,6.195,59686,0
AWP.US,60,20210414,170000,6.195,6.21,6.19,6.2,82222,0
AWP.US,60,20210414,180000,6.2,6.2041,6.1811,6.1999,34608,0
AWP.US,60,20210414,190000,6.1909,6.2,6.19,6.1901,20229,0
AWP.US,60,20210414,200000,6.1918,6.2,6.18,6.19,53479,0
AWP.US,60,20210414,210000,6.18,6.18,6.17,6.1784,45661,0
AWP.US,60,20210414,220000,6.18,6.19,6.17,6.18,73543,0
AWP.US,60,20210415,160000,6.2,6.2,6.17,6.185,51612,0
AWP.US,60,20210415,170000,6.186,6.2,6.18,6.192,18279,0
AWP.US,60,20210415,180000,6.192,6.2,6.19,6.19,60462,0
AWP.US,60,20210415,190000,6.19,6.2,6.185,6.1999,26762,0
AWP.US,60,20210415,200000,6.19,6.2,6.19,6.195,27219,0
AWP.US,60,20210415,210000,6.1903,6.21,6.19,6.1991,38454,0
AWP.US,60,20210415,220000,6.2,6.21,6.19,6.21,34646,0
AWP.US,60,20210416,160000,6.24,6.26,6.22,6.24,62758,0
AWP.US,60,20210416,170000,6.24,6.25,6.23,6.231,78039,0
AWP.US,60,20210416,180000,6.233,6.25,6.23,6.24,66327,0
AWP.US,60,20210416,190000,6.24,6.245,6.235,6.24,18201,0
AWP.US,60,20210416,200000,6.2332,6.24,6.23,6.23,12579,0
AWP.US,60,20210416,210000,6.23,6.2439,6.23,6.24,18753,0
AWP.US,60,20210416,220000,6.245,6.25,6.24,6.25,30572,0
AWP.US,60,20210419,160000,6.26,6.28,6.26,6.2715,54264,0
AWP.US,60,20210419,170000,6.27,6.28,6.25,6.255,66342,0
AWP.US,60,20210419,180000,6.25,6.275,6.25,6.26,31167,0
AWP.US,60,20210419,190000,6.26,6.27,6.25,6.2532,21976,0
AWP.US,60,20210419,200000,6.2599,6.2606,6.25,6.2516,55140,0
AWP.US,60,20210419,210000,6.26,6.27,6.255,6.26,40965,0
AWP.US,60,20210419,220000,6.27,6.27,6.26,6.26,32841,0
AWP.US,60,20210420,160000,6.27,6.28,6.25,6.27,51148,0
AWP.US,60,20210420,170000,6.275,6.28,6.25,6.255,64475,0
AWP.US,60,20210420,180000,6.25,6.26,6.25,6.2573,45962,0
AWP.US,60,20210420,190000,6.255,6.26,6.2425,6.245,40121,0
AWP.US,60,20210420,200000,6.24,6.27,6.22,6.254,107099,0
AWP.US,60,20210420,210000,6.2509,6.2571,6.22,6.237,30021,0
AWP.US,60,20210420,220000,6.2314,6.26,6.23,6.26,60531,0
AWP.US,60,20210421,160000,6.26,6.28,6.25,6.275,25193,0
AWP.US,60,20210421,170000,6.275,6.275,6.25,6.25,90884,0
AWP.US,60,20210421,180000,6.26,6.26,6.25,6.26,20542,0
AWP.US,60,20210421,190000,6.26,6.28,6.26,6.28,34450,0
AWP.US,60,20210421,200000,6.28,6.28,6.27,6.27,10010,0
AWP.US,60,20210421,210000,6.27,6.28,6.26,6.2658,29065,0
AWP.US,60,20210421,220000,6.265,6.2799,6.26,6.26,45489,0
AWP.US,60,20210422,160000,6.25,6.26,6.235,6.26,46429,0
AWP.US,60,20210422,170000,6.2619,6.27,6.25,6.255,41095,0
AWP.US,60,20210422,180000,6.2532,6.28,6.2532,6.275,35549,0
AWP.US,60,20210422,190000,6.273,6.28,6.27,6.28,13713,0
AWP.US,60,20210422,200000,6.27,6.275,6.24,6.24,44247,0
AWP.US,60,20210422,210000,6.23,6.245,6.23,6.24,40724,0
AWP.US,60,20210422,220000,6.2414,6.25,6.21,6.25,85288,0
AWP.US,60,20210423,160000,6.24,6.24,6.21,6.23,42960,0
AWP.US,60,20210423,170000,6.23,6.25,6.225,6.24,32317,0
AWP.US,60,20210423,180000,6.2413,6.25,6.23,6.234,19905,0
AWP.US,60,20210423,190000,6.2399,6.24,6.23,6.24,27934,0
AWP.US,60,20210423,200000,6.2361,6.24,6.22,6.235,22523,0
AWP.US,60,20210423,210000,6.235,6.2397,6.23,6.23,8143,0
AWP.US,60,20210423,220000,6.23,6.2399,6.22,6.22,47400,0
AWP.US,60,20210426,160000,6.22,6.27,6.22,6.27,47731,0
AWP.US,60,20210426,170000,6.27,6.28,6.2637,6.275,97594,0
AWP.US,60,20210426,180000,6.2749,6.28,6.26,6.2619,31870,0
AWP.US,60,20210426,190000,6.2613,6.2699,6.26,6.26,63962,0
AWP.US,60,20210426,200000,6.26,6.27,6.26,6.26,40366,0
AWP.US,60,20210426,210000,6.26,6.2699,6.255,6.26,71076,0
AWP.US,60,20210426,220000,6.26,6.285,6.26,6.28,138846,0
AWP.US,60,20210427,160000,6.28,6.29,6.2599,6.2611,60730,0
AWP.US,60,20210427,170000,6.27,6.27,6.25,6.26,21950,0
AWP.US,60,20210427,180000,6.26,6.268,6.25,6.268,61800,0
AWP.US,60,20210427,190000,6.2608,6.28,6.26,6.28,115424,0
AWP.US,60,20210427,200000,6.285,6.2851,6.28,6.28,32052,0
AWP.US,60,20210427,210000,6.28,6.29,6.28,6.28,68010,0
AWP.US,60,20210427,220000,6.28,6.3,6.28,6.3,123342,0
AWP.US,60,20210428,160000,6.3,6.31,6.29,6.31,54480,0
AWP.US,60,20210428,170000,6.31,6.31,6.3,6.3,87952,0
AWP.US,60,20210428,180000,6.31,6.33,6.3001,6.32,81142,0
AWP.US,60,20210428,190000,6.32,6.32,6.31,6.315,68770,0
AWP.US,60,20210428,200000,6.3184,6.325,6.3032,6.31,85534,0
AWP.US,60,20210428,210000,6.3,6.315,6.3,6.315,38224,0
AWP.US,60,20210428,220000,6.31,6.3101,6.29,6.3,53186,0
AWP.US,60,20210429,160000,6.35,6.37,6.35,6.355,58940,0
AWP.US,60,20210429,170000,6.3501,6.36,6.33,6.3399,72490,0
AWP.US,60,20210429,180000,6.34,6.355,6.33,6.339,135884,0
AWP.US,60,20210429,190000,6.33,6.34,6.31,6.34,29026,0
AWP.US,60,20210429,200000,6.3399,6.34,6.33,6.34,36688,0
AWP.US,60,20210429,210000,6.3393,6.3641,6.3328,6.3526,53846,0
AWP.US,60,20210429,220000,6.355,6.37,6.35,6.36,136118,0
AWP.US,60,20210430,160000,6.38,6.39,6.37,6.37,137542,0
AWP.US,60,20210430,170000,6.3765,6.39,6.35,6.36,100862,0
AWP.US,60,20210430,180000,6.3593,6.37,6.343,6.3658,102136,0
AWP.US,60,20210430,190000,6.37,6.38,6.36,6.37,58316,0
AWP.US,60,20210430,200000,6.37,6.375,6.36,6.36,35688,0
AWP.US,60,20210430,210000,6.365,6.37,6.36,6.36,54258,0
AWP.US,60,20210430,220000,6.355,6.36,6.35,6.35,36730,0
AWP.US,60,20210503,160000,6.35,6.39,6.34,6.39,78095,0
AWP.US,60,20210503,170000,6.39,6.4,6.389,6.395,47825,0
AWP.US,60,20210503,180000,6.398,6.42,6.39,6.415,49197,0
AWP.US,60,20210503,190000,6.415,6.42,6.4,6.42,64874,0
AWP.US,60,20210503,200000,6.415,6.42,6.41,6.4122,8590,0
AWP.US,60,20210503,210000,6.415,6.4399,6.41,6.4399,60379,0
AWP.US,60,20210503,220000,6.4389,6.44,6.39,6.39,73043,0
AWP.US,60,20210504,160000,6.39,6.43,6.39,6.395,49971,0
AWP.US,60,20210504,170000,6.3982,6.3982,6.36,6.37,80656,0
AWP.US,60,20210504,180000,6.37,6.37,6.34,6.34,64924,0
AWP.US,60,20210504,190000,6.33,6.35,6.33,6.345,61468,0
AWP.US,60,20210504,200000,6.3499,6.35,6.33,6.3322,33500,0
AWP.US,60,20210504,210000,6.34,6.35,6.33,6.34,37750,0
AWP.US,60,20210504,220000,6.34,6.35,6.32,6.35,83506,0
AWP.US,60,20210505,160000,6.36,6.38,6.331,6.34,45465,0
AWP.US,60,20210505,170000,6.34,6.35,6.29,6.3184,80785,0
AWP.US,60,20210505,180000,6.31,6.32,6.3,6.315,36578,0
AWP.US,60,20210505,190000,6.3142,6.32,6.26,6.2899,107594,0
AWP.US,60,20210505,200000,6.285,6.31,6.28,6.2966,61625,0
AWP.US,60,20210505,210000,6.29,6.2999,6.27,6.27,22627,0
AWP.US,60,20210505,220000,6.27,6.27,6.235,6.26,131583,0
AWP.US,60,20210506,160000,6.26,6.31,6.26,6.2789,31788,0
AWP.US,60,20210506,170000,6.28,6.28,6.2577,6.275,39723,0
AWP.US,60,20210506,180000,6.27,6.32,6.265,6.3139,47180,0
AWP.US,60,20210506,190000,6.315,6.33,6.31,6.3249,21392,0
AWP.US,60,20210506,200000,6.326,6.3356,6.32,6.33,32203,0
AWP.US,60,20210506,210000,6.33,6.33,6.3,6.3099,81772,0
AWP.US,60,20210506,220000,6.305,6.3099,6.26,6.29,115640,0
AWP.US,60,20210507,160000,6.3,6.3299,6.29,6.315,73298,0
AWP.US,60,20210507,170000,6.3199,6.34,6.315,6.34,32546,0
AWP.US,60,20210507,180000,6.335,6.35,6.2982,6.34,204111,0
AWP.US,60,20210507,190000,6.3358,6.3358,6.295,6.3,53256,0
AWP.US,60,20210507,200000,6.2993,6.3,6.27,6.2776,39164,0
AWP.US,60,20210507,210000,6.2787,6.285,6.26,6.27,51458,0
AWP.US,60,20210507,220000,6.2747,6.3,6.23,6.26,375851,0
AWP.US,60,20210510,160000,6.29,6.3498,6.2801,6.34,129518,0
AWP.US,60,20210510,170000,6.3475,6.36,6.33,6.35,71080,0
AWP.US,60,20210510,180000,6.3523,6.38,6.35,6.355,96134,0
AWP.US,60,20210510,190000,6.355,6.365,6.34,6.342,22201,0
AWP.US,60,20210510,200000,6.3412,6.35,6.32,6.33,47855,0
AWP.US,60,20210510,210000,6.33,6.33,6.305,6.31,19029,0
AWP.US,60,20210510,220000,6.315,6.32,6.3116,6.32,36215,0
AWP.US,60,20210511,160000,6.28,6.3,6.21,6.2499,56188,0
AWP.US,60,20210511,170000,6.25,6.26,6.22,6.23,58923,0
AWP.US,60,20210511,180000,6.23,6.25,6.23,6.2499,24428,0
AWP.US,60,20210511,190000,6.25,6.26,6.24,6.26,22173,0
AWP.US,60,20210511,200000,6.26,6.27,6.25,6.265,15822,0
AWP.US,60,20210511,210000,6.26,6.28,6.26,6.27,26467,0
AWP.US,60,20210511,220000,6.2701,6.295,6.27,6.29,30999,0
AWP.US,60,20210512,160000,6.26,6.28,6.25,6.255,33701,0
AWP.US,60,20210512,170000,6.255,6.255,6.19,6.19,108777,0
AWP.US,60,20210512,180000,6.19,6.1999,6.04,6.06,382244,0
AWP.US,60,20210512,190000,6.06,6.07,6.035,6.04,116836,0
AWP.US,60,20210512,200000,6.042,6.06,6.02,6.02,110013,0
AWP.US,60,20210512,210000,6.02,6.03,5.96,6.015,267160,0
AWP.US,60,20210512,220000,6.015,6.02,5.97,5.98,181209,0
AWP.US,60,20210513,160000,5.99,6.05,5.99,6.04,151215,0
AWP.US,60,20210513,170000,6.0399,6.06,6.02,6.045,64287,0
AWP.US,60,20210513,180000,6.0401,6.06,6.03,6.05,77188,0
AWP.US,60,20210513,190000,6.05,6.069,6.045,6.045,35388,0
AWP.US,60,20210513,200000,6.045,6.055,6.03,6.03,29985,0
AWP.US,60,20210513,210000,6.03,6.0699,6.03,6.067,11726,0
AWP.US,60,20210513,220000,6.065,6.09,6.05,6.06,62339,0
AWP.US,60,20210514,160000,6.14,6.19,6.115,6.17,79807,0
AWP.US,60,20210514,170000,6.175,6.19,6.17,6.18,42845,0
AWP.US,60,20210514,180000,6.188,6.19,6.16,6.16,30928,0
AWP.US,60,20210514,190000,6.1646,6.18,6.1601,6.172,11363,0
AWP.US,60,20210514,200000,6.175,6.2,6.175,6.19,30363,0
AWP.US,60,20210514,210000,6.195,6.21,6.19,6.21,12094,0
AWP.US,60,20210514,220000,6.21,6.2199,6.2,6.21,59817,0
AWP.US,60,20210517,160000,6.17,6.21,6.16,6.18,102610,0
AWP.US,60,20210517,170000,6.18,6.19,6.17,6.185,41428,0
AWP.US,60,20210517,180000,6.1828,6.1975,6.18,6.1921,9854,0
AWP.US,60,20210517,190000,6.1922,6.2,6.19,6.2,31898,0
AWP.US,60,20210517,200000,6.19,6.195,6.17,6.195,42326,0
AWP.US,60,20210517,210000,6.195,6.21,6.195,6.205,16262,0
AWP.US,60,20210517,220000,6.21,6.23,6.2099,6.22,47307,0
AWP.US,60,20210518,160000,6.23,6.24,6.22,6.2399,48502,0
AWP.US,60,20210518,170000,6.2397,6.25,6.23,6.25,10953,0
AWP.US,60,20210518,180000,6.25,6.27,6.2424,6.26,33754,0
AWP.US,60,20210518,190000,6.26,6.27,6.26,6.265,6912,0
AWP.US,60,20210518,200000,6.26,6.28,6.26,6.27,42013,0
AWP.US,60,20210518,210000,6.2768,6.29,6.27,6.29,20250,0
AWP.US,60,20210518,220000,6.2858,6.3,6.28,6.29,34028,0
AWP.US,60,20210519,160000,6.27,6.27,6.24,6.26,47961,0
AWP.US,60,20210519,170000,6.26,6.26,6.22,6.2399,45980,0
AWP.US,60,20210519,180000,6.23,6.27,6.23,6.27,20461,0
AWP.US,60,20210519,190000,6.265,6.29,6.26,6.28,34211,0
AWP.US,60,20210519,200000,6.29,6.31,6.29,6.29,24408,0
AWP.US,60,20210519,210000,6.31,6.31,6.27,6.27,35072,0
AWP.US,60,20210519,220000,6.27,6.31,6.27,6.3,40680,0
AWP.US,60,20210520,160000,6.26,6.2878,6.26,6.2878,18970,0
AWP.US,60,20210520,170000,6.29,6.32,6.285,6.315,32595,0
AWP.US,60,20210520,180000,6.31,6.35,6.31,6.34,29020,0
AWP.US,60,20210520,190000,6.34,6.34,6.33,6.33,12045,0
AWP.US,60,20210520,200000,6.335,6.36,6.335,6.36,24159,0
AWP.US,60,20210520,210000,6.3656,6.385,6.3626,6.38,41988,0
AWP.US,60,20210520,220000,6.38,6.39,6.35,6.38,74256,0
AWP.US,60,20210521,160000,6.4,6.42,6.4,6.415,26891,0
AWP.US,60,20210521,170000,6.42,6.425,6.37,6.37,51184,0
AWP.US,60,20210521,180000,6.3786,6.38,6.35,6.36,28821,0
AWP.US,60,20210521,190000,6.359,6.37,6.35,6.3549,33116,0
AWP.US,60,20210521,200000,6.36,6.375,6.35,6.37,19363,0
AWP.US,60,20210521,210000,6.37,6.38,6.36,6.37,9922,0
AWP.US,60,20210521,220000,6.37,6.38,6.35,6.35,38463,0
AWP.US,60,20210524,160000,6.39,6.41,6.38,6.4,39315,0
AWP.US,60,20210524,170000,6.4,6.42,6.4,6.42,31779,0
AWP.US,60,20210524,180000,6.42,6.45,6.4199,6.43,84610,0
AWP.US,60,20210524,190000,6.435,6.447,6.43,6.447,17556,0
AWP.US,60,20210524,200000,6.445,6.47,6.44,6.45,59512,0
AWP.US,60,20210524,210000,6.45,6.46,6.44,6.4499,29172,0
AWP.US,60,20210524,220000,6.4461,6.45,6.42,6.42,37310,0
AWP.US,60,20210525,160000,6.43,6.45,6.43,6.445,27708,0
AWP.US,60,20210525,170000,6.45,6.46,6.4401,6.46,40631,0
AWP.US,60,20210525,180000,6.46,6.47,6.45,6.465,43093,0
AWP.US,60,20210525,190000,6.47,6.47,6.46,6.463,15711,0
AWP.US,60,20210525,200000,6.465,6.47,6.46,6.47,18784,0
AWP.US,60,20210525,210000,6.47,6.47,6.45,6.455,22758,0
AWP.US,60,20210525,220000,6.45,6.46,6.45,6.46,27661,0
AWP.US,60,20210526,160000,6.5,6.5,6.47,6.49,29833,0
AWP.US,60,20210526,170000,6.49,6.49,6.48,6.49,30885,0
AWP.US,60,20210526,180000,6.49,6.49,6.47,6.48,56560,0
AWP.US,60,20210526,190000,6.48,6.5,6.48,6.5,31892,0
AWP.US,60,20210526,200000,6.5,6.5,6.49,6.5,21464,0
AWP.US,60,20210526,210000,6.4975,6.5,6.49,6.5,24401,0
AWP.US,60,20210526,220000,6.4942,6.5,6.48,6.49,61892,0
AWP.US,60,20210527,160000,6.5,6.52,6.495,6.52,36613,0
AWP.US,60,20210527,170000,6.52,6.53,6.51,6.51,40824,0
AWP.US,60,20210527,180000,6.5199,6.53,6.51,6.5151,46246,0
AWP.US,60,20210527,190000,6.51,6.52,6.51,6.51,25906,0
AWP.US,60,20210527,200000,6.51,6.5189,6.49,6.5,21288,0
AWP.US,60,20210527,210000,6.5,6.5,6.47,6.485,33341,0
AWP.US,60,20210527,220000,6.49,6.5,6.47,6.5,37935,0
AWP.US,60,20210528,160000,6.54,6.54,6.52,6.533,42953,0
AWP.US,60,20210528,170000,6.535,6.56,6.52,6.56,138627,0
AWP.US,60,20210528,180000,6.57,6.59,6.56,6.57,57583,0
AWP.US,60,20210528,190000,6.58,6.59,6.57,6.5713,40713,0
AWP.US,60,20210528,200000,6.5707,6.5707,6.54,6.54,37100,0
AWP.US,60,20210528,210000,6.5564,6.57,6.55,6.565,25980,0
AWP.US,60,20210528,220000,6.565,6.57,6.54,6.57,97647,0
AWP.US,60,20210601,160000,6.57,6.61,6.57,6.5835,101820,0
AWP.US,60,20210601,170000,6.59,6.62,6.58,6.6137,60766,0
AWP.US,60,20210601,180000,6.62,6.64,6.62,6.624,40546,0
AWP.US,60,20210601,190000,6.63,6.63,6.6,6.6,42187,0
AWP.US,60,20210601,200000,6.6035,6.61,6.58,6.585,35504,0
AWP.US,60,20210601,210000,6.5895,6.59,6.58,6.585,11780,0
AWP.US,60,20210601,220000,6.585,6.59,6.57,6.58,51896,0
AWP.US,60,20210602,160000,6.61,6.644,6.61,6.6401,27108,0
AWP.US,60,20210602,170000,6.64,6.67,6.64,6.64,45392,0
AWP.US,60,20210602,180000,6.64,6.645,6.63,6.64,63433,0
AWP.US,60,20210602,190000,6.6322,6.645,6.63,6.64,32577,0
AWP.US,60,20210602,200000,6.64,6.68,6.64,6.68,57877,0
AWP.US,60,20210602,210000,6.67,6.675,6.65,6.6601,37910,0
AWP.US,60,20210602,220000,6.67,6.67,6.65,6.66,80283,0
AWP.US,60,20210603,160000,6.66,6.66,6.63,6.645,34509,0
AWP.US,60,20210603,170000,6.6417,6.6499,6.63,6.64,40136,0
AWP.US,60,20210603,180000,6.6492,6.65,6.64,6.645,20856,0
AWP.US,60,20210603,190000,6.64,6.65,6.64,6.64,16023,0
AWP.US,60,20210603,200000,6.64,6.67,6.64,6.66,33829,0
AWP.US,60,20210603,210000,6.6699,6.6699,6.6444,6.6444,25450,0
AWP.US,60,20210603,220000,6.643,6.6782,6.64,6.65,70664,0
AWP.US,60,20210604,160000,6.69,6.72,6.68,6.6808,24568,0
AWP.US,60,20210604,170000,6.68,6.69,6.67,6.6801,23666,0
AWP.US,60,20210604,180000,6.69,6.696,6.671,6.69,21575,0
AWP.US,60,20210604,190000,6.69,6.7,6.68,6.685,33929,0
AWP.US,60,20210604,200000,6.68,6.7,6.68,6.69,43451,0
AWP.US,60,20210604,210000,6.6984,6.72,6.69,6.7174,58214,0
AWP.US,60,20210604,220000,6.72,6.74,6.71,6.74,43770,0
AWP.US,60,20210607,160000,6.76,6.81,6.76,6.795,96114,0
AWP.US,60,20210607,170000,6.7999,6.823,6.79,6.8123,101072,0
AWP.US,60,20210607,180000,6.82,6.845,6.82,6.83,89157,0
AWP.US,60,20210607,190000,6.83,6.84,6.83,6.84,72545,0
AWP.US,60,20210607,200000,6.84,6.84,6.82,6.83,72762,0
AWP.US,60,20210607,210000,6.835,6.84,6.805,6.805,89570,0
AWP.US,60,20210607,220000,6.8,6.81,6.79,6.79,85284,0
AWP.US,60,20210608,160000,6.83,6.83,6.8198,6.825,70812,0
AWP.US,60,20210608,170000,6.83,6.83,6.82,6.8276,29145,0
AWP.US,60,20210608,180000,6.8283,6.835,6.81,6.825,39520,0
AWP.US,60,20210608,190000,6.83,6.835,6.82,6.835,34269,0
AWP.US,60,20210608,200000,6.83,6.84,6.83,6.835,32835,0
AWP.US,60,20210608,210000,6.8301,6.84,6.83,6.84,8671,0
AWP.US,60,20210608,220000,6.84,6.84,6.8316,6.84,37598,0
AWP.US,60,20210609,160000,6.84,6.9,6.835,6.9,116963,0
AWP.US,60,20210609,170000,6.9099,6.92,6.9,6.9,87788,0
AWP.US,60,20210609,180000,6.9,6.92,6.9,6.9,60059,0
AWP.US,60,20210609,190000,6.9026,6.91,6.87,6.879,46717,0
AWP.US,60,20210609,200000,6.875,6.875,6.86,6.87,22422,0
AWP.US,60,20210609,210000,6.86,6.89,6.85,6.88,65778,0
AWP.US,60,20210609,220000,6.875,6.88,6.83,6.83,88542,0
AWP.US,60,20210610,160000,6.86,6.88,6.85,6.867,60591,0
AWP.US,60,20210610,170000,6.86,6.86,6.8,6.805,100785,0
AWP.US,60,20210610,180000,6.805,6.82,6.805,6.81,41896,0
AWP.US,60,20210610,190000,6.81,6.82,6.8,6.81,72614,0
AWP.US,60,20210610,200000,6.82,6.82,6.8,6.8,46395,0
AWP.US,60,20210610,210000,6.8,6.825,6.8,6.82,76169,0
AWP.US,60,20210610,220000,6.82,6.825,6.78,6.78,134726,0
AWP.US,60,20210611,160000,6.8,6.8,6.7691,6.78,38776,0
AWP.US,60,20210611,170000,6.775,6.78,6.74,6.75,40523,0
AWP.US,60,20210611,180000,6.7475,6.77,6.74,6.77,30480,0
AWP.US,60,20210611,190000,6.7692,6.77,6.75,6.755,32409,0
AWP.US,60,20210611,200000,6.76,6.7699,6.7513,6.7616,10369,0
AWP.US,60,20210611,210000,6.765,6.77,6.76,6.765,20601,0
AWP.US,60,20210611,220000,6.765,6.8,6.765,6.78,41647,0
AWP.US,60,20210614,160000,6.8,6.84,6.79,6.82,77788,0
AWP.US,60,20210614,170000,6.825,6.85,6.81,6.8176,132804,0
AWP.US,60,20210614,180000,6.82,6.83,6.81,6.83,31948,0
AWP.US,60,20210614,190000,6.8201,6.84,6.82,6.83,16107,0
AWP.US,60,20210614,200000,6.834,6.837,6.7801,6.79,186916,0
AWP.US,60,20210614,210000,6.7801,6.8,6.72,6.7202,249341,0
AWP.US,60,20210614,220000,6.72,6.75,6.715,6.75,133138,0
AWP.US,60,20210615,160000,6.75,6.75,6.68,6.6802,101729,0
AWP.US,60,20210615,170000,6.68,6.69,6.65,6.67,100445,0
AWP.US,60,20210615,180000,6.66,6.67,6.64,6.6434,113313,0
AWP.US,60,20210615,190000,6.65,6.65,6.6223,6.6301,71294,0
AWP.US,60,20210615,200000,6.6301,6.635,6.588,6.6,156033,0
AWP.US,60,20210615,210000,6.6075,6.61,6.58,6.59,75602,0
AWP.US,60,20210615,220000,6.585,6.59,6.5,6.54,272744,0
AWP.US,60,20210616,160000,6.51,6.53,6.46,6.47,169029,0
AWP.US,60,20210616,170000,6.47,6.48,6.4,6.405,360162,0
AWP.US,60,20210616,180000,6.405,6.45,6.4,6.445,148009,0
AWP.US,60,20210616,190000,6.4477,6.45,6.415,6.42,63848,0
AWP.US,60,20210616,200000,6.42,6.43,6.415,6.425,30896,0
AWP.US,60,20210616,210000,6.42,6.42,6.35,6.36,112118,0
AWP.US,60,20210616,220000,6.3674,6.43,6.36,6.37,163033,0
AWP.US,60,20210617,160000,6.36,6.41,6.36,6.375,50985,0
AWP.US,60,20210617,170000,6.375,6.377,6.33,6.3689,105065,0
AWP.US,60,20210617,180000,6.36,6.37,6.3301,6.35,72367,0
AWP.US,60,20210617,190000,6.35,6.359,6.34,6.355,57245,0
AWP.US,60,20210617,200000,6.35,6.3699,6.345,6.35,38336,0
AWP.US,60,20210617,210000,6.35,6.35,6.33,6.335,31973,0
AWP.US,60,20210617,220000,6.33,6.36,6.33,6.36,61193,0
AWP.US,60,20210618,160000,6.34,6.35,6.31,6.33,54565,0
AWP.US,60,20210618,170000,6.33,6.34,6.29,6.3091,86960,0
AWP.US,60,20210618,180000,6.31,6.32,6.29,6.3199,48050,0
AWP.US,60,20210618,190000,6.315,6.33,6.31,6.31,31728,0
AWP.US,60,20210618,200000,6.31,6.3194,6.29,6.29,38875,0
AWP.US,60,20210618,210000,6.29,6.3,6.24,6.24,72264,0
AWP.US,60,20210618,220000,6.24,6.27,6.2,6.21,175125,0
AWP.US,60,20210621,160000,6.23,6.28,6.2224,6.28,74046,0
AWP.US,60,20210621,170000,6.29,6.33,6.285,6.325,83645,0
AWP.US,60,20210621,180000,6.329,6.34,6.31,6.3358,57995,0
AWP.US,60,20210621,190000,6.34,6.35,6.33,6.34,29216,0
AWP.US,60,20210621,200000,6.335,6.35,6.335,6.345,12717,0
AWP.US,60,20210621,210000,6.3471,6.36,6.335,6.36,69073,0
AWP.US,60,20210621,220000,6.3599,6.38,6.35,6.37,122318,0
AWP.US,60,20210622,160000,6.35,6.35,6.32,6.325,32239,0
AWP.US,60,20210622,170000,6.3214,6.33,6.32,6.32,44289,0
AWP.US,60,20210622,180000,6.32,6.32,6.295,6.3,84920,0
AWP.US,60,20210622,190000,6.295,6.3,6.29,6.3,51981,0
AWP.US,60,20210622,200000,6.295,6.32,6.2927,6.31,51465,0
AWP.US,60,20210622,210000,6.31,6.31,6.29,6.295,109534,0
AWP.US,60,20210622,220000,6.295,6.302,6.27,6.27,119424,0
AWP.US,60,20210623,160000,6.28,6.3,6.26,6.295,29670,0
AWP.US,60,20210623,170000,6.295,6.34,6.295,6.325,65988,0
AWP.US,60,20210623,180000,6.33,6.335,6.31,6.315,11702,0
AWP.US,60,20210623,190000,6.315,6.32,6.3,6.309,10786,0
AWP.US,60,20210623,200000,6.3052,6.31,6.3,6.3,6834,0
AWP.US,60,20210623,210000,6.3,6.31,6.3,6.3099,5577,0
AWP.US,60,20210623,220000,6.3099,6.31,6.29,6.29,31818,0
AWP.US,60,20210624,160000,6.32,6.3382,6.3118,6.3267,28686,0
AWP.US,60,20210624,170000,6.32,6.33,6.31,6.315,62697,0
AWP.US,60,20210624,180000,6.315,6.32,6.31,6.319,23470,0
AWP.US,60,20210624,190000,6.3167,6.32,6.295,6.305,57888,0
AWP.US,60,20210624,200000,6.31,6.32,6.303,6.3114,7068,0
AWP.US,60,20210624,210000,6.315,6.32,6.31,6.3101,19495,0
AWP.US,60,20210624,220000,6.318,6.32,6.31,6.32,20780,0
AWP.US,60,20210625,160000,6.34,6.34,6.315,6.335,36206,0
AWP.US,60,20210625,170000,6.34,6.37,6.33,6.34,66470,0
AWP.US,60,20210625,180000,6.34,6.35,6.34,6.345,17937,0
AWP.US,60,20210625,190000,6.345,6.35,6.34,6.342,20202,0
AWP.US,60,20210625,200000,6.3416,6.35,6.34,6.34,13906,0
AWP.US,60,20210625,210000,6.34,6.36,6.34,6.36,38225,0
AWP.US,60,20210625,220000,6.355,6.36,6.35,6.36,39620,0
AWP.US,60,20210628,160000,6.36,6.3799,6.3303,6.355,92768,0
AWP.US,60,20210628,170000,6.355,6.38,6.34,6.37,62876,0
AWP.US,60,20210628,180000,6.38,6.38,6.37,6.38,44857,0
AWP.US,60,20210628,190000,6.38,6.38,6.35,6.3599,70138,0
AWP.US,60,20210628,200000,6.3556,6.37,6.353,6.37,25209,0
AWP.US,60,20210628,210000,6.365,6.38,6.365,6.38,44277,0
AWP.US,60,20210628,220000,6.38,6.42,6.3701,6.41,86088,0
AWP.US,60,20210629,160000,6.41,6.45,6.395,6.415,32257,0
AWP.US,60,20210629,170000,6.413,6.445,6.41,6.44,46917,0
AWP.US,60,20210629,180000,6.435,6.46,6.43,6.4421,68049,0
AWP.US,60,20210629,190000,6.4489,6.46,6.44,6.45,70873,0
AWP.US,60,20210629,200000,6.45,6.455,6.42,6.43,46180,0
AWP.US,60,20210629,210000,6.42,6.43,6.42,6.425,8068,0
AWP.US,60,20210629,220000,6.43,6.44,6.42,6.43,55623,0
AWP.US,60,20210630,160000,6.45,6.45,6.4,6.405,82698,0
AWP.US,60,20210630,170000,6.41,6.41,6.39,6.395,35820,0
AWP.US,60,20210630,180000,6.4,6.4,6.35,6.355,52588,0
AWP.US,60,20210630,190000,6.36,6.37,6.35,6.37,11339,0
AWP.US,60,20210630,200000,6.3655,6.37,6.35,6.3599,26597,0
AWP.US,60,20210630,210000,6.358,6.36,6.35,6.3599,26107,0
AWP.US,60,20210630,220000,6.3501,6.36,6.35,6.36,53961,0
AWP.US,60,20210701,160000,6.37,6.38,6.35,6.369,39866,0
AWP.US,60,20210701,170000,6.35,6.38,6.35,6.375,59454,0
AWP.US,60,20210701,180000,6.38,6.42,6.3725,6.42,76361,0
AWP.US,60,20210701,190000,6.4162,6.42,6.38,6.4,30947,0
AWP.US,60,20210701,200000,6.395,6.4,6.38,6.3818,16491,0
AWP.US,60,20210701,210000,6.385,6.4,6.38,6.395,26582,0
AWP.US,60,20210701,220000,6.4,6.4,6.3527,6.36,88850,0
AWP.US,60,20210702,160000,6.4,6.45,6.395,6.42,68977,0
AWP.US,60,20210702,170000,6.415,6.43,6.4,6.4,43914,0
AWP.US,60,20210702,180000,6.4,6.42,6.4,6.42,25585,0
AWP.US,60,20210702,190000,6.4173,6.42,6.37,6.37,54667,0
AWP.US,60,20210702,200000,6.3782,6.38,6.37,6.37,44879,0
AWP.US,60,20210702,210000,6.37,6.38,6.37,6.37,50892,0
AWP.US,60,20210702,220000,6.37,6.38,6.24,6.38,76035,0
AWP.US,60,20210706,160000,6.41,6.42,6.3725,6.38,56077,0
AWP.US,60,20210706,170000,6.38,6.419,6.37,6.39,50536,0
AWP.US,60,20210706,180000,6.39,6.41,6.39,6.41,31573,0
AWP.US,60,20210706,190000,6.405,6.41,6.3833,6.39,39572,0
AWP.US,60,20210706,200000,6.4,6.41,6.389,6.4037,37480,0
AWP.US,60,20210706,210000,6.4099,6.41,6.4,6.405,8848,0
AWP.US,60,20210706,220000,6.405,6.45,6.405,6.45,33996,0
AWP.US,60,20210707,160000,6.44,6.45,6.4001,6.44,42611,0
AWP.US,60,20210707,170000,6.45,6.465,6.44,6.46,73479,0
AWP.US,60,20210707,180000,6.46,6.48,6.45,6.48,22633,0
AWP.US,60,20210707,190000,6.48,6.49,6.47,6.49,27637,0
AWP.US,60,20210707,200000,6.49,6.51,6.4801,6.51,43610,0
AWP.US,60,20210707,210000,6.5183,6.52,6.5,6.515,31019,0
AWP.US,60,20210707,220000,6.515,6.525,6.49,6.52,172075,0
AWP.US,60,20210708,160000,6.46,6.46,6.4001,6.43,74344,0
AWP.US,60,20210708,170000,6.435,6.47,6.42,6.462,35668,0
AWP.US,60,20210708,180000,6.4601,6.49,6.4519,6.48,20295,0
AWP.US,60,20210708,190000,6.49,6.5,6.465,6.4666,93493,0
AWP.US,60,20210708,200000,6.47,6.47,6.46,6.47,18373,0
AWP.US,60,20210708,210000,6.47,6.47,6.4606,6.47,16198,0
AWP.US,60,20210708,220000,6.47,6.495,6.46,6.48,46600,0
AWP.US,60,20210709,160000,6.52,6.5599,6.505,6.5512,38514,0
AWP.US,60,20210709,170000,6.5511,6.57,6.55,6.5599,31020,0
AWP.US,60,20210709,180000,6.5569,6.57,6.54,6.57,53632,0
AWP.US,60,20210709,190000,6.57,6.59,6.56,6.58,55062,0
AWP.US,60,20210709,200000,6.58,6.59,6.5701,6.59,44592,0
AWP.US,60,20210709,210000,6.59,6.59,6.57,6.5772,54564,0
AWP.US,60,20210709,220000,6.575,6.58,6.57,6.57,33246,0
