<TICKER>,<PER>,<DATE>,<TIME>,<OPEN>,<HIGH>,<LOW>,<CLOSE>,<VOL>,<OPENINT>
BFLY-WS.US,60,20210217,160000,9.5,9.5,8.95,9.47,37553,0
BFLY-WS.US,60,20210217,170000,9.5,9.98,9.08,9.97,93808,0
BFLY-WS.US,60,20210217,180000,9.9611,10.25,9.4,9.65,69537,0
BFLY-WS.US,60,20210217,190000,9.65,10.8,9.33,10.8,81494,0
BFLY-WS.US,60,20210217,200000,10.7,12.94,10.6,11.6,154972,0
BFLY-WS.US,60,20210217,210000,11.6,12.25,11.6,12.25,53494,0
BFLY-WS.US,60,20210217,220000,12.215,14.4,12.21,13.7,146322,0
BFLY-WS.US,60,20210218,160000,13.75,16.66,12.8722,15.95,95093,0
BFLY-WS.US,60,20210218,170000,15.72,15.86,10.12,13.9,165321,0
BFLY-WS.US,60,20210218,180000,14.15,14.56,13.76,14.22,63490,0
BFLY-WS.US,60,20210218,190000,14.22,14.5,13.6,14.2978,35745,0
BFLY-WS.US,60,20210218,200000,14.34,14.6,14.01,14.24,65586,0
BFLY-WS.US,60,20210218,210000,14.45,14.55,14.2,14.35,51206,0
BFLY-WS.US,60,20210218,220000,14.25,14.68,14.03,14.4,70419,0
BFLY-WS.US,60,20210219,160000,15.5,15.68,14.81,14.85,55723,0
BFLY-WS.US,60,20210219,170000,14.9,15.2,14.36,14.52,58531,0
BFLY-WS.US,60,20210219,180000,14.55,14.95,13.55,13.89,50169,0
BFLY-WS.US,60,20210219,190000,13.9,14.42,13.68,13.78,48069,0
BFLY-WS.US,60,20210219,200000,13.76,14.24,13.76,14,24954,0
BFLY-WS.US,60,20210219,210000,14.1,14.16,13.84,13.9,29134,0
BFLY-WS.US,60,20210219,220000,13.89,13.92,13.02,13.43,64494,0
BFLY-WS.US,60,20210222,160000,13,13.12,11.46,12.06,47185,0
BFLY-WS.US,60,20210222,170000,11.97,12.2764,11.6,11.64,52041,0
BFLY-WS.US,60,20210222,180000,11.65,12.2,11.12,12.2,79683,0
BFLY-WS.US,60,20210222,190000,12.23,12.45,11.66,12.33,43970,0
BFLY-WS.US,60,20210222,200000,12.31,12.5,12.25,12.5,41463,0
BFLY-WS.US,60,20210222,210000,12.5,12.93,12.09,12.67,18759,0
BFLY-WS.US,60,20210222,220000,12.67,12.67,10.86,11.56,68830,0
BFLY-WS.US,60,20210223,160000,10.36,10.36,6.75,8.25,77613,0
BFLY-WS.US,60,20210223,170000,8.54,9.9,8.21,9.2801,129247,0
BFLY-WS.US,60,20210223,180000,9.31,9.85,9.11,9.2,35751,0
BFLY-WS.US,60,20210223,190000,9.24,9.3,8.35,9.02,34980,0
BFLY-WS.US,60,20210223,200000,9.02,9.9,9,9.9,35829,0
BFLY-WS.US,60,20210223,210000,9.79,9.8,9.44,9.625,40887,0
BFLY-WS.US,60,20210223,220000,9.65,9.885,8.93,9.02,63430,0
BFLY-WS.US,60,20210224,160000,9.6,10.08,9.03,9.4,15753,0
BFLY-WS.US,60,20210224,170000,9.36,10.5,9.27,9.96,40083,0
BFLY-WS.US,60,20210224,180000,10,10.47,9.96,10.26,33902,0
BFLY-WS.US,60,20210224,190000,10.28,10.5,10,10.43,87747,0
BFLY-WS.US,60,20210224,200000,10.43,10.62,10.2,10.43,55858,0
BFLY-WS.US,60,20210224,210000,10.27,10.27,9.88,10.07,50171,0
BFLY-WS.US,60,20210224,220000,10.04,10.45,9.89,9.95,33290,0
BFLY-WS.US,60,20210225,160000,9.9,9.97,9.57,9.6,9761,0
BFLY-WS.US,60,20210225,170000,9.6,9.6,8.64,8.6585,54672,0
BFLY-WS.US,60,20210225,180000,8.95,9.25,8.5,8.51,31697,0
BFLY-WS.US,60,20210225,190000,8.55,8.61,7.6,7.6,59336,0
BFLY-WS.US,60,20210225,200000,7.56,8.1,7.35,7.99,63476,0
BFLY-WS.US,60,20210225,210000,7.89,8.18,7.82,7.92,63053,0
BFLY-WS.US,60,20210225,220000,7.92,8,7,7.5,228564,0
BFLY-WS.US,60,20210226,160000,7.25,7.69,6.5,6.52,77843,0
BFLY-WS.US,60,20210226,170000,6.45,7.49,6.2453,6.65,162930,0
BFLY-WS.US,60,20210226,180000,6.65,7.49,6.6,7.17,114959,0
BFLY-WS.US,60,20210226,190000,7.14,7.58,7.1,7.37,79631,0
BFLY-WS.US,60,20210226,200000,7.3,8.25,7.25,8.1,42285,0
BFLY-WS.US,60,20210226,210000,8.08,8.08,7.37,7.37,77178,0
BFLY-WS.US,60,20210226,220000,7.37,7.78,7.18,7.43,112169,0
BFLY-WS.US,60,20210301,160000,7.85,8.19,7.44,7.64,24008,0
BFLY-WS.US,60,20210301,170000,7.74,8.09,7.7,7.71,25485,0
BFLY-WS.US,60,20210301,180000,7.71,8,7.71,8,41169,0
BFLY-WS.US,60,20210301,190000,8,8,7.87,7.87,64448,0
BFLY-WS.US,60,20210301,200000,7.87,7.89,7.76,7.76,39120,0
BFLY-WS.US,60,20210301,210000,7.76,7.82,7.76,7.77,18927,0
BFLY-WS.US,60,20210301,220000,7.765,8,7.71,7.98,47836,0
BFLY-WS.US,60,20210302,160000,8.18,8.18,7.71,7.99,9910,0
BFLY-WS.US,60,20210302,170000,7.95,7.99,7.3701,7.5,23882,0
BFLY-WS.US,60,20210302,180000,7.55,7.57,7.2,7.21,34794,0
BFLY-WS.US,60,20210302,190000,7.22,7.25,7,7.18,21594,0
BFLY-WS.US,60,20210302,200000,7.23,7.45,7.13,7.15,40687,0
BFLY-WS.US,60,20210302,210000,7.24,7.41,6.6,7.16,47604,0
BFLY-WS.US,60,20210302,220000,7.16,7.24,7.0401,7.07,64461,0
BFLY-WS.US,60,20210303,160000,7.25,7.25,6.81,6.97,10065,0
BFLY-WS.US,60,20210303,170000,6.97,6.97,6.13,6.36,43946,0
BFLY-WS.US,60,20210303,180000,6.4,6.4,6.32,6.36,32678,0
BFLY-WS.US,60,20210303,190000,6.43,6.77,6.32,6.68,15495,0
BFLY-WS.US,60,20210303,200000,6.68,6.91,6.45,6.6,74274,0
BFLY-WS.US,60,20210303,210000,6.58,6.66,6.4,6.49,28767,0
BFLY-WS.US,60,20210303,220000,6.41,6.49,6.33,6.45,101406,0
BFLY-WS.US,60,20210304,160000,6.12,6.75,5.92,5.92,20425,0
BFLY-WS.US,60,20210304,170000,5.93,6.1,5.19,6.08,112198,0
BFLY-WS.US,60,20210304,180000,6.07,6.19,5.88,6,27245,0
BFLY-WS.US,60,20210304,190000,6.01,6.04,5.56,5.61,57608,0
BFLY-WS.US,60,20210304,200000,5.65,5.8,5.14,5.14,100705,0
BFLY-WS.US,60,20210304,210000,5.19,6,5.12,6,39173,0
BFLY-WS.US,60,20210304,220000,5.85,6.25,5.5,6.08,59032,0
BFLY-WS.US,60,20210305,160000,5.9,5.9,5.39,5.39,23277,0
BFLY-WS.US,60,20210305,170000,5.4,5.558,4.91,5.09,96190,0
BFLY-WS.US,60,20210305,180000,5.0901,5.11,4.7004,4.9899,55705,0
BFLY-WS.US,60,20210305,190000,4.99,5.38,4.9,5.345,92413,0
BFLY-WS.US,60,20210305,200000,5.38,5.85,5.32,5.68,29737,0
BFLY-WS.US,60,20210305,210000,5.88,6.4,5.7587,6.3825,23705,0
BFLY-WS.US,60,20210305,220000,6.3,6.3,6.1,6.2,32403,0
BFLY-WS.US,60,20210308,160000,6,6.4,5.86,6.11,17702,0
BFLY-WS.US,60,20210308,170000,6.15,6.58,6.13,6.58,38496,0
BFLY-WS.US,60,20210308,180000,6.61,6.7,5.88,5.92,39888,0
BFLY-WS.US,60,20210308,190000,5.83,6.38,5.83,6.03,21384,0
BFLY-WS.US,60,20210308,200000,6.02,6.18,5.4,5.5,42245,0
BFLY-WS.US,60,20210308,210000,5.5,5.98,5.48,5.55,48468,0
BFLY-WS.US,60,20210308,220000,5.55,6.18,5.4299,6.0895,138047,0
BFLY-WS.US,60,20210309,160000,6.29,6.68,6.25,6.68,22110,0
BFLY-WS.US,60,20210309,170000,6.68,6.98,6.4501,6.77,78139,0
BFLY-WS.US,60,20210309,180000,6.8,6.8,6.61,6.73,28527,0
BFLY-WS.US,60,20210309,190000,6.75,7.03,6.68,6.9701,38720,0
BFLY-WS.US,60,20210309,200000,6.99,7.21,6.9,7.2,51093,0
BFLY-WS.US,60,20210309,210000,7.2,7.25,6.9,7.15,29995,0
BFLY-WS.US,60,20210309,220000,7.13,7.3,6.8,6.99,30110,0
BFLY-WS.US,60,20210310,160000,7.47,7.47,7.11,7.4112,14972,0
BFLY-WS.US,60,20210310,170000,7.3,7.5,6.8101,6.85,43751,0
BFLY-WS.US,60,20210310,180000,7.03,7.45,7,7.37,6059,0
BFLY-WS.US,60,20210310,190000,7.37,7.37,7.12,7.285,22878,0
BFLY-WS.US,60,20210310,200000,7.38,7.4,7.13,7.14,15795,0
BFLY-WS.US,60,20210310,210000,7.14,7.6,7.13,7.4,34260,0
BFLY-WS.US,60,20210310,220000,7.42,7.6,7.37,7.52,18174,0
BFLY-WS.US,60,20210311,160000,7.69,8.01,7.685,8.01,10450,0
BFLY-WS.US,60,20210311,170000,7.88,8.52,7.71,8.33,60381,0
BFLY-WS.US,60,20210311,180000,8.23,8.8,8.15,8.52,47613,0
BFLY-WS.US,60,20210311,190000,8.61,8.76,8.35,8.75,29334,0
BFLY-WS.US,60,20210311,200000,8.7,8.78,8.42,8.51,24337,0
BFLY-WS.US,60,20210311,210000,8.5,8.76,8.45,8.59,20389,0
BFLY-WS.US,60,20210311,220000,8.66,8.67,8.384,8.64,22543,0
BFLY-WS.US,60,20210312,160000,8,8.04,7.7,8.04,8601,0
BFLY-WS.US,60,20210312,170000,7.8001,8.066,7.8,7.86,14185,0
BFLY-WS.US,60,20210312,180000,8,8.14,8,8.05,3047,0
BFLY-WS.US,60,20210312,190000,8.05,8.09,7.85,7.9,15336,0
BFLY-WS.US,60,20210312,200000,7.95,8.065,7.85,7.9101,6798,0
BFLY-WS.US,60,20210312,210000,7.99,8,7.78,7.8,36297,0
BFLY-WS.US,60,20210312,220000,7.8,7.9,7.7101,7.73,23403,0
BFLY-WS.US,60,20210315,150000,7.6,8.36,7.56,8.34,16086,0
BFLY-WS.US,60,20210315,160000,8.33,8.38,7.85,7.98,16288,0
BFLY-WS.US,60,20210315,170000,8,8,7.33,7.41,13795,0
BFLY-WS.US,60,20210315,180000,7.44,7.53,7.26,7.3799,11798,0
BFLY-WS.US,60,20210315,190000,7.35,7.4899,7.04,7.41,27692,0
BFLY-WS.US,60,20210315,200000,7.51,7.55,7.39,7.39,16525,0
BFLY-WS.US,60,20210315,210000,7.3901,7.57,7.365,7.5,52014,0
BFLY-WS.US,60,20210316,150000,7,7.15,6.8,7,27268,0
BFLY-WS.US,60,20210316,160000,7,7.1,6.85,6.87,81558,0
BFLY-WS.US,60,20210316,170000,6.87,7.09,6.86,6.86,28764,0
BFLY-WS.US,60,20210316,180000,6.89,6.89,6.59,6.62,24403,0
BFLY-WS.US,60,20210316,190000,6.65,6.7799,6.6001,6.7,17651,0
BFLY-WS.US,60,20210316,200000,6.65,6.8,6.5,6.5,34364,0
BFLY-WS.US,60,20210316,210000,6.54,7,6.5,6.72,47189,0
BFLY-WS.US,60,20210317,150000,6.32,6.75,6.32,6.6,19760,0
BFLY-WS.US,60,20210317,160000,6.55,6.6,6.36,6.44,10524,0
BFLY-WS.US,60,20210317,170000,6.47,6.72,6.46,6.6999,5878,0
BFLY-WS.US,60,20210317,180000,6.7,6.7,6.57,6.57,1235,0
BFLY-WS.US,60,20210317,190000,6.595,6.75,6.59,6.6498,27175,0
BFLY-WS.US,60,20210317,200000,6.75,7.17,6.68,6.95,27484,0
BFLY-WS.US,60,20210317,210000,7.09,7.35,6.82,6.99,21836,0
BFLY-WS.US,60,20210318,150000,7.25,7.25,6.99,7.25,7828,0
BFLY-WS.US,60,20210318,160000,7.23,7.43,7.18,7.35,20895,0
BFLY-WS.US,60,20210318,170000,7.35,7.59,7.2,7.22,22557,0
BFLY-WS.US,60,20210318,180000,7.3,7.58,7.3,7.5,9300,0
BFLY-WS.US,60,20210318,190000,7.49,7.54,7.33,7.45,23103,0
BFLY-WS.US,60,20210318,200000,7.45,7.45,7.1401,7.3399,23141,0
BFLY-WS.US,60,20210318,210000,7.32,7.46,6.82,6.93,123579,0
BFLY-WS.US,60,20210319,150000,7.44,7.44,7,7.43,23842,0
BFLY-WS.US,60,20210319,160000,7.39,7.82,7.2101,7.79,18825,0
BFLY-WS.US,60,20210319,170000,7.74,7.934,7.67,7.89,6864,0
BFLY-WS.US,60,20210319,180000,7.85,7.87,7.5701,7.75,4883,0
BFLY-WS.US,60,20210319,190000,7.71,7.8,7.54,7.8,6700,0
BFLY-WS.US,60,20210319,200000,7.8,7.81,7.77,7.8,12753,0
BFLY-WS.US,60,20210319,210000,7.78,7.7804,7.45,7.45,4041,0
BFLY-WS.US,60,20210322,150000,8.09,8.7,8.09,8.46,33259,0
BFLY-WS.US,60,20210322,160000,8.45,8.65,8.01,8.26,34041,0
BFLY-WS.US,60,20210322,170000,8.25,8.6,8.19,8.56,34224,0
BFLY-WS.US,60,20210322,180000,8.5,8.59,8.17,8.17,14379,0
BFLY-WS.US,60,20210322,190000,8.3,8.6,8.17,8.6,24300,0
BFLY-WS.US,60,20210322,200000,8.6,8.65,8.51,8.64,32144,0
BFLY-WS.US,60,20210322,210000,8.58,8.87,8.45,8.5,29816,0
BFLY-WS.US,60,20210323,150000,8.36,8.36,8,8.21,6417,0
BFLY-WS.US,60,20210323,160000,8.3,8.3,7.78,7.8401,11469,0
BFLY-WS.US,60,20210323,170000,7.99,8.3,7.99,8.3,5274,0
BFLY-WS.US,60,20210323,180000,7.99,8.11,7.85,7.85,3827,0
BFLY-WS.US,60,20210323,190000,7.9,8,7.85,7.85,4560,0
BFLY-WS.US,60,20210323,200000,7.85,8,7.38,7.43,8635,0
BFLY-WS.US,60,20210323,210000,7.3835,7.7199,7.3835,7.69,12788,0
BFLY-WS.US,60,20210324,150000,8.2,8.2,7.82,7.82,1200,0
BFLY-WS.US,60,20210324,160000,7.81,8.15,7.54,8.15,32111,0
BFLY-WS.US,60,20210324,170000,8.15,8.15,7.82,7.82,18969,0
BFLY-WS.US,60,20210324,180000,7.72,7.7573,7.51,7.53,5312,0
BFLY-WS.US,60,20210324,190000,7.55,7.8,7.5,7.8,7038,0
BFLY-WS.US,60,20210324,200000,7.8,7.8,7.55,7.665,4019,0
BFLY-WS.US,60,20210324,210000,7.665,7.76,7.5501,7.76,7781,0
BFLY-WS.US,60,20210325,150000,6.85,6.99,6.56,6.85,20891,0
BFLY-WS.US,60,20210325,160000,6.85,7.17,6.84,6.9399,47365,0
BFLY-WS.US,60,20210325,170000,6.9399,7.08,6.8301,7,28146,0
BFLY-WS.US,60,20210325,180000,7,7.28,7,7.2,9801,0
BFLY-WS.US,60,20210325,190000,7.12,7.18,7.1,7.1,2447,0
BFLY-WS.US,60,20210325,200000,6.975,7.24,6.9543,7.24,12123,0
BFLY-WS.US,60,20210325,210000,7.28,7.62,7.15,7.15,12226,0
BFLY-WS.US,60,20210326,150000,7.33,7.51,7.13,7.51,2010,0
BFLY-WS.US,60,20210326,160000,7.38,7.5,7.38,7.5,5600,0
BFLY-WS.US,60,20210326,170000,7.38,7.42,7.25,7.35,4740,0
BFLY-WS.US,60,20210326,180000,7.38,7.65,7.1835,7.1835,5106,0
BFLY-WS.US,60,20210326,190000,7.32,7.58,7.08,7.08,5763,0
BFLY-WS.US,60,20210326,200000,7.12,7.12,6.885,7,2472,0
BFLY-WS.US,60,20210326,210000,7,7.3673,6.9023,7.35,10067,0
BFLY-WS.US,60,20210329,160000,7.35,7.71,7.27,7.48,18801,0
BFLY-WS.US,60,20210329,170000,7.49,7.5,7.33,7.45,8600,0
BFLY-WS.US,60,20210329,180000,7.48,7.68,7.32,7.65,11100,0
BFLY-WS.US,60,20210329,190000,7.67,7.68,7.35,7.41,13325,0
BFLY-WS.US,60,20210329,200000,7.4,7.4,7.35,7.35,1346,0
BFLY-WS.US,60,20210329,210000,7.35,7.35,7.35,7.35,600,0
BFLY-WS.US,60,20210329,220000,7.35,7.4,7.13,7.31,19207,0
BFLY-WS.US,60,20210330,160000,6.26,6.26,5.47,5.47,68736,0
BFLY-WS.US,60,20210330,170000,5.5,6.185,5.3277,6.1,83018,0
BFLY-WS.US,60,20210330,180000,6.1,6.3399,5.97,6.19,37642,0
BFLY-WS.US,60,20210330,190000,6.19,6.4,6.19,6.31,6926,0
BFLY-WS.US,60,20210330,200000,6.34,6.4,6.13,6.31,22272,0
BFLY-WS.US,60,20210330,210000,6.29,6.8,6.28,6.5501,33118,0
BFLY-WS.US,60,20210330,220000,6.5,6.6399,6.43,6.62,6312,0
BFLY-WS.US,60,20210331,160000,6.65,7.01,6.4,6.5,74950,0
BFLY-WS.US,60,20210331,170000,6.5,6.6,6.23,6.3,29522,0
BFLY-WS.US,60,20210331,180000,6.29,6.35,6.1,6.29,11979,0
BFLY-WS.US,60,20210331,190000,6.3,6.35,6.2702,6.3,6986,0
BFLY-WS.US,60,20210331,200000,6.3,6.61,6.3,6.47,21153,0
BFLY-WS.US,60,20210331,210000,6.5,6.6,6.37,6.45,23234,0
BFLY-WS.US,60,20210331,220000,6.37,6.6,6.34,6.45,13069,0
BFLY-WS.US,60,20210401,160000,6.62,6.84,6.5,6.62,17870,0
BFLY-WS.US,60,20210401,170000,6.5844,6.7,6.5844,6.7,1000,0
BFLY-WS.US,60,20210401,180000,6.65,6.8,6.61,6.61,6788,0
BFLY-WS.US,60,20210401,190000,6.62,6.63,6.6,6.63,6363,0
BFLY-WS.US,60,20210401,200000,6.63,6.65,6.32,6.32,7887,0
BFLY-WS.US,60,20210401,210000,6.31,6.8,6.31,6.71,20357,0
BFLY-WS.US,60,20210401,220000,6.7,6.712,6.31,6.36,73446,0
BFLY-WS.US,60,20210405,160000,6.5,6.81,6.5,6.71,8358,0
BFLY-WS.US,60,20210405,170000,6.66,6.72,6.66,6.72,2550,0
BFLY-WS.US,60,20210405,180000,6.73,6.75,6.7299,6.7299,1100,0
BFLY-WS.US,60,20210405,190000,6.6996,6.6996,6.47,6.47,4424,0
BFLY-WS.US,60,20210405,200000,6.495,6.56,6.49,6.49,700,0
BFLY-WS.US,60,20210405,210000,6.48,6.6,6.12,6.6,15914,0
BFLY-WS.US,60,20210405,220000,6.56,6.65,6.425,6.65,9213,0
BFLY-WS.US,60,20210406,160000,6.76,6.95,6.6816,6.6816,6472,0
BFLY-WS.US,60,20210406,170000,6.8,6.88,6.75,6.8,17029,0
BFLY-WS.US,60,20210406,180000,6.8,6.875,6.8,6.87,28503,0
BFLY-WS.US,60,20210406,190000,6.87,6.87,6.79,6.85,6474,0
BFLY-WS.US,60,20210406,200000,6.86,6.87,6.78,6.8,10134,0
BFLY-WS.US,60,20210406,210000,6.8,6.8299,6.8,6.8,1919,0
BFLY-WS.US,60,20210406,220000,6.8,6.83,6.6,6.69,23795,0
BFLY-WS.US,60,20210407,160000,6.95,6.95,6.74,6.74,1550,0
BFLY-WS.US,60,20210407,170000,6.72,6.86,6.69,6.79,4140,0
BFLY-WS.US,60,20210407,180000,6.8,6.9,6.68,6.83,32908,0
BFLY-WS.US,60,20210407,190000,6.83,6.83,6.6,6.68,10300,0
BFLY-WS.US,60,20210407,200000,6.68,6.8,6.66,6.8,8025,0
BFLY-WS.US,60,20210407,210000,6.79,6.81,6.7,6.76,18407,0
BFLY-WS.US,60,20210407,220000,6.735,6.78,6.55,6.55,4102,0
BFLY-WS.US,60,20210408,160000,6.66,6.86,6.54,6.57,9211,0
BFLY-WS.US,60,20210408,170000,6.62,6.62,6.45,6.48,10652,0
BFLY-WS.US,60,20210408,180000,6.52,6.67,6.52,6.58,1115,0
BFLY-WS.US,60,20210408,190000,6.51,6.5894,6.5,6.5894,1825,0
BFLY-WS.US,60,20210408,200000,6.68,6.68,6.38,6.3804,4375,0
BFLY-WS.US,60,20210408,210000,6.42,6.47,6.35,6.43,2450,0
BFLY-WS.US,60,20210408,220000,6.41,6.43,6.24,6.24,20851,0
BFLY-WS.US,60,20210409,160000,6.56,6.56,6.2903,6.48,9493,0
BFLY-WS.US,60,20210409,170000,6.405,6.5,6.25,6.32,12890,0
BFLY-WS.US,60,20210409,180000,6.3,6.41,6.18,6.31,4412,0
BFLY-WS.US,60,20210409,190000,6.25,6.4,6.25,6.36,1500,0
BFLY-WS.US,60,20210409,200000,6.395,6.45,6.24,6.38,9881,0
BFLY-WS.US,60,20210409,210000,6.36,6.42,6.27,6.27,2221,0
BFLY-WS.US,60,20210409,220000,6.2836,6.295,6.23,6.24,6350,0
BFLY-WS.US,60,20210412,160000,6.25,6.25,6,6.03,7395,0
BFLY-WS.US,60,20210412,170000,6,6.025,5.56,5.984,23309,0
BFLY-WS.US,60,20210412,180000,5.99,6,5.78,5.835,8599,0
BFLY-WS.US,60,20210412,190000,5.835,6.07,5.835,6.02,2000,0
BFLY-WS.US,60,20210412,200000,6.03,6.03,5.88,6.01,1800,0
BFLY-WS.US,60,20210412,210000,6.01,6.05,5.85,5.9995,6734,0
BFLY-WS.US,60,20210412,220000,6.06,6.09,5.95,5.98,8635,0
BFLY-WS.US,60,20210413,160000,6,6.09,5.95,6,3400,0
BFLY-WS.US,60,20210413,170000,5.975,5.975,5.7801,5.81,9220,0
BFLY-WS.US,60,20210413,180000,5.87,5.87,5.64,5.7,26234,0
BFLY-WS.US,60,20210413,190000,5.72,5.87,5.67,5.81,7378,0
BFLY-WS.US,60,20210413,200000,5.84,5.97,5.72,5.97,10006,0
BFLY-WS.US,60,20210413,210000,5.96,5.99,5.81,5.93,59842,0
BFLY-WS.US,60,20210413,220000,5.94,6.05,5.87,5.94,52634,0
BFLY-WS.US,60,20210414,160000,5.82,6.25,5.82,6.25,3674,0
BFLY-WS.US,60,20210414,170000,6.28,6.3,6.05,6.16,17162,0
BFLY-WS.US,60,20210414,180000,6.18,6.2,5.98,6.08,13833,0
BFLY-WS.US,60,20210414,190000,6.09,6.28,6,6.11,7448,0
BFLY-WS.US,60,20210414,200000,6.12,6.28,6.12,6.23,2915,0
BFLY-WS.US,60,20210414,210000,6.16,6.21,6.09,6.18,3600,0
BFLY-WS.US,60,20210414,220000,6.18,6.2,6,6.09,29196,0
BFLY-WS.US,60,20210415,160000,6.61,6.61,6.15,6.2,16153,0
BFLY-WS.US,60,20210415,170000,6.33,6.33,6.21,6.24,1592,0
BFLY-WS.US,60,20210415,180000,6.23,6.23,5.92,5.96,6291,0
BFLY-WS.US,60,20210415,190000,5.89,5.95,5.75,5.76,22604,0
BFLY-WS.US,60,20210415,200000,5.7628,5.765,5.65,5.73,3931,0
BFLY-WS.US,60,20210415,210000,5.73,5.8999,5.65,5.715,8533,0
BFLY-WS.US,60,20210415,220000,5.71,5.71,5.6001,5.69,12263,0
BFLY-WS.US,60,20210416,160000,5.56,5.66,5.56,5.58,11436,0
BFLY-WS.US,60,20210416,170000,5.55,5.82,5.35,5.795,62538,0
BFLY-WS.US,60,20210416,180000,5.74,5.84,5.67,5.7,13114,0
BFLY-WS.US,60,20210416,190000,5.8,5.81,5.6901,5.79,1718,0
BFLY-WS.US,60,20210416,200000,5.79,5.79,5.55,5.69,16000,0
BFLY-WS.US,60,20210416,210000,5.71,5.73,5.63,5.63,19901,0
BFLY-WS.US,60,20210416,220000,5.68,5.7,5.5,5.65,27065,0
BFLY-WS.US,60,20210419,160000,5.45,5.475,5.33,5.33,8715,0
BFLY-WS.US,60,20210419,170000,5.34,5.36,5.23,5.315,54545,0
BFLY-WS.US,60,20210419,180000,5.3,5.3,5.11,5.13,28121,0
BFLY-WS.US,60,20210419,190000,5.14,5.14,4.75,4.94,37549,0
BFLY-WS.US,60,20210419,200000,4.93,5.06,4.93,4.99,7560,0
BFLY-WS.US,60,20210419,210000,4.99,5.03,4.91,4.93,4947,0
BFLY-WS.US,60,20210419,220000,4.97,5.02,4.8,4.95,13204,0
BFLY-WS.US,60,20210420,160000,4.7,4.7501,4.69,4.72,11326,0
BFLY-WS.US,60,20210420,170000,4.71,4.73,4.58,4.6,12037,0
BFLY-WS.US,60,20210420,180000,4.5501,4.565,4.19,4.49,22528,0
BFLY-WS.US,60,20210420,190000,4.49,4.49,4.25,4.44,13764,0
BFLY-WS.US,60,20210420,200000,4.44,4.46,4.3,4.3,7596,0
BFLY-WS.US,60,20210420,210000,4.39,4.43,4.3,4.325,23106,0
BFLY-WS.US,60,20210420,220000,4.325,4.4,4.04,4.31,18164,0
BFLY-WS.US,60,20210421,160000,4.2272,4.235,4.09,4.235,4182,0
BFLY-WS.US,60,20210421,170000,4.315,4.6099,4.315,4.51,82873,0
BFLY-WS.US,60,20210421,180000,4.51,4.585,4.4,4.54,73918,0
BFLY-WS.US,60,20210421,190000,4.54,4.68,4.5,4.5,15308,0
BFLY-WS.US,60,20210421,200000,4.5,4.5424,4.5,4.5,7346,0
BFLY-WS.US,60,20210421,210000,4.5,4.61,4.5,4.59,26188,0
BFLY-WS.US,60,20210421,220000,4.57,4.74,4.54,4.7,19406,0
BFLY-WS.US,60,20210422,160000,4.75,4.93,4.75,4.84,2902,0
BFLY-WS.US,60,20210422,170000,4.8663,4.9,4.76,4.8995,5700,0
BFLY-WS.US,60,20210422,180000,4.9,4.9,4.73,4.76,36288,0
BFLY-WS.US,60,20210422,190000,4.94,5,4.94,5,1373,0
BFLY-WS.US,60,20210422,200000,4.9704,4.98,4.79,4.8299,2160,0
BFLY-WS.US,60,20210422,210000,4.74,4.89,4.74,4.82,4709,0
BFLY-WS.US,60,20210422,220000,4.7501,4.83,4.65,4.67,10250,0
BFLY-WS.US,60,20210423,160000,4.55,4.83,4.55,4.83,603,0
BFLY-WS.US,60,20210423,170000,4.84,5.15,4.8,4.96,10560,0
BFLY-WS.US,60,20210423,180000,4.89,4.96,4.88,4.91,4900,0
BFLY-WS.US,60,20210423,190000,4.89,4.94,4.89,4.94,611,0
BFLY-WS.US,60,20210423,200000,4.92,4.96,4.82,4.8809,3868,0
BFLY-WS.US,60,20210423,210000,4.815,4.84,4.75,4.84,1715,0
BFLY-WS.US,60,20210423,220000,4.95,5,4.95,4.99,5099,0
BFLY-WS.US,60,20210426,160000,4.83,5.07,4.83,5.07,1500,0
BFLY-WS.US,60,20210426,170000,5.03,5.07,5.03,5.055,1266,0
BFLY-WS.US,60,20210426,180000,5.0799,5.23,5.06,5.16,6298,0
BFLY-WS.US,60,20210426,190000,5.15,5.21,5.15,5.16,11116,0
BFLY-WS.US,60,20210426,200000,5.21,5.24,5.14,5.2,4640,0
BFLY-WS.US,60,20210426,210000,5.24,5.32,5.2,5.27,4400,0
BFLY-WS.US,60,20210426,220000,5.27,5.39,5.26,5.3699,30770,0
BFLY-WS.US,60,20210427,160000,5.21,5.38,5.09,5.09,3950,0
BFLY-WS.US,60,20210427,170000,5.15,5.22,5.1,5.165,5600,0
BFLY-WS.US,60,20210427,180000,5.11,5.18,5.11,5.13,20614,0
BFLY-WS.US,60,20210427,190000,5.13,5.14,5,5.12,29396,0
BFLY-WS.US,60,20210427,200000,5.13,5.13,5.13,5.13,200,0
BFLY-WS.US,60,20210427,210000,5.06,5.12,5.06,5.09,5976,0
BFLY-WS.US,60,20210427,220000,5.1596,5.1596,5.06,5.08,25174,0
BFLY-WS.US,60,20210428,160000,5.01,5.01,5,5,1254,0
BFLY-WS.US,60,20210428,170000,5.03,5.08,4.92,5.08,32134,0
BFLY-WS.US,60,20210428,180000,5.05,5.07,4.81,5.06,32130,0
BFLY-WS.US,60,20210428,190000,5.08,5.08,4.84,5.071,15482,0
BFLY-WS.US,60,20210428,200000,5.07,5.07,4.95,5.06,4476,0
BFLY-WS.US,60,20210428,210000,5.06,5.06,4.82,4.98,8058,0
BFLY-WS.US,60,20210428,220000,4.9801,5.1,4.9801,5.1,10524,0
BFLY-WS.US,60,20210429,170000,4.92,4.9564,4.9001,4.9564,8300,0
BFLY-WS.US,60,20210429,180000,5.05,5.05,4.95,5.04,3738,0
BFLY-WS.US,60,20210429,190000,4.93,4.98,4.9001,4.95,15270,0
BFLY-WS.US,60,20210429,200000,5,5.02,4.95,5.02,6520,0
BFLY-WS.US,60,20210429,210000,5.06,5.12,5.05,5.12,5340,0
BFLY-WS.US,60,20210429,220000,5.08,5.1,5.08,5.1,708,0
BFLY-WS.US,60,20210430,160000,4.94,4.9949,4.83,4.91,1700,0
BFLY-WS.US,60,20210430,170000,5,5.08,5,5.08,4400,0
BFLY-WS.US,60,20210430,180000,5.12,5.19,5.12,5.19,1050,0
BFLY-WS.US,60,20210430,190000,5.2501,5.87,5.25,5.64,130522,0
BFLY-WS.US,60,20210430,200000,5.63,5.72,5.41,5.41,20120,0
BFLY-WS.US,60,20210430,210000,5.4,5.45,5.27,5.34,8760,0
BFLY-WS.US,60,20210430,220000,5.27,5.35,5.14,5.14,5508,0
BFLY-WS.US,60,20210503,160000,5.11,5.331,5.11,5.331,498,0
BFLY-WS.US,60,20210503,170000,5.2501,5.3,5.086,5.1,7752,0
BFLY-WS.US,60,20210503,180000,5.0601,5.0913,5.02,5.05,2100,0
BFLY-WS.US,60,20210503,190000,5.08,5.1236,5.08,5.09,300,0
BFLY-WS.US,60,20210503,200000,5.11,5.11,5.06,5.09,2268,0
BFLY-WS.US,60,20210503,210000,5.1,5.25,5.08,5.25,17093,0
BFLY-WS.US,60,20210503,220000,5.24,5.29,5.2,5.29,15700,0
BFLY-WS.US,60,20210504,160000,4.93,4.93,4.36,4.37,23831,0
BFLY-WS.US,60,20210504,170000,4.44,4.7397,4.44,4.7397,16002,0
BFLY-WS.US,60,20210504,180000,4.57,4.65,4.48,4.48,16773,0
BFLY-WS.US,60,20210504,190000,4.52,4.53,4.44,4.45,15011,0
BFLY-WS.US,60,20210504,200000,4.45,4.48,4.43,4.43,18521,0
BFLY-WS.US,60,20210504,210000,4.4799,4.59,4.4799,4.56,15079,0
BFLY-WS.US,60,20210504,220000,4.56,4.7684,4.56,4.7684,3600,0
BFLY-WS.US,60,20210505,160000,4.64,5.04,4.5701,4.83,10716,0
BFLY-WS.US,60,20210505,170000,4.61,4.7495,4.61,4.7303,1810,0
BFLY-WS.US,60,20210505,180000,4.73,4.75,4.72,4.72,1500,0
BFLY-WS.US,60,20210505,190000,4.747,4.75,4.67,4.75,2055,0
BFLY-WS.US,60,20210505,200000,4.69,4.77,4.69,4.77,994,0
BFLY-WS.US,60,20210505,210000,4.72,4.72,4.72,4.72,100,0
BFLY-WS.US,60,20210505,220000,4.68,4.68,4.55,4.65,8572,0
BFLY-WS.US,60,20210506,160000,4.53,4.53,4.15,4.2534,12715,0
BFLY-WS.US,60,20210506,170000,4.23,4.24,3.96,4.1,46190,0
BFLY-WS.US,60,20210506,180000,4.1,4.175,3.99,4.1,56008,0
BFLY-WS.US,60,20210506,190000,4.09,4.16,4.085,4.1499,15321,0
BFLY-WS.US,60,20210506,200000,4.12,4.12,3.95,3.95,28644,0
BFLY-WS.US,60,20210506,210000,4.03,4.03,3.73,3.85,16934,0
BFLY-WS.US,60,20210506,220000,3.85,3.99,3.84,3.9899,14785,0
BFLY-WS.US,60,20210507,160000,3.95,4.1499,3.95,4.13,850,0
BFLY-WS.US,60,20210507,170000,4.1496,4.39,4.101,4.25,18978,0
BFLY-WS.US,60,20210507,180000,4.3,4.3,4.19,4.2,6846,0
BFLY-WS.US,60,20210507,190000,4.1004,4.1504,4.08,4.11,1266,0
BFLY-WS.US,60,20210507,200000,4.16,4.16,4,4.08,3790,0
BFLY-WS.US,60,20210507,210000,4.05,4.14,4.05,4.06,2221,0
BFLY-WS.US,60,20210507,220000,4.06,4.07,4,4.05,3096,0
BFLY-WS.US,60,20210510,160000,4.05,4.05,3.55,3.55,5749,0
BFLY-WS.US,60,20210510,170000,3.7799,3.7799,3.39,3.6,16093,0
BFLY-WS.US,60,20210510,180000,3.6,3.7,3.53,3.66,11894,0
BFLY-WS.US,60,20210510,190000,3.73,3.75,3.73,3.75,1303,0
BFLY-WS.US,60,20210510,200000,3.75,3.75,3.45,3.5,33425,0
BFLY-WS.US,60,20210510,210000,3.56,3.64,3.5,3.61,11553,0
BFLY-WS.US,60,20210510,220000,3.6,3.62,3.49,3.4907,10501,0
BFLY-WS.US,60,20210511,160000,3.27,3.27,2.95,3.2399,26168,0
BFLY-WS.US,60,20210511,170000,3.1899,3.1899,2.99,3.115,11881,0
BFLY-WS.US,60,20210511,180000,3.12,3.15,3.08,3.1,7658,0
BFLY-WS.US,60,20210511,190000,3.15,3.15,3,3.0499,11039,0
BFLY-WS.US,60,20210511,200000,3.0599,3.31,3.03,3.13,17315,0
BFLY-WS.US,60,20210511,210000,3.2,3.3,3.11,3.12,4550,0
BFLY-WS.US,60,20210511,220000,3.13,3.275,3.12,3.24,12311,0
BFLY-WS.US,60,20210512,160000,3.4,3.51,3.33,3.48,3854,0
BFLY-WS.US,60,20210512,170000,3.45,3.655,3.4,3.4,12952,0
BFLY-WS.US,60,20210512,180000,3.435,3.435,3.26,3.26,5100,0
BFLY-WS.US,60,20210512,190000,3.21,3.21,3.13,3.201,12600,0
BFLY-WS.US,60,20210512,200000,3.26,3.7,3.26,3.58,43180,0
BFLY-WS.US,60,20210512,210000,3.62,3.65,3.51,3.585,4410,0
BFLY-WS.US,60,20210512,220000,3.51,3.51,3.47,3.48,1503,0
BFLY-WS.US,60,20210513,160000,3.75,3.75,3.22,3.2457,9200,0
BFLY-WS.US,60,20210513,170000,3.25,3.25,3.05,3.075,36155,0
BFLY-WS.US,60,20210513,180000,3.06,3.19,3.05,3.11,41290,0
BFLY-WS.US,60,20210513,190000,3.11,3.1222,2.29,2.4697,107346,0
BFLY-WS.US,60,20210513,200000,2.42,2.61,2.31,2.34,97384,0
BFLY-WS.US,60,20210513,210000,2.35,2.699,2.345,2.64,31892,0
BFLY-WS.US,60,20210513,220000,2.62,2.6799,2.55,2.67,32590,0
BFLY-WS.US,60,20210514,160000,2.76,2.94,2.5,2.876,11782,0
BFLY-WS.US,60,20210514,170000,2.8,2.835,2.7401,2.82,1045,0
BFLY-WS.US,60,20210514,180000,2.85,2.95,2.75,2.9299,10382,0
BFLY-WS.US,60,20210514,190000,2.87,2.87,2.8,2.8,1499,0
BFLY-WS.US,60,20210514,200000,2.86,2.87,2.845,2.87,2108,0
BFLY-WS.US,60,20210514,210000,2.8899,2.89,2.87,2.885,804,0
BFLY-WS.US,60,20210514,220000,2.87,2.91,2.84,2.9,11744,0
BFLY-WS.US,60,20210517,160000,2.86,2.9,2.71,2.77,7218,0
BFLY-WS.US,60,20210517,170000,2.77,2.96,2.75,2.96,14400,0
BFLY-WS.US,60,20210517,180000,3,3,2.75,2.769,7229,0
BFLY-WS.US,60,20210517,190000,2.75,2.81,2.74,2.76,2870,0
BFLY-WS.US,60,20210517,200000,2.75,2.75,2.6,2.6,18679,0
BFLY-WS.US,60,20210517,210000,2.65,2.65,2.46,2.5,10304,0
BFLY-WS.US,60,20210517,220000,2.54,2.63,2.54,2.5501,1633,0
BFLY-WS.US,60,20210518,160000,2.81,2.88,2.81,2.878,3016,0
BFLY-WS.US,60,20210518,170000,2.83,2.85,2.7,2.75,8950,0
BFLY-WS.US,60,20210518,180000,2.84,2.9,2.75,2.8,9280,0
BFLY-WS.US,60,20210518,190000,2.83,2.97,2.83,2.83,4721,0
BFLY-WS.US,60,20210518,200000,2.87,2.87,2.83,2.83,517,0
BFLY-WS.US,60,20210518,210000,2.8,2.85,2.76,2.76,5368,0
BFLY-WS.US,60,20210518,220000,2.76,2.8,2.76,2.79,7500,0
BFLY-WS.US,60,20210519,160000,2.7,2.7,2.65,2.675,650,0
BFLY-WS.US,60,20210519,170000,2.675,2.72,2.65,2.7,5851,0
BFLY-WS.US,60,20210519,180000,2.75,2.87,2.7482,2.87,3399,0
BFLY-WS.US,60,20210519,190000,2.8899,2.89,2.875,2.88,9150,0
BFLY-WS.US,60,20210519,200000,2.86,2.88,2.8,2.86,4158,0
BFLY-WS.US,60,20210519,210000,2.7801,2.7801,2.7801,2.7801,1500,0
BFLY-WS.US,60,20210519,220000,2.78,2.86,2.78,2.78,5893,0
BFLY-WS.US,60,20210520,160000,2.9,3.05,2.9,3,5302,0
BFLY-WS.US,60,20210520,170000,2.9699,3.02,2.95,2.978,2450,0
BFLY-WS.US,60,20210520,180000,2.9701,3,2.9701,2.98,9414,0
BFLY-WS.US,60,20210520,190000,2.9,2.9,2.8,2.8,1833,0
BFLY-WS.US,60,20210520,200000,2.8201,2.8201,2.585,2.71,32547,0
BFLY-WS.US,60,20210520,210000,2.71,2.76,2.65,2.76,7087,0
BFLY-WS.US,60,20210520,220000,2.72,2.8,2.72,2.78,3850,0
BFLY-WS.US,60,20210521,160000,2.87,2.97,2.75,2.8507,4516,0
BFLY-WS.US,60,20210521,170000,2.85,2.94,2.77,2.77,5532,0
BFLY-WS.US,60,20210521,180000,2.835,2.835,2.835,2.835,166,0
BFLY-WS.US,60,20210521,190000,2.8,2.8,2.8,2.8,100,0
BFLY-WS.US,60,20210521,200000,2.8,2.9199,2.8,2.9199,1162,0
BFLY-WS.US,60,20210521,210000,2.929,3,2.85,3,2537,0
BFLY-WS.US,60,20210521,220000,3,3,2.85,2.85,1998,0
BFLY-WS.US,60,20210524,160000,2.93,3.12,2.92,2.94,11250,0
BFLY-WS.US,60,20210524,170000,2.98,2.99,2.95,2.95,8173,0
BFLY-WS.US,60,20210524,180000,2.99,3.08,2.96,2.99,5505,0
BFLY-WS.US,60,20210524,190000,2.99,3.02,2.96,2.96,5521,0
BFLY-WS.US,60,20210524,200000,2.96,2.96,2.96,2.96,100,0
BFLY-WS.US,60,20210524,210000,2.98,3,2.91,3,2302,0
BFLY-WS.US,60,20210524,220000,3,3.0626,2.91,2.91,6813,0
BFLY-WS.US,60,20210525,160000,3.19,3.19,3.05,3.1581,6116,0
BFLY-WS.US,60,20210525,170000,3.02,3.05,2.96,2.97,2100,0
BFLY-WS.US,60,20210525,180000,3.02,3.21,2.96,2.96,8487,0
BFLY-WS.US,60,20210525,190000,3.015,3.025,2.97,3,700,0
BFLY-WS.US,60,20210525,200000,3,3,2.97,2.985,2602,0
BFLY-WS.US,60,20210525,210000,2.985,3,2.97,2.98,1200,0
BFLY-WS.US,60,20210525,220000,2.99,3.01,2.95,2.95,9539,0
BFLY-WS.US,60,20210526,160000,2.9,2.9001,2.9,2.9001,716,0
BFLY-WS.US,60,20210526,170000,3,3.0007,2.9,2.93,5938,0
BFLY-WS.US,60,20210526,180000,2.92,3.07,2.92,2.9983,6298,0
BFLY-WS.US,60,20210526,190000,3,3.11,3,3.02,3116,0
BFLY-WS.US,60,20210526,200000,3.04,3.1392,3,3.06,6775,0
BFLY-WS.US,60,20210526,210000,3.06,3.1612,3.06,3.06,19706,0
BFLY-WS.US,60,20210526,220000,3.07,3.2,3.02,3.04,12914,0
BFLY-WS.US,60,20210527,160000,3.2,3.38,3.2,3.38,4300,0
BFLY-WS.US,60,20210527,170000,3.2701,3.3,3.2,3.3,17210,0
BFLY-WS.US,60,20210527,180000,3.25,3.25,3.24,3.25,1737,0
BFLY-WS.US,60,20210527,190000,3.24,3.25,3.24,3.24,4230,0
BFLY-WS.US,60,20210527,200000,3.24,3.3491,3.2,3.27,8374,0
BFLY-WS.US,60,20210527,210000,3.27,3.27,3.24,3.24,4136,0
BFLY-WS.US,60,20210527,220000,3.23,3.35,3.2,3.35,12825,0
BFLY-WS.US,60,20210528,160000,3.66,3.66,3.4234,3.64,9350,0
BFLY-WS.US,60,20210528,170000,3.64,3.75,3.51,3.5999,15121,0
BFLY-WS.US,60,20210528,180000,3.55,3.5799,3.5,3.502,4302,0
BFLY-WS.US,60,20210528,190000,3.5,3.55,3.49,3.49,1021,0
BFLY-WS.US,60,20210528,200000,3.51,3.55,3.4,3.4,3364,0
BFLY-WS.US,60,20210528,210000,3.44,3.54,3.44,3.47,4417,0
BFLY-WS.US,60,20210528,220000,3.47,3.51,3.47,3.48,7242,0
BFLY-WS.US,60,20210601,160000,3.78,3.8099,3.65,3.65,12262,0
BFLY-WS.US,60,20210601,170000,3.65,3.68,3.6,3.65,2424,0
BFLY-WS.US,60,20210601,180000,3.6999,3.75,3.65,3.75,5768,0
BFLY-WS.US,60,20210601,190000,3.74,3.82,3.71,3.78,8088,0
BFLY-WS.US,60,20210601,200000,3.76,3.95,3.76,3.95,11341,0
BFLY-WS.US,60,20210601,210000,3.95,3.99,3.95,3.98,3789,0
BFLY-WS.US,60,20210601,220000,3.99,3.99,3.7,3.77,12727,0
BFLY-WS.US,60,20210602,160000,3.9599,3.9599,3.9107,3.9107,1700,0
BFLY-WS.US,60,20210602,170000,3.76,3.8278,3.7,3.7,4526,0
BFLY-WS.US,60,20210602,180000,3.75,3.8689,3.7,3.76,4898,0
BFLY-WS.US,60,20210602,190000,3.72,3.79,3.7,3.7,4265,0
BFLY-WS.US,60,20210602,200000,3.7,3.98,3.7,3.89,9715,0
BFLY-WS.US,60,20210602,210000,3.89,3.95,3.78,3.78,3600,0
BFLY-WS.US,60,20210602,220000,3.77,4,3.77,4,7665,0
BFLY-WS.US,60,20210603,160000,3.9001,4.01,3.71,3.83,6882,0
BFLY-WS.US,60,20210603,170000,3.82,4.13,3.77,4.095,9221,0
BFLY-WS.US,60,20210603,180000,4.0837,4.24,4,4.18,19492,0
BFLY-WS.US,60,20210603,190000,4.18,4.35,4.18,4.18,10896,0
BFLY-WS.US,60,20210603,200000,4.19,4.25,4.02,4.02,13600,0
BFLY-WS.US,60,20210603,210000,4.02,4.09,4,4,2875,0
BFLY-WS.US,60,20210603,220000,4,4.12,3.95,4,4018,0
BFLY-WS.US,60,20210604,160000,4.15,4.1999,4.15,4.16,1720,0
BFLY-WS.US,60,20210604,170000,4.02,4.0707,3.9363,3.9897,5700,0
BFLY-WS.US,60,20210604,180000,4.01,4.19,4.01,4.1747,6300,0
BFLY-WS.US,60,20210604,190000,4.15,4.1634,4.15,4.1634,4800,0
BFLY-WS.US,60,20210604,200000,4.135,4.25,4.11,4.244,10739,0
BFLY-WS.US,60,20210604,210000,4.25,4.25,4.22,4.25,3294,0
BFLY-WS.US,60,20210604,220000,4.3,4.3,4.23,4.24,3828,0
BFLY-WS.US,60,20210607,160000,4.16,4.36,4.16,4.315,1614,0
BFLY-WS.US,60,20210607,170000,4.25,4.35,4.2301,4.34,26167,0
BFLY-WS.US,60,20210607,180000,4.35,4.5,4.33,4.42,33525,0
BFLY-WS.US,60,20210607,190000,4.47,4.565,4.45,4.565,8986,0
BFLY-WS.US,60,20210607,200000,4.575,4.6,4.55,4.59,5088,0
BFLY-WS.US,60,20210607,210000,4.575,4.77,4.57,4.76,14751,0
BFLY-WS.US,60,20210607,220000,4.73,4.95,4.69,4.8,23551,0
BFLY-WS.US,60,20210608,160000,4.52,4.52,4.31,4.38,27134,0
BFLY-WS.US,60,20210608,170000,4.38,4.66,4.38,4.57,8100,0
BFLY-WS.US,60,20210608,180000,4.5921,4.5921,4.31,4.49,8012,0
BFLY-WS.US,60,20210608,190000,4.5,4.7999,4.5,4.7999,5364,0
BFLY-WS.US,60,20210608,200000,4.73,4.93,4.71,4.93,16377,0
BFLY-WS.US,60,20210608,210000,4.885,5.05,4.816,5.04,16154,0
BFLY-WS.US,60,20210608,220000,5,5.25,5,5.1,19184,0
BFLY-WS.US,60,20210609,160000,5.01,5.01,4.69,4.83,7421,0
BFLY-WS.US,60,20210609,170000,4.73,4.8,4.6609,4.7997,12513,0
BFLY-WS.US,60,20210609,180000,4.9193,5.07,4.8147,4.8147,5520,0
BFLY-WS.US,60,20210609,190000,4.8,4.94,4.7,4.9289,7661,0
BFLY-WS.US,60,20210609,200000,4.895,4.895,4.81,4.81,2731,0
BFLY-WS.US,60,20210609,210000,4.81,5,4.78,4.96,9678,0
BFLY-WS.US,60,20210609,220000,4.96,5.02,4.8,4.8701,7914,0
BFLY-WS.US,60,20210610,160000,5,5,5,5,100,0
BFLY-WS.US,60,20210610,170000,4.74,4.74,4.66,4.66,3395,0
BFLY-WS.US,60,20210610,180000,4.615,4.65,4.6,4.6,2416,0
BFLY-WS.US,60,20210610,190000,4.7401,4.94,4.7401,4.76,6684,0
BFLY-WS.US,60,20210610,200000,4.91,5.01,4.89,5,36784,0
BFLY-WS.US,60,20210610,210000,5,5.05,4.95,5.0499,5999,0
BFLY-WS.US,60,20210610,220000,4.9899,5.01,4.98,4.98,21030,0
BFLY-WS.US,60,20210611,160000,4.74,4.84,4.6101,4.84,2092,0
BFLY-WS.US,60,20210611,170000,4.73,4.9652,4.73,4.9652,2050,0
BFLY-WS.US,60,20210611,180000,4.91,4.91,4.77,4.82,8600,0
BFLY-WS.US,60,20210611,190000,4.82,5.04,4.81,4.87,6117,0
BFLY-WS.US,60,20210611,200000,4.85,4.91,4.77,4.9,17945,0
BFLY-WS.US,60,20210611,210000,4.89,4.91,4.781,4.85,11267,0
BFLY-WS.US,60,20210611,220000,4.86,4.93,4.86,4.91,7485,0
BFLY-WS.US,60,20210614,160000,4.8,4.91,4.8,4.82,1870,0
BFLY-WS.US,60,20210614,170000,4.82,4.89,4.82,4.84,7150,0
BFLY-WS.US,60,20210614,180000,4.8301,4.85,4.78,4.8402,21398,0
BFLY-WS.US,60,20210614,190000,4.84,4.87,4.84,4.84,1510,0
BFLY-WS.US,60,20210614,200000,4.83,4.8305,4.77,4.8101,1909,0
BFLY-WS.US,60,20210614,210000,4.75,4.76,4.68,4.73,10470,0
BFLY-WS.US,60,20210614,220000,4.8199,4.8199,4.8199,4.8199,600,0
BFLY-WS.US,60,20210615,160000,4.71,4.87,4.5316,4.87,1800,0
BFLY-WS.US,60,20210615,170000,4.65,4.6616,4.44,4.46,12336,0
BFLY-WS.US,60,20210615,180000,4.46,4.4801,4.4,4.4801,7266,0
BFLY-WS.US,60,20210615,190000,4.4899,4.4899,4.4899,4.4899,100,0
BFLY-WS.US,60,20210615,200000,4.49,4.655,4.45,4.56,8912,0
BFLY-WS.US,60,20210615,210000,4.55,4.6,4.54,4.6,4726,0
BFLY-WS.US,60,20210615,220000,4.6,4.61,4.525,4.59,6144,0
BFLY-WS.US,60,20210616,160000,4.35,4.5,4.25,4.2501,6011,0
BFLY-WS.US,60,20210616,170000,4.2,4.51,4.16,4.51,9170,0
BFLY-WS.US,60,20210616,180000,4.45,4.9523,4.45,4.845,50844,0
BFLY-WS.US,60,20210616,190000,4.87,4.995,4.64,4.68,2700,0
BFLY-WS.US,60,20210616,200000,4.6901,4.8,4.57,4.8,5925,0
BFLY-WS.US,60,20210616,210000,4.76,4.8,4.62,4.6205,10273,0
BFLY-WS.US,60,20210616,220000,4.7091,4.8225,4.53,4.56,13117,0
BFLY-WS.US,60,20210617,160000,4.72,4.72,4.58,4.6201,3900,0
BFLY-WS.US,60,20210617,170000,4.66,4.735,4.57,4.6,26753,0
BFLY-WS.US,60,20210617,180000,4.61,4.61,4.49,4.55,32699,0
BFLY-WS.US,60,20210617,190000,4.49,4.49,4.49,4.49,15502,0
BFLY-WS.US,60,20210617,200000,4.45,4.5005,4.45,4.5005,333,0
BFLY-WS.US,60,20210617,210000,4.52,4.7,4.49,4.69,4488,0
BFLY-WS.US,60,20210617,220000,4.7,4.82,4.7,4.8,10300,0
BFLY-WS.US,60,20210618,160000,4.7,4.7001,4.62,4.62,1450,0
BFLY-WS.US,60,20210618,170000,4.63,4.81,4.63,4.8,6000,0
BFLY-WS.US,60,20210618,180000,4.65,4.66,4.65,4.66,7126,0
BFLY-WS.US,60,20210618,190000,4.69,4.71,4.62,4.64,3773,0
BFLY-WS.US,60,20210618,200000,4.62,4.64,4.44,4.44,2972,0
BFLY-WS.US,60,20210618,210000,4.44,4.52,4.35,4.42,3780,0
BFLY-WS.US,60,20210618,220000,4.43,4.55,4.39,4.55,4579,0
BFLY-WS.US,60,20210621,160000,4.9499,4.9499,4.46,4.8721,5000,0
BFLY-WS.US,60,20210621,170000,4.86,4.995,4.79,4.908,26464,0
BFLY-WS.US,60,20210621,180000,4.91,5.12,4.875,5.12,14419,0
BFLY-WS.US,60,20210621,190000,5.13,5.28,5.0501,5.06,38059,0
BFLY-WS.US,60,20210621,200000,5.05,5.11,4.83,5.05,15556,0
BFLY-WS.US,60,20210621,210000,5.07,5.1,4.93,5,6803,0
BFLY-WS.US,60,20210621,220000,4.955,5.25,4.65,5.03,38792,0
BFLY-WS.US,60,20210622,160000,4.76,4.79,4.55,4.5501,8052,0
BFLY-WS.US,60,20210622,170000,4.5675,4.675,4.45,4.5,79947,0
BFLY-WS.US,60,20210622,180000,4.59,4.59,4.48,4.5,4833,0
BFLY-WS.US,60,20210622,190000,4.48,4.62,4.46,4.59,18458,0
BFLY-WS.US,60,20210622,200000,4.56,4.61,4.47,4.48,3362,0
BFLY-WS.US,60,20210622,210000,4.48,4.61,4.38,4.43,103519,0
BFLY-WS.US,60,20210622,220000,4.43,4.58,4.4,4.5,9297,0
BFLY-WS.US,60,20210623,160000,4.55,4.55,4.39,4.495,6312,0
BFLY-WS.US,60,20210623,170000,4.54,4.6,4.48,4.48,4024,0
BFLY-WS.US,60,20210623,180000,4.45,4.45,4.4399,4.4399,2000,0
BFLY-WS.US,60,20210623,190000,4.44,4.44,4.39,4.3901,20850,0
BFLY-WS.US,60,20210623,200000,4.43,4.48,4.43,4.48,3700,0
BFLY-WS.US,60,20210623,210000,4.6,4.6,4.47,4.55,23686,0
BFLY-WS.US,60,20210623,220000,4.55,4.65,4.525,4.525,11981,0
BFLY-WS.US,60,20210624,160000,4.51,4.51,4.45,4.4999,4100,0
BFLY-WS.US,60,20210624,170000,4.41,4.46,4.28,4.4199,19962,0
BFLY-WS.US,60,20210624,180000,4.4,4.41,4.35,4.4,28493,0
BFLY-WS.US,60,20210624,190000,4.4,4.44,4.37,4.4,46620,0
BFLY-WS.US,60,20210624,200000,4.4,4.4201,4.37,4.42,231254,0
BFLY-WS.US,60,20210624,210000,4.42,4.45,4.4,4.43,4710,0
BFLY-WS.US,60,20210624,220000,4.44,4.5,4.43,4.43,5002,0
BFLY-WS.US,60,20210625,160000,4.43,4.54,4.35,4.4,10745,0
BFLY-WS.US,60,20210625,170000,4.35,4.5,4.35,4.4992,22254,0
BFLY-WS.US,60,20210625,180000,4.48,4.5,4.48,4.4901,1500,0
BFLY-WS.US,60,20210625,190000,4.51,4.64,4.51,4.62,8519,0
BFLY-WS.US,60,20210625,200000,4.62,4.62,4.62,4.62,1045,0
BFLY-WS.US,60,20210625,210000,4.61,4.73,4.61,4.73,5198,0
BFLY-WS.US,60,20210625,220000,4.6701,4.8,4.6,4.76,9966,0
BFLY-WS.US,60,20210628,160000,4.99,4.99,4.61,4.66,7930,0
BFLY-WS.US,60,20210628,170000,4.69,4.7,4.63,4.67,3553,0
BFLY-WS.US,60,20210628,180000,4.67,4.84,4.67,4.78,2436,0
BFLY-WS.US,60,20210628,190000,4.68,4.76,4.65,4.75,2494,0
BFLY-WS.US,60,20210628,200000,4.85,4.85,4.82,4.84,2400,0
BFLY-WS.US,60,20210628,210000,4.79,4.79,4.685,4.685,877,0
BFLY-WS.US,60,20210628,220000,4.69,4.69,4.68,4.6801,1600,0
BFLY-WS.US,60,20210629,160000,4.68,4.8,4.68,4.6901,1350,0
BFLY-WS.US,60,20210629,170000,4.75,4.75,4.7,4.75,4679,0
BFLY-WS.US,60,20210629,180000,4.755,4.76,4.6201,4.63,4591,0
BFLY-WS.US,60,20210629,190000,4.7,4.8116,4.7,4.72,2401,0
BFLY-WS.US,60,20210629,200000,4.8399,4.84,4.72,4.72,4347,0
BFLY-WS.US,60,20210629,210000,4.72,4.72,4.63,4.63,335,0
BFLY-WS.US,60,20210630,160000,4.73,4.7499,4.5,4.7499,400,0
BFLY-WS.US,60,20210630,170000,4.73,4.815,4.73,4.7399,2900,0
BFLY-WS.US,60,20210630,180000,4.81,5.12,4.72,5.08,28790,0
BFLY-WS.US,60,20210630,190000,4.9,4.96,4.82,4.91,6450,0
BFLY-WS.US,60,20210630,200000,4.85,4.85,4.75,4.79,15716,0
BFLY-WS.US,60,20210630,210000,4.78,4.825,4.78,4.79,11829,0
BFLY-WS.US,60,20210630,220000,4.79,4.9799,4.76,4.83,39326,0
BFLY-WS.US,60,20210701,160000,4.8,4.82,4.7301,4.7301,2297,0
BFLY-WS.US,60,20210701,170000,4.73,4.83,4.66,4.83,31250,0
BFLY-WS.US,60,20210701,180000,4.7,4.7,4.7,4.7,220,0
BFLY-WS.US,60,20210701,190000,4.7,4.8,4.7,4.7606,2962,0
BFLY-WS.US,60,20210701,200000,4.76,4.85,4.76,4.805,9062,0
BFLY-WS.US,60,20210701,210000,4.77,4.77,4.62,4.62,8679,0
BFLY-WS.US,60,20210701,220000,4.69,4.8,4.67,4.75,5841,0
BFLY-WS.US,60,20210702,160000,4.63,4.68,4.61,4.61,4535,0
BFLY-WS.US,60,20210702,170000,4.41,4.4101,4.08,4.11,32462,0
BFLY-WS.US,60,20210702,180000,4.08,4.22,4.05,4.185,25183,0
BFLY-WS.US,60,20210702,190000,4.205,4.205,4.1,4.1,8590,0
BFLY-WS.US,60,20210702,200000,4.1,4.25,3.93,3.93,50472,0
BFLY-WS.US,60,20210702,210000,3.93,4.11,3.93,4.085,45043,0
BFLY-WS.US,60,20210702,220000,4.08,4.34,4.07,4.34,4171,0
BFLY-WS.US,60,20210706,160000,4.43,4.43,4,4,900,0
BFLY-WS.US,60,20210706,170000,4.1,4.25,4.04,4.25,30725,0
BFLY-WS.US,60,20210706,180000,4.25,4.36,4.25,4.36,3798,0
BFLY-WS.US,60,20210706,190000,4.3231,4.3231,4.3,4.3,4400,0
BFLY-WS.US,60,20210706,200000,4.3001,4.31,4.3001,4.31,1300,0
BFLY-WS.US,60,20210706,210000,4.3,4.3,4.25,4.25,1727,0
BFLY-WS.US,60,20210706,220000,4.2201,4.26,4.2201,4.26,2578,0
BFLY-WS.US,60,20210707,160000,4.25,4.25,4.03,4.0763,12223,0
BFLY-WS.US,60,20210707,170000,4.04,4.04,3.9,3.9,1999,0
BFLY-WS.US,60,20210707,180000,3.915,4.01,3.915,4.01,10480,0
BFLY-WS.US,60,20210707,200000,4,4.025,4,4.025,1679,0
BFLY-WS.US,60,20210707,210000,4.01,4.01,3.77,3.81,9601,0
BFLY-WS.US,60,20210707,220000,3.81,3.85,3.7,3.8,13954,0
BFLY-WS.US,60,20210708,160000,3.52,3.91,3.52,3.9,10694,0
BFLY-WS.US,60,20210708,170000,3.9199,4.0099,3.9099,3.9693,24153,0
BFLY-WS.US,60,20210708,180000,3.965,4.12,3.965,4.12,4299,0
BFLY-WS.US,60,20210708,190000,4.1301,4.15,4.13,4.13,950,0
BFLY-WS.US,60,20210708,200000,4.1,4.1,4.06,4.06,5833,0
BFLY-WS.US,60,20210708,210000,4.07,4.13,3.97,4.01,5704,0
BFLY-WS.US,60,20210708,220000,4.02,4.0999,3.83,3.84,14128,0
BFLY-WS.US,60,20210709,170000,4.01,4.01,3.92,3.92,1950,0
BFLY-WS.US,60,20210709,180000,3.91,3.9999,3.91,3.91,3831,0
BFLY-WS.US,60,20210709,190000,3.95,4.02,3.91,3.94,6364,0
BFLY-WS.US,60,20210709,200000,3.94,3.96,3.91,3.91,3373,0
BFLY-WS.US,60,20210709,210000,3.91,3.9101,3.85,3.85,6749,0
BFLY-WS.US,60,20210709,220000,3.86,3.9591,3.83,3.86,4064,0
