<TICKER>,<PER>,<DATE>,<TIME>,<OPEN>,<HIGH>,<LOW>,<CLOSE>,<VOL>,<OPENINT>
FTAI.US,60,20200914,160000,15.532,15.714,15.532,15.688,6677,0
FTAI.US,60,20200914,170000,15.717,15.746,15.688,15.736,3982,0
FTAI.US,60,20200914,180000,15.688,15.97,15.679,15.863,43107,0
FTAI.US,60,20200914,190000,15.841,16.115,15.841,16.018,39223,0
FTAI.US,60,20200914,200000,16.028,16.192,15.96,16.095,56095,0
FTAI.US,60,20200914,210000,16.125,16.164,16.018,16.077,8804,0
FTAI.US,60,20200914,220000,16.095,16.095,15.97,15.97,42841,0
FTAI.US,60,20200915,160000,16.047,16.095,15.911,15.931,18338,0
FTAI.US,60,20200915,170000,15.911,15.985,15.844,15.863,15132,0
FTAI.US,60,20200915,180000,15.863,15.938,15.824,15.863,19483,0
FTAI.US,60,20200915,190000,15.843,15.911,15.824,15.901,12027,0
FTAI.US,60,20200915,200000,15.911,15.921,15.843,15.853,14516,0
FTAI.US,60,20200915,210000,15.865,15.911,15.863,15.863,9704,0
FTAI.US,60,20200915,220000,15.863,15.96,15.776,15.94,113041,0
FTAI.US,60,20200916,160000,15.94,16.018,15.863,15.883,8098,0
FTAI.US,60,20200916,170000,15.944,16.251,15.873,16.192,47580,0
FTAI.US,60,20200916,180000,16.222,16.494,16.183,16.377,35652,0
FTAI.US,60,20200916,190000,16.406,16.455,16.358,16.367,10676,0
FTAI.US,60,20200916,200000,16.358,16.367,16.29,16.319,24995,0
FTAI.US,60,20200916,210000,16.358,16.474,16.261,16.319,29586,0
FTAI.US,60,20200916,220000,16.319,16.474,16.294,16.446,104797,0
FTAI.US,60,20200917,160000,16.261,16.337,16.157,16.299,3459,0
FTAI.US,60,20200917,170000,16.367,16.64,16.339,16.523,24062,0
FTAI.US,60,20200917,180000,16.533,16.581,16.436,16.474,10625,0
FTAI.US,60,20200917,190000,16.46,16.474,16.232,16.377,12346,0
FTAI.US,60,20200917,200000,16.406,16.474,16.299,16.348,9180,0
FTAI.US,60,20200917,210000,16.377,16.543,16.367,16.367,17020,0
FTAI.US,60,20200917,220000,16.377,16.377,16.319,16.377,35631,0
FTAI.US,60,20200918,160000,16.319,16.377,16.174,16.174,2254,0
FTAI.US,60,20200918,170000,16.164,16.367,16.105,16.261,27105,0
FTAI.US,60,20200918,180000,16.377,16.387,16.299,16.299,10356,0
FTAI.US,60,20200918,190000,16.29,16.339,16.067,16.067,9766,0
FTAI.US,60,20200918,200000,16.125,16.261,16.105,16.125,9632,0
FTAI.US,60,20200918,210000,16.164,16.183,16.135,16.183,6406,0
FTAI.US,60,20200918,220000,16.222,16.28,16.144,16.174,22369,0
FTAI.US,60,20200921,160000,15.776,15.804,15.542,15.629,13434,0
FTAI.US,60,20200921,170000,15.615,15.629,15.246,15.532,37057,0
FTAI.US,60,20200921,180000,15.504,15.552,15.417,15.513,49061,0
FTAI.US,60,20200921,190000,15.471,15.562,15.348,15.368,20832,0
FTAI.US,60,20200921,200000,15.368,15.552,15.338,15.494,19386,0
FTAI.US,60,20200921,210000,15.504,15.542,15.475,15.542,11356,0
FTAI.US,60,20200921,220000,15.572,15.717,15.542,15.61,16063,0
FTAI.US,60,20200922,160000,15.707,15.863,15.688,15.824,4867,0
FTAI.US,60,20200922,170000,15.761,15.833,15.532,15.552,3720,0
FTAI.US,60,20200922,180000,15.523,15.572,15.478,15.552,8264,0
FTAI.US,60,20200922,190000,15.591,15.61,15.465,15.523,11196,0
FTAI.US,60,20200922,200000,15.532,15.658,15.465,15.658,8754,0
FTAI.US,60,20200922,210000,15.639,15.776,15.639,15.756,10730,0
FTAI.US,60,20200922,220000,15.756,15.785,15.62,15.669,29424,0
FTAI.US,60,20200923,160000,15.659,15.873,15.659,15.766,8966,0
FTAI.US,60,20200923,170000,15.736,15.736,15.494,15.494,10112,0
FTAI.US,60,20200923,180000,15.513,15.513,15.213,15.32,20581,0
FTAI.US,60,20200923,190000,15.31,15.537,15.31,15.465,37033,0
FTAI.US,60,20200923,200000,15.465,15.475,15.328,15.338,13748,0
FTAI.US,60,20200923,210000,15.348,15.363,15.173,15.29,38624,0
FTAI.US,60,20200923,220000,15.28,15.31,15.203,15.231,43985,0
FTAI.US,60,20200924,160000,15.222,15.222,14.806,14.96,5962,0
FTAI.US,60,20200924,170000,15.086,15.106,14.938,14.948,9581,0
FTAI.US,60,20200924,180000,14.96,15.047,14.872,15.018,50129,0
FTAI.US,60,20200924,190000,15.047,15.28,15.047,15.28,6517,0
FTAI.US,60,20200924,200000,15.29,15.523,15.29,15.46,10496,0
FTAI.US,60,20200924,210000,15.47,15.475,15.222,15.251,11443,0
FTAI.US,60,20200924,220000,15.231,15.231,15.057,15.183,31437,0
FTAI.US,60,20200925,160000,15.028,15.377,15.028,15.377,8097,0
FTAI.US,60,20200925,170000,15.348,15.629,15.251,15.601,17526,0
FTAI.US,60,20200925,180000,15.601,15.62,15.513,15.523,8698,0
FTAI.US,60,20200925,190000,15.542,15.722,15.542,15.698,8680,0
FTAI.US,60,20200925,200000,15.698,15.746,15.562,15.562,17368,0
FTAI.US,60,20200925,210000,15.547,15.688,15.542,15.62,10220,0
FTAI.US,60,20200925,220000,15.629,15.727,15.601,15.61,19116,0
FTAI.US,60,20200928,160000,15.873,16.154,15.873,16.105,13312,0
FTAI.US,60,20200928,170000,16.178,16.246,16.135,16.164,24417,0
FTAI.US,60,20200928,180000,16.202,16.222,16.144,16.212,17886,0
FTAI.US,60,20200928,190000,16.196,16.246,16.183,16.212,17929,0
FTAI.US,60,20200928,200000,16.202,16.202,16.047,16.082,4257,0
FTAI.US,60,20200928,210000,16.086,16.125,16.028,16.105,16751,0
FTAI.US,60,20200928,220000,16.09,16.125,16.028,16.047,48159,0
FTAI.US,60,20200929,160000,16.086,16.086,15.833,16.057,39226,0
FTAI.US,60,20200929,170000,16.086,16.125,15.877,16.047,14083,0
FTAI.US,60,20200929,180000,16.057,16.271,16.038,16.183,76886,0
FTAI.US,60,20200929,190000,16.192,16.28,16.174,16.197,17063,0
FTAI.US,60,20200929,200000,16.212,16.377,16.188,16.29,167936,0
FTAI.US,60,20200929,210000,16.319,16.406,16.299,16.396,134206,0
FTAI.US,60,20200929,220000,16.396,16.64,16.387,16.561,122470,0
FTAI.US,60,20200930,160000,16.698,16.795,16.561,16.601,86268,0
FTAI.US,60,20200930,170000,16.658,16.698,16.446,16.446,24115,0
FTAI.US,60,20200930,180000,16.455,16.455,16.309,16.358,15954,0
FTAI.US,60,20200930,190000,16.358,16.552,16.309,16.474,30063,0
FTAI.US,60,20200930,200000,16.464,16.795,16.446,16.64,155065,0
FTAI.US,60,20200930,210000,16.668,16.751,16.533,16.658,162453,0
FTAI.US,60,20200930,220000,16.65,16.663,16.523,16.63,80343,0
FTAI.US,60,20201001,160000,16.658,16.921,16.591,16.882,30563,0
FTAI.US,60,20201001,170000,16.843,17.028,16.765,16.895,309310,0
FTAI.US,60,20201001,180000,16.9,17.318,16.805,17.29,160828,0
FTAI.US,60,20201001,190000,17.29,17.29,17.037,17.14,43059,0
FTAI.US,60,20201001,200000,17.118,17.12,16.94,16.989,37086,0
FTAI.US,60,20201001,210000,16.989,17.009,16.775,16.979,31363,0
FTAI.US,60,20201001,220000,17.018,17.407,17.018,17.377,166500,0
FTAI.US,60,20201002,160000,16.843,17.106,16.659,17.044,19814,0
FTAI.US,60,20201002,170000,17.086,17.329,16.746,17.028,46972,0
FTAI.US,60,20201002,180000,17.025,17.251,17.025,17.086,30666,0
FTAI.US,60,20201002,190000,17.047,17.328,16.862,16.882,64966,0
FTAI.US,60,20201002,200000,16.921,17.066,16.79,16.891,54894,0
FTAI.US,60,20201002,210000,16.931,17.144,16.931,17.081,13824,0
FTAI.US,60,20201002,220000,17.037,17.096,16.882,16.902,33127,0
FTAI.US,60,20201005,160000,17.057,17.407,16.921,16.979,33792,0
FTAI.US,60,20201005,170000,16.911,17.066,16.872,16.931,13517,0
FTAI.US,60,20201005,180000,16.892,16.923,16.834,16.902,26687,0
FTAI.US,60,20201005,190000,16.892,17.028,16.882,16.95,11549,0
FTAI.US,60,20201005,200000,16.959,17.125,16.959,17.018,17269,0
FTAI.US,60,20201005,210000,16.969,17.047,16.94,16.969,19232,0
FTAI.US,60,20201005,220000,16.979,17.037,16.902,16.921,25303,0
FTAI.US,60,20201006,160000,17.134,17.134,16.707,16.757,4338,0
FTAI.US,60,20201006,170000,16.717,16.795,16.494,16.548,18928,0
FTAI.US,60,20201006,180000,16.548,16.989,16.543,16.894,250625,0
FTAI.US,60,20201006,190000,16.916,17.106,16.902,17.028,97190,0
FTAI.US,60,20201006,200000,17.032,17.213,16.989,17.193,71571,0
FTAI.US,60,20201006,210000,17.213,17.213,16.765,16.877,112380,0
FTAI.US,60,20201006,220000,16.887,16.892,16.533,16.658,117614,0
FTAI.US,60,20201007,160000,16.979,17.213,16.869,17.096,61713,0
FTAI.US,60,20201007,170000,17.086,17.144,16.911,16.999,56036,0
FTAI.US,60,20201007,180000,17.012,17.207,16.999,17.168,49730,0
FTAI.US,60,20201007,190000,17.163,17.213,16.955,16.989,73122,0
FTAI.US,60,20201007,200000,16.989,17.066,16.94,16.969,106750,0
FTAI.US,60,20201007,210000,16.979,17.042,16.959,16.959,32728,0
FTAI.US,60,20201007,220000,16.979,17.009,16.843,16.931,46747,0
FTAI.US,60,20201008,160000,17.086,17.144,16.989,17.018,15007,0
FTAI.US,60,20201008,170000,16.999,17.134,16.872,16.984,32367,0
FTAI.US,60,20201008,180000,16.969,17.154,16.94,16.969,32161,0
FTAI.US,60,20201008,190000,16.969,17.106,16.969,17.086,31836,0
FTAI.US,60,20201008,200000,17.096,17.134,16.989,17.096,72741,0
FTAI.US,60,20201008,210000,17.086,17.086,16.969,17.047,42921,0
FTAI.US,60,20201008,220000,17.032,17.348,16.969,17.251,225125,0
FTAI.US,60,20201009,160000,17.231,17.348,16.989,17.052,26154,0
FTAI.US,60,20201009,170000,17.086,17.125,16.989,17.047,20559,0
FTAI.US,60,20201009,180000,17.009,17.213,16.999,17.159,75382,0
FTAI.US,60,20201009,190000,17.14,17.348,17.14,17.178,80701,0
FTAI.US,60,20201009,200000,17.178,17.193,17.018,17.023,18900,0
FTAI.US,60,20201009,210000,17.023,17.037,16.979,16.989,18601,0
FTAI.US,60,20201009,220000,16.979,16.999,16.902,16.95,41459,0
FTAI.US,60,20201012,160000,16.999,17.076,16.902,17.076,25329,0
FTAI.US,60,20201012,170000,17.018,17.115,16.834,16.911,19450,0
FTAI.US,60,20201012,180000,16.853,16.979,16.843,16.892,16770,0
FTAI.US,60,20201012,190000,16.892,16.911,16.805,16.862,13793,0
FTAI.US,60,20201012,200000,16.824,16.862,16.591,16.63,39428,0
FTAI.US,60,20201012,210000,16.688,16.843,16.658,16.712,35600,0
FTAI.US,60,20201012,220000,16.698,16.834,16.678,16.755,64498,0
FTAI.US,60,20201013,160000,16.61,16.649,16.571,16.629,14116,0
FTAI.US,60,20201013,170000,16.63,16.717,16.62,16.65,20054,0
FTAI.US,60,20201013,180000,16.628,16.707,16.62,16.707,24135,0
FTAI.US,60,20201013,190000,16.693,16.969,16.668,16.843,39271,0
FTAI.US,60,20201013,200000,16.889,17.018,16.824,16.824,31360,0
FTAI.US,60,20201013,210000,16.824,16.917,16.795,16.9,24709,0
FTAI.US,60,20201013,220000,16.907,16.911,16.735,16.746,52351,0
FTAI.US,60,20201014,160000,16.658,16.989,16.658,16.765,9388,0
FTAI.US,60,20201014,170000,16.813,16.815,16.688,16.765,7063,0
FTAI.US,60,20201014,180000,16.78,16.902,16.746,16.746,9130,0
FTAI.US,60,20201014,190000,16.737,16.816,16.737,16.77,6779,0
FTAI.US,60,20201014,200000,16.785,16.872,16.785,16.795,7595,0
FTAI.US,60,20201014,210000,16.805,16.814,16.707,16.746,8556,0
FTAI.US,60,20201014,220000,16.736,16.746,16.653,16.658,29954,0
FTAI.US,60,20201015,160000,16.503,16.64,16.367,16.556,30849,0
FTAI.US,60,20201015,170000,16.561,16.581,16.339,16.502,39820,0
FTAI.US,60,20201015,180000,16.474,16.737,16.474,16.668,11433,0
FTAI.US,60,20201015,190000,16.683,16.688,16.596,16.688,9278,0
FTAI.US,60,20201015,200000,16.673,16.862,16.668,16.862,9767,0
FTAI.US,60,20201015,210000,16.805,16.824,16.396,16.396,27567,0
FTAI.US,60,20201015,220000,16.464,16.698,16.441,16.513,103540,0
FTAI.US,60,20201016,160000,16.591,16.658,16.464,16.484,6627,0
FTAI.US,60,20201016,170000,16.485,16.658,16.348,16.367,19547,0
FTAI.US,60,20201016,180000,16.377,16.464,16.365,16.416,6686,0
FTAI.US,60,20201016,190000,16.484,16.494,16.367,16.406,15822,0
FTAI.US,60,20201016,200000,16.406,16.455,16.367,16.441,14261,0
FTAI.US,60,20201016,210000,16.406,16.561,16.367,16.561,23234,0
FTAI.US,60,20201016,220000,16.552,16.581,16.426,16.464,51475,0
FTAI.US,60,20201019,160000,16.484,16.775,16.464,16.737,16391,0
FTAI.US,60,20201019,170000,16.571,16.737,16.358,16.358,45936,0
FTAI.US,60,20201019,180000,16.396,16.396,16.212,16.339,58973,0
FTAI.US,60,20201019,190000,16.339,16.503,16.3,16.406,21784,0
FTAI.US,60,20201019,200000,16.387,16.396,16.222,16.299,6238,0
FTAI.US,60,20201019,210000,16.242,16.309,16.067,16.067,25936,0
FTAI.US,60,20201019,220000,16.047,16.115,15.892,15.921,34853,0
FTAI.US,60,20201020,160000,16.348,16.417,16.164,16.358,18699,0
FTAI.US,60,20201020,170000,16.358,16.358,16.095,16.271,64353,0
FTAI.US,60,20201020,180000,16.271,16.446,16.174,16.353,28278,0
FTAI.US,60,20201020,190000,16.339,16.455,16.271,16.367,29824,0
FTAI.US,60,20201020,200000,16.375,16.503,16.358,16.489,37458,0
FTAI.US,60,20201020,210000,16.503,16.561,16.455,16.484,17015,0
FTAI.US,60,20201020,220000,16.464,16.474,16.222,16.261,89835,0
FTAI.US,60,20201021,160000,16.309,16.339,16.095,16.248,13155,0
FTAI.US,60,20201021,170000,16.28,16.339,16.232,16.232,5048,0
FTAI.US,60,20201021,180000,16.232,16.232,15.998,16.008,66379,0
FTAI.US,60,20201021,190000,15.982,16.077,15.921,15.98,13989,0
FTAI.US,60,20201021,200000,15.944,16.008,15.911,15.96,46067,0
FTAI.US,60,20201021,210000,15.97,16.028,15.873,15.98,7575,0
FTAI.US,60,20201021,220000,15.98,16.008,15.843,15.843,34978,0
FTAI.US,60,20201022,160000,15.873,16.135,15.873,16.057,10749,0
FTAI.US,60,20201022,170000,16.183,16.271,16.018,16.154,30901,0
FTAI.US,60,20201022,180000,16.154,16.46,16.144,16.46,15127,0
FTAI.US,60,20201022,190000,16.446,16.552,16.436,16.513,21638,0
FTAI.US,60,20201022,200000,16.524,16.552,16.494,16.505,19487,0
FTAI.US,60,20201022,210000,16.552,16.601,16.494,16.543,42257,0
FTAI.US,60,20201022,220000,16.543,16.727,16.543,16.678,35709,0
FTAI.US,60,20201023,160000,17.057,17.474,16.911,17.348,172944,0
FTAI.US,60,20201023,170000,17.392,17.484,17.163,17.28,115983,0
FTAI.US,60,20201023,180000,17.318,17.522,17.277,17.474,86066,0
FTAI.US,60,20201023,190000,17.47,17.504,17.391,17.445,53090,0
FTAI.US,60,20201023,200000,17.425,17.522,17.425,17.522,52228,0
FTAI.US,60,20201023,210000,17.508,17.669,17.504,17.61,66694,0
FTAI.US,60,20201023,220000,17.61,17.707,17.522,17.697,160526,0
FTAI.US,60,20201026,150000,17.474,17.591,17.203,17.311,35421,0
FTAI.US,60,20201026,160000,17.318,17.368,16.843,16.853,53598,0
FTAI.US,60,20201026,170000,16.843,16.931,16.678,16.872,86675,0
FTAI.US,60,20201026,180000,16.862,16.999,16.755,16.853,30222,0
FTAI.US,60,20201026,190000,16.843,16.843,16.503,16.727,38062,0
FTAI.US,60,20201026,200000,16.727,16.805,16.678,16.707,18118,0
FTAI.US,60,20201026,210000,16.741,16.785,16.678,16.746,45964,0
FTAI.US,60,20201027,150000,16.872,16.911,16.775,16.843,16451,0
FTAI.US,60,20201027,160000,16.819,16.872,16.561,16.65,20137,0
FTAI.US,60,20201027,170000,16.717,16.843,16.552,16.843,41031,0
FTAI.US,60,20201027,180000,16.862,16.872,16.698,16.707,25160,0
FTAI.US,60,20201027,190000,16.727,16.814,16.658,16.728,21759,0
FTAI.US,60,20201027,200000,16.746,16.795,16.601,16.698,51405,0
FTAI.US,60,20201027,210000,16.727,16.795,16.63,16.795,57345,0
FTAI.US,60,20201028,150000,16.377,16.455,15.639,15.736,89139,0
FTAI.US,60,20201028,160000,15.744,15.96,15.445,15.596,114234,0
FTAI.US,60,20201028,170000,15.542,15.873,15.542,15.812,48819,0
FTAI.US,60,20201028,180000,15.804,15.931,15.698,15.707,27114,0
FTAI.US,60,20201028,190000,15.698,15.853,15.639,15.824,26906,0
FTAI.US,60,20201028,200000,15.824,15.97,15.776,15.911,69331,0
FTAI.US,60,20201028,210000,15.928,16.067,15.873,15.921,208658,0
FTAI.US,60,20201029,150000,16.018,16.329,15.659,15.795,29115,0
FTAI.US,60,20201029,160000,15.892,16.202,15.736,16.115,21608,0
FTAI.US,60,20201029,170000,16.115,16.135,16.018,16.033,15668,0
FTAI.US,60,20201029,180000,16.013,16.232,15.98,16.159,17375,0
FTAI.US,60,20201029,190000,16.154,16.192,15.98,16.057,31950,0
FTAI.US,60,20201029,200000,16.084,16.251,16.084,16.188,25897,0
FTAI.US,60,20201029,210000,16.202,16.329,16.135,16.135,57515,0
FTAI.US,60,20201030,150000,15.98,16.261,15.542,15.766,25919,0
FTAI.US,60,20201030,160000,15.727,16.115,15.61,15.659,110090,0
FTAI.US,60,20201030,170000,15.649,15.751,15.417,15.659,46350,0
FTAI.US,60,20201030,180000,15.629,15.824,15.562,15.683,51572,0
FTAI.US,60,20201030,190000,15.683,15.746,15.494,15.5,83900,0
FTAI.US,60,20201030,200000,15.504,15.591,15.3,15.523,114261,0
FTAI.US,60,20201030,210000,15.523,15.537,15.173,15.28,132688,0
FTAI.US,60,20201102,160000,15.542,15.736,15.368,15.736,21415,0
FTAI.US,60,20201102,170000,15.736,15.776,15.572,15.776,60514,0
FTAI.US,60,20201102,180000,15.776,15.843,15.572,15.669,45981,0
FTAI.US,60,20201102,190000,15.688,15.698,15.445,15.445,61299,0
FTAI.US,60,20201102,200000,15.475,15.698,15.45,15.676,18384,0
FTAI.US,60,20201102,210000,15.649,15.717,15.358,15.62,124837,0
FTAI.US,60,20201102,220000,15.62,15.736,15.513,15.62,282111,0
FTAI.US,60,20201103,160000,15.911,15.911,15.659,15.679,36863,0
FTAI.US,60,20201103,170000,15.679,15.683,15.32,15.407,65207,0
FTAI.US,60,20201103,180000,15.44,15.552,15.348,15.377,34103,0
FTAI.US,60,20201103,190000,15.348,15.417,15.251,15.348,36593,0
FTAI.US,60,20201103,200000,15.32,15.377,15.193,15.193,63526,0
FTAI.US,60,20201103,210000,15.251,15.407,15.203,15.323,25537,0
FTAI.US,60,20201103,220000,15.348,15.532,15.218,15.475,147654,0
FTAI.US,60,20201104,160000,15.407,15.465,14.872,15.086,37076,0
FTAI.US,60,20201104,170000,15.038,15.445,15.038,15.266,25053,0
FTAI.US,60,20201104,180000,15.271,15.513,15.271,15.489,31295,0
FTAI.US,60,20201104,190000,15.465,15.746,15.455,15.639,32325,0
FTAI.US,60,20201104,200000,15.639,15.736,15.542,15.736,37631,0
FTAI.US,60,20201104,210000,15.707,15.988,15.707,15.97,48577,0
FTAI.US,60,20201104,220000,15.95,16.154,15.736,16.077,118404,0
FTAI.US,60,20201105,160000,16.222,16.222,16.028,16.047,24801,0
FTAI.US,60,20201105,170000,16.057,16.202,15.94,16.178,36556,0
FTAI.US,60,20201105,180000,16.227,16.227,16.028,16.154,21001,0
FTAI.US,60,20201105,190000,16.154,16.29,16.057,16.275,39218,0
FTAI.US,60,20201105,200000,16.261,16.358,16.232,16.309,35369,0
FTAI.US,60,20201105,210000,16.299,16.329,16.212,16.294,22233,0
FTAI.US,60,20201105,220000,16.299,16.591,16.251,16.494,113396,0
FTAI.US,60,20201106,160000,16.503,16.503,16.348,16.474,5643,0
FTAI.US,60,20201106,170000,16.494,16.494,16.222,16.232,48676,0
FTAI.US,60,20201106,180000,16.222,16.348,16.135,16.174,27962,0
FTAI.US,60,20201106,190000,16.174,16.261,16.057,16.057,23134,0
FTAI.US,60,20201106,200000,16.095,16.242,16.072,16.242,17890,0
FTAI.US,60,20201106,210000,16.242,16.28,16.018,16.154,25937,0
FTAI.US,60,20201106,220000,16.135,16.192,15.98,16.038,98095,0
FTAI.US,60,20201109,160000,17.387,17.572,17.231,17.251,71503,0
FTAI.US,60,20201109,170000,17.251,17.353,16.805,17.213,71458,0
FTAI.US,60,20201109,180000,17.096,17.474,17.047,17.3,76398,0
FTAI.US,60,20201109,190000,17.3,17.411,17.134,17.144,64094,0
FTAI.US,60,20201109,200000,17.183,17.318,17.183,17.251,7121,0
FTAI.US,60,20201109,210000,17.266,17.377,17.076,17.144,61014,0
FTAI.US,60,20201109,220000,17.18,17.484,17.115,17.455,139575,0
FTAI.US,60,20201110,160000,17.474,17.474,17.144,17.397,12826,0
FTAI.US,60,20201110,170000,17.377,17.445,17.251,17.343,46239,0
FTAI.US,60,20201110,180000,17.316,17.562,17.316,17.465,24528,0
FTAI.US,60,20201110,190000,17.522,17.726,17.358,17.368,106330,0
FTAI.US,60,20201110,200000,17.358,17.445,17.251,17.28,45469,0
FTAI.US,60,20201110,210000,17.3,17.44,17.241,17.44,25829,0
FTAI.US,60,20201110,220000,17.471,17.474,17.251,17.358,107540,0
FTAI.US,60,20201111,160000,17.474,17.474,17.037,17.101,57386,0
FTAI.US,60,20201111,170000,17.133,17.241,17.009,17.183,26573,0
FTAI.US,60,20201111,180000,17.144,17.231,16.989,17.163,55928,0
FTAI.US,60,20201111,190000,17.167,17.193,17.037,17.057,31162,0
FTAI.US,60,20201111,200000,17.057,17.163,17.037,17.071,31795,0
FTAI.US,60,20201111,210000,17.071,17.106,17.009,17.086,31594,0
FTAI.US,60,20201111,220000,17.057,17.387,17.009,17.231,155880,0
FTAI.US,60,20201112,160000,17.242,17.242,16.853,16.911,142035,0
FTAI.US,60,20201112,170000,16.902,16.969,16.601,16.62,74940,0
FTAI.US,60,20201112,180000,16.62,17.076,16.513,16.857,90128,0
FTAI.US,60,20201112,190000,16.857,16.911,16.717,16.742,16713,0
FTAI.US,60,20201112,200000,16.727,16.814,16.601,16.746,22928,0
FTAI.US,60,20201112,210000,16.746,16.834,16.601,16.688,43012,0
FTAI.US,60,20201112,220000,16.678,16.911,16.533,16.882,143949,0
FTAI.US,60,20201113,160000,16.932,16.932,16.714,16.852,31574,0
FTAI.US,60,20201113,170000,16.852,17.149,16.808,17.031,70286,0
FTAI.US,60,20201113,180000,17.06,17.149,16.833,16.981,29827,0
FTAI.US,60,20201113,190000,16.976,17.07,16.927,17.021,11344,0
FTAI.US,60,20201113,200000,17.07,17.07,16.872,16.953,8735,0
FTAI.US,60,20201113,210000,16.902,17.031,16.902,16.961,11146,0
FTAI.US,60,20201113,220000,17.017,17.129,16.902,17.08,143818,0
FTAI.US,60,20201116,160000,17.308,17.971,17.268,17.842,185435,0
FTAI.US,60,20201116,170000,17.842,18.01,17.802,17.911,138456,0
FTAI.US,60,20201116,180000,17.936,17.99,17.822,17.882,67589,0
FTAI.US,60,20201116,190000,17.885,17.951,17.753,17.802,130914,0
FTAI.US,60,20201116,200000,17.802,17.822,17.698,17.728,85580,0
FTAI.US,60,20201116,210000,17.728,17.911,17.713,17.852,43326,0
FTAI.US,60,20201116,220000,17.852,18.139,17.832,18.079,202238,0
FTAI.US,60,20201117,160000,18,18,17.723,17.822,27942,0
FTAI.US,60,20201117,170000,17.812,18.258,17.801,18.188,34939,0
FTAI.US,60,20201117,180000,18.188,18.505,18.188,18.455,66432,0
FTAI.US,60,20201117,190000,18.455,18.604,18.416,18.584,46465,0
FTAI.US,60,20201117,200000,18.566,18.901,18.535,18.832,124956,0
FTAI.US,60,20201117,210000,18.828,19.148,18.828,19.134,150345,0
FTAI.US,60,20201117,220000,19.148,19.148,18.841,19.059,143113,0
FTAI.US,60,20201118,160000,19.099,19.297,19.02,19.188,42324,0
FTAI.US,60,20201118,170000,19.148,19.435,19.138,19.425,127626,0
FTAI.US,60,20201118,180000,19.336,19.593,19.287,19.504,94258,0
FTAI.US,60,20201118,190000,19.514,19.92,19.495,19.91,186861,0
FTAI.US,60,20201118,200000,19.91,20.049,19.871,20.039,200205,0
FTAI.US,60,20201118,210000,20.064,20.504,20.064,20.346,612755,0
FTAI.US,60,20201118,220000,20.346,20.395,19.97,20.088,487723,0
FTAI.US,60,20201119,160000,19.88,20.118,19.627,19.88,103583,0
FTAI.US,60,20201119,170000,19.89,20.306,19.791,20.237,161174,0
FTAI.US,60,20201119,180000,20.207,20.217,19.91,20.078,75523,0
FTAI.US,60,20201119,190000,20.103,20.103,19.791,19.96,121224,0
FTAI.US,60,20201119,200000,19.989,19.999,19.821,19.93,98693,0
FTAI.US,60,20201119,210000,19.93,19.932,19.722,19.811,108124,0
FTAI.US,60,20201119,220000,19.806,19.93,19.752,19.811,137878,0
FTAI.US,60,20201120,160000,19.782,19.851,19.643,19.643,17558,0
FTAI.US,60,20201120,170000,19.643,19.851,19.41,19.41,48966,0
FTAI.US,60,20201120,180000,19.405,19.509,19.267,19.455,44268,0
FTAI.US,60,20201120,190000,19.47,20.098,19.425,19.989,813938,0
FTAI.US,60,20201120,200000,19.995,20.041,19.742,19.841,200366,0
FTAI.US,60,20201120,210000,19.831,19.841,19.613,19.633,111257,0
FTAI.US,60,20201120,220000,19.663,19.791,19.445,19.782,145926,0
FTAI.US,60,20201123,160000,20.039,20.336,19.916,20.177,164811,0
FTAI.US,60,20201123,170000,20.128,20.286,19.965,20.162,217265,0
FTAI.US,60,20201123,180000,20.158,20.682,20.148,20.612,197476,0
FTAI.US,60,20201123,190000,20.587,20.731,20.553,20.583,103429,0
FTAI.US,60,20201123,200000,20.583,20.822,20.583,20.692,138087,0
FTAI.US,60,20201123,210000,20.702,20.741,20.445,20.741,208995,0
FTAI.US,60,20201123,220000,20.751,20.89,20.642,20.731,341363,0
FTAI.US,60,20201124,160000,20.731,20.929,20.454,20.682,283078,0
FTAI.US,60,20201124,170000,20.687,21.038,20.623,20.84,326417,0
FTAI.US,60,20201124,180000,20.83,20.98,20.573,20.934,128954,0
FTAI.US,60,20201124,190000,20.929,21.048,20.909,20.959,123121,0
FTAI.US,60,20201124,200000,20.969,20.979,20.89,20.959,180308,0
FTAI.US,60,20201124,210000,20.959,20.994,20.87,20.979,277111,0
FTAI.US,60,20201124,220000,20.949,21.147,20.949,21.147,316994,0
FTAI.US,60,20201125,160000,20.949,20.949,20.594,20.83,125670,0
FTAI.US,60,20201125,170000,20.9,20.959,20.751,20.85,166405,0
FTAI.US,60,20201125,180000,20.89,21.028,20.87,20.91,89575,0
FTAI.US,60,20201125,190000,20.914,20.949,20.87,20.9,50355,0
FTAI.US,60,20201125,200000,20.88,20.999,20.88,20.9,118432,0
FTAI.US,60,20201125,210000,20.939,21.048,20.91,20.999,110573,0
FTAI.US,60,20201125,220000,20.989,21.009,20.811,20.929,290349,0
FTAI.US,60,20201127,160000,20.781,21.108,20.781,20.827,101815,0
FTAI.US,60,20201127,170000,20.91,21.068,20.623,21.043,95294,0
FTAI.US,60,20201127,180000,21.068,21.108,20.872,20.904,110070,0
FTAI.US,60,20201127,190000,20.89,21.028,20.63,20.969,109026,0
FTAI.US,60,20201127,200000,21.009,21.009,21.009,21.009,3992,0
FTAI.US,60,20201130,160000,21.009,21.078,20.403,20.555,66710,0
FTAI.US,60,20201130,170000,20.484,20.563,20.118,20.534,77242,0
FTAI.US,60,20201130,180000,20.504,20.598,20.435,20.524,34035,0
FTAI.US,60,20201130,190000,20.519,20.751,20.296,20.355,57551,0
FTAI.US,60,20201130,200000,20.355,20.365,20.098,20.336,99170,0
FTAI.US,60,20201130,210000,20.316,20.435,20.266,20.306,90611,0
FTAI.US,60,20201130,220000,20.316,20.751,20.266,20.652,224600,0
FTAI.US,60,20201201,160000,20.88,21.424,20.88,21.137,122937,0
FTAI.US,60,20201201,170000,21.203,21.325,20.89,21.068,101461,0
FTAI.US,60,20201201,180000,21.098,21.216,20.999,21.197,45954,0
FTAI.US,60,20201201,190000,21.177,21.197,21.078,21.127,26904,0
FTAI.US,60,20201201,200000,21.127,21.355,21.078,21.32,48795,0
FTAI.US,60,20201201,210000,21.32,21.573,21.286,21.573,118170,0
FTAI.US,60,20201201,220000,21.533,21.627,21.404,21.523,152697,0
FTAI.US,60,20201202,160000,21.395,21.454,21.088,21.088,68105,0
FTAI.US,60,20201202,170000,21.018,21.365,20.959,21.296,206829,0
FTAI.US,60,20201202,180000,21.305,21.315,21.028,21.187,77868,0
FTAI.US,60,20201202,190000,21.226,21.276,21.023,21.088,46632,0
FTAI.US,60,20201202,200000,21.098,21.167,21.009,21.083,145495,0
FTAI.US,60,20201202,210000,21.083,21.286,21.023,21.197,96331,0
FTAI.US,60,20201202,220000,21.197,21.335,21.147,21.157,312317,0
FTAI.US,60,20201203,160000,21.167,21.276,20.959,21.167,57275,0
FTAI.US,60,20201203,170000,21.266,21.353,21.108,21.296,18054,0
FTAI.US,60,20201203,180000,21.286,21.313,21.164,21.296,88564,0
FTAI.US,60,20201203,190000,21.296,21.325,21.266,21.266,54235,0
FTAI.US,60,20201203,200000,21.276,21.286,21.164,21.231,29813,0
FTAI.US,60,20201203,210000,21.216,21.276,21.147,21.147,59099,0
FTAI.US,60,20201203,220000,21.167,21.187,21.078,21.177,86248,0
FTAI.US,60,20201204,160000,21.662,21.771,21.404,21.607,169595,0
FTAI.US,60,20201204,170000,21.622,21.79,21.564,21.597,138814,0
FTAI.US,60,20201204,180000,21.597,22.067,21.583,22.018,283748,0
FTAI.US,60,20201204,190000,22.018,22.364,22.008,22.3,103800,0
FTAI.US,60,20201204,200000,22.325,22.641,22.236,22.622,123804,0
FTAI.US,60,20201204,210000,22.622,22.879,22.543,22.73,187522,0
FTAI.US,60,20201204,220000,22.76,22.829,22.651,22.81,477760,0
FTAI.US,60,20201207,160000,22.81,22.839,22.364,22.533,79054,0
FTAI.US,60,20201207,170000,22.508,23.008,22.463,22.849,162112,0
FTAI.US,60,20201207,180000,22.839,22.909,22.364,22.404,236629,0
FTAI.US,60,20201207,190000,22.404,22.641,22.255,22.275,327276,0
FTAI.US,60,20201207,200000,22.275,22.533,22.226,22.434,80361,0
FTAI.US,60,20201207,210000,22.434,22.602,22.384,22.513,54242,0
FTAI.US,60,20201207,220000,22.522,22.77,22.414,22.76,168892,0
FTAI.US,60,20201208,160000,22.523,22.869,22.523,22.711,15561,0
FTAI.US,60,20201208,170000,22.671,22.75,22.572,22.701,33640,0
FTAI.US,60,20201208,180000,22.696,22.76,22.572,22.727,79464,0
FTAI.US,60,20201208,190000,22.701,22.901,22.686,22.755,38882,0
FTAI.US,60,20201208,200000,22.745,22.745,22.612,22.612,4121,0
FTAI.US,60,20201208,210000,22.634,22.76,22.572,22.701,62778,0
FTAI.US,60,20201208,220000,22.679,22.837,22.671,22.76,123147,0
FTAI.US,60,20201209,160000,22.79,23.008,22.79,22.968,28828,0
FTAI.US,60,20201209,170000,23.008,23.008,22.443,22.76,80266,0
FTAI.US,60,20201209,180000,22.622,22.928,22.622,22.859,32920,0
FTAI.US,60,20201209,190000,22.8,22.889,22.646,22.81,53711,0
FTAI.US,60,20201209,200000,22.76,22.78,22.463,22.463,29027,0
FTAI.US,60,20201209,210000,22.483,22.8,22.473,22.73,61216,0
FTAI.US,60,20201209,220000,22.711,22.8,22.572,22.74,58680,0
FTAI.US,60,20201210,160000,22.463,22.651,22.394,22.463,13029,0
FTAI.US,60,20201210,170000,22.473,22.473,22.344,22.344,13710,0
FTAI.US,60,20201210,180000,22.376,22.394,22.166,22.394,37530,0
FTAI.US,60,20201210,190000,22.389,22.681,22.389,22.681,14344,0
FTAI.US,60,20201210,200000,22.71,22.958,22.569,22.958,32921,0
FTAI.US,60,20201210,210000,23.008,23.156,22.899,22.909,90520,0
FTAI.US,60,20201210,220000,22.909,23.116,22.899,22.968,81956,0
FTAI.US,60,20201211,160000,22.76,22.948,22.76,22.8,5918,0
FTAI.US,60,20201211,170000,22.795,22.928,22.622,22.701,20991,0
FTAI.US,60,20201211,180000,22.701,22.78,22.669,22.669,8888,0
FTAI.US,60,20201211,190000,22.651,22.829,22.612,22.75,67764,0
FTAI.US,60,20201211,200000,22.75,22.824,22.701,22.76,21228,0
FTAI.US,60,20201211,210000,22.76,22.79,22.626,22.661,10294,0
FTAI.US,60,20201211,220000,22.681,22.75,22.453,22.671,110606,0
FTAI.US,60,20201214,160000,22.711,22.948,22.711,22.802,17669,0
FTAI.US,60,20201214,170000,22.76,22.963,22.76,22.928,21205,0
FTAI.US,60,20201214,180000,22.918,23.096,22.844,23.082,31022,0
FTAI.US,60,20201214,190000,23.047,23.057,22.76,22.775,16439,0
FTAI.US,60,20201214,200000,22.79,22.849,22.523,22.701,30361,0
FTAI.US,60,20201214,210000,22.73,22.81,22.473,22.721,104668,0
FTAI.US,60,20201214,220000,22.691,22.744,22.513,22.582,54913,0
FTAI.US,60,20201215,160000,22.701,22.795,22.562,22.641,11365,0
FTAI.US,60,20201215,170000,22.632,22.81,22.562,22.75,15097,0
FTAI.US,60,20201215,180000,22.721,23.017,22.691,22.928,21262,0
FTAI.US,60,20201215,190000,22.938,23.008,22.866,22.968,13930,0
FTAI.US,60,20201215,200000,23.008,23.156,22.958,23.057,103608,0
FTAI.US,60,20201215,210000,23.057,23.057,22.819,22.968,28890,0
FTAI.US,60,20201215,220000,23.067,23.067,22.948,23.008,78767,0
FTAI.US,60,20201216,160000,23.008,23.008,22.572,22.747,19106,0
FTAI.US,60,20201216,170000,22.711,22.711,22.305,22.384,21060,0
FTAI.US,60,20201216,180000,22.424,22.775,22.285,22.671,85228,0
FTAI.US,60,20201216,190000,22.681,22.928,22.681,22.839,10298,0
FTAI.US,60,20201216,200000,22.764,22.889,22.641,22.676,21998,0
FTAI.US,60,20201216,210000,22.928,22.928,22.513,22.602,30998,0
FTAI.US,60,20201216,220000,22.661,22.849,22.646,22.81,42249,0
FTAI.US,60,20201217,160000,22.711,22.741,22.443,22.443,4148,0
FTAI.US,60,20201217,170000,22.473,22.689,22.384,22.568,16311,0
FTAI.US,60,20201217,180000,22.592,22.691,22.558,22.691,10784,0
FTAI.US,60,20201217,190000,22.721,22.79,22.641,22.79,8036,0
FTAI.US,60,20201217,200000,22.755,22.79,22.582,22.651,15601,0
FTAI.US,60,20201217,210000,22.661,22.988,22.617,22.856,23922,0
FTAI.US,60,20201217,220000,22.859,23.047,22.829,22.889,95948,0
FTAI.US,60,20201218,160000,22.889,22.928,22.788,22.8,4526,0
FTAI.US,60,20201218,170000,23.047,23.047,22.632,22.701,13693,0
FTAI.US,60,20201218,180000,22.694,22.86,22.552,22.602,16142,0
FTAI.US,60,20201218,190000,22.6,22.81,22.6,22.651,6879,0
FTAI.US,60,20201218,200000,22.701,22.701,22.493,22.636,20460,0
FTAI.US,60,20201218,210000,22.612,22.661,22.414,22.453,49481,0
FTAI.US,60,20201218,220000,22.458,22.75,22.354,22.631,78602,0
FTAI.US,60,20201221,160000,22.265,22.463,21.84,22.127,30240,0
FTAI.US,60,20201221,170000,22.127,22.542,22.028,22.542,38924,0
FTAI.US,60,20201221,180000,22.542,22.582,22.335,22.562,22451,0
FTAI.US,60,20201221,190000,22.424,22.503,22.206,22.394,52150,0
FTAI.US,60,20201221,200000,22.364,22.443,22.206,22.315,26436,0
FTAI.US,60,20201221,210000,22.354,22.429,22.216,22.315,30690,0
FTAI.US,60,20201221,220000,22.315,22.453,22.186,22.364,87680,0
FTAI.US,60,20201222,160000,22.315,22.315,22.092,22.285,10067,0
FTAI.US,60,20201222,170000,22.325,22.473,22.305,22.369,19346,0
FTAI.US,60,20201222,180000,22.394,22.394,22.178,22.246,22807,0
FTAI.US,60,20201222,190000,22.246,22.305,22.147,22.255,20827,0
FTAI.US,60,20201222,200000,22.241,22.463,22.226,22.463,45984,0
FTAI.US,60,20201222,210000,22.443,22.572,22.374,22.503,54062,0
FTAI.US,60,20201222,220000,22.508,22.711,22.26,22.364,86560,0
FTAI.US,60,20201223,160000,22.434,22.519,22.384,22.453,4015,0
FTAI.US,60,20201223,170000,22.533,22.711,22.374,22.711,12510,0
FTAI.US,60,20201223,180000,22.661,23.057,22.661,23.037,44490,0
FTAI.US,60,20201223,190000,23.027,23.057,22.909,22.923,30262,0
FTAI.US,60,20201223,200000,22.899,22.938,22.73,22.75,25263,0
FTAI.US,60,20201223,210000,22.75,22.899,22.73,22.899,30445,0
FTAI.US,60,20201223,220000,22.839,22.839,22.562,22.76,75173,0
FTAI.US,60,20201224,160000,22.77,22.77,22.513,22.552,7897,0
FTAI.US,60,20201224,170000,22.513,22.8,22.414,22.8,26666,0
FTAI.US,60,20201224,180000,22.905,22.909,22.849,22.885,6438,0
FTAI.US,60,20201224,190000,22.849,23.017,22.81,22.918,17386,0
FTAI.US,60,20201224,200000,22.948,22.948,22.948,22.948,229,0
FTAI.US,60,20201228,160000,23.008,23.245,22.978,23.116,60436,0
FTAI.US,60,20201228,170000,23.077,23.077,22.552,22.661,69414,0
FTAI.US,60,20201228,180000,22.721,23.087,22.654,22.849,38054,0
FTAI.US,60,20201228,190000,22.721,22.938,22.612,22.661,62120,0
FTAI.US,60,20201228,200000,22.691,22.701,22.394,22.394,26731,0
FTAI.US,60,20201228,210000,22.434,22.622,22.434,22.562,25175,0
FTAI.US,60,20201228,220000,22.582,22.78,22.503,22.681,63287,0
FTAI.US,60,20201229,160000,22.79,22.79,22.463,22.483,12313,0
FTAI.US,60,20201229,170000,22.562,22.562,22.186,22.285,32836,0
FTAI.US,60,20201229,180000,22.404,22.518,22.285,22.325,5649,0
FTAI.US,60,20201229,190000,22.359,22.364,21.919,22.038,28227,0
FTAI.US,60,20201229,200000,22.018,22.121,21.959,22.092,8037,0
FTAI.US,60,20201229,210000,22.077,22.137,21.949,22.137,9511,0
FTAI.US,60,20201229,220000,22.196,22.305,22.038,22.275,34525,0
FTAI.US,60,20201230,160000,22.285,22.493,22.107,22.285,14342,0
FTAI.US,60,20201230,170000,22.315,22.335,22.127,22.272,13022,0
FTAI.US,60,20201230,180000,22.243,22.315,22.147,22.255,14170,0
FTAI.US,60,20201230,190000,22.255,22.503,22.196,22.493,15939,0
FTAI.US,60,20201230,200000,22.503,22.572,22.434,22.508,14480,0
FTAI.US,60,20201230,210000,22.508,22.562,22.275,22.285,48312,0
FTAI.US,60,20201230,220000,22.285,22.631,22.285,22.602,58552,0
FTAI.US,60,20201231,160000,22.631,22.631,22.275,22.426,2227,0
FTAI.US,60,20201231,170000,22.275,22.711,22.275,22.711,7668,0
FTAI.US,60,20201231,180000,22.73,22.909,22.523,22.829,37344,0
FTAI.US,60,20201231,190000,22.829,22.968,22.785,22.909,23145,0
FTAI.US,60,20201231,200000,22.901,23.057,22.869,23.057,35940,0
FTAI.US,60,20201231,210000,23.057,23.057,22.978,22.998,25822,0
FTAI.US,60,20201231,220000,22.968,23.245,22.958,23.215,286620,0
FTAI.US,60,20210104,160000,23.215,23.215,22.721,22.721,19011,0
FTAI.US,60,20210104,170000,22.74,22.859,22.661,22.76,40960,0
FTAI.US,60,20210104,180000,22.76,22.909,22.513,22.607,82598,0
FTAI.US,60,20210104,190000,22.622,22.631,22.018,22.231,65440,0
FTAI.US,60,20210104,200000,22.227,22.493,22.097,22.364,32042,0
FTAI.US,60,20210104,210000,22.396,22.439,22.265,22.394,32783,0
FTAI.US,60,20210104,220000,22.384,22.651,22.384,22.513,165110,0
FTAI.US,60,20210105,160000,22.641,22.899,22.533,22.711,22923,0
FTAI.US,60,20210105,170000,22.839,22.879,22.463,22.523,56236,0
FTAI.US,60,20210105,180000,22.586,22.662,22.344,22.463,34578,0
FTAI.US,60,20210105,190000,22.414,22.523,22.364,22.518,13565,0
FTAI.US,60,20210105,200000,22.523,22.681,22.493,22.602,16997,0
FTAI.US,60,20210105,210000,22.651,22.673,22.533,22.552,10570,0
FTAI.US,60,20210105,220000,22.552,22.622,22.335,22.453,61080,0
FTAI.US,60,20210106,160000,22.513,22.76,22.414,22.53,9283,0
FTAI.US,60,20210106,170000,22.463,22.565,22.206,22.359,133112,0
FTAI.US,60,20210106,180000,22.344,22.419,22.206,22.255,81697,0
FTAI.US,60,20210106,190000,22.246,22.315,22.107,22.226,50542,0
FTAI.US,60,20210106,200000,22.246,22.305,22.166,22.246,58262,0
FTAI.US,60,20210106,210000,22.246,22.75,22.196,22.572,163792,0
FTAI.US,60,20210106,220000,22.572,22.74,22.463,22.542,85630,0
FTAI.US,60,20210107,160000,22.76,22.76,22.552,22.622,17734,0
FTAI.US,60,20210107,170000,22.705,22.76,22.335,22.404,58733,0
FTAI.US,60,20210107,180000,22.404,22.533,22.077,22.117,31773,0
FTAI.US,60,20210107,190000,22.127,22.28,22.127,22.28,6371,0
FTAI.US,60,20210107,200000,22.298,22.354,22.255,22.255,7702,0
FTAI.US,60,20210107,210000,22.275,22.384,22.138,22.344,31658,0
FTAI.US,60,20210107,220000,22.356,22.572,22.354,22.414,66541,0
FTAI.US,60,20210108,160000,22.533,22.661,22.226,22.364,15837,0
FTAI.US,60,20210108,170000,22.39,22.452,22.067,22.107,15102,0
FTAI.US,60,20210108,180000,22.117,22.117,21.96,22.024,30231,0
FTAI.US,60,20210108,190000,22.023,22.023,21.711,21.751,26585,0
FTAI.US,60,20210108,200000,21.727,21.736,21.177,21.444,161292,0
FTAI.US,60,20210108,210000,21.444,21.889,21.414,21.672,158672,0
FTAI.US,60,20210108,220000,21.662,21.761,21.573,21.662,150638,0
FTAI.US,60,20210111,160000,21.296,21.592,21.261,21.464,23979,0
FTAI.US,60,20210111,170000,21.573,21.592,21.325,21.592,33817,0
FTAI.US,60,20210111,180000,21.558,21.662,21.325,21.662,26006,0
FTAI.US,60,20210111,190000,21.647,21.84,21.602,21.79,27674,0
FTAI.US,60,20210111,200000,21.79,21.968,21.741,21.82,24695,0
FTAI.US,60,20210111,210000,21.81,21.909,21.721,21.78,26968,0
FTAI.US,60,20210111,220000,21.8,21.83,21.592,21.751,70341,0
FTAI.US,60,20210112,160000,21.751,21.87,21.622,21.711,10758,0
FTAI.US,60,20210112,170000,21.753,22.255,21.753,22.107,38260,0
FTAI.US,60,20210112,180000,22.147,22.176,21.973,22.077,29255,0
FTAI.US,60,20210112,190000,22.067,22.265,22.058,22.206,14896,0
FTAI.US,60,20210112,200000,22.216,22.265,22.048,22.156,22238,0
FTAI.US,60,20210112,210000,22.156,22.156,22.077,22.137,14616,0
FTAI.US,60,20210112,220000,22.137,22.364,22.097,22.246,60558,0
FTAI.US,60,20210113,160000,22.216,22.473,22.087,22.394,21227,0
FTAI.US,60,20210113,170000,22.394,22.513,22.338,22.444,12773,0
FTAI.US,60,20210113,180000,22.424,22.562,22.364,22.513,45377,0
FTAI.US,60,20210113,190000,22.532,22.81,22.473,22.81,47076,0
FTAI.US,60,20210113,200000,22.785,22.81,22.667,22.75,38415,0
FTAI.US,60,20210113,210000,22.75,23.008,22.716,22.869,64903,0
FTAI.US,60,20210113,220000,22.859,22.889,22.602,22.76,86586,0
FTAI.US,60,20210114,160000,22.879,23.057,22.859,22.958,18852,0
FTAI.US,60,20210114,170000,23.057,23.443,23.008,23.2,61068,0
FTAI.US,60,20210114,180000,23.196,23.354,23.067,23.205,45566,0
FTAI.US,60,20210114,190000,23.166,23.245,23.032,23.067,21808,0
FTAI.US,60,20210114,200000,23.077,23.403,23.077,23.364,58337,0
FTAI.US,60,20210114,210000,23.374,23.374,23.136,23.255,22755,0
FTAI.US,60,20210114,220000,23.284,23.344,23.205,23.304,54164,0
FTAI.US,60,20210115,160000,23.245,23.374,23.027,23.225,16385,0
FTAI.US,60,20210115,170000,23.205,23.374,22.899,23.339,16873,0
FTAI.US,60,20210115,180000,23.329,23.443,23.235,23.314,17324,0
FTAI.US,60,20210115,190000,23.339,23.482,23.255,23.324,79924,0
FTAI.US,60,20210115,200000,23.324,23.453,23.225,23.334,42720,0
FTAI.US,60,20210115,210000,23.334,23.374,23.304,23.344,13515,0
FTAI.US,60,20210115,220000,23.344,23.393,23.265,23.354,61138,0
FTAI.US,60,20210119,160000,23.304,23.423,23.166,23.369,11605,0
FTAI.US,60,20210119,170000,23.369,23.74,23.225,23.68,77640,0
FTAI.US,60,20210119,180000,23.68,23.849,23.611,23.651,50762,0
FTAI.US,60,20210119,190000,23.68,23.809,23.621,23.75,36558,0
FTAI.US,60,20210119,200000,23.76,23.799,23.611,23.799,35477,0
FTAI.US,60,20210119,210000,23.799,23.799,23.601,23.769,65997,0
FTAI.US,60,20210119,220000,23.769,23.997,23.769,23.948,261226,0
FTAI.US,60,20210120,160000,23.859,23.997,23.661,23.661,55322,0
FTAI.US,60,20210120,170000,23.661,23.839,23.473,23.621,49400,0
FTAI.US,60,20210120,180000,23.631,23.71,23.384,23.641,42419,0
FTAI.US,60,20210120,190000,23.641,23.671,23.384,23.661,38900,0
FTAI.US,60,20210120,200000,23.638,23.76,23.572,23.74,27996,0
FTAI.US,60,20210120,210000,23.671,23.764,23.552,23.68,105137,0
FTAI.US,60,20210120,220000,23.661,23.839,23.403,23.423,157675,0
FTAI.US,60,20210121,160000,23.344,23.502,23.097,23.463,15957,0
FTAI.US,60,20210121,170000,23.403,23.492,23.196,23.235,62544,0
FTAI.US,60,20210121,180000,23.255,23.361,23.196,23.255,40168,0
FTAI.US,60,20210121,190000,23.18,23.255,23.072,23.205,43051,0
FTAI.US,60,20210121,200000,23.22,23.433,23.146,23.304,30718,0
FTAI.US,60,20210121,210000,23.324,23.379,23.176,23.294,26600,0
FTAI.US,60,20210121,220000,23.294,23.463,23.205,23.354,36130,0
FTAI.US,60,20210122,160000,23.255,23.255,22.72,23.077,15774,0
FTAI.US,60,20210122,170000,23.245,23.245,22.859,23.057,30590,0
FTAI.US,60,20210122,180000,23.057,23.097,22.928,23.057,12990,0
FTAI.US,60,20210122,190000,23.067,23.186,22.938,23.057,23536,0
FTAI.US,60,20210122,200000,23.057,23.106,23.008,23.044,6688,0
FTAI.US,60,20210122,210000,23.044,23.205,22.968,23.186,56940,0
FTAI.US,60,20210122,220000,23.176,23.601,23.106,23.492,69857,0
FTAI.US,60,20210125,160000,23.443,23.443,23.077,23.196,11530,0
FTAI.US,60,20210125,170000,23.146,23.512,23.106,23.255,14903,0
FTAI.US,60,20210125,180000,23.275,23.453,22.998,23.225,19255,0
FTAI.US,60,20210125,190000,23.275,23.433,23.106,23.176,17916,0
FTAI.US,60,20210125,200000,23.126,23.294,23.008,23.166,28217,0
FTAI.US,60,20210125,210000,23.156,23.156,23.017,23.062,16751,0
FTAI.US,60,20210125,220000,23.062,23.304,22.958,23.166,66205,0
FTAI.US,60,20210126,160000,23.285,23.304,22.89,22.938,10577,0
FTAI.US,60,20210126,170000,22.938,22.998,22.622,22.681,17591,0
FTAI.US,60,20210126,180000,22.696,22.79,22.592,22.592,16228,0
FTAI.US,60,20210126,190000,22.562,22.729,22.562,22.607,10209,0
FTAI.US,60,20210126,200000,22.621,22.724,22.483,22.493,28445,0
FTAI.US,60,20210126,210000,22.463,22.518,22.416,22.483,9745,0
FTAI.US,60,20210126,220000,22.483,22.671,22.186,22.592,143908,0
FTAI.US,60,20210127,160000,22.018,22.018,20.187,21.096,64242,0
FTAI.US,60,20210127,170000,21.325,22.473,21.325,22.473,33347,0
FTAI.US,60,20210127,180000,22.473,22.938,22.399,22.75,130926,0
FTAI.US,60,20210127,190000,22.948,22.948,22.582,22.641,18455,0
FTAI.US,60,20210127,200000,22.631,22.859,22.572,22.859,56883,0
FTAI.US,60,20210127,210000,22.79,22.928,22.582,22.592,54383,0
FTAI.US,60,20210127,220000,22.562,22.76,22.416,22.503,168828,0
FTAI.US,60,20210128,160000,22.622,22.759,22.374,22.384,9248,0
FTAI.US,60,20210128,170000,22.255,22.458,21.83,21.83,27385,0
FTAI.US,60,20210128,180000,21.83,21.949,21.681,21.771,19407,0
FTAI.US,60,20210128,190000,21.776,21.892,21.741,21.82,19964,0
FTAI.US,60,20210128,200000,21.78,21.968,21.771,21.949,11810,0
FTAI.US,60,20210128,210000,21.968,22.038,21.929,21.953,18257,0
FTAI.US,60,20210128,220000,21.949,22.028,21.771,21.889,62951,0
FTAI.US,60,20210129,160000,21.929,21.958,21.771,21.936,4112,0
FTAI.US,60,20210129,170000,21.865,21.949,21.8,21.869,7665,0
FTAI.US,60,20210129,180000,21.919,21.959,21.612,21.949,38463,0
FTAI.US,60,20210129,190000,21.949,22.018,21.563,21.622,42048,0
FTAI.US,60,20210129,200000,21.622,21.919,21.583,21.771,35954,0
FTAI.US,60,20210129,210000,21.771,21.968,21.721,21.731,16950,0
FTAI.US,60,20210129,220000,21.681,22.077,21.642,21.83,144441,0
FTAI.US,60,20210201,160000,22.305,22.305,22.067,22.117,25782,0
FTAI.US,60,20210201,170000,21.981,22.107,21.751,21.751,22636,0
FTAI.US,60,20210201,180000,21.751,22.107,21.663,22.043,18758,0
FTAI.US,60,20210201,190000,21.988,22.118,21.929,22.118,27024,0
FTAI.US,60,20210201,200000,22.127,22.176,21.988,22.166,19018,0
FTAI.US,60,20210201,210000,22.227,22.285,22.09,22.176,17789,0
FTAI.US,60,20210201,220000,22.166,22.533,22.117,22.335,70573,0
FTAI.US,60,20210202,160000,22.493,22.75,22.473,22.676,13088,0
FTAI.US,60,20210202,170000,22.681,22.711,22.344,22.508,22809,0
FTAI.US,60,20210202,180000,22.533,22.691,22.513,22.607,12291,0
FTAI.US,60,20210202,190000,22.572,22.633,22.483,22.562,18794,0
FTAI.US,60,20210202,200000,22.562,22.681,22.533,22.582,47145,0
FTAI.US,60,20210202,210000,22.622,22.701,22.523,22.582,18903,0
FTAI.US,60,20210202,220000,22.612,22.612,22.38,22.384,40425,0
FTAI.US,60,20210203,160000,22.513,22.616,22.453,22.562,36653,0
FTAI.US,60,20210203,170000,22.503,22.582,22.389,22.468,24239,0
FTAI.US,60,20210203,180000,22.458,22.503,22.394,22.453,23442,0
FTAI.US,60,20210203,190000,22.493,22.681,22.468,22.681,10355,0
FTAI.US,60,20210203,200000,22.641,22.8,22.641,22.8,6902,0
FTAI.US,60,20210203,210000,22.849,22.849,22.735,22.76,39960,0
FTAI.US,60,20210203,220000,22.78,22.978,22.745,22.918,49107,0
FTAI.US,60,20210204,160000,22.958,23.047,22.453,22.602,21030,0
FTAI.US,60,20210204,170000,22.708,22.74,22.484,22.705,8704,0
FTAI.US,60,20210204,180000,22.79,22.932,22.661,22.727,24130,0
FTAI.US,60,20210204,190000,22.711,23.037,22.671,22.953,10493,0
FTAI.US,60,20210204,200000,22.968,22.968,22.869,22.918,8807,0
FTAI.US,60,20210204,210000,22.909,23.057,22.909,22.973,9020,0
FTAI.US,60,20210204,220000,22.988,23.057,22.79,23.017,40322,0
FTAI.US,60,20210205,160000,23.057,23.166,23.027,23.106,13602,0
FTAI.US,60,20210205,170000,23.057,23.423,23.057,23.423,52098,0
FTAI.US,60,20210205,180000,23.403,23.928,23.374,23.816,46745,0
FTAI.US,60,20210205,190000,23.779,23.868,23.651,23.74,14960,0
FTAI.US,60,20210205,200000,23.73,23.794,23.611,23.789,10090,0
FTAI.US,60,20210205,210000,23.774,23.799,23.591,23.774,16625,0
FTAI.US,60,20210205,220000,23.774,23.774,23.473,23.601,38620,0
FTAI.US,60,20210208,160000,23.75,23.75,23.502,23.512,4524,0
FTAI.US,60,20210208,170000,23.616,23.819,23.572,23.581,17780,0
FTAI.US,60,20210208,180000,23.581,23.75,23.581,23.74,10426,0
FTAI.US,60,20210208,190000,23.74,23.837,23.74,23.784,2152,0
FTAI.US,60,20210208,200000,23.809,23.849,23.769,23.812,16716,0
FTAI.US,60,20210208,210000,23.794,23.849,23.735,23.75,5287,0
FTAI.US,60,20210208,220000,23.829,23.888,23.72,23.859,14580,0
FTAI.US,60,20210209,160000,23.799,23.898,23.641,23.641,3271,0
FTAI.US,60,20210209,170000,23.75,23.75,23.423,23.572,7696,0
FTAI.US,60,20210209,180000,23.591,23.636,23.408,23.497,65315,0
FTAI.US,60,20210209,190000,23.497,23.591,23.453,23.502,20687,0
FTAI.US,60,20210209,200000,23.507,23.63,23.507,23.601,45551,0
FTAI.US,60,20210209,210000,23.577,24.047,23.562,23.938,133978,0
FTAI.US,60,20210209,220000,23.89,24.047,23.771,23.948,225059,0
FTAI.US,60,20210210,160000,24.67,26.946,24.254,26.916,315107,0
FTAI.US,60,20210210,170000,26.916,27.51,26.501,26.908,341640,0
FTAI.US,60,20210210,180000,26.916,27.025,26.728,26.995,131696,0
FTAI.US,60,20210210,190000,26.961,26.986,26.54,26.788,87442,0
FTAI.US,60,20210210,200000,26.798,27.322,26.748,27.322,154692,0
FTAI.US,60,20210210,210000,27.372,27.738,27.256,27.658,312574,0
FTAI.US,60,20210210,220000,27.678,27.926,27.47,27.678,658298,0
FTAI.US,60,20210211,160000,27.124,27.678,26.649,27.381,102688,0
FTAI.US,60,20210211,170000,27.391,27.609,26.778,26.916,75997,0
FTAI.US,60,20210211,180000,26.885,27.085,26.649,26.768,261263,0
FTAI.US,60,20210211,190000,26.837,26.966,26.649,26.946,129008,0
FTAI.US,60,20210211,200000,26.916,27.114,26.837,27.075,28169,0
FTAI.US,60,20210211,210000,27.119,27.282,26.926,27.193,43510,0
FTAI.US,60,20210211,220000,27.192,27.312,27.134,27.263,376454,0
FTAI.US,60,20210212,160000,27.213,27.668,27.193,27.431,52808,0
FTAI.US,60,20210212,170000,27.362,27.5,27.104,27.193,92914,0
FTAI.US,60,20210212,180000,27.213,27.302,27.134,27.144,82919,0
FTAI.US,60,20210212,190000,27.144,27.174,26.867,27.134,63839,0
FTAI.US,60,20210212,200000,27.099,27.188,26.837,26.897,17638,0
FTAI.US,60,20210212,210000,26.847,26.906,26.441,26.699,30868,0
FTAI.US,60,20210212,220000,26.639,27.124,26.629,27.104,204150,0
FTAI.US,60,20210216,160000,27.569,27.609,26.832,26.842,31470,0
FTAI.US,60,20210216,170000,26.867,26.877,26.422,26.807,54558,0
FTAI.US,60,20210216,180000,26.798,27.134,26.649,26.926,15418,0
FTAI.US,60,20210216,190000,26.926,27.055,26.728,26.738,33452,0
FTAI.US,60,20210216,200000,26.708,26.966,26.61,26.644,27973,0
FTAI.US,60,20210216,210000,26.61,26.664,26.204,26.54,74965,0
FTAI.US,60,20210216,220000,26.54,26.728,26.431,26.431,247940,0
FTAI.US,60,20210217,160000,26.372,26.55,26.105,26.422,15071,0
FTAI.US,60,20210217,170000,26.422,26.669,26.243,26.412,28908,0
FTAI.US,60,20210217,180000,26.402,26.491,26.144,26.352,27259,0
FTAI.US,60,20210217,190000,26.352,26.629,26.352,26.58,25475,0
FTAI.US,60,20210217,200000,26.629,26.708,26.362,26.451,27736,0
FTAI.US,60,20210217,210000,26.451,26.451,25.887,25.956,53795,0
FTAI.US,60,20210217,220000,26.006,26.115,25.669,25.966,415554,0
FTAI.US,60,20210218,160000,25.749,26.422,24.898,25.214,25662,0
FTAI.US,60,20210218,170000,25.234,25.234,24.64,24.982,69622,0
FTAI.US,60,20210218,180000,24.927,25.63,24.907,25.308,45704,0
FTAI.US,60,20210218,190000,25.234,25.234,24.957,25.036,25060,0
FTAI.US,60,20210218,200000,24.987,25.66,24.818,25.61,135705,0
FTAI.US,60,20210218,210000,25.58,26.293,25.541,26.144,83068,0
FTAI.US,60,20210218,220000,26.085,26.441,25.897,26.313,164349,0
FTAI.US,60,20210219,160000,26.323,26.897,26.308,26.639,21733,0
FTAI.US,60,20210219,170000,26.634,26.867,26.471,26.718,41097,0
FTAI.US,60,20210219,180000,26.718,26.807,26.57,26.57,66765,0
FTAI.US,60,20210219,190000,26.639,26.75,26.253,26.283,57325,0
FTAI.US,60,20210219,200000,26.332,26.491,26.283,26.378,129548,0
FTAI.US,60,20210219,210000,26.372,26.451,26.164,26.214,69769,0
FTAI.US,60,20210219,220000,26.234,26.481,26.234,26.352,272029,0
FTAI.US,60,20210222,160000,26.352,26.461,26.234,26.342,5715,0
FTAI.US,60,20210222,170000,26.313,26.362,26.115,26.174,24487,0
FTAI.US,60,20210222,180000,26.174,26.629,26.164,26.629,21627,0
FTAI.US,60,20210222,190000,26.649,26.843,26.639,26.669,25879,0
FTAI.US,60,20210222,200000,26.639,26.669,26.53,26.59,8322,0
FTAI.US,60,20210222,210000,26.614,26.778,26.506,26.619,44617,0
FTAI.US,60,20210222,220000,26.607,26.61,26.194,26.194,118797,0
FTAI.US,60,20210223,160000,26.194,26.194,25.382,25.947,15718,0
FTAI.US,60,20210223,170000,26.243,26.619,26.016,26.313,36750,0
FTAI.US,60,20210223,180000,26.303,26.481,26.144,26.337,24121,0
FTAI.US,60,20210223,190000,26.337,26.679,26.304,26.57,27819,0
FTAI.US,60,20210223,200000,26.54,26.798,26.491,26.639,28806,0
FTAI.US,60,20210223,210000,26.659,26.926,26.55,26.916,25884,0
FTAI.US,60,20210223,220000,26.926,27.253,26.812,27.104,149235,0
FTAI.US,60,20210224,160000,26.906,27.065,26.671,26.718,20899,0
FTAI.US,60,20210224,170000,26.768,26.877,26.511,26.708,48773,0
FTAI.US,60,20210224,180000,26.768,26.897,26.708,26.817,31276,0
FTAI.US,60,20210224,190000,26.817,26.827,26.6,26.639,9186,0
FTAI.US,60,20210224,200000,26.649,26.901,26.649,26.817,21299,0
FTAI.US,60,20210224,210000,26.847,26.946,26.57,26.807,22201,0
FTAI.US,60,20210224,220000,26.807,27.015,26.659,26.659,306001,0
FTAI.US,60,20210225,160000,26.382,26.699,26.332,26.58,5333,0
FTAI.US,60,20210225,170000,26.332,26.446,25.521,26.243,73756,0
FTAI.US,60,20210225,180000,26.263,26.461,26.174,26.199,43108,0
FTAI.US,60,20210225,190000,26.225,26.461,26.179,26.303,70330,0
FTAI.US,60,20210225,200000,26.273,26.352,25.996,26.224,36059,0
FTAI.US,60,20210225,210000,26.154,26.382,26.135,26.204,27473,0
FTAI.US,60,20210225,220000,26.204,26.283,25.561,25.561,409962,0
FTAI.US,60,20210226,160000,25.877,26.916,25.551,26.57,110633,0
FTAI.US,60,20210226,170000,26.679,26.807,25.778,26.377,138058,0
FTAI.US,60,20210226,180000,26.441,27.144,26.323,26.807,127742,0
FTAI.US,60,20210226,190000,26.798,27.154,26.699,26.827,81671,0
FTAI.US,60,20210226,200000,26.817,26.817,26.387,26.431,34653,0
FTAI.US,60,20210226,210000,26.347,27.015,26.164,26.936,43857,0
FTAI.US,60,20210226,220000,26.897,27.015,26.451,26.451,280849,0
FTAI.US,60,20210301,160000,27.035,27.174,26.758,26.872,37898,0
FTAI.US,60,20210301,170000,26.817,27.48,26.748,27.362,66301,0
FTAI.US,60,20210301,180000,27.411,27.688,27.332,27.658,65667,0
FTAI.US,60,20210301,190000,27.698,27.807,27.317,27.411,96657,0
FTAI.US,60,20210301,200000,27.401,27.401,27.144,27.223,24625,0
FTAI.US,60,20210301,210000,27.233,27.535,27.163,27.5,27227,0
FTAI.US,60,20210301,220000,27.569,27.634,27.411,27.5,119201,0
FTAI.US,60,20210302,160000,27.777,28.183,27.52,27.911,82987,0
FTAI.US,60,20210302,170000,27.856,28.015,27.342,27.545,134849,0
FTAI.US,60,20210302,180000,27.649,27.896,27.431,27.847,53596,0
FTAI.US,60,20210302,190000,27.807,27.995,27.56,27.896,53807,0
FTAI.US,60,20210302,200000,27.869,28.312,27.869,28.183,67491,0
FTAI.US,60,20210302,210000,28.168,28.223,27.881,28.064,90839,0
FTAI.US,60,20210302,220000,27.982,28.45,27.891,28.193,173707,0
FTAI.US,60,20210303,160000,28.064,28.994,28.064,28.866,73660,0
FTAI.US,60,20210303,170000,28.737,28.975,28.663,28.866,92734,0
FTAI.US,60,20210303,180000,28.9,29.182,28.608,29.064,77895,0
FTAI.US,60,20210303,190000,29.133,29.301,29.014,29.281,52074,0
FTAI.US,60,20210303,200000,29.212,29.376,29.147,29.173,25423,0
FTAI.US,60,20210303,210000,29.103,29.39,28.707,29.37,56954,0
FTAI.US,60,20210303,220000,29.349,29.43,29.024,29.281,118596,0
FTAI.US,60,20210304,160000,29.054,29.479,28.876,29.074,29620,0
FTAI.US,60,20210304,170000,29.074,29.514,28.658,29.331,50559,0
FTAI.US,60,20210304,180000,29.202,29.786,29.153,29.707,39691,0
FTAI.US,60,20210304,190000,29.707,29.915,29.074,29.074,25769,0
FTAI.US,60,20210304,200000,28.965,29.123,28.554,28.554,44266,0
FTAI.US,60,20210304,210000,28.511,28.985,28.43,28.985,44154,0
FTAI.US,60,20210304,220000,28.905,29.004,28.707,28.905,59269,0
FTAI.US,60,20210305,160000,29.578,29.915,29.246,29.45,29032,0
FTAI.US,60,20210305,170000,29.568,29.835,29.192,29.727,176643,0
FTAI.US,60,20210305,180000,29.796,29.796,29.489,29.667,126150,0
FTAI.US,60,20210305,190000,29.677,29.994,29.489,29.984,35008,0
FTAI.US,60,20210305,200000,29.915,30.014,29.756,29.925,34524,0
FTAI.US,60,20210305,210000,29.934,30.231,29.737,29.895,50659,0
FTAI.US,60,20210305,220000,29.905,30.736,29.905,30.38,188762,0
FTAI.US,60,20210308,160000,30.489,31.092,30.489,30.805,35120,0
FTAI.US,60,20210308,170000,30.696,31.122,30.528,31.023,96970,0
FTAI.US,60,20210308,180000,31.053,31.171,30.726,30.736,31313,0
FTAI.US,60,20210308,190000,30.805,31.152,30.617,31.152,39209,0
FTAI.US,60,20210308,200000,31.171,31.478,30.934,31.023,146104,0
FTAI.US,60,20210308,210000,30.924,31.231,30.677,30.736,42955,0
FTAI.US,60,20210308,220000,30.822,31.152,30.726,31.023,103846,0
FTAI.US,60,20210309,160000,30.904,31.122,30.538,30.88,17988,0
FTAI.US,60,20210309,170000,30.891,31.026,30.459,30.863,26379,0
FTAI.US,60,20210309,180000,30.83,31.073,30.83,31.073,17516,0
FTAI.US,60,20210309,190000,31.065,31.369,31.014,31.181,24896,0
FTAI.US,60,20210309,200000,31.125,31.211,30.924,30.944,19560,0
FTAI.US,60,20210309,210000,30.974,30.974,30.716,30.781,15028,0
FTAI.US,60,20210309,220000,30.805,30.934,30.737,30.845,53240,0
FTAI.US,60,20210310,160000,30.845,31.162,30.094,30.677,87641,0
FTAI.US,60,20210310,170000,30.782,31.359,30.766,30.904,21166,0
FTAI.US,60,20210310,180000,30.835,31.359,30.677,31.033,32841,0
FTAI.US,60,20210310,190000,31.079,31.251,30.855,31.013,14371,0
FTAI.US,60,20210310,200000,31.043,31.359,30.894,31.211,21607,0
FTAI.US,60,20210310,210000,31.201,31.369,31.053,31.34,1860923,0
FTAI.US,60,20210310,220000,31.34,31.369,31.053,31.31,157797,0
FTAI.US,60,20210311,160000,31.18,31.56,30.9,31.56,63057,0
FTAI.US,60,20210311,170000,31.67,31.68,31.09,31.345,53951,0
FTAI.US,60,20210311,180000,31.32,31.345,30.77,31.02,123506,0
FTAI.US,60,20210311,190000,31.015,31.16,30.84,30.98,60301,0
FTAI.US,60,20210311,200000,30.97,31.13,30.69,30.75,62098,0
FTAI.US,60,20210311,210000,30.73,30.93,30.53,30.53,104789,0
FTAI.US,60,20210311,220000,30.53,31.15,30.48,31.15,135944,0
FTAI.US,60,20210312,160000,30.9,31.29,30.9,31.02,27929,0
FTAI.US,60,20210312,170000,30.9934,31.33,30.9,31.12,52170,0
FTAI.US,60,20210312,180000,31.09,31.13,30.81,30.81,24984,0
FTAI.US,60,20210312,190000,30.8,30.88,30.665,30.665,49899,0
FTAI.US,60,20210312,200000,30.68,30.98,30.59,30.59,27531,0
FTAI.US,60,20210312,210000,30.6,30.79,30.55,30.59,60135,0
FTAI.US,60,20210312,220000,30.55,31.05,30.41,30.79,106102,0
FTAI.US,60,20210315,150000,30.55,30.67,30.2133,30.26,15846,0
FTAI.US,60,20210315,160000,30.3484,30.79,30.2,30.4075,70867,0
FTAI.US,60,20210315,170000,30.37,30.49,30.12,30.12,19336,0
FTAI.US,60,20210315,180000,30.12,30.19,29.78,30.15,31949,0
FTAI.US,60,20210315,190000,30.16,30.16,29.76,29.81,16904,0
FTAI.US,60,20210315,200000,29.8088,29.89,29.668,29.79,30993,0
FTAI.US,60,20210315,210000,29.79,30.35,29.65,30.29,123534,0
FTAI.US,60,20210316,150000,30.17,30.17,29.84,29.84,3662,0
FTAI.US,60,20210316,160000,29.6825,29.735,29.4,29.5,19837,0
FTAI.US,60,20210316,170000,29.52,29.91,29.49,29.83,20472,0
FTAI.US,60,20210316,180000,29.756,29.9096,29.6112,29.76,6496,0
FTAI.US,60,20210316,190000,29.7,29.9,29.65,29.714,20560,0
FTAI.US,60,20210316,200000,29.7799,30.1899,29.69,29.79,35385,0
FTAI.US,60,20210316,210000,29.835,30.13,29.75,29.8,321849,0
FTAI.US,60,20210317,150000,29.74,29.959,29.59,29.959,1882,0
FTAI.US,60,20210317,160000,29.99,30.25,29.706,29.78,70632,0
FTAI.US,60,20210317,170000,29.7396,29.97,29.7396,29.75,7850,0
FTAI.US,60,20210317,180000,29.72,30.11,29.6,30.09,17586,0
FTAI.US,60,20210317,190000,30.08,30.18,29.9,30.025,20857,0
FTAI.US,60,20210317,200000,30.16,30.325,29.98,30.2,27139,0
FTAI.US,60,20210317,210000,30.2,30.43,30.05,30.2,401494,0
FTAI.US,60,20210318,150000,30.1,30.13,29.815,30,5842,0
FTAI.US,60,20210318,160000,30.1428,30.6,30.0146,30.6,23390,0
FTAI.US,60,20210318,170000,30.6,30.99,30.45,30.99,32047,0
FTAI.US,60,20210318,180000,31,31,30.55,30.65,45003,0
FTAI.US,60,20210318,190000,30.66,30.72,30.44,30.58,15598,0
FTAI.US,60,20210318,200000,30.56,30.58,30.01,30.03,55713,0
FTAI.US,60,20210318,210000,29.975,30.17,29.24,29.47,128505,0
FTAI.US,60,20210319,150000,29.34,30.02,28.79,29.938,50084,0
FTAI.US,60,20210319,160000,29.88,29.97,29.36,29.67,12546,0
FTAI.US,60,20210319,170000,29.67,29.6906,29.07,29.11,48704,0
FTAI.US,60,20210319,180000,29.21,29.61,29.05,29.61,141732,0
FTAI.US,60,20210319,190000,29.5,29.5,29.155,29.225,40984,0
FTAI.US,60,20210319,200000,29.25,29.39,29.01,29.095,42337,0
FTAI.US,60,20210319,210000,29.07,29.22,28.74,29.02,62198,0
FTAI.US,60,20210322,150000,28.98,28.98,28.11,28.33,36642,0
FTAI.US,60,20210322,160000,28.33,28.56,28.17,28.33,29766,0
FTAI.US,60,20210322,170000,28.33,28.59,28.21,28.58,14388,0
FTAI.US,60,20210322,180000,28.555,28.6,28.1,28.21,20801,0
FTAI.US,60,20210322,190000,28.27,28.445,28.26,28.39,49331,0
FTAI.US,60,20210322,200000,28.41,28.6,28.331,28.35,32551,0
FTAI.US,60,20210322,210000,28.3461,28.42,28.11,28.27,104915,0
FTAI.US,60,20210323,150000,27.96,27.9999,27.47,27.92,17801,0
FTAI.US,60,20210323,160000,28,28,27.27,27.56,36533,0
FTAI.US,60,20210323,170000,27.58,27.82,27.0401,27.2496,49924,0
FTAI.US,60,20210323,180000,27.14,27.365,26.94,27.04,44004,0
FTAI.US,60,20210323,190000,27.06,27.23,26.9358,27.12,33795,0
FTAI.US,60,20210323,200000,27.07,27.225,26.7,26.72,40081,0
FTAI.US,60,20210323,210000,26.722,27.11,26.722,27,194596,0
FTAI.US,60,20210324,150000,27.2,27.92,27.2,27.75,18367,0
FTAI.US,60,20210324,160000,27.75,28.29,27.75,28.145,89218,0
FTAI.US,60,20210324,170000,28.16,28.16,27.87,27.99,54540,0
FTAI.US,60,20210324,180000,27.99,28.265,27.955,28.07,16706,0
FTAI.US,60,20210324,190000,28.09,28.19,27.8,27.88,49306,0
FTAI.US,60,20210324,200000,27.88,28.09,27.72,27.81,57258,0
FTAI.US,60,20210324,210000,27.79,28.01,27.5958,27.94,170726,0
FTAI.US,60,20210325,150000,27.81,27.81,27.19,27.38,14452,0
FTAI.US,60,20210325,160000,27.445,27.8,27.32,27.34,26727,0
FTAI.US,60,20210325,170000,27.385,27.82,27.37,27.8,34155,0
FTAI.US,60,20210325,180000,27.8,28.4,27.725,28.38,52319,0
FTAI.US,60,20210325,190000,28.33,28.3899,28.08,28.2,15851,0
FTAI.US,60,20210325,200000,28.12,28.4,28.0493,28.35,27258,0
FTAI.US,60,20210325,210000,28.4,28.66,28.22,28.4,77572,0
FTAI.US,60,20210326,150000,28.5,28.75,28.14,28.75,46499,0
FTAI.US,60,20210326,160000,28.75,29.17,28.68,28.935,39104,0
FTAI.US,60,20210326,170000,28.88,29,28.76,28.895,19825,0
FTAI.US,60,20210326,180000,28.945,28.965,28.75,28.815,21332,0
FTAI.US,60,20210326,190000,28.8123,28.915,28.65,28.705,25971,0
FTAI.US,60,20210326,200000,28.65,28.805,28.49,28.7,37938,0
FTAI.US,60,20210326,210000,28.725,29.39,28.72,29.24,135506,0
FTAI.US,60,20210329,160000,29.4,29.63,29,29.25,33954,0
FTAI.US,60,20210329,170000,29.25,29.34,28.52,28.55,52862,0
FTAI.US,60,20210329,180000,28.57,28.65,28.3719,28.5,45087,0
FTAI.US,60,20210329,190000,28.56,28.604,28.14,28.49,27740,0
FTAI.US,60,20210329,200000,28.435,28.66,28.045,28.12,48881,0
FTAI.US,60,20210329,210000,28.17,28.21,27.8332,27.9956,84902,0
FTAI.US,60,20210329,220000,28.02,28.58,27.74,27.9,280667,0
FTAI.US,60,20210330,160000,27.84,28.2381,27.5,27.9,20904,0
FTAI.US,60,20210330,170000,27.87,28.07,27.85,27.95,21578,0
FTAI.US,60,20210330,180000,28.0399,28.4371,27.94,28.2205,11191,0
FTAI.US,60,20210330,190000,28.19,28.19,27.98,28.165,5062,0
FTAI.US,60,20210330,200000,28.17,28.28,27.86,27.93,21603,0
FTAI.US,60,20210330,210000,28.035,28.095,27.905,28.095,11504,0
FTAI.US,60,20210330,220000,28.095,28.15,27.96,27.97,33433,0
FTAI.US,60,20210331,160000,28.1,28.57,28.1,28.37,7735,0
FTAI.US,60,20210331,170000,28.205,28.5,28.205,28.49,30294,0
FTAI.US,60,20210331,180000,28.42,28.48,28.27,28.4,19223,0
FTAI.US,60,20210331,190000,28.4,28.5,28.37,28.455,55245,0
FTAI.US,60,20210331,200000,28.48,28.7,28.155,28.26,53766,0
FTAI.US,60,20210331,210000,28.23,28.51,28.17,28.29,42735,0
FTAI.US,60,20210331,220000,28.29,28.48,28.19,28.19,134599,0
FTAI.US,60,20210401,160000,28.39,28.5,28.0015,28.28,13269,0
FTAI.US,60,20210401,170000,28.27,28.75,28.26,28.66,63492,0
FTAI.US,60,20210401,180000,28.67,28.71,28.03,28.05,38596,0
FTAI.US,60,20210401,190000,28.17,28.39,28.08,28.125,17789,0
FTAI.US,60,20210401,200000,28.12,28.2,27.9,28.2,16648,0
FTAI.US,60,20210401,210000,28.175,28.24,27.96,28.24,26210,0
FTAI.US,60,20210401,220000,28.14,28.29,28.1,28.27,33246,0
FTAI.US,60,20210405,160000,28.27,28.4,27.55,27.92,30927,0
FTAI.US,60,20210405,170000,27.7226,28.4,27.7226,28.2,27760,0
FTAI.US,60,20210405,180000,28.11,28.19,28.06,28.18,27193,0
FTAI.US,60,20210405,190000,28.215,28.35,28.1,28.27,35482,0
FTAI.US,60,20210405,200000,28.34,28.49,28.251,28.46,24908,0
FTAI.US,60,20210405,210000,28.455,28.5,28.33,28.385,35914,0
FTAI.US,60,20210405,220000,28.35,28.53,28.32,28.4,86529,0
FTAI.US,60,20210406,160000,28.13,28.42,28.01,28.42,11657,0
FTAI.US,60,20210406,170000,28.4,28.415,28.03,28.115,12777,0
FTAI.US,60,20210406,180000,28.1,28.18,27.88,28.02,13387,0
FTAI.US,60,20210406,190000,27.99,27.99,27.84,27.95,7565,0
FTAI.US,60,20210406,200000,27.9448,28.1734,27.94,28.04,17944,0
FTAI.US,60,20210406,210000,28.098,28.1562,28,28,42768,0
FTAI.US,60,20210406,220000,28,28.13,27.75,27.76,111462,0
FTAI.US,60,20210407,160000,27.81,27.97,27.61,27.69,5141,0
FTAI.US,60,20210407,170000,27.78,27.97,27.64,27.805,23717,0
FTAI.US,60,20210407,180000,27.83,28.14,27.83,28.14,29639,0
FTAI.US,60,20210407,190000,28.15,28.15,28,28.14,13845,0
FTAI.US,60,20210407,200000,28.1265,28.2,28,28.2,55537,0
FTAI.US,60,20210407,210000,28.2,28.42,28.19,28.39,41046,0
FTAI.US,60,20210407,220000,28.41,28.45,28.13,28.19,32504,0
FTAI.US,60,20210408,160000,28.22,28.24,27.5901,27.7102,33636,0
FTAI.US,60,20210408,170000,27.79,27.92,27.42,27.81,34107,0
FTAI.US,60,20210408,180000,27.865,28.11,27.86,27.995,7359,0
FTAI.US,60,20210408,190000,27.9655,28.2,27.9641,28.17,17216,0
FTAI.US,60,20210408,200000,28.225,28.29,28.14,28.22,19287,0
FTAI.US,60,20210408,210000,28.23,28.46,28.23,28.3,24891,0
FTAI.US,60,20210408,220000,28.37,28.68,28.32,28.58,135836,0
FTAI.US,60,20210409,160000,28.49,28.5,28.27,28.5,5158,0
FTAI.US,60,20210409,170000,28.32,28.64,28.29,28.54,58615,0
FTAI.US,60,20210409,180000,28.52,29.37,28.508,29.22,180789,0
FTAI.US,60,20210409,190000,29.2,29.3,28.78,29.155,46877,0
FTAI.US,60,20210409,200000,29.14,29.1591,28.7901,28.985,27939,0
FTAI.US,60,20210409,210000,28.985,29.2238,28.84,28.88,36650,0
FTAI.US,60,20210409,220000,28.81,29.22,28.46,28.72,144619,0
FTAI.US,60,20210412,160000,28.7,28.7,27.7,27.91,21658,0
FTAI.US,60,20210412,170000,27.7,28.09,27.66,27.84,31288,0
FTAI.US,60,20210412,180000,27.84,28.15,27.74,27.93,30156,0
FTAI.US,60,20210412,190000,27.83,27.9,27.61,27.66,29371,0
FTAI.US,60,20210412,200000,27.65,27.88,27.23,27.84,40486,0
FTAI.US,60,20210412,210000,27.84,27.8976,27.741,27.8,20939,0
FTAI.US,60,20210412,220000,27.75,27.93,27.72,27.76,157628,0
FTAI.US,60,20210413,160000,27.61,27.6515,27.04,27.26,38032,0
FTAI.US,60,20210413,170000,27.2856,27.709,27.23,27.49,54673,0
FTAI.US,60,20210413,180000,27.45,27.64,27.37,27.37,28300,0
FTAI.US,60,20210413,190000,27.435,27.68,27.43,27.625,40941,0
FTAI.US,60,20210413,200000,27.65,27.8,27.56,27.7,42491,0
FTAI.US,60,20210413,210000,27.72,27.98,27.69,27.85,40531,0
FTAI.US,60,20210413,220000,27.8,28.1,27.68,28.08,147963,0
FTAI.US,60,20210414,160000,28.06,28.34,27.9931,28.34,21204,0
FTAI.US,60,20210414,170000,28.29,28.86,28.16,28.65,35065,0
FTAI.US,60,20210414,180000,28.7999,28.7999,28.18,28.365,13664,0
FTAI.US,60,20210414,190000,28.21,28.5399,28.16,28.28,13283,0
FTAI.US,60,20210414,200000,28.22,28.36,28.18,28.26,14810,0
FTAI.US,60,20210414,210000,28.225,28.31,28.198,28.25,26947,0
FTAI.US,60,20210414,220000,28.24,28.47,28.13,28.25,488226,0
FTAI.US,60,20210415,160000,28.63,28.63,27.79,27.81,14357,0
FTAI.US,60,20210415,170000,27.83,28.41,27.82,28.31,38604,0
FTAI.US,60,20210415,180000,28.3,28.39,28.21,28.31,22277,0
FTAI.US,60,20210415,190000,28.33,28.583,28.245,28.49,23642,0
FTAI.US,60,20210415,200000,28.49,28.61,28.49,28.525,22628,0
FTAI.US,60,20210415,210000,28.51,28.72,28.48,28.5,42629,0
FTAI.US,60,20210415,220000,28.5,28.71,28.2,28.5,192991,0
FTAI.US,60,20210416,160000,28.61,28.72,28.4242,28.4242,6213,0
FTAI.US,60,20210416,170000,28.4522,28.4522,28.07,28.2,33762,0
FTAI.US,60,20210416,180000,28.2227,28.73,28.13,28.62,110568,0
FTAI.US,60,20210416,190000,28.58,28.59,28.27,28.27,29174,0
FTAI.US,60,20210416,200000,28.28,28.31,27.93,28,170896,0
FTAI.US,60,20210416,210000,28,28.14,27.875,28.07,77585,0
FTAI.US,60,20210416,220000,28.03,28.09,27.2,27.2,833043,0
FTAI.US,60,20210419,160000,27.21,27.945,27.21,27.48,19227,0
FTAI.US,60,20210419,170000,27.31,27.7,27.252,27.495,25769,0
FTAI.US,60,20210419,180000,27.5,27.52,27.2715,27.51,43810,0
FTAI.US,60,20210419,190000,27.49,27.68,27.4,27.4,19982,0
FTAI.US,60,20210419,200000,27.5,27.625,27.38,27.625,24854,0
FTAI.US,60,20210419,210000,27.66,27.71,27.56,27.66,15952,0
FTAI.US,60,20210419,220000,27.69,27.69,27.5,27.53,220775,0
FTAI.US,60,20210420,160000,27.37,27.45,27.22,27.45,15628,0
FTAI.US,60,20210420,170000,27.38,27.55,27.36,27.4,43445,0
FTAI.US,60,20210420,180000,27.36,27.4,27.02,27.37,66426,0
FTAI.US,60,20210420,190000,27.37,27.52,27.3,27.48,22809,0
FTAI.US,60,20210420,200000,27.479,27.479,27.076,27.27,22499,0
FTAI.US,60,20210420,210000,27.23,27.51,27.18,27.5,39022,0
FTAI.US,60,20210420,220000,27.49,27.79,27.41,27.61,90183,0
FTAI.US,60,20210421,160000,27.34,27.76,27.24,27.62,8109,0
FTAI.US,60,20210421,170000,27.505,28.3,27.505,28.225,28064,0
FTAI.US,60,20210421,180000,28.29,28.55,28.07,28.55,44521,0
FTAI.US,60,20210421,190000,28.4958,28.85,28.44,28.85,14624,0
FTAI.US,60,20210421,200000,28.82,28.84,28.59,28.775,15870,0
FTAI.US,60,20210421,210000,28.775,28.84,28.58,28.68,25450,0
FTAI.US,60,20210421,220000,28.67,28.88,28.49,28.81,115426,0
FTAI.US,60,20210422,160000,28.86,28.98,28.44,28.95,13075,0
FTAI.US,60,20210422,170000,28.88,29.3,28.87,29.02,54783,0
FTAI.US,60,20210422,180000,29.02,29.18,28.81,29.05,48473,0
FTAI.US,60,20210422,190000,29.01,29.35,28.82,29.32,16874,0
FTAI.US,60,20210422,200000,29.33,29.335,28.71,28.71,25514,0
FTAI.US,60,20210422,210000,28.7,28.855,28.46,28.785,19900,0
FTAI.US,60,20210422,220000,28.85,28.9,28.56,28.71,89811,0
FTAI.US,60,20210423,160000,28.96,29.33,28.69,29.33,17860,0
FTAI.US,60,20210423,170000,29.239,29.27,29.135,29.19,15357,0
FTAI.US,60,20210423,180000,29.145,29.235,29,29.18,8299,0
FTAI.US,60,20210423,190000,29.22,29.255,28.9445,28.9445,16065,0
FTAI.US,60,20210423,200000,29.01,29.14,28.96,29.0664,19166,0
FTAI.US,60,20210423,210000,29.1,29.13,28.9501,29.13,12603,0
FTAI.US,60,20210423,220000,29.13,29.205,28.77,28.8,127167,0
FTAI.US,60,20210426,160000,29,29.87,28.8419,29.62,34317,0
FTAI.US,60,20210426,170000,29.62,29.89,29.47,29.6,99344,0
FTAI.US,60,20210426,180000,29.66,29.76,29.56,29.62,74300,0
FTAI.US,60,20210426,190000,29.67,29.74,29.51,29.725,68846,0
FTAI.US,60,20210426,200000,29.72,29.74,29.63,29.685,67272,0
FTAI.US,60,20210426,210000,29.73,29.74,29.62,29.69,74440,0
FTAI.US,60,20210426,220000,29.69,29.73,29.49,29.49,539694,0
FTAI.US,60,20210427,160000,29.1,29.35,29.02,29.09,82250,0
FTAI.US,60,20210427,170000,29.09,29.12,28.83,29.07,294538,0
FTAI.US,60,20210427,180000,29.07,29.13,28.76,28.8493,165302,0
FTAI.US,60,20210427,190000,28.85,29.46,28.85,29.38,84738,0
FTAI.US,60,20210427,200000,29.38,29.67,29.37,29.62,93080,0
FTAI.US,60,20210427,210000,29.64,29.67,29.27,29.605,118090,0
FTAI.US,60,20210427,220000,29.61,29.82,29.53,29.53,661662,0
FTAI.US,60,20210428,160000,29.65,30.11,29.65,30.01,27262,0
FTAI.US,60,20210428,170000,29.85,30.15,29.73,29.82,85796,0
FTAI.US,60,20210428,180000,29.9119,30.25,29.8,30.2,39032,0
FTAI.US,60,20210428,190000,30.21,30.32,29.78,29.78,52982,0
FTAI.US,60,20210428,200000,29.87,29.87,29.5,29.79,39712,0
FTAI.US,60,20210428,210000,29.79,29.98,29.73,29.91,53548,0
FTAI.US,60,20210428,220000,29.905,29.95,29.64,29.95,110504,0
FTAI.US,60,20210429,160000,30,30,29.7101,29.97,34502,0
FTAI.US,60,20210429,170000,29.93,30,29.5,29.52,51408,0
FTAI.US,60,20210429,180000,29.54,29.6,29.44,29.48,42948,0
FTAI.US,60,20210429,190000,29.51,29.51,29.24,29.38,49704,0
FTAI.US,60,20210429,200000,29.37,29.7,29.3475,29.61,51874,0
FTAI.US,60,20210429,210000,29.61,29.98,29.59,29.94,76580,0
FTAI.US,60,20210429,220000,29.94,30.1,29.79,29.93,240296,0
FTAI.US,60,20210430,160000,29.29,30.41,29.29,30.19,77440,0
FTAI.US,60,20210430,170000,30.15,30.22,29.52,29.795,118286,0
FTAI.US,60,20210430,180000,29.8,29.86,29.31,29.415,81552,0
FTAI.US,60,20210430,190000,29.3632,29.425,28.55,28.99,88318,0
FTAI.US,60,20210430,200000,28.99,29.11,28.73,28.98,72172,0
FTAI.US,60,20210430,210000,28.86,29.17,28.82,29.06,51314,0
FTAI.US,60,20210430,220000,29.04,29.2,28.07,28.2,456966,0
FTAI.US,60,20210503,160000,28.6,28.8,27.56,27.63,47359,0
FTAI.US,60,20210503,170000,27.63,27.91,27.38,27.83,77241,0
FTAI.US,60,20210503,180000,27.7608,28.3,27.56,27.85,141423,0
FTAI.US,60,20210503,190000,27.85,27.99,27.77,27.985,31444,0
FTAI.US,60,20210503,200000,27.97,27.97,27.72,27.75,13728,0
FTAI.US,60,20210503,210000,27.775,28.07,27.63,28.025,94123,0
FTAI.US,60,20210503,220000,28.025,28.11,27.58,27.59,181201,0
FTAI.US,60,20210504,160000,27.5,27.97,27.05,27.07,25971,0
FTAI.US,60,20210504,170000,27.06,27.66,26.61,27.46,102150,0
FTAI.US,60,20210504,180000,27.4,27.59,27.25,27.51,96546,0
FTAI.US,60,20210504,190000,27.52,27.85,27.375,27.568,28376,0
FTAI.US,60,20210504,200000,27.59,27.64,27.41,27.505,22331,0
FTAI.US,60,20210504,210000,27.48,27.48,27.17,27.4,38786,0
FTAI.US,60,20210504,220000,27.4,27.44,27.22,27.35,124224,0
FTAI.US,60,20210505,160000,27.5,27.5,27.35,27.38,4924,0
FTAI.US,60,20210505,170000,27.3308,27.6,27.15,27.6,18441,0
FTAI.US,60,20210505,180000,27.6,27.8293,27.51,27.54,32360,0
FTAI.US,60,20210505,190000,27.59,27.74,27.445,27.74,23459,0
FTAI.US,60,20210505,200000,27.69,27.72,27.475,27.54,18195,0
FTAI.US,60,20210505,210000,27.56,27.655,27.51,27.55,21035,0
FTAI.US,60,20210505,220000,27.54,27.72,27.44,27.65,110756,0
FTAI.US,60,20210506,160000,27.57,27.6876,27.33,27.435,6513,0
FTAI.US,60,20210506,170000,27.33,27.33,26.73,27.09,45639,0
FTAI.US,60,20210506,180000,27.265,27.41,27.12,27.41,23023,0
FTAI.US,60,20210506,190000,27.37,27.5,27.28,27.32,27772,0
FTAI.US,60,20210506,200000,27.26,27.5,27.11,27.47,64444,0
FTAI.US,60,20210506,210000,27.44,27.67,27.4,27.6,24788,0
FTAI.US,60,20210506,220000,27.6,27.86,27.39,27.86,52989,0
FTAI.US,60,20210507,160000,28,28.8,28,28.8,12910,0
FTAI.US,60,20210507,170000,28.725,28.91,28.6301,28.735,20652,0
FTAI.US,60,20210507,180000,28.69,28.7,28.39,28.3901,37121,0
FTAI.US,60,20210507,190000,28.39,28.44,28.24,28.34,41992,0
FTAI.US,60,20210507,200000,28.36,28.41,28.3,28.3448,8282,0
FTAI.US,60,20210507,210000,28.335,28.39,28.21,28.27,23336,0
FTAI.US,60,20210507,220000,28.27,28.43,28.2,28.42,76700,0
FTAI.US,60,20210510,160000,28.57,28.7157,28.315,28.315,8726,0
FTAI.US,60,20210510,170000,28.315,28.7,28.21,28.64,33578,0
FTAI.US,60,20210510,180000,28.62,28.78,28.6,28.72,15943,0
FTAI.US,60,20210510,190000,28.715,28.75,28.51,28.66,45482,0
FTAI.US,60,20210510,200000,28.61,28.715,28.47,28.5,8561,0
FTAI.US,60,20210510,210000,28.5,28.635,28.3,28.46,34451,0
FTAI.US,60,20210510,220000,28.46,28.52,28.37,28.5,66522,0
FTAI.US,60,20210511,160000,28,28.2591,28,28.05,11577,0
FTAI.US,60,20210511,170000,28.07,28.5,28,28.07,80143,0
FTAI.US,60,20210511,180000,28,28.3984,28,28.27,13753,0
FTAI.US,60,20210511,190000,28.22,28.27,28.2,28.21,27999,0
FTAI.US,60,20210511,200000,28.22,28.39,28.215,28.36,10942,0
FTAI.US,60,20210511,210000,28.44,28.785,28.43,28.7,23309,0
FTAI.US,60,20210511,220000,28.69,28.75,28.34,28.41,89779,0
FTAI.US,60,20210512,160000,28.38,28.6168,28.3,28.3741,50366,0
FTAI.US,60,20210512,170000,28.345,28.57,28.3,28.37,42368,0
FTAI.US,60,20210512,180000,28.33,28.42,28.25,28.26,40708,0
FTAI.US,60,20210512,190000,28.27,28.34,28.22,28.25,52487,0
FTAI.US,60,20210512,200000,28.23,28.278,27.8606,27.865,58649,0
FTAI.US,60,20210512,210000,27.85,27.85,27.28,27.53,87338,0
FTAI.US,60,20210512,220000,27.49,27.5883,27.04,27.14,233718,0
FTAI.US,60,20210513,160000,26.75,27.36,26.75,27.0672,9689,0
FTAI.US,60,20210513,170000,27.3,27.455,27.125,27.15,10752,0
FTAI.US,60,20210513,180000,27.185,27.23,26.61,26.925,24958,0
FTAI.US,60,20210513,190000,26.8809,27.03,26.6765,26.89,19332,0
FTAI.US,60,20210513,200000,26.92,26.92,26.39,26.5051,58286,0
FTAI.US,60,20210513,210000,26.59,26.84,26.54,26.84,21471,0
FTAI.US,60,20210513,220000,26.84,27.09,26.84,26.99,22732,0
FTAI.US,60,20210514,160000,27.13,27.4096,27.01,27.09,5293,0
FTAI.US,60,20210514,170000,27.12,27.39,27.1,27.245,62635,0
FTAI.US,60,20210514,180000,27.25,27.455,27.08,27.41,18774,0
FTAI.US,60,20210514,190000,27.41,27.46,27.33,27.4,9512,0
FTAI.US,60,20210514,200000,27.4,27.5,27.32,27.4,18599,0
FTAI.US,60,20210514,210000,27.458,27.5002,27.35,27.45,15358,0
FTAI.US,60,20210514,220000,27.41,27.52,27.28,27.34,73102,0
FTAI.US,60,20210517,160000,26.94,27.14,26.4,26.4,6750,0
FTAI.US,60,20210517,170000,26.48,27.23,26.465,27.105,37895,0
FTAI.US,60,20210517,180000,27,27.18,26.85,26.9805,28839,0
FTAI.US,60,20210517,190000,26.97,27.42,26.88,27.42,25340,0
FTAI.US,60,20210517,200000,27.42,27.45,27.17,27.27,7987,0
FTAI.US,60,20210517,210000,27.31,27.35,27.14,27.235,12402,0
FTAI.US,60,20210517,220000,27.31,27.53,27.2,27.4,64434,0
FTAI.US,60,20210518,160000,27.42,27.45,27.2,27.2,2558,0
FTAI.US,60,20210518,170000,27.2663,27.38,27.06,27.19,7838,0
FTAI.US,60,20210518,180000,27.3099,27.38,27.02,27.288,29217,0
FTAI.US,60,20210518,190000,27.29,27.29,27.06,27.09,4884,0
FTAI.US,60,20210518,200000,27.15,27.3095,27.1,27.3,11664,0
FTAI.US,60,20210518,210000,27.3,27.39,27.16,27.275,19725,0
FTAI.US,60,20210518,220000,27.23,27.34,27.18,27.28,21945,0
FTAI.US,60,20210519,160000,27.01,27.28,26.35,26.445,15808,0
FTAI.US,60,20210519,170000,26.5,27.02,26.4737,27.02,31527,0
FTAI.US,60,20210519,180000,26.92,27.4,26.885,27.32,16639,0
FTAI.US,60,20210519,190000,27.34,27.34,26.8601,27.07,57818,0
FTAI.US,60,20210519,200000,27.04,27.12,26.91,27.015,13165,0
FTAI.US,60,20210519,210000,27,27.27,26.87,26.96,41844,0
FTAI.US,60,20210519,220000,26.95,27.0499,26.925,26.96,42480,0
FTAI.US,60,20210520,160000,27.05,27.12,26.6,26.6,22698,0
FTAI.US,60,20210520,170000,26.675,27.05,26.54,26.99,28478,0
FTAI.US,60,20210520,180000,27,27.15,26.89,27.08,17917,0
FTAI.US,60,20210520,190000,27.08,28.36,26.9,28.36,76142,0
FTAI.US,60,20210520,200000,28.3,28.47,27.99,28.04,52213,0
FTAI.US,60,20210520,210000,28.03,28.19,27.7,27.9,47968,0
FTAI.US,60,20210520,220000,27.945,28.24,27.925,28.24,76369,0
FTAI.US,60,20210521,160000,28.46,28.98,28.41,28.67,15873,0
FTAI.US,60,20210521,170000,28.75,29.5903,28.75,29.45,70894,0
FTAI.US,60,20210521,180000,29.4,29.695,29.4,29.51,145988,0
FTAI.US,60,20210521,190000,29.52,29.67,29.33,29.39,24583,0
FTAI.US,60,20210521,200000,29.39,29.41,29.01,29.01,36538,0
FTAI.US,60,20210521,210000,29.08,29.34,28.89,29.1,66879,0
FTAI.US,60,20210521,220000,29.105,29.24,28.83,29,192411,0
FTAI.US,60,20210524,160000,29.27,29.4499,29.1155,29.33,13887,0
FTAI.US,60,20210524,170000,29.28,29.4073,29.16,29.22,13619,0
FTAI.US,60,20210524,180000,29.264,29.32,29.08,29.08,6120,0
FTAI.US,60,20210524,190000,29.1,29.15,28.9,28.96,9977,0
FTAI.US,60,20210524,200000,28.96,28.96,28.83,28.86,4160,0
FTAI.US,60,20210524,210000,28.83,28.83,28.47,28.615,26262,0
FTAI.US,60,20210524,220000,28.58,28.68,28.53,28.54,168125,0
FTAI.US,60,20210525,160000,28.76,28.915,28.4038,28.85,16829,0
FTAI.US,60,20210525,170000,28.87,28.87,28.34,28.665,56797,0
FTAI.US,60,20210525,180000,28.62,28.82,28.575,28.8,6048,0
FTAI.US,60,20210525,190000,28.8,28.8,28.67,28.76,4885,0
FTAI.US,60,20210525,200000,28.69,29.09,28.69,29.09,10102,0
FTAI.US,60,20210525,210000,28.98,29.08,28.75,28.75,4699,0
FTAI.US,60,20210525,220000,28.83,28.88,28.51,28.53,101773,0
FTAI.US,60,20210526,160000,28.6,28.82,28.14,28.57,21654,0
FTAI.US,60,20210526,170000,28.73,29.09,28.45,29,21937,0
FTAI.US,60,20210526,180000,28.971,29.01,28.9,28.975,6990,0
FTAI.US,60,20210526,190000,28.98,29.02,28.77,28.885,16298,0
FTAI.US,60,20210526,200000,28.92,29.05,28.88,28.98,17914,0
FTAI.US,60,20210526,210000,29.03,29.15,28.93,29.13,8723,0
FTAI.US,60,20210526,220000,29.145,29.26,29.02,29.16,37307,0
FTAI.US,60,20210527,160000,29.43,29.5,29.26,29.49,6290,0
FTAI.US,60,20210527,170000,29.47,29.7,29.21,29.29,39885,0
FTAI.US,60,20210527,180000,29.36,29.43,29.27,29.3,9862,0
FTAI.US,60,20210527,190000,29.28,29.59,29.21,29.535,22692,0
FTAI.US,60,20210527,200000,29.45,29.61,29.38,29.53,23656,0
FTAI.US,60,20210527,210000,29.49,29.58,29.37,29.41,24179,0
FTAI.US,60,20210527,220000,29.5,29.51,29.32,29.38,56830,0
FTAI.US,60,20210528,160000,29.53,29.6,29.5,29.5,2180,0
FTAI.US,60,20210528,170000,29.1701,29.4,29.1701,29.4,3725,0
FTAI.US,60,20210528,180000,29.38,29.38,29.09,29.09,4950,0
FTAI.US,60,20210528,190000,29.1,29.27,29.01,29.27,16492,0
FTAI.US,60,20210528,200000,29.22,29.39,29.22,29.31,6799,0
FTAI.US,60,20210528,210000,29.3115,29.3115,29.17,29.24,4149,0
FTAI.US,60,20210528,220000,29.24,29.32,29.0801,29.24,22619,0
FTAI.US,60,20210601,160000,29.38,29.44,29.2,29.38,8804,0
FTAI.US,60,20210601,170000,29.32,29.67,29.32,29.53,33224,0
FTAI.US,60,20210601,180000,29.6,29.67,29.4,29.53,29092,0
FTAI.US,60,20210601,190000,29.47,29.6,29.24,29.3,23359,0
FTAI.US,60,20210601,200000,29.34,29.39,29.29,29.39,4720,0
FTAI.US,60,20210601,210000,29.34,29.44,29.32,29.37,6544,0
FTAI.US,60,20210601,220000,29.4,29.43,28.9,28.9,110444,0
FTAI.US,60,20210602,160000,28.98,28.98,28.02,28.07,16131,0
FTAI.US,60,20210602,170000,28.335,28.51,28.09,28.51,18346,0
FTAI.US,60,20210602,180000,28.39,28.91,28.39,28.83,24945,0
FTAI.US,60,20210602,190000,28.83,28.9,28.73,28.89,19511,0
FTAI.US,60,20210602,200000,29,29.255,28.95,29.25,21068,0
FTAI.US,60,20210602,210000,29.225,29.25,28.72,28.87,21567,0
FTAI.US,60,20210602,220000,28.87,28.87,28.0701,28.16,72988,0
FTAI.US,60,20210603,160000,28,28.23,27.6,28.2,5864,0
FTAI.US,60,20210603,170000,28.0824,28.32,27.87,28.25,7231,0
FTAI.US,60,20210603,180000,28.23,28.285,28.03,28.16,4016,0
FTAI.US,60,20210603,190000,28.15,28.21,28.075,28.08,14966,0
FTAI.US,60,20210603,200000,28.15,28.42,28.08,28.38,17265,0
FTAI.US,60,20210603,210000,28.42,28.42,28.355,28.41,4700,0
FTAI.US,60,20210603,220000,28.37,28.44,28.01,28.09,87503,0
FTAI.US,60,20210604,160000,28.11,28.36,28.11,28.25,4987,0
FTAI.US,60,20210604,170000,28.15,28.15,27.9732,28.04,13521,0
FTAI.US,60,20210604,180000,28.0104,28.03,27.79,28.01,18030,0
FTAI.US,60,20210604,190000,27.95,28.31,27.95,28.31,18013,0
FTAI.US,60,20210604,200000,28.42,28.77,28.27,28.6058,17279,0
FTAI.US,60,20210604,210000,28.61,28.7,28.5,28.67,8838,0
FTAI.US,60,20210604,220000,28.69,28.94,28.57,28.89,186002,0
FTAI.US,60,20210607,160000,28.88,29.26,28.32,28.99,9359,0
FTAI.US,60,20210607,170000,28.995,29.15,28.86,29.13,30317,0
FTAI.US,60,20210607,180000,29.15,29.26,29.05,29.26,39311,0
FTAI.US,60,20210607,190000,29.32,30.11,29.25,29.935,193055,0
FTAI.US,60,20210607,200000,29.895,30.09,29.705,29.99,119516,0
FTAI.US,60,20210607,210000,29.99,30.13,29.945,30.06,46852,0
FTAI.US,60,20210607,220000,29.97,30.205,29.87,29.91,424395,0
FTAI.US,60,20210608,160000,30.43,31.85,30.25,30.59,137226,0
FTAI.US,60,20210608,170000,30.67,31.95,30.67,31.58,112485,0
FTAI.US,60,20210608,180000,31.505,31.505,30.2,30.2,56652,0
FTAI.US,60,20210608,190000,30.315,30.99,30.24,30.89,36247,0
FTAI.US,60,20210608,200000,30.89,30.89,30.42,30.56,50064,0
FTAI.US,60,20210608,210000,30.55,30.56,30.24,30.415,32725,0
FTAI.US,60,20210608,220000,30.44,30.52,30.33,30.48,141901,0
FTAI.US,60,20210609,160000,30.97,30.97,30.5,30.83,26508,0
FTAI.US,60,20210609,170000,30.77,30.85,30.21,30.55,52486,0
FTAI.US,60,20210609,180000,30.53,30.57,30.36,30.41,56819,0
FTAI.US,60,20210609,190000,30.45,30.45,30.345,30.345,46287,0
FTAI.US,60,20210609,200000,30.35,30.41,30.105,30.105,15398,0
FTAI.US,60,20210609,210000,30.085,30.14,29.74,30,43111,0
FTAI.US,60,20210609,220000,30.05,30.35,29.76,30.01,111234,0
FTAI.US,60,20210610,160000,30.14,30.3,30.04,30.04,9517,0
FTAI.US,60,20210610,170000,30.4099,30.4099,29.81,29.85,10136,0
FTAI.US,60,20210610,180000,29.82,30.09,29.81,29.99,9387,0
FTAI.US,60,20210610,190000,29.98,30.205,29.93,30.205,6902,0
FTAI.US,60,20210610,200000,30.06,30.705,30.06,30.63,14120,0
FTAI.US,60,20210610,210000,30.66,30.96,30.61,30.95,19852,0
FTAI.US,60,20210610,220000,30.86,31.23,30.66,30.98,133293,0
FTAI.US,60,20210611,160000,31.18,31.33,31.0101,31.02,20318,0
FTAI.US,60,20210611,170000,31.1452,31.29,30.85,31.18,41762,0
FTAI.US,60,20210611,180000,31.165,31.25,30.93,31.18,21917,0
FTAI.US,60,20210611,190000,31.23,31.25,30.93,31.165,31654,0
FTAI.US,60,20210611,200000,31.18,31.22,30.58,30.825,15249,0
FTAI.US,60,20210611,210000,30.7868,31.09,30.7,30.785,24333,0
FTAI.US,60,20210611,220000,30.78,31.21,30.6,31.04,56758,0
FTAI.US,60,20210614,160000,31.04,31.26,30.96,31.03,4254,0
FTAI.US,60,20210614,170000,30.8,31.07,30.76,31.06,22364,0
FTAI.US,60,20210614,180000,31,31.08,30.775,30.775,33846,0
FTAI.US,60,20210614,190000,30.765,30.8587,30.25,30.25,19872,0
FTAI.US,60,20210614,200000,30.21,30.29,29.98,30.235,30473,0
FTAI.US,60,20210614,210000,30.3,30.4294,30.18,30.4294,39561,0
FTAI.US,60,20210614,220000,30.37,31.01,30.27,30.88,79684,0
FTAI.US,60,20210615,160000,30.86,30.86,30.51,30.64,9182,0
FTAI.US,60,20210615,170000,30.66,30.77,30.2,30.42,25586,0
FTAI.US,60,20210615,180000,30.4,30.85,30.27,30.73,19624,0
FTAI.US,60,20210615,190000,30.75,30.88,30.66,30.85,10618,0
FTAI.US,60,20210615,200000,30.85,31.15,30.85,31.15,21130,0
FTAI.US,60,20210615,210000,31.2,31.48,31.2,31.41,25906,0
FTAI.US,60,20210615,220000,31.41,31.57,31.39,31.47,154412,0
FTAI.US,60,20210616,160000,32,32,31.5619,31.655,25304,0
FTAI.US,60,20210616,170000,31.655,32.05,31.56,31.98,57407,0
FTAI.US,60,20210616,180000,32,32.1,31.9311,32.045,32821,0
FTAI.US,60,20210616,190000,32.09,32.185,31.72,31.83,123783,0
FTAI.US,60,20210616,200000,31.845,32.1,31.67,32,35492,0
FTAI.US,60,20210616,210000,31.95,32.1699,31.68,32,77348,0
FTAI.US,60,20210616,220000,32.0067,32.21,31.96,32.2,231962,0
FTAI.US,60,20210617,160000,32.25,32.41,32.0936,32.3,27488,0
FTAI.US,60,20210617,170000,32.2,32.245,31.89,31.995,90366,0
FTAI.US,60,20210617,180000,31.94,32.12,31.8,32,54282,0
FTAI.US,60,20210617,190000,31.93,32.17,31.9,32.16,34158,0
FTAI.US,60,20210617,200000,32.19,32.87,32.18,32.7766,64829,0
FTAI.US,60,20210617,210000,32.785,33.08,32.75,33,51861,0
FTAI.US,60,20210617,220000,32.98,33.11,32.95,32.99,109661,0
FTAI.US,60,20210618,160000,32.65,33.0999,32.39,33.0295,13338,0
FTAI.US,60,20210618,170000,32.964,33.028,32.69,32.84,16422,0
FTAI.US,60,20210618,180000,32.85,33.01,32.85,32.9455,9884,0
FTAI.US,60,20210618,190000,32.95,33.01,32.86,32.97,16780,0
FTAI.US,60,20210618,200000,33.07,33.07,32.8794,32.92,35387,0
FTAI.US,60,20210618,210000,32.92,33.03,32.9,32.93,21556,0
FTAI.US,60,20210618,220000,32.9,33.22,32.9,33.19,90374,0
FTAI.US,60,20210621,160000,33.19,34.325,33.19,33.98,87435,0
FTAI.US,60,20210621,170000,34.105,34.68,33.96,34.365,159159,0
FTAI.US,60,20210621,180000,34.365,34.59,34.32,34.45,137470,0
FTAI.US,60,20210621,190000,34.475,34.5,34.3601,34.42,132155,0
FTAI.US,60,20210621,200000,34.42,34.6,34.3012,34.59,51641,0
FTAI.US,60,20210621,210000,34.5779,34.67,34.5,34.6,98903,0
FTAI.US,60,20210621,220000,34.6,34.66,34.45,34.5,410997,0
FTAI.US,60,20210622,160000,34.66,34.66,34.2831,34.485,22458,0
FTAI.US,60,20210622,170000,34.465,34.79,34.41,34.59,34820,0
FTAI.US,60,20210622,180000,34.53,34.59,34.115,34.18,40473,0
FTAI.US,60,20210622,190000,34.18,34.44,34.1,34.3962,60358,0
FTAI.US,60,20210622,200000,34.4,34.66,34.2,34.32,54075,0
FTAI.US,60,20210622,210000,34.32,34.39,34.22,34.27,27614,0
FTAI.US,60,20210622,220000,34.25,34.57,34.21,34.57,72705,0
FTAI.US,60,20210623,160000,34.55,34.73,33.91,33.95,21821,0
FTAI.US,60,20210623,170000,33.8589,34,33.73,33.99,15535,0
FTAI.US,60,20210623,180000,33.99,34.28,33.97,34.2775,28414,0
FTAI.US,60,20210623,190000,34.32,34.32,34.13,34.2898,24123,0
FTAI.US,60,20210623,200000,34.28,34.44,34.171,34.329,13455,0
FTAI.US,60,20210623,210000,34.32,34.32,34.16,34.22,7319,0
FTAI.US,60,20210623,220000,34.23,34.23,34,34.07,54950,0
FTAI.US,60,20210624,160000,34.2,34.2371,34.2,34.2,464,0
FTAI.US,60,20210624,170000,34.18,34.18,33.6226,33.81,18395,0
FTAI.US,60,20210624,180000,33.81,33.81,33.52,33.71,10135,0
FTAI.US,60,20210624,190000,33.5801,33.79,33.58,33.7,15862,0
FTAI.US,60,20210624,200000,33.74,33.96,33.74,33.96,6299,0
FTAI.US,60,20210624,210000,33.9,34.23,33.87,34.11,16293,0
FTAI.US,60,20210624,220000,34.16,34.2202,33.98,34.11,19991,0
FTAI.US,60,20210625,160000,34.34,34.4923,34.34,34.4923,2055,0
FTAI.US,60,20210625,170000,34.15,34.35,34,34.15,25175,0
FTAI.US,60,20210625,180000,34.08,34.26,33.89,34.0163,12507,0
FTAI.US,60,20210625,190000,33.95,34.16,33.95,34.11,9471,0
FTAI.US,60,20210625,200000,34.11,34.5,34.11,34.48,31357,0
FTAI.US,60,20210625,210000,34.49,34.49,34.17,34.24,57568,0
FTAI.US,60,20210625,220000,34.28,34.65,34.14,34.15,85485,0
FTAI.US,60,20210628,160000,34.12,34.12,33.57,33.68,11252,0
FTAI.US,60,20210628,170000,33.68,33.75,33.12,33.41,24295,0
FTAI.US,60,20210628,180000,33.37,33.67,33.35,33.67,10578,0
FTAI.US,60,20210628,190000,33.605,33.6699,33.36,33.48,21785,0
FTAI.US,60,20210628,200000,33.4881,33.53,33.36,33.49,27390,0
FTAI.US,60,20210628,210000,33.475,33.53,33.04,33.26,19060,0
FTAI.US,60,20210628,220000,33.195,33.34,32.9,33.2,100194,0
FTAI.US,60,20210629,160000,33.13,33.18,32.64,33.01,31993,0
FTAI.US,60,20210629,170000,32.96,33.33,32.83,32.95,47988,0
FTAI.US,60,20210629,180000,32.92,33.08,32.65,32.725,75195,0
FTAI.US,60,20210629,190000,32.71,33.03,32.69,32.7,43192,0
FTAI.US,60,20210629,200000,32.67,33.015,32.665,32.925,90221,0
FTAI.US,60,20210629,210000,32.9425,33.04,32.77,33,82269,0
FTAI.US,60,20210629,220000,33.01,33.01,32.75,32.9,106280,0
FTAI.US,60,20210630,160000,32.95,33.035,32.766,33.035,9004,0
FTAI.US,60,20210630,170000,33.1065,33.67,33.1065,33.55,53007,0
FTAI.US,60,20210630,180000,33.56,34,33.56,33.85,14563,0
FTAI.US,60,20210630,190000,33.85,33.95,33.61,33.61,7386,0
FTAI.US,60,20210630,200000,33.67,33.94,33.67,33.71,8996,0
FTAI.US,60,20210630,210000,33.72,33.91,33.695,33.76,13329,0
FTAI.US,60,20210630,220000,33.76,33.82,33.49,33.55,110579,0
FTAI.US,60,20210701,160000,33.68,33.75,33.03,33.09,18675,0
FTAI.US,60,20210701,170000,33,33.4,32.88,33.4,18000,0
FTAI.US,60,20210701,180000,33.39,33.55,33.21,33.26,26831,0
FTAI.US,60,20210701,190000,33.275,33.42,33.14,33.33,23880,0
FTAI.US,60,20210701,200000,33.33,33.37,33.15,33.345,21633,0
FTAI.US,60,20210701,210000,33.345,33.66,33.2,33.63,48191,0
FTAI.US,60,20210701,220000,33.67,33.8,33.34,33.36,40299,0
FTAI.US,60,20210702,160000,33.42,33.42,33.095,33.18,23165,0
FTAI.US,60,20210702,170000,33.2,33.34,32.905,32.985,23519,0
FTAI.US,60,20210702,180000,33.05,33.36,33,33.04,34617,0
FTAI.US,60,20210702,190000,33.05,33.18,33,33.13,38661,0
FTAI.US,60,20210702,200000,33.12,33.27,32.97,33.27,4180,0
FTAI.US,60,20210702,210000,33.21,33.3,33.07,33.13,37603,0
FTAI.US,60,20210702,220000,33.165,33.3,33.1,33.23,33886,0
FTAI.US,60,20210706,160000,33.04,33.1,32.731,32.93,11961,0
FTAI.US,60,20210706,170000,32.9497,33.17,32.73,32.81,42269,0
FTAI.US,60,20210706,180000,32.9,32.9488,32.7513,32.9488,8697,0
FTAI.US,60,20210706,190000,32.88,33.01,32.6401,32.71,9022,0
FTAI.US,60,20210706,200000,32.71,33,32.71,33,9181,0
FTAI.US,60,20210706,210000,32.968,33.1,32.86,33.07,7913,0
FTAI.US,60,20210706,220000,33.03,33.25,32.9709,33.07,26403,0
FTAI.US,60,20210707,160000,33,33.36,32.89,32.89,10582,0
FTAI.US,60,20210707,170000,33.005,33.1399,32.71,32.8,16897,0
FTAI.US,60,20210707,180000,32.77,33.3,32.77,32.87,20334,0
FTAI.US,60,20210707,190000,32.87,33.3,32.87,33.1,45628,0
FTAI.US,60,20210707,200000,33.07,33.24,33.0214,33.13,9993,0
FTAI.US,60,20210707,210000,33.12,33.14,32.92,33.01,20750,0
FTAI.US,60,20210707,220000,33.02,33.03,32.82,32.85,36914,0
FTAI.US,60,20210708,160000,32.36,32.36,31.4534,31.79,43616,0
FTAI.US,60,20210708,170000,31.8876,32.425,31.8876,32.425,6497,0
FTAI.US,60,20210708,180000,32.53,32.94,32.4439,32.94,11114,0
FTAI.US,60,20210708,190000,33,33.105,32.67,32.8,34123,0
FTAI.US,60,20210708,200000,32.79,32.79,32.55,32.55,4090,0
FTAI.US,60,20210708,210000,32.36,32.36,32.25,32.34,2703,0
FTAI.US,60,20210708,220000,32.35,32.57,32.1832,32.3,94238,0
FTAI.US,60,20210709,160000,32.58,33.1,32.58,33,11070,0
FTAI.US,60,20210709,170000,33.03,33.155,32.84,32.97,13757,0
FTAI.US,60,20210709,180000,32.957,33.07,32.9158,32.9519,5792,0
FTAI.US,60,20210709,190000,32.98,33.08,32.83,33,27897,0
FTAI.US,60,20210709,200000,33,33.1,32.98,32.99,54923,0
FTAI.US,60,20210709,210000,33,33.06,32.94,32.95,19233,0
FTAI.US,60,20210709,220000,32.91,33.06,32.85,32.9,124774,0
