<TICKER>,<PER>,<DATE>,<TIME>,<OPEN>,<HIGH>,<LOW>,<CLOSE>,<VOL>,<OPENINT>
HOME.US,60,20200914,160000,16,16.46,16,16.235,167785,0
HOME.US,60,20200914,170000,16.245,16.325,15.88,15.99,192698,0
HOME.US,60,20200914,180000,15.995,16.4,15.9705,16.375,171329,0
HOME.US,60,20200914,190000,16.37,16.52,16.3002,16.43,245936,0
HOME.US,60,20200914,200000,16.44,16.45,16.2232,16.3805,129190,0
HOME.US,60,20200914,210000,16.38,16.45,16.2519,16.34,146436,0
HOME.US,60,20200914,220000,16.35,16.35,16.09,16.15,524334,0
HOME.US,60,20200915,160000,16.33,16.48,15.76,15.7664,393607,0
HOME.US,60,20200915,170000,15.77,15.82,15.47,15.81,241299,0
HOME.US,60,20200915,180000,15.8099,16,15.7407,15.9089,177415,0
HOME.US,60,20200915,190000,15.91,15.99,15.85,15.915,170592,0
HOME.US,60,20200915,200000,15.91,15.96,15.8,15.93,106036,0
HOME.US,60,20200915,210000,15.91,16.03,15.87,15.955,135624,0
HOME.US,60,20200915,220000,15.955,15.97,15.725,15.8,258631,0
HOME.US,60,20200916,160000,15.97,16,15.23,15.3795,198328,0
HOME.US,60,20200916,170000,15.3777,15.5498,15.245,15.3295,198174,0
HOME.US,60,20200916,180000,15.33,15.69,15.33,15.63,148399,0
HOME.US,60,20200916,190000,15.64,15.945,15.62,15.91,116016,0
HOME.US,60,20200916,200000,15.8943,15.95,15.66,15.67,107268,0
HOME.US,60,20200916,210000,15.66,15.71,15.3975,15.45,284786,0
HOME.US,60,20200916,220000,15.47,15.4775,14.99,15.03,653667,0
HOME.US,60,20200917,160000,14.75,15.11,14.51,15.08,303743,0
HOME.US,60,20200917,170000,15.11,15.27,14.9,15.115,172235,0
HOME.US,60,20200917,180000,15.14,15.28,14.92,14.99,184228,0
HOME.US,60,20200917,190000,14.9899,15.09,14.91,15.09,105377,0
HOME.US,60,20200917,200000,15.1,15.1875,15.05,15.15,107328,0
HOME.US,60,20200917,210000,15.18,15.34,15,15.08,157381,0
HOME.US,60,20200917,220000,15.08,15.19,14.87,15.18,976274,0
HOME.US,60,20200918,160000,15.14,15.35,14.8207,15.01,164139,0
HOME.US,60,20200918,170000,15.03,15.18,14.87,14.94,131836,0
HOME.US,60,20200918,180000,14.9301,15.08,14.82,14.88,162030,0
HOME.US,60,20200918,190000,14.87,14.9199,14.66,14.71,143072,0
HOME.US,60,20200918,200000,14.71,14.83,14.58,14.81,110150,0
HOME.US,60,20200918,210000,14.8165,14.94,14.8,14.94,130999,0
HOME.US,60,20200918,220000,14.9488,14.98,14.77,14.86,240774,0
HOME.US,60,20200921,160000,14.29,14.516,14.01,14.45,255789,0
HOME.US,60,20200921,170000,14.42,14.5564,13.95,14.17,191065,0
HOME.US,60,20200921,180000,14.1769,14.43,14.1769,14.35,206442,0
HOME.US,60,20200921,190000,14.36,14.5,14.11,14.215,200397,0
HOME.US,60,20200921,200000,14.23,14.5,14.1777,14.4,337312,0
HOME.US,60,20200921,210000,14.4,14.65,14.4,14.647,134539,0
HOME.US,60,20200921,220000,14.635,14.68,14.46,14.65,316203,0
HOME.US,60,20200922,160000,14.77,15.54,14.77,15.16,217551,0
HOME.US,60,20200922,170000,15.1364,15.4,14.88,14.88,203064,0
HOME.US,60,20200922,180000,14.905,15.18,14.84,15.1,181944,0
HOME.US,60,20200922,190000,15.1,15.26,14.95,15.01,108941,0
HOME.US,60,20200922,200000,15.02,15.12,14.96,14.98,64166,0
HOME.US,60,20200922,210000,14.98,15.1,14.955,14.99,111698,0
HOME.US,60,20200922,220000,14.99,15.2,14.95,15.15,373947,0
HOME.US,60,20200923,160000,15.55,15.86,15.46,15.59,344979,0
HOME.US,60,20200923,170000,15.59,15.8099,14.56,14.724,410371,0
HOME.US,60,20200923,180000,14.7113,14.89,14.61,14.7,149245,0
HOME.US,60,20200923,190000,14.7,14.76,14.53,14.6399,139022,0
HOME.US,60,20200923,200000,14.63,14.69,14.48,14.51,110487,0
HOME.US,60,20200923,210000,14.495,14.5244,14.36,14.404,121255,0
HOME.US,60,20200923,220000,14.42,14.52,14.25,14.26,446927,0
HOME.US,60,20200924,160000,14.16,14.3699,13.83,14.1707,225844,0
HOME.US,60,20200924,170000,14.195,14.41,13.85,14.22,163341,0
HOME.US,60,20200924,180000,14.21,14.5899,14.12,14.48,233148,0
HOME.US,60,20200924,190000,14.52,14.52,14.1,14.22,146623,0
HOME.US,60,20200924,200000,14.2,14.45,14.19,14.23,85548,0
HOME.US,60,20200924,210000,14.25,14.37,14.08,14.09,117781,0
HOME.US,60,20200924,220000,14.1,14.17,13.93,13.94,529201,0
HOME.US,60,20200925,160000,14.3,14.3,13.67,14.04,197511,0
HOME.US,60,20200925,170000,14.03,14.05,13.71,13.7199,177362,0
HOME.US,60,20200925,180000,13.72,13.95,13.69,13.84,118264,0
HOME.US,60,20200925,190000,13.855,13.9239,13.79,13.87,59601,0
HOME.US,60,20200925,200000,13.86,13.9,13.66,13.75,94620,0
HOME.US,60,20200925,210000,13.77,13.85,13.64,13.725,144375,0
HOME.US,60,20200925,220000,13.72,14.23,13.72,14.14,630868,0
HOME.US,60,20200928,160000,14.55,15.15,14.55,15.0079,357941,0
HOME.US,60,20200928,170000,15.04,15.13,14.571,14.59,185472,0
HOME.US,60,20200928,180000,14.59,14.6,14.39,14.49,195088,0
HOME.US,60,20200928,190000,14.5,14.54,14.32,14.4209,112559,0
HOME.US,60,20200928,200000,14.41,14.53,14.3662,14.45,75437,0
HOME.US,60,20200928,210000,14.46,14.56,14.42,14.48,192351,0
HOME.US,60,20200928,220000,14.49,14.53,14.21,14.23,542418,0
HOME.US,60,20200929,160000,14.75,15.62,14.725,15.01,581789,0
HOME.US,60,20200929,170000,15.01,15.23,14.76,14.78,316348,0
HOME.US,60,20200929,180000,14.77,15,14.7,14.73,198714,0
HOME.US,60,20200929,190000,14.7108,14.84,14.6646,14.75,237423,0
HOME.US,60,20200929,200000,14.75,14.96,14.74,14.88,95066,0
HOME.US,60,20200929,210000,14.89,15.1276,14.87,14.965,150396,0
HOME.US,60,20200929,220000,14.98,15.105,14.81,14.84,345643,0
HOME.US,60,20200930,160000,15.1,15.5,14.89,15.28,239686,0
HOME.US,60,20200930,170000,15.2943,15.72,15.18,15.53,394069,0
HOME.US,60,20200930,180000,15.515,15.57,15.38,15.48,126578,0
HOME.US,60,20200930,190000,15.48,15.57,15.36,15.5,125620,0
HOME.US,60,20200930,200000,15.5,15.5,15.18,15.33,161599,0
HOME.US,60,20200930,210000,15.33,15.38,14.9198,15.0699,159215,0
HOME.US,60,20200930,220000,15.04,15.08,14.76,14.86,1054337,0
HOME.US,60,20201001,160000,15.11,15.75,15.11,15.31,760303,0
HOME.US,60,20201001,170000,15.3,15.33,14.89,15.11,236568,0
HOME.US,60,20201001,180000,15.12,15.31,15.06,15.25,222676,0
HOME.US,60,20201001,190000,15.2424,15.37,15.09,15.145,476062,0
HOME.US,60,20201001,200000,15.15,15.2,15.1173,15.19,263933,0
HOME.US,60,20201001,210000,15.19,15.2,15.02,15.195,420994,0
HOME.US,60,20201001,220000,15.195,15.3,15.09,15.2,972510,0
HOME.US,60,20201002,160000,14.49,15.17,14.4,15.15,204672,0
HOME.US,60,20201002,170000,15.1335,15.39,15.1,15.275,264676,0
HOME.US,60,20201002,180000,15.27,15.52,15.27,15.3801,419373,0
HOME.US,60,20201002,190000,15.41,15.75,15.28,15.675,312627,0
HOME.US,60,20201002,200000,15.69,15.91,15.64,15.695,312522,0
HOME.US,60,20201002,210000,15.7,15.89,15.695,15.82,167885,0
HOME.US,60,20201002,220000,15.82,15.88,15.6,15.75,610686,0
HOME.US,60,20201005,160000,16.15,17.65,16.145,17.345,670522,0
HOME.US,60,20201005,170000,17.32,17.5,16.6,17.235,755138,0
HOME.US,60,20201005,180000,17.25,17.42,17.02,17.3,524525,0
HOME.US,60,20201005,190000,17.33,17.4,17.13,17.385,210671,0
HOME.US,60,20201005,200000,17.385,17.47,17.085,17.16,229415,0
HOME.US,60,20201005,210000,17.16,17.5499,17.09,17.465,339608,0
HOME.US,60,20201005,220000,17.48,18.07,17.44,18.06,1042586,0
HOME.US,60,20201006,160000,18.07,18.33,17.61,17.935,422982,0
HOME.US,60,20201006,170000,17.915,18.32,17.8802,18.32,278102,0
HOME.US,60,20201006,180000,18.32,18.41,18.01,18.13,372571,0
HOME.US,60,20201006,190000,18.139,18.53,18.13,18.45,249956,0
HOME.US,60,20201006,200000,18.46,18.59,18.35,18.47,257186,0
HOME.US,60,20201006,210000,18.43,18.53,17.9,18.1225,435232,0
HOME.US,60,20201006,220000,18.08,18.1099,17.63,17.84,850169,0
HOME.US,60,20201007,160000,18.34,18.73,18.31,18.43,178085,0
HOME.US,60,20201007,170000,18.3701,18.57,18.18,18.245,209746,0
HOME.US,60,20201007,180000,18.25,18.55,18.184,18.4017,148880,0
HOME.US,60,20201007,190000,18.4,18.725,18.38,18.72,297520,0
HOME.US,60,20201007,200000,18.72,18.99,18.72,18.87,384785,0
HOME.US,60,20201007,210000,18.875,19.26,18.8593,19.24,308370,0
HOME.US,60,20201007,220000,19.25,19.38,19.03,19.22,765394,0
HOME.US,60,20201008,160000,19.35,19.4,18.77,19.06,208546,0
HOME.US,60,20201008,170000,19.0401,19.67,18.87,19.47,351668,0
HOME.US,60,20201008,180000,19.48,19.6,19.2205,19.23,226973,0
HOME.US,60,20201008,190000,19.23,19.42,19.19,19.35,169827,0
HOME.US,60,20201008,200000,19.35,19.53,19.2,19.2,516187,0
HOME.US,60,20201008,210000,19.2,19.3,18.85,19.29,301724,0
HOME.US,60,20201008,220000,19.275,19.35,19.15,19.22,703737,0
HOME.US,60,20201009,160000,19.292,19.52,18.83,18.89,200871,0
HOME.US,60,20201009,170000,18.85,19.25,18.76,19.185,454019,0
HOME.US,60,20201009,180000,19.19,19.52,19.15,19.35,285035,0
HOME.US,60,20201009,190000,19.35,19.48,19.3,19.31,147753,0
HOME.US,60,20201009,200000,19.3,19.3,19,19.22,159060,0
HOME.US,60,20201009,210000,19.215,19.24,19.04,19.19,158343,0
HOME.US,60,20201009,220000,19.17,19.33,19.11,19.22,490808,0
HOME.US,60,20201012,160000,19.7,20.25,19.5,19.82,377031,0
HOME.US,60,20201012,170000,19.77,19.99,19.53,19.71,181066,0
HOME.US,60,20201012,180000,19.72,19.75,19.6225,19.7499,80650,0
HOME.US,60,20201012,190000,19.71,19.9,19.675,19.86,80287,0
HOME.US,60,20201012,200000,19.875,19.9,19.73,19.765,75812,0
HOME.US,60,20201012,210000,19.765,19.785,19.56,19.7,133608,0
HOME.US,60,20201012,220000,19.705,19.97,19.67,19.9,454858,0
HOME.US,60,20201013,160000,19.61,19.95,19.25,19.695,164239,0
HOME.US,60,20201013,170000,19.695,19.85,19.45,19.65,135698,0
HOME.US,60,20201013,180000,19.66,20.1299,19.64,20.0399,202409,0
HOME.US,60,20201013,190000,20.05,20.37,19.96,20.33,213524,0
HOME.US,60,20201013,200000,20.325,20.97,20.31,20.78,566484,0
HOME.US,60,20201013,210000,20.75,20.89,20.46,20.61,180388,0
HOME.US,60,20201013,220000,20.62,21.03,20.55,20.81,536174,0
HOME.US,60,20201014,160000,21.01,21.169,20.45,20.58,106503,0
HOME.US,60,20201014,170000,20.53,20.89,20.37,20.83,177530,0
HOME.US,60,20201014,180000,20.84,21.04,20.68,20.68,126390,0
HOME.US,60,20201014,190000,20.67,20.99,20.5608,20.99,231754,0
HOME.US,60,20201014,200000,20.97,21.02,20.72,20.84,320219,0
HOME.US,60,20201014,210000,20.84,21.05,20.55,20.55,273385,0
HOME.US,60,20201014,220000,20.56,21.02,20.47,20.86,530673,0
HOME.US,60,20201015,160000,19.77,20.92,19.7,20.62,176086,0
HOME.US,60,20201015,170000,20.63,20.81,20.6,20.7737,82618,0
HOME.US,60,20201015,180000,20.8097,21.59,20.7,21.4899,209305,0
HOME.US,60,20201015,190000,21.4726,21.6,21.25,21.55,81488,0
HOME.US,60,20201015,200000,21.54,21.78,21.4691,21.618,140404,0
HOME.US,60,20201015,210000,21.6299,21.94,21.49,21.92,192434,0
HOME.US,60,20201015,220000,21.9,22.01,21.75,22,518708,0
HOME.US,60,20201016,160000,22.02,22.21,21.33,22.165,187158,0
HOME.US,60,20201016,170000,22.165,22.3238,22,22.28,134134,0
HOME.US,60,20201016,180000,22.27,22.32,22.04,22.295,158245,0
HOME.US,60,20201016,190000,22.29,22.73,22.29,22.7,187303,0
HOME.US,60,20201016,200000,22.7,22.7,22.35,22.35,209904,0
HOME.US,60,20201016,210000,22.35,22.49,22.27,22.4,169309,0
HOME.US,60,20201016,220000,22.38,22.38,21.72,21.77,518640,0
HOME.US,60,20201019,160000,21.88,22.18,21.36,21.5,137979,0
HOME.US,60,20201019,170000,21.51,21.89,21.35,21.76,144994,0
HOME.US,60,20201019,180000,21.76,22.15,21.76,22.04,105417,0
HOME.US,60,20201019,190000,22.03,22.08,21.92,22.0778,62640,0
HOME.US,60,20201019,200000,22.045,22.24,21.84,21.86,140745,0
HOME.US,60,20201019,210000,21.84,21.95,21.52,21.55,82927,0
HOME.US,60,20201019,220000,21.55,21.57,20.87,21.12,375700,0
HOME.US,60,20201020,160000,21.28,21.3599,21.01,21.26,73980,0
HOME.US,60,20201020,170000,21.18,21.3099,21.01,21.28,99973,0
HOME.US,60,20201020,180000,21.25,21.45,21.2,21.39,118640,0
HOME.US,60,20201020,190000,21.39,21.6793,21.36,21.53,109118,0
HOME.US,60,20201020,200000,21.53,21.65,21.271,21.38,59040,0
HOME.US,60,20201020,210000,21.38,21.435,21.27,21.34,117103,0
HOME.US,60,20201020,220000,21.35,21.36,21.04,21.18,250952,0
HOME.US,60,20201021,160000,21.19,21.64,21.1,21.4091,146495,0
HOME.US,60,20201021,170000,21.3808,21.6117,20.98,21.01,203383,0
HOME.US,60,20201021,180000,21,21.02,20.59,20.79,271936,0
HOME.US,60,20201021,190000,20.8,20.95,20.15,20.27,202351,0
HOME.US,60,20201021,200000,20.2524,20.5027,20.08,20.485,214917,0
HOME.US,60,20201021,210000,20.47,20.88,20.41,20.86,125978,0
HOME.US,60,20201021,220000,20.86,20.87,20.5,20.74,471346,0
HOME.US,60,20201022,160000,20.81,22.39,20.78,22.3,344551,0
HOME.US,60,20201022,170000,22.22,22.39,21.54,21.915,379614,0
HOME.US,60,20201022,180000,21.92,22.28,21.73,21.89,272233,0
HOME.US,60,20201022,190000,21.89,21.89,21.55,21.8384,126163,0
HOME.US,60,20201022,200000,21.83,22.09,21.82,22.035,76596,0
HOME.US,60,20201022,210000,22.04,22.31,22.04,22.24,140637,0
HOME.US,60,20201022,220000,22.25,22.25,21.98,22.04,309095,0
HOME.US,60,20201023,160000,22.14,22.15,21.51,21.72,119371,0
HOME.US,60,20201023,170000,21.72,22.4,21.63,22.345,139732,0
HOME.US,60,20201023,180000,22.32,22.69,22.3,22.48,210740,0
HOME.US,60,20201023,190000,22.4946,22.61,22.16,22.21,83403,0
HOME.US,60,20201023,200000,22.18,22.56,22.16,22.5534,66686,0
HOME.US,60,20201023,210000,22.53,22.79,22.48,22.625,156908,0
HOME.US,60,20201023,220000,22.625,22.84,22.57,22.72,324448,0
HOME.US,60,20201026,150000,22.14,22.93,22,22.61,124192,0
HOME.US,60,20201026,160000,22.67,22.67,21.99,22.05,142243,0
HOME.US,60,20201026,170000,22.01,22.07,21.66,21.68,170162,0
HOME.US,60,20201026,180000,21.71,21.86,21.21,21.2769,175583,0
HOME.US,60,20201026,190000,21.27,21.399,20.96,21.399,169989,0
HOME.US,60,20201026,200000,21.4199,21.65,21.27,21.62,117151,0
HOME.US,60,20201026,210000,21.62,22.02,21.6,21.85,294416,0
HOME.US,60,20201027,150000,22.04,22.39,21.68,21.9405,68224,0
HOME.US,60,20201027,160000,21.94,22.0394,21.4,21.61,235070,0
HOME.US,60,20201027,170000,21.64,21.64,21.4,21.49,71571,0
HOME.US,60,20201027,180000,21.51,21.62,21.3306,21.57,118898,0
HOME.US,60,20201027,190000,21.56,21.62,21.3,21.38,84736,0
HOME.US,60,20201027,200000,21.41,21.46,21.3,21.41,90010,0
HOME.US,60,20201027,210000,21.44,21.67,21.44,21.58,221878,0
HOME.US,60,20201028,150000,20.26,20.905,20.09,20.54,436968,0
HOME.US,60,20201028,160000,20.6,20.86,20.42,20.71,188877,0
HOME.US,60,20201028,170000,20.7238,20.89,20.525,20.75,146234,0
HOME.US,60,20201028,180000,20.745,20.9699,20.5,20.51,243082,0
HOME.US,60,20201028,190000,20.54,20.71,20.34,20.67,319512,0
HOME.US,60,20201028,200000,20.65,20.93,20.58,20.91,361898,0
HOME.US,60,20201028,210000,20.89,21.3625,20.87,21.29,1062142,0
HOME.US,60,20201029,150000,18.91,18.98,16.61,17.0385,760031,0
HOME.US,60,20201029,160000,17.0385,17.33,16.6,17.0287,825521,0
HOME.US,60,20201029,170000,17.0299,17.0299,16.39,16.61,648071,0
HOME.US,60,20201029,180000,16.61,17.03,16.595,17,418251,0
HOME.US,60,20201029,190000,17,17.01,16.53,16.92,451895,0
HOME.US,60,20201029,200000,16.915,17.22,16.83,16.865,437791,0
HOME.US,60,20201029,210000,16.865,16.87,16.45,16.56,1197300,0
HOME.US,60,20201030,150000,16.19,16.4201,15.9404,16.18,183529,0
HOME.US,60,20201030,160000,16.165,16.33,15.72,15.73,234155,0
HOME.US,60,20201030,170000,15.78,16.015,15.56,15.575,188116,0
HOME.US,60,20201030,180000,15.57,16.11,15.56,15.975,255264,0
HOME.US,60,20201030,190000,15.97,16.1196,15.66,16.07,418399,0
HOME.US,60,20201030,200000,16.07,16.15,15.99,16.035,264112,0
HOME.US,60,20201030,210000,16.035,16.32,15.87,16.29,893264,0
HOME.US,60,20201102,160000,16.5,16.51,15.81,16.1869,131936,0
HOME.US,60,20201102,170000,16.24,16.77,16.21,16.72,175239,0
HOME.US,60,20201102,180000,16.68,16.785,16.4,16.43,121240,0
HOME.US,60,20201102,190000,16.43,16.65,16.41,16.455,59942,0
HOME.US,60,20201102,200000,16.44,16.47,16.16,16.2,59864,0
HOME.US,60,20201102,210000,16.18,16.48,16.18,16.47,74967,0
HOME.US,60,20201102,220000,16.45,16.61,16.41,16.56,326957,0
HOME.US,60,20201103,160000,16.78,16.92,16.39,16.728,87338,0
HOME.US,60,20201103,170000,16.7,16.9815,16.56,16.93,121711,0
HOME.US,60,20201103,180000,16.92,16.92,16.5,16.67,112133,0
HOME.US,60,20201103,190000,16.695,16.87,16.65,16.675,59003,0
HOME.US,60,20201103,200000,16.675,16.77,16.57,16.71,112058,0
HOME.US,60,20201103,210000,16.71,16.85,16.65,16.84,80060,0
HOME.US,60,20201103,220000,16.84,16.91,16.73,16.73,258390,0
HOME.US,60,20201104,160000,16.85,17.15,16.72,16.9593,49846,0
HOME.US,60,20201104,170000,16.95,17.41,16.87,16.95,87087,0
HOME.US,60,20201104,180000,16.96,17.11,16.83,16.97,120188,0
HOME.US,60,20201104,190000,16.985,17.03,16.85,16.92,105982,0
HOME.US,60,20201104,200000,16.92,17,16.79,16.9684,82891,0
HOME.US,60,20201104,210000,16.98,17,16.81,16.975,73932,0
HOME.US,60,20201104,220000,16.984,17,16.85,16.98,226964,0
HOME.US,60,20201105,160000,17.3,18.21,17.265,18.21,671892,0
HOME.US,60,20201105,170000,18.21,18.65,18.175,18.52,326771,0
HOME.US,60,20201105,180000,18.52,18.52,18.18,18.1804,174693,0
HOME.US,60,20201105,190000,18.17,18.26,18.02,18.13,136219,0
HOME.US,60,20201105,200000,18.13,18.15,17.8,17.81,141389,0
HOME.US,60,20201105,210000,17.81,17.83,17.57,17.65,141029,0
HOME.US,60,20201105,220000,17.64,17.95,17.625,17.93,276906,0
HOME.US,60,20201106,160000,17,17.13,15.57,16.1158,1148464,0
HOME.US,60,20201106,170000,16.12,16.755,16.12,16.53,912147,0
HOME.US,60,20201106,180000,16.525,16.76,16.3,16.69,309744,0
HOME.US,60,20201106,190000,16.7,16.74,16.5006,16.61,211574,0
HOME.US,60,20201106,200000,16.6085,17,16.59,16.81,528914,0
HOME.US,60,20201106,210000,16.805,16.89,16.76,16.825,258027,0
HOME.US,60,20201106,220000,16.82,16.945,16.62,16.66,677753,0
HOME.US,60,20201109,160000,16.91,17.37,14.9,15.0298,540142,0
HOME.US,60,20201109,170000,15.01,15.13,13.7301,13.84,1452216,0
HOME.US,60,20201109,180000,13.84,14.3,13.69,13.81,1085737,0
HOME.US,60,20201109,190000,13.815,14.18,13.68,14.07,993939,0
HOME.US,60,20201109,200000,14.0722,14.0722,13.66,13.96,909489,0
HOME.US,60,20201109,210000,13.965,14.05,13.72,13.78,780633,0
HOME.US,60,20201109,220000,13.775,13.9224,13.49,13.52,1462946,0
HOME.US,60,20201110,160000,13.67,13.68,13.12,13.2055,308487,0
HOME.US,60,20201110,170000,13.2,13.48,13.01,13.3001,267125,0
HOME.US,60,20201110,180000,13.325,13.67,13.24,13.45,380024,0
HOME.US,60,20201110,190000,13.46,13.6989,13.4,13.485,218671,0
HOME.US,60,20201110,200000,13.49,13.52,13.25,13.33,181277,0
HOME.US,60,20201110,210000,13.37,13.41,13.2,13.29,162057,0
HOME.US,60,20201110,220000,13.31,13.42,13.26,13.33,550867,0
HOME.US,60,20201111,160000,13.55,13.55,13.125,13.145,195354,0
HOME.US,60,20201111,170000,13.16,13.71,13.06,13.71,348352,0
HOME.US,60,20201111,180000,13.71,14,13.61,14,390726,0
HOME.US,60,20201111,190000,14.01,14.44,14.01,14.222,615739,0
HOME.US,60,20201111,200000,14.225,14.47,14.225,14.33,314178,0
HOME.US,60,20201111,210000,14.33,14.445,14.27,14.4001,312860,0
HOME.US,60,20201111,220000,14.415,14.66,14.37,14.63,819499,0
HOME.US,60,20201112,160000,14.45,14.99,14.27,14.5,247573,0
HOME.US,60,20201112,170000,14.57,15.09,14.41,14.5795,314774,0
HOME.US,60,20201112,180000,14.59,14.62,14.3226,14.3789,233793,0
HOME.US,60,20201112,190000,14.3992,14.5699,14.0668,14.18,159126,0
HOME.US,60,20201112,200000,14.2,14.23,13.94,14.16,175961,0
HOME.US,60,20201112,210000,14.1661,14.24,14.0367,14.0765,95597,0
HOME.US,60,20201112,220000,14.05,14.21,13.9535,13.99,400388,0
HOME.US,60,20201113,160000,14.25,14.7,14.1,14.48,205694,0
HOME.US,60,20201113,170000,14.52,14.605,13.985,14,220026,0
HOME.US,60,20201113,180000,13.9969,14.3,13.951,14.25,195796,0
HOME.US,60,20201113,190000,14.26,14.36,14.2,14.2,145623,0
HOME.US,60,20201113,200000,14.22,14.27,14.03,14.04,113994,0
HOME.US,60,20201113,210000,14.05,14.13,14.01,14.1,122391,0
HOME.US,60,20201113,220000,14.11,14.2,14.01,14.09,321177,0
HOME.US,60,20201116,160000,14.15,14.33,13.75,14.21,217964,0
HOME.US,60,20201116,170000,14.21,14.54,14.21,14.46,307145,0
HOME.US,60,20201116,180000,14.4769,14.53,14.14,14.2001,238061,0
HOME.US,60,20201116,190000,14.18,14.34,14.1673,14.3,147046,0
HOME.US,60,20201116,200000,14.3,14.305,14.045,14.14,144063,0
HOME.US,60,20201116,210000,14.13,14.24,14.0531,14.21,161081,0
HOME.US,60,20201116,220000,14.21,14.22,14.12,14.21,264711,0
HOME.US,60,20201117,160000,14.32,14.64,14.09,14.24,218783,0
HOME.US,60,20201117,170000,14.28,14.5537,14.1613,14.5,170197,0
HOME.US,60,20201117,180000,14.5,14.59,14.45,14.46,149144,0
HOME.US,60,20201117,190000,14.47,14.91,14.465,14.89,313606,0
HOME.US,60,20201117,200000,14.87,15.3,14.86,15.25,389972,0
HOME.US,60,20201117,210000,15.24,15.39,15.17,15.35,310054,0
HOME.US,60,20201117,220000,15.345,15.355,15.06,15.09,596204,0
HOME.US,60,20201118,160000,15.25,16.16,15.17,15.96,501522,0
HOME.US,60,20201118,170000,15.91,16.05,15.41,15.42,506917,0
HOME.US,60,20201118,180000,15.42,15.75,15.42,15.6072,223588,0
HOME.US,60,20201118,190000,15.61,15.8,15.53,15.53,128786,0
HOME.US,60,20201118,200000,15.57,15.92,15.57,15.88,253438,0
HOME.US,60,20201118,210000,15.88,15.92,15.73,15.875,330535,0
HOME.US,60,20201118,220000,15.87,15.91,15.605,15.61,484112,0
HOME.US,60,20201119,160000,15.73,16.1,15.6594,16.025,118846,0
HOME.US,60,20201119,170000,16.05,16.06,15.68,15.87,301106,0
HOME.US,60,20201119,180000,15.87,16.01,15.8483,15.98,153644,0
HOME.US,60,20201119,190000,15.99,16.005,15.85,15.99,167246,0
HOME.US,60,20201119,200000,15.99,16.3399,15.99,16.29,303668,0
HOME.US,60,20201119,210000,16.285,16.53,16.27,16.465,404726,0
HOME.US,60,20201119,220000,16.47,16.47,16.17,16.26,458824,0
HOME.US,60,20201120,160000,16.48,17.77,16.48,16.707,538943,0
HOME.US,60,20201120,170000,16.67,16.7904,16.45,16.5,305205,0
HOME.US,60,20201120,180000,16.48,16.625,16.38,16.57,396383,0
HOME.US,60,20201120,190000,16.57,16.71,16.46,16.62,109169,0
HOME.US,60,20201120,200000,16.616,17,16.58,16.82,217979,0
HOME.US,60,20201120,210000,16.83,16.94,16.63,16.7,171846,0
HOME.US,60,20201120,220000,16.705,16.78,16.56,16.74,481339,0
HOME.US,60,20201123,160000,16.81,17.2,16.63,16.9,217978,0
HOME.US,60,20201123,170000,16.915,17.3,16.915,17.135,358541,0
HOME.US,60,20201123,180000,17.1338,17.33,17,17.185,274266,0
HOME.US,60,20201123,190000,17.18,17.405,17,17,326943,0
HOME.US,60,20201123,200000,17.01,17.1,16.85,17.025,271976,0
HOME.US,60,20201123,210000,17.025,17.17,16.96,17.09,205464,0
HOME.US,60,20201123,220000,17.085,17.22,16.76,16.88,471133,0
HOME.US,60,20201124,160000,17.25,17.39,16.85,17.21,250314,0
HOME.US,60,20201124,170000,17.23,17.35,16.87,17.14,324413,0
HOME.US,60,20201124,180000,17.13,17.24,16.96,17.17,277315,0
HOME.US,60,20201124,190000,17.18,17.56,16.91,17.43,454415,0
HOME.US,60,20201124,200000,17.435,17.45,17.21,17.258,175776,0
HOME.US,60,20201124,210000,17.25,17.8943,17.25,17.85,512593,0
HOME.US,60,20201124,220000,17.86,18.03,17.74,17.99,618837,0
HOME.US,60,20201125,160000,18.1,19.2793,18.09,18.64,448531,0
HOME.US,60,20201125,170000,18.69,18.7,18.26,18.36,287894,0
HOME.US,60,20201125,180000,18.355,18.7321,18.34,18.49,229391,0
HOME.US,60,20201125,190000,18.45,18.633,18.365,18.58,205994,0
HOME.US,60,20201125,200000,18.57,18.91,18.53,18.6125,184844,0
HOME.US,60,20201125,210000,18.65,18.93,18.54,18.89,206288,0
HOME.US,60,20201125,220000,18.89,18.9799,18.8,18.85,370814,0
HOME.US,60,20201127,160000,19.04,19.57,18.9701,19.07,348948,0
HOME.US,60,20201127,170000,19.06,19.1509,18.82,19.135,292568,0
HOME.US,60,20201127,180000,19.135,19.26,19.055,19.24,256631,0
HOME.US,60,20201127,190000,19.24,19.25,18.93,19.105,325739,0
HOME.US,60,20201127,200000,19.14,19.14,19.14,19.14,47211,0
HOME.US,60,20201130,160000,19.65,19.65,18.72,18.965,359042,0
HOME.US,60,20201130,170000,18.99,19,17.77,18.395,623548,0
HOME.US,60,20201130,180000,18.37,18.8892,18.26,18.695,265535,0
HOME.US,60,20201130,190000,18.695,18.82,18.5588,18.665,231488,0
HOME.US,60,20201130,200000,18.66,18.76,18.62,18.67,199012,0
HOME.US,60,20201130,210000,18.675,18.98,18.6037,18.94,187176,0
HOME.US,60,20201130,220000,18.95,19.055,18.81,18.94,1005439,0
HOME.US,60,20201201,160000,19,19.06,18.225,18.325,236260,0
HOME.US,60,20201201,170000,18.3377,18.43,17.19,17.915,682483,0
HOME.US,60,20201201,180000,17.8901,18.2816,17.81,18.12,254996,0
HOME.US,60,20201201,190000,18.12,18.68,18.11,18.465,268162,0
HOME.US,60,20201201,200000,18.48,18.48,18.17,18.1901,244838,0
HOME.US,60,20201201,210000,18.205,18.54,18.19,18.38,297505,0
HOME.US,60,20201201,220000,18.39,18.52,18.15,18.41,728952,0
HOME.US,60,20201202,160000,17.5,19.07,16.85,18.7506,609828,0
HOME.US,60,20201202,170000,18.73,18.74,17.85,18.0218,622352,0
HOME.US,60,20201202,180000,18.04,18.51,17.83,18.42,330735,0
HOME.US,60,20201202,190000,18.425,18.7,18.32,18.5,263494,0
HOME.US,60,20201202,200000,18.49,18.69,18.35,18.61,175978,0
HOME.US,60,20201202,210000,18.6,18.66,18.42,18.47,258008,0
HOME.US,60,20201202,220000,18.475,18.67,18.19,18.59,823295,0
HOME.US,60,20201203,160000,18.86,18.9,18.1581,18.205,180087,0
HOME.US,60,20201203,170000,18.21,18.405,17.84,17.96,402679,0
HOME.US,60,20201203,180000,17.9742,18.2,17.75,18.135,362602,0
HOME.US,60,20201203,190000,18.17,18.29,17.83,17.975,233992,0
HOME.US,60,20201203,200000,17.975,18.0799,17.45,17.52,440229,0
HOME.US,60,20201203,210000,17.544,17.68,17.48,17.53,367598,0
HOME.US,60,20201203,220000,17.54,17.66,17.18,17.28,1298382,0
HOME.US,60,20201204,160000,17.29,17.3874,16.69,16.81,399107,0
HOME.US,60,20201204,170000,16.88,17.23,16.66,16.6931,506527,0
HOME.US,60,20201204,180000,16.7,17.13,16.66,16.96,269070,0
HOME.US,60,20201204,190000,16.97,17.105,16.705,16.7436,193254,0
HOME.US,60,20201204,200000,16.72,16.7326,16.49,16.69,294461,0
HOME.US,60,20201204,210000,16.69,16.75,16.52,16.6684,123741,0
HOME.US,60,20201204,220000,16.6575,16.82,16.58,16.73,604758,0
HOME.US,60,20201207,160000,16.88,16.89,16.23,16.31,252013,0
HOME.US,60,20201207,170000,16.2734,16.75,16.2,16.7,200168,0
HOME.US,60,20201207,180000,16.72,16.9,16.6,16.69,151410,0
HOME.US,60,20201207,190000,16.69,16.76,16.53,16.6128,119826,0
HOME.US,60,20201207,200000,16.615,16.615,16.32,16.32,218703,0
HOME.US,60,20201207,210000,16.33,16.46,16.26,16.335,180302,0
HOME.US,60,20201207,220000,16.335,16.56,16.3,16.44,380011,0
HOME.US,60,20201208,160000,16.32,17.22,16.32,17.194,267930,0
HOME.US,60,20201208,170000,17.2,17.21,16.65,16.72,261491,0
HOME.US,60,20201208,180000,16.755,16.81,16.6,16.63,136425,0
HOME.US,60,20201208,190000,16.64,16.68,16.35,16.42,222318,0
HOME.US,60,20201208,200000,16.435,16.55,16.33,16.43,212256,0
HOME.US,60,20201208,210000,16.43,16.47,16.17,16.24,367982,0
HOME.US,60,20201208,220000,16.235,16.27,16.05,16.22,868877,0
HOME.US,60,20201209,160000,16.3,16.775,16.25,16.7535,297601,0
HOME.US,60,20201209,170000,16.73,16.75,16.2143,16.44,324633,0
HOME.US,60,20201209,180000,16.4224,16.58,16.06,16.2,444194,0
HOME.US,60,20201209,190000,16.19,16.249,16.0258,16.2377,239429,0
HOME.US,60,20201209,200000,16.22,16.3099,15.86,15.865,176088,0
HOME.US,60,20201209,210000,15.8926,16.3637,15.88,16.35,165246,0
HOME.US,60,20201209,220000,16.33,16.48,16.22,16.23,335615,0
HOME.US,60,20201210,160000,15.94,16.02,15.52,15.84,137608,0
HOME.US,60,20201210,170000,15.88,16.05,15.53,15.785,328879,0
HOME.US,60,20201210,180000,15.84,15.84,15.53,15.57,251560,0
HOME.US,60,20201210,190000,15.565,15.7761,15.55,15.58,156975,0
HOME.US,60,20201210,200000,15.59,15.7,15.43,15.47,288588,0
HOME.US,60,20201210,210000,15.47,15.69,15.41,15.48,602873,0
HOME.US,60,20201210,220000,15.49,15.85,15.42,15.73,1168331,0
HOME.US,60,20201211,160000,15.74,16.07,15.52,15.54,112496,0
HOME.US,60,20201211,170000,15.55,15.7,15.5,15.65,201287,0
HOME.US,60,20201211,180000,15.63,15.685,15.2,15.44,251082,0
HOME.US,60,20201211,190000,15.445,15.63,15.33,15.5684,232304,0
HOME.US,60,20201211,200000,15.56,15.56,15.28,15.41,203719,0
HOME.US,60,20201211,210000,15.39,15.43,15.24,15.28,144738,0
HOME.US,60,20201211,220000,15.285,15.3584,15.19,15.26,375008,0
HOME.US,60,20201214,160000,15.5,15.69,15.21,15.29,114465,0
HOME.US,60,20201214,170000,15.25,15.39,14.97,15.035,230588,0
HOME.US,60,20201214,180000,15.04,15.699,15.04,15.63,398737,0
HOME.US,60,20201214,190000,15.64,15.655,15.41,15.48,117023,0
HOME.US,60,20201214,200000,15.4781,15.56,15.37,15.54,135544,0
HOME.US,60,20201214,210000,15.545,15.62,15.42,15.5,97776,0
HOME.US,60,20201214,220000,15.5,15.5399,15.17,15.21,476456,0
HOME.US,60,20201215,160000,15.5,15.55,15.115,15.395,249442,0
HOME.US,60,20201215,170000,15.38,15.8356,15.32,15.77,433794,0
HOME.US,60,20201215,180000,15.77,16.08,15.67,15.99,385836,0
HOME.US,60,20201215,190000,15.98,16.01,15.76,15.89,432105,0
HOME.US,60,20201215,200000,15.885,16.07,15.85,16.05,248632,0
HOME.US,60,20201215,210000,16.045,16.42,16.045,16.25,810621,0
HOME.US,60,20201215,220000,16.2331,16.35,16.17,16.26,380230,0
HOME.US,60,20201216,160000,16.31,16.6,16.11,16.5384,280669,0
HOME.US,60,20201216,170000,16.5394,16.5394,16.02,16.29,180670,0
HOME.US,60,20201216,180000,16.29,16.36,16.08,16.22,133414,0
HOME.US,60,20201216,190000,16.22,16.28,16.08,16.21,121834,0
HOME.US,60,20201216,200000,16.2118,16.28,16.0811,16.12,122915,0
HOME.US,60,20201216,210000,16.14,16.167,15.95,16.0578,190172,0
HOME.US,60,20201216,220000,16.05,16.1,15.97,15.98,477759,0
HOME.US,60,20201217,160000,16.11,16.25,15.75,16.1276,284538,0
HOME.US,60,20201217,170000,16.115,16.78,16.09,16.32,1038541,0
HOME.US,60,20201217,180000,16.32,16.57,16.205,16.5,340452,0
HOME.US,60,20201217,190000,16.5,16.54,16.43,16.5,147452,0
HOME.US,60,20201217,200000,16.4903,16.495,16.31,16.405,148477,0
HOME.US,60,20201217,210000,16.42,16.57,16.36,16.515,274726,0
HOME.US,60,20201217,220000,16.5181,16.62,16.35,16.47,946350,0
HOME.US,60,20201218,160000,16.65,17.02,16.28,16.5229,637269,0
HOME.US,60,20201218,170000,16.49,16.6,15.89,15.99,633733,0
HOME.US,60,20201218,180000,16,16.17,15.94,16.01,257409,0
HOME.US,60,20201218,190000,16.0074,16.3,16,16.297,276201,0
HOME.US,60,20201218,200000,16.28,16.38,16.18,16.24,157632,0
HOME.US,60,20201218,210000,16.23,16.24,15.92,15.93,291382,0
HOME.US,60,20201218,220000,15.94,16.015,15.73,15.84,873655,0
HOME.US,60,20201221,160000,15.57,16.1,15.39,16.03,305361,0
HOME.US,60,20201221,170000,16.015,16.0699,15.4552,15.48,461479,0
HOME.US,60,20201221,180000,15.48,15.68,15.43,15.5266,370195,0
HOME.US,60,20201221,190000,15.52,15.7499,15.3601,15.7266,263547,0
HOME.US,60,20201221,200000,15.73,15.85,15.63,15.78,115114,0
HOME.US,60,20201221,210000,15.78,15.86,15.72,15.8299,124228,0
HOME.US,60,20201221,220000,15.83,15.83,15.595,15.65,794816,0
HOME.US,60,20201222,160000,15.61,15.72,15.21,15.2637,387763,0
HOME.US,60,20201222,170000,15.29,16.01,15.26,15.84,360095,0
HOME.US,60,20201222,180000,15.83,16,15.5601,15.615,166445,0
HOME.US,60,20201222,190000,15.635,15.89,15.61,15.83,101695,0
HOME.US,60,20201222,200000,15.86,15.98,15.76,15.93,316841,0
HOME.US,60,20201222,210000,15.94,16.13,15.94,16.09,241623,0
HOME.US,60,20201222,220000,16.0731,16.23,16.02,16.11,530429,0
HOME.US,60,20201223,160000,16.02,16.2,15.68,16.12,128031,0
HOME.US,60,20201223,170000,16.13,16.33,16.06,16.2,141860,0
HOME.US,60,20201223,180000,16.1764,16.43,16.11,16.365,120209,0
HOME.US,60,20201223,190000,16.35,16.35,16.085,16.12,153864,0
HOME.US,60,20201223,200000,16.11,16.24,16.08,16.14,103527,0
HOME.US,60,20201223,210000,16.15,16.17,15.97,15.98,115945,0
HOME.US,60,20201223,220000,15.99,16.02,15.83,15.85,318052,0
HOME.US,60,20201224,160000,15.95,16.03,15.51,15.8997,167257,0
HOME.US,60,20201224,170000,15.9372,16.17,15.79,16.07,158558,0
HOME.US,60,20201224,180000,16.06,16.1,15.9267,16.0201,98335,0
HOME.US,60,20201224,190000,16.02,16.1201,15.92,16.0699,280486,0
HOME.US,60,20201224,200000,16.06,16.06,16.06,16.06,30317,0
HOME.US,60,20201228,160000,16.1,16.28,15.95,16.1462,132825,0
HOME.US,60,20201228,170000,16.1578,16.2,15.6,15.84,312049,0
HOME.US,60,20201228,180000,15.85,15.97,15.67,15.67,159081,0
HOME.US,60,20201228,190000,15.66,15.75,15.57,15.69,179768,0
HOME.US,60,20201228,200000,15.68,15.72,15.45,15.4598,167128,0
HOME.US,60,20201228,210000,15.45,15.61,15.44,15.52,120325,0
HOME.US,60,20201228,220000,15.515,15.6525,15.37,15.43,482356,0
HOME.US,60,20201229,160000,15.5,15.55,15.1501,15.32,196106,0
HOME.US,60,20201229,170000,15.325,15.37,14.84,15.26,582561,0
HOME.US,60,20201229,180000,15.2775,15.35,14.93,15.045,218209,0
HOME.US,60,20201229,190000,15.05,15.17,14.9,15.075,208978,0
HOME.US,60,20201229,200000,15.075,15.1598,14.96,15.0407,124066,0
HOME.US,60,20201229,210000,15.041,15.115,14.96,15.115,140181,0
HOME.US,60,20201229,220000,15.1,15.19,15.04,15.15,333256,0
HOME.US,60,20201230,160000,15.16,15.465,15.16,15.37,135121,0
HOME.US,60,20201230,170000,15.365,15.42,15.14,15.22,112490,0
HOME.US,60,20201230,180000,15.22,15.24,15.02,15.09,150840,0
HOME.US,60,20201230,190000,15.08,15.21,15.0201,15.17,190700,0
HOME.US,60,20201230,200000,15.17,15.32,15.08,15.3,182712,0
HOME.US,60,20201230,210000,15.3,15.3,15.18,15.2,147671,0
HOME.US,60,20201230,220000,15.215,15.35,15.12,15.31,355430,0
HOME.US,60,20201231,160000,15.3,15.53,15.1,15.45,185312,0
HOME.US,60,20201231,170000,15.43,15.55,15.345,15.41,149937,0
HOME.US,60,20201231,180000,15.41,15.43,15.19,15.27,81047,0
HOME.US,60,20201231,190000,15.265,15.38,15.24,15.3644,74198,0
HOME.US,60,20201231,200000,15.38,15.3964,15.29,15.3637,171456,0
HOME.US,60,20201231,210000,15.36,15.42,15.29,15.31,78465,0
HOME.US,60,20201231,220000,15.31,15.48,15.29,15.46,419657,0
HOME.US,60,20210104,160000,15.58,15.78,15.28,15.32,151888,0
HOME.US,60,20210104,170000,15.35,15.7499,15.23,15.46,209233,0
HOME.US,60,20210104,180000,15.49,15.945,15.43,15.75,285304,0
HOME.US,60,20210104,190000,15.755,15.76,15.5,15.73,145939,0
HOME.US,60,20210104,200000,15.73,15.795,15.6,15.73,250917,0
HOME.US,60,20210104,210000,15.72,15.91,15.7,15.89,131718,0
HOME.US,60,20210104,220000,15.9,15.91,15.615,15.77,446868,0
HOME.US,60,20210105,160000,15.57,16.03,15.47,15.825,168511,0
HOME.US,60,20210105,170000,15.84,16.15,15.76,16.12,232762,0
HOME.US,60,20210105,180000,16.13,16.21,15.98,16.18,242643,0
HOME.US,60,20210105,190000,16.18,16.4,16.1731,16.38,254423,0
HOME.US,60,20210105,200000,16.39,16.405,16.25,16.381,173451,0
HOME.US,60,20210105,210000,16.385,16.4,16.2,16.32,200735,0
HOME.US,60,20210105,220000,16.32,16.78,16.32,16.59,900280,0
HOME.US,60,20210106,160000,16.34,17.4,16.34,17.1134,338712,0
HOME.US,60,20210106,170000,17.11,17.58,16.9371,17.4844,436578,0
HOME.US,60,20210106,180000,17.5,17.79,17.44,17.775,296075,0
HOME.US,60,20210106,190000,17.78,18.06,17.745,17.82,310651,0
HOME.US,60,20210106,200000,17.82,18.12,17.76,17.96,366275,0
HOME.US,60,20210106,210000,17.97,18.0398,17.15,17.435,399396,0
HOME.US,60,20210106,220000,17.44,17.48,17.08,17.4,626547,0
HOME.US,60,20210107,160000,18.16,18.63,18.02,18.355,544750,0
HOME.US,60,20210107,170000,18.355,18.59,18.07,18.15,320308,0
HOME.US,60,20210107,180000,18.15,18.19,17.31,17.39,356842,0
HOME.US,60,20210107,190000,17.37,17.88,17.36,17.815,279749,0
HOME.US,60,20210107,200000,17.84,18.01,17.69,17.79,245901,0
HOME.US,60,20210107,210000,17.7992,17.95,17.73,17.8,142237,0
HOME.US,60,20210107,220000,17.8,18,17.65,17.98,374714,0
HOME.US,60,20210108,160000,19.77,20.47,19.13,19.71,563610,0
HOME.US,60,20210108,170000,19.74,19.97,19.21,19.645,617414,0
HOME.US,60,20210108,180000,19.645,19.93,19.39,19.79,347543,0
HOME.US,60,20210108,190000,19.79,19.81,19.5631,19.57,258858,0
HOME.US,60,20210108,200000,19.5769,19.59,18.7,18.81,437981,0
HOME.US,60,20210108,210000,18.82,19.205,18.82,19.19,164036,0
HOME.US,60,20210108,220000,19.19,19.31,19.11,19.18,599529,0
HOME.US,60,20210111,160000,19,19.46,18.83,19.46,203987,0
HOME.US,60,20210111,170000,19.45,19.94,19.45,19.84,187779,0
HOME.US,60,20210111,180000,19.84,20.26,19.73,20.22,310978,0
HOME.US,60,20210111,190000,20.21,20.58,20.16,20.5408,338652,0
HOME.US,60,20210111,200000,20.545,20.8,20.34,20.785,427180,0
HOME.US,60,20210111,210000,20.785,20.785,20.5,20.62,153925,0
HOME.US,60,20210111,220000,20.6,20.63,20.31,20.46,408514,0
HOME.US,60,20210112,160000,20.6,21.45,20.53,21.4201,502791,0
HOME.US,60,20210112,170000,21.42,21.525,20.76,21.51,592960,0
HOME.US,60,20210112,180000,21.53,21.77,21.445,21.52,308840,0
HOME.US,60,20210112,190000,21.5438,21.73,21.28,21.665,219404,0
HOME.US,60,20210112,200000,21.665,21.98,21.65,21.895,295072,0
HOME.US,60,20210112,210000,21.8976,21.92,21.71,21.78,384418,0
HOME.US,60,20210112,220000,21.77,21.84,21.605,21.7,417833,0
HOME.US,60,20210113,160000,21.83,21.91,21.38,21.61,188850,0
HOME.US,60,20210113,170000,21.6226,21.89,21.6226,21.84,441682,0
HOME.US,60,20210113,180000,21.84,22.51,21.67,22.15,556145,0
HOME.US,60,20210113,190000,22.16,22.21,21.88,21.91,242610,0
HOME.US,60,20210113,200000,21.9,21.97,21.77,21.845,148787,0
HOME.US,60,20210113,210000,21.84,21.89,21.5965,21.66,206153,0
HOME.US,60,20210113,220000,21.6479,21.7922,21.53,21.63,391696,0
HOME.US,60,20210114,160000,22.02,22.85,22,22.53,239005,0
HOME.US,60,20210114,170000,22.51,22.7,22.35,22.6,386052,0
HOME.US,60,20210114,180000,22.63,23.465,22.63,23.36,662188,0
HOME.US,60,20210114,190000,23.36,23.49,23.13,23.3711,423784,0
HOME.US,60,20210114,200000,23.38,23.57,23.27,23.29,394134,0
HOME.US,60,20210114,210000,23.29,23.89,23.28,23.81,309563,0
HOME.US,60,20210114,220000,23.815,23.87,23.34,23.42,662498,0
HOME.US,60,20210115,160000,22.88,23.49,22.52,23.45,215559,0
HOME.US,60,20210115,170000,23.45,23.48,22.63,23.02,295528,0
HOME.US,60,20210115,180000,23,23.16,22.84,23.03,186826,0
HOME.US,60,20210115,190000,23.03,23.55,23.03,23.42,278360,0
HOME.US,60,20210115,200000,23.4242,23.43,23.13,23.2032,210049,0
HOME.US,60,20210115,210000,23.205,23.41,22.93,23,200452,0
HOME.US,60,20210115,220000,23,23.045,22.61,22.73,498987,0
HOME.US,60,20210119,160000,23.1,23.25,21.55,21.6,200401,0
HOME.US,60,20210119,170000,21.55,22.45,21.54,22.29,222680,0
HOME.US,60,20210119,180000,22.23,22.54,22.07,22.1,121899,0
HOME.US,60,20210119,190000,22.0779,22.49,21.97,22.245,109286,0
HOME.US,60,20210119,200000,22.26,22.33,22.14,22.27,81403,0
HOME.US,60,20210119,210000,22.24,22.37,22.1829,22.26,86428,0
HOME.US,60,20210119,220000,22.28,22.28,22.04,22.16,446112,0
HOME.US,60,20210120,160000,22.4,22.84,22.4,22.67,104374,0
HOME.US,60,20210120,170000,22.645,22.655,22.26,22.35,124737,0
HOME.US,60,20210120,180000,22.33,22.8,22.26,22.65,139053,0
HOME.US,60,20210120,190000,22.655,22.79,22.545,22.735,95096,0
HOME.US,60,20210120,200000,22.735,22.78,22.44,22.66,155867,0
HOME.US,60,20210120,210000,22.66,22.83,22.59,22.83,195054,0
HOME.US,60,20210120,220000,22.84,22.85,22.385,22.46,278503,0
HOME.US,60,20210121,160000,22.55,23.3798,22.475,23.34,154407,0
HOME.US,60,20210121,170000,23.345,24.35,23.16,24.105,1037408,0
HOME.US,60,20210121,180000,24.11,24.68,24,24.51,511689,0
HOME.US,60,20210121,190000,24.52,24.95,24.35,24.795,425190,0
HOME.US,60,20210121,200000,24.8,24.88,24.64,24.665,357253,0
HOME.US,60,20210121,210000,24.67,24.74,24.42,24.68,339496,0
HOME.US,60,20210121,220000,24.675,25.015,24.61,24.75,681614,0
HOME.US,60,20210122,160000,24.22,24.88,24.18,24.65,169106,0
HOME.US,60,20210122,170000,24.72,24.8099,24.16,24.41,248629,0
HOME.US,60,20210122,180000,24.425,24.66,24.1,24.56,154303,0
HOME.US,60,20210122,190000,24.59,25.29,24.59,25.13,408836,0
HOME.US,60,20210122,200000,25.145,25.42,24.95,25.255,279345,0
HOME.US,60,20210122,210000,25.255,25.43,25.16,25.42,173817,0
HOME.US,60,20210122,220000,25.43,25.51,24.76,24.93,653391,0
HOME.US,60,20210125,160000,24.93,26.9794,24.9,26.87,746152,0
HOME.US,60,20210125,170000,26.72,28.44,26.435,26.435,1354580,0
HOME.US,60,20210125,180000,26.39,26.67,24.6929,25.75,342104,0
HOME.US,60,20210125,190000,25.805,25.86,24.73,24.83,191950,0
HOME.US,60,20210125,200000,24.75,25.32,24.65,25.1,130220,0
HOME.US,60,20210125,210000,25,25.38,24.79,24.91,158767,0
HOME.US,60,20210125,220000,24.93,25.2,24.56,25.07,361603,0
HOME.US,60,20210126,160000,25.3,25.491,24.37,25.05,184490,0
HOME.US,60,20210126,170000,25,25.19,24.63,24.68,118901,0
HOME.US,60,20210126,180000,24.74,25.28,24.63,24.69,121016,0
HOME.US,60,20210126,190000,24.675,25.19,24.675,25.07,74038,0
HOME.US,60,20210126,200000,25.0472,25.32,24.91,25.055,61813,0
HOME.US,60,20210126,210000,25.02,25.8,24.99,25.61,166489,0
HOME.US,60,20210126,220000,25.59,26.17,25.57,25.9,543633,0
HOME.US,60,20210127,160000,24.77,26.36,24.6054,26.04,253751,0
HOME.US,60,20210127,170000,26.01,26.67,25.25,26.535,380810,0
HOME.US,60,20210127,180000,26.605,26.63,25.49,25.62,315937,0
HOME.US,60,20210127,190000,25.61,26.02,25.4,25.78,219044,0
HOME.US,60,20210127,200000,25.7508,25.97,25.44,25.83,203966,0
HOME.US,60,20210127,210000,25.87,26.03,25.07,25.12,239606,0
HOME.US,60,20210127,220000,25.1,25.4,24.64,25.31,480527,0
HOME.US,60,20210128,160000,25.35,26.1,24.8,26.1,105044,0
HOME.US,60,20210128,170000,26.035,26.27,25.09,25.29,219183,0
HOME.US,60,20210128,180000,25.22,25.32,23.5,24.34,442565,0
HOME.US,60,20210128,190000,24.34,24.4,23.45,23.66,188137,0
HOME.US,60,20210128,200000,23.73,24.55,23.3835,24.54,210676,0
HOME.US,60,20210128,210000,24.51,25,24.26,24.74,208963,0
HOME.US,60,20210128,220000,24.74,24.9869,24.47,24.52,408465,0
HOME.US,60,20210129,160000,24.6,25.24,24.41,25.08,67650,0
HOME.US,60,20210129,170000,25.07,25.88,24.91,25.62,152455,0
HOME.US,60,20210129,180000,25.59,25.63,25.21,25.62,127847,0
HOME.US,60,20210129,190000,25.65,25.7,24.09,24.42,208277,0
HOME.US,60,20210129,200000,24.4484,24.6,23.79,24.0173,142939,0
HOME.US,60,20210129,210000,24.005,24.48,23.88,24.18,102605,0
HOME.US,60,20210129,220000,24.2,24.6399,24.2,24.37,343390,0
HOME.US,60,20210201,160000,24.53,24.71,23.11,23.195,169726,0
HOME.US,60,20210201,170000,23.26,23.905,23.21,23.61,273800,0
HOME.US,60,20210201,180000,23.55,24.2,23.46,23.95,108785,0
HOME.US,60,20210201,190000,23.94,23.96,23.6001,23.73,105589,0
HOME.US,60,20210201,200000,23.72,23.98,23.62,23.89,96607,0
HOME.US,60,20210201,210000,23.89,24.2899,23.88,24.08,96733,0
HOME.US,60,20210201,220000,24.11,24.145,23.92,24.02,192285,0
HOME.US,60,20210202,160000,24.29,24.57,23.5,23.845,110545,0
HOME.US,60,20210202,170000,23.89,23.89,23.35,23.66,146788,0
HOME.US,60,20210202,180000,23.63,23.91,23.39,23.44,188894,0
HOME.US,60,20210202,190000,23.43,23.55,23.31,23.42,92977,0
HOME.US,60,20210202,200000,23.42,23.62,23.28,23.53,97213,0
HOME.US,60,20210202,210000,23.5224,23.63,23.26,23.335,112792,0
HOME.US,60,20210202,220000,23.33,23.33,22.85,22.97,372194,0
HOME.US,60,20210203,160000,23.28,23.99,23.195,23.55,197952,0
HOME.US,60,20210203,170000,23.5593,23.5638,22.76,23.44,213575,0
HOME.US,60,20210203,180000,23.43,23.53,23.025,23.23,106289,0
HOME.US,60,20210203,190000,23.26,23.5,23.16,23.4,144880,0
HOME.US,60,20210203,200000,23.4,23.47,23.32,23.415,85207,0
HOME.US,60,20210203,210000,23.43,23.645,23.33,23.37,114881,0
HOME.US,60,20210203,220000,23.36,23.57,23.2,23.41,272310,0
HOME.US,60,20210204,160000,23.5,23.76,22.99,23.05,70708,0
HOME.US,60,20210204,170000,23.08,23.87,22.82,23.69,236057,0
HOME.US,60,20210204,180000,23.64,24.2,23.64,24.01,395347,0
HOME.US,60,20210204,190000,23.99,24.27,23.79,23.8,105013,0
HOME.US,60,20210204,200000,23.795,23.81,23.6,23.74,77465,0
HOME.US,60,20210204,210000,23.74,24.04,23.66,23.91,102238,0
HOME.US,60,20210204,220000,23.88,23.94,23.695,23.75,341358,0
HOME.US,60,20210205,160000,24.09,25.14,24.075,24.51,238291,0
HOME.US,60,20210205,170000,24.53,24.63,24.0609,24.3884,170841,0
HOME.US,60,20210205,180000,24.4,24.52,24.1901,24.2,103320,0
HOME.US,60,20210205,190000,24.215,24.24,23.83,24.15,136500,0
HOME.US,60,20210205,200000,24.155,24.25,24.08,24.1,61554,0
HOME.US,60,20210205,210000,24.13,24.34,24.01,24.24,89722,0
HOME.US,60,20210205,220000,24.25,24.57,24.22,24.49,221375,0
HOME.US,60,20210208,160000,25.01,25.8,24.63,24.915,196187,0
HOME.US,60,20210208,170000,24.8993,25.01,24.5,24.535,207522,0
HOME.US,60,20210208,180000,24.53,24.61,24.05,24.29,119750,0
HOME.US,60,20210208,190000,24.28,24.62,24.19,24.315,70861,0
HOME.US,60,20210208,200000,24.324,24.45,24.26,24.32,67522,0
HOME.US,60,20210208,210000,24.34,24.49,24.13,24.3,107205,0
HOME.US,60,20210208,220000,24.31,24.63,24.1,24.62,204536,0
HOME.US,60,20210209,160000,24.22,24.45,23.84,24.27,95596,0
HOME.US,60,20210209,170000,24.215,24.265,23.99,24.125,137579,0
HOME.US,60,20210209,180000,24.0954,24.38,24,24.33,115024,0
HOME.US,60,20210209,190000,24.3419,24.48,24.18,24.41,128571,0
HOME.US,60,20210209,200000,24.41,24.47,24.18,24.44,110421,0
HOME.US,60,20210209,210000,24.45,24.7019,24.43,24.54,118136,0
HOME.US,60,20210209,220000,24.54,24.59,24.2,24.33,325574,0
HOME.US,60,20210210,160000,24.2,24.4209,23.9355,24.26,96682,0
HOME.US,60,20210210,170000,24.25,24.4199,23.38,23.69,140176,0
HOME.US,60,20210210,180000,23.68,23.97,23.538,23.91,84676,0
HOME.US,60,20210210,190000,23.88,24.12,23.67,24.12,91490,0
HOME.US,60,20210210,200000,24.09,24.48,24.055,24.375,75369,0
HOME.US,60,20210210,210000,24.381,24.63,24.18,24.56,126202,0
HOME.US,60,20210210,220000,24.555,24.61,24.28,24.34,302278,0
HOME.US,60,20210211,160000,24.7,25.6,24.55,25.22,206883,0
HOME.US,60,20210211,170000,25.17,26.1399,25.0601,25.88,364787,0
HOME.US,60,20210211,180000,25.895,26,25.08,25.2525,298720,0
HOME.US,60,20210211,190000,25.25,25.31,23.81,24.21,297271,0
HOME.US,60,20210211,200000,24.2,24.41,24.1,24.17,95876,0
HOME.US,60,20210211,210000,24.19,24.41,24.01,24.28,97933,0
HOME.US,60,20210211,220000,24.27,24.3747,24.13,24.37,254288,0
HOME.US,60,20210212,160000,24,25.32,24,25.275,138259,0
HOME.US,60,20210212,170000,25.2194,25.22,24.49,24.81,149328,0
HOME.US,60,20210212,180000,24.8,24.95,24.5611,24.73,83108,0
HOME.US,60,20210212,190000,24.73,25.1,24.73,24.965,119618,0
HOME.US,60,20210212,200000,24.98,25.28,24.77,24.8268,102512,0
HOME.US,60,20210212,210000,24.83,25.1,24.78,24.81,124255,0
HOME.US,60,20210212,220000,24.84,24.865,24.55,24.74,270391,0
HOME.US,60,20210216,160000,25.23,26.67,25.09,25.57,318819,0
HOME.US,60,20210216,170000,25.58,26.24,25.28,25.38,199800,0
HOME.US,60,20210216,180000,25.38,25.43,24.83,24.94,173322,0
HOME.US,60,20210216,190000,24.925,25.5,24.57,25.4,145771,0
HOME.US,60,20210216,200000,25.4048,25.61,25.275,25.28,66805,0
HOME.US,60,20210216,210000,25.29,25.53,25.18,25.53,80821,0
HOME.US,60,20210216,220000,25.5059,25.55,25.17,25.28,256461,0
HOME.US,60,20210217,160000,24.92,24.92,23.91,24.15,190522,0
HOME.US,60,20210217,170000,24.2,24.75,24.11,24.23,212993,0
HOME.US,60,20210217,180000,24.225,24.256,23.62,23.95,281887,0
HOME.US,60,20210217,190000,23.96,24.31,23.9238,24.125,154224,0
HOME.US,60,20210217,200000,24.14,24.37,24.02,24.2999,119799,0
HOME.US,60,20210217,210000,24.3,24.41,24.08,24.19,134079,0
HOME.US,60,20210217,220000,24.21,24.43,24.04,24.05,218461,0
HOME.US,60,20210218,160000,23.9,24.44,23.7701,24.37,143729,0
HOME.US,60,20210218,170000,24.33,24.55,24.0435,24.4393,268463,0
HOME.US,60,20210218,180000,24.48,24.6,24.2601,24.4,111216,0
HOME.US,60,20210218,190000,24.38,24.45,24.11,24.13,98596,0
HOME.US,60,20210218,200000,24.11,24.36,24.01,24.27,70895,0
HOME.US,60,20210218,210000,24.25,24.42,24.09,24.255,83556,0
HOME.US,60,20210218,220000,24.23,24.31,24.07,24.17,283158,0
HOME.US,60,20210219,160000,24.71,25.49,24.69,25.3415,150460,0
HOME.US,60,20210219,170000,25.379,26.27,25.34,26,411655,0
HOME.US,60,20210219,180000,25.9962,26.3,25.855,26.23,283970,0
HOME.US,60,20210219,190000,26.22,27.16,26.11,26.6501,335741,0
HOME.US,60,20210219,200000,26.6647,27.06,26.5689,26.95,131595,0
HOME.US,60,20210219,210000,26.94,27.1295,26.78,27.065,142433,0
HOME.US,60,20210219,220000,27.08,27.31,26.84,27.23,492362,0
HOME.US,60,20210222,160000,26.65,27.68,26.25,27.435,301721,0
HOME.US,60,20210222,170000,27.41,27.44,25.07,25.21,348865,0
HOME.US,60,20210222,180000,25.155,25.97,25.02,25.97,180450,0
HOME.US,60,20210222,190000,25.9721,26.32,25.81,26.29,118669,0
HOME.US,60,20210222,200000,26.275,26.33,26.1,26.25,65122,0
HOME.US,60,20210222,210000,26.24,26.38,26,26.0917,82406,0
HOME.US,60,20210222,220000,26.1,26.13,25.39,25.66,418894,0
HOME.US,60,20210223,160000,24.35,24.35,21.87,23.4516,203711,0
HOME.US,60,20210223,170000,23.41,23.725,22.61,23.54,312202,0
HOME.US,60,20210223,180000,23.58,23.91,22.86,22.9299,201709,0
HOME.US,60,20210223,190000,22.91,23.19,22.61,23.16,196619,0
HOME.US,60,20210223,200000,23.1401,23.63,23.135,23.54,133039,0
HOME.US,60,20210223,210000,23.54,24.06,23.52,24.04,174303,0
HOME.US,60,20210223,220000,24.03,24.49,23.94,24.35,498585,0
HOME.US,60,20210224,160000,24.51,24.81,24.07,24.27,109131,0
HOME.US,60,20210224,170000,24.28,24.4,23.51,24.14,164201,0
HOME.US,60,20210224,180000,24.19,24.28,23.41,23.71,261678,0
HOME.US,60,20210224,190000,23.7671,24.1,23.7,23.91,116993,0
HOME.US,60,20210224,200000,23.94,24.15,23.9,23.96,111246,0
HOME.US,60,20210224,210000,23.98,24.11,23.81,24.1099,117418,0
HOME.US,60,20210224,220000,24.11,24.46,23.99,24.15,415685,0
HOME.US,60,20210225,160000,24.26,25.19,24.24,25.03,76730,0
HOME.US,60,20210225,170000,25.04,25.1415,24.06,24.47,131329,0
HOME.US,60,20210225,180000,24.5,24.69,24.151,24.2886,62050,0
HOME.US,60,20210225,190000,24.33,24.35,23.7,23.81,166415,0
HOME.US,60,20210225,200000,23.82,24.56,23.69,24.28,86055,0
HOME.US,60,20210225,210000,24.27,24.55,24.2,24.32,96175,0
HOME.US,60,20210225,220000,24.36,24.4,23.4421,23.67,351710,0
HOME.US,60,20210226,160000,24.09,25.09,24.09,24.64,92797,0
HOME.US,60,20210226,170000,24.61,24.88,24.05,24.85,144645,0
HOME.US,60,20210226,180000,24.9,25.56,24.82,25.4922,120305,0
HOME.US,60,20210226,190000,25.5,25.78,25.35,25.35,100996,0
HOME.US,60,20210226,200000,25.42,25.825,25.24,25.39,74179,0
HOME.US,60,20210226,210000,25.37,25.59,25.04,25.38,94298,0
HOME.US,60,20210226,220000,25.42,25.54,25.16,25.16,198936,0
HOME.US,60,20210301,160000,25.88,26.63,25.62,26.36,187087,0
HOME.US,60,20210301,170000,26.41,27.35,26.271,27.31,184531,0
HOME.US,60,20210301,180000,27.31,27.74,27.17,27.33,232862,0
HOME.US,60,20210301,190000,27.315,27.47,26.985,27.16,221384,0
HOME.US,60,20210301,200000,27.21,27.29,26.79,26.79,171328,0
HOME.US,60,20210301,210000,26.79,27.06,26.7302,26.92,130299,0
HOME.US,60,20210301,220000,26.91,27.07,26.7,26.91,279954,0
HOME.US,60,20210302,160000,27.35,28.66,27.22,27.88,430677,0
HOME.US,60,20210302,170000,27.75,28.11,27.02,27.79,415261,0
HOME.US,60,20210302,180000,27.76,27.8,26.93,27.34,149721,0
HOME.US,60,20210302,190000,27.27,27.33,27,27.19,70868,0
HOME.US,60,20210302,200000,27.21,27.5,27.14,27.29,44383,0
HOME.US,60,20210302,210000,27.29,27.38,26.9601,27.31,84635,0
HOME.US,60,20210302,220000,27.33,27.39,26.87,26.9,196859,0
HOME.US,60,20210303,160000,26.9,27.3,26.13,26.81,73829,0
HOME.US,60,20210303,170000,26.81,26.89,25.83,26.67,125404,0
HOME.US,60,20210303,180000,26.68,27.6237,26.66,27.25,135981,0
HOME.US,60,20210303,190000,27.26,27.26,26.8885,27.05,89985,0
HOME.US,60,20210303,200000,27,27.22,26.4,26.4699,63731,0
HOME.US,60,20210303,210000,26.46,26.72,25.96,26.7,115740,0
HOME.US,60,20210303,220000,26.7,26.75,26.36,26.42,170770,0
HOME.US,60,20210304,160000,25.66,26.31,24.58,24.58,138610,0
HOME.US,60,20210304,170000,24.57,24.82,23.66,24.5125,322751,0
HOME.US,60,20210304,180000,24.57,24.67,23.8,24.3716,162353,0
HOME.US,60,20210304,190000,24.4,24.5954,23.76,23.99,137920,0
HOME.US,60,20210304,200000,23.96,24.11,23.46,23.64,250252,0
HOME.US,60,20210304,210000,23.63,24.42,23.575,24.42,137469,0
HOME.US,60,20210304,220000,24.42,24.47,24.1,24.31,247596,0
HOME.US,60,20210305,160000,24.61,24.61,22.88,23.29,86717,0
HOME.US,60,20210305,170000,23.395,23.4901,21.98,22.93,214539,0
HOME.US,60,20210305,180000,22.905,23.1375,22.26,23.065,191012,0
HOME.US,60,20210305,190000,23.03,23.93,22.8201,23.82,110821,0
HOME.US,60,20210305,200000,23.85,24.38,23.5101,24.12,102508,0
HOME.US,60,20210305,210000,24.135,24.3,23.9,24.22,57200,0
HOME.US,60,20210305,220000,24.24,24.56,24.16,24.46,206739,0
HOME.US,60,20210308,160000,24.81,25.85,24.24,25.41,89071,0
HOME.US,60,20210308,170000,25.5,26.14,25.16,25.86,173848,0
HOME.US,60,20210308,180000,25.79,26.595,25.79,26.1,134194,0
HOME.US,60,20210308,190000,26.16,26.84,26.105,26.46,114836,0
HOME.US,60,20210308,200000,26.39,26.64,25.92,26.03,78744,0
HOME.US,60,20210308,210000,26.04,26.69,25.99,26.23,74276,0
HOME.US,60,20210308,220000,26.205,26.59,25.89,26.4,226667,0
HOME.US,60,20210309,160000,27.26,28.08,26.8,27.98,368777,0
HOME.US,60,20210309,170000,27.898,28.25,27.24,27.935,709443,0
HOME.US,60,20210309,180000,28,28.2,27.82,28.035,161510,0
HOME.US,60,20210309,190000,28.03,28.4,27.95,27.99,84864,0
HOME.US,60,20210309,200000,28.05,28.17,27.88,28.17,62618,0
HOME.US,60,20210309,210000,28.22,28.28,27.9093,28.23,71526,0
HOME.US,60,20210309,220000,28.24,28.53,28.12,28.21,306336,0
HOME.US,60,20210310,160000,28.54,30,28.54,29.34,385251,0
HOME.US,60,20210310,170000,29.3502,29.45,28.29,29,215797,0
HOME.US,60,20210310,180000,28.97,29.27,28.69,28.81,110016,0
HOME.US,60,20210310,190000,28.85,28.98,27.95,28.475,126751,0
HOME.US,60,20210310,200000,28.41,28.8,28.05,28.74,109843,0
HOME.US,60,20210310,210000,28.71,29.08,28.66,28.845,114600,0
HOME.US,60,20210310,220000,28.845,28.91,28.19,28.25,363961,0
HOME.US,60,20210311,160000,29.02,29.24,28.43,28.82,43411,0
HOME.US,60,20210311,170000,28.86,28.96,28.17,28.79,128882,0
HOME.US,60,20210311,180000,28.75,29.06,28.21,28.2589,143845,0
HOME.US,60,20210311,190000,28.24,28.84,28.21,28.82,107633,0
HOME.US,60,20210311,200000,28.84,29.06,28.77,28.84,79839,0
HOME.US,60,20210311,210000,28.8412,29.17,28.8412,29,75314,0
HOME.US,60,20210311,220000,28.95,29.38,28.9,29.12,265890,0
HOME.US,60,20210312,160000,29.1,29.68,28.75,29.6783,99750,0
HOME.US,60,20210312,170000,29.6899,29.82,29.1089,29.28,94689,0
HOME.US,60,20210312,180000,29.27,29.84,29.23,29.63,108995,0
HOME.US,60,20210312,190000,29.57,30.08,29.49,29.89,258256,0
HOME.US,60,20210312,200000,29.95,30.2,29.75,29.79,113338,0
HOME.US,60,20210312,210000,29.81,30,29.75,29.82,78832,0
HOME.US,60,20210312,220000,29.8283,29.85,29.63,29.82,252655,0
HOME.US,60,20210315,150000,30.19,30.6,30.07,30.3,64897,0
HOME.US,60,20210315,160000,30.3106,31.16,29.7,30.55,241958,0
HOME.US,60,20210315,170000,30.47,30.5099,29.8,30.27,85901,0
HOME.US,60,20210315,180000,30.28,30.46,30.11,30.18,59710,0
HOME.US,60,20210315,190000,30.18,30.34,29.88,30.28,61397,0
HOME.US,60,20210315,200000,30.26,30.43,30.2,30.38,86312,0
HOME.US,60,20210315,210000,30.345,30.82,30.28,30.81,397420,0
HOME.US,60,20210316,150000,30.9,30.94,30.445,30.71,81994,0
HOME.US,60,20210316,160000,30.81,30.97,29.82,29.86,105217,0
HOME.US,60,20210316,170000,29.85,30.22,29.51,29.7,86561,0
HOME.US,60,20210316,180000,29.7,29.76,28.8904,29.23,143911,0
HOME.US,60,20210316,190000,29.21,29.5023,29.06,29.12,89808,0
HOME.US,60,20210316,200000,29.125,29.23,28.54,29.005,95608,0
HOME.US,60,20210316,210000,29.005,29.3794,28.93,29.18,199115,0
HOME.US,60,20210317,150000,29.24,29.35,28.72,28.9,34811,0
HOME.US,60,20210317,160000,28.84,29.11,28.54,28.85,57331,0
HOME.US,60,20210317,170000,28.8822,29.4188,28.78,29.35,37280,0
HOME.US,60,20210317,180000,29.35,29.7,29.3,29.64,56116,0
HOME.US,60,20210317,190000,29.63,29.66,29.36,29.39,39557,0
HOME.US,60,20210317,200000,29.44,30.26,29.42,30.09,83064,0
HOME.US,60,20210317,210000,30.09,30.38,29.715,29.84,285567,0
HOME.US,60,20210318,150000,30.01,30.38,29.5,30.275,159213,0
HOME.US,60,20210318,160000,30.38,31.63,30.14,31.49,273393,0
HOME.US,60,20210318,170000,31.52,32.16,31.52,31.778,194692,0
HOME.US,60,20210318,180000,31.79,31.83,31.23,31.4,82736,0
HOME.US,60,20210318,190000,31.39,31.57,31.24,31.53,261447,0
HOME.US,60,20210318,200000,31.55,31.69,30.96,31.04,198240,0
HOME.US,60,20210318,210000,31.02,31.06,29.87,29.99,370435,0
HOME.US,60,20210319,150000,29.99,30.74,29.02,30.55,304923,0
HOME.US,60,20210319,160000,30.56,32,30.415,31.99,267098,0
HOME.US,60,20210319,170000,32,33.34,31.9,33.2901,578258,0
HOME.US,60,20210319,180000,33.33,33.64,32.96,33.52,333008,0
HOME.US,60,20210319,190000,33.505,33.7299,33.1001,33.57,215967,0
HOME.US,60,20210319,200000,33.57,33.62,33.22,33.36,225650,0
HOME.US,60,20210319,210000,33.36,33.45,33.03,33.08,937737,0
HOME.US,60,20210322,150000,33.45,33.97,32.56,32.59,238069,0
HOME.US,60,20210322,160000,32.63,33.2,32.32,32.87,242101,0
HOME.US,60,20210322,170000,32.82,33.09,32.5539,32.89,133340,0
HOME.US,60,20210322,180000,32.9,33.66,32.87,33.4,168067,0
HOME.US,60,20210322,190000,33.4,33.52,32.817,33.15,124097,0
HOME.US,60,20210322,200000,33.15,33.54,33.09,33.27,119720,0
HOME.US,60,20210322,210000,33.275,33.53,33.15,33.32,412725,0
HOME.US,60,20210323,150000,32.96,34.42,32.8,32.98,292484,0
HOME.US,60,20210323,160000,32.95,33.2,31.7,31.99,385818,0
HOME.US,60,20210323,170000,31.99,32.199,31.28,31.62,291389,0
HOME.US,60,20210323,180000,31.62,31.66,31.02,31.26,253842,0
HOME.US,60,20210323,190000,31.25,31.34,30.36,30.52,236140,0
HOME.US,60,20210323,200000,30.52,30.98,30.315,30.39,195430,0
HOME.US,60,20210323,210000,30.4,31.12,30.1,30.88,448795,0
HOME.US,60,20210324,150000,29.86,30,28.74,28.9779,993165,0
HOME.US,60,20210324,160000,28.96,29.25,27.78,28.215,796963,0
HOME.US,60,20210324,170000,28.22,28.35,26.9406,28.02,639236,0
HOME.US,60,20210324,180000,28.01,28.35,27.19,27.57,356014,0
HOME.US,60,20210324,190000,27.57,28.02,27.2244,27.47,307670,0
HOME.US,60,20210324,200000,27.47,28.02,26.9,26.93,692614,0
HOME.US,60,20210324,210000,26.92,27.16,25.68,25.94,1302557,0
HOME.US,60,20210325,150000,25.13,25.88,24.73,25.16,306819,0
HOME.US,60,20210325,160000,25.11,25.47,24.57,24.78,307433,0
HOME.US,60,20210325,170000,24.73,25.96,24.37,25.96,333183,0
HOME.US,60,20210325,180000,25.98,26.83,25.82,26.81,433726,0
HOME.US,60,20210325,190000,26.81,27.19,26.52,26.63,377948,0
HOME.US,60,20210325,200000,26.625,27.06,26.405,27.06,229405,0
HOME.US,60,20210325,210000,27.04,27.505,26.89,27.25,512937,0
HOME.US,60,20210326,150000,27.75,27.84,26.76,27.2245,123403,0
HOME.US,60,20210326,160000,27.12,27.82,26.94,27.18,206235,0
HOME.US,60,20210326,170000,27.175,27.22,26.52,26.61,154530,0
HOME.US,60,20210326,180000,26.615,27.07,26.55,27.01,434958,0
HOME.US,60,20210326,190000,27.02,27.55,26.86,27.46,386827,0
HOME.US,60,20210326,200000,27.47,27.99,26.88,27.91,460251,0
HOME.US,60,20210326,210000,27.91,28.45,27.69,28.42,858841,0
HOME.US,60,20210329,160000,28.42,28.83,27.59,27.7183,246619,0
HOME.US,60,20210329,170000,27.68,28.29,27.64,27.94,370203,0
HOME.US,60,20210329,180000,27.92,28.01,26.92,27.135,174577,0
HOME.US,60,20210329,190000,27.16,27.162,26.35,26.5,231347,0
HOME.US,60,20210329,200000,26.495,26.77,26.08,26.19,149518,0
HOME.US,60,20210329,210000,26.12,26.28,25.68,25.9,184485,0
HOME.US,60,20210329,220000,25.91,26.37,25.5501,25.64,381585,0
HOME.US,60,20210330,160000,25.86,26.67,25.74,26.5,202974,0
HOME.US,60,20210330,170000,26.49,27.08,26.45,26.98,307247,0
HOME.US,60,20210330,180000,27,27.23,26.8,26.965,184248,0
HOME.US,60,20210330,190000,26.94,27.47,26.94,27.41,178068,0
HOME.US,60,20210330,200000,27.41,27.66,27.3338,27.5,159534,0
HOME.US,60,20210330,210000,27.485,27.73,27.33,27.65,143174,0
HOME.US,60,20210330,220000,27.63,27.67,27.19,27.28,398325,0
HOME.US,60,20210331,160000,27.55,28.52,27.55,28.335,183448,0
HOME.US,60,20210331,170000,28.36,28.76,28.14,28.68,297602,0
HOME.US,60,20210331,180000,28.655,28.655,27.9,28.2999,157233,0
HOME.US,60,20210331,190000,28.2,28.78,28.1,28.78,99447,0
HOME.US,60,20210331,200000,28.77,29.07,28.695,28.898,230812,0
HOME.US,60,20210331,210000,28.91,29.42,28.91,29.3,142113,0
HOME.US,60,20210331,220000,29.33,29.465,28.68,28.7,555757,0
HOME.US,60,20210401,160000,29,29.575,28.43,28.63,132970,0
HOME.US,60,20210401,170000,28.6,28.845,27.39,27.58,193734,0
HOME.US,60,20210401,180000,27.5731,27.95,27.35,27.81,166593,0
HOME.US,60,20210401,190000,27.8199,28.31,27.8199,28.24,115820,0
HOME.US,60,20210401,200000,28.2,28.25,27.61,27.68,119642,0
HOME.US,60,20210401,210000,27.68,27.89,27.43,27.81,235270,0
HOME.US,60,20210401,220000,27.81,27.93,27.47,27.75,417566,0
HOME.US,60,20210405,160000,27.96,28.19,26.85,26.97,144762,0
HOME.US,60,20210405,170000,26.94,27.11,26.61,26.73,169532,0
HOME.US,60,20210405,180000,26.71,26.77,26.4,26.535,201805,0
HOME.US,60,20210405,190000,26.52,26.52,26.16,26.33,144846,0
HOME.US,60,20210405,200000,26.32,26.87,26.25,26.68,130260,0
HOME.US,60,20210405,210000,26.695,26.81,26.3492,26.48,121079,0
HOME.US,60,20210405,220000,26.47,27.04,26.43,26.98,468850,0
HOME.US,60,20210406,160000,26.84,27.2,26.63,26.7,50129,0
HOME.US,60,20210406,170000,26.73,27.3239,26.56,27.05,97502,0
HOME.US,60,20210406,180000,27.05,27.15,26.7501,26.99,67006,0
HOME.US,60,20210406,190000,27.02,27.28,26.82,27.27,75244,0
HOME.US,60,20210406,200000,27.27,27.57,27.0702,27.57,55883,0
HOME.US,60,20210406,210000,27.609,27.65,27.4,27.51,48543,0
HOME.US,60,20210406,220000,27.5017,27.5017,26.96,27.03,226803,0
HOME.US,60,20210407,160000,26.73,26.825,25.88,26.0819,155249,0
HOME.US,60,20210407,170000,26.089,26.33,25.8,25.91,156326,0
HOME.US,60,20210407,180000,25.91,26.05,25.54,25.56,200262,0
HOME.US,60,20210407,190000,25.57,25.9,25.41,25.79,141773,0
HOME.US,60,20210407,200000,25.815,26.255,25.78,26.105,94881,0
HOME.US,60,20210407,210000,26.105,26.14,25.79,25.795,78110,0
HOME.US,60,20210407,220000,25.78,26.23,25.7,26.17,342833,0
HOME.US,60,20210408,160000,26.39,26.4,25.73,25.96,45698,0
HOME.US,60,20210408,170000,25.93,26.29,25.71,26.17,173816,0
HOME.US,60,20210408,180000,26.18,26.8999,26.14,26.7394,113201,0
HOME.US,60,20210408,190000,26.735,26.84,26.64,26.7968,65960,0
HOME.US,60,20210408,200000,26.82,26.97,26.651,26.76,69041,0
HOME.US,60,20210408,210000,26.744,27.06,26.7,27.045,45271,0
HOME.US,60,20210408,220000,27.03,27.145,26.95,27.05,361909,0
HOME.US,60,20210409,160000,27.1,28.16,26.9138,28.025,160599,0
HOME.US,60,20210409,170000,28.11,28.58,27.95,28.445,140571,0
HOME.US,60,20210409,180000,28.49,28.979,28.47,28.579,124649,0
HOME.US,60,20210409,190000,28.6,28.89,28.4011,28.8,82799,0
HOME.US,60,20210409,200000,28.83,29.125,28.771,28.93,87124,0
HOME.US,60,20210409,210000,28.93,28.99,28.7,28.84,61268,0
HOME.US,60,20210409,220000,28.83,29.01,28.51,28.74,649944,0
HOME.US,60,20210412,160000,28.7,29.49,28.31,28.66,126940,0
HOME.US,60,20210412,170000,28.66,29.02,28.53,28.87,141749,0
HOME.US,60,20210412,180000,28.88,28.95,28.57,28.73,87062,0
HOME.US,60,20210412,190000,28.71,28.71,28.33,28.36,53560,0
HOME.US,60,20210412,200000,28.375,28.55,28.18,28.34,109916,0
HOME.US,60,20210412,210000,28.325,28.65,28.27,28.57,84214,0
HOME.US,60,20210412,220000,28.54,28.73,28.35,28.6,239666,0
HOME.US,60,20210413,160000,29.02,29.195,28.155,28.19,75667,0
HOME.US,60,20210413,170000,28.145,28.74,27.88,28.385,92079,0
HOME.US,60,20210413,180000,28.42,28.68,28.3,28.34,46162,0
HOME.US,60,20210413,190000,28.44,28.53,28.15,28.35,56887,0
HOME.US,60,20210413,200000,28.36,28.59,28.34,28.565,45980,0
HOME.US,60,20210413,210000,28.59,28.67,28.37,28.48,46209,0
HOME.US,60,20210413,220000,28.4704,28.71,28.4,28.55,216902,0
HOME.US,60,20210414,160000,28.24,28.91,28.15,28.88,72434,0
HOME.US,60,20210414,170000,28.925,29.09,28.36,29.02,90560,0
HOME.US,60,20210414,180000,28.995,29.19,28.73,29.19,67596,0
HOME.US,60,20210414,190000,29.16,29.31,28.9,28.97,85551,0
HOME.US,60,20210414,200000,28.96,29.08,28.44,28.44,58677,0
HOME.US,60,20210414,210000,28.41,28.66,28.3,28.34,76269,0
HOME.US,60,20210414,220000,28.35,28.61,28.02,28.24,301275,0
HOME.US,60,20210415,160000,28.62,28.72,28.17,28.51,75199,0
HOME.US,60,20210415,170000,28.44,29.205,28.34,29,102594,0
HOME.US,60,20210415,180000,29.005,29.65,28.89,29.555,143043,0
HOME.US,60,20210415,190000,29.545,29.65,29.4,29.5399,94160,0
HOME.US,60,20210415,200000,29.52,29.87,29.49,29.73,169966,0
HOME.US,60,20210415,210000,29.72,29.86,29.44,29.44,85952,0
HOME.US,60,20210415,220000,29.45,29.63,29.21,29.55,283581,0
HOME.US,60,20210416,160000,29.48,30,28.64,28.88,117978,0
HOME.US,60,20210416,170000,28.84,29.86,28.66,29.53,153437,0
HOME.US,60,20210416,180000,29.5,29.97,29.34,29.8774,167230,0
HOME.US,60,20210416,190000,29.88,30.24,29.83,30,206383,0
HOME.US,60,20210416,200000,29.99,30.12,29.8873,30.05,136335,0
HOME.US,60,20210416,210000,30.035,30.21,29.87,29.945,88108,0
HOME.US,60,20210416,220000,29.97,30.08,29.86,30.03,566380,0
HOME.US,60,20210419,160000,29.7,29.87,29.16,29.44,149192,0
HOME.US,60,20210419,170000,29.44,29.44,28.55,28.66,177025,0
HOME.US,60,20210419,180000,28.66,28.94,28.531,28.855,79424,0
HOME.US,60,20210419,190000,28.82,28.97,28.55,28.59,60111,0
HOME.US,60,20210419,200000,28.6,28.82,28.585,28.73,37785,0
HOME.US,60,20210419,210000,28.75,29.12,28.73,29.01,49264,0
HOME.US,60,20210419,220000,29.029,29.24,28.86,28.97,269590,0
HOME.US,60,20210420,160000,28.84,29,28.21,28.36,43515,0
HOME.US,60,20210420,170000,28.34,28.54,27.54,27.73,133907,0
HOME.US,60,20210420,180000,27.655,27.88,27.35,27.675,111601,0
HOME.US,60,20210420,190000,27.65,27.9,27.65,27.8,68958,0
HOME.US,60,20210420,200000,27.78,28.02,27.75,27.92,119447,0
HOME.US,60,20210420,210000,27.9492,27.97,27.35,27.3792,93903,0
HOME.US,60,20210420,220000,27.3775,28.18,27.37,28.18,420302,0
HOME.US,60,20210421,160000,27.83,28.96,27.54,28.96,75863,0
HOME.US,60,20210421,170000,28.96,29.72,28.925,29.41,106179,0
HOME.US,60,20210421,180000,29.4,29.74,29.3,29.63,55260,0
HOME.US,60,20210421,190000,29.63,29.8,29.3,29.36,53690,0
HOME.US,60,20210421,200000,29.38,29.8,29.31,29.7883,65787,0
HOME.US,60,20210421,210000,29.77,30.1,29.695,29.935,104493,0
HOME.US,60,20210421,220000,29.935,30.2,29.935,30.08,256190,0
HOME.US,60,20210422,160000,30.36,30.95,29.8501,30.42,77509,0
HOME.US,60,20210422,170000,30.37,30.86,29.96,30.71,64154,0
HOME.US,60,20210422,180000,30.69,30.92,30.43,30.7887,95596,0
HOME.US,60,20210422,190000,30.76,31.2,30.55,31.13,65282,0
HOME.US,60,20210422,200000,31.13,31.13,30.195,30.27,112286,0
HOME.US,60,20210422,210000,30.21,30.4791,29.92,30.43,69402,0
HOME.US,60,20210422,220000,30.45,30.62,30.17,30.34,222261,0
HOME.US,60,20210423,160000,30.74,31.0299,30.41,30.9301,49041,0
HOME.US,60,20210423,170000,30.98,31.61,30.94,31.06,180122,0
HOME.US,60,20210423,180000,31.06,31.59,30.99,31.3735,95940,0
HOME.US,60,20210423,190000,31.365,31.47,31.19,31.38,57036,0
HOME.US,60,20210423,200000,31.39,31.96,31.29,31.89,116769,0
HOME.US,60,20210423,210000,31.92,31.97,31.56,31.64,86491,0
HOME.US,60,20210423,220000,31.65,31.768,31.29,31.31,323375,0
HOME.US,60,20210426,160000,31.49,32.4,31.42,32.1,223797,0
HOME.US,60,20210426,170000,32.065,32.2,31.28,31.48,286208,0
HOME.US,60,20210426,180000,31.48,31.6739,31.25,31.39,201436,0
HOME.US,60,20210426,190000,31.35,31.93,31.34,31.8845,194190,0
HOME.US,60,20210426,200000,31.885,32,31.665,31.78,174300,0
HOME.US,60,20210426,210000,31.77,31.92,31.62,31.79,136740,0
HOME.US,60,20210426,220000,31.7663,32.06,31.6,31.8,539154,0
HOME.US,60,20210427,160000,32.08,32.628,31.925,32.55,103618,0
HOME.US,60,20210427,170000,32.51,33.01,32.41,32.94,299552,0
HOME.US,60,20210427,180000,32.95,33,32.78,32.9,136048,0
HOME.US,60,20210427,190000,32.93,33.13,32.55,32.7,161554,0
HOME.US,60,20210427,200000,32.7,33.01,32.64,32.98,133692,0
HOME.US,60,20210427,210000,32.96,32.9999,32.59,32.59,80476,0
HOME.US,60,20210427,220000,32.57,32.82,32.55,32.63,406352,0
HOME.US,60,20210428,160000,32.5,32.96,32.12,32.12,260356,0
HOME.US,60,20210428,170000,32.19,32.95,32.18,32.92,165194,0
HOME.US,60,20210428,180000,32.91,33.21,32.75,33.1908,159452,0
HOME.US,60,20210428,190000,33.18,33.46,33.13,33.33,188990,0
HOME.US,60,20210428,200000,33.35,33.53,33.21,33.31,110544,0
HOME.US,60,20210428,210000,33.31,33.51,33.22,33.47,253774,0
HOME.US,60,20210428,220000,33.4724,33.73,33.3,33.59,555756,0
HOME.US,60,20210429,160000,34,34.76,33.8,34.44,434688,0
HOME.US,60,20210429,170000,34.47,34.67,34,34.375,282205,0
HOME.US,60,20210429,180000,34.4,34.44,33.66,33.82,228008,0
HOME.US,60,20210429,190000,33.79,33.8149,33.0189,33.32,329866,0
HOME.US,60,20210429,200000,33.35,33.595,33.11,33.5032,141746,0
HOME.US,60,20210429,210000,33.51,33.88,33.49,33.76,109120,0
HOME.US,60,20210429,220000,33.745,34.04,33.745,33.82,529648,0
HOME.US,60,20210430,160000,33.25,33.92,33.09,33.27,84932,0
HOME.US,60,20210430,170000,33.51,33.51,32.17,32.25,375326,0
HOME.US,60,20210430,180000,32.22,32.41,32.05,32.28,339326,0
HOME.US,60,20210430,190000,32.29,32.4,32.07,32.33,129314,0
HOME.US,60,20210430,200000,32.32,32.35,31.8,31.86,180096,0
HOME.US,60,20210430,210000,31.845,32.05,31.66,31.76,253646,0
HOME.US,60,20210430,220000,31.75,31.94,31.53,31.58,1063672,0
HOME.US,60,20210503,160000,32.07,32.2,31.51,31.735,84327,0
HOME.US,60,20210503,170000,31.7,31.87,31.195,31.2939,93245,0
HOME.US,60,20210503,180000,31.25,31.62,31.08,31.13,65495,0
HOME.US,60,20210503,190000,31.14,31.51,31.1,31.38,70202,0
HOME.US,60,20210503,200000,31.36,31.37,31.12,31.23,42886,0
HOME.US,60,20210503,210000,31.27,31.69,31.24,31.69,57517,0
HOME.US,60,20210503,220000,31.66,31.995,31.66,31.91,166993,0
HOME.US,60,20210504,160000,31.51,31.82,30.19,30.48,115207,0
HOME.US,60,20210504,170000,30.3,30.93,30,30.18,91248,0
HOME.US,60,20210504,180000,30.15,30.29,29.66,29.7364,115733,0
HOME.US,60,20210504,190000,29.685,29.89,29.65,29.765,56391,0
HOME.US,60,20210504,200000,29.74,30.13,29.71,30.03,65690,0
HOME.US,60,20210504,210000,30.03,30.66,29.85,30.53,106850,0
HOME.US,60,20210504,220000,30.51,30.86,30.48,30.67,210383,0
HOME.US,60,20210505,160000,30.91,31.24,30.26,30.675,91086,0
HOME.US,60,20210505,170000,30.68,30.9,30.26,30.785,66511,0
HOME.US,60,20210505,180000,30.76,31.01,30.76,30.935,57373,0
HOME.US,60,20210505,190000,30.945,31.13,30.75,30.95,166427,0
HOME.US,60,20210505,200000,30.94,31.36,30.89,31.225,80350,0
HOME.US,60,20210505,210000,31.2,31.48,31.17,31.36,63120,0
HOME.US,60,20210505,220000,31.34,31.5,30.89,31.29,218086,0
HOME.US,60,20210506,160000,34.58,36.85,34.56,35.81,879638,0
HOME.US,60,20210506,170000,36.3,37,36.25,36.5,3853075,0
HOME.US,60,20210506,180000,36.52,36.75,36.31,36.695,1328833,0
HOME.US,60,20210506,190000,36.7,37.47,36.55,36.61,1060403,0
HOME.US,60,20210506,200000,36.63,36.86,36.5,36.82,830291,0
HOME.US,60,20210506,210000,36.82,37.41,36.75,37.36,637527,0
HOME.US,60,20210506,220000,37.36,37.75,37.11,37.7,1726110,0
HOME.US,60,20210507,160000,36.81,37.3,36.65,37.035,505149,0
HOME.US,60,20210507,170000,37.035,37.26,36.85,37,472264,0
HOME.US,60,20210507,180000,37.01,37.2,36.76,36.82,418590,0
HOME.US,60,20210507,190000,36.82,36.985,36.75,36.86,323921,0
HOME.US,60,20210507,200000,36.87,36.92,36.66,36.87,281123,0
HOME.US,60,20210507,210000,36.87,36.94,36.71,36.765,373752,0
HOME.US,60,20210507,220000,36.76,37,36.74,36.76,567738,0
HOME.US,60,20210510,160000,36.65,36.73,36.23,36.31,320251,0
HOME.US,60,20210510,170000,36.29,36.45,36.2,36.34,435240,0
HOME.US,60,20210510,180000,36.34,36.6,36.3,36.5,261776,0
HOME.US,60,20210510,190000,36.5,36.52,36.29,36.41,263429,0
HOME.US,60,20210510,200000,36.405,36.54,36.35,36.37,212077,0
HOME.US,60,20210510,210000,36.38,36.5,36.2,36.36,273220,0
HOME.US,60,20210510,220000,36.36,36.61,36.26,36.3,519208,0
HOME.US,60,20210511,160000,36.3,36.5,36.12,36.4808,300376,0
HOME.US,60,20210511,170000,36.45,36.455,36.08,36.29,529537,0
HOME.US,60,20210511,180000,36.29,36.6,36.18,36.41,211400,0
HOME.US,60,20210511,190000,36.415,36.55,36.26,36.47,173936,0
HOME.US,60,20210511,200000,36.47,36.6,36.26,36.47,131227,0
HOME.US,60,20210511,210000,36.48,36.57,36.35,36.48,115109,0
HOME.US,60,20210511,220000,36.5,36.55,36.26,36.46,399118,0
HOME.US,60,20210512,160000,36.46,36.6,36.19,36.305,206634,0
HOME.US,60,20210512,170000,36.31,36.54,36.19,36.27,334650,0
HOME.US,60,20210512,180000,36.24,36.4,36.2,36.26,196051,0
HOME.US,60,20210512,190000,36.25,36.4,36.2,36.39,173036,0
HOME.US,60,20210512,200000,36.35,36.4,36.19,36.22,169112,0
HOME.US,60,20210512,210000,36.22,36.27,36.16,36.18,216171,0
HOME.US,60,20210512,220000,36.17,36.25,36.04,36.04,452827,0
HOME.US,60,20210513,160000,36.1,36.44,36.1,36.29,172776,0
HOME.US,60,20210513,170000,36.305,36.35,36.085,36.27,201961,0
HOME.US,60,20210513,180000,36.255,36.28,36.1,36.185,186717,0
HOME.US,60,20210513,190000,36.2,36.3,36.12,36.25,154512,0
HOME.US,60,20210513,200000,36.245,36.4,36.185,36.3,277505,0
HOME.US,60,20210513,210000,36.35,36.4,36.2,36.22,109276,0
HOME.US,60,20210513,220000,36.23,36.37,36.2,36.26,228606,0
HOME.US,60,20210514,160000,36.17,36.4,36.14,36.305,116366,0
HOME.US,60,20210514,170000,36.28,36.39,36.24,36.345,244185,0
HOME.US,60,20210514,180000,36.36,36.42,36.27,36.39,179074,0
HOME.US,60,20210514,190000,36.37,36.4,36.27,36.3,88610,0
HOME.US,60,20210514,200000,36.3,36.31,36.1,36.16,67305,0
HOME.US,60,20210514,210000,36.15,36.25,36.145,36.24,78648,0
HOME.US,60,20210514,220000,36.23,36.34,36.145,36.3,506719,0
HOME.US,60,20210517,160000,37,37.56,37,37.2646,296673,0
HOME.US,60,20210517,170000,37.275,38.06,37.26,37.88,431678,0
HOME.US,60,20210517,180000,37.88,37.9,37.3,37.31,128803,0
HOME.US,60,20210517,190000,37.27,37.75,37.27,37.75,139349,0
HOME.US,60,20210517,200000,37.74,37.83,37.7,37.815,112051,0
HOME.US,60,20210517,210000,37.81,37.855,37.72,37.84,104591,0
HOME.US,60,20210517,220000,37.85,37.93,37.7,37.73,279364,0
HOME.US,60,20210518,160000,37.92,37.94,37.33,37.49,64107,0
HOME.US,60,20210518,170000,37.44,37.53,37.1,37.53,139847,0
HOME.US,60,20210518,180000,37.52,37.79,37.41,37.42,97312,0
HOME.US,60,20210518,190000,37.42,37.46,37.23,37.255,90575,0
HOME.US,60,20210518,200000,37.255,37.4,37.17,37.31,72074,0
HOME.US,60,20210518,210000,37.3,37.44,37.2,37.37,105492,0
HOME.US,60,20210518,220000,37.385,37.5,37.05,37.11,255394,0
HOME.US,60,20210519,160000,36.9,37.03,36.52,36.93,158815,0
HOME.US,60,20210519,170000,36.91,37.02,36.65,36.8,224196,0
HOME.US,60,20210519,180000,36.8,37.03,36.71,36.92,87274,0
HOME.US,60,20210519,190000,36.92,37.07,36.87,36.92,46371,0
HOME.US,60,20210519,200000,36.92,37.08,36.85,36.99,46698,0
HOME.US,60,20210519,210000,36.98,37.1,36.85,37.0395,83814,0
HOME.US,60,20210519,220000,37.01,37.2,37.01,37.1,288338,0
HOME.US,60,20210520,160000,36.91,36.93,36.36,36.84,104156,0
HOME.US,60,20210520,170000,36.86,37,36.65,36.65,74668,0
HOME.US,60,20210520,180000,36.68,36.73,36.47,36.69,103645,0
HOME.US,60,20210520,190000,36.69,36.8,36.56,36.69,40463,0
HOME.US,60,20210520,200000,36.68,36.82,36.68,36.76,66207,0
HOME.US,60,20210520,210000,36.74,36.85,36.66,36.675,33108,0
HOME.US,60,20210520,220000,36.67,36.72,36.49,36.5,263849,0
HOME.US,60,20210521,160000,36.86,36.86,36.5,36.62,57483,0
HOME.US,60,20210521,170000,36.63,36.775,36.59,36.775,116757,0
HOME.US,60,20210521,180000,36.79,36.89,36.6369,36.67,59168,0
HOME.US,60,20210521,190000,36.6693,36.82,36.6693,36.8,55482,0
HOME.US,60,20210521,200000,36.81,36.86,36.69,36.74,73326,0
HOME.US,60,20210521,210000,36.75,36.8,36.7,36.8,39950,0
HOME.US,60,20210521,220000,36.8,36.8,36.68,36.77,239089,0
HOME.US,60,20210524,160000,36.58,36.78,36.45,36.63,72628,0
HOME.US,60,20210524,170000,36.64,36.765,36.55,36.62,82927,0
HOME.US,60,20210524,180000,36.62,36.7,36.6,36.61,74277,0
HOME.US,60,20210524,190000,36.62,36.78,36.6,36.73,23857,0
HOME.US,60,20210524,200000,36.74,36.8,36.74,36.7839,14087,0
HOME.US,60,20210524,210000,36.8,36.8,36.64,36.65,20077,0
HOME.US,60,20210524,220000,36.665,36.72,36.6,36.63,106726,0
HOME.US,60,20210525,160000,36.41,36.75,36.41,36.625,31481,0
HOME.US,60,20210525,170000,36.66,36.66,36.37,36.53,83060,0
HOME.US,60,20210525,180000,36.5,36.5,36.2,36.42,96493,0
HOME.US,60,20210525,190000,36.43,36.49,36.4,36.47,60678,0
HOME.US,60,20210525,200000,36.47,36.69,36.46,36.645,144604,0
HOME.US,60,20210525,210000,36.66,36.72,36.58,36.59,33339,0
HOME.US,60,20210525,220000,36.59,36.62,36.44,36.44,302960,0
HOME.US,60,20210526,160000,36.7,36.94,36.51,36.8,74519,0
HOME.US,60,20210526,170000,36.8,36.87,36.67,36.7446,63919,0
HOME.US,60,20210526,180000,36.75,36.75,36.5,36.575,86618,0
HOME.US,60,20210526,190000,36.58,36.63,36.345,36.41,64597,0
HOME.US,60,20210526,200000,36.39,36.5,36.3,36.34,72023,0
HOME.US,60,20210526,210000,36.34,36.75,36.34,36.665,31361,0
HOME.US,60,20210526,220000,36.665,36.7522,36.6,36.69,86508,0
HOME.US,60,20210527,160000,36.75,36.84,36.53,36.78,35633,0
HOME.US,60,20210527,170000,36.76,36.9,36.6,36.6473,33349,0
HOME.US,60,20210527,180000,36.66,36.66,36.46,36.46,34267,0
HOME.US,60,20210527,190000,36.46,36.5,36.36,36.39,205630,0
HOME.US,60,20210527,200000,36.38,36.47,36.35,36.47,138590,0
HOME.US,60,20210527,210000,36.46,36.6,36.46,36.58,104187,0
HOME.US,60,20210527,220000,36.58,36.63,36.57,36.62,361387,0
HOME.US,60,20210528,160000,36.61,36.62,36.45,36.52,41215,0
HOME.US,60,20210528,170000,36.51,36.55,36.3,36.47,134469,0
HOME.US,60,20210528,180000,36.5,36.64,36.5,36.625,40870,0
HOME.US,60,20210528,190000,36.63,37.3,36.61,36.99,249779,0
HOME.US,60,20210528,200000,36.98,37.5,36.97,37.24,240233,0
HOME.US,60,20210528,210000,37.25,37.47,37.21,37.23,125691,0
HOME.US,60,20210528,220000,37.2,37.62,37.1,37.54,809430,0
HOME.US,60,20210601,160000,37.3,37.4,37.05,37.05,55582,0
HOME.US,60,20210601,170000,37.065,37.13,36.51,37,258297,0
HOME.US,60,20210601,180000,36.98,37.08,36.89,37.04,81431,0
HOME.US,60,20210601,190000,37.05,37.25,37.04,37.14,55920,0
HOME.US,60,20210601,200000,37.14,37.18,36.67,36.71,52374,0
HOME.US,60,20210601,210000,36.71,36.85,36.705,36.725,60576,0
HOME.US,60,20210601,220000,36.72,36.76,36.63,36.69,220768,0
HOME.US,60,20210602,160000,36.97,36.97,36.7,36.835,173170,0
HOME.US,60,20210602,170000,36.85,37.06,36.8,36.9,124275,0
HOME.US,60,20210602,180000,36.92,37,36.87,36.93,164028,0
HOME.US,60,20210602,190000,36.95,37.12,36.82,37.05,110441,0
HOME.US,60,20210602,200000,37.04,37.25,36.76,36.81,132185,0
HOME.US,60,20210602,210000,36.8,36.87,36.7,36.745,90771,0
HOME.US,60,20210602,220000,36.74,37,36.65,36.99,291980,0
HOME.US,60,20210603,160000,36.68,36.85,36.41,36.71,79222,0
HOME.US,60,20210603,170000,36.73,36.89,36.63,36.89,65949,0
HOME.US,60,20210603,180000,36.9,36.915,36.64,36.745,63217,0
HOME.US,60,20210603,190000,36.735,36.76,36.69,36.735,73822,0
HOME.US,60,20210603,200000,36.735,37.045,36.735,36.99,148074,0
HOME.US,60,20210603,210000,37,37.295,36.895,37.19,224887,0
HOME.US,60,20210603,220000,37.2,37.27,37,37.02,409558,0
HOME.US,60,20210604,160000,37.39,37.39,36.78,36.85,42664,0
HOME.US,60,20210604,170000,36.84,36.85,36.7,36.81,99913,0
HOME.US,60,20210604,180000,36.82,37.4,36.8,37.37,43339,0
HOME.US,60,20210604,190000,37.38,37.5,37.18,37.325,268956,0
HOME.US,60,20210604,200000,37.34,37.35,36.8,37.04,142494,0
HOME.US,60,20210604,210000,37.04,37.04,36.87,36.9,68817,0
HOME.US,60,20210604,220000,36.89,37.17,36.88,37.1,202527,0
HOME.US,60,20210607,160000,37.1,37.4,37.09,37.27,128421,0
HOME.US,60,20210607,170000,37.27,37.27,36.75,36.8,216033,0
HOME.US,60,20210607,180000,36.8,36.89,36.8,36.835,140256,0
HOME.US,60,20210607,190000,36.835,36.995,36.82,36.99,170208,0
HOME.US,60,20210607,200000,36.99,37.1272,36.85,36.9,74209,0
HOME.US,60,20210607,210000,36.9,37.015,36.9,36.93,85608,0
HOME.US,60,20210607,220000,36.94,36.97,36.8,36.95,233752,0
HOME.US,60,20210608,160000,37.03,37.12,36.71,36.74,91510,0
HOME.US,60,20210608,170000,36.75,36.925,36.69,36.785,187191,0
HOME.US,60,20210608,180000,36.78,36.8,36.675,36.75,229612,0
HOME.US,60,20210608,190000,36.77,36.895,36.65,36.82,221293,0
HOME.US,60,20210608,200000,36.84,36.84,36.71,36.74,31073,0
HOME.US,60,20210608,210000,36.76,37.2,36.73,37.2,150922,0
HOME.US,60,20210608,220000,37.18,37.3,37.07,37.1,255015,0
HOME.US,60,20210609,160000,37,37.05,36.85,36.85,44143,0
HOME.US,60,20210609,170000,36.89,37.03,36.8,36.805,58423,0
HOME.US,60,20210609,180000,36.8,36.84,36.75,36.79,91202,0
HOME.US,60,20210609,190000,36.79,36.805,36.76,36.795,39877,0
HOME.US,60,20210609,200000,36.795,36.81,36.7,36.715,57781,0
HOME.US,60,20210609,210000,36.72,36.775,36.67,36.72,311159,0
HOME.US,60,20210609,220000,36.72,36.8,36.5,36.75,305655,0
HOME.US,60,20210610,160000,36.87,37.08,36.6,36.6,64591,0
HOME.US,60,20210610,170000,36.615,36.69,36.45,36.48,182326,0
HOME.US,60,20210610,180000,36.48,36.51,36.37,36.49,698981,0
HOME.US,60,20210610,190000,36.48,36.64,36.44,36.58,82973,0
HOME.US,60,20210610,200000,36.56,36.6,36.48,36.57,83617,0
HOME.US,60,20210610,210000,36.53,36.57,36.44,36.49,97480,0
HOME.US,60,20210610,220000,36.48,36.49,36.3,36.31,298712,0
HOME.US,60,20210611,160000,36.55,36.75,36.35,36.35,80631,0
HOME.US,60,20210611,170000,36.37,36.45,36.26,36.39,279496,0
HOME.US,60,20210611,180000,36.39,36.42,36.23,36.34,128497,0
HOME.US,60,20210611,190000,36.34,36.39,36.23,36.38,81269,0
HOME.US,60,20210611,200000,36.36,36.45,36.355,36.37,80869,0
HOME.US,60,20210611,210000,36.37,36.42,36.345,36.37,128474,0
HOME.US,60,20210611,220000,36.37,36.43,36.35,36.4,521775,0
HOME.US,60,20210614,160000,36.33,36.58,36.31,36.44,46192,0
HOME.US,60,20210614,170000,36.44,36.53,36.34,36.35,140742,0
HOME.US,60,20210614,180000,36.35,36.35,36.29,36.305,91464,0
HOME.US,60,20210614,190000,36.3,36.36,36.11,36.205,253281,0
HOME.US,60,20210614,200000,36.21,36.2422,36.12,36.125,102472,0
HOME.US,60,20210614,210000,36.125,36.215,36.12,36.195,105518,0
HOME.US,60,20210614,220000,36.19,36.1927,36.04,36.11,236251,0
HOME.US,60,20210615,160000,35.87,36,35.8,35.9101,647317,0
HOME.US,60,20210615,170000,35.93,35.94,35.82,35.89,726665,0
HOME.US,60,20210615,180000,35.88,35.9,35.65,35.705,702514,0
HOME.US,60,20210615,190000,35.7,35.75,35.68,35.7,652005,0
HOME.US,60,20210615,200000,35.69,35.71,35.58,35.655,912999,0
HOME.US,60,20210615,210000,35.655,35.67,35.6,35.62,550382,0
HOME.US,60,20210615,220000,35.62,35.71,35.61,35.71,1284333,0
HOME.US,60,20210616,160000,35.53,35.72,35.53,35.585,907794,0
HOME.US,60,20210616,170000,36.61,36.81,35.6,36.695,5361271,0
HOME.US,60,20210616,180000,36.695,36.74,36.68,36.725,1483156,0
HOME.US,60,20210616,190000,36.73,36.75,36.7,36.72,902673,0
HOME.US,60,20210616,200000,36.72,36.73,36.7,36.7,893846,0
HOME.US,60,20210616,210000,36.7,36.76,36.69,36.725,1128788,0
HOME.US,60,20210616,220000,36.725,36.78,36.715,36.76,862556,0
HOME.US,60,20210617,160000,36.79,36.81,36.74,36.76,213367,0
HOME.US,60,20210617,170000,36.77,36.78,36.72,36.735,385346,0
HOME.US,60,20210617,180000,36.74,36.775,36.73,36.735,283591,0
HOME.US,60,20210617,190000,36.73,36.765,36.73,36.765,385389,0
HOME.US,60,20210617,200000,36.77,36.8,36.75,36.785,223679,0
HOME.US,60,20210617,210000,36.78,36.79,36.75,36.78,101083,0
HOME.US,60,20210617,220000,36.78,36.8,36.74,36.76,324722,0
HOME.US,60,20210618,160000,36.79,36.82,36.7,36.715,412655,0
HOME.US,60,20210618,170000,36.72,36.78,36.71,36.77,296906,0
HOME.US,60,20210618,180000,36.77,36.8,36.76,36.79,139401,0
HOME.US,60,20210618,190000,36.795,36.795,36.76,36.78,53625,0
HOME.US,60,20210618,200000,36.7773,36.79,36.75,36.77,69872,0
HOME.US,60,20210618,210000,36.77,36.79,36.73,36.77,204451,0
HOME.US,60,20210618,220000,36.77,36.8,36.76,36.8,387301,0
HOME.US,60,20210621,160000,36.89,36.95,36.77,36.78,352655,0
HOME.US,60,20210621,170000,36.78,36.82,36.74,36.78,430428,0
HOME.US,60,20210621,180000,36.785,36.81,36.76,36.785,385807,0
HOME.US,60,20210621,190000,36.7824,36.79,36.735,36.75,168606,0
HOME.US,60,20210621,200000,36.745,36.78,36.74,36.75,152432,0
HOME.US,60,20210621,210000,36.755,36.785,36.73,36.74,171655,0
HOME.US,60,20210621,220000,36.74,36.79,36.73,36.73,943423,0
HOME.US,60,20210622,160000,36.9,36.95,36.77,36.825,149591,0
HOME.US,60,20210622,170000,36.83,36.88,36.815,36.848,254906,0
HOME.US,60,20210622,180000,36.85,36.85,36.77,36.8,226418,0
HOME.US,60,20210622,190000,36.805,36.83,36.79,36.82,190932,0
HOME.US,60,20210622,200000,36.815,36.82,36.78,36.795,89785,0
HOME.US,60,20210622,210000,36.79,36.82,36.79,36.81,137630,0
HOME.US,60,20210622,220000,36.805,36.825,36.77,36.78,413126,0
HOME.US,60,20210623,160000,36.81,36.87,36.78,36.82,157976,0
HOME.US,60,20210623,170000,36.83,36.85,36.81,36.83,83219,0
HOME.US,60,20210623,180000,36.83,36.84,36.81,36.82,30165,0
HOME.US,60,20210623,190000,36.815,36.83,36.81,36.82,51955,0
HOME.US,60,20210623,200000,36.82,36.86,36.81,36.82,117947,0
HOME.US,60,20210623,210000,36.82,36.83,36.8,36.805,56878,0
HOME.US,60,20210623,220000,36.8,36.805,36.76,36.77,571794,0
HOME.US,60,20210624,160000,36.92,36.93,36.77,36.78,325609,0
HOME.US,60,20210624,170000,36.78,36.81,36.76,36.795,129256,0
HOME.US,60,20210624,180000,36.7921,36.82,36.7921,36.82,121056,0
HOME.US,60,20210624,190000,36.815,36.85,36.8,36.845,107488,0
HOME.US,60,20210624,200000,36.85,36.85,36.81,36.85,74564,0
HOME.US,60,20210624,210000,36.85,36.86,36.83,36.8441,81004,0
HOME.US,60,20210624,220000,36.845,36.89,36.8,36.84,163952,0
HOME.US,60,20210625,160000,36.86,36.9,36.84,36.9,67481,0
HOME.US,60,20210625,170000,36.89,36.905,36.84,36.845,158724,0
HOME.US,60,20210625,180000,36.84,36.87,36.84,36.855,41580,0
HOME.US,60,20210625,190000,36.855,36.86,36.805,36.8317,89582,0
HOME.US,60,20210625,200000,36.83,36.87,36.83,36.86,58615,0
HOME.US,60,20210625,210000,36.85,36.9,36.845,36.895,121567,0
HOME.US,60,20210625,220000,36.89,36.9,36.75,36.78,1884574,0
HOME.US,60,20210628,160000,36.85,36.94,36.77,36.94,278229,0
HOME.US,60,20210628,170000,36.94,36.94,36.8,36.83,179426,0
HOME.US,60,20210628,180000,36.84,36.84,36.8,36.81,71323,0
HOME.US,60,20210628,190000,36.8,36.81,36.8,36.805,96833,0
HOME.US,60,20210628,200000,36.805,36.8291,36.78,36.805,165786,0
HOME.US,60,20210628,210000,36.82,36.82,36.8,36.81,77983,0
HOME.US,60,20210628,220000,36.81,36.81,36.78,36.78,248844,0
HOME.US,60,20210629,160000,36.85,36.86,36.78,36.7825,177015,0
HOME.US,60,20210629,170000,36.785,36.825,36.78,36.8076,193140,0
HOME.US,60,20210629,180000,36.805,36.82,36.79,36.815,222699,0
HOME.US,60,20210629,190000,36.825,36.83,36.785,36.795,132286,0
HOME.US,60,20210629,200000,36.795,36.795,36.78,36.78,155731,0
HOME.US,60,20210629,210000,36.78,36.8,36.78,36.785,118233,0
HOME.US,60,20210629,220000,36.785,36.83,36.78,36.8,216118,0
HOME.US,60,20210630,160000,36.9,36.95,36.82,36.9,167081,0
HOME.US,60,20210630,170000,36.9,36.9,36.82,36.82,160668,0
HOME.US,60,20210630,180000,36.81,36.85,36.78,36.82,368374,0
HOME.US,60,20210630,190000,36.82,36.825,36.775,36.785,179458,0
HOME.US,60,20210630,200000,36.79,36.79,36.72,36.735,227277,0
HOME.US,60,20210630,210000,36.735,36.785,36.72,36.75,180309,0
HOME.US,60,20210630,220000,36.755,36.85,36.74,36.84,522279,0
HOME.US,60,20210701,160000,36.87,36.89,36.8,36.82,65425,0
HOME.US,60,20210701,170000,36.82,36.89,36.8,36.845,88450,0
HOME.US,60,20210701,180000,36.845,36.8562,36.795,36.815,79398,0
HOME.US,60,20210701,190000,36.82,36.825,36.8,36.81,61475,0
HOME.US,60,20210701,200000,36.8087,36.82,36.8,36.805,69414,0
HOME.US,60,20210701,210000,36.805,36.86,36.8,36.815,75200,0
HOME.US,60,20210701,220000,36.82,36.83,36.8,36.81,229675,0
HOME.US,60,20210702,160000,36.81,36.85,36.76,36.825,170612,0
HOME.US,60,20210702,170000,36.825,36.835,36.8,36.805,175879,0
HOME.US,60,20210702,180000,36.805,36.85,36.795,36.85,172724,0
HOME.US,60,20210702,190000,36.85,36.85,36.81,36.83,57486,0
HOME.US,60,20210702,200000,36.83,36.84,36.8,36.81,71877,0
HOME.US,60,20210702,210000,36.81,36.82,36.8,36.81,93111,0
HOME.US,60,20210702,220000,36.805,36.85,36.805,36.82,280131,0
HOME.US,60,20210706,160000,36.84,36.87,36.8,36.815,133541,0
HOME.US,60,20210706,170000,36.82,36.82,36.8,36.815,137684,0
HOME.US,60,20210706,180000,36.815,36.84,36.81,36.825,123068,0
HOME.US,60,20210706,190000,36.83,36.83,36.81,36.82,88507,0
HOME.US,60,20210706,200000,36.82,36.91,36.81,36.87,212708,0
HOME.US,60,20210706,210000,36.874,36.89,36.85,36.87,149927,0
HOME.US,60,20210706,220000,36.87,36.98,36.87,36.98,629193,0
HOME.US,60,20210707,160000,36.86,36.95,36.84,36.88,92016,0
HOME.US,60,20210707,170000,36.88,36.889,36.8288,36.845,183311,0
HOME.US,60,20210707,180000,36.845,36.93,36.84,36.86,329420,0
HOME.US,60,20210707,190000,36.865,36.92,36.855,36.895,128190,0
HOME.US,60,20210707,200000,36.9,36.93,36.87,36.8725,164044,0
HOME.US,60,20210707,210000,36.875,36.92,36.86,36.895,213214,0
HOME.US,60,20210707,220000,36.895,36.93,36.85,36.85,588257,0
HOME.US,60,20210708,160000,36.85,36.91,36.81,36.815,422935,0
HOME.US,60,20210708,170000,36.82,36.84,36.77,36.785,498349,0
HOME.US,60,20210708,180000,36.79,36.8,36.73,36.79,656379,0
HOME.US,60,20210708,190000,36.8,36.83,36.775,36.8,151628,0
HOME.US,60,20210708,200000,36.805,36.81,36.75,36.76,163074,0
HOME.US,60,20210708,210000,36.76,36.82,36.75,36.81,138629,0
HOME.US,60,20210708,220000,36.8,36.81,36.75,36.78,996239,0
HOME.US,60,20210709,160000,36.85,36.875,36.82,36.83,67634,0
HOME.US,60,20210709,170000,36.83,36.85,36.74,36.78,253935,0
HOME.US,60,20210709,180000,36.78,36.79,36.73,36.75,182469,0
HOME.US,60,20210709,190000,36.75,36.77,36.73,36.735,206428,0
HOME.US,60,20210709,200000,36.735,36.755,36.73,36.735,156990,0
HOME.US,60,20210709,210000,36.735,36.75,36.73,36.745,121644,0
HOME.US,60,20210709,220000,36.745,36.775,36.73,36.74,388417,0
