<TICKER>,<PER>,<DATE>,<TIME>,<OPEN>,<HIGH>,<LOW>,<CLOSE>,<VOL>,<OPENINT>
HSBC.US,60,20200914,160000,20.321,20.355,20.233,20.311,207921,0
HSBC.US,60,20200914,170000,20.316,20.34,20.233,20.253,380741,0
HSBC.US,60,20200914,180000,20.243,20.262,20.204,20.223,311588,0
HSBC.US,60,20200914,190000,20.218,20.262,20.194,20.262,124034,0
HSBC.US,60,20200914,200000,20.262,20.272,20.16,20.189,160187,0
HSBC.US,60,20200914,210000,20.189,20.221,20.126,20.16,313847,0
HSBC.US,60,20200914,220000,20.16,20.204,20.126,20.145,679149,0
HSBC.US,60,20200915,160000,20.37,20.37,20.15,20.165,434320,0
HSBC.US,60,20200915,170000,20.155,20.277,20.145,20.262,364974,0
HSBC.US,60,20200915,180000,20.262,20.287,20.194,20.243,552337,0
HSBC.US,60,20200915,190000,20.248,20.34,20.223,20.306,214201,0
HSBC.US,60,20200915,200000,20.306,20.34,20.257,20.272,143161,0
HSBC.US,60,20200915,210000,20.272,20.282,20.262,20.267,167377,0
HSBC.US,60,20200915,220000,20.272,20.272,20.165,20.214,533884,0
HSBC.US,60,20200916,160000,19.843,19.882,19.774,19.833,421877,0
HSBC.US,60,20200916,170000,19.823,19.96,19.823,19.96,308442,0
HSBC.US,60,20200916,180000,19.96,20.062,19.95,20.029,339332,0
HSBC.US,60,20200916,190000,20.028,20.033,19.94,19.94,148077,0
HSBC.US,60,20200916,200000,19.94,19.979,19.891,19.94,218385,0
HSBC.US,60,20200916,210000,19.94,20.067,19.935,20.018,203407,0
HSBC.US,60,20200916,220000,20.018,20.038,19.891,19.901,614531,0
HSBC.US,60,20200917,160000,19.56,19.677,19.53,19.628,293136,0
HSBC.US,60,20200917,170000,19.628,19.745,19.613,19.623,263116,0
HSBC.US,60,20200917,180000,19.628,19.677,19.574,19.589,245782,0
HSBC.US,60,20200917,190000,19.589,19.604,19.521,19.604,175977,0
HSBC.US,60,20200917,200000,19.599,19.628,19.579,19.613,211156,0
HSBC.US,60,20200917,210000,19.618,19.662,19.599,19.613,219708,0
HSBC.US,60,20200917,220000,19.608,19.687,19.589,19.657,540710,0
HSBC.US,60,20200918,160000,19.374,19.384,19.296,19.313,369048,0
HSBC.US,60,20200918,170000,19.306,19.418,19.277,19.311,648776,0
HSBC.US,60,20200918,180000,19.325,19.394,19.228,19.278,911068,0
HSBC.US,60,20200918,190000,19.282,19.311,19.228,19.233,327928,0
HSBC.US,60,20200918,200000,19.238,19.325,19.228,19.321,424779,0
HSBC.US,60,20200918,210000,19.316,19.34,19.296,19.306,270521,0
HSBC.US,60,20200918,220000,19.316,19.324,19.238,19.257,720183,0
HSBC.US,60,20200921,160000,18.125,18.31,18.125,18.301,836573,0
HSBC.US,60,20200921,170000,18.296,18.33,18.008,18.047,766433,0
HSBC.US,60,20200921,180000,18.042,18.076,17.939,18.027,1085193,0
HSBC.US,60,20200921,190000,18.032,18.076,17.988,18.032,564748,0
HSBC.US,60,20200921,200000,18.032,18.115,17.993,18.071,383435,0
HSBC.US,60,20200921,210000,18.071,18.096,18.037,18.071,333638,0
HSBC.US,60,20200921,220000,18.071,18.203,18.057,18.193,1239237,0
HSBC.US,60,20200922,160000,18.242,18.33,18.144,18.144,545798,0
HSBC.US,60,20200922,170000,18.143,18.179,17.891,17.895,739708,0
HSBC.US,60,20200922,180000,17.891,18.004,17.822,17.9,771348,0
HSBC.US,60,20200922,190000,17.896,17.93,17.852,17.866,184093,0
HSBC.US,60,20200922,200000,17.871,17.905,17.832,17.886,342056,0
HSBC.US,60,20200922,210000,17.891,17.939,17.891,17.905,318360,0
HSBC.US,60,20200922,220000,17.905,17.949,17.871,17.91,1099105,0
HSBC.US,60,20200923,160000,18.242,18.398,18.179,18.213,616350,0
HSBC.US,60,20200923,170000,18.222,18.257,18.091,18.174,632916,0
HSBC.US,60,20200923,180000,18.164,18.218,18.047,18.057,617027,0
HSBC.US,60,20200923,190000,18.047,18.183,18.018,18.149,337141,0
HSBC.US,60,20200923,200000,18.149,18.149,17.988,18.027,247092,0
HSBC.US,60,20200923,210000,18.027,18.052,17.959,17.974,278358,0
HSBC.US,60,20200923,220000,17.974,17.998,17.92,17.978,884875,0
HSBC.US,60,20200924,160000,17.959,17.978,17.817,17.881,405529,0
HSBC.US,60,20200924,170000,17.886,17.959,17.769,17.793,483494,0
HSBC.US,60,20200924,180000,17.793,17.881,17.764,17.869,678281,0
HSBC.US,60,20200924,190000,17.861,17.998,17.861,17.988,245151,0
HSBC.US,60,20200924,200000,17.988,18.096,17.988,17.998,364377,0
HSBC.US,60,20200924,210000,17.998,18.018,17.92,17.92,233641,0
HSBC.US,60,20200924,220000,17.915,17.964,17.9,17.949,657450,0
HSBC.US,60,20200925,160000,17.578,17.671,17.559,17.617,444572,0
HSBC.US,60,20200925,170000,17.617,17.686,17.529,17.601,662154,0
HSBC.US,60,20200925,180000,17.608,17.608,17.52,17.549,492513,0
HSBC.US,60,20200925,190000,17.544,17.656,17.544,17.642,155776,0
HSBC.US,60,20200925,200000,17.637,17.647,17.588,17.608,191640,0
HSBC.US,60,20200925,210000,17.603,17.617,17.559,17.593,546441,0
HSBC.US,60,20200925,220000,17.588,17.676,17.588,17.676,608187,0
HSBC.US,60,20200928,160000,19.325,19.325,19.174,19.257,1010665,0
HSBC.US,60,20200928,170000,19.257,19.306,19.169,19.281,876101,0
HSBC.US,60,20200928,180000,19.281,19.384,19.233,19.36,725141,0
HSBC.US,60,20200928,190000,19.36,19.462,19.355,19.428,383328,0
HSBC.US,60,20200928,200000,19.433,19.438,19.366,19.418,456933,0
HSBC.US,60,20200928,210000,19.418,19.511,19.403,19.511,516083,0
HSBC.US,60,20200928,220000,19.506,19.511,19.447,19.482,1604380,0
HSBC.US,60,20200929,160000,18.798,18.837,18.75,18.774,669260,0
HSBC.US,60,20200929,170000,18.779,18.906,18.71,18.75,948516,0
HSBC.US,60,20200929,180000,18.75,18.842,18.725,18.745,871642,0
HSBC.US,60,20200929,190000,18.75,18.925,18.72,18.925,548911,0
HSBC.US,60,20200929,200000,18.925,18.954,18.872,18.945,799031,0
HSBC.US,60,20200929,210000,18.945,19.028,18.935,18.979,935346,0
HSBC.US,60,20200929,220000,18.979,19.013,18.915,18.935,1236911,0
HSBC.US,60,20200930,160000,19.062,19.179,19.062,19.12,374013,0
HSBC.US,60,20200930,170000,19.125,19.238,19.125,19.14,323198,0
HSBC.US,60,20200930,180000,19.14,19.169,19.023,19.076,998471,0
HSBC.US,60,20200930,190000,19.081,19.169,19.081,19.159,315209,0
HSBC.US,60,20200930,200000,19.159,19.159,19.111,19.13,366386,0
HSBC.US,60,20200930,210000,19.135,19.179,19.062,19.111,515101,0
HSBC.US,60,20200930,220000,19.111,19.15,19.028,19.111,993721,0
HSBC.US,60,20201001,160000,19.169,19.208,19.047,19.066,242220,0
HSBC.US,60,20201001,170000,19.062,19.169,19.008,19.159,336411,0
HSBC.US,60,20201001,180000,19.159,19.212,19.062,19.062,304117,0
HSBC.US,60,20201001,190000,19.062,19.062,19.023,19.033,146507,0
HSBC.US,60,20201001,200000,19.033,19.062,18.984,18.984,227033,0
HSBC.US,60,20201001,210000,18.994,19.042,18.906,18.998,279876,0
HSBC.US,60,20201001,220000,18.998,19.052,18.935,19.042,828880,0
HSBC.US,60,20201002,160000,19.072,19.332,19.062,19.257,356720,0
HSBC.US,60,20201002,170000,19.257,19.384,19.238,19.29,940892,0
HSBC.US,60,20201002,180000,19.296,19.462,19.281,19.379,1483349,0
HSBC.US,60,20201002,190000,19.374,19.579,19.374,19.482,443097,0
HSBC.US,60,20201002,200000,19.491,19.501,19.379,19.394,183986,0
HSBC.US,60,20201002,210000,19.399,19.476,19.399,19.457,188860,0
HSBC.US,60,20201002,220000,19.457,19.472,19.369,19.394,951108,0
HSBC.US,60,20201005,160000,19.433,19.54,19.394,19.413,367996,0
HSBC.US,60,20201005,170000,19.413,19.578,19.369,19.565,595585,0
HSBC.US,60,20201005,180000,19.569,19.608,19.496,19.506,313075,0
HSBC.US,60,20201005,190000,19.506,19.54,19.467,19.467,277908,0
HSBC.US,60,20201005,200000,19.467,19.472,19.418,19.421,223346,0
HSBC.US,60,20201005,210000,19.418,19.452,19.413,19.433,187811,0
HSBC.US,60,20201005,220000,19.433,19.491,19.423,19.482,601577,0
HSBC.US,60,20201006,160000,19.745,19.784,19.687,19.701,370513,0
HSBC.US,60,20201006,170000,19.696,19.818,19.696,19.799,639811,0
HSBC.US,60,20201006,180000,19.799,19.867,19.765,19.765,619248,0
HSBC.US,60,20201006,190000,19.768,19.794,19.719,19.784,193211,0
HSBC.US,60,20201006,200000,19.779,19.804,19.706,19.73,277802,0
HSBC.US,60,20201006,210000,19.735,19.794,19.467,19.511,618434,0
HSBC.US,60,20201006,220000,19.511,19.604,19.462,19.511,1148530,0
HSBC.US,60,20201007,160000,19.823,19.901,19.774,19.872,323403,0
HSBC.US,60,20201007,170000,19.872,19.95,19.809,19.896,402328,0
HSBC.US,60,20201007,180000,19.891,19.94,19.794,19.804,301561,0
HSBC.US,60,20201007,190000,19.799,19.833,19.774,19.794,241876,0
HSBC.US,60,20201007,200000,19.789,19.833,19.75,19.833,202629,0
HSBC.US,60,20201007,210000,19.826,19.867,19.826,19.843,231313,0
HSBC.US,60,20201007,220000,19.843,19.9,19.843,19.882,613398,0
HSBC.US,60,20201008,160000,19.833,19.843,19.769,19.823,255687,0
HSBC.US,60,20201008,170000,19.823,19.911,19.749,19.857,398925,0
HSBC.US,60,20201008,180000,19.857,19.872,19.75,19.769,333696,0
HSBC.US,60,20201008,190000,19.765,19.813,19.749,19.76,212267,0
HSBC.US,60,20201008,200000,19.76,19.818,19.726,19.818,301328,0
HSBC.US,60,20201008,210000,19.818,19.828,19.769,19.774,239646,0
HSBC.US,60,20201008,220000,19.779,19.833,19.765,19.833,511920,0
HSBC.US,60,20201009,160000,19.833,19.862,19.633,19.667,443644,0
HSBC.US,60,20201009,170000,19.677,19.687,19.569,19.618,243016,0
HSBC.US,60,20201009,180000,19.613,19.71,19.589,19.682,241285,0
HSBC.US,60,20201009,190000,19.687,19.687,19.628,19.647,255263,0
HSBC.US,60,20201009,200000,19.643,19.682,19.628,19.638,224631,0
HSBC.US,60,20201009,210000,19.647,19.647,19.589,19.604,129518,0
HSBC.US,60,20201009,220000,19.608,19.647,19.599,19.647,535118,0
HSBC.US,60,20201012,160000,19.765,19.765,19.652,19.706,264124,0
HSBC.US,60,20201012,170000,19.696,19.701,19.633,19.682,240838,0
HSBC.US,60,20201012,180000,19.687,19.712,19.618,19.618,198364,0
HSBC.US,60,20201012,190000,19.618,19.716,19.608,19.691,185164,0
HSBC.US,60,20201012,200000,19.696,19.721,19.687,19.711,328066,0
HSBC.US,60,20201012,210000,19.711,19.721,19.706,19.706,250679,0
HSBC.US,60,20201012,220000,19.716,19.765,19.706,19.765,753024,0
HSBC.US,60,20201013,160000,19.364,19.384,19.257,19.272,226612,0
HSBC.US,60,20201013,170000,19.267,19.286,19.159,19.247,733447,0
HSBC.US,60,20201013,180000,19.238,19.311,19.218,19.3,248666,0
HSBC.US,60,20201013,190000,19.296,19.306,19.242,19.257,155008,0
HSBC.US,60,20201013,200000,19.257,19.269,19.208,19.208,192186,0
HSBC.US,60,20201013,210000,19.213,19.257,19.179,19.233,222274,0
HSBC.US,60,20201013,220000,19.229,19.311,19.223,19.296,919943,0
HSBC.US,60,20201014,160000,18.974,19.072,18.974,19.023,376105,0
HSBC.US,60,20201014,170000,19.018,19.032,18.886,18.901,410196,0
HSBC.US,60,20201014,180000,18.901,18.913,18.798,18.808,517846,0
HSBC.US,60,20201014,190000,18.818,18.857,18.779,18.837,334532,0
HSBC.US,60,20201014,200000,18.837,18.872,18.808,18.818,128106,0
HSBC.US,60,20201014,210000,18.819,18.828,18.798,18.808,294986,0
HSBC.US,60,20201014,220000,18.803,18.837,18.769,18.769,651551,0
HSBC.US,60,20201015,160000,18.613,18.74,18.569,18.74,339266,0
HSBC.US,60,20201015,170000,18.74,18.818,18.676,18.818,392088,0
HSBC.US,60,20201015,180000,18.813,18.876,18.779,18.823,351541,0
HSBC.US,60,20201015,190000,18.828,18.857,18.813,18.837,158624,0
HSBC.US,60,20201015,200000,18.837,18.915,18.798,18.887,204774,0
HSBC.US,60,20201015,210000,18.896,18.906,18.849,18.896,112036,0
HSBC.US,60,20201015,220000,18.891,18.935,18.876,18.935,468757,0
HSBC.US,60,20201016,160000,19.159,19.218,19.111,19.208,237765,0
HSBC.US,60,20201016,170000,19.199,19.272,19.164,19.247,298704,0
HSBC.US,60,20201016,180000,19.247,19.325,19.247,19.28,195963,0
HSBC.US,60,20201016,190000,19.28,19.295,19.242,19.262,128199,0
HSBC.US,60,20201016,200000,19.267,19.286,19.228,19.257,105793,0
HSBC.US,60,20201016,210000,19.267,19.286,19.249,19.277,120580,0
HSBC.US,60,20201016,220000,19.272,19.277,19.213,19.238,631998,0
HSBC.US,60,20201019,160000,19.403,19.438,19.321,19.418,299443,0
HSBC.US,60,20201019,170000,19.413,19.608,19.281,19.569,499191,0
HSBC.US,60,20201019,180000,19.569,19.613,19.501,19.53,550878,0
HSBC.US,60,20201019,190000,19.53,19.557,19.472,19.496,177183,0
HSBC.US,60,20201019,200000,19.491,19.501,19.423,19.445,178261,0
HSBC.US,60,20201019,210000,19.443,19.462,19.34,19.36,267306,0
HSBC.US,60,20201019,220000,19.355,19.384,19.306,19.364,709505,0
HSBC.US,60,20201020,160000,19.384,19.54,19.355,19.525,378104,0
HSBC.US,60,20201020,170000,19.53,19.608,19.511,19.594,301920,0
HSBC.US,60,20201020,180000,19.589,19.589,19.423,19.443,577098,0
HSBC.US,60,20201020,190000,19.443,19.511,19.425,19.506,132259,0
HSBC.US,60,20201020,200000,19.511,19.555,19.486,19.496,102104,0
HSBC.US,60,20201020,210000,19.496,19.501,19.462,19.462,90681,0
HSBC.US,60,20201020,220000,19.462,19.472,19.384,19.423,343555,0
HSBC.US,60,20201021,160000,19.345,19.472,19.325,19.467,235961,0
HSBC.US,60,20201021,170000,19.467,19.482,19.403,19.428,212893,0
HSBC.US,60,20201021,180000,19.423,19.44,19.345,19.413,518547,0
HSBC.US,60,20201021,190000,19.413,19.482,19.384,19.433,239390,0
HSBC.US,60,20201021,200000,19.428,19.472,19.408,19.433,148711,0
HSBC.US,60,20201021,210000,19.438,19.496,19.428,19.467,185271,0
HSBC.US,60,20201021,220000,19.467,19.482,19.389,19.403,389514,0
HSBC.US,60,20201022,160000,19.374,19.467,19.36,19.452,117212,0
HSBC.US,60,20201022,170000,19.447,19.535,19.413,19.526,314392,0
HSBC.US,60,20201022,180000,19.53,19.599,19.506,19.599,776646,0
HSBC.US,60,20201022,190000,19.599,19.74,19.599,19.726,382831,0
HSBC.US,60,20201022,200000,19.73,19.76,19.706,19.73,185677,0
HSBC.US,60,20201022,210000,19.73,19.76,19.706,19.711,175944,0
HSBC.US,60,20201022,220000,19.716,19.75,19.677,19.696,523921,0
HSBC.US,60,20201023,160000,20.516,20.536,20.443,20.453,1090468,0
HSBC.US,60,20201023,170000,20.448,20.448,20.297,20.311,992377,0
HSBC.US,60,20201023,180000,20.316,20.419,20.267,20.394,831048,0
HSBC.US,60,20201023,190000,20.394,20.409,20.254,20.267,265900,0
HSBC.US,60,20201023,200000,20.262,20.357,20.257,20.321,270764,0
HSBC.US,60,20201023,210000,20.317,20.36,20.301,20.34,312496,0
HSBC.US,60,20201023,220000,20.345,20.389,20.326,20.379,901690,0
HSBC.US,60,20201026,150000,20.565,20.575,20.321,20.321,854719,0
HSBC.US,60,20201026,160000,20.326,20.379,20.194,20.209,796012,0
HSBC.US,60,20201026,170000,20.209,20.345,20.175,20.331,865162,0
HSBC.US,60,20201026,180000,20.321,20.336,20.179,20.204,698889,0
HSBC.US,60,20201026,190000,20.204,20.213,20.155,20.194,348424,0
HSBC.US,60,20201026,200000,20.194,20.214,20.155,20.175,463335,0
HSBC.US,60,20201026,210000,20.175,20.253,20.15,20.233,1071561,0
HSBC.US,60,20201027,150000,21.307,21.307,21.102,21.209,870058,0
HSBC.US,60,20201027,160000,21.214,21.224,20.985,20.985,520481,0
HSBC.US,60,20201027,170000,20.985,21.033,20.916,20.985,560242,0
HSBC.US,60,20201027,180000,20.985,21.077,20.897,20.946,614381,0
HSBC.US,60,20201027,190000,20.946,21.072,20.926,21.038,325079,0
HSBC.US,60,20201027,200000,21.038,21.043,20.921,20.96,380256,0
HSBC.US,60,20201027,210000,20.955,21.029,20.926,21.004,986655,0
HSBC.US,60,20201028,150000,20.223,20.301,20.116,20.135,804510,0
HSBC.US,60,20201028,160000,20.131,20.248,19.935,19.979,785363,0
HSBC.US,60,20201028,170000,19.97,20.223,19.94,20.17,814324,0
HSBC.US,60,20201028,180000,20.175,20.204,20.038,20.048,732409,0
HSBC.US,60,20201028,190000,20.038,20.067,20.018,20.053,425423,0
HSBC.US,60,20201028,200000,20.053,20.126,20.018,20.091,672471,0
HSBC.US,60,20201028,210000,20.091,20.126,20.028,20.033,1615111,0
HSBC.US,60,20201029,150000,20.292,20.321,20.087,20.306,314671,0
HSBC.US,60,20201029,160000,20.306,20.561,20.287,20.438,399034,0
HSBC.US,60,20201029,170000,20.448,20.545,20.355,20.379,294284,0
HSBC.US,60,20201029,180000,20.389,20.428,20.35,20.394,373844,0
HSBC.US,60,20201029,190000,20.399,20.526,20.311,20.521,360200,0
HSBC.US,60,20201029,200000,20.518,20.604,20.518,20.6,281502,0
HSBC.US,60,20201029,210000,20.604,20.682,20.58,20.643,1018162,0
HSBC.US,60,20201030,150000,20.409,20.497,20.35,20.409,301682,0
HSBC.US,60,20201030,160000,20.404,20.467,20.248,20.248,369437,0
HSBC.US,60,20201030,170000,20.243,20.458,20.243,20.419,303085,0
HSBC.US,60,20201030,180000,20.409,20.497,20.37,20.403,389256,0
HSBC.US,60,20201030,190000,20.399,20.433,20.334,20.409,187448,0
HSBC.US,60,20201030,200000,20.416,20.472,20.34,20.443,252542,0
HSBC.US,60,20201030,210000,20.438,20.487,20.384,20.477,795552,0
HSBC.US,60,20201102,160000,20.887,20.921,20.726,20.799,367942,0
HSBC.US,60,20201102,170000,20.799,20.887,20.77,20.877,328265,0
HSBC.US,60,20201102,180000,20.868,20.936,20.83,20.897,264160,0
HSBC.US,60,20201102,190000,20.897,20.936,20.84,20.872,157915,0
HSBC.US,60,20201102,200000,20.877,20.887,20.794,20.853,206734,0
HSBC.US,60,20201102,210000,20.848,20.97,20.848,20.931,199810,0
HSBC.US,60,20201102,220000,20.931,20.975,20.858,20.897,783737,0
HSBC.US,60,20201103,160000,21.902,22.058,21.79,22.029,1041252,0
HSBC.US,60,20201103,170000,22.034,22.142,21.98,22.127,1529530,0
HSBC.US,60,20201103,180000,22.122,22.136,22.009,22.053,584170,0
HSBC.US,60,20201103,190000,22.049,22.073,22,22.009,387126,0
HSBC.US,60,20201103,200000,22.005,22.107,22,22.029,436385,0
HSBC.US,60,20201103,210000,22.019,22.097,22.004,22.083,361503,0
HSBC.US,60,20201103,220000,22.083,22.127,21.97,22,1084471,0
HSBC.US,60,20201104,160000,21.209,21.248,21.024,21.18,369639,0
HSBC.US,60,20201104,170000,21.18,21.248,21.058,21.107,352298,0
HSBC.US,60,20201104,180000,21.107,21.126,20.98,21.039,543637,0
HSBC.US,60,20201104,190000,21.033,21.092,21.024,21.089,317600,0
HSBC.US,60,20201104,200000,21.087,21.107,20.955,21.018,448977,0
HSBC.US,60,20201104,210000,21.019,21.063,20.999,21.053,479020,0
HSBC.US,60,20201104,220000,21.053,21.063,20.907,20.955,1127935,0
HSBC.US,60,20201105,160000,21.375,21.463,21.287,21.448,448048,0
HSBC.US,60,20201105,170000,21.45,21.6,21.443,21.531,519705,0
HSBC.US,60,20201105,180000,21.541,21.541,21.434,21.463,291116,0
HSBC.US,60,20201105,190000,21.473,21.482,21.375,21.437,183455,0
HSBC.US,60,20201105,200000,21.443,21.463,21.414,21.434,98450,0
HSBC.US,60,20201105,210000,21.443,21.521,21.429,21.521,284880,0
HSBC.US,60,20201105,220000,21.517,21.526,21.434,21.492,648729,0
HSBC.US,60,20201106,160000,21.883,21.902,21.736,21.814,275890,0
HSBC.US,60,20201106,170000,21.805,21.819,21.687,21.717,279537,0
HSBC.US,60,20201106,180000,21.717,21.8,21.639,21.726,312328,0
HSBC.US,60,20201106,190000,21.731,21.751,21.702,21.717,160524,0
HSBC.US,60,20201106,200000,21.717,21.805,21.716,21.756,143886,0
HSBC.US,60,20201106,210000,21.765,21.775,21.678,21.678,154659,0
HSBC.US,60,20201106,220000,21.668,21.79,21.629,21.746,704282,0
HSBC.US,60,20201109,160000,23.942,24.059,23.874,23.962,854103,0
HSBC.US,60,20201109,170000,23.976,24.147,23.757,23.864,1186080,0
HSBC.US,60,20201109,180000,23.859,23.981,23.786,23.966,748679,0
HSBC.US,60,20201109,190000,23.971,24.127,23.971,24.084,431102,0
HSBC.US,60,20201109,200000,24.088,24.108,23.981,24.049,429704,0
HSBC.US,60,20201109,210000,24.044,24.098,24.001,24.098,353706,0
HSBC.US,60,20201109,220000,24.098,24.147,23.991,24.001,1537511,0
HSBC.US,60,20201110,160000,24.01,24.108,23.874,24.108,383534,0
HSBC.US,60,20201110,170000,24.088,24.166,23.932,24.118,540231,0
HSBC.US,60,20201110,180000,24.118,24.137,24.015,24.053,456633,0
HSBC.US,60,20201110,190000,24.049,24.088,23.932,24.01,294520,0
HSBC.US,60,20201110,200000,24.01,24.049,23.918,24.02,209785,0
HSBC.US,60,20201110,210000,24.01,24.015,23.927,23.973,355522,0
HSBC.US,60,20201110,220000,23.976,24.001,23.874,23.874,868620,0
HSBC.US,60,20201111,160000,24.742,24.742,24.464,24.567,915041,0
HSBC.US,60,20201111,170000,24.576,24.957,24.542,24.957,1161383,0
HSBC.US,60,20201111,180000,24.952,24.981,24.781,24.786,892569,0
HSBC.US,60,20201111,190000,24.791,24.84,24.747,24.816,456662,0
HSBC.US,60,20201111,200000,24.812,24.816,24.723,24.747,343669,0
HSBC.US,60,20201111,210000,24.747,24.791,24.63,24.694,338146,0
HSBC.US,60,20201111,220000,24.694,24.733,24.635,24.703,921442,0
HSBC.US,60,20201112,160000,23.786,23.825,23.708,23.747,368478,0
HSBC.US,60,20201112,170000,23.737,23.781,23.644,23.747,389262,0
HSBC.US,60,20201112,180000,23.737,23.864,23.688,23.771,466939,0
HSBC.US,60,20201112,190000,23.766,23.833,23.727,23.737,188468,0
HSBC.US,60,20201112,200000,23.732,23.743,23.639,23.674,267038,0
HSBC.US,60,20201112,210000,23.669,23.708,23.639,23.649,278384,0
HSBC.US,60,20201112,220000,23.649,23.727,23.639,23.678,827289,0
HSBC.US,60,20201113,160000,23.844,23.981,23.815,23.942,606925,0
HSBC.US,60,20201113,170000,23.942,24.02,23.854,23.869,399876,0
HSBC.US,60,20201113,180000,23.874,23.952,23.864,23.908,206167,0
HSBC.US,60,20201113,190000,23.913,23.927,23.869,23.898,155014,0
HSBC.US,60,20201113,200000,23.898,23.942,23.854,23.922,156923,0
HSBC.US,60,20201113,210000,23.932,23.962,23.874,23.883,229444,0
HSBC.US,60,20201113,220000,23.883,23.971,23.869,23.942,739265,0
HSBC.US,60,20201116,160000,24.947,25.001,24.84,24.938,526452,0
HSBC.US,60,20201116,170000,24.938,25.025,24.791,24.957,455593,0
HSBC.US,60,20201116,180000,24.967,25.016,24.884,24.977,314969,0
HSBC.US,60,20201116,190000,24.981,24.986,24.84,24.869,135420,0
HSBC.US,60,20201116,200000,24.869,24.869,24.762,24.83,222798,0
HSBC.US,60,20201116,210000,24.835,24.85,24.791,24.835,226549,0
HSBC.US,60,20201116,220000,24.835,24.889,24.791,24.869,496872,0
HSBC.US,60,20201117,160000,24.079,24.127,23.996,23.996,466778,0
HSBC.US,60,20201117,170000,23.996,24.328,23.927,24.306,551860,0
HSBC.US,60,20201117,180000,24.308,24.323,24.249,24.264,272503,0
HSBC.US,60,20201117,190000,24.274,24.303,24.225,24.249,126400,0
HSBC.US,60,20201117,200000,24.249,24.298,24.215,24.264,201925,0
HSBC.US,60,20201117,210000,24.269,24.323,24.245,24.313,273022,0
HSBC.US,60,20201117,220000,24.312,24.352,24.22,24.313,612851,0
HSBC.US,60,20201118,160000,24.908,24.991,24.9,24.989,353494,0
HSBC.US,60,20201118,170000,24.996,25.074,24.962,24.962,258338,0
HSBC.US,60,20201118,180000,24.967,25.03,24.913,24.928,221793,0
HSBC.US,60,20201118,190000,24.928,24.928,24.845,24.879,198564,0
HSBC.US,60,20201118,200000,24.874,24.923,24.85,24.889,237440,0
HSBC.US,60,20201118,210000,24.889,24.908,24.767,24.796,165001,0
HSBC.US,60,20201118,220000,24.791,24.801,24.635,24.635,601759,0
HSBC.US,60,20201119,160000,24.537,24.669,24.42,24.606,293916,0
HSBC.US,60,20201119,170000,24.606,24.747,24.576,24.679,297414,0
HSBC.US,60,20201119,180000,24.684,24.742,24.615,24.669,252847,0
HSBC.US,60,20201119,190000,24.669,24.674,24.596,24.635,165841,0
HSBC.US,60,20201119,200000,24.635,24.698,24.635,24.655,141714,0
HSBC.US,60,20201119,210000,24.645,24.762,24.645,24.728,183708,0
HSBC.US,60,20201119,220000,24.728,24.781,24.697,24.772,516842,0
HSBC.US,60,20201120,160000,24.713,24.82,24.674,24.742,237322,0
HSBC.US,60,20201120,170000,24.747,24.767,24.674,24.68,325231,0
HSBC.US,60,20201120,180000,24.689,24.733,24.601,24.606,247332,0
HSBC.US,60,20201120,190000,24.607,24.64,24.596,24.64,125277,0
HSBC.US,60,20201120,200000,24.64,24.723,24.635,24.713,181075,0
HSBC.US,60,20201120,210000,24.713,24.752,24.694,24.737,201558,0
HSBC.US,60,20201120,220000,24.737,24.737,24.645,24.664,479911,0
HSBC.US,60,20201123,160000,24.85,25.006,24.85,24.957,306562,0
HSBC.US,60,20201123,170000,24.962,24.991,24.884,24.908,386116,0
HSBC.US,60,20201123,180000,24.918,24.94,24.859,24.913,242252,0
HSBC.US,60,20201123,190000,24.913,24.947,24.889,24.933,122453,0
HSBC.US,60,20201123,200000,24.928,24.986,24.908,24.986,368153,0
HSBC.US,60,20201123,210000,24.977,24.996,24.932,24.967,392846,0
HSBC.US,60,20201123,220000,24.957,24.996,24.889,24.996,750970,0
HSBC.US,60,20201124,160000,25.533,25.718,25.533,25.709,685145,0
HSBC.US,60,20201124,170000,25.709,25.889,25.689,25.889,1319049,0
HSBC.US,60,20201124,180000,25.884,26.065,25.85,25.982,1267309,0
HSBC.US,60,20201124,190000,25.982,26.006,25.923,25.987,362407,0
HSBC.US,60,20201124,200000,25.987,26.036,25.904,25.972,341833,0
HSBC.US,60,20201124,210000,25.967,25.997,25.894,25.987,276500,0
HSBC.US,60,20201124,220000,25.991,26.04,25.962,26.021,1020357,0
HSBC.US,60,20201125,160000,25.962,25.962,25.757,25.777,555967,0
HSBC.US,60,20201125,170000,25.777,25.972,25.699,25.894,381259,0
HSBC.US,60,20201125,180000,25.894,26.021,25.889,26.016,308833,0
HSBC.US,60,20201125,190000,26.016,26.045,25.962,26.011,195601,0
HSBC.US,60,20201125,200000,26.011,26.04,25.977,26.026,130571,0
HSBC.US,60,20201125,210000,26.031,26.031,25.953,26.011,139271,0
HSBC.US,60,20201125,220000,26.016,26.148,25.987,26.109,756348,0
HSBC.US,60,20201127,160000,26.216,26.402,26.177,26.343,491463,0
HSBC.US,60,20201127,170000,26.338,26.421,26.325,26.382,384166,0
HSBC.US,60,20201127,180000,26.377,26.419,26.236,26.319,558202,0
HSBC.US,60,20201127,190000,26.314,26.314,26.158,26.245,646861,0
HSBC.US,60,20201127,200000,26.245,26.245,26.245,26.245,20723,0
HSBC.US,60,20201130,160000,25.757,25.782,25.65,25.699,351074,0
HSBC.US,60,20201130,170000,25.699,25.723,25.504,25.591,284580,0
HSBC.US,60,20201130,180000,25.601,25.611,25.269,25.347,528525,0
HSBC.US,60,20201130,190000,25.347,25.43,25.338,25.411,253336,0
HSBC.US,60,20201130,200000,25.406,25.433,25.387,25.396,141019,0
HSBC.US,60,20201130,210000,25.399,25.416,25.339,25.406,246792,0
HSBC.US,60,20201130,220000,25.416,25.44,25.25,25.269,1536900,0
HSBC.US,60,20201201,160000,26.05,26.25,26.021,26.226,377006,0
HSBC.US,60,20201201,170000,26.206,26.528,26.187,26.46,579432,0
HSBC.US,60,20201201,180000,26.465,26.602,26.377,26.39,697663,0
HSBC.US,60,20201201,190000,26.382,26.533,26.382,26.499,131569,0
HSBC.US,60,20201201,200000,26.504,26.563,26.489,26.558,237117,0
HSBC.US,60,20201201,210000,26.566,26.626,26.562,26.572,158683,0
HSBC.US,60,20201201,220000,26.568,26.655,26.485,26.636,920423,0
HSBC.US,60,20201202,160000,26.802,27.036,26.724,27.007,400638,0
HSBC.US,60,20201202,170000,27.031,27.182,27.007,27.178,368658,0
HSBC.US,60,20201202,180000,27.182,27.28,27.134,27.173,531827,0
HSBC.US,60,20201202,190000,27.173,27.182,27.134,27.143,122895,0
HSBC.US,60,20201202,200000,27.143,27.143,27.041,27.051,145079,0
HSBC.US,60,20201202,210000,27.051,27.143,27.041,27.139,300512,0
HSBC.US,60,20201202,220000,27.134,27.202,27.095,27.114,865665,0
HSBC.US,60,20201203,160000,27.456,27.602,27.358,27.573,453586,0
HSBC.US,60,20201203,170000,27.573,27.792,27.548,27.709,522328,0
HSBC.US,60,20201203,180000,27.709,27.719,27.583,27.636,383722,0
HSBC.US,60,20201203,190000,27.636,27.661,27.587,27.646,183620,0
HSBC.US,60,20201203,200000,27.651,27.656,27.49,27.505,157585,0
HSBC.US,60,20201203,210000,27.5,27.607,27.495,27.602,163457,0
HSBC.US,60,20201203,220000,27.607,27.656,27.436,27.485,671337,0
HSBC.US,60,20201204,160000,27.934,28.051,27.905,27.924,348404,0
HSBC.US,60,20201204,170000,27.924,27.924,27.691,27.719,463160,0
HSBC.US,60,20201204,180000,27.719,27.778,27.622,27.758,291667,0
HSBC.US,60,20201204,190000,27.758,27.773,27.67,27.69,154751,0
HSBC.US,60,20201204,200000,27.69,27.749,27.69,27.701,87314,0
HSBC.US,60,20201204,210000,27.703,27.729,27.656,27.69,193376,0
HSBC.US,60,20201204,220000,27.69,27.719,27.651,27.69,382712,0
HSBC.US,60,20201207,160000,26.86,26.87,26.694,26.763,530372,0
HSBC.US,60,20201207,170000,26.763,26.763,26.607,26.69,584370,0
HSBC.US,60,20201207,180000,26.685,26.831,26.65,26.831,269418,0
HSBC.US,60,20201207,190000,26.821,26.841,26.797,26.802,209184,0
HSBC.US,60,20201207,200000,26.802,26.802,26.724,26.735,201562,0
HSBC.US,60,20201207,210000,26.733,26.792,26.704,26.714,264927,0
HSBC.US,60,20201207,220000,26.724,26.724,26.636,26.665,734518,0
HSBC.US,60,20201208,160000,25.875,26.084,25.855,26.006,708297,0
HSBC.US,60,20201208,170000,26.011,26.045,25.938,26.016,490440,0
HSBC.US,60,20201208,180000,26.031,26.099,26.001,26.016,312226,0
HSBC.US,60,20201208,190000,26.016,26.054,25.977,25.997,183570,0
HSBC.US,60,20201208,200000,26.001,26.016,25.977,25.982,89137,0
HSBC.US,60,20201208,210000,25.987,26.04,25.962,25.997,184566,0
HSBC.US,60,20201208,220000,25.992,26.04,25.953,25.982,646319,0
HSBC.US,60,20201209,160000,26.558,26.611,26.499,26.538,325697,0
HSBC.US,60,20201209,170000,26.541,26.607,26.397,26.426,264318,0
HSBC.US,60,20201209,180000,26.382,26.431,26.211,26.26,226252,0
HSBC.US,60,20201209,190000,26.26,26.284,26.167,26.245,205418,0
HSBC.US,60,20201209,200000,26.236,26.236,26.06,26.07,228150,0
HSBC.US,60,20201209,210000,26.08,26.206,26.075,26.162,194758,0
HSBC.US,60,20201209,220000,26.158,26.265,26.148,26.265,724184,0
HSBC.US,60,20201210,160000,25.679,25.845,25.679,25.836,209591,0
HSBC.US,60,20201210,170000,25.855,25.958,25.757,25.943,442810,0
HSBC.US,60,20201210,180000,25.962,26.519,25.943,26.032,1267290,0
HSBC.US,60,20201210,190000,26.036,26.123,26.021,26.099,144762,0
HSBC.US,60,20201210,200000,26.099,26.128,26.055,26.114,142849,0
HSBC.US,60,20201210,210000,26.119,26.128,26.011,26.089,199142,0
HSBC.US,60,20201210,220000,26.099,26.206,26.099,26.138,471649,0
HSBC.US,60,20201211,160000,25.865,25.923,25.806,25.875,216066,0
HSBC.US,60,20201211,170000,25.866,25.962,25.845,25.894,253171,0
HSBC.US,60,20201211,180000,25.894,25.943,25.753,25.782,279744,0
HSBC.US,60,20201211,190000,25.787,25.796,25.738,25.787,80682,0
HSBC.US,60,20201211,200000,25.782,25.85,25.76,25.845,94297,0
HSBC.US,60,20201211,210000,25.845,25.894,25.836,25.855,117580,0
HSBC.US,60,20201211,220000,25.855,25.923,25.836,25.914,661076,0
HSBC.US,60,20201214,160000,26.392,26.421,26.197,26.275,285629,0
HSBC.US,60,20201214,170000,26.294,26.48,26.206,26.226,421441,0
HSBC.US,60,20201214,180000,26.226,26.284,26.119,26.138,335192,0
HSBC.US,60,20201214,190000,26.138,26.174,26.103,26.119,78526,0
HSBC.US,60,20201214,200000,26.128,26.158,26.113,26.128,113726,0
HSBC.US,60,20201214,210000,26.138,26.187,26.113,26.162,222275,0
HSBC.US,60,20201214,220000,26.167,26.197,26.011,26.04,663127,0
HSBC.US,60,20201215,160000,26.099,26.133,25.987,26.011,189388,0
HSBC.US,60,20201215,170000,26.031,26.206,26.021,26.167,487884,0
HSBC.US,60,20201215,180000,26.167,26.343,26.109,26.241,758802,0
HSBC.US,60,20201215,190000,26.236,26.372,26.226,26.367,205028,0
HSBC.US,60,20201215,200000,26.367,26.402,26.309,26.363,174373,0
HSBC.US,60,20201215,210000,26.353,26.367,26.284,26.284,182659,0
HSBC.US,60,20201215,220000,26.284,26.363,26.255,26.294,730428,0
HSBC.US,60,20201216,160000,26.148,26.255,26.119,26.255,180018,0
HSBC.US,60,20201216,170000,26.265,26.265,26.006,26.053,224879,0
HSBC.US,60,20201216,180000,26.055,26.158,26.031,26.08,247569,0
HSBC.US,60,20201216,190000,26.08,26.089,25.962,25.962,139909,0
HSBC.US,60,20201216,200000,25.962,25.987,25.933,25.967,210181,0
HSBC.US,60,20201216,210000,25.972,26.089,25.943,26.05,145719,0
HSBC.US,60,20201216,220000,26.05,26.08,26.016,26.021,417063,0
HSBC.US,60,20201217,160000,26.284,26.328,26.216,26.324,191056,0
HSBC.US,60,20201217,170000,26.322,26.324,26.089,26.138,170581,0
HSBC.US,60,20201217,180000,26.138,26.245,26.094,26.133,185104,0
HSBC.US,60,20201217,190000,26.128,26.133,26.06,26.104,71093,0
HSBC.US,60,20201217,200000,26.109,26.133,26.099,26.114,106429,0
HSBC.US,60,20201217,210000,26.114,26.138,26.099,26.104,111391,0
HSBC.US,60,20201217,220000,26.109,26.128,26.031,26.05,387631,0
HSBC.US,60,20201218,160000,25.943,25.943,25.713,25.718,154823,0
HSBC.US,60,20201218,170000,25.713,25.748,25.552,25.567,282452,0
HSBC.US,60,20201218,180000,25.562,25.591,25.426,25.484,423209,0
HSBC.US,60,20201218,190000,25.489,25.543,25.474,25.488,158554,0
HSBC.US,60,20201218,200000,25.494,25.494,25.435,25.456,119464,0
HSBC.US,60,20201218,210000,25.46,25.479,25.426,25.44,169730,0
HSBC.US,60,20201218,220000,25.445,25.611,25.377,25.572,1110962,0
HSBC.US,60,20201221,160000,24.528,24.742,24.479,24.63,494982,0
HSBC.US,60,20201221,170000,24.625,24.708,24.508,24.664,429942,0
HSBC.US,60,20201221,180000,24.664,24.786,24.659,24.762,360756,0
HSBC.US,60,20201221,190000,24.767,24.889,24.752,24.879,118315,0
HSBC.US,60,20201221,200000,24.879,24.986,24.869,24.962,107042,0
HSBC.US,60,20201221,210000,24.957,25.064,24.918,25.001,296203,0
HSBC.US,60,20201221,220000,25.006,25.035,24.879,24.967,927828,0
HSBC.US,60,20201222,160000,25.025,25.055,24.947,24.986,219520,0
HSBC.US,60,20201222,170000,24.986,25.06,24.947,24.957,291518,0
HSBC.US,60,20201222,180000,24.967,25.007,24.874,24.899,177593,0
HSBC.US,60,20201222,190000,24.903,24.957,24.889,24.923,90641,0
HSBC.US,60,20201222,200000,24.928,24.972,24.835,24.894,380608,0
HSBC.US,60,20201222,210000,24.889,24.923,24.85,24.923,124358,0
HSBC.US,60,20201222,220000,24.918,24.947,24.884,24.918,485359,0
HSBC.US,60,20201223,160000,25.006,25.299,25.006,25.25,372203,0
HSBC.US,60,20201223,170000,25.25,25.347,25.201,25.289,477484,0
HSBC.US,60,20201223,180000,25.289,25.387,25.284,25.357,344076,0
HSBC.US,60,20201223,190000,25.347,25.434,25.347,25.43,141920,0
HSBC.US,60,20201223,200000,25.43,25.474,25.406,25.469,173198,0
HSBC.US,60,20201223,210000,25.474,25.513,25.401,25.406,219041,0
HSBC.US,60,20201223,220000,25.406,25.435,25.387,25.406,532844,0
HSBC.US,60,20201224,160000,25.504,25.523,25.338,25.445,116859,0
HSBC.US,60,20201224,170000,25.45,25.45,25.347,25.445,101214,0
HSBC.US,60,20201224,180000,25.445,25.45,25.406,25.43,81498,0
HSBC.US,60,20201224,190000,25.426,25.469,25.382,25.426,175939,0
HSBC.US,60,20201224,200000,25.426,25.426,25.426,25.426,13750,0
HSBC.US,60,20201228,160000,25.318,25.357,25.244,25.294,335602,0
HSBC.US,60,20201228,170000,25.294,25.357,25.245,25.26,603136,0
HSBC.US,60,20201228,180000,25.26,25.289,25.211,25.279,225500,0
HSBC.US,60,20201228,190000,25.279,25.289,25.211,25.211,125698,0
HSBC.US,60,20201228,200000,25.216,25.269,25.211,25.269,94143,0
HSBC.US,60,20201228,210000,25.26,25.289,25.23,25.235,112170,0
HSBC.US,60,20201228,220000,25.23,25.23,25.172,25.23,469263,0
HSBC.US,60,20201229,160000,25.387,25.435,25.299,25.338,263957,0
HSBC.US,60,20201229,170000,25.352,25.406,25.299,25.338,263766,0
HSBC.US,60,20201229,180000,25.324,25.336,25.25,25.308,247041,0
HSBC.US,60,20201229,190000,25.311,25.328,25.201,25.235,102753,0
HSBC.US,60,20201229,200000,25.24,25.247,25.201,25.23,101611,0
HSBC.US,60,20201229,210000,25.23,25.23,25.143,25.172,112293,0
HSBC.US,60,20201229,220000,25.167,25.23,25.152,25.201,419274,0
HSBC.US,60,20201230,160000,25.533,25.548,25.435,25.504,274447,0
HSBC.US,60,20201230,170000,25.505,25.505,25.391,25.421,213506,0
HSBC.US,60,20201230,180000,25.416,25.445,25.274,25.358,246311,0
HSBC.US,60,20201230,190000,25.36,25.377,25.311,25.343,73835,0
HSBC.US,60,20201230,200000,25.347,25.352,25.25,25.269,103734,0
HSBC.US,60,20201230,210000,25.265,25.289,25.23,25.24,141438,0
HSBC.US,60,20201230,220000,25.245,25.328,25.235,25.318,293318,0
HSBC.US,60,20201231,160000,25.143,25.206,25.133,25.162,151364,0
HSBC.US,60,20201231,170000,25.157,25.201,25.133,25.196,166896,0
HSBC.US,60,20201231,180000,25.196,25.225,25.152,25.186,157906,0
HSBC.US,60,20201231,190000,25.182,25.191,25.147,25.147,97792,0
HSBC.US,60,20201231,200000,25.147,25.172,25.138,25.167,103917,0
HSBC.US,60,20201231,210000,25.167,25.216,25.157,25.196,136995,0
HSBC.US,60,20201231,220000,25.191,25.308,25.191,25.289,421361,0
HSBC.US,60,20210104,160000,25.435,25.552,25.426,25.455,289638,0
HSBC.US,60,20210104,170000,25.45,25.455,25.084,25.113,370098,0
HSBC.US,60,20210104,180000,25.113,25.23,25.064,25.089,263523,0
HSBC.US,60,20210104,190000,25.094,25.113,25.045,25.064,185757,0
HSBC.US,60,20210104,200000,25.064,25.182,25.055,25.172,294284,0
HSBC.US,60,20210104,210000,25.172,25.172,25.064,25.133,403835,0
HSBC.US,60,20210104,220000,25.138,25.162,25.079,25.123,673381,0
HSBC.US,60,20210105,160000,24.957,25.108,24.918,25.006,293308,0
HSBC.US,60,20210105,170000,25.016,25.074,24.925,24.957,376717,0
HSBC.US,60,20210105,180000,24.947,25.157,24.938,25.152,483301,0
HSBC.US,60,20210105,190000,25.152,25.26,25.147,25.225,134860,0
HSBC.US,60,20210105,200000,25.221,25.25,25.182,25.24,122680,0
HSBC.US,60,20210105,210000,25.245,25.297,25.234,25.274,139239,0
HSBC.US,60,20210105,220000,25.274,25.318,25.269,25.308,862727,0
HSBC.US,60,20210106,160000,26.909,27.28,26.841,27.231,731523,0
HSBC.US,60,20210106,170000,27.241,27.622,27.241,27.47,916967,0
HSBC.US,60,20210106,180000,27.475,27.544,27.397,27.446,651902,0
HSBC.US,60,20210106,190000,27.451,27.602,27.436,27.573,279071,0
HSBC.US,60,20210106,200000,27.573,27.641,27.529,27.607,457567,0
HSBC.US,60,20210106,210000,27.607,27.622,27.373,27.465,586850,0
HSBC.US,60,20210106,220000,27.465,27.553,27.402,27.534,2064420,0
HSBC.US,60,20210107,160000,27.368,27.417,27.295,27.329,393644,0
HSBC.US,60,20210107,170000,27.329,27.578,27.304,27.539,456016,0
HSBC.US,60,20210107,180000,27.534,27.612,27.485,27.534,270654,0
HSBC.US,60,20210107,190000,27.534,27.548,27.329,27.417,117504,0
HSBC.US,60,20210107,200000,27.417,27.592,27.417,27.592,217366,0
HSBC.US,60,20210107,210000,27.592,27.592,27.495,27.509,159349,0
HSBC.US,60,20210107,220000,27.514,27.529,27.383,27.397,604120,0
HSBC.US,60,20210108,160000,27.358,27.407,27.261,27.319,220077,0
HSBC.US,60,20210108,170000,27.319,27.353,27.212,27.3,333576,0
HSBC.US,60,20210108,180000,27.309,27.348,27.192,27.212,250852,0
HSBC.US,60,20210108,190000,27.202,27.206,27.124,27.124,104993,0
HSBC.US,60,20210108,200000,27.124,27.192,26.982,27.016,153713,0
HSBC.US,60,20210108,210000,27.026,27.104,27.026,27.085,175635,0
HSBC.US,60,20210108,220000,27.095,27.251,27.095,27.202,541575,0
HSBC.US,60,20210111,160000,26.597,26.934,26.597,26.885,198578,0
HSBC.US,60,20210111,170000,26.88,26.909,26.753,26.87,207489,0
HSBC.US,60,20210111,180000,26.87,26.88,26.763,26.826,159030,0
HSBC.US,60,20210111,190000,26.821,26.831,26.753,26.802,94178,0
HSBC.US,60,20210111,200000,26.807,26.831,26.743,26.756,105886,0
HSBC.US,60,20210111,210000,26.758,26.807,26.729,26.777,164417,0
HSBC.US,60,20210111,220000,26.777,26.88,26.772,26.831,508371,0
HSBC.US,60,20210112,160000,27.329,27.358,27.173,27.28,220249,0
HSBC.US,60,20210112,170000,27.27,27.397,27.221,27.383,199604,0
HSBC.US,60,20210112,180000,27.383,27.407,27.309,27.353,157299,0
HSBC.US,60,20210112,190000,27.348,27.348,27.251,27.275,105304,0
HSBC.US,60,20210112,200000,27.275,27.32,27.253,27.275,108899,0
HSBC.US,60,20210112,210000,27.275,27.329,27.231,27.309,178402,0
HSBC.US,60,20210112,220000,27.309,27.348,27.285,27.339,418996,0
HSBC.US,60,20210113,160000,26.831,26.963,26.821,26.904,223210,0
HSBC.US,60,20210113,170000,26.909,26.987,26.792,26.87,329844,0
HSBC.US,60,20210113,180000,26.866,26.875,26.768,26.821,266894,0
HSBC.US,60,20210113,190000,26.821,26.821,26.699,26.777,184206,0
HSBC.US,60,20210113,200000,26.78,26.826,26.729,26.821,149233,0
HSBC.US,60,20210113,210000,26.826,26.855,26.802,26.836,226703,0
HSBC.US,60,20210113,220000,26.836,26.846,26.763,26.763,661803,0
HSBC.US,60,20210114,160000,26.987,27.139,26.977,27.124,314640,0
HSBC.US,60,20210114,170000,27.129,27.241,27.124,27.173,322229,0
HSBC.US,60,20210114,180000,27.173,27.231,27.153,27.221,243204,0
HSBC.US,60,20210114,190000,27.212,27.285,27.212,27.261,208662,0
HSBC.US,60,20210114,200000,27.269,27.329,27.226,27.231,256718,0
HSBC.US,60,20210114,210000,27.231,27.27,27.192,27.197,198405,0
HSBC.US,60,20210114,220000,27.197,27.202,27.114,27.124,582191,0
HSBC.US,60,20210115,160000,26.841,26.924,26.709,26.763,158680,0
HSBC.US,60,20210115,170000,26.753,26.753,26.48,26.646,396769,0
HSBC.US,60,20210115,180000,26.655,26.792,26.616,26.719,321470,0
HSBC.US,60,20210115,190000,26.711,26.763,26.67,26.752,92688,0
HSBC.US,60,20210115,200000,26.748,26.787,26.665,26.694,95640,0
HSBC.US,60,20210115,210000,26.699,26.763,26.694,26.724,138256,0
HSBC.US,60,20210115,220000,26.733,26.777,26.66,26.694,326944,0
HSBC.US,60,20210119,160000,27.309,27.309,27.065,27.114,287194,0
HSBC.US,60,20210119,170000,27.117,27.28,27.08,27.246,330654,0
HSBC.US,60,20210119,180000,27.241,27.358,27.207,27.348,176278,0
HSBC.US,60,20210119,190000,27.348,27.358,27.295,27.324,90974,0
HSBC.US,60,20210119,200000,27.324,27.329,27.246,27.246,107633,0
HSBC.US,60,20210119,210000,27.241,27.3,27.212,27.221,105966,0
HSBC.US,60,20210119,220000,27.221,27.348,27.221,27.339,474029,0
HSBC.US,60,20210120,160000,27.085,27.143,26.953,27.012,171601,0
HSBC.US,60,20210120,170000,27.012,27.163,26.987,27.075,188824,0
HSBC.US,60,20210120,180000,27.075,27.158,27.036,27.036,141478,0
HSBC.US,60,20210120,190000,27.036,27.134,27.026,27.114,86571,0
HSBC.US,60,20210120,200000,27.115,27.119,27.031,27.031,67120,0
HSBC.US,60,20210120,210000,27.036,27.094,27.026,27.068,88394,0
HSBC.US,60,20210120,220000,27.07,27.173,27.065,27.143,286129,0
HSBC.US,60,20210121,160000,27.924,27.953,27.685,27.69,316639,0
HSBC.US,60,20210121,170000,27.69,27.695,27.563,27.661,339680,0
HSBC.US,60,20210121,180000,27.666,27.729,27.583,27.656,340077,0
HSBC.US,60,20210121,190000,27.661,27.666,27.617,27.646,115522,0
HSBC.US,60,20210121,200000,27.646,27.671,27.622,27.651,129094,0
HSBC.US,60,20210121,210000,27.656,27.729,27.651,27.719,112638,0
HSBC.US,60,20210121,220000,27.719,27.792,27.714,27.768,484766,0
HSBC.US,60,20210122,160000,27.114,27.173,27.056,27.085,143460,0
HSBC.US,60,20210122,170000,27.085,27.119,26.989,27.036,179007,0
HSBC.US,60,20210122,180000,27.036,27.173,27.026,27.124,225134,0
HSBC.US,60,20210122,190000,27.124,27.143,27.065,27.095,80916,0
HSBC.US,60,20210122,200000,27.09,27.178,27.075,27.153,100021,0
HSBC.US,60,20210122,210000,27.153,27.241,27.145,27.173,118041,0
HSBC.US,60,20210122,220000,27.173,27.212,27.143,27.153,347563,0
HSBC.US,60,20210125,160000,26.558,26.69,26.485,26.577,411119,0
HSBC.US,60,20210125,170000,26.568,26.738,26.548,26.551,231420,0
HSBC.US,60,20210125,180000,26.548,26.568,26.431,26.481,274606,0
HSBC.US,60,20210125,190000,26.485,26.528,26.45,26.48,201509,0
HSBC.US,60,20210125,200000,26.485,26.568,26.47,26.548,83154,0
HSBC.US,60,20210125,210000,26.548,26.597,26.548,26.577,97498,0
HSBC.US,60,20210125,220000,26.577,26.665,26.577,26.646,364228,0
HSBC.US,60,20210126,160000,26.841,26.865,26.724,26.768,107933,0
HSBC.US,60,20210126,170000,26.772,26.894,26.743,26.812,194658,0
HSBC.US,60,20210126,180000,26.821,26.836,26.729,26.733,169335,0
HSBC.US,60,20210126,190000,26.738,26.875,26.733,26.86,122906,0
HSBC.US,60,20210126,200000,26.855,26.865,26.758,26.768,297035,0
HSBC.US,60,20210126,210000,26.769,26.846,26.753,26.792,382788,0
HSBC.US,60,20210126,220000,26.792,26.851,26.787,26.841,301999,0
HSBC.US,60,20210127,160000,26.87,26.899,26.626,26.763,212759,0
HSBC.US,60,20210127,170000,26.733,26.821,26.638,26.733,193381,0
HSBC.US,60,20210127,180000,26.733,26.748,26.577,26.587,239491,0
HSBC.US,60,20210127,190000,26.577,26.753,26.558,26.743,96430,0
HSBC.US,60,20210127,200000,26.743,26.802,26.694,26.772,104997,0
HSBC.US,60,20210127,210000,26.772,26.836,26.738,26.763,204996,0
HSBC.US,60,20210127,220000,26.743,26.807,26.587,26.636,491400,0
HSBC.US,60,20210128,160000,26.236,26.411,26.109,26.319,241009,0
HSBC.US,60,20210128,170000,26.314,26.499,26.25,26.343,267913,0
HSBC.US,60,20210128,180000,26.343,26.45,26.328,26.402,225750,0
HSBC.US,60,20210128,190000,26.411,26.537,26.411,26.519,123551,0
HSBC.US,60,20210128,200000,26.519,26.616,26.509,26.597,145835,0
HSBC.US,60,20210128,210000,26.587,26.611,26.572,26.587,194563,0
HSBC.US,60,20210128,220000,26.587,26.597,26.46,26.46,433505,0
HSBC.US,60,20210129,160000,25.836,25.879,25.67,25.816,229518,0
HSBC.US,60,20210129,170000,25.811,25.855,25.738,25.816,279140,0
HSBC.US,60,20210129,180000,25.806,25.806,25.533,25.655,339577,0
HSBC.US,60,20210129,190000,25.65,25.665,25.445,25.479,213366,0
HSBC.US,60,20210129,200000,25.474,25.543,25.438,25.479,183690,0
HSBC.US,60,20210129,210000,25.474,25.611,25.474,25.509,186363,0
HSBC.US,60,20210129,220000,25.513,25.621,25.494,25.518,538227,0
HSBC.US,60,20210201,160000,25.787,25.806,25.616,25.65,113631,0
HSBC.US,60,20210201,170000,25.65,25.694,25.562,25.582,163590,0
HSBC.US,60,20210201,180000,25.577,25.631,25.513,25.548,120766,0
HSBC.US,60,20210201,190000,25.548,25.635,25.538,25.634,90812,0
HSBC.US,60,20210201,200000,25.635,25.655,25.572,25.591,111428,0
HSBC.US,60,20210201,210000,25.591,25.694,25.577,25.679,81207,0
HSBC.US,60,20210201,220000,25.686,25.713,25.665,25.67,233829,0
HSBC.US,60,20210202,160000,25.826,25.928,25.777,25.845,215209,0
HSBC.US,60,20210202,170000,25.845,26.016,25.845,26.006,216029,0
HSBC.US,60,20210202,180000,26.011,26.089,25.972,25.982,138259,0
HSBC.US,60,20210202,190000,25.992,26.011,25.938,25.977,84019,0
HSBC.US,60,20210202,200000,25.977,25.997,25.943,25.958,68136,0
HSBC.US,60,20210202,210000,25.958,26.021,25.953,26.016,79126,0
HSBC.US,60,20210202,220000,26.016,26.021,25.943,25.953,595652,0
HSBC.US,60,20210203,160000,25.699,25.826,25.67,25.826,190697,0
HSBC.US,60,20210203,170000,25.816,25.897,25.738,25.875,258610,0
HSBC.US,60,20210203,180000,25.875,25.928,25.816,25.928,219461,0
HSBC.US,60,20210203,190000,25.923,25.928,25.836,25.86,146826,0
HSBC.US,60,20210203,200000,25.865,25.889,25.831,25.87,153659,0
HSBC.US,60,20210203,210000,25.875,25.918,25.87,25.899,188310,0
HSBC.US,60,20210203,220000,25.894,25.899,25.845,25.855,389657,0
HSBC.US,60,20210204,160000,26.158,26.358,26.158,26.353,255229,0
HSBC.US,60,20210204,170000,26.353,26.405,26.275,26.304,552431,0
HSBC.US,60,20210204,180000,26.294,26.372,26.284,26.323,322271,0
HSBC.US,60,20210204,190000,26.324,26.402,26.318,26.318,79762,0
HSBC.US,60,20210204,200000,26.324,26.363,26.314,26.343,94924,0
HSBC.US,60,20210204,210000,26.338,26.363,26.294,26.294,200582,0
HSBC.US,60,20210204,220000,26.294,26.333,26.284,26.314,507179,0
HSBC.US,60,20210205,160000,26.441,26.499,26.202,26.226,157320,0
HSBC.US,60,20210205,170000,26.221,26.294,26.016,26.245,330862,0
HSBC.US,60,20210205,180000,26.255,26.275,26.187,26.206,239663,0
HSBC.US,60,20210205,190000,26.206,26.216,26.109,26.128,153639,0
HSBC.US,60,20210205,200000,26.128,26.128,26.07,26.08,116281,0
HSBC.US,60,20210205,210000,26.08,26.138,26.07,26.07,148271,0
HSBC.US,60,20210205,220000,26.074,26.128,26.06,26.099,305113,0
HSBC.US,60,20210208,160000,26.265,26.382,26.265,26.265,464188,0
HSBC.US,60,20210208,170000,26.27,26.367,26.226,26.275,341397,0
HSBC.US,60,20210208,180000,26.284,26.299,26.099,26.109,280701,0
HSBC.US,60,20210208,190000,26.119,26.216,26.07,26.084,151623,0
HSBC.US,60,20210208,200000,26.084,26.128,26.05,26.119,152920,0
HSBC.US,60,20210208,210000,26.119,26.167,26.089,26.13,115668,0
HSBC.US,60,20210208,220000,26.134,26.197,26.08,26.187,456352,0
HSBC.US,60,20210209,160000,26.46,26.533,26.431,26.524,338168,0
HSBC.US,60,20210209,170000,26.524,26.636,26.489,26.621,237121,0
HSBC.US,60,20210209,180000,26.616,26.646,26.521,26.646,231339,0
HSBC.US,60,20210209,190000,26.641,26.685,26.602,26.626,195416,0
HSBC.US,60,20210209,200000,26.626,26.685,26.602,26.675,186703,0
HSBC.US,60,20210209,210000,26.667,26.733,26.66,26.719,191119,0
HSBC.US,60,20210209,220000,26.719,26.724,26.636,26.646,751163,0
HSBC.US,60,20210210,160000,27.095,27.124,27.007,27.036,218006,0
HSBC.US,60,20210210,170000,27.036,27.104,26.792,26.982,360912,0
HSBC.US,60,20210210,180000,26.997,27.034,26.802,26.909,244746,0
HSBC.US,60,20210210,190000,26.914,26.977,26.865,26.973,136403,0
HSBC.US,60,20210210,200000,26.968,27.075,26.958,26.987,202652,0
HSBC.US,60,20210210,210000,26.987,27.007,26.914,26.997,106524,0
HSBC.US,60,20210210,220000,27.002,27.026,26.88,26.88,210241,0
HSBC.US,60,20210211,160000,26.733,26.753,26.66,26.665,95500,0
HSBC.US,60,20210211,170000,26.646,26.753,26.592,26.694,143981,0
HSBC.US,60,20210211,180000,26.685,26.772,26.655,26.729,183239,0
HSBC.US,60,20210211,190000,26.733,26.748,26.56,26.621,127579,0
HSBC.US,60,20210211,200000,26.621,26.655,26.602,26.626,61858,0
HSBC.US,60,20210211,210000,26.621,26.69,26.597,26.68,66680,0
HSBC.US,60,20210211,220000,26.685,26.733,26.646,26.675,262187,0
HSBC.US,60,20210212,160000,26.938,27.158,26.919,27.114,190681,0
HSBC.US,60,20210212,170000,27.114,27.163,27.046,27.06,200006,0
HSBC.US,60,20210212,180000,27.046,27.163,27.036,27.139,244216,0
HSBC.US,60,20210212,190000,27.153,27.163,27.095,27.114,49031,0
HSBC.US,60,20210212,200000,27.106,27.134,27.085,27.095,68385,0
HSBC.US,60,20210212,210000,27.09,27.153,27.08,27.143,101139,0
HSBC.US,60,20210212,220000,27.143,27.192,27.124,27.134,351788,0
HSBC.US,60,20210216,160000,28.598,28.715,28.5,28.69,541736,0
HSBC.US,60,20210216,170000,28.69,29.066,28.661,29.056,534908,0
HSBC.US,60,20210216,180000,29.047,29.1,28.949,28.988,378288,0
HSBC.US,60,20210216,190000,28.988,29.017,28.915,28.969,153513,0
HSBC.US,60,20210216,200000,28.969,29.047,28.959,28.969,148918,0
HSBC.US,60,20210216,210000,28.969,29.037,28.969,29.017,158757,0
HSBC.US,60,20210216,220000,29.017,29.066,28.998,29.056,498387,0
HSBC.US,60,20210217,160000,28.978,29.144,28.89,29.105,209162,0
HSBC.US,60,20210217,170000,29.095,29.217,29.066,29.183,300483,0
HSBC.US,60,20210217,180000,29.174,29.217,29.037,29.076,283340,0
HSBC.US,60,20210217,190000,29.076,29.084,28.978,29.061,156694,0
HSBC.US,60,20210217,200000,29.061,29.105,29.027,29.047,112098,0
HSBC.US,60,20210217,210000,29.047,29.164,29.042,29.159,94532,0
HSBC.US,60,20210217,220000,29.156,29.227,29.149,29.193,529152,0
HSBC.US,60,20210218,160000,28.588,28.607,28.442,28.588,288482,0
HSBC.US,60,20210218,170000,28.568,28.627,28.334,28.349,496252,0
HSBC.US,60,20210218,180000,28.346,28.568,28.344,28.471,247067,0
HSBC.US,60,20210218,190000,28.471,28.471,28.412,28.432,162849,0
HSBC.US,60,20210218,200000,28.432,28.549,28.422,28.529,108442,0
HSBC.US,60,20210218,210000,28.529,28.632,28.529,28.627,105559,0
HSBC.US,60,20210218,220000,28.617,28.715,28.598,28.695,592902,0
HSBC.US,60,20210219,160000,29.008,29.193,28.988,29.164,245448,0
HSBC.US,60,20210219,170000,29.159,29.164,29.076,29.115,210750,0
HSBC.US,60,20210219,180000,29.114,29.144,28.934,28.934,203819,0
HSBC.US,60,20210219,190000,28.939,28.939,28.812,28.847,102671,0
HSBC.US,60,20210219,200000,28.847,28.881,28.783,28.881,113291,0
HSBC.US,60,20210219,210000,28.871,28.876,28.812,28.871,102868,0
HSBC.US,60,20210219,220000,28.871,28.944,28.827,28.851,385436,0
HSBC.US,60,20210222,160000,29.183,29.31,29.047,29.261,342817,0
HSBC.US,60,20210222,170000,29.261,29.544,29.242,29.496,387057,0
HSBC.US,60,20210222,180000,29.486,29.613,29.418,29.535,361685,0
HSBC.US,60,20210222,190000,29.535,29.559,29.471,29.491,167877,0
HSBC.US,60,20210222,200000,29.491,29.544,29.461,29.496,182641,0
HSBC.US,60,20210222,210000,29.497,29.564,29.486,29.505,164821,0
HSBC.US,60,20210222,220000,29.505,29.51,29.252,29.261,853019,0
HSBC.US,60,20210223,160000,29.261,29.339,29.012,29.115,222226,0
HSBC.US,60,20210223,170000,29.123,29.415,29.086,29.291,470328,0
HSBC.US,60,20210223,180000,29.291,29.51,29.286,29.33,276394,0
HSBC.US,60,20210223,190000,29.31,29.32,29.139,29.154,202048,0
HSBC.US,60,20210223,200000,29.164,29.232,29.134,29.174,155138,0
HSBC.US,60,20210223,210000,29.164,29.242,29.105,29.237,245303,0
HSBC.US,60,20210223,220000,29.237,29.281,29.134,29.134,717515,0
HSBC.US,60,20210224,160000,29.242,29.349,29.178,29.242,396352,0
HSBC.US,60,20210224,170000,29.232,29.442,29.183,29.305,464088,0
HSBC.US,60,20210224,180000,29.31,29.574,29.296,29.564,469576,0
HSBC.US,60,20210224,190000,29.574,29.696,29.574,29.603,195972,0
HSBC.US,60,20210224,200000,29.613,29.666,29.583,29.642,138073,0
HSBC.US,60,20210224,210000,29.652,29.657,29.574,29.632,140334,0
HSBC.US,60,20210224,220000,29.642,29.666,29.608,29.632,463020,0
HSBC.US,60,20210225,160000,30.403,30.452,30.355,30.428,382231,0
HSBC.US,60,20210225,170000,30.423,30.462,30.003,30.052,871809,0
HSBC.US,60,20210225,180000,30.052,30.125,29.622,29.701,481061,0
HSBC.US,60,20210225,190000,29.691,29.749,29.496,29.535,386219,0
HSBC.US,60,20210225,200000,29.535,29.603,29.398,29.535,203927,0
HSBC.US,60,20210225,210000,29.535,29.681,29.506,29.608,252276,0
HSBC.US,60,20210225,220000,29.603,29.613,29.339,29.457,760195,0
HSBC.US,60,20210226,160000,29.369,29.369,29.027,29.076,591648,0
HSBC.US,60,20210226,170000,29.037,29.056,28.847,28.949,601959,0
HSBC.US,60,20210226,180000,28.949,29.095,28.822,28.991,336401,0
HSBC.US,60,20210226,190000,28.998,29.183,28.998,29.056,139473,0
HSBC.US,60,20210226,200000,29.056,29.125,28.988,29.047,105917,0
HSBC.US,60,20210226,210000,29.047,29.156,29.042,29.134,261177,0
HSBC.US,60,20210226,220000,29.144,29.203,28.998,28.998,484389,0
HSBC.US,60,20210301,160000,28.598,28.754,28.471,28.481,336755,0
HSBC.US,60,20210301,170000,28.481,28.686,28.481,28.686,281162,0
HSBC.US,60,20210301,180000,28.686,28.7,28.549,28.588,268187,0
HSBC.US,60,20210301,190000,28.588,28.715,28.588,28.658,180298,0
HSBC.US,60,20210301,200000,28.661,28.686,28.617,28.617,131535,0
HSBC.US,60,20210301,210000,28.615,28.793,28.607,28.783,190123,0
HSBC.US,60,20210301,220000,28.783,28.788,28.666,28.666,648668,0
HSBC.US,60,20210302,160000,28.969,29.076,28.939,29.052,271819,0
HSBC.US,60,20210302,170000,29.042,29.125,28.851,28.978,254035,0
HSBC.US,60,20210302,180000,28.969,29.003,28.803,28.851,290637,0
HSBC.US,60,20210302,190000,28.851,29.003,28.842,29.003,98412,0
HSBC.US,60,20210302,200000,28.998,29.1,28.998,29.1,184480,0
HSBC.US,60,20210302,210000,29.1,29.105,28.988,29.037,123948,0
HSBC.US,60,20210302,220000,29.042,29.071,28.91,28.91,510998,0
HSBC.US,60,20210303,160000,29.291,29.418,29.256,29.32,170133,0
HSBC.US,60,20210303,170000,29.32,29.564,29.252,29.544,464338,0
HSBC.US,60,20210303,180000,29.525,29.579,29.466,29.544,173879,0
HSBC.US,60,20210303,190000,29.549,29.564,29.452,29.544,123434,0
HSBC.US,60,20210303,200000,29.544,29.544,29.432,29.447,158498,0
HSBC.US,60,20210303,210000,29.457,29.457,29.271,29.435,182506,0
HSBC.US,60,20210303,220000,29.432,29.432,29.3,29.31,492233,0
HSBC.US,60,20210304,160000,29.232,29.281,29.105,29.174,216293,0
HSBC.US,60,20210304,170000,29.169,29.169,28.988,29.037,393071,0
HSBC.US,60,20210304,180000,29.047,29.178,29.042,29.125,223429,0
HSBC.US,60,20210304,190000,29.125,29.242,28.978,28.988,261215,0
HSBC.US,60,20210304,200000,28.988,29.066,28.69,28.69,274182,0
HSBC.US,60,20210304,210000,28.705,29.056,28.705,29.027,293789,0
HSBC.US,60,20210304,220000,29.027,29.032,28.895,28.978,673471,0
HSBC.US,60,20210305,160000,30.003,30.023,29.779,29.857,292309,0
HSBC.US,60,20210305,170000,29.866,29.954,29.622,29.632,401926,0
HSBC.US,60,20210305,180000,29.632,29.666,29.364,29.603,331156,0
HSBC.US,60,20210305,190000,29.613,29.705,29.583,29.603,176154,0
HSBC.US,60,20210305,200000,29.603,29.764,29.588,29.715,168049,0
HSBC.US,60,20210305,210000,29.73,29.803,29.662,29.788,134641,0
HSBC.US,60,20210305,220000,29.788,29.954,29.769,29.906,465633,0
HSBC.US,60,20210308,160000,30.589,30.638,30.359,30.52,328108,0
HSBC.US,60,20210308,170000,30.53,30.725,30.481,30.677,295537,0
HSBC.US,60,20210308,180000,30.677,30.721,30.589,30.638,359124,0
HSBC.US,60,20210308,190000,30.647,30.813,30.642,30.769,173119,0
HSBC.US,60,20210308,200000,30.774,30.833,30.652,30.662,191592,0
HSBC.US,60,20210308,210000,30.667,30.725,30.589,30.638,160681,0
HSBC.US,60,20210308,220000,30.638,30.735,30.574,30.667,777366,0
HSBC.US,60,20210309,160000,30.325,30.335,30.115,30.198,325779,0
HSBC.US,60,20210309,170000,30.189,30.37,30.12,30.355,394663,0
HSBC.US,60,20210309,180000,30.35,30.403,30.281,30.398,222585,0
HSBC.US,60,20210309,190000,30.398,30.401,30.272,30.301,101758,0
HSBC.US,60,20210309,200000,30.306,30.335,30.228,30.301,102082,0
HSBC.US,60,20210309,210000,30.306,30.374,30.301,30.311,111866,0
HSBC.US,60,20210309,220000,30.311,30.35,30.169,30.169,541561,0
HSBC.US,60,20210310,160000,30.325,30.379,30.228,30.276,253851,0
HSBC.US,60,20210310,170000,30.276,30.306,30.13,30.257,249099,0
HSBC.US,60,20210310,180000,30.257,30.301,30.189,30.286,199158,0
HSBC.US,60,20210310,190000,30.276,30.296,30.223,30.251,87792,0
HSBC.US,60,20210310,200000,30.257,30.369,30.228,30.345,136592,0
HSBC.US,60,20210310,210000,30.345,30.384,30.325,30.355,119788,0
HSBC.US,60,20210310,220000,30.359,30.398,30.325,30.335,736044,0
HSBC.US,60,20210311,160000,29.69,29.7,29.48,29.679,274455,0
HSBC.US,60,20210311,170000,29.68,29.835,29.595,29.74,272789,0
HSBC.US,60,20210311,180000,29.725,29.785,29.63,29.77,422191,0
HSBC.US,60,20210311,190000,29.765,29.77,29.62,29.635,96408,0
HSBC.US,60,20210311,200000,29.64,29.655,29.555,29.595,111868,0
HSBC.US,60,20210311,210000,29.59,29.615,29.555,29.575,100296,0
HSBC.US,60,20210311,220000,29.575,29.635,29.565,29.58,646622,0
HSBC.US,60,20210312,160000,29.57,29.82,29.57,29.77,263568,0
HSBC.US,60,20210312,170000,29.78,29.8,29.57,29.73,399861,0
HSBC.US,60,20210312,180000,29.72,29.765,29.6699,29.735,195724,0
HSBC.US,60,20210312,190000,29.74,29.74,29.605,29.615,133376,0
HSBC.US,60,20210312,200000,29.61,29.665,29.555,29.59,118560,0
HSBC.US,60,20210312,210000,29.6,29.655,29.58,29.65,99490,0
HSBC.US,60,20210312,220000,29.66,29.76,29.63,29.74,361270,0
HSBC.US,60,20210315,150000,29.54,29.55,29.36,29.4455,310779,0
HSBC.US,60,20210315,160000,29.4419,29.52,29.35,29.4,343757,0
HSBC.US,60,20210315,170000,29.39,29.44,29.2082,29.3,170893,0
HSBC.US,60,20210315,180000,29.3,29.455,29.3,29.45,193152,0
HSBC.US,60,20210315,190000,29.455,29.455,29.38,29.415,96781,0
HSBC.US,60,20210315,200000,29.42,29.49,29.415,29.47,86969,0
HSBC.US,60,20210315,210000,29.47,29.59,29.415,29.58,358069,0
HSBC.US,60,20210316,150000,29.64,29.64,29.39,29.39,231114,0
HSBC.US,60,20210316,160000,29.39,29.42,29.135,29.175,273757,0
HSBC.US,60,20210316,170000,29.175,29.31,29.1,29.31,208617,0
HSBC.US,60,20210316,180000,29.3,29.38,29.24,29.375,168977,0
HSBC.US,60,20210316,190000,29.375,29.435,29.365,29.38,86690,0
HSBC.US,60,20210316,200000,29.37,29.42,29.34,29.385,236829,0
HSBC.US,60,20210316,210000,29.38,29.43,29.36,29.39,345694,0
HSBC.US,60,20210317,150000,29.84,30.01,29.82,29.89,173817,0
HSBC.US,60,20210317,160000,29.89,29.93,29.61,29.67,445859,0
HSBC.US,60,20210317,170000,29.68,29.9,29.66,29.86,158408,0
HSBC.US,60,20210317,180000,29.86,29.91,29.79,29.86,244250,0
HSBC.US,60,20210317,190000,29.865,29.905,29.86,29.8725,88476,0
HSBC.US,60,20210317,200000,29.88,30.025,29.88,29.88,233821,0
HSBC.US,60,20210317,210000,29.88,29.9,29.815,29.84,916476,0
HSBC.US,60,20210318,150000,30.19,30.41,30.18,30.41,249791,0
HSBC.US,60,20210318,160000,30.41,30.66,30.37,30.585,428449,0
HSBC.US,60,20210318,170000,30.59,30.92,30.55,30.855,1500236,0
HSBC.US,60,20210318,180000,30.855,30.86,30.58,30.59,353451,0
HSBC.US,60,20210318,190000,30.585,30.685,30.57,30.68,110189,0
HSBC.US,60,20210318,200000,30.68,30.68,30.46,30.545,165457,0
HSBC.US,60,20210318,210000,30.545,30.55,30.315,30.4,687927,0
HSBC.US,60,20210319,150000,29.59,29.61,29.32,29.46,444980,0
HSBC.US,60,20210319,160000,29.45,29.77,29.305,29.76,1020350,0
HSBC.US,60,20210319,170000,29.76,29.9,29.66,29.89,302744,0
HSBC.US,60,20210319,180000,29.89,29.94,29.795,29.91,253493,0
HSBC.US,60,20210319,190000,29.91,29.96,29.88,29.95,84965,0
HSBC.US,60,20210319,200000,29.96,29.99,29.91,29.99,110955,0
HSBC.US,60,20210319,210000,30,30,29.9,29.93,506368,0
HSBC.US,60,20210322,150000,29.5,29.5068,29.315,29.38,308661,0
HSBC.US,60,20210322,160000,29.39,29.42,29.26,29.29,256228,0
HSBC.US,60,20210322,170000,29.29,29.47,29.27,29.44,196558,0
HSBC.US,60,20210322,180000,29.44,29.44,29.33,29.42,129128,0
HSBC.US,60,20210322,190000,29.415,29.46,29.41,29.45,114801,0
HSBC.US,60,20210322,200000,29.45,29.46,29.415,29.445,101109,0
HSBC.US,60,20210322,210000,29.45,29.4599,29.34,29.34,343671,0
HSBC.US,60,20210323,150000,29.1,29.27,29.02,29.26,152860,0
HSBC.US,60,20210323,160000,29.27,29.27,29.033,29.15,306554,0
HSBC.US,60,20210323,170000,29.15,29.245,29.04,29.245,166417,0
HSBC.US,60,20210323,180000,29.25,29.3198,29.18,29.3,163034,0
HSBC.US,60,20210323,190000,29.2999,29.315,29.22,29.245,75052,0
HSBC.US,60,20210323,200000,29.24,29.245,29.12,29.14,126756,0
HSBC.US,60,20210323,210000,29.135,29.165,29.0046,29.02,417007,0
HSBC.US,60,20210324,150000,28.77,29.0527,28.76,28.87,419287,0
HSBC.US,60,20210324,160000,28.8601,29.015,28.8601,28.94,413829,0
HSBC.US,60,20210324,170000,28.94,29.04,28.895,28.975,223559,0
HSBC.US,60,20210324,180000,28.98,29.1133,28.975,29.06,222290,0
HSBC.US,60,20210324,190000,29.06,29.065,28.95,29.02,295202,0
HSBC.US,60,20210324,200000,29.01,29.04,28.87,28.885,160070,0
HSBC.US,60,20210324,210000,28.88,28.9,28.75,28.75,511367,0
HSBC.US,60,20210325,150000,28.57,28.71,28.57,28.64,256088,0
HSBC.US,60,20210325,160000,28.64,28.75,28.59,28.66,339059,0
HSBC.US,60,20210325,170000,28.65,28.89,28.56,28.87,200191,0
HSBC.US,60,20210325,180000,28.86,28.9764,28.82,28.925,166247,0
HSBC.US,60,20210325,190000,28.925,28.98,28.9,28.93,95995,0
HSBC.US,60,20210325,200000,28.925,28.995,28.89,28.95,140686,0
HSBC.US,60,20210325,210000,28.95,29.105,28.915,29.03,780557,0
HSBC.US,60,20210326,150000,29.09,29.25,29.09,29.18,292327,0
HSBC.US,60,20210326,160000,29.185,29.23,29.06,29.14,186472,0
HSBC.US,60,20210326,170000,29.14,29.165,29.06,29.06,127781,0
HSBC.US,60,20210326,180000,29.06,29.145,29.05,29.115,252271,0
HSBC.US,60,20210326,190000,29.11,29.11,29.025,29.075,126382,0
HSBC.US,60,20210326,200000,29.08,29.085,28.93,29.045,162401,0
HSBC.US,60,20210326,210000,29.04,29.17,29.01,29.16,420613,0
HSBC.US,60,20210329,160000,28.94,29.09,28.9,29.07,158636,0
HSBC.US,60,20210329,170000,29.07,29.075,28.87,28.89,231929,0
HSBC.US,60,20210329,180000,28.89,28.935,28.76,28.915,216671,0
HSBC.US,60,20210329,190000,28.9,29.02,28.855,29,135575,0
HSBC.US,60,20210329,200000,29.01,29.065,28.98,28.99,128035,0
HSBC.US,60,20210329,210000,28.99,29.066,28.99,29.03,105035,0
HSBC.US,60,20210329,220000,29.03,29.115,28.98,28.98,266841,0
HSBC.US,60,20210330,160000,29.25,29.39,29.195,29.39,163547,0
HSBC.US,60,20210330,170000,29.39,29.49,29.3146,29.38,275699,0
HSBC.US,60,20210330,180000,29.38,29.575,29.38,29.51,332480,0
HSBC.US,60,20210330,190000,29.515,29.54,29.455,29.46,83269,0
HSBC.US,60,20210330,200000,29.4635,29.51,29.41,29.45,172960,0
HSBC.US,60,20210330,210000,29.445,29.49,29.42,29.485,186713,0
HSBC.US,60,20210330,220000,29.485,29.505,29.38,29.44,422759,0
HSBC.US,60,20210331,160000,29.38,29.43,29.32,29.39,226639,0
HSBC.US,60,20210331,170000,29.4,29.4431,29.11,29.16,425770,0
HSBC.US,60,20210331,180000,29.16,29.27,29.08,29.1116,326201,0
HSBC.US,60,20210331,190000,29.11,29.195,29.09,29.195,108496,0
HSBC.US,60,20210331,200000,29.19,29.2,29.15,29.17,82918,0
HSBC.US,60,20210331,210000,29.17,29.25,29.15,29.16,196888,0
HSBC.US,60,20210331,220000,29.155,29.21,29.14,29.14,616971,0
HSBC.US,60,20210401,160000,29.21,29.22,29.055,29.085,183638,0
HSBC.US,60,20210401,170000,29.09,29.225,29.09,29.19,408464,0
HSBC.US,60,20210401,180000,29.2,29.255,29.13,29.1642,698962,0
HSBC.US,60,20210401,190000,29.16,29.21,29.155,29.185,149117,0
HSBC.US,60,20210401,200000,29.19,29.22,29.105,29.175,303456,0
HSBC.US,60,20210401,210000,29.18,29.275,29.165,29.275,187187,0
HSBC.US,60,20210401,220000,29.27,29.3,29.195,29.26,288760,0
HSBC.US,60,20210405,160000,29.52,29.64,29.45,29.48,100509,0
HSBC.US,60,20210405,170000,29.49,29.555,29.455,29.51,111839,0
HSBC.US,60,20210405,180000,29.5,29.51,29.435,29.49,96242,0
HSBC.US,60,20210405,190000,29.49,29.49,29.43,29.44,64288,0
HSBC.US,60,20210405,200000,29.44,29.4576,29.3816,29.4245,42797,0
HSBC.US,60,20210405,210000,29.42,29.46,29.415,29.42,62259,0
HSBC.US,60,20210405,220000,29.42,29.48,29.405,29.47,194572,0
HSBC.US,60,20210406,160000,29.5,29.69,29.5,29.68,196913,0
HSBC.US,60,20210406,170000,29.685,29.7,29.53,29.55,174056,0
HSBC.US,60,20210406,180000,29.53,29.5373,29.34,29.431,297158,0
HSBC.US,60,20210406,190000,29.43,29.46,29.37,29.39,121156,0
HSBC.US,60,20210406,200000,29.385,29.415,29.35,29.41,130153,0
HSBC.US,60,20210406,210000,29.405,29.41,29.33,29.38,148474,0
HSBC.US,60,20210406,220000,29.375,29.39,29.315,29.35,445795,0
HSBC.US,60,20210407,160000,29.73,29.84,29.62,29.63,181107,0
HSBC.US,60,20210407,170000,29.62,29.87,29.58,29.82,371174,0
HSBC.US,60,20210407,180000,29.82,29.82,29.695,29.73,272496,0
HSBC.US,60,20210407,190000,29.73,29.775,29.7,29.775,101424,0
HSBC.US,60,20210407,200000,29.775,29.85,29.77,29.85,124132,0
HSBC.US,60,20210407,210000,29.85,29.865,29.73,29.73,186480,0
HSBC.US,60,20210407,220000,29.735,29.7975,29.675,29.74,515371,0
HSBC.US,60,20210408,160000,30.1,30.1,29.83,29.95,684603,0
HSBC.US,60,20210408,170000,29.95,30.11,29.87,30,638802,0
HSBC.US,60,20210408,180000,30,30.23,29.97,30.12,438422,0
HSBC.US,60,20210408,190000,30.12,30.19,30.1,30.15,109253,0
HSBC.US,60,20210408,200000,30.16,30.275,30.16,30.245,181233,0
HSBC.US,60,20210408,210000,30.245,30.31,30.23,30.285,127301,0
HSBC.US,60,20210408,220000,30.285,30.3,30.21,30.29,713118,0
HSBC.US,60,20210409,160000,30.12,30.2,30.115,30.125,225874,0
HSBC.US,60,20210409,170000,30.1374,30.1374,30.005,30.015,124718,0
HSBC.US,60,20210409,180000,30.015,30.04,29.885,29.885,164272,0
HSBC.US,60,20210409,190000,29.88,29.905,29.85,29.88,73389,0
HSBC.US,60,20210409,200000,29.875,29.905,29.835,29.86,111649,0
HSBC.US,60,20210409,210000,29.86,29.875,29.83,29.8615,71736,0
HSBC.US,60,20210409,220000,29.865,29.955,29.8601,29.9,327935,0
HSBC.US,60,20210412,160000,29.8,29.92,29.8,29.815,165865,0
HSBC.US,60,20210412,170000,29.82,29.855,29.66,29.68,147888,0
HSBC.US,60,20210412,180000,29.68,29.715,29.62,29.71,88246,0
HSBC.US,60,20210412,190000,29.71,29.74,29.68,29.71,74424,0
HSBC.US,60,20210412,200000,29.7011,29.72,29.67,29.695,74487,0
HSBC.US,60,20210412,210000,29.7,29.7383,29.67,29.7,87694,0
HSBC.US,60,20210412,220000,29.7,29.75,29.675,29.74,316380,0
HSBC.US,60,20210413,160000,29.25,29.25,29.1,29.17,238996,0
HSBC.US,60,20210413,170000,29.17,29.25,29.155,29.2,231609,0
HSBC.US,60,20210413,180000,29.2,29.33,29.2,29.325,239040,0
HSBC.US,60,20210413,190000,29.325,29.325,29.22,29.25,85767,0
HSBC.US,60,20210413,200000,29.2523,29.28,29.225,29.27,64225,0
HSBC.US,60,20210413,210000,29.265,29.31,29.2627,29.2955,117650,0
HSBC.US,60,20210413,220000,29.295,29.345,29.25,29.25,457047,0
HSBC.US,60,20210414,160000,29.19,29.39,29.19,29.385,214060,0
HSBC.US,60,20210414,170000,29.39,29.61,29.39,29.555,181649,0
HSBC.US,60,20210414,180000,29.54,29.59,29.49,29.59,113674,0
HSBC.US,60,20210414,190000,29.6,29.6,29.5,29.5,112995,0
HSBC.US,60,20210414,200000,29.5,29.555,29.47,29.48,122727,0
HSBC.US,60,20210414,210000,29.48,29.495,29.405,29.405,200088,0
HSBC.US,60,20210414,220000,29.405,29.48,29.385,29.48,883338,0
HSBC.US,60,20210415,160000,29.32,29.35,29.15,29.2091,227041,0
HSBC.US,60,20210415,170000,29.21,29.21,29.07,29.11,253563,0
HSBC.US,60,20210415,180000,29.11,29.19,28.99,29.19,222011,0
HSBC.US,60,20210415,190000,29.19,29.2759,29.16,29.26,112696,0
HSBC.US,60,20210415,200000,29.2652,29.28,29.19,29.27,120550,0
HSBC.US,60,20210415,210000,29.27,29.295,29.215,29.245,91229,0
HSBC.US,60,20210415,220000,29.25,29.295,29.23,29.27,323849,0
HSBC.US,60,20210416,160000,29.46,29.565,29.4,29.46,163827,0
HSBC.US,60,20210416,170000,29.455,29.54,29.44,29.49,225630,0
HSBC.US,60,20210416,180000,29.49,29.5317,29.485,29.4967,146783,0
HSBC.US,60,20210416,190000,29.5,29.545,29.5,29.54,62832,0
HSBC.US,60,20210416,200000,29.54,29.61,29.535,29.595,139203,0
HSBC.US,60,20210416,210000,29.595,29.595,29.53,29.555,144540,0
HSBC.US,60,20210416,220000,29.555,29.64,29.52,29.59,547138,0
HSBC.US,60,20210419,160000,29.89,29.9806,29.85,29.94,200915,0
HSBC.US,60,20210419,170000,29.94,30.01,29.835,29.85,200928,0
HSBC.US,60,20210419,180000,29.85,29.94,29.81,29.84,138837,0
HSBC.US,60,20210419,190000,29.84,29.865,29.79,29.8,71504,0
HSBC.US,60,20210419,200000,29.8,29.845,29.795,29.8,64268,0
HSBC.US,60,20210419,210000,29.805,29.8364,29.78,29.825,144187,0
HSBC.US,60,20210419,220000,29.825,29.83,29.745,29.77,323289,0
HSBC.US,60,20210420,160000,29.34,29.37,29.17,29.23,281965,0
HSBC.US,60,20210420,170000,29.22,29.28,29.05,29.105,376457,0
HSBC.US,60,20210420,180000,29.105,29.175,29.04,29.16,218498,0
HSBC.US,60,20210420,190000,29.155,29.165,29.08,29.09,148935,0
HSBC.US,60,20210420,200000,29.085,29.125,29,29.055,138034,0
HSBC.US,60,20210420,210000,29.055,29.09,29,29.02,236600,0
HSBC.US,60,20210420,220000,29.02,29.125,29.02,29.06,401645,0
HSBC.US,60,20210421,160000,28.79,28.99,28.735,28.955,212025,0
HSBC.US,60,20210421,170000,28.965,29.07,28.95,29.04,183791,0
HSBC.US,60,20210421,180000,29.03,29.105,28.97,29.02,137246,0
HSBC.US,60,20210421,190000,29.02,29.11,29.02,29.105,94063,0
HSBC.US,60,20210421,200000,29.11,29.175,29.09,29.175,69821,0
HSBC.US,60,20210421,210000,29.18,29.185,29.115,29.125,144984,0
HSBC.US,60,20210421,220000,29.125,29.225,29.125,29.19,206303,0
HSBC.US,60,20210422,160000,28.7,28.745,28.56,28.65,230601,0
HSBC.US,60,20210422,170000,28.645,28.705,28.58,28.67,249937,0
HSBC.US,60,20210422,180000,28.68,28.85,28.68,28.815,275066,0
HSBC.US,60,20210422,190000,28.82,28.915,28.8,28.895,98372,0
HSBC.US,60,20210422,200000,28.895,28.9,28.625,28.655,163490,0
HSBC.US,60,20210422,210000,28.65,28.715,28.6101,28.715,211775,0
HSBC.US,60,20210422,220000,28.71,28.72,28.6,28.62,571976,0
HSBC.US,60,20210423,160000,28.65,28.78,28.5775,28.78,135800,0
HSBC.US,60,20210423,170000,28.78,28.97,28.76,28.95,156484,0
HSBC.US,60,20210423,180000,28.955,28.98,28.89,28.94,171552,0
HSBC.US,60,20210423,190000,28.94,29.025,28.94,28.99,87950,0
HSBC.US,60,20210423,200000,28.995,29.055,28.975,29.03,48706,0
HSBC.US,60,20210423,210000,29.035,29.09,29.015,29.09,52756,0
HSBC.US,60,20210423,220000,29.09,29.145,29.01,29.03,249396,0
HSBC.US,60,20210426,160000,29.28,29.445,29.27,29.38,668383,0
HSBC.US,60,20210426,170000,29.38,29.425,29.31,29.36,549548,0
HSBC.US,60,20210426,180000,29.36,29.385,29.29,29.375,608924,0
HSBC.US,60,20210426,190000,29.38,29.4,29.345,29.35,366476,0
HSBC.US,60,20210426,200000,29.36,29.45,29.352,29.45,168422,0
HSBC.US,60,20210426,210000,29.46,29.47,29.39,29.453,318956,0
HSBC.US,60,20210426,220000,29.45,29.4782,29.33,29.33,1438464,0
HSBC.US,60,20210427,160000,30.33,30.66,30.29,30.555,1501864,0
HSBC.US,60,20210427,170000,30.555,30.61,30.465,30.51,952470,0
HSBC.US,60,20210427,180000,30.5,30.685,30.4999,30.645,555964,0
HSBC.US,60,20210427,190000,30.645,30.66,30.52,30.5427,230576,0
HSBC.US,60,20210427,200000,30.545,30.58,30.51,30.555,167782,0
HSBC.US,60,20210427,210000,30.56,30.635,30.535,30.605,278456,0
HSBC.US,60,20210427,220000,30.605,30.73,30.595,30.72,1429038,0
HSBC.US,60,20210428,160000,30.65,30.83,30.63,30.72,413944,0
HSBC.US,60,20210428,170000,30.725,30.945,30.725,30.9,592994,0
HSBC.US,60,20210428,180000,30.91,30.935,30.84,30.91,284818,0
HSBC.US,60,20210428,190000,30.91,30.9378,30.895,30.925,116480,0
HSBC.US,60,20210428,200000,30.93,30.96,30.88,30.89,174688,0
HSBC.US,60,20210428,210000,30.8847,30.97,30.85,30.89,479678,0
HSBC.US,60,20210428,220000,30.88,30.93,30.81,30.83,770708,0
HSBC.US,60,20210429,160000,31.86,31.895,31.72,31.81,808214,0
HSBC.US,60,20210429,170000,31.81,31.9,31.7,31.75,841328,0
HSBC.US,60,20210429,180000,31.74,31.825,31.67,31.705,352164,0
HSBC.US,60,20210429,190000,31.7,31.705,31.58,31.655,254952,0
HSBC.US,60,20210429,200000,31.645,31.71,31.64,31.69,204396,0
HSBC.US,60,20210429,210000,31.69,31.8,31.69,31.77,202678,0
HSBC.US,60,20210429,220000,31.77,31.84,31.67,31.72,1485594,0
HSBC.US,60,20210430,160000,31.53,31.56,31.43,31.5259,352950,0
HSBC.US,60,20210430,170000,31.52,31.53,31.345,31.455,556378,0
HSBC.US,60,20210430,180000,31.44,31.44,31.27,31.28,427608,0
HSBC.US,60,20210430,190000,31.275,31.28,31.225,31.245,144060,0
HSBC.US,60,20210430,200000,31.245,31.29,31.175,31.19,181664,0
HSBC.US,60,20210430,210000,31.19,31.28,31.185,31.24,146280,0
HSBC.US,60,20210430,220000,31.235,31.255,31.175,31.22,703104,0
HSBC.US,60,20210503,160000,30.63,30.775,30.545,30.575,352210,0
HSBC.US,60,20210503,170000,30.57,30.625,30.43,30.62,397280,0
HSBC.US,60,20210503,180000,30.625,30.7,30.61,30.64,222012,0
HSBC.US,60,20210503,190000,30.64,30.6564,30.565,30.565,241664,0
HSBC.US,60,20210503,200000,30.565,30.68,30.55,30.67,206202,0
HSBC.US,60,20210503,210000,30.67,30.685,30.62,30.625,271596,0
HSBC.US,60,20210503,220000,30.62,30.65,30.5401,30.65,1125559,0
HSBC.US,60,20210504,160000,30.9,31.04,30.715,30.72,202025,0
HSBC.US,60,20210504,170000,30.71,30.785,30.54,30.64,296223,0
HSBC.US,60,20210504,180000,30.635,30.65,30.48,30.62,346196,0
HSBC.US,60,20210504,190000,30.62,30.72,30.61,30.66,141360,0
HSBC.US,60,20210504,200000,30.655,30.7,30.65,30.695,115135,0
HSBC.US,60,20210504,210000,30.7,30.765,30.675,30.735,125069,0
HSBC.US,60,20210504,220000,30.74,30.745,30.67,30.71,363193,0
HSBC.US,60,20210505,160000,31.45,31.495,31.31,31.468,330453,0
HSBC.US,60,20210505,170000,31.47,31.57,31.345,31.53,278763,0
HSBC.US,60,20210505,180000,31.53,31.595,31.505,31.59,125753,0
HSBC.US,60,20210505,190000,31.595,31.6,31.52,31.56,157676,0
HSBC.US,60,20210505,200000,31.55,31.59,31.53,31.585,124182,0
HSBC.US,60,20210505,210000,31.585,31.585,31.515,31.575,123700,0
HSBC.US,60,20210505,220000,31.575,31.58,31.5,31.51,477495,0
HSBC.US,60,20210506,160000,31.61,31.675,31.49,31.49,168610,0
HSBC.US,60,20210506,170000,31.49,31.515,31.345,31.48,294092,0
HSBC.US,60,20210506,180000,31.49,31.61,31.43,31.6,274556,0
HSBC.US,60,20210506,190000,31.6,31.6,31.44,31.45,56833,0
HSBC.US,60,20210506,200000,31.45,31.475,31.44,31.445,61411,0
HSBC.US,60,20210506,210000,31.445,31.47,31.41,31.465,94655,0
HSBC.US,60,20210506,220000,31.46,31.65,31.455,31.62,375598,0
HSBC.US,60,20210507,160000,31.19,31.53,31.13,31.53,187221,0
HSBC.US,60,20210507,170000,31.535,31.595,31.45,31.55,138545,0
HSBC.US,60,20210507,180000,31.555,31.56,31.435,31.4968,140512,0
HSBC.US,60,20210507,190000,31.495,31.51,31.45,31.48,93267,0
HSBC.US,60,20210507,200000,31.48,31.545,31.48,31.52,39072,0
HSBC.US,60,20210507,210000,31.52,31.58,31.47,31.58,72357,0
HSBC.US,60,20210507,220000,31.57,31.63,31.56,31.6,241838,0
HSBC.US,60,20210510,160000,32,32.08,31.9658,32.05,227227,0
HSBC.US,60,20210510,170000,32.05,32.17,31.98,32.06,322926,0
HSBC.US,60,20210510,180000,32.06,32.11,32.045,32.075,153998,0
HSBC.US,60,20210510,190000,32.075,32.085,31.99,32.005,71822,0
HSBC.US,60,20210510,200000,32.01,32.06,31.99,32.05,98297,0
HSBC.US,60,20210510,210000,32.04,32.065,31.915,31.945,145232,0
HSBC.US,60,20210510,220000,31.95,31.96,31.79,31.81,262420,0
HSBC.US,60,20210511,160000,31.04,31.395,31.04,31.37,318516,0
HSBC.US,60,20210511,170000,31.38,31.41,30.92,30.97,379533,0
HSBC.US,60,20210511,180000,30.96,31.135,30.89,31.11,237646,0
HSBC.US,60,20210511,190000,31.11,31.11,30.935,30.955,109373,0
HSBC.US,60,20210511,200000,30.95,31.105,30.94,31.1,79762,0
HSBC.US,60,20210511,210000,31.1,31.1571,31.065,31.1,148131,0
HSBC.US,60,20210511,220000,31.105,31.2,31.065,31.18,592089,0
HSBC.US,60,20210512,160000,31.24,31.41,31.23,31.27,281870,0
HSBC.US,60,20210512,170000,31.2753,31.37,31.23,31.285,222337,0
HSBC.US,60,20210512,180000,31.27,31.3401,31.12,31.12,362950,0
HSBC.US,60,20210512,190000,31.13,31.14,31.03,31.07,108205,0
HSBC.US,60,20210512,200000,31.07,31.155,31.03,31.07,96624,0
HSBC.US,60,20210512,210000,31.08,31.095,30.99,31.06,172246,0
HSBC.US,60,20210512,220000,31.06,31.07,30.76,30.81,1346178,0
HSBC.US,60,20210513,160000,30.78,31.14,30.725,31.12,240074,0
HSBC.US,60,20210513,170000,31.13,31.17,31.03,31.14,309859,0
HSBC.US,60,20210513,180000,31.14,31.205,31.02,31.06,339171,0
HSBC.US,60,20210513,190000,31.07,31.195,31.0501,31.155,89112,0
HSBC.US,60,20210513,200000,31.15,31.185,30.94,31.02,155796,0
HSBC.US,60,20210513,210000,31.02,31.14,31.02,31.12,312060,0
HSBC.US,60,20210513,220000,31.115,31.22,31.115,31.16,583201,0
HSBC.US,60,20210514,160000,31.46,31.635,31.44,31.62,212404,0
HSBC.US,60,20210514,170000,31.62,31.62,31.455,31.51,209011,0
HSBC.US,60,20210514,180000,31.51,31.604,31.49,31.59,107965,0
HSBC.US,60,20210514,190000,31.59,31.62,31.54,31.575,81585,0
HSBC.US,60,20210514,200000,31.58,31.63,31.565,31.61,65981,0
HSBC.US,60,20210514,210000,31.61,31.7283,31.595,31.71,121353,0
HSBC.US,60,20210514,220000,31.705,31.79,31.63,31.73,1243027,0
HSBC.US,60,20210517,160000,31.21,31.29,31.075,31.105,271518,0
HSBC.US,60,20210517,170000,31.11,31.29,31.065,31.28,497754,0
HSBC.US,60,20210517,180000,31.29,31.34,31.22,31.31,167245,0
HSBC.US,60,20210517,190000,31.3,31.42,31.3,31.39,86220,0
HSBC.US,60,20210517,200000,31.38,31.42,31.335,31.3882,66848,0
HSBC.US,60,20210517,210000,31.39,31.5,31.38,31.4834,165948,0
HSBC.US,60,20210517,220000,31.48,31.53,31.385,31.4,426335,0
HSBC.US,60,20210518,160000,31.74,31.87,31.72,31.725,248439,0
HSBC.US,60,20210518,170000,31.71,31.83,31.655,31.79,161108,0
HSBC.US,60,20210518,180000,31.785,31.785,31.64,31.65,140248,0
HSBC.US,60,20210518,190000,31.65,31.665,31.595,31.65,55599,0
HSBC.US,60,20210518,200000,31.64,31.65,31.595,31.605,59795,0
HSBC.US,60,20210518,210000,31.605,31.61,31.495,31.55,86433,0
HSBC.US,60,20210518,220000,31.555,31.6,31.43,31.43,255902,0
HSBC.US,60,20210519,160000,31.22,31.23,31.08,31.185,168972,0
HSBC.US,60,20210519,170000,31.17,31.2807,30.97,31.27,384089,0
HSBC.US,60,20210519,180000,31.26,31.425,31.25,31.41,176235,0
HSBC.US,60,20210519,190000,31.4,31.495,31.37,31.45,92976,0
HSBC.US,60,20210519,200000,31.45,31.54,31.4437,31.49,130181,0
HSBC.US,60,20210519,210000,31.49,31.535,31.32,31.34,177589,0
HSBC.US,60,20210519,220000,31.335,31.535,31.32,31.51,389548,0
HSBC.US,60,20210520,160000,31.44,31.48,31.315,31.465,122179,0
HSBC.US,60,20210520,170000,31.47,31.53,31.4,31.495,186788,0
HSBC.US,60,20210520,180000,31.5,31.58,31.47,31.525,120390,0
HSBC.US,60,20210520,190000,31.52,31.55,31.395,31.46,83350,0
HSBC.US,60,20210520,200000,31.45,31.465,31.42,31.4505,47322,0
HSBC.US,60,20210520,210000,31.45,31.51,31.45,31.495,102726,0
HSBC.US,60,20210520,220000,31.495,31.58,31.46,31.49,305263,0
HSBC.US,60,20210521,160000,31.53,31.56,31.48,31.5017,102345,0
HSBC.US,60,20210521,170000,31.5,31.535,31.43,31.525,97139,0
HSBC.US,60,20210521,180000,31.53,31.545,31.465,31.49,154843,0
HSBC.US,60,20210521,190000,31.49,31.49,31.32,31.325,115814,0
HSBC.US,60,20210521,200000,31.32,31.41,31.32,31.395,41623,0
HSBC.US,60,20210521,210000,31.39,31.45,31.3892,31.445,50429,0
HSBC.US,60,20210521,220000,31.445,31.47,31.4,31.43,295089,0
HSBC.US,60,20210524,160000,31.32,31.43,31.25,31.425,159291,0
HSBC.US,60,20210524,170000,31.425,31.48,31.385,31.46,174184,0
HSBC.US,60,20210524,180000,31.48,31.595,31.46,31.53,179631,0
HSBC.US,60,20210524,190000,31.535,31.6,31.4934,31.58,64696,0
HSBC.US,60,20210524,200000,31.58,31.595,31.5401,31.57,38841,0
HSBC.US,60,20210524,210000,31.57,31.59,31.55,31.58,64758,0
HSBC.US,60,20210524,220000,31.5757,31.63,31.48,31.57,996221,0
HSBC.US,60,20210525,160000,31.86,31.98,31.81,31.86,284008,0
HSBC.US,60,20210525,170000,31.875,31.99,31.85,31.93,224547,0
HSBC.US,60,20210525,180000,31.93,31.93,31.67,31.72,187224,0
HSBC.US,60,20210525,190000,31.715,31.745,31.6841,31.715,76217,0
HSBC.US,60,20210525,200000,31.71,31.73,31.62,31.635,110891,0
HSBC.US,60,20210525,210000,31.64,31.645,31.55,31.575,140289,0
HSBC.US,60,20210525,220000,31.57,31.57,31.4647,31.51,325953,0
HSBC.US,60,20210526,160000,31.16,31.25,31.12,31.24,220380,0
HSBC.US,60,20210526,170000,31.24,31.475,31.235,31.44,247222,0
HSBC.US,60,20210526,180000,31.435,31.57,31.43,31.551,125298,0
HSBC.US,60,20210526,190000,31.5581,31.57,31.5,31.57,49418,0
HSBC.US,60,20210526,200000,31.58,31.59,31.515,31.54,48347,0
HSBC.US,60,20210526,210000,31.54,31.685,31.535,31.58,169641,0
HSBC.US,60,20210526,220000,31.58,31.59,31.5,31.53,193505,0
HSBC.US,60,20210527,160000,31.78,32.025,31.77,31.99,254505,0
HSBC.US,60,20210527,170000,31.985,31.985,31.8143,31.92,190264,0
HSBC.US,60,20210527,180000,31.92,31.92,31.75,31.9,158206,0
HSBC.US,60,20210527,190000,31.9,31.925,31.835,31.845,75958,0
HSBC.US,60,20210527,200000,31.85,31.89,31.79,31.89,166771,0
HSBC.US,60,20210527,210000,31.89,31.945,31.8643,31.904,277993,0
HSBC.US,60,20210527,220000,31.9,31.995,31.87,31.96,664577,0
HSBC.US,60,20210528,160000,32.23,32.28,32.14,32.225,356523,0
HSBC.US,60,20210528,170000,32.235,32.28,32.125,32.26,354738,0
HSBC.US,60,20210528,180000,32.25,32.35,32.205,32.295,284415,0
HSBC.US,60,20210528,190000,32.295,32.35,32.29,32.31,100195,0
HSBC.US,60,20210528,200000,32.31,32.34,32.29,32.3342,128726,0
HSBC.US,60,20210528,210000,32.33,32.38,32.32,32.34,113909,0
HSBC.US,60,20210528,220000,32.34,32.43,32.32,32.38,597160,0
HSBC.US,60,20210601,160000,31.69,31.81,31.64,31.68,514271,0
HSBC.US,60,20210601,170000,31.69,31.86,31.68,31.77,384077,0
HSBC.US,60,20210601,180000,31.7647,31.785,31.61,31.75,421459,0
HSBC.US,60,20210601,190000,31.755,31.755,31.64,31.67,216535,0
HSBC.US,60,20210601,200000,31.67,31.68,31.62,31.665,122234,0
HSBC.US,60,20210601,210000,31.66,31.73,31.65,31.7,213879,0
HSBC.US,60,20210601,220000,31.695,31.71,31.62,31.65,779490,0
HSBC.US,60,20210602,160000,31.88,31.9,31.73,31.785,253844,0
HSBC.US,60,20210602,170000,31.79,32,31.755,31.99,613642,0
HSBC.US,60,20210602,180000,31.99,32.06,31.97,32.015,325393,0
HSBC.US,60,20210602,190000,32.02,32.03,31.941,32.005,141439,0
HSBC.US,60,20210602,200000,32.01,32.02,31.925,32.005,299300,0
HSBC.US,60,20210602,210000,32.015,32.11,32,32.11,150103,0
HSBC.US,60,20210602,220000,32.12,32.15,32.01,32.06,579897,0
HSBC.US,60,20210603,160000,31.8,31.88,31.75,31.86,281705,0
HSBC.US,60,20210603,170000,31.84,31.87,31.71,31.72,397930,0
HSBC.US,60,20210603,180000,31.72,31.765,31.64,31.735,287128,0
HSBC.US,60,20210603,190000,31.735,31.7399,31.62,31.625,224559,0
HSBC.US,60,20210603,200000,31.625,31.66,31.57,31.575,183998,0
HSBC.US,60,20210603,210000,31.575,31.58,31.49,31.51,179780,0
HSBC.US,60,20210603,220000,31.51,31.58,31.49,31.54,351542,0
HSBC.US,60,20210604,160000,31.55,31.55,31.355,31.3575,154621,0
HSBC.US,60,20210604,170000,31.368,31.465,31.315,31.45,261265,0
HSBC.US,60,20210604,180000,31.45,31.47,31.38,31.39,177062,0
HSBC.US,60,20210604,190000,31.39,31.47,31.375,31.465,100860,0
HSBC.US,60,20210604,200000,31.47,31.525,31.453,31.515,97776,0
HSBC.US,60,20210604,210000,31.51,31.54,31.49,31.52,98466,0
HSBC.US,60,20210604,220000,31.52,31.55,31.475,31.5,293386,0
HSBC.US,60,20210607,160000,31.61,31.62,31.5,31.5,136859,0
HSBC.US,60,20210607,170000,31.5,31.555,31.46,31.49,169201,0
HSBC.US,60,20210607,180000,31.49,31.575,31.47,31.54,299439,0
HSBC.US,60,20210607,190000,31.54,31.54,31.495,31.5,73031,0
HSBC.US,60,20210607,200000,31.5,31.535,31.48,31.51,73888,0
HSBC.US,60,20210607,210000,31.51,31.53,31.48,31.495,73950,0
HSBC.US,60,20210607,220000,31.495,31.53,31.48,31.53,201075,0
HSBC.US,60,20210608,160000,31.42,31.45,31.305,31.34,178671,0
HSBC.US,60,20210608,170000,31.345,31.4983,31.345,31.465,255215,0
HSBC.US,60,20210608,180000,31.47,31.48,31.38,31.45,186443,0
HSBC.US,60,20210608,190000,31.45,31.46,31.39,31.4,66688,0
HSBC.US,60,20210608,200000,31.4,31.445,31.39,31.41,56810,0
HSBC.US,60,20210608,210000,31.41,31.42,31.39,31.41,55529,0
HSBC.US,60,20210608,220000,31.41,31.45,31.35,31.35,211191,0
HSBC.US,60,20210609,160000,31.07,31.1,30.925,30.96,181218,0
HSBC.US,60,20210609,170000,30.9578,31.03,30.955,31.015,189944,0
HSBC.US,60,20210609,180000,31.02,31.02,30.875,30.95,233352,0
HSBC.US,60,20210609,190000,30.94,30.94,30.885,30.905,53826,0
HSBC.US,60,20210609,200000,30.904,30.9065,30.86,30.885,80319,0
HSBC.US,60,20210609,210000,30.89,30.925,30.87,30.89,140415,0
HSBC.US,60,20210609,220000,30.89,30.915,30.83,30.86,513397,0
HSBC.US,60,20210610,160000,31.05,31.12,30.92,30.93,198176,0
HSBC.US,60,20210610,170000,30.95,30.965,30.78,30.809,439323,0
HSBC.US,60,20210610,180000,30.8,30.881,30.765,30.845,177148,0
HSBC.US,60,20210610,190000,30.85,30.87,30.79,30.8,93969,0
HSBC.US,60,20210610,200000,30.8,30.885,30.79,30.87,47812,0
HSBC.US,60,20210610,210000,30.875,30.89,30.76,30.81,181478,0
HSBC.US,60,20210610,220000,30.805,30.8155,30.7,30.7,402517,0
HSBC.US,60,20210611,160000,30.65,30.69,30.55,30.595,166831,0
HSBC.US,60,20210611,170000,30.6,30.75,30.58,30.745,201965,0
HSBC.US,60,20210611,180000,30.74,30.855,30.72,30.84,222434,0
HSBC.US,60,20210611,190000,30.84,30.85,30.775,30.805,152004,0
HSBC.US,60,20210611,200000,30.8,30.82,30.775,30.795,58616,0
HSBC.US,60,20210611,210000,30.795,30.805,30.77,30.78,93593,0
HSBC.US,60,20210611,220000,30.78,30.85,30.75,30.85,253026,0
HSBC.US,60,20210614,160000,31.02,31.06,31,31.02,112449,0
HSBC.US,60,20210614,170000,31.015,31.125,31,31.11,193547,0
HSBC.US,60,20210614,180000,31.11,31.12,30.935,30.99,226593,0
HSBC.US,60,20210614,190000,30.985,30.995,30.9512,30.96,35760,0
HSBC.US,60,20210614,200000,30.9686,30.99,30.95,30.96,36284,0
HSBC.US,60,20210614,210000,30.96,30.98,30.9,30.935,110891,0
HSBC.US,60,20210614,220000,30.94,30.98,30.9,30.97,780450,0
HSBC.US,60,20210615,160000,30.58,30.69,30.56,30.605,166856,0
HSBC.US,60,20210615,170000,30.61,30.69,30.6,30.66,213645,0
HSBC.US,60,20210615,180000,30.66,30.705,30.615,30.615,251369,0
HSBC.US,60,20210615,190000,30.62,30.665,30.61,30.665,119645,0
HSBC.US,60,20210615,200000,30.665,30.8928,30.65,30.86,805523,0
HSBC.US,60,20210615,210000,30.86,31,30.86,30.985,188898,0
HSBC.US,60,20210615,220000,30.98,30.99,30.815,30.83,478599,0
HSBC.US,60,20210616,160000,30.91,30.91,30.81,30.87,230872,0
HSBC.US,60,20210616,170000,30.88,30.9,30.755,30.9,485062,0
HSBC.US,60,20210616,180000,30.895,31.01,30.85,30.94,405547,0
HSBC.US,60,20210616,190000,30.94,30.955,30.71,30.75,89064,0
HSBC.US,60,20210616,200000,30.75,30.785,30.695,30.77,151821,0
HSBC.US,60,20210616,210000,30.77,31.02,30.68,30.845,314711,0
HSBC.US,60,20210616,220000,30.84,31,30.82,30.9,408556,0
HSBC.US,60,20210617,160000,31.09,31.14,30.9,30.93,157080,0
HSBC.US,60,20210617,170000,30.93,30.945,30.745,30.77,461134,0
HSBC.US,60,20210617,180000,30.76,30.76,30.48,30.51,454916,0
HSBC.US,60,20210617,190000,30.5,30.59,30.45,30.58,417654,0
HSBC.US,60,20210617,200000,30.58,30.645,30.57,30.605,123736,0
HSBC.US,60,20210617,210000,30.61,30.615,30.505,30.51,199646,0
HSBC.US,60,20210617,220000,30.52,30.63,30.5,30.58,687525,0
HSBC.US,60,20210618,160000,29.88,29.96,29.73,29.83,624812,0
HSBC.US,60,20210618,170000,29.835,29.87,29.63,29.69,638173,0
HSBC.US,60,20210618,180000,29.685,29.74,29.6,29.695,423754,0
HSBC.US,60,20210618,190000,29.7,29.735,29.595,29.627,189172,0
HSBC.US,60,20210618,200000,29.625,29.67,29.62,29.645,117081,0
HSBC.US,60,20210618,210000,29.64,29.685,29.58,29.59,229419,0
HSBC.US,60,20210618,220000,29.585,29.65,29.53,29.56,753932,0
HSBC.US,60,20210621,160000,29.56,29.68,29.505,29.515,517080,0
HSBC.US,60,20210621,170000,29.515,29.7,29.515,29.665,562909,0
HSBC.US,60,20210621,180000,29.67,29.67,29.535,29.62,313342,0
HSBC.US,60,20210621,190000,29.62,29.685,29.61,29.675,101085,0
HSBC.US,60,20210621,200000,29.675,29.775,29.66,29.76,121932,0
HSBC.US,60,20210621,210000,29.765,29.78,29.72,29.7404,122361,0
HSBC.US,60,20210621,220000,29.745,29.77,29.68,29.74,427310,0
HSBC.US,60,20210622,160000,29.52,29.53,29.38,29.41,172354,0
HSBC.US,60,20210622,170000,29.41,29.4386,29.335,29.4386,156393,0
HSBC.US,60,20210622,180000,29.43,29.52,29.4,29.45,144988,0
HSBC.US,60,20210622,190000,29.455,29.495,29.43,29.475,143774,0
HSBC.US,60,20210622,200000,29.475,29.48,29.41,29.45,142355,0
HSBC.US,60,20210622,210000,29.45,29.5,29.42,29.495,273154,0
HSBC.US,60,20210622,220000,29.5,29.555,29.43,29.43,371250,0
HSBC.US,60,20210623,160000,29.57,29.68,29.53,29.605,175935,0
HSBC.US,60,20210623,170000,29.61,29.62,29.4369,29.47,119129,0
HSBC.US,60,20210623,180000,29.48,29.5,29.34,29.39,101640,0
HSBC.US,60,20210623,190000,29.39,29.435,29.385,29.42,70381,0
HSBC.US,60,20210623,200000,29.42,29.51,29.42,29.5,85834,0
HSBC.US,60,20210623,210000,29.505,29.53,29.47,29.5,77957,0
HSBC.US,60,20210623,220000,29.5,29.515,29.35,29.41,823138,0
HSBC.US,60,20210624,160000,29.54,29.6,29.47,29.47,141577,0
HSBC.US,60,20210624,170000,29.48,29.55,29.42,29.47,153232,0
HSBC.US,60,20210624,180000,29.475,29.59,29.465,29.505,121794,0
HSBC.US,60,20210624,190000,29.51,29.57,29.495,29.55,67446,0
HSBC.US,60,20210624,200000,29.55,29.6,29.55,29.585,106885,0
HSBC.US,60,20210624,210000,29.585,29.64,29.585,29.62,104872,0
HSBC.US,60,20210624,220000,29.625,29.68,29.59,29.59,275990,0
HSBC.US,60,20210625,160000,29.76,29.78,29.6525,29.77,66507,0
HSBC.US,60,20210625,170000,29.77,29.835,29.7,29.72,143098,0
HSBC.US,60,20210625,180000,29.715,29.78,29.705,29.76,159142,0
HSBC.US,60,20210625,190000,29.76,29.79,29.735,29.79,71392,0
HSBC.US,60,20210625,200000,29.79,29.85,29.765,29.845,137102,0
HSBC.US,60,20210625,210000,29.845,29.865,29.805,29.815,115305,0
HSBC.US,60,20210625,220000,29.8184,29.86,29.76,29.78,270250,0
HSBC.US,60,20210628,160000,29.45,29.4738,29.23,29.34,138766,0
HSBC.US,60,20210628,170000,29.34,29.34,29.2,29.22,203347,0
HSBC.US,60,20210628,180000,29.22,29.29,29.13,29.245,171224,0
HSBC.US,60,20210628,190000,29.25,29.3,29.195,29.295,72420,0
HSBC.US,60,20210628,200000,29.29,29.365,29.255,29.345,148199,0
HSBC.US,60,20210628,210000,29.345,29.395,29.32,29.33,166984,0
HSBC.US,60,20210628,220000,29.335,29.35,29.28,29.31,321180,0
HSBC.US,60,20210629,160000,29.24,29.35,29.185,29.22,150639,0
HSBC.US,60,20210629,170000,29.225,29.23,29.06,29.07,200084,0
HSBC.US,60,20210629,180000,29.07,29.1458,29.065,29.13,199531,0
HSBC.US,60,20210629,190000,29.12,29.135,29.05,29.07,81161,0
HSBC.US,60,20210629,200000,29.065,29.07,29.01,29.03,58065,0
HSBC.US,60,20210629,210000,29.03,29.035,28.97,28.995,104576,0
HSBC.US,60,20210629,220000,28.995,29.04,28.95,28.97,350380,0
HSBC.US,60,20210630,160000,28.86,29.035,28.8557,29.03,101342,0
HSBC.US,60,20210630,170000,29.015,29.02,28.845,28.85,191451,0
HSBC.US,60,20210630,180000,28.85,28.87,28.75,28.78,374536,0
HSBC.US,60,20210630,190000,28.795,28.8799,28.795,28.82,81825,0
HSBC.US,60,20210630,200000,28.819,28.8599,28.805,28.825,50295,0
HSBC.US,60,20210630,210000,28.825,28.87,28.82,28.865,72265,0
HSBC.US,60,20210630,220000,28.8637,28.8637,28.81,28.85,216417,0
HSBC.US,60,20210701,160000,29.1,29.16,29.005,29.055,103343,0
HSBC.US,60,20210701,170000,29.05,29.19,29.04,29.12,265717,0
HSBC.US,60,20210701,180000,29.105,29.165,29.065,29.115,154843,0
HSBC.US,60,20210701,190000,29.11,29.125,29.065,29.1,72363,0
HSBC.US,60,20210701,200000,29.1,29.145,29.075,29.085,79588,0
HSBC.US,60,20210701,210000,29.085,29.155,29.06,29.14,80888,0
HSBC.US,60,20210701,220000,29.14,29.19,29.11,29.18,246998,0
HSBC.US,60,20210702,160000,28.92,28.94,28.74,28.77,281870,0
HSBC.US,60,20210702,170000,28.78,28.785,28.645,28.71,432958,0
HSBC.US,60,20210702,180000,28.705,28.8,28.69,28.8,161039,0
HSBC.US,60,20210702,190000,28.795,28.86,28.765,28.86,128004,0
HSBC.US,60,20210702,200000,28.85,28.89,28.845,28.87,85745,0
HSBC.US,60,20210702,210000,28.875,28.9,28.84,28.845,103707,0
HSBC.US,60,20210702,220000,28.85,28.87,28.82,28.84,741234,0
HSBC.US,60,20210706,160000,29.06,29.06,28.82,28.86,216295,0
HSBC.US,60,20210706,170000,28.86,28.86,28.55,28.58,368309,0
HSBC.US,60,20210706,180000,28.57,28.73,28.54,28.68,333542,0
HSBC.US,60,20210706,190000,28.67,28.68,28.58,28.64,141333,0
HSBC.US,60,20210706,200000,28.655,28.705,28.65,28.69,116793,0
HSBC.US,60,20210706,210000,28.695,28.74,28.675,28.71,101788,0
HSBC.US,60,20210706,220000,28.71,28.73,28.68,28.71,388023,0
HSBC.US,60,20210707,160000,28.56,28.78,28.54,28.61,185286,0
HSBC.US,60,20210707,170000,28.6,28.625,28.48,28.62,228925,0
HSBC.US,60,20210707,180000,28.62,28.805,28.61,28.74,377736,0
HSBC.US,60,20210707,190000,28.75,28.79,28.7236,28.785,78152,0
HSBC.US,60,20210707,200000,28.79,28.89,28.79,28.8197,174004,0
HSBC.US,60,20210707,210000,28.81,28.825,28.76,28.825,202878,0
HSBC.US,60,20210707,220000,28.8248,28.835,28.77,28.8,247863,0
HSBC.US,60,20210708,160000,28.19,28.2799,28.01,28.15,244173,0
HSBC.US,60,20210708,170000,28.155,28.16,28,28.08,611845,0
HSBC.US,60,20210708,180000,28.08,28.29,28.08,28.27,261219,0
HSBC.US,60,20210708,190000,28.27,28.33,28.255,28.33,156695,0
HSBC.US,60,20210708,200000,28.32,28.325,28.163,28.175,119612,0
HSBC.US,60,20210708,210000,28.18,28.18,28.07,28.1,147812,0
HSBC.US,60,20210708,220000,28.11,28.17,28.075,28.17,370340,0
HSBC.US,60,20210709,160000,28.38,28.445,28.16,28.42,482047,0
HSBC.US,60,20210709,170000,28.415,28.585,28.41,28.51,255246,0
HSBC.US,60,20210709,180000,28.51,28.615,28.5,28.555,160847,0
HSBC.US,60,20210709,190000,28.555,28.65,28.55,28.635,190623,0
HSBC.US,60,20210709,200000,28.635,28.715,28.62,28.7142,97457,0
HSBC.US,60,20210709,210000,28.72,28.8,28.67,28.8,162031,0
HSBC.US,60,20210709,220000,28.8,28.815,28.72,28.72,491155,0
