<TICKER>,<PER>,<DATE>,<TIME>,<OPEN>,<HIGH>,<LOW>,<CLOSE>,<VOL>,<OPENINT>
IPOD-WS.US,60,20201201,160000,2.81,3.15,2.6,2.85,2454,0
IPOD-WS.US,60,20201201,170000,3,3,2.75,2.77,7981,0
IPOD-WS.US,60,20201201,180000,2.77,2.94,2.6369,2.9,14419,0
IPOD-WS.US,60,20201201,190000,2.65,2.9,2.65,2.8867,1025,0
IPOD-WS.US,60,20201201,200000,2.65,2.9,2.62,2.62,1250,0
IPOD-WS.US,60,20201201,210000,2.65,2.85,2.65,2.85,800,0
IPOD-WS.US,60,20201201,220000,2.75,2.8,2.64,2.688,3175,0
IPOD-WS.US,60,20201202,160000,2.8,2.8577,2.62,2.674,5054,0
IPOD-WS.US,60,20201202,170000,2.7,2.7,2.6,2.6,3099,0
IPOD-WS.US,60,20201202,180000,2.61,2.635,2.61,2.62,4800,0
IPOD-WS.US,60,20201202,190000,2.64,2.95,2.56,2.95,9175,0
IPOD-WS.US,60,20201202,200000,2.65,2.65,2.51,2.51,3388,0
IPOD-WS.US,60,20201202,210000,2.6,2.6,2.6,2.6,550,0
IPOD-WS.US,60,20201203,160000,2.6,2.6,2.54,2.54,3325,0
IPOD-WS.US,60,20201203,170000,2.54,2.7,2.48,2.54,20712,0
IPOD-WS.US,60,20201203,180000,2.54,2.65,2.54,2.55,2460,0
IPOD-WS.US,60,20201203,190000,2.545,2.55,2.48,2.55,7736,0
IPOD-WS.US,60,20201203,200000,2.55,2.58,2.55,2.55,1050,0
IPOD-WS.US,60,20201203,210000,2.6,2.7,2.55,2.55,492,0
IPOD-WS.US,60,20201203,220000,2.9,2.9,2.55,2.58,6577,0
IPOD-WS.US,60,20201204,160000,2.6,2.73,2.48,2.55,20715,0
IPOD-WS.US,60,20201204,170000,2.585,2.64,2.5,2.55,3653,0
IPOD-WS.US,60,20201204,180000,2.55,2.55,2.43,2.45,14857,0
IPOD-WS.US,60,20201204,190000,2.59,2.7501,2.46,2.75,6188,0
IPOD-WS.US,60,20201204,200000,2.61,2.99,2.6,2.7,7733,0
IPOD-WS.US,60,20201204,210000,2.89,3.11,2.6,2.94,8031,0
IPOD-WS.US,60,20201204,220000,2.64,2.98,2.6,2.6,14840,0
IPOD-WS.US,60,20201207,160000,2.75,3.19,2.53,2.765,7011,0
IPOD-WS.US,60,20201207,170000,2.765,3.03,2.7,2.995,12339,0
IPOD-WS.US,60,20201207,180000,2.91,3.16,2.73,2.935,17267,0
IPOD-WS.US,60,20201207,190000,2.75,2.94,2.75,2.93,24860,0
IPOD-WS.US,60,20201207,200000,2.94,3.08,2.94,3.03,8413,0
IPOD-WS.US,60,20201207,210000,3.03,3.0418,2.86,3,18998,0
IPOD-WS.US,60,20201207,220000,3.05,3.6299,2.92,3.27,27021,0
IPOD-WS.US,60,20201208,160000,3.55,3.59,3.25,3.37,6106,0
IPOD-WS.US,60,20201208,170000,3.44,3.84,3.38,3.64,69217,0
IPOD-WS.US,60,20201208,180000,3.6,3.675,3.5,3.5,9385,0
IPOD-WS.US,60,20201208,190000,3.37,3.5,3.25,3.3,6597,0
IPOD-WS.US,60,20201208,200000,3.345,3.5,3.31,3.44,3770,0
IPOD-WS.US,60,20201208,210000,3.45,3.492,3.31,3.41,15547,0
IPOD-WS.US,60,20201208,220000,3.5,3.5,3.3,3.43,8113,0
IPOD-WS.US,60,20201209,160000,3.62,3.64,3.4275,3.45,5229,0
IPOD-WS.US,60,20201209,170000,3.43,3.5,3.43,3.5,80564,0
IPOD-WS.US,60,20201209,180000,3.64,3.64,3.55,3.5995,3500,0
IPOD-WS.US,60,20201209,190000,3.62,3.63,3.43,3.43,20639,0
IPOD-WS.US,60,20201209,200000,3.45,3.5282,3.25,3.25,6955,0
IPOD-WS.US,60,20201209,210000,3.3241,3.4299,3.27,3.27,24354,0
IPOD-WS.US,60,20201209,220000,3.22,3.3778,3.1327,3.2875,20404,0
IPOD-WS.US,60,20201210,160000,3.57,3.57,3.01,3.2,6157,0
IPOD-WS.US,60,20201210,170000,3.2,3.65,3.2,3.45,15473,0
IPOD-WS.US,60,20201210,180000,3.45,3.985,3.35,3.469,15895,0
IPOD-WS.US,60,20201210,190000,3.18,3.49,3.13,3.2,2507,0
IPOD-WS.US,60,20201210,200000,3.48,3.48,3.2001,3.2001,3853,0
IPOD-WS.US,60,20201210,210000,3.48,3.65,3.48,3.55,1220,0
IPOD-WS.US,60,20201210,220000,3.6204,3.72,3.3,3.48,16751,0
IPOD-WS.US,60,20201211,160000,3.9,3.9,3.3,3.3,16244,0
IPOD-WS.US,60,20201211,170000,3.31,3.5,3.3,3.4599,4897,0
IPOD-WS.US,60,20201211,180000,3.31,3.47,3.15,3.44,14028,0
IPOD-WS.US,60,20201211,190000,3.33,3.44,3.2,3.4,7105,0
IPOD-WS.US,60,20201211,200000,3.38,3.39,3.15,3.36,9377,0
IPOD-WS.US,60,20201211,210000,3.36,3.37,3.3,3.3699,2141,0
IPOD-WS.US,60,20201211,220000,3.43,3.56,3.4299,3.55,15805,0
IPOD-WS.US,60,20201214,160000,3.47,3.86,3.47,3.6502,15460,0
IPOD-WS.US,60,20201214,170000,3.86,4.13,3.5,4,29274,0
IPOD-WS.US,60,20201214,180000,4,4,3.52,3.53,10416,0
IPOD-WS.US,60,20201214,190000,3.62,3.99,3.62,3.68,25966,0
IPOD-WS.US,60,20201214,200000,3.84,3.99,3.7,3.71,25711,0
IPOD-WS.US,60,20201214,210000,3.83,3.95,3.63,3.88,45537,0
IPOD-WS.US,60,20201214,220000,3.815,3.995,3.74,3.8,46916,0
IPOD-WS.US,60,20201215,160000,3.8,3.98,3.8,3.89,6857,0
IPOD-WS.US,60,20201215,170000,3.88,3.88,3.5,3.5,17129,0
IPOD-WS.US,60,20201215,180000,3.41,3.47,3.3,3.4,10407,0
IPOD-WS.US,60,20201215,190000,3.445,3.4999,3.44,3.4999,26929,0
IPOD-WS.US,60,20201215,200000,3.49,3.5,3.31,3.35,14464,0
IPOD-WS.US,60,20201215,210000,3.35,3.45,3.31,3.31,10272,0
IPOD-WS.US,60,20201215,220000,3.38,3.4,3.26,3.26,14948,0
IPOD-WS.US,60,20201216,160000,3.3,3.3,3.26,3.3,3907,0
IPOD-WS.US,60,20201216,170000,3.35,3.39,3.3,3.3002,6750,0
IPOD-WS.US,60,20201216,180000,3.3,3.3,3.245,3.25,34806,0
IPOD-WS.US,60,20201216,190000,3.245,3.25,3.24,3.245,27321,0
IPOD-WS.US,60,20201216,200000,3.2448,3.25,3.2448,3.25,12255,0
IPOD-WS.US,60,20201216,210000,3.33,3.42,3.33,3.33,2450,0
IPOD-WS.US,60,20201216,220000,3.33,3.44,3.29,3.36,48437,0
IPOD-WS.US,60,20201217,160000,3.33,3.33,3.33,3.33,250,0
IPOD-WS.US,60,20201217,170000,3.36,3.5,3.35,3.38,15403,0
IPOD-WS.US,60,20201217,180000,3.38,3.41,3.37,3.38,11858,0
IPOD-WS.US,60,20201217,190000,3.3701,3.42,3.37,3.4199,4634,0
IPOD-WS.US,60,20201217,200000,3.48,3.55,3.48,3.5,14928,0
IPOD-WS.US,60,20201217,210000,3.48,3.48,3.36,3.43,10736,0
IPOD-WS.US,60,20201217,220000,3.43,3.47,3.4,3.4,15407,0
IPOD-WS.US,60,20201218,160000,3.61,3.61,3.35,3.37,7815,0
IPOD-WS.US,60,20201218,170000,3.49,3.5,3.34,3.4,6719,0
IPOD-WS.US,60,20201218,180000,3.42,3.525,3.35,3.45,18502,0
IPOD-WS.US,60,20201218,190000,3.45,3.58,3.29,3.5,15335,0
IPOD-WS.US,60,20201218,200000,3.42,4.09,3.4,3.92,59700,0
IPOD-WS.US,60,20201218,210000,4.08,4.09,3.5,3.99,45719,0
IPOD-WS.US,60,20201218,220000,3.99,3.99,3.79,3.95,29684,0
IPOD-WS.US,60,20201221,160000,4.1,4.165,3.84,3.96,10845,0
IPOD-WS.US,60,20201221,170000,3.96,4.09,3.95,4.0899,4767,0
IPOD-WS.US,60,20201221,180000,4.0657,4.4,4.0657,4.15,5790,0
IPOD-WS.US,60,20201221,190000,4.15,4.1698,3.9,4.15,12916,0
IPOD-WS.US,60,20201221,200000,4.11,4.28,4.09,4.145,21927,0
IPOD-WS.US,60,20201221,210000,4.1,4.1983,4.03,4.12,11383,0
IPOD-WS.US,60,20201221,220000,4.105,4.2,4.095,4.15,18299,0
IPOD-WS.US,60,20201222,160000,4.5,4.84,4.2,4.355,18124,0
IPOD-WS.US,60,20201222,170000,4.45,4.63,4.34,4.4,22118,0
IPOD-WS.US,60,20201222,180000,4.36,4.5,4.01,4.2,32526,0
IPOD-WS.US,60,20201222,190000,4.3,4.32,4,4.175,45024,0
IPOD-WS.US,60,20201222,200000,4.2,4.22,3.99,4,46797,0
IPOD-WS.US,60,20201222,210000,4.03,4.305,4.03,4.1,27738,0
IPOD-WS.US,60,20201222,220000,4.1308,4.3032,4.03,4.03,9758,0
IPOD-WS.US,60,20201223,160000,4.41,4.69,4.13,4.25,33900,0
IPOD-WS.US,60,20201223,170000,4.325,4.43,4.06,4.13,22384,0
IPOD-WS.US,60,20201223,180000,4.12,4.39,4.12,4.13,15683,0
IPOD-WS.US,60,20201223,190000,4.17,4.204,4.01,4.01,43217,0
IPOD-WS.US,60,20201223,200000,4.15,4.2,4.05,4.125,21576,0
IPOD-WS.US,60,20201223,210000,4.0534,4.1531,4.02,4.1292,22153,0
IPOD-WS.US,60,20201223,220000,4.11,4.125,3.94,3.94,21254,0
IPOD-WS.US,60,20201224,160000,4.25,4.3,3.92,3.97,24545,0
IPOD-WS.US,60,20201224,170000,3.92,4.17,3.91,4.11,33531,0
IPOD-WS.US,60,20201224,180000,4.05,4.07,3.95,4.05,11535,0
IPOD-WS.US,60,20201224,190000,4,4.05,3.95,4,5564,0
IPOD-WS.US,60,20201224,200000,4.05,4.05,4.05,4.05,126,0
IPOD-WS.US,60,20201228,160000,3.95,4.4,3.9,4.0516,43876,0
IPOD-WS.US,60,20201228,170000,4.02,4.02,3.8,3.9324,58331,0
IPOD-WS.US,60,20201228,180000,3.95,4,3.9,3.9002,47307,0
IPOD-WS.US,60,20201228,190000,3.925,4.0505,3.925,3.98,16116,0
IPOD-WS.US,60,20201228,200000,3.985,4.049,3.92,3.9425,7832,0
IPOD-WS.US,60,20201228,210000,3.955,4,3.93,3.93,5967,0
IPOD-WS.US,60,20201228,220000,3.94,3.95,3.4,3.62,49631,0
IPOD-WS.US,60,20201229,160000,3.78,3.9,3.65,3.79,32277,0
IPOD-WS.US,60,20201229,170000,3.82,3.9,3.65,3.795,36310,0
IPOD-WS.US,60,20201229,180000,3.79,3.79,3.73,3.75,12889,0
IPOD-WS.US,60,20201229,190000,3.75,3.7545,3.65,3.67,14771,0
IPOD-WS.US,60,20201229,200000,3.67,3.75,3.67,3.67,7836,0
IPOD-WS.US,60,20201229,210000,3.67,3.7236,3.65,3.65,3508,0
IPOD-WS.US,60,20201229,220000,3.65,3.77,3.65,3.68,10166,0
IPOD-WS.US,60,20201230,160000,3.45,3.8,3.45,3.779,23780,0
IPOD-WS.US,60,20201230,170000,3.765,3.83,3.75,3.81,29906,0
IPOD-WS.US,60,20201230,180000,3.8,3.8,3.75,3.7511,53145,0
IPOD-WS.US,60,20201230,190000,3.76,3.83,3.76,3.82,15531,0
IPOD-WS.US,60,20201230,200000,3.82,3.89,3.82,3.85,20665,0
IPOD-WS.US,60,20201230,210000,3.84,3.88,3.8,3.8001,7005,0
IPOD-WS.US,60,20201230,220000,3.8291,3.85,3.7,3.7,6667,0
IPOD-WS.US,60,20201231,160000,3.93,3.93,3.49,3.55,8462,0
IPOD-WS.US,60,20201231,170000,3.68,3.8698,3.6522,3.8101,9907,0
IPOD-WS.US,60,20201231,180000,3.76,4,3.73,3.9091,11086,0
IPOD-WS.US,60,20201231,190000,3.87,4,3.64,3.75,11786,0
IPOD-WS.US,60,20201231,200000,3.76,3.87,3.61,3.62,8736,0
IPOD-WS.US,60,20201231,210000,3.69,3.7138,3.61,3.68,5195,0
IPOD-WS.US,60,20201231,220000,3.63,3.9145,3.63,3.7,17842,0
IPOD-WS.US,60,20210104,160000,3.97,3.97,3.65,3.78,10044,0
IPOD-WS.US,60,20210104,170000,3.9376,3.94,3.7,3.8635,17539,0
IPOD-WS.US,60,20210104,180000,3.8,3.89,3.73,3.76,7767,0
IPOD-WS.US,60,20210104,190000,3.77,3.772,3.65,3.66,15029,0
IPOD-WS.US,60,20210104,200000,3.67,3.8299,3.65,3.75,12404,0
IPOD-WS.US,60,20210104,210000,3.77,3.85,3.6802,3.77,16694,0
IPOD-WS.US,60,20210104,220000,3.75,3.75,3.69,3.72,13690,0
IPOD-WS.US,60,20210105,160000,3.77,3.93,3.75,3.8,10037,0
IPOD-WS.US,60,20210105,170000,3.8,3.9298,3.75,3.7501,17341,0
IPOD-WS.US,60,20210105,180000,3.88,3.88,3.77,3.8,5473,0
IPOD-WS.US,60,20210105,190000,3.75,3.75,3.75,3.75,345,0
IPOD-WS.US,60,20210105,200000,3.75,3.75,3.66,3.7,5049,0
IPOD-WS.US,60,20210105,210000,3.7,3.87,3.68,3.785,6652,0
IPOD-WS.US,60,20210105,220000,3.81,3.87,3.7,3.7,16993,0
IPOD-WS.US,60,20210106,160000,3.85,3.86,3.7,3.7,770,0
IPOD-WS.US,60,20210106,170000,3.79,3.87,3.73,3.817,19112,0
IPOD-WS.US,60,20210106,180000,3.8,3.81,3.725,3.8,57088,0
IPOD-WS.US,60,20210106,190000,3.75,3.8,3.7,3.8,2593,0
IPOD-WS.US,60,20210106,200000,3.72,3.8319,3.71,3.8319,5007,0
IPOD-WS.US,60,20210106,210000,3.795,3.8,3.71,3.71,20566,0
IPOD-WS.US,60,20210106,220000,3.7756,3.79,3.7,3.72,7400,0
IPOD-WS.US,60,20210107,160000,4.24,4.24,3.8102,3.95,3315,0
IPOD-WS.US,60,20210107,170000,3.9467,4.1399,3.7,3.78,50694,0
IPOD-WS.US,60,20210107,180000,3.9,4.35,3.9,4.2465,192985,0
IPOD-WS.US,60,20210107,190000,4.2,4.7398,4.2,4.55,167797,0
IPOD-WS.US,60,20210107,200000,4.53,4.635,4.32,4.4502,62310,0
IPOD-WS.US,60,20210107,210000,4.5198,4.5198,4.1,4.18,33300,0
IPOD-WS.US,60,20210107,220000,4.1808,4.64,4.09,4.32,52905,0
IPOD-WS.US,60,20210108,160000,5.17,5.17,4.8,5.1,56161,0
IPOD-WS.US,60,20210108,170000,4.93,5.1,4.61,5.1,44976,0
IPOD-WS.US,60,20210108,180000,5,5.09,4.93,4.93,29980,0
IPOD-WS.US,60,20210108,190000,4.93,5,4.9,4.95,21528,0
IPOD-WS.US,60,20210108,200000,4.93,4.9434,4.8,4.84,15018,0
IPOD-WS.US,60,20210108,210000,4.85,4.9999,4.84,4.95,16267,0
IPOD-WS.US,60,20210108,220000,4.8801,5,4.83,4.87,10066,0
IPOD-WS.US,60,20210111,160000,5.4,5.49,5.14,5.29,26181,0
IPOD-WS.US,60,20210111,170000,5.22,5.41,5.22,5.31,16622,0
IPOD-WS.US,60,20210111,180000,5.4,5.44,5.29,5.3,11597,0
IPOD-WS.US,60,20210111,190000,5.31,5.48,5.26,5.3249,7753,0
IPOD-WS.US,60,20210111,200000,5.4599,5.47,5.3,5.32,8644,0
IPOD-WS.US,60,20210111,210000,5.32,5.3504,5.22,5.22,29936,0
IPOD-WS.US,60,20210111,220000,5.22,5.28,4.85,4.96,30901,0
IPOD-WS.US,60,20210112,160000,5.14,5.3,4.5,4.56,56482,0
IPOD-WS.US,60,20210112,170000,4.695,4.97,4.5844,4.97,19597,0
IPOD-WS.US,60,20210112,180000,4.97,5.18,4.8202,4.93,12336,0
IPOD-WS.US,60,20210112,190000,4.96,4.96,4.7602,4.8002,6351,0
IPOD-WS.US,60,20210112,200000,4.85,4.95,4.75,4.8,16942,0
IPOD-WS.US,60,20210112,210000,4.865,4.9,4.85,4.85,2400,0
IPOD-WS.US,60,20210112,220000,4.8939,4.8939,4.8,4.81,6015,0
IPOD-WS.US,60,20210113,160000,4.96,5.68,4.8,5,24525,0
IPOD-WS.US,60,20210113,170000,4.99,5.13,4.96,5,21487,0
IPOD-WS.US,60,20210113,180000,5,5.11,4.96,5.06,51082,0
IPOD-WS.US,60,20210113,190000,4.96,5.0362,4.94,4.99,12830,0
IPOD-WS.US,60,20210113,200000,4.9898,5.1,4.93,4.93,42801,0
IPOD-WS.US,60,20210113,210000,4.97,5.04,4.82,4.87,230505,0
IPOD-WS.US,60,20210113,220000,4.84,5.13,4.8,5.09,154323,0
IPOD-WS.US,60,20210114,160000,5.39,5.4598,5,5.32,53873,0
IPOD-WS.US,60,20210114,170000,5.225,5.225,4.9,4.95,36143,0
IPOD-WS.US,60,20210114,180000,4.95,5.01,4.8502,4.92,19524,0
IPOD-WS.US,60,20210114,190000,4.92,4.92,4.8499,4.8999,41756,0
IPOD-WS.US,60,20210114,200000,4.85,4.9,4.81,4.8699,14710,0
IPOD-WS.US,60,20210114,210000,4.83,4.89,4.73,4.87,45301,0
IPOD-WS.US,60,20210114,220000,4.85,4.8899,4.78,4.78,12181,0
IPOD-WS.US,60,20210115,160000,5.13,5.13,4.78,4.8764,9042,0
IPOD-WS.US,60,20210115,170000,4.87,4.8999,4.67,4.7199,22646,0
IPOD-WS.US,60,20210115,180000,4.7,4.75,4.68,4.73,26285,0
IPOD-WS.US,60,20210115,190000,4.75,4.75,4.71,4.75,11390,0
IPOD-WS.US,60,20210115,200000,4.75,4.75,4.7,4.7499,32049,0
IPOD-WS.US,60,20210115,210000,4.7002,4.94,4.7,4.925,14185,0
IPOD-WS.US,60,20210115,220000,4.94,4.99,4.91,4.99,18381,0
IPOD-WS.US,60,20210119,160000,5.4,5.4,4.72,4.7499,44982,0
IPOD-WS.US,60,20210119,170000,4.8,4.95,4.74,4.94,36607,0
IPOD-WS.US,60,20210119,180000,4.94,5,4.8,4.825,31960,0
IPOD-WS.US,60,20210119,190000,4.8,5.01,4.79,4.95,65559,0
IPOD-WS.US,60,20210119,200000,4.95,4.97,4.85,4.85,17818,0
IPOD-WS.US,60,20210119,210000,4.86,4.9,4.8,4.87,72300,0
IPOD-WS.US,60,20210119,220000,4.87,4.93,4.76,4.76,75936,0
IPOD-WS.US,60,20210120,160000,4.86,4.86,4.68,4.69,29290,0
IPOD-WS.US,60,20210120,170000,4.69,4.7,4.54,4.6,79084,0
IPOD-WS.US,60,20210120,180000,4.61,4.61,4.4,4.48,56050,0
IPOD-WS.US,60,20210120,190000,4.43,4.51,4.41,4.45,41738,0
IPOD-WS.US,60,20210120,200000,4.45,4.51,4.4,4.44,52336,0
IPOD-WS.US,60,20210120,210000,4.44,4.51,4.4,4.44,56492,0
IPOD-WS.US,60,20210120,220000,4.41,4.46,4.36,4.39,103197,0
IPOD-WS.US,60,20210121,160000,4.5,4.62,4.37,4.4,25400,0
IPOD-WS.US,60,20210121,170000,4.4,4.9,4.37,4.77,88578,0
IPOD-WS.US,60,20210121,180000,4.705,4.7499,4.48,4.5,88341,0
IPOD-WS.US,60,20210121,190000,4.5,5.02,4.49,5,124072,0
IPOD-WS.US,60,20210121,200000,5.025,5.14,4.92,5.07,65395,0
IPOD-WS.US,60,20210121,210000,5.06,5.26,5.01,5.2,89683,0
IPOD-WS.US,60,20210121,220000,5.23,5.73,5.14,5.59,173105,0
IPOD-WS.US,60,20210122,160000,5.38,5.4764,4.82,5.45,49831,0
IPOD-WS.US,60,20210122,170000,5.47,5.5099,5.03,5.27,21076,0
IPOD-WS.US,60,20210122,180000,5.3,5.4598,5.3,5.35,11274,0
IPOD-WS.US,60,20210122,190000,5.35,5.39,5.3,5.35,16398,0
IPOD-WS.US,60,20210122,200000,5.35,5.39,5.25,5.25,23423,0
IPOD-WS.US,60,20210122,210000,5.27,5.39,5.2,5.33,16690,0
IPOD-WS.US,60,20210122,220000,5.32,5.59,5.2,5.59,53146,0
IPOD-WS.US,60,20210125,160000,5.5,5.58,5.26,5.45,18472,0
IPOD-WS.US,60,20210125,170000,5.45,5.49,5.32,5.34,16295,0
IPOD-WS.US,60,20210125,180000,5.34,5.35,4.51,5.1398,43259,0
IPOD-WS.US,60,20210125,190000,5.16,5.2,5.06,5.06,23615,0
IPOD-WS.US,60,20210125,200000,5.06,5.1398,5.04,5.0477,19580,0
IPOD-WS.US,60,20210125,210000,5.04,5.08,5,5.08,18782,0
IPOD-WS.US,60,20210125,220000,5.04,5.05,4.84,4.96,30634,0
IPOD-WS.US,60,20210126,160000,5.2,5.2,4.76,4.91,6307,0
IPOD-WS.US,60,20210126,170000,4.9101,5.02,4.88,4.99,12589,0
IPOD-WS.US,60,20210126,180000,5.0099,5.01,4.8,4.865,18531,0
IPOD-WS.US,60,20210126,190000,4.89,4.9,4.77,4.8,28367,0
IPOD-WS.US,60,20210126,200000,4.79,4.9298,4.75,4.8299,126783,0
IPOD-WS.US,60,20210126,210000,4.78,4.93,4.68,4.79,16973,0
IPOD-WS.US,60,20210126,220000,4.79,4.79,4.6,4.66,23182,0
IPOD-WS.US,60,20210127,160000,4.6,4.6,4.28,4.2902,34031,0
IPOD-WS.US,60,20210127,170000,4.39,4.48,4.25,4.315,53606,0
IPOD-WS.US,60,20210127,180000,4.3,4.4,4.22,4.23,72015,0
IPOD-WS.US,60,20210127,190000,4.225,4.225,4.06,4.15,52343,0
IPOD-WS.US,60,20210127,200000,4.2,4.22,4.06,4.14,28553,0
IPOD-WS.US,60,20210127,210000,4.1,4.1498,4.04,4.07,17622,0
IPOD-WS.US,60,20210127,220000,4.05,4.12,4,4.09,80048,0
IPOD-WS.US,60,20210128,160000,4.35,4.35,4.15,4.2499,23417,0
IPOD-WS.US,60,20210128,170000,4.2234,4.24,4.01,4.01,24776,0
IPOD-WS.US,60,20210128,180000,4.01,4.0799,3.9703,4.04,42174,0
IPOD-WS.US,60,20210128,190000,4,4.19,4,4.05,38069,0
IPOD-WS.US,60,20210128,200000,4.05,4.2,4.01,4.135,75460,0
IPOD-WS.US,60,20210128,210000,4.15,4.29,4.09,4.27,40403,0
IPOD-WS.US,60,20210128,220000,4.2799,4.3199,4.11,4.18,51811,0
IPOD-WS.US,60,20210129,160000,4.4899,4.7999,4.34,4.57,47411,0
IPOD-WS.US,60,20210129,170000,4.63,4.6795,4.35,4.475,53021,0
IPOD-WS.US,60,20210129,180000,4.47,4.52,4.34,4.4,38316,0
IPOD-WS.US,60,20210129,190000,4.48,4.5601,4.21,4.23,64020,0
IPOD-WS.US,60,20210129,200000,4.25,4.51,4.2,4.29,47133,0
IPOD-WS.US,60,20210129,210000,4.3899,4.42,4.28,4.33,46157,0
IPOD-WS.US,60,20210129,220000,4.35,4.65,4.34,4.5,127616,0
IPOD-WS.US,60,20210201,160000,4.65,4.95,4.5,4.56,46898,0
IPOD-WS.US,60,20210201,170000,4.65,4.83,4.56,4.795,55592,0
IPOD-WS.US,60,20210201,180000,4.7902,4.9499,4.75,4.9499,22523,0
IPOD-WS.US,60,20210201,190000,4.9253,5.19,4.9002,5.01,39389,0
IPOD-WS.US,60,20210201,200000,5.0108,5.18,4.91,5.14,51265,0
IPOD-WS.US,60,20210201,210000,5.15,5.19,5.11,5.11,17043,0
IPOD-WS.US,60,20210201,220000,5.1525,5.17,5.06,5.06,52239,0
IPOD-WS.US,60,20210202,160000,5.37,5.4998,5.16,5.23,12579,0
IPOD-WS.US,60,20210202,170000,5.2,5.4198,5.09,5.15,36643,0
IPOD-WS.US,60,20210202,180000,5.2,5.33,5.11,5.19,16664,0
IPOD-WS.US,60,20210202,190000,5.17,5.4,5.17,5.4,21878,0
IPOD-WS.US,60,20210202,200000,5.3,5.4396,5.24,5.4003,21104,0
IPOD-WS.US,60,20210202,210000,5.43,5.48,5.31,5.38,31911,0
IPOD-WS.US,60,20210202,220000,5.37,5.46,5.23,5.43,23314,0
IPOD-WS.US,60,20210203,160000,5.5,5.51,5.27,5.45,31051,0
IPOD-WS.US,60,20210203,170000,5.5,5.71,5.476,5.68,29950,0
IPOD-WS.US,60,20210203,180000,5.6801,5.695,5.49,5.51,48889,0
IPOD-WS.US,60,20210203,190000,5.59,5.59,5.52,5.5727,10595,0
IPOD-WS.US,60,20210203,200000,5.575,5.7,5.5725,5.6299,18134,0
IPOD-WS.US,60,20210203,210000,5.61,5.63,5.55,5.5854,31280,0
IPOD-WS.US,60,20210203,220000,5.56,5.67,5.55,5.57,19563,0
IPOD-WS.US,60,20210204,160000,5.25,5.55,5.18,5.43,60493,0
IPOD-WS.US,60,20210204,170000,5.4201,5.45,5.3,5.45,45953,0
IPOD-WS.US,60,20210204,180000,5.43,5.43,5.25,5.25,33293,0
IPOD-WS.US,60,20210204,190000,5.25,5.3934,5.25,5.36,17947,0
IPOD-WS.US,60,20210204,200000,5.365,5.365,5.33,5.35,14486,0
IPOD-WS.US,60,20210204,210000,5.33,5.68,5.33,5.65,56242,0
IPOD-WS.US,60,20210204,220000,5.66,6.22,5.64,5.65,146099,0
IPOD-WS.US,60,20210205,160000,5.37,5.9,5.15,5.58,15789,0
IPOD-WS.US,60,20210205,170000,5.52,5.8,5.31,5.65,43508,0
IPOD-WS.US,60,20210205,180000,5.675,5.8,5.58,5.59,26094,0
IPOD-WS.US,60,20210205,190000,5.615,5.68,5.56,5.68,29864,0
IPOD-WS.US,60,20210205,200000,5.6372,5.6792,5.5301,5.62,19015,0
IPOD-WS.US,60,20210205,210000,5.56,5.6699,5.36,5.5,19248,0
IPOD-WS.US,60,20210205,220000,5.56,5.56,5.4,5.46,53507,0
IPOD-WS.US,60,20210208,160000,5.46,5.5574,5.45,5.48,28775,0
IPOD-WS.US,60,20210208,170000,5.46,5.49,5.3,5.31,23070,0
IPOD-WS.US,60,20210208,180000,5.31,5.37,5.16,5.18,36322,0
IPOD-WS.US,60,20210208,190000,5.18,5.31,5.15,5.18,41812,0
IPOD-WS.US,60,20210208,200000,5.2001,5.2001,5.02,5.13,43856,0
IPOD-WS.US,60,20210208,210000,5.13,5.13,4.93,4.95,69315,0
IPOD-WS.US,60,20210208,220000,4.95,5.1,4.7,5.0719,114791,0
IPOD-WS.US,60,20210209,160000,5.1,5.2,4.99,5.09,9007,0
IPOD-WS.US,60,20210209,170000,5.1,5.1,4.86,5.02,25657,0
IPOD-WS.US,60,20210209,180000,5.02,5.07,4.965,4.965,11259,0
IPOD-WS.US,60,20210209,190000,4.96,5.04,4.95,5.02,7977,0
IPOD-WS.US,60,20210209,200000,5,5.04,4.97,4.985,9642,0
IPOD-WS.US,60,20210209,210000,4.97,5,4.97,4.98,6210,0
IPOD-WS.US,60,20210209,220000,4.9801,5,4.98,5,18305,0
IPOD-WS.US,60,20210210,160000,5.2,5.21,5.02,5.09,41064,0
IPOD-WS.US,60,20210210,170000,5.03,5.06,5,5.02,23073,0
IPOD-WS.US,60,20210210,180000,5.0209,5.0881,4.99,5.05,43202,0
IPOD-WS.US,60,20210210,190000,5.05,5.065,4.95,5.005,26375,0
IPOD-WS.US,60,20210210,200000,4.9801,5.0499,4.97,4.97,9942,0
IPOD-WS.US,60,20210210,210000,5,5.03,4.96,4.98,18580,0
IPOD-WS.US,60,20210210,220000,4.9801,5.11,4.98,5,35089,0
IPOD-WS.US,60,20210211,160000,5,5.075,4.995,4.995,15740,0
IPOD-WS.US,60,20210211,170000,5.005,5.005,4.87,4.87,23342,0
IPOD-WS.US,60,20210211,180000,4.9001,5.04,4.89,4.995,34794,0
IPOD-WS.US,60,20210211,190000,5.04,5.05,4.88,4.91,5875,0
IPOD-WS.US,60,20210211,200000,4.91,4.9788,4.85,4.86,7869,0
IPOD-WS.US,60,20210211,210000,4.89,4.96,4.86,4.8601,49347,0
IPOD-WS.US,60,20210211,220000,4.95,4.96,4.87,4.88,15733,0
IPOD-WS.US,60,20210212,160000,5.05,5.05,4.8901,4.8901,11850,0
IPOD-WS.US,60,20210212,170000,4.94,4.94,4.82,4.87,20516,0
IPOD-WS.US,60,20210212,180000,4.85,4.94,4.82,4.84,17084,0
IPOD-WS.US,60,20210212,190000,4.84,4.9995,4.84,4.88,16653,0
IPOD-WS.US,60,20210212,200000,4.9,5,4.85,4.85,9110,0
IPOD-WS.US,60,20210212,210000,4.85,4.93,4.82,4.8301,9828,0
IPOD-WS.US,60,20210212,220000,4.8719,4.9,4.7,4.83,71195,0
IPOD-WS.US,60,20210216,160000,5.05,5.05,4.7,4.71,39124,0
IPOD-WS.US,60,20210216,170000,4.71,4.82,4.66,4.7,54485,0
IPOD-WS.US,60,20210216,180000,4.71,4.97,4.7,4.91,26576,0
IPOD-WS.US,60,20210216,190000,4.87,4.91,4.76,4.85,25569,0
IPOD-WS.US,60,20210216,200000,4.85,4.9046,4.75,4.75,31056,0
IPOD-WS.US,60,20210216,210000,4.775,4.95,4.71,4.91,47401,0
IPOD-WS.US,60,20210216,220000,4.91,5,4.74,4.95,70441,0
IPOD-WS.US,60,20210217,160000,5.05,5.05,4.8,4.89,11352,0
IPOD-WS.US,60,20210217,170000,4.8883,5.09,4.8883,5.04,22470,0
IPOD-WS.US,60,20210217,180000,5.1,5.1,4.88,4.88,18709,0
IPOD-WS.US,60,20210217,190000,4.97,5.01,4.9,5.0005,10031,0
IPOD-WS.US,60,20210217,200000,5,5.03,4.96,5.02,15919,0
IPOD-WS.US,60,20210217,210000,5.023,5.04,4.9861,5,10967,0
IPOD-WS.US,60,20210217,220000,5.0399,5.08,5.02,5.03,28443,0
IPOD-WS.US,60,20210218,160000,5,5.17,4.85,4.85,15677,0
IPOD-WS.US,60,20210218,170000,4.88,4.93,4.8,4.92,27727,0
IPOD-WS.US,60,20210218,180000,4.9184,5,4.895,4.95,23712,0
IPOD-WS.US,60,20210218,190000,4.94,5.1,4.9,5.066,6996,0
IPOD-WS.US,60,20210218,200000,5.05,5.19,5,5.1389,29557,0
IPOD-WS.US,60,20210218,210000,5.04,5.25,5.03,5.16,25465,0
IPOD-WS.US,60,20210218,220000,5.14,5.28,5.07,5.16,31607,0
IPOD-WS.US,60,20210219,160000,5.15,5.2595,5.07,5.235,18331,0
IPOD-WS.US,60,20210219,170000,5.235,5.59,5.2089,5.5101,28029,0
IPOD-WS.US,60,20210219,180000,5.51,5.57,5.5,5.5492,8437,0
IPOD-WS.US,60,20210219,190000,5.57,5.74,5.5699,5.67,8642,0
IPOD-WS.US,60,20210219,200000,5.65,5.89,5.65,5.85,40503,0
IPOD-WS.US,60,20210219,210000,5.87,5.87,5.78,5.85,21544,0
IPOD-WS.US,60,20210219,220000,5.85,5.9996,5.65,5.65,73768,0
IPOD-WS.US,60,20210222,160000,5.93,5.96,5.7801,5.83,7919,0
IPOD-WS.US,60,20210222,170000,5.93,6.25,5.85,6.2399,72845,0
IPOD-WS.US,60,20210222,180000,6.2199,6.2199,6.05,6.08,22555,0
IPOD-WS.US,60,20210222,190000,6.08,6.6836,6.08,6.4,142114,0
IPOD-WS.US,60,20210222,200000,6.405,6.44,6.185,6.185,42184,0
IPOD-WS.US,60,20210222,210000,6.21,6.4471,6.15,6.16,32672,0
IPOD-WS.US,60,20210222,220000,6.279,6.33,6.15,6.22,38645,0
IPOD-WS.US,60,20210223,160000,5.6,5.6926,4.915,5,52526,0
IPOD-WS.US,60,20210223,170000,5.07,5.7,5.05,5.692,63178,0
IPOD-WS.US,60,20210223,180000,5.68,5.805,5.41,5.66,34286,0
IPOD-WS.US,60,20210223,190000,5.56,5.58,5.46,5.4722,20563,0
IPOD-WS.US,60,20210223,200000,5.45,5.65,5.41,5.51,27625,0
IPOD-WS.US,60,20210223,210000,5.54,5.565,5.41,5.41,33233,0
IPOD-WS.US,60,20210223,220000,5.49,5.59,5.38,5.38,47217,0
IPOD-WS.US,60,20210224,160000,5.9,5.9,5.36,5.435,64961,0
IPOD-WS.US,60,20210224,170000,5.41,5.44,5.26,5.2997,47688,0
IPOD-WS.US,60,20210224,180000,5.3,5.45,5,5.01,29576,0
IPOD-WS.US,60,20210224,190000,5.26,5.26,5.16,5.23,15865,0
IPOD-WS.US,60,20210224,200000,5.23,5.25,5.11,5.11,14594,0
IPOD-WS.US,60,20210224,210000,5.16,5.165,5.02,5.07,27611,0
IPOD-WS.US,60,20210224,220000,5.12,5.15,4.85,4.86,69753,0
IPOD-WS.US,60,20210225,160000,4.86,5,4.7301,4.87,22757,0
IPOD-WS.US,60,20210225,170000,4.88,4.8893,4.65,4.68,34894,0
IPOD-WS.US,60,20210225,180000,4.685,4.8,4.55,4.6015,66304,0
IPOD-WS.US,60,20210225,190000,4.61,4.62,4.35,4.35,52093,0
IPOD-WS.US,60,20210225,200000,4.34,4.46,4.22,4.453,125798,0
IPOD-WS.US,60,20210225,210000,4.46,4.56,4.415,4.505,35246,0
IPOD-WS.US,60,20210225,220000,4.5,4.56,4.36,4.55,107482,0
IPOD-WS.US,60,20210226,160000,5,5,4.31,4.31,40574,0
IPOD-WS.US,60,20210226,170000,4.38,4.38,4.09,4.22,38148,0
IPOD-WS.US,60,20210226,180000,4.24,4.33,4.17,4.305,20208,0
IPOD-WS.US,60,20210226,190000,4.3,4.48,4.235,4.3189,30033,0
IPOD-WS.US,60,20210226,200000,4.25,4.36,4.15,4.1896,8429,0
IPOD-WS.US,60,20210226,210000,4.19,4.19,4.1,4.1666,23988,0
IPOD-WS.US,60,20210226,220000,4.155,4.26,4.155,4.26,31529,0
IPOD-WS.US,60,20210301,160000,4.65,4.65,4.24,4.29,5897,0
IPOD-WS.US,60,20210301,170000,4.29,4.3999,4.29,4.37,16046,0
IPOD-WS.US,60,20210301,180000,4.36,4.36,4.2,4.2,23596,0
IPOD-WS.US,60,20210301,190000,4.22,4.22,4.12,4.155,35408,0
IPOD-WS.US,60,20210301,200000,4.18,4.19,4.15,4.15,10103,0
IPOD-WS.US,60,20210301,210000,4.15,4.19,4.12,4.12,8075,0
IPOD-WS.US,60,20210301,220000,4.16,4.33,4.13,4.23,28135,0
IPOD-WS.US,60,20210302,160000,4.12,4.22,4.12,4.22,9924,0
IPOD-WS.US,60,20210302,170000,4.1,4.1,3.85,3.85,79779,0
IPOD-WS.US,60,20210302,180000,3.89,3.93,3.85,3.86,33985,0
IPOD-WS.US,60,20210302,190000,3.92,3.96,3.8,3.81,32964,0
IPOD-WS.US,60,20210302,200000,3.85,3.86,3.75,3.77,23349,0
IPOD-WS.US,60,20210302,210000,3.7601,3.81,3.72,3.72,61355,0
IPOD-WS.US,60,20210302,220000,3.7201,3.76,3.68,3.68,42405,0
IPOD-WS.US,60,20210303,160000,3.7,3.7,3.5,3.6,41130,0
IPOD-WS.US,60,20210303,170000,3.6,3.6,3.4401,3.5,70595,0
IPOD-WS.US,60,20210303,180000,3.5,3.53,3.45,3.53,23366,0
IPOD-WS.US,60,20210303,190000,3.5,3.505,3.445,3.4566,24326,0
IPOD-WS.US,60,20210303,200000,3.45,3.49,3.395,3.45,20375,0
IPOD-WS.US,60,20210303,210000,3.4,3.4,3.25,3.28,65839,0
IPOD-WS.US,60,20210303,220000,3.28,3.28,3.12,3.21,61573,0
IPOD-WS.US,60,20210304,160000,3,3.21,3,3.0201,51490,0
IPOD-WS.US,60,20210304,170000,3.053,3.15,2.5,3.0776,167061,0
IPOD-WS.US,60,20210304,180000,3.0426,3.08,3,3.03,18207,0
IPOD-WS.US,60,20210304,190000,3.02,3.03,2.8,2.848,65059,0
IPOD-WS.US,60,20210304,200000,2.86,2.86,2.5,2.61,133669,0
IPOD-WS.US,60,20210304,210000,2.61,2.98,2.53,2.8883,81263,0
IPOD-WS.US,60,20210304,220000,2.9,3.01,2.8,2.99,61701,0
IPOD-WS.US,60,20210305,160000,2.91,3.1,2.615,2.76,29251,0
IPOD-WS.US,60,20210305,170000,2.6781,2.97,2.59,2.75,57681,0
IPOD-WS.US,60,20210305,180000,2.64,2.66,2.41,2.62,34505,0
IPOD-WS.US,60,20210305,190000,2.66,2.84,2.48,2.84,39033,0
IPOD-WS.US,60,20210305,200000,2.84,3.205,2.79,3.06,29060,0
IPOD-WS.US,60,20210305,210000,3.18,3.21,3.04,3.1,19142,0
IPOD-WS.US,60,20210305,220000,3.04,3.99,3.04,3.99,98321,0
IPOD-WS.US,60,20210308,160000,3.41,3.79,3.41,3.7712,11744,0
IPOD-WS.US,60,20210308,170000,3.73,3.83,3.56,3.75,22381,0
IPOD-WS.US,60,20210308,180000,3.77,3.77,3.65,3.65,6731,0
IPOD-WS.US,60,20210308,190000,3.65,3.7,3.46,3.58,14882,0
IPOD-WS.US,60,20210308,200000,3.5,3.5,3.32,3.3201,11096,0
IPOD-WS.US,60,20210308,210000,3.3201,3.49,3.3201,3.35,9279,0
IPOD-WS.US,60,20210308,220000,3.34,3.35,3.03,3.07,65539,0
IPOD-WS.US,60,20210309,160000,3.25,3.37,3.2,3.31,15704,0
IPOD-WS.US,60,20210309,170000,3.31,3.32,3.24,3.2499,31087,0
IPOD-WS.US,60,20210309,180000,3.24,3.25,3.22,3.23,11575,0
IPOD-WS.US,60,20210309,190000,3.21,3.25,3.21,3.23,3441,0
IPOD-WS.US,60,20210309,200000,3.22,3.22,3.1701,3.18,13416,0
IPOD-WS.US,60,20210309,210000,3.196,3.2,3.17,3.17,5549,0
IPOD-WS.US,60,20210309,220000,3.19,3.22,3,3.11,20632,0
IPOD-WS.US,60,20210310,160000,3.35,3.39,3.03,3.22,23372,0
IPOD-WS.US,60,20210310,170000,3.18,3.25,3.15,3.24,18038,0
IPOD-WS.US,60,20210310,180000,3.23,3.24,3.1608,3.2,6191,0
IPOD-WS.US,60,20210310,190000,3.24,3.24,3.21,3.21,6531,0
IPOD-WS.US,60,20210310,200000,3.23,3.29,3.21,3.27,15234,0
IPOD-WS.US,60,20210310,210000,3.28,3.29,3.25,3.27,10006,0
IPOD-WS.US,60,20210310,220000,3.28,3.33,3.28,3.33,7966,0
IPOD-WS.US,60,20210311,160000,3.5,3.55,3.41,3.47,6700,0
IPOD-WS.US,60,20210311,170000,3.5,3.65,3.472,3.65,44495,0
IPOD-WS.US,60,20210311,180000,3.655,3.67,3.57,3.655,19308,0
IPOD-WS.US,60,20210311,190000,3.66,3.73,3.66,3.6734,7644,0
IPOD-WS.US,60,20210311,200000,3.69,3.75,3.64,3.73,16835,0
IPOD-WS.US,60,20210311,210000,3.745,3.83,3.745,3.8,15444,0
IPOD-WS.US,60,20210311,220000,3.76,3.863,3.76,3.83,20628,0
IPOD-WS.US,60,20210312,160000,3.8,3.87,3.63,3.87,5104,0
IPOD-WS.US,60,20210312,170000,3.82,3.84,3.72,3.83,9489,0
IPOD-WS.US,60,20210312,180000,3.73,3.7501,3.67,3.7,15600,0
IPOD-WS.US,60,20210312,190000,3.69,3.75,3.58,3.685,9148,0
IPOD-WS.US,60,20210312,200000,3.7299,3.79,3.6805,3.7847,18734,0
IPOD-WS.US,60,20210312,210000,3.78,3.83,3.76,3.83,14894,0
IPOD-WS.US,60,20210312,220000,3.84,3.9,3.84,3.88,8794,0
IPOD-WS.US,60,20210315,150000,3.99,3.99,3.78,3.82,12352,0
IPOD-WS.US,60,20210315,160000,3.8,3.818,3.68,3.68,44502,0
IPOD-WS.US,60,20210315,170000,3.7,3.8545,3.6701,3.8545,3972,0
IPOD-WS.US,60,20210315,180000,3.8299,3.83,3.7,3.7,13335,0
IPOD-WS.US,60,20210315,190000,3.72,3.74,3.63,3.6799,11759,0
IPOD-WS.US,60,20210315,200000,3.68,3.75,3.62,3.64,11171,0
IPOD-WS.US,60,20210315,210000,3.65,3.72,3.5,3.57,53730,0
IPOD-WS.US,60,20210316,150000,3.65,3.7,3.52,3.65,13950,0
IPOD-WS.US,60,20210316,160000,3.63,3.63,3.5,3.57,17786,0
IPOD-WS.US,60,20210316,170000,3.56,3.56,3.47,3.481,6640,0
IPOD-WS.US,60,20210316,180000,3.5,3.52,3.4,3.4,14447,0
IPOD-WS.US,60,20210316,190000,3.4399,3.4399,3.3,3.34,16840,0
IPOD-WS.US,60,20210316,200000,3.31,3.4,3.29,3.37,36327,0
IPOD-WS.US,60,20210316,210000,3.375,3.4,3.29,3.39,28882,0
IPOD-WS.US,60,20210317,150000,3.14,3.265,3.12,3.23,10766,0
IPOD-WS.US,60,20210317,160000,3.3,3.33,3.19,3.33,14014,0
IPOD-WS.US,60,20210317,170000,3.38,3.38,3.29,3.29,7600,0
IPOD-WS.US,60,20210317,180000,3.29,3.33,3.28,3.2999,21302,0
IPOD-WS.US,60,20210317,190000,3.28,3.29,3.161,3.2,16716,0
IPOD-WS.US,60,20210317,200000,3.21,3.29,3.2,3.27,19234,0
IPOD-WS.US,60,20210317,210000,3.27,3.3,3.25,3.2799,25334,0
IPOD-WS.US,60,20210318,150000,3.43,3.43,3.11,3.15,10281,0
IPOD-WS.US,60,20210318,160000,3.21,3.25,3.18,3.25,11021,0
IPOD-WS.US,60,20210318,170000,3.23,3.39,3.23,3.32,12032,0
IPOD-WS.US,60,20210318,180000,3.29,3.3,3.27,3.3,6395,0
IPOD-WS.US,60,20210318,190000,3.22,3.27,3.21,3.27,600,0
IPOD-WS.US,60,20210318,200000,3.28,3.28,3.2,3.2,8488,0
IPOD-WS.US,60,20210318,210000,3.21,3.25,3.2,3.2,8651,0
IPOD-WS.US,60,20210319,150000,3.2,3.2,3.1907,3.195,1610,0
IPOD-WS.US,60,20210319,160000,3.195,3.2,3.11,3.2,11850,0
IPOD-WS.US,60,20210319,170000,3.28,3.28,3.18,3.21,2810,0
IPOD-WS.US,60,20210319,180000,3.2,3.26,3.2,3.21,780,0
IPOD-WS.US,60,20210319,190000,3.2,3.26,3.2,3.25,2800,0
IPOD-WS.US,60,20210319,200000,3.2699,3.27,3.17,3.195,9166,0
IPOD-WS.US,60,20210319,210000,3.2,3.23,3.17,3.2,7946,0
IPOD-WS.US,60,20210322,150000,3.29,3.2999,3.215,3.215,4000,0
IPOD-WS.US,60,20210322,160000,3.18,3.25,3.18,3.22,9200,0
IPOD-WS.US,60,20210322,170000,3.22,3.22,3.18,3.18,820,0
IPOD-WS.US,60,20210322,180000,3.131,3.18,3.131,3.1632,840,0
IPOD-WS.US,60,20210322,190000,3.13,3.1373,3.05,3.09,5544,0
IPOD-WS.US,60,20210322,200000,3.1093,3.11,3.07,3.09,2039,0
IPOD-WS.US,60,20210322,210000,3.07,3.11,2.97,2.9706,24794,0
IPOD-WS.US,60,20210323,150000,3,3,2.9301,2.95,12707,0
IPOD-WS.US,60,20210323,160000,2.92,2.9203,2.81,2.849,18819,0
IPOD-WS.US,60,20210323,170000,2.915,2.93,2.81,2.86,20847,0
IPOD-WS.US,60,20210323,180000,2.84,2.9199,2.8,2.8,19172,0
IPOD-WS.US,60,20210323,190000,2.835,2.85,2.8,2.83,5615,0
IPOD-WS.US,60,20210323,200000,2.8,2.82,2.76,2.77,21317,0
IPOD-WS.US,60,20210323,210000,2.7703,2.7799,2.6,2.69,95552,0
IPOD-WS.US,60,20210324,150000,2.61,2.7,2.6,2.61,15888,0
IPOD-WS.US,60,20210324,160000,2.6,2.61,2.55,2.575,40691,0
IPOD-WS.US,60,20210324,170000,2.59,2.61,2.57,2.57,40705,0
IPOD-WS.US,60,20210324,180000,2.57,2.61,2.53,2.5999,19310,0
IPOD-WS.US,60,20210324,190000,2.565,2.61,2.565,2.61,20850,0
IPOD-WS.US,60,20210324,200000,2.6099,2.61,2.42,2.49,48310,0
IPOD-WS.US,60,20210324,210000,2.5041,2.51,2.41,2.44,65106,0
IPOD-WS.US,60,20210325,150000,2.15,2.32,2.15,2.23,48765,0
IPOD-WS.US,60,20210325,160000,2.2524,2.28,2.07,2.07,69204,0
IPOD-WS.US,60,20210325,170000,2.05,2.15,2.03,2.1,136763,0
IPOD-WS.US,60,20210325,180000,2.0901,2.27,2.0901,2.2699,167526,0
IPOD-WS.US,60,20210325,190000,2.27,2.3,2.23,2.28,54961,0
IPOD-WS.US,60,20210325,200000,2.3,2.3699,2.28,2.3699,17156,0
IPOD-WS.US,60,20210325,210000,2.35,2.42,2.34,2.35,19360,0
IPOD-WS.US,60,20210326,150000,2.4499,2.5,2.3803,2.41,13414,0
IPOD-WS.US,60,20210326,160000,2.43,2.43,2.405,2.425,17906,0
IPOD-WS.US,60,20210326,170000,2.425,2.43,2.38,2.38,11280,0
IPOD-WS.US,60,20210326,180000,2.41,2.43,2.4,2.4299,17989,0
IPOD-WS.US,60,20210326,190000,2.43,2.43,2.35,2.4,10360,0
IPOD-WS.US,60,20210326,200000,2.37,2.37,2.34,2.34,850,0
IPOD-WS.US,60,20210326,210000,2.37,2.45,2.34,2.4,87510,0
IPOD-WS.US,60,20210329,160000,2.45,2.45,2.32,2.37,4356,0
IPOD-WS.US,60,20210329,170000,2.3699,2.3699,2.3,2.35,12962,0
IPOD-WS.US,60,20210329,180000,2.35,2.35,2.25,2.27,17315,0
IPOD-WS.US,60,20210329,190000,2.28,2.3,2.28,2.2999,6145,0
IPOD-WS.US,60,20210329,200000,2.3,2.3,2.26,2.28,10000,0
IPOD-WS.US,60,20210329,210000,2.294,2.294,2.25,2.2501,15257,0
IPOD-WS.US,60,20210329,220000,2.275,2.29,2.205,2.2601,31908,0
IPOD-WS.US,60,20210330,160000,2.2,2.29,2.18,2.22,11380,0
IPOD-WS.US,60,20210330,170000,2.2597,2.31,2.2001,2.31,8896,0
IPOD-WS.US,60,20210330,180000,2.3,2.35,2.2601,2.33,31850,0
IPOD-WS.US,60,20210330,190000,2.2901,2.36,2.2901,2.319,16954,0
IPOD-WS.US,60,20210330,200000,2.3,2.35,2.26,2.3301,80406,0
IPOD-WS.US,60,20210330,210000,2.33,2.33,2.26,2.3,3435,0
IPOD-WS.US,60,20210330,220000,2.2701,2.36,2.25,2.35,13409,0
IPOD-WS.US,60,20210331,160000,2.42,2.43,2.41,2.42,1361,0
IPOD-WS.US,60,20210331,170000,2.335,2.35,2.2817,2.35,11304,0
IPOD-WS.US,60,20210331,180000,2.3201,2.35,2.32,2.335,9217,0
IPOD-WS.US,60,20210331,190000,2.3301,2.3805,2.32,2.32,15545,0
IPOD-WS.US,60,20210331,200000,2.34,2.4,2.34,2.37,3733,0
IPOD-WS.US,60,20210331,210000,2.37,2.42,2.35,2.36,15283,0
IPOD-WS.US,60,20210331,220000,2.36,2.45,2.335,2.435,14776,0
IPOD-WS.US,60,20210401,160000,2.47,2.5,2.44,2.5,7844,0
IPOD-WS.US,60,20210401,170000,2.45,2.48,2.43,2.4694,6829,0
IPOD-WS.US,60,20210401,180000,2.48,2.49,2.43,2.44,10022,0
IPOD-WS.US,60,20210401,190000,2.435,2.45,2.435,2.45,2691,0
IPOD-WS.US,60,20210401,200000,2.48,2.51,2.4799,2.505,14158,0
IPOD-WS.US,60,20210401,210000,2.49,2.4901,2.44,2.49,13811,0
IPOD-WS.US,60,20210401,220000,2.49,2.53,2.45,2.52,16033,0
IPOD-WS.US,60,20210405,160000,2.73,2.73,2.4504,2.54,7500,0
IPOD-WS.US,60,20210405,170000,2.5,2.58,2.5,2.55,10575,0
IPOD-WS.US,60,20210405,180000,2.5301,2.59,2.51,2.56,9727,0
IPOD-WS.US,60,20210405,190000,2.55,2.59,2.55,2.58,3482,0
IPOD-WS.US,60,20210405,200000,2.5876,2.63,2.5876,2.6,5201,0
IPOD-WS.US,60,20210405,210000,2.6,2.6,2.48,2.6,10530,0
IPOD-WS.US,60,20210405,220000,2.6,2.61,2.58,2.61,6495,0
IPOD-WS.US,60,20210406,160000,2.45,2.5,2.45,2.5,3254,0
IPOD-WS.US,60,20210406,170000,2.51,2.57,2.47,2.5579,7260,0
IPOD-WS.US,60,20210406,180000,2.57,2.63,2.5501,2.62,5360,0
IPOD-WS.US,60,20210406,190000,2.5899,2.5899,2.48,2.53,6115,0
IPOD-WS.US,60,20210406,200000,2.56,2.6,2.47,2.59,20810,0
IPOD-WS.US,60,20210406,210000,2.6,2.7451,2.6,2.72,25624,0
IPOD-WS.US,60,20210406,220000,2.675,2.79,2.65,2.79,21313,0
IPOD-WS.US,60,20210407,160000,2.99,2.99,2.77,2.77,2200,0
IPOD-WS.US,60,20210407,170000,2.77,2.79,2.71,2.71,3000,0
IPOD-WS.US,60,20210407,180000,2.72,2.77,2.54,2.6,21761,0
IPOD-WS.US,60,20210407,190000,2.63,2.6599,2.63,2.65,2750,0
IPOD-WS.US,60,20210407,200000,2.64,2.66,2.64,2.66,1003,0
IPOD-WS.US,60,20210407,210000,2.66,2.73,2.66,2.6801,6855,0
IPOD-WS.US,60,20210407,220000,2.7099,2.75,2.7099,2.75,5958,0
IPOD-WS.US,60,20210408,160000,2.9,2.9,2.72,2.72,4400,0
IPOD-WS.US,60,20210408,170000,2.77,2.77,2.65,2.7499,7197,0
IPOD-WS.US,60,20210408,180000,2.68,2.78,2.68,2.68,2200,0
IPOD-WS.US,60,20210408,190000,2.7,2.74,2.68,2.68,2496,0
IPOD-WS.US,60,20210408,200000,2.69,2.785,2.68,2.75,3000,0
IPOD-WS.US,60,20210408,210000,2.7501,2.7501,2.7,2.7,5931,0
IPOD-WS.US,60,20210408,220000,2.6919,2.8,2.65,2.8,30249,0
IPOD-WS.US,60,20210409,160000,2.97,2.97,2.7,2.7224,2967,0
IPOD-WS.US,60,20210409,170000,2.7592,2.81,2.71,2.79,3696,0
IPOD-WS.US,60,20210409,180000,2.7899,2.79,2.71,2.725,2800,0
IPOD-WS.US,60,20210409,190000,2.76,2.76,2.75,2.76,4422,0
IPOD-WS.US,60,20210409,200000,2.73,2.991,2.7299,2.991,23771,0
IPOD-WS.US,60,20210409,210000,2.985,3,2.96,2.985,33373,0
IPOD-WS.US,60,20210409,220000,2.99,3.1,2.98,3.06,33466,0
IPOD-WS.US,60,20210412,160000,3.06,3.06,2.8607,2.8607,12608,0
IPOD-WS.US,60,20210412,170000,2.88,2.9,2.86,2.8601,7343,0
IPOD-WS.US,60,20210412,180000,2.86,2.86,2.77,2.77,6294,0
IPOD-WS.US,60,20210412,190000,2.8509,2.905,2.8509,2.905,7742,0
IPOD-WS.US,60,20210412,200000,2.91,2.97,2.89,2.95,5260,0
IPOD-WS.US,60,20210412,210000,2.95,3,2.89,2.9799,8988,0
IPOD-WS.US,60,20210412,220000,2.94,2.98,2.9123,2.95,9746,0
IPOD-WS.US,60,20210413,160000,3.05,3.05,2.79,2.9,8250,0
IPOD-WS.US,60,20210413,170000,2.82,2.92,2.77,2.85,11331,0
IPOD-WS.US,60,20210413,180000,2.88,2.92,2.88,2.914,10490,0
IPOD-WS.US,60,20210413,190000,2.9,2.94,2.9,2.9,10210,0
IPOD-WS.US,60,20210413,200000,2.9,2.9234,2.9,2.9234,5196,0
IPOD-WS.US,60,20210413,210000,2.92,2.9228,2.92,2.92,6200,0
IPOD-WS.US,60,20210413,220000,2.92,2.99,2.92,2.99,21688,0
IPOD-WS.US,60,20210414,160000,2.99,2.99,2.88,2.88,2854,0
IPOD-WS.US,60,20210414,170000,2.91,2.91,2.84,2.85,6370,0
IPOD-WS.US,60,20210414,180000,2.87,2.8708,2.83,2.858,2600,0
IPOD-WS.US,60,20210414,190000,2.89,2.89,2.78,2.8,8009,0
IPOD-WS.US,60,20210414,200000,2.79,2.79,2.72,2.72,4275,0
IPOD-WS.US,60,20210414,210000,2.72,2.77,2.7,2.77,5524,0
IPOD-WS.US,60,20210414,220000,2.76,2.76,2.63,2.6399,8588,0
IPOD-WS.US,60,20210415,160000,2.87,2.87,2.75,2.75,2714,0
IPOD-WS.US,60,20210415,170000,2.75,2.75,2.7001,2.74,6405,0
IPOD-WS.US,60,20210415,180000,2.71,2.74,2.65,2.709,2840,0
IPOD-WS.US,60,20210415,190000,2.66,2.68,2.51,2.51,17548,0
IPOD-WS.US,60,20210415,200000,2.54,2.54,2.4,2.475,14752,0
IPOD-WS.US,60,20210415,210000,2.43,2.5199,2.4,2.4707,5119,0
IPOD-WS.US,60,20210415,220000,2.49,2.49,2.35,2.45,13171,0
IPOD-WS.US,60,20210416,160000,2.41,2.41,2.39,2.4,4840,0
IPOD-WS.US,60,20210416,170000,2.39,2.49,2.39,2.4,19535,0
IPOD-WS.US,60,20210416,180000,2.42,2.43,2.3895,2.42,5746,0
IPOD-WS.US,60,20210416,190000,2.41,2.45,2.41,2.43,4219,0
IPOD-WS.US,60,20210416,200000,2.44,2.45,2.4,2.4,5069,0
IPOD-WS.US,60,20210416,210000,2.4099,2.41,2.385,2.385,925,0
IPOD-WS.US,60,20210416,220000,2.38,2.4,2.35,2.3657,10097,0
IPOD-WS.US,60,20210419,160000,2.27,2.31,2.25,2.29,25298,0
IPOD-WS.US,60,20210419,170000,2.29,2.29,2.2,2.24,21814,0
IPOD-WS.US,60,20210419,180000,2.24,2.2536,2.1,2.15,52399,0
IPOD-WS.US,60,20210419,190000,2.15,2.17,2.1,2.15,58396,0
IPOD-WS.US,60,20210419,200000,2.12,2.22,2.12,2.22,9855,0
IPOD-WS.US,60,20210419,210000,2.22,2.2701,2.21,2.2701,11561,0
IPOD-WS.US,60,20210419,220000,2.29,2.29,2.27,2.2897,19235,0
IPOD-WS.US,60,20210420,160000,2.21,2.24,2.21,2.24,1300,0
IPOD-WS.US,60,20210420,170000,2.24,2.24,2.15,2.15,13943,0
IPOD-WS.US,60,20210420,180000,2.14,2.15,2.01,2.0699,78790,0
IPOD-WS.US,60,20210420,190000,2.05,2.1099,2.03,2.06,36198,0
IPOD-WS.US,60,20210420,200000,2.06,2.1,2.0598,2.1,38075,0
IPOD-WS.US,60,20210420,210000,2.1,2.13,2.08,2.08,11920,0
IPOD-WS.US,60,20210420,220000,2.08,2.11,2.02,2.07,27103,0
IPOD-WS.US,60,20210421,160000,2.01,2.08,1.98,1.99,61195,0
IPOD-WS.US,60,20210421,170000,1.99,2.15,1.96,2.15,51555,0
IPOD-WS.US,60,20210421,180000,2.095,2.15,2.0901,2.12,21156,0
IPOD-WS.US,60,20210421,190000,2.15,2.17,2.12,2.17,21171,0
IPOD-WS.US,60,20210421,200000,2.1874,2.22,2.17,2.2,4578,0
IPOD-WS.US,60,20210421,210000,2.2219,2.41,2.18,2.39,26778,0
IPOD-WS.US,60,20210421,220000,2.41,2.5,2.39,2.5,42431,0
IPOD-WS.US,60,20210422,160000,2.5,2.5,2.42,2.4501,5480,0
IPOD-WS.US,60,20210422,170000,2.4995,2.5,2.465,2.5,5750,0
IPOD-WS.US,60,20210422,180000,2.46,2.46,2.4438,2.4438,731,0
IPOD-WS.US,60,20210422,190000,2.48,2.57,2.44,2.55,24877,0
IPOD-WS.US,60,20210422,200000,2.5999,2.6,2.41,2.41,11030,0
IPOD-WS.US,60,20210422,210000,2.4001,2.4301,2.4001,2.4301,2900,0
IPOD-WS.US,60,20210422,220000,2.4341,2.4341,2.37,2.37,5198,0
IPOD-WS.US,60,20210423,160000,2.63,2.63,2.4106,2.44,4444,0
IPOD-WS.US,60,20210423,170000,2.44,2.47,2.4001,2.4001,4657,0
IPOD-WS.US,60,20210423,180000,2.3701,2.48,2.3701,2.4501,2125,0
IPOD-WS.US,60,20210423,190000,2.45,2.475,2.45,2.475,2948,0
IPOD-WS.US,60,20210423,200000,2.45,2.465,2.45,2.465,5132,0
IPOD-WS.US,60,20210423,210000,2.45,2.479,2.37,2.38,3368,0
IPOD-WS.US,60,20210423,220000,2.47,2.47,2.34,2.34,10685,0
IPOD-WS.US,60,20210426,160000,2.26,2.3886,2.25,2.29,52599,0
IPOD-WS.US,60,20210426,170000,2.2802,2.34,2.16,2.26,99844,0
IPOD-WS.US,60,20210426,180000,2.21,2.32,2.21,2.32,23304,0
IPOD-WS.US,60,20210426,190000,2.33,2.39,2.22,2.22,28592,0
IPOD-WS.US,60,20210426,200000,2.31,2.45,2.2987,2.44,25502,0
IPOD-WS.US,60,20210426,210000,2.43,2.48,2.3606,2.4,26000,0
IPOD-WS.US,60,20210426,220000,2.4,2.5,2.36,2.5,23598,0
IPOD-WS.US,60,20210427,160000,2.45,2.49,2.45,2.45,6006,0
IPOD-WS.US,60,20210427,170000,2.471,2.471,2.45,2.45,1200,0
IPOD-WS.US,60,20210427,180000,2.47,2.47,2.45,2.47,10472,0
IPOD-WS.US,60,20210427,190000,2.4899,2.4899,2.34,2.3499,15688,0
IPOD-WS.US,60,20210427,200000,2.35,2.3702,2.32,2.3702,15200,0
IPOD-WS.US,60,20210427,210000,2.4499,2.4499,2.3501,2.3501,4000,0
IPOD-WS.US,60,20210427,220000,2.4499,2.4699,2.34,2.38,44310,0
IPOD-WS.US,60,20210428,170000,2.41,2.47,2.41,2.43,7400,0
IPOD-WS.US,60,20210428,180000,2.39,2.4,2.39,2.39,7102,0
IPOD-WS.US,60,20210428,190000,2.4,2.43,2.4,2.42,6620,0
IPOD-WS.US,60,20210428,200000,2.38,2.45,2.36,2.45,10240,0
IPOD-WS.US,60,20210428,210000,2.385,2.385,2.385,2.385,2000,0
IPOD-WS.US,60,20210428,220000,2.38,2.38,2.36,2.38,8340,0
IPOD-WS.US,60,20210429,160000,2.45,2.47,2.45,2.47,2500,0
IPOD-WS.US,60,20210429,170000,2.4736,2.4736,2.36,2.3604,9046,0
IPOD-WS.US,60,20210429,180000,2.36,2.4,2.36,2.3601,41570,0
IPOD-WS.US,60,20210429,190000,2.44,2.45,2.44,2.45,600,0
IPOD-WS.US,60,20210429,200000,2.45,2.45,2.45,2.45,20000,0
IPOD-WS.US,60,20210429,210000,2.45,2.45,2.39,2.39,700,0
IPOD-WS.US,60,20210429,220000,2.4,2.44,2.4,2.44,3972,0
IPOD-WS.US,60,20210430,160000,2.4398,2.4401,2.4398,2.4401,7860,0
IPOD-WS.US,60,20210430,170000,2.44,2.4401,2.38,2.4,6568,0
IPOD-WS.US,60,20210430,180000,2.38,2.4,2.355,2.36,9414,0
IPOD-WS.US,60,20210430,190000,2.36,2.36,2.36,2.36,400,0
IPOD-WS.US,60,20210430,200000,2.37,2.3749,2.35,2.35,3798,0
IPOD-WS.US,60,20210430,210000,2.35,2.35,2.335,2.34,24544,0
IPOD-WS.US,60,20210430,220000,2.32,2.4,2.32,2.4,5832,0
IPOD-WS.US,60,20210503,160000,2.37,2.4,2.37,2.4,3050,0
IPOD-WS.US,60,20210503,170000,2.43,2.43,2.4,2.4,6751,0
IPOD-WS.US,60,20210503,180000,2.37,2.39,2.35,2.375,3673,0
IPOD-WS.US,60,20210503,190000,2.38,2.38,2.35,2.35,1100,0
IPOD-WS.US,60,20210503,200000,2.35,2.355,2.31,2.3301,1550,0
IPOD-WS.US,60,20210503,210000,2.32,2.38,2.32,2.38,363,0
IPOD-WS.US,60,20210503,220000,2.3201,2.34,2.11,2.29,29757,0
IPOD-WS.US,60,20210504,160000,2.35,2.37,2.25,2.25,5429,0
IPOD-WS.US,60,20210504,170000,2.34,2.38,2.2301,2.29,7317,0
IPOD-WS.US,60,20210504,180000,2.29,2.34,2.2603,2.28,3719,0
IPOD-WS.US,60,20210504,190000,2.28,2.31,2.28,2.31,5700,0
IPOD-WS.US,60,20210504,200000,2.28,2.32,2.28,2.32,3971,0
IPOD-WS.US,60,20210504,210000,2.32,2.32,2.22,2.255,6598,0
IPOD-WS.US,60,20210504,220000,2.25,2.33,2.19,2.28,24231,0
IPOD-WS.US,60,20210505,160000,2.35,2.35,2.12,2.17,27630,0
IPOD-WS.US,60,20210505,170000,2.14,2.17,2.09,2.09,18991,0
IPOD-WS.US,60,20210505,180000,2.0901,2.17,2.09,2.11,33169,0
IPOD-WS.US,60,20210505,190000,2.12,2.12,2.07,2.1,31140,0
IPOD-WS.US,60,20210505,200000,2.08,2.08,2.06,2.06,18650,0
IPOD-WS.US,60,20210505,210000,2.0799,2.081,2.05,2.0598,16997,0
IPOD-WS.US,60,20210505,220000,2.06,2.08,2.05,2.0734,30578,0
IPOD-WS.US,60,20210506,160000,2.05,2.065,2.05,2.05,21151,0
IPOD-WS.US,60,20210506,170000,2.05,2.06,2.01,2.0499,42812,0
IPOD-WS.US,60,20210506,180000,2.03,2.05,2,2.005,17785,0
IPOD-WS.US,60,20210506,190000,2.01,2.01,1.93,1.9498,27958,0
IPOD-WS.US,60,20210506,200000,2,2,1.93,1.965,11413,0
IPOD-WS.US,60,20210506,210000,1.93,1.95,1.91,1.9301,16084,0
IPOD-WS.US,60,20210506,220000,1.9399,1.98,1.91,1.92,14400,0
IPOD-WS.US,60,20210507,160000,1.92,1.98,1.86,1.9699,5163,0
IPOD-WS.US,60,20210507,170000,1.9502,2.02,1.9201,1.9201,19204,0
IPOD-WS.US,60,20210507,180000,1.93,1.93,1.89,1.9001,24282,0
IPOD-WS.US,60,20210507,190000,1.91,1.94,1.9,1.92,4919,0
IPOD-WS.US,60,20210507,200000,1.91,1.95,1.91,1.95,3015,0
IPOD-WS.US,60,20210507,210000,1.9101,1.96,1.91,1.96,8411,0
IPOD-WS.US,60,20210507,220000,1.96,2.03,1.9401,1.9401,5149,0
IPOD-WS.US,60,20210510,160000,1.9,1.949,1.81,1.8408,30808,0
IPOD-WS.US,60,20210510,170000,1.81,1.85,1.81,1.8498,21140,0
IPOD-WS.US,60,20210510,180000,1.83,1.869,1.79,1.8219,38748,0
IPOD-WS.US,60,20210510,190000,1.8246,1.8576,1.82,1.8576,4482,0
IPOD-WS.US,60,20210510,200000,1.845,1.85,1.76,1.79,19446,0
IPOD-WS.US,60,20210510,210000,1.84,1.84,1.77,1.78,8737,0
IPOD-WS.US,60,20210510,220000,1.79,1.81,1.76,1.81,18941,0
IPOD-WS.US,60,20210511,160000,1.78,1.7805,1.69,1.7185,20117,0
IPOD-WS.US,60,20210511,170000,1.71,1.71,1.63,1.6301,31816,0
IPOD-WS.US,60,20210511,180000,1.64,1.76,1.63,1.69,23186,0
IPOD-WS.US,60,20210511,190000,1.72,1.72,1.65,1.7,6286,0
IPOD-WS.US,60,20210511,200000,1.67,1.7121,1.67,1.71,4950,0
IPOD-WS.US,60,20210511,210000,1.7021,1.7104,1.69,1.7104,9313,0
IPOD-WS.US,60,20210511,220000,1.71,1.72,1.71,1.72,3902,0
IPOD-WS.US,60,20210512,160000,1.76,1.76,1.66,1.6601,10732,0
IPOD-WS.US,60,20210512,170000,1.7,1.73,1.65,1.65,22353,0
IPOD-WS.US,60,20210512,180000,1.63,1.6999,1.62,1.62,26273,0
IPOD-WS.US,60,20210512,190000,1.6201,1.6794,1.62,1.6201,8122,0
IPOD-WS.US,60,20210512,200000,1.65,1.65,1.62,1.6201,11180,0
IPOD-WS.US,60,20210512,210000,1.625,1.63,1.57,1.6,21124,0
IPOD-WS.US,60,20210512,220000,1.6,1.6299,1.59,1.6,6273,0
IPOD-WS.US,60,20210513,160000,1.595,1.62,1.58,1.61,10607,0
IPOD-WS.US,60,20210513,170000,1.63,1.63,1.58,1.58,8722,0
IPOD-WS.US,60,20210513,180000,1.6,1.6199,1.58,1.61,8995,0
IPOD-WS.US,60,20210513,190000,1.58,1.6,1.57,1.59,21849,0
IPOD-WS.US,60,20210513,200000,1.57,1.5707,1.45,1.5,22429,0
IPOD-WS.US,60,20210513,210000,1.5,1.54,1.5,1.5,13557,0
IPOD-WS.US,60,20210513,220000,1.5,1.5301,1.45,1.5,15838,0
IPOD-WS.US,60,20210514,160000,1.47,1.58,1.47,1.55,8642,0
IPOD-WS.US,60,20210514,170000,1.575,1.58,1.56,1.56,4700,0
IPOD-WS.US,60,20210514,180000,1.5699,1.58,1.55,1.55,10724,0
IPOD-WS.US,60,20210514,190000,1.55,1.56,1.55,1.5599,6907,0
IPOD-WS.US,60,20210514,200000,1.56,1.56,1.5,1.53,3256,0
IPOD-WS.US,60,20210514,210000,1.56,1.62,1.5597,1.5999,8253,0
IPOD-WS.US,60,20210514,220000,1.57,1.6499,1.55,1.57,24483,0
IPOD-WS.US,60,20210517,160000,1.57,1.57,1.55,1.55,1611,0
IPOD-WS.US,60,20210517,170000,1.57,1.69,1.57,1.6832,16145,0
IPOD-WS.US,60,20210517,180000,1.669,1.681,1.66,1.66,12500,0
IPOD-WS.US,60,20210517,190000,1.675,1.675,1.65,1.65,14229,0
IPOD-WS.US,60,20210517,200000,1.6,1.65,1.6,1.62,3339,0
IPOD-WS.US,60,20210517,210000,1.5801,1.6,1.56,1.57,9326,0
IPOD-WS.US,60,20210517,220000,1.57,1.61,1.54,1.5498,26016,0
IPOD-WS.US,60,20210518,160000,1.54,1.54,1.53,1.53,321,0
IPOD-WS.US,60,20210518,170000,1.6,1.65,1.5578,1.6,6858,0
IPOD-WS.US,60,20210518,180000,1.6,1.65,1.58,1.58,2863,0
IPOD-WS.US,60,20210518,190000,1.605,1.605,1.5901,1.5901,1000,0
IPOD-WS.US,60,20210518,200000,1.65,1.66,1.6301,1.6301,5925,0
IPOD-WS.US,60,20210518,210000,1.645,1.65,1.61,1.6234,4750,0
IPOD-WS.US,60,20210518,220000,1.615,1.62,1.58,1.58,2800,0
IPOD-WS.US,60,20210519,160000,1.52,1.55,1.5,1.53,6565,0
IPOD-WS.US,60,20210519,170000,1.5533,1.56,1.51,1.525,4798,0
IPOD-WS.US,60,20210519,180000,1.5101,1.54,1.51,1.54,22206,0
IPOD-WS.US,60,20210519,190000,1.54,1.54,1.52,1.52,5200,0
IPOD-WS.US,60,20210519,200000,1.5201,1.57,1.5201,1.53,4091,0
IPOD-WS.US,60,20210519,210000,1.57,1.6,1.56,1.6,17094,0
IPOD-WS.US,60,20210519,220000,1.62,1.7,1.59,1.7,22010,0
IPOD-WS.US,60,20210520,160000,1.63,1.7,1.6292,1.6657,9552,0
IPOD-WS.US,60,20210520,170000,1.66,1.75,1.6501,1.72,4902,0
IPOD-WS.US,60,20210520,180000,1.72,1.77,1.72,1.7598,25307,0
IPOD-WS.US,60,20210520,190000,1.7301,1.762,1.7301,1.7401,2103,0
IPOD-WS.US,60,20210520,200000,1.75,1.81,1.75,1.8,40401,0
IPOD-WS.US,60,20210520,210000,1.77,1.8,1.77,1.78,39100,0
IPOD-WS.US,60,20210520,220000,1.77,1.89,1.77,1.89,44309,0
IPOD-WS.US,60,20210521,160000,1.78,1.9,1.78,1.88,8378,0
IPOD-WS.US,60,20210521,170000,1.89,1.92,1.8201,1.9199,15774,0
IPOD-WS.US,60,20210521,180000,1.92,1.94,1.89,1.94,3755,0
IPOD-WS.US,60,20210521,190000,1.94,1.99,1.86,1.955,5710,0
IPOD-WS.US,60,20210521,200000,1.9436,1.99,1.9108,1.99,6591,0
IPOD-WS.US,60,20210521,210000,1.99,1.99,1.98,1.99,6024,0
IPOD-WS.US,60,20210521,220000,1.99,1.99,1.95,1.97,15360,0
IPOD-WS.US,60,20210524,160000,2,2,1.91,1.9678,3050,0
IPOD-WS.US,60,20210524,170000,1.9899,1.9899,1.94,1.975,3550,0
IPOD-WS.US,60,20210524,180000,1.95,1.98,1.95,1.98,3000,0
IPOD-WS.US,60,20210524,190000,1.96,1.96,1.96,1.96,332,0
IPOD-WS.US,60,20210524,200000,1.9501,1.99,1.95,1.99,4511,0
IPOD-WS.US,60,20210524,210000,1.99,1.99,1.95,1.97,6550,0
IPOD-WS.US,60,20210524,220000,1.95,1.9549,1.89,1.9294,13124,0
IPOD-WS.US,60,20210525,160000,1.945,1.945,1.945,1.945,100,0
IPOD-WS.US,60,20210525,170000,1.99,1.99,1.93,1.94,9391,0
IPOD-WS.US,60,20210525,180000,1.99,1.99,1.9,1.97,10822,0
IPOD-WS.US,60,20210525,190000,1.95,1.95,1.93,1.95,1100,0
IPOD-WS.US,60,20210525,200000,1.95,1.99,1.95,1.99,24337,0
IPOD-WS.US,60,20210525,210000,1.99,2,1.95,2,3291,0
IPOD-WS.US,60,20210525,220000,2,2.1002,1.95,2.1002,22927,0
IPOD-WS.US,60,20210526,160000,1.93,2,1.93,1.96,12584,0
IPOD-WS.US,60,20210526,170000,1.98,1.9996,1.96,1.9649,800,0
IPOD-WS.US,60,20210526,180000,1.99,2.07,1.99,2.05,2334,0
IPOD-WS.US,60,20210526,190000,2.05,2.05,2.05,2.05,600,0
IPOD-WS.US,60,20210526,200000,2.05,2.14,2.0499,2.14,17634,0
IPOD-WS.US,60,20210526,210000,2.13,2.14,2.12,2.12,6600,0
IPOD-WS.US,60,20210526,220000,2.12,2.18,2.1197,2.18,33593,0
IPOD-WS.US,60,20210527,160000,2.18,2.18,2.13,2.13,5537,0
IPOD-WS.US,60,20210527,170000,2.21,2.23,2.2,2.22,29110,0
IPOD-WS.US,60,20210527,180000,2.2,2.2,2.18,2.1802,3284,0
IPOD-WS.US,60,20210527,190000,2.15,2.1501,2.05,2.1399,7924,0
IPOD-WS.US,60,20210527,200000,2.09,2.0906,2.09,2.0906,2250,0
IPOD-WS.US,60,20210527,210000,2.06,2.09,2.02,2.056,11045,0
IPOD-WS.US,60,20210527,220000,2.09,2.2,2.0758,2.2,27214,0
IPOD-WS.US,60,20210528,170000,2.13,2.2,2.09,2.155,34677,0
IPOD-WS.US,60,20210528,180000,2.1101,2.2,2.1,2.1,4532,0
IPOD-WS.US,60,20210528,190000,2.125,2.125,2.1005,2.1005,1072,0
IPOD-WS.US,60,20210528,200000,2.1,2.15,2.1,2.15,6300,0
IPOD-WS.US,60,20210528,210000,2.15,2.2,2.15,2.2,11265,0
IPOD-WS.US,60,20210528,220000,2.2,2.22,2.13,2.22,12386,0
IPOD-WS.US,60,20210601,160000,2.16,2.25,2.1101,2.1101,5728,0
IPOD-WS.US,60,20210601,170000,2.1201,2.15,2.12,2.12,7917,0
IPOD-WS.US,60,20210601,180000,2.1101,2.1101,2.1101,2.1101,1000,0
IPOD-WS.US,60,20210601,190000,2.12,2.12,2.11,2.11,530,0
IPOD-WS.US,60,20210601,200000,2.11,2.1299,2.11,2.12,900,0
IPOD-WS.US,60,20210601,210000,2.125,2.125,2.1,2.115,3575,0
IPOD-WS.US,60,20210601,220000,2.1,2.1299,2.1,2.11,7925,0
IPOD-WS.US,60,20210602,160000,2.24,2.24,2.1001,2.16,2400,0
IPOD-WS.US,60,20210602,170000,2.11,2.13,2.09,2.125,3800,0
IPOD-WS.US,60,20210602,180000,2.12,2.2,2.09,2.18,24915,0
IPOD-WS.US,60,20210602,190000,2.09,2.25,2.09,2.23,10260,0
IPOD-WS.US,60,20210602,200000,2.22,2.25,2.2,2.23,18720,0
IPOD-WS.US,60,20210602,210000,2.23,2.25,2.17,2.25,11230,0
IPOD-WS.US,60,20210602,220000,2.18,2.2,2.18,2.2,9988,0
IPOD-WS.US,60,20210603,160000,2.24,2.24,2.12,2.2,3890,0
IPOD-WS.US,60,20210603,170000,2.19,2.23,2.19,2.21,24261,0
IPOD-WS.US,60,20210603,180000,2.21,2.23,2.1859,2.22,14540,0
IPOD-WS.US,60,20210603,190000,2.21,2.23,2.21,2.23,5091,0
IPOD-WS.US,60,20210603,200000,2.225,2.24,2.22,2.2299,3930,0
IPOD-WS.US,60,20210603,210000,2.23,2.24,2.21,2.21,2160,0
IPOD-WS.US,60,20210603,220000,2.2201,2.225,2.22,2.225,2458,0
IPOD-WS.US,60,20210604,160000,2.2,2.26,2.2,2.26,3910,0
IPOD-WS.US,60,20210604,170000,2.26,2.2653,2.25,2.26,27534,0
IPOD-WS.US,60,20210604,180000,2.2602,2.2602,2.25,2.2501,29562,0
IPOD-WS.US,60,20210604,190000,2.25,2.27,2.23,2.23,20089,0
IPOD-WS.US,60,20210604,200000,2.2301,2.235,2.17,2.1701,23772,0
IPOD-WS.US,60,20210604,210000,2.17,2.18,2.09,2.0901,29180,0
IPOD-WS.US,60,20210604,220000,2.09,2.25,2.09,2.25,13560,0
IPOD-WS.US,60,20210607,160000,2.17,2.225,2.17,2.18,2500,0
IPOD-WS.US,60,20210607,170000,2.16,2.19,2.15,2.19,1587,0
IPOD-WS.US,60,20210607,180000,2.2199,2.22,2.12,2.13,9832,0
IPOD-WS.US,60,20210607,190000,2.13,2.15,2.09,2.0901,20491,0
IPOD-WS.US,60,20210607,200000,2.125,2.1372,2.125,2.13,2200,0
IPOD-WS.US,60,20210607,210000,2.13,2.15,2.075,2.08,19232,0
IPOD-WS.US,60,20210607,220000,2.085,2.19,2.085,2.19,6003,0
IPOD-WS.US,60,20210608,160000,2.2,2.21,2.19,2.19,13000,0
IPOD-WS.US,60,20210608,170000,2.1599,2.24,2.1,2.24,27806,0
IPOD-WS.US,60,20210608,180000,2.1999,2.1999,2.145,2.18,5716,0
IPOD-WS.US,60,20210608,190000,2.14,2.17,2.13,2.16,5076,0
IPOD-WS.US,60,20210608,200000,2.17,2.17,2.11,2.1501,5290,0
IPOD-WS.US,60,20210608,210000,2.13,2.1699,2.095,2.095,16395,0
IPOD-WS.US,60,20210608,220000,2.1,2.17,2.07,2.17,27529,0
IPOD-WS.US,60,20210609,160000,2.275,2.32,2.21,2.21,9740,0
IPOD-WS.US,60,20210609,170000,2.24,2.32,2.237,2.25,33667,0
IPOD-WS.US,60,20210609,180000,2.27,2.29,2.22,2.28,9335,0
IPOD-WS.US,60,20210609,190000,2.28,2.287,2.28,2.2801,41799,0
IPOD-WS.US,60,20210609,200000,2.2801,2.49,2.2801,2.4,25854,0
IPOD-WS.US,60,20210609,210000,2.4,2.47,2.38,2.41,29182,0
IPOD-WS.US,60,20210609,220000,2.39,2.46,2.32,2.32,22440,0
IPOD-WS.US,60,20210610,160000,2.32,2.48,2.3,2.48,7053,0
IPOD-WS.US,60,20210610,170000,2.4589,2.46,2.38,2.3801,23854,0
IPOD-WS.US,60,20210610,180000,2.39,2.39,2.3501,2.3501,7381,0
IPOD-WS.US,60,20210610,190000,2.37,2.38,2.37,2.38,460,0
IPOD-WS.US,60,20210610,200000,2.395,2.395,2.39,2.39,700,0
IPOD-WS.US,60,20210610,210000,2.38,2.4,2.35,2.35,10331,0
IPOD-WS.US,60,20210610,220000,2.35,2.39,2.33,2.33,8660,0
IPOD-WS.US,60,20210611,170000,2.3401,2.45,2.3401,2.425,4150,0
IPOD-WS.US,60,20210611,180000,2.42,2.42,2.34,2.365,4580,0
IPOD-WS.US,60,20210611,190000,2.34,2.4,2.32,2.3999,3766,0
IPOD-WS.US,60,20210611,200000,2.35,2.35,2.35,2.35,600,0
IPOD-WS.US,60,20210611,210000,2.39,2.39,2.37,2.3899,3604,0
IPOD-WS.US,60,20210611,220000,2.39,2.39,2.34,2.3595,4959,0
IPOD-WS.US,60,20210614,160000,2.42,2.42,2.3874,2.4,6797,0
IPOD-WS.US,60,20210614,170000,2.36,2.36,2.32,2.36,9600,0
IPOD-WS.US,60,20210614,180000,2.36,2.38,2.36,2.38,4075,0
IPOD-WS.US,60,20210614,200000,2.38,2.41,2.38,2.41,7115,0
IPOD-WS.US,60,20210614,210000,2.42,2.4353,2.4199,2.4353,5646,0
IPOD-WS.US,60,20210614,220000,2.42,2.45,2.3607,2.45,17012,0
IPOD-WS.US,60,20210615,160000,2.49,2.49,2.4,2.4,3041,0
IPOD-WS.US,60,20210615,170000,2.401,2.401,2.3,2.4001,21674,0
IPOD-WS.US,60,20210615,180000,2.42,2.4399,2.42,2.4399,1075,0
IPOD-WS.US,60,20210615,190000,2.42,2.4279,2.42,2.4202,7999,0
IPOD-WS.US,60,20210615,200000,2.42,2.42,2.42,2.42,100,0
IPOD-WS.US,60,20210615,210000,2.42,2.43,2.4,2.4001,61350,0
IPOD-WS.US,60,20210615,220000,2.4,2.43,2.4,2.43,20600,0
IPOD-WS.US,60,20210616,160000,2.45,2.45,2.4,2.4001,1900,0
IPOD-WS.US,60,20210616,170000,2.4101,2.425,2.3997,2.3997,4320,0
IPOD-WS.US,60,20210616,180000,2.4,2.4,2.34,2.39,3200,0
IPOD-WS.US,60,20210616,190000,2.32,2.355,2.32,2.355,1050,0
IPOD-WS.US,60,20210616,200000,2.35,2.35,2.3,2.34,9367,0
IPOD-WS.US,60,20210616,210000,2.29,2.3001,2.29,2.3,2400,0
IPOD-WS.US,60,20210616,220000,2.3001,2.35,2.3,2.35,2299,0
IPOD-WS.US,60,20210617,160000,2.31,2.3512,2.31,2.35,500,0
IPOD-WS.US,60,20210617,170000,2.35,2.35,2.35,2.35,428,0
IPOD-WS.US,60,20210617,180000,2.335,2.35,2.3203,2.35,2551,0
IPOD-WS.US,60,20210617,190000,2.32,2.345,2.32,2.345,5370,0
IPOD-WS.US,60,20210617,200000,2.3401,2.3401,2.33,2.33,1900,0
IPOD-WS.US,60,20210617,220000,2.32,2.32,2.31,2.31,1200,0
IPOD-WS.US,60,20210618,160000,2.15,2.31,2.15,2.31,858,0
IPOD-WS.US,60,20210618,170000,2.31,2.31,2.3,2.3,375,0
IPOD-WS.US,60,20210618,180000,2.35,2.35,2.35,2.35,922,0
IPOD-WS.US,60,20210618,190000,2.35,2.3587,2.29,2.3,2425,0
IPOD-WS.US,60,20210618,200000,2.2998,2.2998,2.28,2.28,2430,0
IPOD-WS.US,60,20210618,210000,2.29,2.295,2.29,2.29,3751,0
IPOD-WS.US,60,20210618,220000,2.3,2.3,2.27,2.27,4358,0
IPOD-WS.US,60,20210621,160000,2.2703,2.2703,2.14,2.26,23461,0
IPOD-WS.US,60,20210621,170000,2.21,2.22,2.17,2.17,500,0
IPOD-WS.US,60,20210621,180000,2.18,2.205,2.17,2.205,4030,0
IPOD-WS.US,60,20210621,190000,2.2399,2.24,2.205,2.24,550,0
IPOD-WS.US,60,20210621,200000,2.18,2.2,2.15,2.1602,13929,0
IPOD-WS.US,60,20210621,210000,2.145,2.15,2.085,2.09,21853,0
IPOD-WS.US,60,20210621,220000,2.13,2.45,2.12,2.44,48682,0
IPOD-WS.US,60,20210622,160000,2.26,2.26,2.18,2.18,7475,0
IPOD-WS.US,60,20210622,170000,2.19,2.28,2.19,2.2678,2735,0
IPOD-WS.US,60,20210622,180000,2.25,2.25,2.16,2.16,12708,0
IPOD-WS.US,60,20210622,190000,2.155,2.215,2.155,2.215,5790,0
IPOD-WS.US,60,20210622,200000,2.18,2.225,2.18,2.225,750,0
IPOD-WS.US,60,20210622,220000,2.225,2.39,2.225,2.39,13746,0
IPOD-WS.US,60,20210623,160000,2.38,2.38,2.21,2.31,2750,0
IPOD-WS.US,60,20210623,170000,2.21,2.255,2.21,2.21,5100,0
IPOD-WS.US,60,20210623,180000,2.295,2.296,2.29,2.296,2925,0
IPOD-WS.US,60,20210623,190000,2.29,2.37,2.2703,2.37,13400,0
IPOD-WS.US,60,20210623,200000,2.38,2.38,2.38,2.38,3638,0
IPOD-WS.US,60,20210623,210000,2.29,2.31,2.29,2.31,288,0
IPOD-WS.US,60,20210623,220000,2.35,2.45,2.35,2.45,29584,0
IPOD-WS.US,60,20210624,160000,2.28,2.4,2.26,2.371,715,0
IPOD-WS.US,60,20210624,170000,2.37,2.3981,2.34,2.3981,965,0
IPOD-WS.US,60,20210624,180000,2.3401,2.4,2.33,2.37,2300,0
IPOD-WS.US,60,20210624,190000,2.3546,2.37,2.33,2.3699,9150,0
IPOD-WS.US,60,20210624,200000,2.34,2.34,2.33,2.33,17290,0
IPOD-WS.US,60,20210624,210000,2.33,2.33,2.28,2.2877,10926,0
IPOD-WS.US,60,20210624,220000,2.28,2.33,2.28,2.33,5792,0
IPOD-WS.US,60,20210625,160000,2.34,2.34,2.3,2.3001,5344,0
IPOD-WS.US,60,20210625,170000,2.38,2.39,2.29,2.29,2500,0
IPOD-WS.US,60,20210625,180000,2.29,2.33,2.29,2.3299,5225,0
IPOD-WS.US,60,20210625,190000,2.3,2.3,2.25,2.2806,4113,0
IPOD-WS.US,60,20210625,200000,2.26,2.26,2.26,2.26,100,0
IPOD-WS.US,60,20210625,210000,2.26,2.36,2.26,2.36,19698,0
IPOD-WS.US,60,20210625,220000,2.38,2.51,2.36,2.41,48354,0
IPOD-WS.US,60,20210628,160000,2.53,2.53,2.4,2.4,3619,0
IPOD-WS.US,60,20210628,170000,2.4,2.4,2.39,2.3901,3600,0
IPOD-WS.US,60,20210628,180000,2.3804,2.3804,2.29,2.31,3327,0
IPOD-WS.US,60,20210628,190000,2.35,2.35,2.35,2.35,500,0
IPOD-WS.US,60,20210628,200000,2.3308,2.3308,2.32,2.32,3000,0
IPOD-WS.US,60,20210628,210000,2.33,2.35,2.32,2.325,27666,0
IPOD-WS.US,60,20210628,220000,2.33,2.57,2.33,2.57,34428,0
IPOD-WS.US,60,20210629,160000,2.46,2.51,2.46,2.47,3050,0
IPOD-WS.US,60,20210629,170000,2.47,2.515,2.47,2.5,8150,0
IPOD-WS.US,60,20210629,180000,2.515,2.515,2.48,2.48,2750,0
IPOD-WS.US,60,20210629,190000,2.48,2.48,2.46,2.46,2580,0
IPOD-WS.US,60,20210629,200000,2.4938,2.5,2.45,2.45,5950,0
IPOD-WS.US,60,20210629,210000,2.4838,2.49,2.45,2.45,101449,0
IPOD-WS.US,60,20210629,220000,2.5,2.53,2.5,2.53,1752,0
IPOD-WS.US,60,20210630,160000,2.4,2.4506,2.37,2.4506,3525,0
IPOD-WS.US,60,20210630,170000,2.45,2.46,2.42,2.42,10299,0
IPOD-WS.US,60,20210630,180000,2.4211,2.4211,2.4211,2.4211,1024,0
IPOD-WS.US,60,20210630,190000,2.5,2.53,2.4432,2.52,6900,0
IPOD-WS.US,60,20210630,200000,2.5,2.5,2.43,2.5,6950,0
IPOD-WS.US,60,20210630,210000,2.45,2.5,2.42,2.5,5771,0
IPOD-WS.US,60,20210630,220000,2.5,2.5,2.42,2.43,8297,0
IPOD-WS.US,60,20210701,170000,2.52,2.52,2.42,2.42,2101,0
IPOD-WS.US,60,20210701,180000,2.475,2.51,2.475,2.51,600,0
IPOD-WS.US,60,20210701,190000,2.49,2.49,2.43,2.478,1600,0
IPOD-WS.US,60,20210701,200000,2.45,2.4501,2.41,2.41,5878,0
IPOD-WS.US,60,20210701,210000,2.41,2.41,2.4099,2.41,30450,0
IPOD-WS.US,60,20210701,220000,2.4,2.41,2.4,2.4002,23800,0
IPOD-WS.US,60,20210702,160000,2.4,2.4,2.4,2.4,770,0
IPOD-WS.US,60,20210702,170000,2.41,2.49,2.4,2.4697,1303,0
IPOD-WS.US,60,20210702,180000,2.49,2.49,2.4,2.4,744,0
IPOD-WS.US,60,20210702,190000,2.44,2.51,2.44,2.5,1483,0
IPOD-WS.US,60,20210702,200000,2.45,2.45,2.45,2.45,600,0
IPOD-WS.US,60,20210702,210000,2.43,2.43,2.42,2.42,303,0
IPOD-WS.US,60,20210702,220000,2.41,2.42,2.4,2.4199,20446,0
IPOD-WS.US,60,20210706,160000,2.52,2.52,2.4,2.41,1575,0
IPOD-WS.US,60,20210706,170000,2.46,2.4802,2.4,2.4,11063,0
IPOD-WS.US,60,20210706,180000,2.42,2.42,2.4,2.4001,3379,0
IPOD-WS.US,60,20210706,190000,2.4,2.4,2.35,2.4,2327,0
IPOD-WS.US,60,20210706,200000,2.42,2.42,2.42,2.42,300,0
IPOD-WS.US,60,20210706,220000,2.41,2.425,2.41,2.42,1839,0
IPOD-WS.US,60,20210707,170000,2.4,2.4,2.31,2.3257,9925,0
IPOD-WS.US,60,20210707,180000,2.3,2.302,2.2899,2.29,2837,0
IPOD-WS.US,60,20210707,190000,2.3245,2.38,2.28,2.28,7905,0
IPOD-WS.US,60,20210707,200000,2.3098,2.34,2.3098,2.34,4750,0
IPOD-WS.US,60,20210707,210000,2.33,2.38,2.33,2.38,7860,0
IPOD-WS.US,60,20210707,220000,2.38,2.38,2.3513,2.38,14600,0
IPOD-WS.US,60,20210708,160000,2.2801,2.2801,2.28,2.28,1687,0
IPOD-WS.US,60,20210708,170000,2.3,2.39,2.28,2.39,5587,0
IPOD-WS.US,60,20210708,180000,2.39,2.4,2.29,2.39,7361,0
IPOD-WS.US,60,20210708,190000,2.39,2.39,2.28,2.39,4845,0
IPOD-WS.US,60,20210708,200000,2.4,2.4,2.345,2.4,4200,0
IPOD-WS.US,60,20210708,210000,2.4,2.4,2.3,2.34,6450,0
IPOD-WS.US,60,20210708,220000,2.34,2.4,2.29,2.4,5143,0
IPOD-WS.US,60,20210709,170000,2.32,2.32,2.3,2.3,5500,0
IPOD-WS.US,60,20210709,180000,2.28,2.2801,2.28,2.2801,670,0
IPOD-WS.US,60,20210709,190000,2.38,2.9531,2.37,2.7301,60889,0
IPOD-WS.US,60,20210709,200000,2.7,2.85,2.5,2.5,13138,0
IPOD-WS.US,60,20210709,210000,2.59,2.69,2.58,2.6,9300,0
IPOD-WS.US,60,20210709,220000,2.55,2.55,2.3281,2.33,15980,0
