<TICKER>,<PER>,<DATE>,<TIME>,<OPEN>,<HIGH>,<LOW>,<CLOSE>,<VOL>,<OPENINT>
ULBI.US,60,20200914,160000,6.52,6.7,6.52,6.7,500,0
ULBI.US,60,20200914,170000,6.76,6.77,6.65,6.69,889,0
ULBI.US,60,20200914,180000,6.69,6.77,6.64,6.77,1000,0
ULBI.US,60,20200914,190000,6.77,6.77,6.63,6.74,3348,0
ULBI.US,60,20200914,200000,6.79,6.79,6.73,6.78,800,0
ULBI.US,60,20200914,210000,6.75,6.9,6.7203,6.87,5800,0
ULBI.US,60,20200914,220000,6.9,7,6.87,6.96,7926,0
ULBI.US,60,20200915,160000,6.87,6.94,6.87,6.94,200,0
ULBI.US,60,20200915,170000,6.9933,7.0127,6.9933,7.0127,500,0
ULBI.US,60,20200915,180000,7.05,7.09,7,7,1269,0
ULBI.US,60,20200915,190000,6.92,6.98,6.9147,6.935,546,0
ULBI.US,60,20200915,200000,6.8773,6.94,6.8201,6.94,3015,0
ULBI.US,60,20200915,210000,6.92,6.94,6.92,6.93,400,0
ULBI.US,60,20200915,220000,6.92,6.93,6.74,6.75,1656,0
ULBI.US,60,20200916,160000,6.73,6.73,6.73,6.73,147,0
ULBI.US,60,20200916,170000,6.83,6.84,6.81,6.84,750,0
ULBI.US,60,20200916,180000,6.85,6.91,6.85,6.91,1335,0
ULBI.US,60,20200916,190000,6.91,6.95,6.91,6.95,778,0
ULBI.US,60,20200916,200000,6.94,7,6.94,7,1914,0
ULBI.US,60,20200916,210000,6.925,7,6.925,7,3489,0
ULBI.US,60,20200916,220000,6.97,7,6.81,6.81,10391,0
ULBI.US,60,20200917,160000,6.74,6.74,6.28,6.44,6904,0
ULBI.US,60,20200917,170000,6.45,6.66,6.45,6.55,3125,0
ULBI.US,60,20200917,180000,6.61,6.67,6.57,6.62,1631,0
ULBI.US,60,20200917,190000,6.61,6.67,6.58,6.61,2483,0
ULBI.US,60,20200917,200000,6.53,6.61,6.53,6.55,1305,0
ULBI.US,60,20200917,210000,6.54,6.61,6.5001,6.58,4854,0
ULBI.US,60,20200917,220000,6.51,6.6,6.44,6.53,2248,0
ULBI.US,60,20200918,160000,6.67,6.67,6.67,6.67,12460,0
ULBI.US,60,20200918,170000,6.67,6.72,6.61,6.705,1760,0
ULBI.US,60,20200918,180000,6.69,6.69,6.6,6.69,1224,0
ULBI.US,60,20200918,190000,6.68,6.68,6.65,6.65,500,0
ULBI.US,60,20200918,200000,6.66,6.66,6.53,6.64,1139,0
ULBI.US,60,20200918,210000,6.7171,7,6.7171,6.9999,3997,0
ULBI.US,60,20200918,220000,6.99,6.99,6.25,6.35,45968,0
ULBI.US,60,20200921,160000,6.35,6.35,6.35,6.35,100,0
ULBI.US,60,20200921,170000,6.52,6.52,6.48,6.49,900,0
ULBI.US,60,20200921,180000,6.4,6.5,6.39,6.43,1579,0
ULBI.US,60,20200921,190000,6.415,6.52,6.415,6.52,2900,0
ULBI.US,60,20200921,200000,6.53,6.53,6.37,6.52,3000,0
ULBI.US,60,20200921,210000,6.52,6.54,6.4301,6.54,3400,0
ULBI.US,60,20200921,220000,6.54,6.54,6.36,6.36,14305,0
ULBI.US,60,20200922,170000,6.35,6.43,6.335,6.35,2381,0
ULBI.US,60,20200922,180000,6.225,6.225,6.15,6.2,2939,0
ULBI.US,60,20200922,190000,6.15,6.2099,6.11,6.15,8387,0
ULBI.US,60,20200922,200000,6.1,6.17,6.06,6.06,5616,0
ULBI.US,60,20200922,210000,6.14,6.15,6.0695,6.15,1720,0
ULBI.US,60,20200922,220000,6.185,6.235,6.075,6.18,6567,0
ULBI.US,60,20200923,160000,6.26,6.26,6.185,6.185,916,0
ULBI.US,60,20200923,170000,6.0401,6.15,5.88,5.88,6103,0
ULBI.US,60,20200923,180000,5.925,6.04,5.925,6.04,5955,0
ULBI.US,60,20200923,190000,5.92,5.97,5.9009,5.97,2742,0
ULBI.US,60,20200923,200000,5.935,6,5.935,5.995,1700,0
ULBI.US,60,20200923,210000,6,6.0396,5.71,5.81,12155,0
ULBI.US,60,20200923,220000,5.87,5.94,5.8012,5.89,9459,0
ULBI.US,60,20200924,160000,5.84,5.84,5.84,5.84,101,0
ULBI.US,60,20200924,170000,5.88,5.88,5.88,5.88,500,0
ULBI.US,60,20200924,180000,5.86,5.9,5.81,5.81,3463,0
ULBI.US,60,20200924,190000,5.88,5.88,5.8,5.8,2121,0
ULBI.US,60,20200924,200000,5.835,6.18,5.8,6.0616,30792,0
ULBI.US,60,20200924,210000,6.11,6.22,6.0701,6.0701,4100,0
ULBI.US,60,20200924,220000,6.175,6.18,6,6,4135,0
ULBI.US,60,20200925,160000,5.83,5.83,5.83,5.83,100,0
ULBI.US,60,20200925,170000,5.96,5.96,5.8,5.8,6365,0
ULBI.US,60,20200925,180000,5.93,5.93,5.8,5.885,1794,0
ULBI.US,60,20200925,190000,5.88,5.88,5.8,5.81,2702,0
ULBI.US,60,20200925,200000,5.8491,5.8491,5.75,5.8,5294,0
ULBI.US,60,20200925,210000,5.77,5.87,5.77,5.82,3518,0
ULBI.US,60,20200925,220000,5.82,5.87,5.77,5.85,8850,0
ULBI.US,60,20200928,160000,5.86,6.03,5.86,6.03,828,0
ULBI.US,60,20200928,170000,6.06,6.08,5.9209,6.08,1547,0
ULBI.US,60,20200928,180000,5.995,6.055,5.95,6.045,4403,0
ULBI.US,60,20200928,190000,6.035,6.035,6.015,6.015,1300,0
ULBI.US,60,20200928,200000,6.025,6.09,6,6,8963,0
ULBI.US,60,20200928,210000,6.047,6.18,6.047,6.18,1490,0
ULBI.US,60,20200928,220000,6.0711,6.41,6.0711,6.35,6962,0
ULBI.US,60,20200929,160000,6.4073,6.4073,6.345,6.345,3365,0
ULBI.US,60,20200929,170000,6.26,6.26,6.26,6.26,100,0
ULBI.US,60,20200929,180000,6.225,6.225,6.18,6.21,900,0
ULBI.US,60,20200929,190000,6.14,6.1707,6.14,6.1406,2728,0
ULBI.US,60,20200929,200000,6.14,6.14,6,6,3378,0
ULBI.US,60,20200929,220000,6.0635,6.18,6.0635,6.18,5880,0
ULBI.US,60,20200930,160000,6.2,6.2,6.2,6.2,106,0
ULBI.US,60,20200930,180000,6.18,6.18,6.18,6.18,100,0
ULBI.US,60,20200930,190000,6.2,6.2,6.2,6.2,165,0
ULBI.US,60,20200930,200000,6.105,6.12,6.02,6.1046,15721,0
ULBI.US,60,20200930,210000,6.085,6.09,5.95,5.9946,7164,0
ULBI.US,60,20200930,220000,5.97,5.97,5.9,5.9,4088,0
ULBI.US,60,20201001,160000,5.995,5.995,5.995,5.995,100,0
ULBI.US,60,20201001,170000,5.88,6.09,5.88,5.93,2945,0
ULBI.US,60,20201001,180000,6.02,6.0299,5.94,5.974,26691,0
ULBI.US,60,20201001,190000,5.975,6,5.97,5.99,2500,0
ULBI.US,60,20201001,200000,5.99,6.09,5.97,6.04,10700,0
ULBI.US,60,20201001,210000,6.03,6.085,6.03,6.07,2400,0
ULBI.US,60,20201001,220000,6.095,6.095,5.97,5.97,3617,0
ULBI.US,60,20201002,160000,5.92,6.06,5.92,5.9926,1820,0
ULBI.US,60,20201002,170000,5.86,5.905,5.86,5.895,3825,0
ULBI.US,60,20201002,180000,5.88,5.9921,5.86,5.97,4255,0
ULBI.US,60,20201002,190000,5.962,6.07,5.944,5.97,8964,0
ULBI.US,60,20201002,200000,5.975,6.105,5.95,6.105,4000,0
ULBI.US,60,20201002,210000,6.04,6.09,5.98,6.025,1900,0
ULBI.US,60,20201002,220000,5.995,6.02,5.87,5.89,5801,0
ULBI.US,60,20201005,160000,5.9,5.985,5.9,5.985,300,0
ULBI.US,60,20201005,170000,5.9977,5.9977,5.9977,5.9977,400,0
ULBI.US,60,20201005,180000,5.95,6,5.95,5.9999,300,0
ULBI.US,60,20201005,190000,6.06,6.06,6.06,6.06,768,0
ULBI.US,60,20201005,200000,6.06,6.0814,6.0011,6.0011,1799,0
ULBI.US,60,20201005,210000,6.05,6.11,6.05,6.11,1328,0
ULBI.US,60,20201005,220000,6.102,6.18,6.015,6.05,9932,0
ULBI.US,60,20201006,160000,6.155,6.155,6.155,6.155,100,0
ULBI.US,60,20201006,170000,6.22,6.23,6.17,6.17,500,0
ULBI.US,60,20201006,180000,6.22,6.29,6.21,6.21,1446,0
ULBI.US,60,20201006,190000,6.1967,6.22,6.1967,6.22,410,0
ULBI.US,60,20201006,200000,6.205,6.205,6.205,6.205,100,0
ULBI.US,60,20201006,210000,6.255,6.315,6.19,6.19,4595,0
ULBI.US,60,20201006,220000,6.14,6.32,6.13,6.17,4009,0
ULBI.US,60,20201007,160000,6.27,6.27,6.04,6.14,1895,0
ULBI.US,60,20201007,170000,6.0893,6.17,6.0893,6.17,1004,0
ULBI.US,60,20201007,180000,6.17,6.27,6.17,6.27,500,0
ULBI.US,60,20201007,190000,6.28,6.28,6.19,6.19,400,0
ULBI.US,60,20201007,200000,6.2,6.245,6.2,6.245,294,0
ULBI.US,60,20201007,210000,6.23,6.23,6.23,6.23,100,0
ULBI.US,60,20201007,220000,6.25,6.295,6.17,6.22,8864,0
ULBI.US,60,20201008,160000,6.32,6.32,6.32,6.32,283,0
ULBI.US,60,20201008,170000,6.365,6.39,6.22,6.22,2903,0
ULBI.US,60,20201008,190000,6.22,6.22,6.22,6.22,100,0
ULBI.US,60,20201008,200000,6.33,6.33,6.33,6.33,100,0
ULBI.US,60,20201008,210000,6.31,6.31,6.295,6.295,200,0
ULBI.US,60,20201008,220000,6.32,6.32,6.31,6.31,2449,0
ULBI.US,60,20201009,160000,6.28,6.28,6.28,6.28,106,0
ULBI.US,60,20201009,170000,6.32,6.3537,6.31,6.31,800,0
ULBI.US,60,20201009,190000,6.1403,6.2158,6.1403,6.2158,1135,0
ULBI.US,60,20201009,210000,6.27,6.27,6.27,6.27,100,0
ULBI.US,60,20201009,220000,6.285,6.3,6.26,6.26,1771,0
ULBI.US,60,20201012,170000,6.2465,6.26,6.2465,6.26,1190,0
ULBI.US,60,20201012,180000,6.26,6.41,6.26,6.3735,500,0
ULBI.US,60,20201012,190000,6.36,6.36,6.29,6.29,5027,0
ULBI.US,60,20201012,200000,6.3197,6.36,6.3197,6.36,1298,0
ULBI.US,60,20201012,210000,6.4,6.4,6.35,6.35,1868,0
ULBI.US,60,20201012,220000,6.3706,6.65,6.3706,6.64,10166,0
ULBI.US,60,20201013,160000,6.64,6.69,6.64,6.64,1302,0
ULBI.US,60,20201013,170000,6.4,6.4,6.4,6.4,300,0
ULBI.US,60,20201013,180000,6.35,6.59,6.35,6.49,3764,0
ULBI.US,60,20201013,190000,6.49,6.49,6.49,6.49,201,0
ULBI.US,60,20201013,200000,6.49,6.5,6.49,6.5,600,0
ULBI.US,60,20201013,210000,6.48,6.48,6.4101,6.4101,400,0
ULBI.US,60,20201013,220000,6.442,6.48,6.425,6.46,1081,0
ULBI.US,60,20201014,170000,6.5583,6.5583,6.4813,6.54,1500,0
ULBI.US,60,20201014,190000,6.39,6.4283,6.37,6.37,1900,0
ULBI.US,60,20201014,210000,6.37,6.37,6.37,6.37,100,0
ULBI.US,60,20201014,220000,6.36,6.36,6.33,6.33,774,0
ULBI.US,60,20201015,160000,6.39,6.39,6.39,6.39,1500,0
ULBI.US,60,20201015,170000,6.31,6.32,6.3,6.32,414,0
ULBI.US,60,20201015,180000,6.3,6.3,6.3,6.3,200,0
ULBI.US,60,20201015,190000,6.31,6.31,6.31,6.31,100,0
ULBI.US,60,20201015,210000,6.35,6.53,6.35,6.47,2787,0
ULBI.US,60,20201015,220000,6.52,6.559,6.47,6.48,4469,0
ULBI.US,60,20201016,160000,6.43,6.43,6.43,6.43,486,0
ULBI.US,60,20201016,180000,6.3938,6.3938,6.3938,6.3938,700,0
ULBI.US,60,20201016,190000,6.43,6.43,6.43,6.43,688,0
ULBI.US,60,20201016,200000,6.5599,6.6548,6.5599,6.6548,2697,0
ULBI.US,60,20201016,210000,6.5924,6.6,6.55,6.55,4395,0
ULBI.US,60,20201016,220000,6.5329,6.54,6.26,6.45,7294,0
ULBI.US,60,20201019,160000,6.3137,6.43,6.3137,6.3587,800,0
ULBI.US,60,20201019,170000,6.3465,6.3465,6.3465,6.3465,200,0
ULBI.US,60,20201019,180000,6.34,6.34,6.34,6.34,700,0
ULBI.US,60,20201019,190000,6.41,6.412,6.37,6.412,1000,0
ULBI.US,60,20201019,200000,6.42,6.42,6.38,6.38,1200,0
ULBI.US,60,20201019,210000,6.4,6.45,6.29,6.3,5773,0
ULBI.US,60,20201019,220000,6.3147,6.4,6.24,6.24,2034,0
ULBI.US,60,20201020,160000,6.245,6.245,6.245,6.245,100,0
ULBI.US,60,20201020,170000,6.33,6.3971,6.33,6.3971,300,0
ULBI.US,60,20201020,180000,6.33,6.33,6.28,6.28,399,0
ULBI.US,60,20201020,190000,6.2483,6.2483,6.17,6.17,1318,0
ULBI.US,60,20201020,200000,6.12,6.1929,6.12,6.1929,200,0
ULBI.US,60,20201020,210000,6.157,6.157,6.13,6.13,600,0
ULBI.US,60,20201020,220000,6.12,6.205,6.06,6.205,3500,0
ULBI.US,60,20201021,170000,6.0737,6.175,6.0737,6.175,1100,0
ULBI.US,60,20201021,180000,6.16,6.16,6.16,6.16,100,0
ULBI.US,60,20201021,190000,6.1495,6.1495,6.1495,6.1495,200,0
ULBI.US,60,20201021,200000,6.11,6.11,6.1,6.1,300,0
ULBI.US,60,20201021,210000,6.06,6.06,6.06,6.06,436,0
ULBI.US,60,20201021,220000,6.0779,6.159,6.02,6.12,5453,0
ULBI.US,60,20201022,160000,6.02,6.1074,6.02,6.1074,700,0
ULBI.US,60,20201022,170000,6.07,6.07,6.07,6.07,900,0
ULBI.US,60,20201022,180000,6.08,6.195,6.08,6.13,2036,0
ULBI.US,60,20201022,210000,6.16,6.16,6.16,6.16,100,0
ULBI.US,60,20201022,220000,6.14,6.2,6.08,6.08,5135,0
ULBI.US,60,20201023,160000,6.2,6.2345,6.2,6.23,4554,0
ULBI.US,60,20201023,180000,6.2,6.2,6.18,6.18,620,0
ULBI.US,60,20201023,190000,6.2,6.21,6.2,6.21,1546,0
ULBI.US,60,20201023,200000,6.22,6.23,6.22,6.23,1100,0
ULBI.US,60,20201023,210000,6.24,6.252,6.23,6.25,1100,0
ULBI.US,60,20201023,220000,6.23,6.24,6.21,6.24,650,0
ULBI.US,60,20201026,160000,6.145,6.145,6.12,6.12,300,0
ULBI.US,60,20201026,170000,6.1,6.1,6.07,6.0899,1000,0
ULBI.US,60,20201026,180000,6.07,6.1,6.07,6.08,4080,0
ULBI.US,60,20201026,190000,6.0444,6.07,6.0301,6.0436,1655,0
ULBI.US,60,20201026,200000,6.035,6.0599,6.025,6.04,1350,0
ULBI.US,60,20201026,210000,6.02,6.03,5.95,5.95,3298,0
ULBI.US,60,20201027,150000,6.0739,6.0739,6.0739,6.0739,100,0
ULBI.US,60,20201027,170000,6.0399,6.0399,5.94,5.95,4700,0
ULBI.US,60,20201027,180000,5.95,5.98,5.95,5.955,2500,0
ULBI.US,60,20201027,190000,5.93,6.01,5.76,5.76,12317,0
ULBI.US,60,20201027,200000,5.8,5.8,5.78,5.78,1500,0
ULBI.US,60,20201027,210000,5.93,5.93,5.69,5.69,13014,0
ULBI.US,60,20201028,150000,5.63,5.785,5.63,5.735,1058,0
ULBI.US,60,20201028,160000,5.73,5.739,5.63,5.63,800,0
ULBI.US,60,20201028,170000,5.5705,5.61,5.5705,5.61,3000,0
ULBI.US,60,20201028,180000,5.6973,5.6973,5.695,5.695,1000,0
ULBI.US,60,20201028,190000,5.697,5.705,5.67,5.705,2200,0
ULBI.US,60,20201028,200000,5.65,5.655,5.62,5.64,1028,0
ULBI.US,60,20201028,210000,5.6,5.665,5.55,5.6,4364,0
ULBI.US,60,20201029,150000,5.45,5.66,5.45,5.6,3298,0
ULBI.US,60,20201029,160000,5.62,5.6202,5.4806,5.4806,4946,0
ULBI.US,60,20201029,170000,5.46,5.46,5.21,5.2376,5880,0
ULBI.US,60,20201029,180000,5.2185,5.3,5.2185,5.3,4279,0
ULBI.US,60,20201029,190000,5.273,5.3,5.273,5.3,3790,0
ULBI.US,60,20201029,200000,5.3,5.4993,5.2875,5.47,28113,0
ULBI.US,60,20201029,210000,5.35,5.395,5.3,5.3,8706,0
ULBI.US,60,20201030,150000,5.395,5.395,5.395,5.395,200,0
ULBI.US,60,20201030,160000,5.32,5.32,5.3,5.3,300,0
ULBI.US,60,20201030,170000,5.34,5.34,5.255,5.3191,1500,0
ULBI.US,60,20201030,180000,5.23,5.265,5.23,5.265,2098,0
ULBI.US,60,20201030,190000,5.27,5.27,5.23,5.26,2926,0
ULBI.US,60,20201030,200000,5.2575,5.2799,5.255,5.26,5600,0
ULBI.US,60,20201030,210000,5.25,5.26,5.16,5.16,8869,0
ULBI.US,60,20201102,160000,5.15,5.15,5.15,5.15,117,0
ULBI.US,60,20201102,170000,5.2628,5.2692,5.2508,5.2692,4249,0
ULBI.US,60,20201102,190000,5.16,5.16,5.1005,5.1005,2060,0
ULBI.US,60,20201102,200000,5.14,5.141,5.12,5.141,1423,0
ULBI.US,60,20201102,210000,5.16,5.1645,5.16,5.1645,668,0
ULBI.US,60,20201102,220000,5.17,5.18,5.14,5.18,8874,0
ULBI.US,60,20201103,160000,5.3,5.5,5.3,5.5,5339,0
ULBI.US,60,20201103,170000,5.46,5.5,5.355,5.355,2156,0
ULBI.US,60,20201103,180000,5.355,5.475,5.355,5.475,500,0
ULBI.US,60,20201103,190000,5.475,5.4999,5.43,5.43,554,0
ULBI.US,60,20201103,200000,5.42,5.455,5.35,5.35,6734,0
ULBI.US,60,20201103,210000,5.3969,5.46,5.31,5.31,3500,0
ULBI.US,60,20201103,220000,5.33,5.35,5.32,5.35,5947,0
ULBI.US,60,20201104,160000,5.3,5.365,5.3,5.365,257,0
ULBI.US,60,20201104,180000,5.38,5.39,5.1419,5.1419,8117,0
ULBI.US,60,20201104,190000,5.19,5.24,5.1742,5.24,6104,0
ULBI.US,60,20201104,200000,5.21,5.235,5.2,5.2,2355,0
ULBI.US,60,20201104,210000,5.15,5.15,5.15,5.15,105,0
ULBI.US,60,20201104,220000,5.15,5.245,5.12,5.14,7885,0
ULBI.US,60,20201105,160000,5.24,5.25,5.2168,5.2168,2297,0
ULBI.US,60,20201105,170000,5.255,5.255,5.245,5.245,1000,0
ULBI.US,60,20201105,180000,5.2473,5.27,5.24,5.26,5714,0
ULBI.US,60,20201105,190000,5.27,5.27,5.245,5.245,870,0
ULBI.US,60,20201105,200000,5.255,5.27,5.255,5.26,5500,0
ULBI.US,60,20201105,210000,5.255,5.26,5.23,5.23,803,0
ULBI.US,60,20201105,220000,5.2476,5.26,5.19,5.19,7576,0
ULBI.US,60,20201106,160000,5.196,5.2,5.196,5.1975,550,0
ULBI.US,60,20201106,170000,5.2,5.24,5.2,5.2,1795,0
ULBI.US,60,20201106,180000,5.2,5.35,5.2,5.3,54241,0
ULBI.US,60,20201106,190000,5.22,5.22,5.16,5.1878,1350,0
ULBI.US,60,20201106,200000,5.16,5.251,5.15,5.16,1177,0
ULBI.US,60,20201106,210000,5.25,5.26,5.25,5.26,500,0
ULBI.US,60,20201106,220000,5.31,5.36,5.27,5.27,4801,0
ULBI.US,60,20201109,160000,5.59,5.7569,5.59,5.7285,1542,0
ULBI.US,60,20201109,170000,5.8,5.86,5.8,5.84,1900,0
ULBI.US,60,20201109,180000,5.87,5.8745,5.83,5.86,3075,0
ULBI.US,60,20201109,190000,5.87,6,5.87,5.99,2786,0
ULBI.US,60,20201109,200000,6,6.168,5.99,6.15,8415,0
ULBI.US,60,20201109,210000,6.035,6.125,6.035,6.08,1500,0
ULBI.US,60,20201109,220000,6.105,6.1999,5.91,5.96,6483,0
ULBI.US,60,20201110,160000,6.06,6.18,6.06,6.18,861,0
ULBI.US,60,20201110,170000,6.23,6.23,6.12,6.13,700,0
ULBI.US,60,20201110,180000,6.17,6.275,6.14,6.14,3095,0
ULBI.US,60,20201110,190000,6.22,6.26,6.22,6.26,600,0
ULBI.US,60,20201110,200000,6.25,6.2699,6.25,6.2699,2200,0
ULBI.US,60,20201110,210000,6.24,6.4,6.24,6.38,1100,0
ULBI.US,60,20201110,220000,6.37,6.37,6.2,6.27,5672,0
ULBI.US,60,20201111,160000,6.33,6.33,6.33,6.33,140,0
ULBI.US,60,20201111,170000,6.44,6.44,6.2927,6.2927,1100,0
ULBI.US,60,20201111,180000,6.33,6.33,6.19,6.19,3176,0
ULBI.US,60,20201111,190000,6.14,6.215,6.04,6.12,4978,0
ULBI.US,60,20201111,200000,6.11,6.11,6.11,6.11,100,0
ULBI.US,60,20201111,210000,6.1632,6.19,6.01,6.085,7844,0
ULBI.US,60,20201111,220000,6.0468,6.09,6,6.09,10989,0
ULBI.US,60,20201112,160000,6.16,6.16,6.07,6.1,885,0
ULBI.US,60,20201112,170000,6.05,6.08,6.05,6.06,700,0
ULBI.US,60,20201112,180000,6.06,6.06,6.02,6.03,600,0
ULBI.US,60,20201112,190000,6.03,6.03,5.85,5.86,1800,0
ULBI.US,60,20201112,200000,5.8901,5.9488,5.86,5.885,3700,0
ULBI.US,60,20201112,210000,5.8314,5.851,5.81,5.835,3835,0
ULBI.US,60,20201112,220000,5.84,5.8695,5.81,5.84,7612,0
ULBI.US,60,20201113,160000,5.95,6.03,5.95,6.03,380,0
ULBI.US,60,20201113,170000,6.005,6.005,6.005,6.005,100,0
ULBI.US,60,20201113,180000,5.955,5.955,5.76,5.88,25299,0
ULBI.US,60,20201113,190000,5.935,5.935,5.722,5.8,51542,0
ULBI.US,60,20201113,200000,5.8245,5.89,5.8245,5.89,11080,0
ULBI.US,60,20201113,210000,5.9,5.91,5.88,5.9,8806,0
ULBI.US,60,20201113,220000,5.91,5.96,5.86,5.93,1733,0
ULBI.US,60,20201116,160000,6.07,6.1162,6.07,6.0842,4151,0
ULBI.US,60,20201116,170000,6.1,6.12,6.02,6.02,6533,0
ULBI.US,60,20201116,180000,6.05,6.0501,6.03,6.03,1174,0
ULBI.US,60,20201116,190000,6.035,6.035,6.035,6.035,100,0
ULBI.US,60,20201116,200000,6.02,6.035,6.02,6.035,200,0
ULBI.US,60,20201116,210000,5.995,6.02,5.995,6.005,800,0
ULBI.US,60,20201116,220000,6.02,6.02,5.9895,6.01,7009,0
ULBI.US,60,20201117,160000,6.01,6.01,5.9,5.9597,2559,0
ULBI.US,60,20201117,170000,5.8807,6,5.79,5.8,9112,0
ULBI.US,60,20201117,180000,5.79,5.89,5.75,5.89,44272,0
ULBI.US,60,20201117,190000,5.85,5.88,5.8,5.85,6291,0
ULBI.US,60,20201117,200000,5.91,5.94,5.87,5.94,1500,0
ULBI.US,60,20201117,210000,5.9,5.95,5.84,5.94,2600,0
ULBI.US,60,20201117,220000,5.93,5.94,5.89,5.89,3574,0
ULBI.US,60,20201118,160000,6,6,6,6,200,0
ULBI.US,60,20201118,170000,6.01,6.09,5.98,5.9999,10365,0
ULBI.US,60,20201118,180000,6.0501,6.22,6,6.15,31326,0
ULBI.US,60,20201118,190000,6.1458,6.21,6.1,6.18,32861,0
ULBI.US,60,20201118,200000,6.2,6.49,6.19,6.355,33465,0
ULBI.US,60,20201118,210000,6.355,6.4018,6.27,6.3,4468,0
ULBI.US,60,20201118,220000,6.32,6.7,6.17,6.6,154497,0
ULBI.US,60,20201119,160000,6.85,6.85,6.5,6.64,22532,0
ULBI.US,60,20201119,170000,6.6001,6.63,6.5346,6.55,10420,0
ULBI.US,60,20201119,180000,6.55,6.56,6.46,6.48,5343,0
ULBI.US,60,20201119,190000,6.46,6.5,6.46,6.5,3644,0
ULBI.US,60,20201119,200000,6.51,6.61,6.51,6.6,35026,0
ULBI.US,60,20201119,210000,6.6,6.61,6.544,6.553,8450,0
ULBI.US,60,20201119,220000,6.56,6.6199,6.54,6.54,16621,0
ULBI.US,60,20201120,160000,6.65,6.6572,6.48,6.5024,18651,0
ULBI.US,60,20201120,170000,6.5024,6.99,6.3918,6.81,100628,0
ULBI.US,60,20201120,180000,6.9091,6.9735,6.7596,6.8856,30939,0
ULBI.US,60,20201120,190000,6.8912,6.9,6.73,6.9,29672,0
ULBI.US,60,20201120,200000,6.8731,6.8731,6.7702,6.83,2400,0
ULBI.US,60,20201120,210000,6.79,6.89,6.73,6.87,19316,0
ULBI.US,60,20201120,220000,6.8101,6.89,6.77,6.82,28345,0
ULBI.US,60,20201123,160000,6.76,7.23,6.76,7.05,40607,0
ULBI.US,60,20201123,170000,7.04,7.2,7.01,7.157,14241,0
ULBI.US,60,20201123,180000,7.1599,7.17,7.09,7.16,2695,0
ULBI.US,60,20201123,190000,7.19,7.39,7.19,7.3454,17377,0
ULBI.US,60,20201123,200000,7.36,7.36,7.26,7.35,9900,0
ULBI.US,60,20201123,210000,7.3001,7.45,7.25,7.4499,12440,0
ULBI.US,60,20201123,220000,7.42,7.8,7.39,7.69,70842,0
ULBI.US,60,20201124,160000,7.75,8.3,7.5289,7.8071,125532,0
ULBI.US,60,20201124,170000,7.84,8.47,7.2,7.24,259276,0
ULBI.US,60,20201124,180000,7.31,7.4978,7.21,7.35,22383,0
ULBI.US,60,20201124,190000,7.3,7.3356,6.8508,6.86,63469,0
ULBI.US,60,20201124,200000,6.88,7.09,6.86,6.92,39208,0
ULBI.US,60,20201124,210000,6.92,7.15,6.8801,7.1499,30646,0
ULBI.US,60,20201124,220000,7.1696,7.27,6.99,7.09,35378,0
ULBI.US,60,20201125,160000,6.86,6.95,6.86,6.8843,7810,0
ULBI.US,60,20201125,170000,6.88,6.88,6.74,6.86,13251,0
ULBI.US,60,20201125,180000,6.88,6.94,6.82,6.86,4650,0
ULBI.US,60,20201125,190000,6.82,6.875,6.82,6.83,8016,0
ULBI.US,60,20201125,200000,6.835,6.85,6.82,6.83,5043,0
ULBI.US,60,20201125,210000,6.8101,6.83,6.5301,6.58,45401,0
ULBI.US,60,20201125,220000,6.615,6.93,6.58,6.9,42838,0
ULBI.US,60,20201127,160000,6.86,7.2466,6.8585,7.151,18848,0
ULBI.US,60,20201127,170000,7.15,7.15,6.675,6.817,12787,0
ULBI.US,60,20201127,180000,6.735,6.7875,6.73,6.7799,3094,0
ULBI.US,60,20201127,190000,6.81,6.84,6.785,6.785,1200,0
ULBI.US,60,20201127,200000,6.87,6.87,6.87,6.87,1464,0
ULBI.US,60,20201130,160000,6.88,7,6.78,6.78,5126,0
ULBI.US,60,20201130,170000,6.7,6.735,6.55,6.5745,7965,0
ULBI.US,60,20201130,180000,6.633,6.717,6.63,6.717,3540,0
ULBI.US,60,20201130,190000,6.73,6.81,6.73,6.77,900,0
ULBI.US,60,20201130,200000,6.765,6.85,6.765,6.85,500,0
ULBI.US,60,20201130,210000,6.76,6.83,6.76,6.8,300,0
ULBI.US,60,20201130,220000,6.79,6.81,6.74,6.75,6319,0
ULBI.US,60,20201201,160000,6.89,6.98,6.89,6.94,1631,0
ULBI.US,60,20201201,170000,6.84,6.86,6.605,6.69,3488,0
ULBI.US,60,20201201,180000,6.645,6.645,6.525,6.5575,1250,0
ULBI.US,60,20201201,190000,6.55,6.625,6.53,6.625,3414,0
ULBI.US,60,20201201,200000,6.63,6.6721,6.535,6.67,4140,0
ULBI.US,60,20201201,210000,6.64,6.7,6.64,6.7,430,0
ULBI.US,60,20201201,220000,6.695,6.74,6.5673,6.72,14887,0
ULBI.US,60,20201202,160000,6.5732,6.65,6.41,6.555,4491,0
ULBI.US,60,20201202,170000,6.55,6.62,6.54,6.62,3598,0
ULBI.US,60,20201202,180000,6.65,6.675,6.65,6.6514,1981,0
ULBI.US,60,20201202,190000,6.7,6.86,6.685,6.86,7363,0
ULBI.US,60,20201202,200000,6.825,6.85,6.81,6.8463,3522,0
ULBI.US,60,20201202,210000,6.82,6.89,6.8,6.89,5699,0
ULBI.US,60,20201202,220000,6.96,6.96,6.84,6.87,8452,0
ULBI.US,60,20201203,160000,6.72,6.76,6.72,6.76,502,0
ULBI.US,60,20201203,170000,6.8454,6.85,6.74,6.796,8593,0
ULBI.US,60,20201203,180000,6.785,6.82,6.72,6.82,2500,0
ULBI.US,60,20201203,190000,6.82,6.82,6.64,6.7,4540,0
ULBI.US,60,20201203,200000,6.7,6.7,6.63,6.64,2700,0
ULBI.US,60,20201203,210000,6.7,6.7,6.66,6.665,600,0
ULBI.US,60,20201203,220000,6.69,6.69,6.57,6.58,7752,0
ULBI.US,60,20201204,160000,6.8,6.8,6.61,6.61,200,0
ULBI.US,60,20201204,170000,6.605,6.64,6.52,6.58,5410,0
ULBI.US,60,20201204,180000,6.6114,6.65,6.56,6.65,2889,0
ULBI.US,60,20201204,190000,6.655,6.66,6.555,6.66,27445,0
ULBI.US,60,20201204,200000,6.72,6.81,6.71,6.785,4842,0
ULBI.US,60,20201204,210000,6.785,6.785,6.7394,6.75,3616,0
ULBI.US,60,20201204,220000,6.745,6.745,6.64,6.69,6194,0
ULBI.US,60,20201207,160000,6.65,6.65,6.59,6.59,1896,0
ULBI.US,60,20201207,170000,6.52,6.72,6.45,6.72,3705,0
ULBI.US,60,20201207,180000,6.78,6.78,6.63,6.63,700,0
ULBI.US,60,20201207,190000,6.6731,6.73,6.59,6.6933,18560,0
ULBI.US,60,20201207,200000,6.67,6.77,6.67,6.7,5200,0
ULBI.US,60,20201207,210000,6.725,6.88,6.7,6.88,9786,0
ULBI.US,60,20201207,220000,6.81,6.95,6.8,6.91,22053,0
ULBI.US,60,20201208,160000,6.93,6.93,6.78,6.78,389,0
ULBI.US,60,20201208,170000,6.7901,6.93,6.7901,6.92,1050,0
ULBI.US,60,20201208,180000,6.87,6.905,6.78,6.85,5669,0
ULBI.US,60,20201208,190000,6.89,6.895,6.82,6.855,2108,0
ULBI.US,60,20201208,200000,6.83,6.865,6.83,6.83,881,0
ULBI.US,60,20201208,210000,6.82,7.1,6.8,7.09,19497,0
ULBI.US,60,20201208,220000,7.065,7.17,7.04,7.09,23250,0
ULBI.US,60,20201209,160000,7.09,7.12,7.09,7.11,763,0
ULBI.US,60,20201209,170000,7.0068,7.105,6.905,7.1,5101,0
ULBI.US,60,20201209,180000,6.995,6.995,6.96,6.96,600,0
ULBI.US,60,20201209,190000,6.99,7.1,6.9566,7.035,21295,0
ULBI.US,60,20201209,200000,7.03,7.03,6.975,7.025,300,0
ULBI.US,60,20201209,210000,6.964,7.01,6.945,6.945,2200,0
ULBI.US,60,20201209,220000,6.955,7,6.915,6.92,11178,0
ULBI.US,60,20201210,160000,6.87,6.87,6.85,6.85,200,0
ULBI.US,60,20201210,170000,6.84,6.87,6.736,6.87,4300,0
ULBI.US,60,20201210,180000,6.83,6.98,6.79,6.95,7255,0
ULBI.US,60,20201210,190000,6.955,7.02,6.92,7.02,2208,0
ULBI.US,60,20201210,200000,6.97,7.07,6.92,6.945,2274,0
ULBI.US,60,20201210,210000,6.945,6.97,6.88,6.925,5248,0
ULBI.US,60,20201210,220000,6.99,6.99,6.84,6.91,9736,0
ULBI.US,60,20201211,160000,6.985,7,6.8359,6.8973,2012,0
ULBI.US,60,20201211,170000,6.852,6.9699,6.84,6.9699,951,0
ULBI.US,60,20201211,180000,6.93,6.93,6.8543,6.8543,1400,0
ULBI.US,60,20201211,190000,6.845,6.845,6.7823,6.7823,3640,0
ULBI.US,60,20201211,210000,6.8099,6.86,6.8,6.86,5869,0
ULBI.US,60,20201211,220000,6.84,6.9,6.76,6.8,4551,0
ULBI.US,60,20201214,160000,6.83,6.99,6.78,6.94,12460,0
ULBI.US,60,20201214,180000,6.86,6.86,6.7,6.7,3799,0
ULBI.US,60,20201214,190000,6.65,6.7,6.62,6.67,3826,0
ULBI.US,60,20201214,200000,6.68,6.74,6.68,6.74,7522,0
ULBI.US,60,20201214,220000,6.77,6.87,6.77,6.82,7721,0
ULBI.US,60,20201215,160000,6.82,6.98,6.82,6.9,2358,0
ULBI.US,60,20201215,170000,6.83,6.89,6.71,6.85,6020,0
ULBI.US,60,20201215,180000,6.78,6.83,6.78,6.82,1600,0
ULBI.US,60,20201215,190000,6.84,6.96,6.84,6.95,3238,0
ULBI.US,60,20201215,200000,6.97,6.98,6.87,6.88,4900,0
ULBI.US,60,20201215,210000,6.89,6.98,6.89,6.98,2400,0
ULBI.US,60,20201215,220000,6.97,7,6.86,6.91,10429,0
ULBI.US,60,20201216,160000,6.91,6.91,6.91,6.91,100,0
ULBI.US,60,20201216,170000,6.94,6.952,6.92,6.92,2300,0
ULBI.US,60,20201216,180000,6.82,6.9098,6.78,6.78,1400,0
ULBI.US,60,20201216,190000,6.8756,6.9012,6.8756,6.895,1018,0
ULBI.US,60,20201216,200000,6.86,6.9,6.82,6.9,2933,0
ULBI.US,60,20201216,210000,6.9,6.94,6.83,6.86,4484,0
ULBI.US,60,20201216,220000,6.87,6.91,6.75,6.75,14105,0
ULBI.US,60,20201217,160000,6.9258,6.9258,6.81,6.81,750,0
ULBI.US,60,20201217,170000,6.81,6.83,6.78,6.83,1400,0
ULBI.US,60,20201217,180000,6.83,6.86,6.765,6.86,4627,0
ULBI.US,60,20201217,190000,6.86,6.86,6.82,6.86,800,0
ULBI.US,60,20201217,200000,6.86,6.9,6.86,6.86,1400,0
ULBI.US,60,20201217,210000,6.86,6.865,6.84,6.84,800,0
ULBI.US,60,20201217,220000,6.84,6.89,6.84,6.87,5555,0
ULBI.US,60,20201218,160000,6.86,6.869,6.8519,6.869,20311,0
ULBI.US,60,20201218,170000,6.8654,6.8654,6.81,6.81,1300,0
ULBI.US,60,20201218,180000,6.845,6.8673,6.7,6.7,8382,0
ULBI.US,60,20201218,190000,6.7259,6.76,6.72,6.76,13970,0
ULBI.US,60,20201218,200000,6.76,6.79,6.755,6.76,21609,0
ULBI.US,60,20201218,210000,6.75,6.78,6.68,6.6935,5181,0
ULBI.US,60,20201218,220000,6.76,6.92,6.67,6.76,17834,0
ULBI.US,60,20201221,160000,6.63,6.64,6.48,6.515,1293,0
ULBI.US,60,20201221,170000,6.47,6.53,6.3201,6.49,7600,0
ULBI.US,60,20201221,180000,6.52,6.53,6.31,6.35,9091,0
ULBI.US,60,20201221,190000,6.34,6.4,6.32,6.35,2840,0
ULBI.US,60,20201221,200000,6.31,6.4,6.31,6.36,6923,0
ULBI.US,60,20201221,210000,6.395,6.395,6.28,6.28,3944,0
ULBI.US,60,20201221,220000,6.3414,6.38,6.21,6.38,31011,0
ULBI.US,60,20201222,160000,6.42,6.42,6.34,6.38,962,0
ULBI.US,60,20201222,170000,6.4,6.56,6.4,6.56,6993,0
ULBI.US,60,20201222,180000,6.48,6.51,6.37,6.4174,2635,0
ULBI.US,60,20201222,190000,6.4,6.44,6.4,6.44,850,0
ULBI.US,60,20201222,200000,6.38,6.46,6.36,6.36,3222,0
ULBI.US,60,20201222,210000,6.4,6.405,6.39,6.4,700,0
ULBI.US,60,20201222,220000,6.41,6.42,6.36,6.42,5722,0
ULBI.US,60,20201223,160000,6.4,6.5,6.4,6.5,2231,0
ULBI.US,60,20201223,170000,6.495,6.5,6.49,6.49,400,0
ULBI.US,60,20201223,180000,6.4713,6.4713,6.46,6.4711,1000,0
ULBI.US,60,20201223,190000,6.48,6.48,6.48,6.48,300,0
ULBI.US,60,20201223,200000,6.5,6.5101,6.5,6.5101,910,0
ULBI.US,60,20201223,210000,6.52,6.57,6.46,6.46,11200,0
ULBI.US,60,20201223,220000,6.53,6.53,6.39,6.47,16318,0
ULBI.US,60,20201224,160000,6.5,6.5,6.46,6.4899,2124,0
ULBI.US,60,20201224,170000,6.405,6.45,6.405,6.45,1705,0
ULBI.US,60,20201224,180000,6.47,6.49,6.47,6.49,1300,0
ULBI.US,60,20201224,190000,6.49,6.49,6.38,6.38,8862,0
ULBI.US,60,20201224,200000,6.36,6.36,6.36,6.36,846,0
ULBI.US,60,20201228,160000,6.35,6.55,6.34,6.5,3516,0
ULBI.US,60,20201228,170000,6.425,6.6,6.35,6.35,36306,0
ULBI.US,60,20201228,180000,6.32,6.35,6.26,6.33,4455,0
ULBI.US,60,20201228,190000,6.33,6.39,6.3,6.34,8550,0
ULBI.US,60,20201228,200000,6.33,6.33,6.32,6.33,1800,0
ULBI.US,60,20201228,210000,6.33,6.365,6.2,6.35,6158,0
ULBI.US,60,20201228,220000,6.35,6.41,6.26,6.34,16163,0
ULBI.US,60,20201229,160000,6.42,6.42,6.2906,6.2906,4067,0
ULBI.US,60,20201229,180000,6.2776,6.3,6.23,6.29,6800,0
ULBI.US,60,20201229,190000,6.29,6.31,6.25,6.31,5501,0
ULBI.US,60,20201229,200000,6.3101,6.325,6.3101,6.32,754,0
ULBI.US,60,20201229,220000,6.305,6.35,6.28,6.32,19814,0
ULBI.US,60,20201230,160000,6.3,6.3,6.3,6.3,1500,0
ULBI.US,60,20201230,170000,6.33,6.33,6.315,6.315,400,0
ULBI.US,60,20201230,180000,6.35,6.38,6.32,6.335,5100,0
ULBI.US,60,20201230,190000,6.345,6.43,6.345,6.43,9261,0
ULBI.US,60,20201230,200000,6.4399,6.51,6.43,6.445,7800,0
ULBI.US,60,20201230,210000,6.4407,6.4489,6.37,6.42,5987,0
ULBI.US,60,20201230,220000,6.42,6.42,6.32,6.34,24121,0
ULBI.US,60,20201231,160000,6.4485,6.45,6.44,6.45,300,0
ULBI.US,60,20201231,170000,6.42,6.43,6.38,6.43,21188,0
ULBI.US,60,20201231,180000,6.43,6.51,6.42,6.4541,5245,0
ULBI.US,60,20201231,190000,6.465,6.48,6.46,6.46,1135,0
ULBI.US,60,20201231,200000,6.46,6.48,6.365,6.43,10923,0
ULBI.US,60,20201231,210000,6.43,6.55,6.41,6.51,10239,0
ULBI.US,60,20201231,220000,6.53,6.6,6.38,6.47,46421,0
ULBI.US,60,20210104,160000,6.59,6.59,6.5,6.59,8375,0
ULBI.US,60,20210104,170000,6.575,6.6,6.55,6.55,2858,0
ULBI.US,60,20210104,180000,6.455,6.455,6.4,6.41,614,0
ULBI.US,60,20210104,190000,6.4,6.45,6.4,6.45,7425,0
ULBI.US,60,20210104,200000,6.5,6.5,6.4796,6.4796,1300,0
ULBI.US,60,20210104,210000,6.45,6.53,6.45,6.53,600,0
ULBI.US,60,20210104,220000,6.51,6.55,6.47,6.49,10517,0
ULBI.US,60,20210105,160000,6.49,6.6,6.49,6.59,794,0
ULBI.US,60,20210105,170000,6.61,6.65,6.57,6.57,3426,0
ULBI.US,60,20210105,180000,6.62,6.62,6.6,6.6,1300,0
ULBI.US,60,20210105,190000,6.61,6.65,6.61,6.65,700,0
ULBI.US,60,20210105,200000,6.64,6.65,6.59,6.59,5983,0
ULBI.US,60,20210105,210000,6.59,6.6,6.55,6.55,700,0
ULBI.US,60,20210105,220000,6.5578,6.59,6.51,6.53,4699,0
ULBI.US,60,20210106,160000,6.63,6.71,6.63,6.71,525,0
ULBI.US,60,20210106,170000,6.69,6.69,6.67,6.69,1300,0
ULBI.US,60,20210106,180000,6.7,6.74,6.66,6.7201,16068,0
ULBI.US,60,20210106,190000,6.72,6.8,6.67,6.75,8128,0
ULBI.US,60,20210106,200000,6.765,6.785,6.71,6.77,13830,0
ULBI.US,60,20210106,210000,6.77,6.835,6.665,6.665,4287,0
ULBI.US,60,20210106,220000,6.725,6.745,6.65,6.68,8943,0
ULBI.US,60,20210107,160000,6.73,6.85,6.58,6.6,13569,0
ULBI.US,60,20210107,170000,6.6612,6.7529,6.61,6.72,33670,0
ULBI.US,60,20210107,180000,6.71,6.77,6.67,6.7379,15701,0
ULBI.US,60,20210107,190000,6.75,6.77,6.74,6.74,2000,0
ULBI.US,60,20210107,200000,6.76,6.76,6.7,6.71,4194,0
ULBI.US,60,20210107,210000,6.68,6.9142,6.61,6.88,19447,0
ULBI.US,60,20210107,220000,6.9,7.18,6.81,6.93,124090,0
ULBI.US,60,20210108,160000,7.22,7.3001,7,7.06,25510,0
ULBI.US,60,20210108,170000,7.04,7.09,6.93,7,23466,0
ULBI.US,60,20210108,180000,7.01,7.01,6.97,6.9754,4412,0
ULBI.US,60,20210108,190000,6.97,6.97,6.9,6.9,6862,0
ULBI.US,60,20210108,200000,6.93,6.93,6.78,6.82,7627,0
ULBI.US,60,20210108,210000,6.84,6.91,6.81,6.8688,8848,0
ULBI.US,60,20210108,220000,6.85,6.93,6.85,6.9,17513,0
ULBI.US,60,20210111,160000,6.72,6.81,6.72,6.7454,8981,0
ULBI.US,60,20210111,170000,6.74,6.78,6.71,6.7166,4543,0
ULBI.US,60,20210111,180000,6.75,6.82,6.75,6.8,8781,0
ULBI.US,60,20210111,190000,6.8014,6.81,6.72,6.74,3825,0
ULBI.US,60,20210111,200000,6.75,6.7597,6.71,6.75,11044,0
ULBI.US,60,20210111,210000,6.71,6.71,6.69,6.7,8151,0
ULBI.US,60,20210111,220000,6.68,6.74,6.67,6.72,10380,0
ULBI.US,60,20210112,160000,6.74,6.86,6.68,6.86,500,0
ULBI.US,60,20210112,170000,6.815,6.93,6.815,6.88,4275,0
ULBI.US,60,20210112,180000,6.86,6.88,6.86,6.86,1300,0
ULBI.US,60,20210112,190000,6.86,6.905,6.83,6.89,8452,0
ULBI.US,60,20210112,200000,6.89,6.905,6.87,6.87,1400,0
ULBI.US,60,20210112,210000,6.89,6.952,6.88,6.952,4560,0
ULBI.US,60,20210112,220000,6.9201,7,6.9201,6.98,16797,0
ULBI.US,60,20210113,160000,7.02,7.13,6.98,6.98,48806,0
ULBI.US,60,20210113,170000,6.98,7.12,6.9296,6.98,30179,0
ULBI.US,60,20210113,180000,6.98,7,6.94,7,15305,0
ULBI.US,60,20210113,190000,6.985,7,6.95,7,20838,0
ULBI.US,60,20210113,200000,6.985,7,6.97,6.99,3800,0
ULBI.US,60,20210113,210000,6.97,6.97,6.87,6.91,5549,0
ULBI.US,60,20210113,220000,6.91,6.96,6.88,6.93,4093,0
ULBI.US,60,20210114,160000,7.05,7.05,6.94,7,18026,0
ULBI.US,60,20210114,170000,7,7,6.885,6.91,14228,0
ULBI.US,60,20210114,180000,6.925,6.99,6.925,6.9641,11050,0
ULBI.US,60,20210114,190000,6.975,7.03,6.96,6.96,14201,0
ULBI.US,60,20210114,200000,6.9667,6.98,6.91,6.91,13273,0
ULBI.US,60,20210114,210000,6.93,6.955,6.9,6.94,10824,0
ULBI.US,60,20210114,220000,6.9992,7,6.85,6.91,41365,0
ULBI.US,60,20210115,160000,6.91,6.995,6.85,6.91,8100,0
ULBI.US,60,20210115,170000,6.9,6.94,6.8,6.852,9805,0
ULBI.US,60,20210115,180000,6.81,6.85,6.8,6.84,2480,0
ULBI.US,60,20210115,190000,6.835,6.9,6.835,6.9,990,0
ULBI.US,60,20210115,200000,6.88,6.9,6.8664,6.89,2380,0
ULBI.US,60,20210115,210000,6.93,6.95,6.9,6.91,2600,0
ULBI.US,60,20210115,220000,6.92,6.92,6.76,6.78,9417,0
ULBI.US,60,20210119,160000,6.78,6.86,6.71,6.78,4916,0
ULBI.US,60,20210119,170000,6.79,6.96,6.79,6.88,5574,0
ULBI.US,60,20210119,180000,6.8865,6.92,6.83,6.8808,5993,0
ULBI.US,60,20210119,190000,6.89,6.9,6.86,6.86,10096,0
ULBI.US,60,20210119,200000,6.8636,6.88,6.82,6.82,7835,0
ULBI.US,60,20210119,210000,6.8404,6.87,6.79,6.79,2100,0
ULBI.US,60,20210119,220000,6.7725,6.84,6.7725,6.81,17415,0
ULBI.US,60,20210120,160000,6.8,6.835,6.73,6.81,2316,0
ULBI.US,60,20210120,170000,6.8299,6.84,6.74,6.765,9324,0
ULBI.US,60,20210120,180000,6.74,6.765,6.65,6.66,5761,0
ULBI.US,60,20210120,190000,6.66,6.7,6.66,6.66,7100,0
ULBI.US,60,20210120,200000,6.66,6.67,6.62,6.66,8193,0
ULBI.US,60,20210120,210000,6.62,6.64,6.61,6.61,2016,0
ULBI.US,60,20210120,220000,6.63,6.73,6.6,6.7,23922,0
ULBI.US,60,20210121,160000,6.67,6.835,6.63,6.78,10381,0
ULBI.US,60,20210121,170000,6.7258,6.7258,6.62,6.63,4388,0
ULBI.US,60,20210121,180000,6.62,6.6339,6.6,6.6339,1842,0
ULBI.US,60,20210121,190000,6.6,6.65,6.59,6.62,4199,0
ULBI.US,60,20210121,200000,6.67,6.67,6.67,6.67,200,0
ULBI.US,60,20210121,210000,6.675,6.81,6.675,6.79,3400,0
ULBI.US,60,20210121,220000,6.77,6.8329,6.77,6.78,9430,0
ULBI.US,60,20210122,160000,6.75,6.8765,6.7,6.8,1468,0
ULBI.US,60,20210122,170000,6.8,6.87,6.73,6.8602,16083,0
ULBI.US,60,20210122,180000,6.88,6.99,6.838,6.88,18266,0
ULBI.US,60,20210122,190000,6.8301,6.88,6.8301,6.87,7785,0
ULBI.US,60,20210122,200000,6.87,6.87,6.76,6.76,4228,0
ULBI.US,60,20210122,210000,6.75,6.855,6.75,6.855,4524,0
ULBI.US,60,20210122,220000,6.845,6.845,6.77,6.8,27028,0
ULBI.US,60,20210125,160000,6.81,6.8999,6.7608,6.7608,5638,0
ULBI.US,60,20210125,170000,6.86,6.92,6.79,6.7901,18549,0
ULBI.US,60,20210125,180000,6.77,6.77,6.53,6.72,5290,0
ULBI.US,60,20210125,190000,6.76,6.76,6.66,6.66,1200,0
ULBI.US,60,20210125,200000,6.6999,6.79,6.68,6.75,5888,0
ULBI.US,60,20210125,210000,6.72,6.78,6.67,6.67,5069,0
ULBI.US,60,20210125,220000,6.68,6.72,6.66,6.69,11002,0
ULBI.US,60,20210126,160000,6.74,6.82,6.7,6.7,2500,0
ULBI.US,60,20210126,170000,6.7004,6.71,6.51,6.5927,8047,0
ULBI.US,60,20210126,180000,6.54,6.54,6.48,6.49,6504,0
ULBI.US,60,20210126,190000,6.51,6.51,6.46,6.47,3265,0
ULBI.US,60,20210126,200000,6.47,6.485,6.45,6.46,2127,0
ULBI.US,60,20210126,210000,6.44,6.52,6.44,6.505,19239,0
ULBI.US,60,20210126,220000,6.53,6.58,6.46,6.54,28526,0
ULBI.US,60,20210127,160000,6.6,6.6439,6.6,6.6,10170,0
ULBI.US,60,20210127,170000,6.69,6.74,6.67,6.7235,18564,0
ULBI.US,60,20210127,180000,6.73,6.9,6.7,6.78,43472,0
ULBI.US,60,20210127,190000,6.71,6.74,6.6602,6.725,9375,0
ULBI.US,60,20210127,200000,6.74,6.84,6.74,6.83,7851,0
ULBI.US,60,20210127,210000,6.855,6.855,6.67,6.68,19517,0
ULBI.US,60,20210127,220000,6.72,6.82,6.67,6.78,18884,0
ULBI.US,60,20210128,160000,6.79,6.79,6.5,6.5,17203,0
ULBI.US,60,20210128,170000,6.42,6.555,6.37,6.4198,16195,0
ULBI.US,60,20210128,180000,6.4238,6.45,6.33,6.34,15876,0
ULBI.US,60,20210128,190000,6.36,6.37,6.29,6.35,8306,0
ULBI.US,60,20210128,200000,6.3,6.36,6.3,6.36,5002,0
ULBI.US,60,20210128,210000,6.3,6.33,6.28,6.32,4540,0
ULBI.US,60,20210128,220000,6.27,6.27,5.81,5.87,68426,0
ULBI.US,60,20210129,160000,5.8,5.84,5.57,5.72,21989,0
ULBI.US,60,20210129,170000,5.789,6.04,5.745,6,18269,0
ULBI.US,60,20210129,180000,6,6.119,5.88,5.88,7565,0
ULBI.US,60,20210129,190000,5.92,5.92,5.8,5.8,7612,0
ULBI.US,60,20210129,200000,5.8,5.99,5.795,5.96,9416,0
ULBI.US,60,20210129,210000,5.9899,5.9899,5.89,5.89,12797,0
ULBI.US,60,20210129,220000,5.86,5.9,5.7901,5.87,15548,0
ULBI.US,60,20210201,160000,5.99,6.02,5.88,6.01,4600,0
ULBI.US,60,20210201,170000,6.03,6.0499,5.96,6,3503,0
ULBI.US,60,20210201,180000,6.01,6.01,5.98,5.98,1495,0
ULBI.US,60,20210201,190000,5.98,6,5.97,6,4310,0
ULBI.US,60,20210201,200000,6,6,5.98,5.98,12284,0
ULBI.US,60,20210201,210000,6,6,5.98,6,4893,0
ULBI.US,60,20210201,220000,5.98,6,5.95,5.95,8401,0
ULBI.US,60,20210202,160000,6.03,6.03,5.965,6,7784,0
ULBI.US,60,20210202,170000,6,6.13,6,6.04,8582,0
ULBI.US,60,20210202,180000,6.06,6.08,6.01,6.04,3100,0
ULBI.US,60,20210202,190000,6.06,6.11,6.06,6.06,4829,0
ULBI.US,60,20210202,200000,6.05,6.05,6.04,6.04,200,0
ULBI.US,60,20210202,210000,6.05,6.05,6.02,6.05,2324,0
ULBI.US,60,20210202,220000,6.09,6.1,6.06,6.07,4553,0
ULBI.US,60,20210203,160000,6.1,6.26,6.1,6.26,3416,0
ULBI.US,60,20210203,170000,6.16,6.2289,6.08,6.08,8115,0
ULBI.US,60,20210203,180000,6.03,6.12,5.99,5.9982,5016,0
ULBI.US,60,20210203,190000,6.03,6.03,5.89,5.9363,10138,0
ULBI.US,60,20210203,200000,5.9,5.9397,5.8722,5.91,8378,0
ULBI.US,60,20210203,210000,5.905,6.14,5.905,6.14,19005,0
ULBI.US,60,20210203,220000,6,6.09,5.91,5.98,37686,0
ULBI.US,60,20210204,160000,6.1,6.3,6.01,6.09,17327,0
ULBI.US,60,20210204,170000,6.07,6.35,6.07,6.2273,25732,0
ULBI.US,60,20210204,180000,6.2708,6.3624,6.21,6.295,25955,0
ULBI.US,60,20210204,190000,6.2935,6.38,6.2935,6.33,11628,0
ULBI.US,60,20210204,200000,6.35,6.37,6.32,6.35,9870,0
ULBI.US,60,20210204,210000,6.374,6.455,6.37,6.4393,9440,0
ULBI.US,60,20210204,220000,6.44,6.56,6.44,6.55,24659,0
ULBI.US,60,20210205,160000,6.61,6.64,6.52,6.524,11474,0
ULBI.US,60,20210205,170000,6.52,6.52,6.34,6.43,15609,0
ULBI.US,60,20210205,180000,6.45,6.49,6.41,6.47,16019,0
ULBI.US,60,20210205,190000,6.5,6.5,6.45,6.45,2887,0
ULBI.US,60,20210205,200000,6.4499,6.45,6.435,6.4433,6415,0
ULBI.US,60,20210205,210000,6.49,6.49,6.461,6.48,2025,0
ULBI.US,60,20210205,220000,6.49,6.5,6.45,6.47,4931,0
ULBI.US,60,20210208,160000,6.61,6.625,6.515,6.5467,24853,0
ULBI.US,60,20210208,170000,6.53,6.6381,6.5,6.58,72841,0
ULBI.US,60,20210208,180000,6.58,6.65,6.52,6.64,26103,0
ULBI.US,60,20210208,190000,6.59,7.9871,6.59,7.8086,764254,0
ULBI.US,60,20210208,200000,7.795,7.8227,7.12,7.51,215623,0
ULBI.US,60,20210208,210000,7.585,7.69,7.47,7.68,132684,0
ULBI.US,60,20210208,220000,7.6526,7.69,7.34,7.64,226160,0
ULBI.US,60,20210209,160000,7.64,7.69,7.5,7.57,23146,0
ULBI.US,60,20210209,170000,7.51,7.56,7.21,7.27,21965,0
ULBI.US,60,20210209,180000,7.23,7.36,7.22,7.3,20807,0
ULBI.US,60,20210209,190000,7.3,7.3,7.21,7.25,11844,0
ULBI.US,60,20210209,200000,7.26,7.35,7.15,7.35,19972,0
ULBI.US,60,20210209,210000,7.3499,7.51,7.295,7.48,34549,0
ULBI.US,60,20210209,220000,7.46,7.56,7.4,7.45,31691,0
ULBI.US,60,20210210,160000,7.45,7.45,7.3328,7.39,11248,0
ULBI.US,60,20210210,170000,7.4349,7.4405,7.0635,7.15,21803,0
ULBI.US,60,20210210,180000,7.2,7.23,7.1666,7.17,7409,0
ULBI.US,60,20210210,190000,7.13,7.14,7.08,7.1,2727,0
ULBI.US,60,20210210,200000,7.1103,7.12,7.05,7.05,4866,0
ULBI.US,60,20210210,210000,7.03,7.06,7.02,7.05,7114,0
ULBI.US,60,20210210,220000,7.05,7.05,6.95,6.98,37438,0
ULBI.US,60,20210211,160000,6.96,6.97,6.82,6.94,4752,0
ULBI.US,60,20210211,170000,6.945,6.945,6.71,6.87,72495,0
ULBI.US,60,20210211,180000,6.85,7.15,6.85,7.14,10074,0
ULBI.US,60,20210211,190000,7.12,7.14,6.79,6.8,22813,0
ULBI.US,60,20210211,200000,6.79,6.84,6.78,6.84,6065,0
ULBI.US,60,20210211,210000,6.83,6.93,6.8,6.91,2672,0
ULBI.US,60,20210211,220000,6.95,7.1,6.91,7.04,13044,0
ULBI.US,60,20210212,160000,7.06,7.08,7.01,7.04,3300,0
ULBI.US,60,20210212,170000,7.0501,7.07,6.92,6.945,9232,0
ULBI.US,60,20210212,180000,6.9767,7.23,6.9767,7.21,12990,0
ULBI.US,60,20210212,190000,7.18,7.31,7.16,7.25,17048,0
ULBI.US,60,20210212,200000,7.2305,7.25,7.13,7.14,8121,0
ULBI.US,60,20210212,210000,7.15,7.16,7.11,7.1156,3874,0
ULBI.US,60,20210212,220000,7.12,7.24,7.12,7.22,16121,0
ULBI.US,60,20210216,160000,7.34,7.3994,7.25,7.29,10640,0
ULBI.US,60,20210216,170000,7.325,7.325,7.275,7.3,8807,0
ULBI.US,60,20210216,180000,7.2638,7.29,7.22,7.22,8448,0
ULBI.US,60,20210216,190000,7.22,7.22,7.05,7.05,7283,0
ULBI.US,60,20210216,200000,7.05,7.18,7.05,7.18,5115,0
ULBI.US,60,20210216,210000,7.19,7.3778,7.19,7.3778,6129,0
ULBI.US,60,20210216,220000,7.38,7.4982,7.36,7.41,47935,0
ULBI.US,60,20210217,160000,7.41,7.41,7.33,7.33,4701,0
ULBI.US,60,20210217,170000,7.36,7.3758,7.285,7.355,2562,0
ULBI.US,60,20210217,180000,7.32,7.33,7.23,7.33,9418,0
ULBI.US,60,20210217,190000,7.33,7.33,7.32,7.32,200,0
ULBI.US,60,20210217,200000,7.34,7.37,7.31,7.34,13582,0
ULBI.US,60,20210217,210000,7.3488,7.37,7.29,7.29,2890,0
ULBI.US,60,20210217,220000,7.29,7.38,7.245,7.35,21396,0
ULBI.US,60,20210218,160000,7.31,7.31,7.19,7.19,2836,0
ULBI.US,60,20210218,170000,7.28,7.28,7.02,7.03,2585,0
ULBI.US,60,20210218,180000,7.03,7.03,6.9,7,7350,0
ULBI.US,60,20210218,190000,6.97,7.04,6.97,7.0206,2934,0
ULBI.US,60,20210218,200000,7.02,7.0353,7.02,7.0353,300,0
ULBI.US,60,20210218,210000,7.0515,7.0515,6.97,6.98,12533,0
ULBI.US,60,20210218,220000,6.985,7.08,6.985,6.99,15934,0
ULBI.US,60,20210219,160000,7.1,7.1,7.0698,7.0698,200,0
ULBI.US,60,20210219,170000,7.021,7.0584,7.02,7.0454,5041,0
ULBI.US,60,20210219,180000,7.01,7.03,7,7.02,3687,0
ULBI.US,60,20210219,190000,6.99,6.99,6.91,6.91,1685,0
ULBI.US,60,20210219,200000,6.895,6.91,6.895,6.91,800,0
ULBI.US,60,20210219,210000,6.95,7.03,6.93,6.93,5388,0
ULBI.US,60,20210219,220000,6.96,7.03,6.93,7.02,17246,0
ULBI.US,60,20210222,160000,6.96,6.96,6.88,6.91,1300,0
ULBI.US,60,20210222,170000,6.91,7.017,6.875,7.017,5543,0
ULBI.US,60,20210222,180000,6.93,6.93,6.88,6.88,3164,0
ULBI.US,60,20210222,190000,6.89,6.92,6.88,6.9113,11900,0
ULBI.US,60,20210222,200000,6.9,6.92,6.88,6.88,4389,0
ULBI.US,60,20210222,210000,6.88,6.95,6.86,6.88,8173,0
ULBI.US,60,20210222,220000,6.88,6.92,6.85,6.86,20752,0
ULBI.US,60,20210223,160000,6.8,6.8032,6.55,6.55,7901,0
ULBI.US,60,20210223,170000,6.62,6.7392,6.6,6.722,13537,0
ULBI.US,60,20210223,180000,6.71,6.79,6.6651,6.6651,6567,0
ULBI.US,60,20210223,190000,6.67,6.6899,6.6544,6.67,5548,0
ULBI.US,60,20210223,200000,6.68,6.72,6.67,6.72,3279,0
ULBI.US,60,20210223,210000,6.73,6.981,6.72,6.981,11919,0
ULBI.US,60,20210223,220000,6.9536,7.085,6.885,6.95,22270,0
ULBI.US,60,20210224,160000,6.94,7.1911,6.94,7.07,4418,0
ULBI.US,60,20210224,170000,7.04,7.05,6.93,6.98,4861,0
ULBI.US,60,20210224,180000,7.07,7.15,7,7.1,9687,0
ULBI.US,60,20210224,190000,7.115,7.1394,7.11,7.1394,1101,0
ULBI.US,60,20210224,200000,7.03,7.0999,7.02,7.06,8024,0
ULBI.US,60,20210224,210000,7.05,7.1,7.02,7.02,3600,0
ULBI.US,60,20210224,220000,7.03,7.28,7.03,7.2,36331,0
ULBI.US,60,20210225,160000,7.12,7.2548,7.095,7.155,5780,0
ULBI.US,60,20210225,170000,7.095,7.16,7.09,7.105,4276,0
ULBI.US,60,20210225,180000,7.1521,7.1521,7.04,7.05,14887,0
ULBI.US,60,20210225,190000,7.03,7.19,6.91,6.945,14564,0
ULBI.US,60,20210225,200000,7.0376,7.1581,6.98,7.1,26418,0
ULBI.US,60,20210225,210000,7.11,7.15,7.095,7.095,1700,0
ULBI.US,60,20210225,220000,7.09,7.09,6.85,6.89,14901,0
ULBI.US,60,20210226,160000,7.13,7.13,6.9,6.9,3077,0
ULBI.US,60,20210226,170000,6.85,6.9,6.68,6.81,6013,0
ULBI.US,60,20210226,180000,6.8,6.87,6.76,6.803,3252,0
ULBI.US,60,20210226,190000,6.85,6.96,6.85,6.96,1300,0
ULBI.US,60,20210226,200000,6.91,6.91,6.875,6.88,700,0
ULBI.US,60,20210226,210000,6.85,6.85,6.76,6.8,3321,0
ULBI.US,60,20210226,220000,6.88,6.91,6.76,6.77,5049,0
ULBI.US,60,20210301,160000,6.96,7.0242,6.91,6.91,1542,0
ULBI.US,60,20210301,170000,7.01,7.0196,6.9815,7.0196,2775,0
ULBI.US,60,20210301,180000,6.995,7.0186,6.97,7.01,5405,0
ULBI.US,60,20210301,190000,7,7.055,6.9,6.9338,9278,0
ULBI.US,60,20210301,200000,6.98,7.1663,6.98,6.9924,1970,0
ULBI.US,60,20210301,210000,7.04,7.04,7,7,962,0
ULBI.US,60,20210301,220000,6.955,6.99,6.92,6.98,9692,0
ULBI.US,60,20210302,160000,7.02,7.02,6.86,6.95,1196,0
ULBI.US,60,20210302,170000,6.94,6.9641,6.88,6.88,3535,0
ULBI.US,60,20210302,180000,6.88,6.93,6.87,6.9,4966,0
ULBI.US,60,20210302,190000,6.9,6.9,6.86,6.8795,3214,0
ULBI.US,60,20210302,200000,6.9,6.9,6.9,6.9,1767,0
ULBI.US,60,20210302,210000,6.9578,6.96,6.88,6.935,14891,0
ULBI.US,60,20210302,220000,6.92,6.95,6.89,6.89,7071,0
ULBI.US,60,20210303,160000,6.9,7.02,6.9,7.0187,964,0
ULBI.US,60,20210303,170000,6.954,7,6.89,6.95,2400,0
ULBI.US,60,20210303,180000,6.9847,7.077,6.98,7.07,6709,0
ULBI.US,60,20210303,190000,7.045,7.045,6.91,6.935,800,0
ULBI.US,60,20210303,200000,6.98,7.01,6.96,6.97,1500,0
ULBI.US,60,20210303,210000,6.94,6.94,6.89,6.93,1290,0
ULBI.US,60,20210303,220000,6.93,6.95,6.76,6.85,22210,0
ULBI.US,60,20210304,160000,6.79,7.0274,6.75,6.75,12134,0
ULBI.US,60,20210304,170000,6.68,6.71,6.58,6.63,15842,0
ULBI.US,60,20210304,180000,6.63,6.72,6.577,6.72,13700,0
ULBI.US,60,20210304,190000,6.65,6.72,6.58,6.6,5200,0
ULBI.US,60,20210304,200000,6.61,6.61,6.42,6.45,9679,0
ULBI.US,60,20210304,210000,6.43,6.63,6.43,6.63,2873,0
ULBI.US,60,20210304,220000,6.63,6.72,6.56,6.65,11420,0
ULBI.US,60,20210305,160000,6.77,6.77,6.6704,6.75,2494,0
ULBI.US,60,20210305,170000,6.71,6.76,6.625,6.63,3646,0
ULBI.US,60,20210305,180000,6.685,6.74,6.58,6.63,6784,0
ULBI.US,60,20210305,190000,6.71,6.78,6.675,6.675,1226,0
ULBI.US,60,20210305,200000,6.62,6.71,6.59,6.71,3662,0
ULBI.US,60,20210305,210000,6.7,6.71,6.66,6.67,2256,0
ULBI.US,60,20210305,220000,6.67,6.72,6.63,6.69,16003,0
ULBI.US,60,20210308,160000,6.7,6.8,6.7,6.8,531,0
ULBI.US,60,20210308,170000,6.79,6.8217,6.7507,6.8,2469,0
ULBI.US,60,20210308,180000,6.82,6.82,6.79,6.79,1000,0
ULBI.US,60,20210308,190000,6.79,6.8,6.75,6.79,2979,0
ULBI.US,60,20210308,200000,6.76,6.79,6.75,6.7599,2835,0
ULBI.US,60,20210308,210000,6.76,6.83,6.72,6.83,6804,0
ULBI.US,60,20210308,220000,6.83,6.86,6.81,6.83,8724,0
ULBI.US,60,20210309,160000,6.94,6.96,6.739,6.91,1834,0
ULBI.US,60,20210309,170000,6.937,6.96,6.79,6.83,13835,0
ULBI.US,60,20210309,180000,6.83,6.98,6.83,6.95,3144,0
ULBI.US,60,20210309,190000,6.96,7.035,6.96,7.035,1696,0
ULBI.US,60,20210309,200000,7.03,7.03,6.945,6.945,3317,0
ULBI.US,60,20210309,210000,6.89,6.925,6.83,6.925,5497,0
ULBI.US,60,20210309,220000,6.91,6.97,6.85,6.96,26489,0
ULBI.US,60,20210310,160000,7.36,7.75,7.35,7.715,113182,0
ULBI.US,60,20210310,170000,7.7,7.73,7.27,7.45,117064,0
ULBI.US,60,20210310,180000,7.44,7.53,7.39,7.474,31497,0
ULBI.US,60,20210310,190000,7.47,7.5875,7.43,7.525,25955,0
ULBI.US,60,20210310,200000,7.5207,7.6225,7.51,7.5525,34202,0
ULBI.US,60,20210310,210000,7.58,7.59,7.52,7.5899,17590,0
ULBI.US,60,20210310,220000,7.55,7.9,7.54,7.79,108080,0
ULBI.US,60,20210311,160000,7.85,7.85,7.6801,7.6801,33021,0
ULBI.US,60,20210311,170000,7.69,7.8692,7.69,7.791,10562,0
ULBI.US,60,20210311,180000,7.76,7.8399,7.71,7.7527,12204,0
ULBI.US,60,20210311,190000,7.7637,7.77,7.72,7.77,10974,0
ULBI.US,60,20210311,200000,7.76,7.79,7.71,7.71,15637,0
ULBI.US,60,20210311,210000,7.715,7.7299,7.62,7.62,9932,0
ULBI.US,60,20210311,220000,7.66,7.87,7.64,7.84,34305,0
ULBI.US,60,20210312,160000,7.98,8.11,7.9,8.085,17599,0
ULBI.US,60,20210312,170000,8.13,8.17,8.05,8.1151,33701,0
ULBI.US,60,20210312,180000,8.08,8.1338,8,8,14747,0
ULBI.US,60,20210312,190000,8,8.0351,7.925,7.925,19400,0
ULBI.US,60,20210312,200000,7.94,7.95,7.875,7.875,12525,0
ULBI.US,60,20210312,210000,7.88,7.9478,7.88,7.93,4216,0
ULBI.US,60,20210312,220000,7.929,8.02,7.91,8,36907,0
ULBI.US,60,20210315,150000,8,8.061,7.95,8,20730,0
ULBI.US,60,20210315,160000,8,8.05,7.95,8.04,24839,0
ULBI.US,60,20210315,170000,8.05,8.31,8.05,8.29,17227,0
ULBI.US,60,20210315,180000,8.305,8.49,8.3,8.43,20123,0
ULBI.US,60,20210315,190000,8.4347,8.4347,8.35,8.35,7553,0
ULBI.US,60,20210315,200000,8.36,8.45,8.36,8.415,10798,0
ULBI.US,60,20210315,210000,8.39,8.5,8.37,8.47,30753,0
ULBI.US,60,20210316,150000,8.51,8.625,8.36,8.4,18419,0
ULBI.US,60,20210316,160000,8.405,8.405,8.22,8.22,17964,0
ULBI.US,60,20210316,170000,8.22,8.23,8.1767,8.22,13418,0
ULBI.US,60,20210316,180000,8.22,8.22,8.06,8.09,26185,0
ULBI.US,60,20210316,190000,8.09,8.13,8,8.04,12861,0
ULBI.US,60,20210316,200000,8.03,8.0699,8.03,8.05,9144,0
ULBI.US,60,20210316,210000,8.06,8.12,8.04,8.05,21100,0
ULBI.US,60,20210317,150000,8.05,8.1257,8.03,8.0501,6156,0
ULBI.US,60,20210317,160000,8.1092,8.1092,7.99,8,17297,0
ULBI.US,60,20210317,170000,8,8,7.96,7.9999,4186,0
ULBI.US,60,20210317,180000,7.97,8,7.96,7.99,8175,0
ULBI.US,60,20210317,190000,8.026,8.035,7.98,8.01,12453,0
ULBI.US,60,20210317,200000,8,8.18,7.98,8.1674,18030,0
ULBI.US,60,20210317,210000,8.14,8.15,8.1,8.13,25081,0
ULBI.US,60,20210318,150000,8.1,8.1,7.99,7.99,1945,0
ULBI.US,60,20210318,160000,8.045,8.0707,8.01,8.04,4638,0
ULBI.US,60,20210318,170000,8.04,8.0895,8.04,8.0614,5844,0
ULBI.US,60,20210318,180000,8.1,8.1201,8.0181,8.02,11001,0
ULBI.US,60,20210318,190000,8.03,8.09,8,8.0124,11445,0
ULBI.US,60,20210318,200000,8,8,7.83,7.83,24793,0
ULBI.US,60,20210318,210000,7.86,8.02,7.86,7.92,13579,0
ULBI.US,60,20210319,150000,7.85,7.89,7.85,7.86,29348,0
ULBI.US,60,20210319,160000,7.9899,7.9899,7.8,7.825,16475,0
ULBI.US,60,20210319,170000,7.81,7.86,7.81,7.86,6834,0
ULBI.US,60,20210319,180000,7.86,7.9,7.85,7.85,4300,0
ULBI.US,60,20210319,190000,7.85,7.87,7.8,7.81,7312,0
ULBI.US,60,20210319,200000,7.81,7.835,7.8,7.81,4567,0
ULBI.US,60,20210319,210000,7.81,7.915,7.75,7.79,24823,0
ULBI.US,60,20210322,150000,7.82,7.82,7.66,7.69,15649,0
ULBI.US,60,20210322,160000,7.66,7.695,7.5821,7.61,11919,0
ULBI.US,60,20210322,170000,7.6,7.61,7.5603,7.58,3958,0
ULBI.US,60,20210322,180000,7.56,7.61,7.555,7.58,5380,0
ULBI.US,60,20210322,190000,7.56,7.6199,7.56,7.61,5801,0
ULBI.US,60,20210322,200000,7.61,7.6298,7.58,7.62,6262,0
ULBI.US,60,20210322,210000,7.605,7.78,7.605,7.65,22157,0
ULBI.US,60,20210323,150000,7.55,7.59,7.53,7.53,4172,0
ULBI.US,60,20210323,160000,7.6,7.6,7.51,7.5299,14573,0
ULBI.US,60,20210323,170000,7.52,7.6,7.45,7.4509,45699,0
ULBI.US,60,20210323,180000,7.4801,7.54,7.48,7.54,9847,0
ULBI.US,60,20210323,190000,7.52,7.59,7.51,7.53,3339,0
ULBI.US,60,20210323,200000,7.555,7.56,7.46,7.495,11422,0
ULBI.US,60,20210323,210000,7.5,7.53,7.43,7.44,28825,0
ULBI.US,60,20210324,150000,7.52,7.729,7.5,7.56,26159,0
ULBI.US,60,20210324,160000,7.55,7.7,7.52,7.7,8358,0
ULBI.US,60,20210324,170000,7.71,7.75,7.6,7.64,21805,0
ULBI.US,60,20210324,180000,7.65,7.66,7.47,7.47,4348,0
ULBI.US,60,20210324,190000,7.46,7.635,7.45,7.6,22758,0
ULBI.US,60,20210324,200000,7.595,7.61,7.52,7.54,15679,0
ULBI.US,60,20210324,210000,7.54,7.58,7.44,7.48,42344,0
ULBI.US,60,20210325,150000,7.46,7.5681,7.45,7.49,9833,0
ULBI.US,60,20210325,160000,7.545,7.57,7.478,7.51,14283,0
ULBI.US,60,20210325,170000,7.52,7.58,7.51,7.55,10500,0
ULBI.US,60,20210325,180000,7.57,7.73,7.57,7.73,9578,0
ULBI.US,60,20210325,190000,7.72,7.72,7.69,7.69,1605,0
ULBI.US,60,20210325,200000,7.68,7.735,7.63,7.73,9375,0
ULBI.US,60,20210325,210000,7.7,8,7.695,7.83,34103,0
ULBI.US,60,20210326,150000,8.1,8.38,8.1,8.25,28851,0
ULBI.US,60,20210326,160000,8.35,8.475,8.31,8.37,40849,0
ULBI.US,60,20210326,170000,8.3562,8.38,8.35,8.38,13449,0
ULBI.US,60,20210326,180000,8.4,8.58,8.4,8.58,11946,0
ULBI.US,60,20210326,190000,8.6095,8.75,8.48,8.48,18630,0
ULBI.US,60,20210326,200000,8.455,8.57,8.4301,8.57,10453,0
ULBI.US,60,20210326,210000,8.54,8.63,8.52,8.57,30587,0
ULBI.US,60,20210329,160000,8.57,9.2,8.57,8.99,46454,0
ULBI.US,60,20210329,170000,8.99,9.01,8.8,8.82,35805,0
ULBI.US,60,20210329,180000,8.82,8.82,8.43,8.46,32986,0
ULBI.US,60,20210329,190000,8.46,8.49,8.28,8.4,24806,0
ULBI.US,60,20210329,200000,8.38,8.4325,8.37,8.41,11855,0
ULBI.US,60,20210329,210000,8.4,8.47,8.4,8.43,6636,0
ULBI.US,60,20210329,220000,8.45,8.47,8.12,8.15,50936,0
ULBI.US,60,20210330,160000,8.13,8.1368,7.93,7.96,3634,0
ULBI.US,60,20210330,170000,7.99,8.025,7.87,7.87,5575,0
ULBI.US,60,20210330,180000,7.86,7.9099,7.68,7.795,13019,0
ULBI.US,60,20210330,190000,7.797,7.82,7.785,7.8,1695,0
ULBI.US,60,20210330,200000,7.8001,7.8001,7.725,7.7399,6174,0
ULBI.US,60,20210330,210000,7.74,7.76,7.67,7.67,7514,0
ULBI.US,60,20210330,220000,7.67,7.72,7.61,7.7,16609,0
ULBI.US,60,20210331,160000,7.77,8.04,7.77,7.9742,15046,0
ULBI.US,60,20210331,170000,8,8,7.89,7.89,6951,0
ULBI.US,60,20210331,180000,7.88,7.92,7.85,7.92,8252,0
ULBI.US,60,20210331,190000,7.92,8.28,7.92,8.28,19166,0
ULBI.US,60,20210331,200000,8.28,8.37,8.25,8.25,2953,0
ULBI.US,60,20210331,210000,8.22,8.28,8.16,8.2,19123,0
ULBI.US,60,20210331,220000,8.2,8.34,8.19,8.28,24341,0
ULBI.US,60,20210401,160000,8.31,8.385,8.29,8.3,2980,0
ULBI.US,60,20210401,170000,8.35,8.35,8.18,8.22,6461,0
ULBI.US,60,20210401,180000,8.22,8.22,8.08,8.1277,7092,0
ULBI.US,60,20210401,190000,8.12,8.1599,8.07,8.14,1730,0
ULBI.US,60,20210401,200000,8.14,8.195,8.14,8.1852,3019,0
ULBI.US,60,20210401,210000,8.2001,8.425,8.2001,8.31,7833,0
ULBI.US,60,20210401,220000,8.31,8.34,8.23,8.28,28334,0
ULBI.US,60,20210405,160000,8.36,8.38,8.28,8.325,2309,0
ULBI.US,60,20210405,170000,8.28,8.28,8.13,8.13,7035,0
ULBI.US,60,20210405,180000,8.155,8.155,8.07,8.07,4677,0
ULBI.US,60,20210405,190000,8.06,8.09,8.06,8.06,3500,0
ULBI.US,60,20210405,200000,8.06,8.07,8,8.02,6214,0
ULBI.US,60,20210405,210000,8.0201,8.05,7.91,7.91,6139,0
ULBI.US,60,20210405,220000,7.95,8.14,7.9,8.1,32455,0
ULBI.US,60,20210406,160000,8.12,8.36,8.12,8.2,3757,0
ULBI.US,60,20210406,170000,8.2,8.27,8.2,8.24,8204,0
ULBI.US,60,20210406,180000,8.23,8.27,8.2,8.27,2899,0
ULBI.US,60,20210406,190000,8.235,8.26,8.22,8.225,2420,0
ULBI.US,60,20210406,200000,8.225,8.225,8.19,8.19,1370,0
ULBI.US,60,20210406,210000,8.19,8.19,8.12,8.125,2172,0
ULBI.US,60,20210406,220000,8.1166,8.19,8.1166,8.16,13092,0
ULBI.US,60,20210407,160000,8.2,8.345,8.15,8.22,4089,0
ULBI.US,60,20210407,170000,8.2,8.2512,8.19,8.2,3440,0
ULBI.US,60,20210407,180000,8.2,8.2,8.17,8.1896,2790,0
ULBI.US,60,20210407,190000,8.1681,8.25,8.15,8.21,6446,0
ULBI.US,60,20210407,200000,8.239,8.34,8.239,8.31,3739,0
ULBI.US,60,20210407,210000,8.3,8.32,8.28,8.28,1927,0
ULBI.US,60,20210407,220000,8.29,8.36,8.27,8.31,21812,0
ULBI.US,60,20210408,160000,8.36,8.49,8.3,8.36,3066,0
ULBI.US,60,20210408,170000,8.2299,8.27,8.13,8.25,7466,0
ULBI.US,60,20210408,180000,8.25,8.3,8.22,8.24,4481,0
ULBI.US,60,20210408,190000,8.22,8.3562,8.18,8.32,7343,0
ULBI.US,60,20210408,200000,8.31,8.31,8.2,8.2,600,0
ULBI.US,60,20210408,210000,8.21,8.3,8.205,8.3,1526,0
ULBI.US,60,20210408,220000,8.28,8.36,8.26,8.33,14636,0
ULBI.US,60,20210409,160000,8.38,8.5,8.21,8.3101,3916,0
ULBI.US,60,20210409,170000,8.285,8.4399,8.24,8.34,6026,0
ULBI.US,60,20210409,180000,8.31,8.33,8.19,8.3,4372,0
ULBI.US,60,20210409,190000,8.24,8.24,8.23,8.23,400,0
ULBI.US,60,20210409,200000,8.24,8.24,8.12,8.12,1210,0
ULBI.US,60,20210409,210000,8.14,8.16,8.11,8.13,7034,0
ULBI.US,60,20210409,220000,8.135,8.27,8.12,8.23,12752,0
ULBI.US,60,20210412,160000,8.28,8.28,8.19,8.2289,5425,0
ULBI.US,60,20210412,170000,8.205,8.23,8.205,8.21,2050,0
ULBI.US,60,20210412,180000,8.2,8.2199,8.13,8.17,5349,0
ULBI.US,60,20210412,190000,8.165,8.3,8.1511,8.3,12703,0
ULBI.US,60,20210412,200000,8.32,8.4525,8.2951,8.38,6633,0
ULBI.US,60,20210412,210000,8.35,8.44,8.35,8.415,6910,0
ULBI.US,60,20210412,220000,8.44,8.68,8.43,8.6,29009,0
ULBI.US,60,20210413,160000,8.7,8.715,8.515,8.53,11559,0
ULBI.US,60,20210413,170000,8.53,8.67,8.465,8.53,12995,0
ULBI.US,60,20210413,180000,8.53,8.5837,8.5,8.545,1559,0
ULBI.US,60,20210413,190000,8.545,8.59,8.52,8.555,4878,0
ULBI.US,60,20210413,200000,8.535,8.54,8.44,8.45,8841,0
ULBI.US,60,20210413,210000,8.47,8.5,8.45,8.47,4813,0
ULBI.US,60,20210413,220000,8.48,8.63,8.44,8.59,34345,0
ULBI.US,60,20210414,160000,8.57,8.57,8.44,8.4562,1605,0
ULBI.US,60,20210414,170000,8.47,8.6,8.47,8.593,7815,0
ULBI.US,60,20210414,180000,8.68,8.75,8.68,8.705,3525,0
ULBI.US,60,20210414,190000,8.7,8.7,8.68,8.7,6559,0
ULBI.US,60,20210414,200000,8.695,8.72,8.69,8.69,7312,0
ULBI.US,60,20210414,210000,8.695,8.695,8.62,8.64,10341,0
ULBI.US,60,20210414,220000,8.64,8.66,8.52,8.57,19381,0
ULBI.US,60,20210415,160000,8.67,8.67,8.595,8.62,5157,0
ULBI.US,60,20210415,170000,8.676,8.676,8.54,8.54,4967,0
ULBI.US,60,20210415,180000,8.525,8.55,8.45,8.54,6057,0
ULBI.US,60,20210415,190000,8.55,8.55,8.48,8.4804,1217,0
ULBI.US,60,20210415,200000,8.47,8.47,8.4,8.4,5244,0
ULBI.US,60,20210415,210000,8.41,8.425,8.31,8.35,8628,0
ULBI.US,60,20210415,220000,8.35,8.515,8.35,8.47,18745,0
ULBI.US,60,20210416,160000,8.51,8.51,8.32,8.33,4608,0
ULBI.US,60,20210416,170000,8.34,8.45,8.34,8.43,7932,0
ULBI.US,60,20210416,180000,8.44,8.46,8.41,8.41,1150,0
ULBI.US,60,20210416,190000,8.4104,8.4104,8.345,8.345,2150,0
ULBI.US,60,20210416,200000,8.33,8.33,8.3,8.3,1303,0
ULBI.US,60,20210416,210000,8.33,8.4,8.33,8.4,3966,0
ULBI.US,60,20210416,220000,8.41,8.4527,8.39,8.43,9833,0
ULBI.US,60,20210419,160000,8.59,8.77,8.35,8.37,7922,0
ULBI.US,60,20210419,170000,8.35,8.41,8.3,8.36,5029,0
ULBI.US,60,20210419,180000,8.36,8.41,8.3,8.37,10651,0
ULBI.US,60,20210419,190000,8.4,8.46,8.34,8.35,5316,0
ULBI.US,60,20210419,200000,8.39,8.46,8.37,8.46,4202,0
ULBI.US,60,20210419,210000,8.4304,8.48,8.36,8.46,6620,0
ULBI.US,60,20210419,220000,8.46,8.5,8.42,8.44,12386,0
ULBI.US,60,20210420,160000,8.34,8.48,8.13,8.15,16469,0
ULBI.US,60,20210420,170000,8.17,8.17,7.8099,7.89,36942,0
ULBI.US,60,20210420,180000,7.91,7.9699,7.86,7.9,6753,0
ULBI.US,60,20210420,190000,7.9,7.99,7.87,7.87,4296,0
ULBI.US,60,20210420,200000,7.89,7.89,7.81,7.81,2175,0
ULBI.US,60,20210420,210000,7.81,7.97,7.81,7.82,4983,0
ULBI.US,60,20210420,220000,7.838,7.88,7.8,7.85,14593,0
ULBI.US,60,20210421,160000,7.89,7.9484,7.85,7.85,4079,0
ULBI.US,60,20210421,170000,7.9,7.99,7.89,7.98,6403,0
ULBI.US,60,20210421,180000,8.02,8.06,8.02,8.06,2694,0
ULBI.US,60,20210421,190000,8.03,8.15,8.025,8.15,2000,0
ULBI.US,60,20210421,200000,8.1,8.1108,8.09,8.1,1615,0
ULBI.US,60,20210421,210000,8.08,8.13,8.05,8.11,2084,0
ULBI.US,60,20210421,220000,8.14,8.24,8.1,8.11,15467,0
ULBI.US,60,20210422,160000,8.14,8.195,8.14,8.15,3220,0
ULBI.US,60,20210422,170000,8.115,8.22,8.095,8.16,5471,0
ULBI.US,60,20210422,180000,8.24,8.2489,8.18,8.18,4956,0
ULBI.US,60,20210422,190000,8.1868,8.27,8.18,8.27,2900,0
ULBI.US,60,20210422,200000,8.26,8.28,8.09,8.1,2574,0
ULBI.US,60,20210422,210000,8.0683,8.2,8.065,8.1182,2506,0
ULBI.US,60,20210422,220000,8.145,8.215,8.12,8.13,5215,0
ULBI.US,60,20210423,160000,8.16,8.2181,8.16,8.2181,728,0
ULBI.US,60,20210423,170000,8.14,8.19,8.06,8.06,5641,0
ULBI.US,60,20210423,180000,8.08,8.17,8.08,8.13,2169,0
ULBI.US,60,20210423,190000,8.1,8.11,8.07,8.11,345,0
ULBI.US,60,20210423,200000,8.06,8.24,8.05,8.24,11028,0
ULBI.US,60,20210423,210000,8.2,8.2,8.16,8.195,2382,0
ULBI.US,60,20210423,220000,8.18,8.31,8.18,8.26,13180,0
ULBI.US,60,20210426,160000,8.32,8.35,8.27,8.35,15269,0
ULBI.US,60,20210426,170000,8.3449,8.39,8.25,8.28,12840,0
ULBI.US,60,20210426,180000,8.3,8.3,8.21,8.21,4396,0
ULBI.US,60,20210426,190000,8.23,8.25,8.11,8.11,7094,0
ULBI.US,60,20210426,200000,8.125,8.23,8.125,8.19,9502,0
ULBI.US,60,20210426,210000,8.185,8.2,8.15,8.15,5858,0
ULBI.US,60,20210426,220000,8.17,8.21,8.15,8.19,15788,0
ULBI.US,60,20210427,160000,8.17,8.205,8.16,8.16,6616,0
ULBI.US,60,20210427,170000,8.17,8.17,8.06,8.115,11812,0
ULBI.US,60,20210427,180000,8.1,8.115,8.06,8.08,6342,0
ULBI.US,60,20210427,190000,8.06,8.1,7.99,7.99,13046,0
ULBI.US,60,20210427,200000,8,8.03,7.99,8.03,4420,0
ULBI.US,60,20210427,210000,8.01,8.03,7.99,8,3568,0
ULBI.US,60,20210427,220000,8,8.12,7.98,8.1,22610,0
ULBI.US,60,20210428,160000,8.15,8.18,8.1,8.18,3594,0
ULBI.US,60,20210428,170000,8.09,8.11,8.01,8.01,4000,0
ULBI.US,60,20210428,180000,8.045,8.06,7.93,7.95,19308,0
ULBI.US,60,20210428,190000,7.92,7.98,7.92,7.92,4692,0
ULBI.US,60,20210428,200000,7.95,7.99,7.95,7.97,3920,0
ULBI.US,60,20210428,210000,7.97,8.02,7.94,8.02,4640,0
ULBI.US,60,20210428,220000,8.025,8.07,7.9503,8.01,24052,0
ULBI.US,60,20210429,160000,7.93,8.166,7.93,8.11,14364,0
ULBI.US,60,20210429,170000,8.07,8.1587,7.93,7.9498,16938,0
ULBI.US,60,20210429,180000,7.96,8.05,7.94,8.02,6708,0
ULBI.US,60,20210429,190000,7.995,7.995,7.93,7.98,8426,0
ULBI.US,60,20210429,200000,7.955,7.955,7.92,7.94,6718,0
ULBI.US,60,20210429,210000,7.95,8.18,7.939,8.15,17806,0
ULBI.US,60,20210429,220000,8.13,8.27,8.08,8.22,31600,0
ULBI.US,60,20210430,160000,8.22,8.25,8.135,8.23,12778,0
ULBI.US,60,20210430,170000,8.07,8.23,8.07,8.11,6232,0
ULBI.US,60,20210430,180000,8.09,8.09,7.98,7.98,8750,0
ULBI.US,60,20210430,190000,7.99,8.02,7.99,7.99,9192,0
ULBI.US,60,20210430,200000,8.01,8.01,7.85,7.85,7200,0
ULBI.US,60,20210430,210000,7.85,7.96,7.85,7.8937,8706,0
ULBI.US,60,20210430,220000,7.92,7.99,7.88,7.93,17952,0
ULBI.US,60,20210503,160000,7.9,8.02,7.85,7.86,4382,0
ULBI.US,60,20210503,170000,7.89,7.93,7.83,7.83,2301,0
ULBI.US,60,20210503,180000,7.7898,7.86,7.7898,7.81,1078,0
ULBI.US,60,20210503,190000,7.85,7.89,7.8,7.825,2400,0
ULBI.US,60,20210503,200000,7.83,7.9,7.83,7.85,2000,0
ULBI.US,60,20210503,210000,7.875,7.93,7.875,7.93,2433,0
ULBI.US,60,20210503,220000,7.91,7.97,7.8576,7.92,14978,0
ULBI.US,60,20210504,160000,7.91,7.91,7.75,7.76,7130,0
ULBI.US,60,20210504,170000,7.7527,7.79,7.75,7.77,4014,0
ULBI.US,60,20210504,180000,7.8,7.8,7.64,7.665,5291,0
ULBI.US,60,20210504,190000,7.64,7.77,7.64,7.77,4326,0
ULBI.US,60,20210504,200000,7.73,7.76,7.73,7.755,3037,0
ULBI.US,60,20210504,210000,7.73,7.765,7.73,7.735,1529,0
ULBI.US,60,20210504,220000,7.7483,7.79,7.72,7.73,5581,0
ULBI.US,60,20210505,160000,7.78,7.8,7.67,7.8,2261,0
ULBI.US,60,20210505,170000,7.77,7.77,7.68,7.75,2592,0
ULBI.US,60,20210505,180000,7.72,7.89,7.72,7.77,7654,0
ULBI.US,60,20210505,190000,7.75,7.79,7.75,7.775,2701,0
ULBI.US,60,20210505,200000,7.79,7.83,7.75,7.83,5548,0
ULBI.US,60,20210505,210000,7.77,7.77,7.72,7.74,3238,0
ULBI.US,60,20210505,220000,7.73,7.78,7.69,7.69,10917,0
ULBI.US,60,20210506,160000,7.74,7.81,7.74,7.74,2631,0
ULBI.US,60,20210506,170000,7.71,7.71,7.62,7.66,7609,0
ULBI.US,60,20210506,180000,7.68,7.7515,7.63,7.7515,6090,0
ULBI.US,60,20210506,190000,7.7424,7.7424,7.69,7.74,1210,0
ULBI.US,60,20210506,200000,7.71,7.75,7.69,7.75,5200,0
ULBI.US,60,20210506,210000,7.73,7.77,7.7208,7.75,2593,0
ULBI.US,60,20210506,220000,7.76,7.87,7.76,7.83,9815,0
ULBI.US,60,20210507,160000,7.8,7.88,7.78,7.78,7302,0
ULBI.US,60,20210507,170000,7.795,7.835,7.76,7.815,5529,0
ULBI.US,60,20210507,180000,7.8236,7.84,7.8,7.83,2205,0
ULBI.US,60,20210507,190000,7.83,7.88,7.8,7.83,5180,0
ULBI.US,60,20210507,200000,7.82,7.82,7.78,7.78,1469,0
ULBI.US,60,20210507,210000,7.78,7.84,7.77,7.83,6041,0
ULBI.US,60,20210507,220000,7.81,7.87,7.81,7.83,10838,0
ULBI.US,60,20210510,160000,7.89,7.9698,7.8,7.84,6476,0
ULBI.US,60,20210510,170000,7.8699,7.8699,7.71,7.73,8534,0
ULBI.US,60,20210510,180000,7.72,7.74,7.67,7.74,2446,0
ULBI.US,60,20210510,190000,7.74,7.76,7.715,7.7237,12374,0
ULBI.US,60,20210510,200000,7.715,7.945,7.7,7.945,8954,0
ULBI.US,60,20210510,210000,7.915,7.93,7.69,7.79,2724,0
ULBI.US,60,20210510,220000,7.74,7.86,7.74,7.85,16377,0
ULBI.US,60,20210511,160000,7.81,7.98,7.7,7.9115,9283,0
ULBI.US,60,20210511,170000,7.91,7.97,7.81,7.94,5568,0
ULBI.US,60,20210511,180000,7.8684,8.09,7.8684,7.99,8723,0
ULBI.US,60,20210511,190000,7.956,8.02,7.86,7.92,2565,0
ULBI.US,60,20210511,200000,7.9,7.96,7.9,7.93,500,0
ULBI.US,60,20210511,210000,7.94,7.98,7.86,7.95,1300,0
ULBI.US,60,20210511,220000,7.9,7.99,7.9,7.94,6946,0
ULBI.US,60,20210512,160000,7.87,7.87,7.85,7.85,766,0
ULBI.US,60,20210512,170000,7.8928,7.8928,7.8,7.8001,2638,0
ULBI.US,60,20210512,180000,7.85,7.85,7.81,7.85,700,0
ULBI.US,60,20210512,190000,7.85,7.9,7.82,7.9,4056,0
ULBI.US,60,20210512,200000,7.91,7.94,7.88,7.88,753,0
ULBI.US,60,20210512,210000,7.885,7.9,7.85,7.88,2416,0
ULBI.US,60,20210512,220000,7.91,7.91,7.8,7.91,21349,0
ULBI.US,60,20210513,160000,7.92,8.063,7.92,8.063,4338,0
ULBI.US,60,20210513,170000,8.05,8.1,7.95,7.95,10514,0
ULBI.US,60,20210513,180000,7.95,7.9957,7.9,7.9,3264,0
ULBI.US,60,20210513,190000,7.94,7.94,7.9,7.9,1700,0
ULBI.US,60,20210513,200000,7.8984,7.9688,7.84,7.85,3060,0
ULBI.US,60,20210513,210000,7.9,7.95,7.9,7.95,500,0
ULBI.US,60,20210513,220000,7.94,8.06,7.93,8.04,21851,0
ULBI.US,60,20210514,160000,8.12,8.12,7.97,7.97,11774,0
ULBI.US,60,20210514,170000,7.98,8.2,7.98,8.165,7814,0
ULBI.US,60,20210514,180000,8.16,8.19,8.08,8.08,3567,0
ULBI.US,60,20210514,190000,8.06,8.14,8.01,8.08,5146,0
ULBI.US,60,20210514,200000,8.06,8.165,8.06,8.13,3240,0
ULBI.US,60,20210514,210000,8.13,8.16,8.11,8.12,2184,0
ULBI.US,60,20210514,220000,8.15,8.48,8.15,8.37,56962,0
ULBI.US,60,20210517,160000,8.38,8.4559,8.31,8.34,3695,0
ULBI.US,60,20210517,170000,8.34,8.375,8.29,8.3,8132,0
ULBI.US,60,20210517,180000,8.28,8.29,8.2,8.23,4523,0
ULBI.US,60,20210517,190000,8.21,8.22,8.21,8.215,1700,0
ULBI.US,60,20210517,200000,8.221,8.24,8.15,8.2,23424,0
ULBI.US,60,20210517,210000,8.185,8.45,8.185,8.45,7615,0
ULBI.US,60,20210517,220000,8.45,8.55,8.45,8.51,18541,0
ULBI.US,60,20210518,160000,11.39,11.78,10.28,10.345,6822572,0
ULBI.US,60,20210518,170000,10.345,10.67,10.05,10.4399,3814801,0
ULBI.US,60,20210518,180000,10.4399,11.03,10.15,10.87,2424129,0
ULBI.US,60,20210518,190000,10.88,11,10.37,10.41,2151518,0
ULBI.US,60,20210518,200000,10.41,11.18,10.4,10.85,2936518,0
ULBI.US,60,20210518,210000,10.85,11.31,10.6406,11.1,2834387,0
ULBI.US,60,20210518,220000,11.13,11.47,10.41,10.5,4394286,0
ULBI.US,60,20210519,160000,10.052,10.052,9.47,9.84,508049,0
ULBI.US,60,20210519,170000,9.8388,10.2,9.76,10.02,246195,0
ULBI.US,60,20210519,180000,10.0287,10.2,9.93,10.1062,87050,0
ULBI.US,60,20210519,190000,10.16,10.16,9.86,9.91,30527,0
ULBI.US,60,20210519,200000,9.9286,9.9942,9.81,9.8157,32007,0
ULBI.US,60,20210519,210000,9.838,10.34,9.838,10.23,60538,0
ULBI.US,60,20210519,220000,10.205,10.5,10.08,10.13,164609,0
ULBI.US,60,20210520,160000,10.06,10.2299,9.86,10.2,50454,0
ULBI.US,60,20210520,170000,10.2,10.31,9.94,9.9736,29295,0
ULBI.US,60,20210520,180000,9.94,10,9.78,9.78,30105,0
ULBI.US,60,20210520,190000,9.8,9.8,9.62,9.67,33254,0
ULBI.US,60,20210520,200000,9.67,9.67,9.39,9.5264,48557,0
ULBI.US,60,20210520,210000,9.53,9.8,9.53,9.74,37383,0
ULBI.US,60,20210520,220000,9.765,10.17,9.7001,10.09,100557,0
ULBI.US,60,20210521,160000,10.12,10.13,9.8768,9.9432,15463,0
ULBI.US,60,20210521,170000,9.8568,9.96,9.76,9.8,18113,0
ULBI.US,60,20210521,180000,9.7274,10.24,9.6801,9.8799,41019,0
ULBI.US,60,20210521,190000,9.86,9.91,9.77,9.835,20662,0
ULBI.US,60,20210521,200000,9.8233,9.83,9.73,9.73,33544,0
ULBI.US,60,20210521,210000,9.76,9.76,9.63,9.64,25893,0
ULBI.US,60,20210521,220000,9.645,9.67,9.472,9.52,65601,0
ULBI.US,60,20210524,160000,9.56,9.6071,9.44,9.47,18069,0
ULBI.US,60,20210524,170000,9.47,9.72,9.35,9.68,24637,0
ULBI.US,60,20210524,180000,9.7,9.7,9.58,9.59,5672,0
ULBI.US,60,20210524,190000,9.56,9.56,9.42,9.42,6504,0
ULBI.US,60,20210524,200000,9.429,9.46,9.37,9.39,11197,0
ULBI.US,60,20210524,210000,9.39,9.3915,9.36,9.37,6594,0
ULBI.US,60,20210524,220000,9.37,9.401,9.27,9.28,80505,0
ULBI.US,60,20210525,160000,9.28,9.28,9.01,9.15,20048,0
ULBI.US,60,20210525,170000,9.1181,9.35,9.08,9.26,18337,0
ULBI.US,60,20210525,180000,9.23,9.25,9.1063,9.1473,10685,0
ULBI.US,60,20210525,190000,9.22,9.24,9.15,9.2,5778,0
ULBI.US,60,20210525,200000,9.19,9.26,9.14,9.2,8778,0
ULBI.US,60,20210525,210000,9.22,9.23,9.12,9.1493,7481,0
ULBI.US,60,20210525,220000,9.12,9.13,9,9,49387,0
ULBI.US,60,20210526,160000,8.91,9.28,8.91,9.28,10133,0
ULBI.US,60,20210526,170000,9.29,9.6317,9.29,9.58,24742,0
ULBI.US,60,20210526,180000,9.56,9.56,9.45,9.52,7150,0
ULBI.US,60,20210526,190000,9.485,9.65,9.485,9.65,9732,0
ULBI.US,60,20210526,200000,9.64,9.78,9.54,9.71,19857,0
ULBI.US,60,20210526,210000,9.69,9.79,9.65,9.755,18765,0
ULBI.US,60,20210526,220000,9.79,9.79,9.56,9.58,53411,0
ULBI.US,60,20210527,160000,9.58,9.7099,9.5,9.6,9247,0
ULBI.US,60,20210527,170000,9.59,9.68,9.465,9.53,8736,0
ULBI.US,60,20210527,180000,9.52,9.55,9.36,9.46,18088,0
ULBI.US,60,20210527,190000,9.4002,9.45,9.34,9.37,4568,0
ULBI.US,60,20210527,200000,9.335,9.39,9.318,9.33,9126,0
ULBI.US,60,20210527,210000,9.33,9.54,9.33,9.385,8960,0
ULBI.US,60,20210527,220000,9.39,9.48,9.3,9.31,20104,0
ULBI.US,60,20210528,160000,9.4,9.41,9.32,9.4017,5949,0
ULBI.US,60,20210528,170000,9.34,9.34,9.2701,9.29,7690,0
ULBI.US,60,20210528,180000,9.29,9.32,9.23,9.28,5592,0
ULBI.US,60,20210528,190000,9.24,9.25,9.17,9.24,4939,0
ULBI.US,60,20210528,200000,9.21,9.21,9.09,9.15,6460,0
ULBI.US,60,20210528,210000,9.11,9.22,9.11,9.21,2673,0
ULBI.US,60,20210528,220000,9.207,9.207,9.03,9.13,36418,0
ULBI.US,60,20210601,160000,9.2,9.45,9.2,9.39,11807,0
ULBI.US,60,20210601,170000,9.35,9.365,9.235,9.3,7834,0
ULBI.US,60,20210601,180000,9.28,9.47,9.28,9.435,7550,0
ULBI.US,60,20210601,190000,9.44,9.49,9.3622,9.465,8571,0
ULBI.US,60,20210601,200000,9.49,9.6,9.48,9.6,12084,0
ULBI.US,60,20210601,210000,9.6,9.64,9.59,9.625,8511,0
ULBI.US,60,20210601,220000,9.635,9.635,9.38,9.39,96653,0
ULBI.US,60,20210602,160000,9.49,9.5362,9.3601,9.445,10338,0
ULBI.US,60,20210602,170000,9.44,9.4823,9.315,9.315,6941,0
ULBI.US,60,20210602,180000,9.32,9.33,9.23,9.33,6093,0
ULBI.US,60,20210602,190000,9.4,9.47,9.27,9.355,4751,0
ULBI.US,60,20210602,200000,9.355,9.37,9.24,9.24,3234,0
ULBI.US,60,20210602,210000,9.25,9.37,9.25,9.35,3584,0
ULBI.US,60,20210602,220000,9.33,9.33,9.2234,9.27,22624,0
ULBI.US,60,20210603,160000,9.2,9.3,9.18,9.2,8786,0
ULBI.US,60,20210603,170000,9.19,9.33,9.14,9.33,6330,0
ULBI.US,60,20210603,180000,9.33,9.4,9.22,9.28,7062,0
ULBI.US,60,20210603,190000,9.28,9.36,9.28,9.36,2015,0
ULBI.US,60,20210603,200000,9.37,9.4234,9.3501,9.3804,5860,0
ULBI.US,60,20210603,210000,9.38,9.38,9.27,9.32,2905,0
ULBI.US,60,20210603,220000,9.32,9.48,9.3,9.4,48654,0
ULBI.US,60,20210604,160000,9.43,9.4694,9.32,9.38,3900,0
ULBI.US,60,20210604,170000,9.34,9.3999,9.24,9.35,14121,0
ULBI.US,60,20210604,180000,9.36,9.37,9.3023,9.305,2284,0
ULBI.US,60,20210604,190000,9.27,9.3372,9.2531,9.3368,3360,0
ULBI.US,60,20210604,200000,9.34,9.375,9.31,9.355,3650,0
ULBI.US,60,20210604,210000,9.36,9.36,9.29,9.2901,5967,0
ULBI.US,60,20210604,220000,9.31,9.34,9.25,9.29,23226,0
ULBI.US,60,20210607,160000,9.38,9.38,9.24,9.275,7925,0
ULBI.US,60,20210607,170000,9.275,9.31,9.18,9.25,18495,0
ULBI.US,60,20210607,180000,9.24,9.37,9.175,9.37,5395,0
ULBI.US,60,20210607,190000,9.36,9.37,9.26,9.325,5084,0
ULBI.US,60,20210607,200000,9.3184,9.44,9.28,9.37,8284,0
ULBI.US,60,20210607,210000,9.38,9.49,9.25,9.29,25685,0
ULBI.US,60,20210607,220000,9.24,9.546,9.24,9.47,81432,0
ULBI.US,60,20210608,160000,9.47,9.47,9.31,9.39,6915,0
ULBI.US,60,20210608,170000,9.3501,9.68,9.3501,9.49,27951,0
ULBI.US,60,20210608,180000,9.48,9.48,9.2845,9.41,6356,0
ULBI.US,60,20210608,190000,9.43,9.51,9.4101,9.5,12213,0
ULBI.US,60,20210608,200000,9.44,9.46,9.26,9.26,68173,0
ULBI.US,60,20210608,210000,9.23,9.34,9.2,9.22,14627,0
ULBI.US,60,20210608,220000,9.21,9.28,9.2,9.25,31312,0
ULBI.US,60,20210609,160000,9.3,9.3,9.21,9.21,1323,0
ULBI.US,60,20210609,170000,9.135,9.1907,9.0838,9.135,11484,0
ULBI.US,60,20210609,180000,9.15,9.1529,9,9.0678,5019,0
ULBI.US,60,20210609,190000,9.05,9.18,9.05,9.12,9343,0
ULBI.US,60,20210609,200000,9.13,9.13,9.04,9.09,5157,0
ULBI.US,60,20210609,210000,9.07,9.13,9.055,9.125,3205,0
ULBI.US,60,20210609,220000,9.125,9.14,9.01,9.06,24494,0
ULBI.US,60,20210610,160000,9.08,9.08,8.82,9,18251,0
ULBI.US,60,20210610,170000,8.965,9,8.87,8.92,5514,0
ULBI.US,60,20210610,180000,8.93,8.97,8.8901,8.915,17771,0
ULBI.US,60,20210610,190000,8.92,8.97,8.9,8.9626,3658,0
ULBI.US,60,20210610,200000,8.95,9.02,8.91,8.91,12509,0
ULBI.US,60,20210610,210000,8.93,8.95,8.85,8.88,9395,0
ULBI.US,60,20210610,220000,8.87,8.87,8.75,8.78,33544,0
ULBI.US,60,20210611,160000,8.84,8.9188,8.76,8.8651,3925,0
ULBI.US,60,20210611,170000,8.8851,8.99,8.85,8.85,3994,0
ULBI.US,60,20210611,180000,8.885,8.93,8.84,8.88,4538,0
ULBI.US,60,20210611,190000,8.91,8.91,8.78,8.78,4316,0
ULBI.US,60,20210611,200000,8.82,8.84,8.75,8.79,13450,0
ULBI.US,60,20210611,210000,8.8199,8.82,8.76,8.795,22308,0
ULBI.US,60,20210611,220000,8.8,8.89,8.8,8.85,14438,0
ULBI.US,60,20210614,160000,8.9,8.94,8.8,8.8,6335,0
ULBI.US,60,20210614,170000,8.78,9.06,8.75,8.99,17099,0
ULBI.US,60,20210614,180000,9.06,9.2,9.035,9.2,16627,0
ULBI.US,60,20210614,190000,9.2,9.21,9.09,9.17,12126,0
ULBI.US,60,20210614,200000,9.14,9.14,9.02,9.035,9411,0
ULBI.US,60,20210614,210000,9.075,9.08,8.98,8.98,4174,0
ULBI.US,60,20210614,220000,9,9.03,8.98,9.02,23339,0
ULBI.US,60,20210615,160000,9.08,9.1386,8.935,8.97,11736,0
ULBI.US,60,20210615,170000,8.96,8.98,8.8,8.84,10262,0
ULBI.US,60,20210615,180000,8.83,8.9,8.81,8.845,9347,0
ULBI.US,60,20210615,190000,8.81,9.03,8.81,8.98,25221,0
ULBI.US,60,20210615,200000,9.012,9.07,9,9.05,6977,0
ULBI.US,60,20210615,210000,9.01,9.1,9,9.01,8928,0
ULBI.US,60,20210615,220000,9,9.04,8.98,9,14640,0
ULBI.US,60,20210616,160000,8.94,8.945,8.85,8.86,6854,0
ULBI.US,60,20210616,170000,8.855,8.88,8.8034,8.84,6900,0
ULBI.US,60,20210616,180000,8.86,9.05,8.855,9.05,5335,0
ULBI.US,60,20210616,190000,9.01,9.01,8.92,8.93,5450,0
ULBI.US,60,20210616,200000,8.93,8.97,8.93,8.945,3308,0
ULBI.US,60,20210616,210000,8.93,8.95,8.82,8.925,6132,0
ULBI.US,60,20210616,220000,8.93,9.049,8.86,8.86,50957,0
ULBI.US,60,20210617,160000,8.89,8.99,8.81,8.855,2444,0
ULBI.US,60,20210617,170000,8.85,8.85,8.64,8.69,8695,0
ULBI.US,60,20210617,180000,8.73,8.78,8.65,8.71,9336,0
ULBI.US,60,20210617,190000,8.685,8.78,8.65,8.75,13473,0
ULBI.US,60,20210617,200000,8.77,8.78,8.6981,8.74,4719,0
ULBI.US,60,20210617,210000,8.74,8.74,8.64,8.67,8471,0
ULBI.US,60,20210617,220000,8.655,8.75,8.55,8.57,49680,0
ULBI.US,60,20210618,160000,8.5,8.595,8.5,8.51,13777,0
ULBI.US,60,20210618,170000,8.52,8.56,8.4,8.43,6761,0
ULBI.US,60,20210618,180000,8.425,8.54,8.425,8.5308,8058,0
ULBI.US,60,20210618,190000,8.54,8.54,8.43,8.43,4159,0
ULBI.US,60,20210618,200000,8.435,8.44,8.34,8.4,11008,0
ULBI.US,60,20210618,210000,8.38,8.41,8.38,8.39,4962,0
ULBI.US,60,20210618,220000,8.395,8.42,8.34,8.36,53745,0
ULBI.US,60,20210621,160000,8.41,8.4485,8.19,8.44,12818,0
ULBI.US,60,20210621,170000,8.43,8.5,8.43,8.43,9145,0
ULBI.US,60,20210621,180000,8.42,8.51,8.42,8.5,5594,0
ULBI.US,60,20210621,190000,8.51,8.52,8.45,8.48,5631,0
ULBI.US,60,20210621,200000,8.46,8.47,8.425,8.425,4211,0
ULBI.US,60,20210621,210000,8.425,8.47,8.4,8.415,6591,0
ULBI.US,60,20210621,220000,8.42,8.445,8.35,8.38,50756,0
ULBI.US,60,20210622,160000,8.4,8.4299,8.3,8.374,9643,0
ULBI.US,60,20210622,170000,8.379,8.575,8.32,8.55,20076,0
ULBI.US,60,20210622,180000,8.525,8.54,8.45,8.51,7729,0
ULBI.US,60,20210622,190000,8.52,8.54,8.46,8.53,5760,0
ULBI.US,60,20210622,200000,8.55,8.57,8.5122,8.54,5119,0
ULBI.US,60,20210622,210000,8.5,8.6,8.5,8.6,6679,0
ULBI.US,60,20210622,220000,8.61,8.73,8.54,8.54,63372,0
ULBI.US,60,20210623,160000,8.55,8.65,8.55,8.64,1323,0
ULBI.US,60,20210623,170000,8.6,8.61,8.51,8.525,10521,0
ULBI.US,60,20210623,180000,8.525,8.64,8.51,8.565,14441,0
ULBI.US,60,20210623,190000,8.565,8.655,8.565,8.64,6949,0
ULBI.US,60,20210623,200000,8.63,8.71,8.63,8.675,2588,0
ULBI.US,60,20210623,210000,8.69,8.7,8.54,8.54,9703,0
ULBI.US,60,20210623,220000,8.555,8.59,8.48,8.54,45385,0
ULBI.US,60,20210624,160000,8.55,8.55,8.37,8.41,4674,0
ULBI.US,60,20210624,170000,8.4,8.51,8.39,8.47,9995,0
ULBI.US,60,20210624,180000,8.475,8.49,8.45,8.46,8189,0
ULBI.US,60,20210624,190000,8.46,8.49,8.38,8.48,7199,0
ULBI.US,60,20210624,200000,8.5,8.58,8.465,8.575,9639,0
ULBI.US,60,20210624,210000,8.575,8.575,8.48,8.51,7241,0
ULBI.US,60,20210624,220000,8.52,8.59,8.51,8.59,20219,0
ULBI.US,60,20210625,160000,8.59,8.61,8.59,8.61,594,0
ULBI.US,60,20210625,170000,8.625,8.93,8.625,8.91,17619,0
ULBI.US,60,20210625,180000,8.9,8.9,8.85,8.865,10998,0
ULBI.US,60,20210625,190000,8.8635,8.91,8.85,8.855,9510,0
ULBI.US,60,20210625,200000,8.855,8.855,8.735,8.735,9063,0
ULBI.US,60,20210625,210000,8.75,8.78,8.75,8.78,8055,0
ULBI.US,60,20210625,220000,8.775,8.95,8.72,8.91,35167,0
ULBI.US,60,20210628,160000,8.88,8.96,8.7571,8.7571,4022,0
ULBI.US,60,20210628,170000,8.79,8.815,8.7,8.735,8533,0
ULBI.US,60,20210628,180000,8.75,8.75,8.6,8.62,3900,0
ULBI.US,60,20210628,190000,8.67,8.67,8.5,8.6,5282,0
ULBI.US,60,20210628,200000,8.57,8.66,8.55,8.66,4424,0
ULBI.US,60,20210628,210000,8.6272,8.66,8.59,8.59,7326,0
ULBI.US,60,20210628,220000,8.62,8.68,8.61,8.63,15815,0
ULBI.US,60,20210629,160000,8.66,8.66,8.55,8.6,4865,0
ULBI.US,60,20210629,170000,8.58,8.6,8.51,8.54,2269,0
ULBI.US,60,20210629,180000,8.55,8.56,8.5,8.5,2680,0
ULBI.US,60,20210629,190000,8.49,8.5,8.41,8.41,3757,0
ULBI.US,60,20210629,200000,8.4323,8.4625,8.41,8.43,2100,0
ULBI.US,60,20210629,210000,8.4396,8.455,8.38,8.405,7418,0
ULBI.US,60,20210629,220000,8.42,8.5,8.38,8.4,24796,0
ULBI.US,60,20210630,160000,8.51,8.51,8.31,8.39,7452,0
ULBI.US,60,20210630,170000,8.38,8.39,8.25,8.299,2108,0
ULBI.US,60,20210630,180000,8.29,8.37,8.29,8.37,5790,0
ULBI.US,60,20210630,190000,8.33,8.36,8.312,8.32,5000,0
ULBI.US,60,20210630,200000,8.32,8.34,8.3,8.325,1200,0
ULBI.US,60,20210630,210000,8.325,8.4,8.32,8.4,2750,0
ULBI.US,60,20210630,220000,8.4,8.4,8.37,8.37,7248,0
ULBI.US,60,20210701,160000,8.46,8.48,8.34,8.35,5545,0
ULBI.US,60,20210701,170000,8.33,8.39,8.27,8.2836,6890,0
ULBI.US,60,20210701,180000,8.2799,8.32,8.23,8.29,11157,0
ULBI.US,60,20210701,190000,8.29,8.29,8.22,8.22,4755,0
ULBI.US,60,20210701,200000,8.21,8.26,8.2038,8.24,10104,0
ULBI.US,60,20210701,210000,8.23,8.28,8.21,8.22,7600,0
ULBI.US,60,20210701,220000,8.22,8.3,8.22,8.28,14314,0
ULBI.US,60,20210702,160000,8.31,8.35,8.2,8.2,8070,0
ULBI.US,60,20210702,170000,8.1201,8.16,8.11,8.16,3075,0
ULBI.US,60,20210702,180000,8.15,8.17,8.11,8.17,7498,0
ULBI.US,60,20210702,190000,8.14,8.21,8.135,8.19,5011,0
ULBI.US,60,20210702,200000,8.1764,8.28,8.17,8.25,5221,0
ULBI.US,60,20210702,210000,8.24,8.3,8.23,8.28,1900,0
ULBI.US,60,20210702,220000,8.25,8.25,8.19,8.22,7388,0
ULBI.US,60,20210706,160000,8.17,8.2,8.1181,8.13,4161,0
ULBI.US,60,20210706,170000,8.12,8.16,8.025,8.1101,11741,0
ULBI.US,60,20210706,180000,8.12,8.13,8.1,8.1,1702,0
ULBI.US,60,20210706,190000,8.06,8.08,7.95,7.97,13586,0
ULBI.US,60,20210706,200000,7.97,8.1096,7.93,8.05,5760,0
ULBI.US,60,20210706,210000,8.03,8.07,7.99,8.01,9254,0
ULBI.US,60,20210706,220000,8.03,8.09,8,8.07,24696,0
ULBI.US,60,20210707,160000,8.03,8.1499,8.01,8.01,4909,0
ULBI.US,60,20210707,170000,8.0001,8.0441,7.86,7.93,14320,0
ULBI.US,60,20210707,180000,7.93,8.02,7.93,8,4600,0
ULBI.US,60,20210707,190000,8.005,8.06,8.0011,8.06,5131,0
ULBI.US,60,20210707,200000,8.03,8.03,7.97,7.97,5270,0
ULBI.US,60,20210707,210000,7.97,8,7.89,7.95,12816,0
ULBI.US,60,20210707,220000,7.98,8.04,7.96,8.03,10417,0
ULBI.US,60,20210708,160000,7.88,8.03,7.85,7.89,11436,0
ULBI.US,60,20210708,170000,7.87,8,7.87,7.97,11113,0
ULBI.US,60,20210708,180000,7.99,8.02,7.981,7.99,1450,0
ULBI.US,60,20210708,190000,8,8.07,7.98,8.07,700,0
ULBI.US,60,20210708,200000,8.11,8.11,8.02,8.02,2948,0
ULBI.US,60,20210708,210000,8.0004,8.04,7.995,7.995,5749,0
ULBI.US,60,20210708,220000,8.01,8.08,8,8.08,5244,0
ULBI.US,60,20210709,160000,8.16,8.19,8.16,8.17,1004,0
ULBI.US,60,20210709,170000,8.18,8.18,8.07,8.15,2702,0
ULBI.US,60,20210709,180000,8.18,8.22,8.15,8.15,1360,0
ULBI.US,60,20210709,190000,8.17,8.2694,8.11,8.22,2245,0
ULBI.US,60,20210709,200000,8.23,8.25,8.21,8.23,2983,0
ULBI.US,60,20210709,210000,8.24,8.31,8.21,8.31,2132,0
ULBI.US,60,20210709,220000,8.32,8.4,8.28,8.35,14511,0
