<TICKER>,<PER>,<DATE>,<TIME>,<OPEN>,<HIGH>,<LOW>,<CLOSE>,<VOL>,<OPENINT>
UXIN.US,60,20200914,160000,0.8422,0.9098,0.8422,0.9,91563,0
UXIN.US,60,20200914,170000,0.88,0.9,0.87,0.8722,135443,0
UXIN.US,60,20200914,180000,0.8749,1,0.870601,0.955717,778713,0
UXIN.US,60,20200914,190000,0.96,0.9755,0.9499,0.9502,118867,0
UXIN.US,60,20200914,200000,0.9503,0.9755,0.9502,0.9645,21021,0
UXIN.US,60,20200914,210000,0.969,1,0.962562,1,133424,0
UXIN.US,60,20200914,220000,0.9999,1,0.972,1,262663,0
UXIN.US,60,20200915,160000,0.99,1.01,0.99,1.01,78527,0
UXIN.US,60,20200915,170000,1.005,1.01,0.9611,1,164494,0
UXIN.US,60,20200915,180000,1,1,0.9902,0.999,66114,0
UXIN.US,60,20200915,190000,0.999,1.01,0.9909,1,112370,0
UXIN.US,60,20200915,200000,1,1.01,0.991,0.9999,163467,0
UXIN.US,60,20200915,210000,1,1.02,0.9954,1,284895,0
UXIN.US,60,20200915,220000,1,1.08,0.98,1.01,1216394,0
UXIN.US,60,20200916,160000,0.9915,1.04,0.97,0.9998,217380,0
UXIN.US,60,20200916,170000,0.9999,1.0001,0.98,0.98,106226,0
UXIN.US,60,20200916,180000,0.98,0.9999,0.9705,0.9836,29199,0
UXIN.US,60,20200916,190000,0.9836,1.02,0.9836,0.9975,120261,0
UXIN.US,60,20200916,200000,0.9998,1.01,0.98,0.982,38868,0
UXIN.US,60,20200916,210000,0.9891,0.99,0.9601,0.9694,66037,0
UXIN.US,60,20200916,220000,0.9694,0.97,0.94,0.9499,286515,0
UXIN.US,60,20200917,160000,0.9349,0.9598,0.9155,0.95,21899,0
UXIN.US,60,20200917,170000,0.95659,1.01,0.956,0.995,699818,0
UXIN.US,60,20200917,180000,0.995,0.9997,0.97,0.9797,27403,0
UXIN.US,60,20200917,190000,0.975849,0.9815,0.97,0.9811,27457,0
UXIN.US,60,20200917,200000,0.9811,0.9815,0.9787,0.981,41118,0
UXIN.US,60,20200917,210000,0.9811,0.9998,0.981,0.991,44532,0
UXIN.US,60,20200917,220000,0.9911,0.9993,0.9787,0.991,87130,0
UXIN.US,60,20200918,160000,0.9821,1.0051,0.9821,0.9967,26990,0
UXIN.US,60,20200918,170000,0.998358,0.9987,0.97,0.988,23014,0
UXIN.US,60,20200918,180000,0.9881,0.9915,0.97,0.972,68863,0
UXIN.US,60,20200918,190000,0.9796,0.981,0.972,0.973,35564,0
UXIN.US,60,20200918,200000,0.973,0.9898,0.9603,0.97,44359,0
UXIN.US,60,20200918,210000,0.98,0.9889,0.9702,0.9874,33348,0
UXIN.US,60,20200918,220000,0.98,0.987053,0.96,0.96,73295,0
UXIN.US,60,20200921,160000,0.939,0.9769,0.939,0.953101,31959,0
UXIN.US,60,20200921,170000,0.9599,0.9707,0.9597,0.9641,19848,0
UXIN.US,60,20200921,180000,0.9611,0.9698,0.96,0.96,32035,0
UXIN.US,60,20200921,190000,0.96,0.96,0.9561,0.9576,12661,0
UXIN.US,60,20200921,200000,0.9576,0.9597,0.943,0.943,67410,0
UXIN.US,60,20200921,210000,0.943,0.9579,0.9081,0.9108,145903,0
UXIN.US,60,20200921,220000,0.91095,0.9498,0.908,0.923,334915,0
UXIN.US,60,20200922,160000,0.92,0.9397,0.91,0.9397,15320,0
UXIN.US,60,20200922,170000,0.925,0.9395,0.91,0.91,33177,0
UXIN.US,60,20200922,180000,0.9099,0.9099,0.9001,0.9025,64106,0
UXIN.US,60,20200922,190000,0.9001,0.9097,0.8811,0.881165,34336,0
UXIN.US,60,20200922,200000,0.881,0.8971,0.875,0.8964,71120,0
UXIN.US,60,20200922,210000,0.8808,0.8999,0.86,0.8665,78816,0
UXIN.US,60,20200922,220000,0.8665,0.8888,0.8613,0.885,113996,0
UXIN.US,60,20200923,160000,0.8891,0.8891,0.86,0.86,42970,0
UXIN.US,60,20200923,170000,0.88899,0.8899,0.8506,0.8605,80106,0
UXIN.US,60,20200923,180000,0.87,0.87,0.8515,0.8571,30358,0
UXIN.US,60,20200923,190000,0.857,0.868,0.8512,0.859301,48295,0
UXIN.US,60,20200923,200000,0.8651,0.868,0.853,0.8633,13124,0
UXIN.US,60,20200923,210000,0.8633,0.8688,0.85,0.8558,32392,0
UXIN.US,60,20200923,220000,0.855,0.8648,0.83,0.83,155467,0
UXIN.US,60,20200924,160000,0.8447,0.8688,0.82,0.8346,33216,0
UXIN.US,60,20200924,170000,0.85,0.86,0.835,0.835,17448,0
UXIN.US,60,20200924,180000,0.836,0.85,0.836,0.8416,6817,0
UXIN.US,60,20200924,190000,0.8497,0.8599,0.8482,0.8599,18251,0
UXIN.US,60,20200924,200000,0.8516,0.8599,0.8516,0.855,36028,0
UXIN.US,60,20200924,210000,0.8545,0.8548,0.85,0.8501,10227,0
UXIN.US,60,20200924,220000,0.8501,0.857,0.84,0.84,56445,0
UXIN.US,60,20200925,160000,0.84,0.88,0.84,0.88,42561,0
UXIN.US,60,20200925,170000,0.89,0.95,0.865,0.948,155957,0
UXIN.US,60,20200925,180000,0.92,0.947,0.9,0.92,84539,0
UXIN.US,60,20200925,190000,0.92,0.92,0.89,0.91,19912,0
UXIN.US,60,20200925,200000,0.91,0.91,0.8704,0.8832,48653,0
UXIN.US,60,20200925,210000,0.8832,0.9098,0.8611,0.871,22636,0
UXIN.US,60,20200925,220000,0.8727,0.9081,0.86,0.88,45291,0
UXIN.US,60,20200928,160000,0.862,0.9355,0.8601,0.926,43275,0
UXIN.US,60,20200928,170000,0.9279,0.9398,0.883414,0.928,75800,0
UXIN.US,60,20200928,180000,0.9279,0.935,0.8901,0.9349,43158,0
UXIN.US,60,20200928,190000,0.9349,0.935,0.8903,0.9118,47017,0
UXIN.US,60,20200928,200000,0.9132,0.9132,0.8904,0.909,36094,0
UXIN.US,60,20200928,210000,0.909,0.9199,0.902,0.9108,24898,0
UXIN.US,60,20200928,220000,0.9097,0.9293,0.8905,0.9149,82350,0
UXIN.US,60,20200929,160000,0.8555,0.908708,0.8555,0.896725,127364,0
UXIN.US,60,20200929,170000,0.896725,0.9099,0.8601,0.88,120471,0
UXIN.US,60,20200929,180000,0.8727,0.8969,0.8678,0.8897,64408,0
UXIN.US,60,20200929,190000,0.8879,0.8895,0.8705,0.8762,27939,0
UXIN.US,60,20200929,200000,0.8774,0.8774,0.8622,0.8676,70103,0
UXIN.US,60,20200929,210000,0.8675,0.8748,0.8522,0.8535,69276,0
UXIN.US,60,20200929,220000,0.8545,0.8837,0.8522,0.8674,98729,0
UXIN.US,60,20200930,160000,0.85,0.8998,0.85,0.8751,31952,0
UXIN.US,60,20200930,170000,0.8892,0.8898,0.86,0.87935,30713,0
UXIN.US,60,20200930,180000,0.8812,0.8875,0.86,0.87,54274,0
UXIN.US,60,20200930,190000,0.8718,0.8873,0.8658,0.8659,22615,0
UXIN.US,60,20200930,200000,0.8659,0.8877,0.8659,0.87,11651,0
UXIN.US,60,20200930,210000,0.87,0.88,0.864,0.8698,17813,0
UXIN.US,60,20200930,220000,0.864,0.87,0.85,0.8697,65817,0
UXIN.US,60,20201001,160000,0.87,0.905,0.8605,0.88,55398,0
UXIN.US,60,20201001,170000,0.89,0.8959,0.86,0.8858,20089,0
UXIN.US,60,20201001,180000,0.882,0.8959,0.8701,0.895602,29403,0
UXIN.US,60,20201001,190000,0.88229,0.8899,0.8801,0.8829,43411,0
UXIN.US,60,20201001,200000,0.8802,0.896,0.8802,0.8959,10766,0
UXIN.US,60,20201001,210000,0.8942,0.9298,0.8801,0.9065,70101,0
UXIN.US,60,20201001,220000,0.9,0.9053,0.89,0.9027,10054,0
UXIN.US,60,20201002,160000,0.8863,0.9027,0.87,0.8798,30211,0
UXIN.US,60,20201002,170000,0.8989,0.9298,0.8798,0.9298,96155,0
UXIN.US,60,20201002,180000,0.9257,0.94,0.92,0.9286,70173,0
UXIN.US,60,20201002,190000,0.920101,0.9285,0.9,0.91,33209,0
UXIN.US,60,20201002,200000,0.9,0.921984,0.8855,0.921984,11765,0
UXIN.US,60,20201002,210000,0.890201,0.9189,0.8901,0.9046,6103,0
UXIN.US,60,20201002,220000,0.8998,0.92,0.8965,0.9139,41808,0
UXIN.US,60,20201005,160000,0.8966,0.9193,0.89,0.89,27882,0
UXIN.US,60,20201005,170000,0.899999,0.909099,0.88,0.890155,96011,0
UXIN.US,60,20201005,180000,0.89,0.8956,0.8826,0.8945,73338,0
UXIN.US,60,20201005,190000,0.8945,0.8945,0.89,0.8912,42594,0
UXIN.US,60,20201005,200000,0.8906,0.9,0.883,0.899,114184,0
UXIN.US,60,20201005,210000,0.899,0.899,0.8829,0.883,29146,0
UXIN.US,60,20201005,220000,0.896,0.9599,0.882,0.9458,307715,0
UXIN.US,60,20201006,160000,0.945,0.945,0.9029,0.903,35496,0
UXIN.US,60,20201006,170000,0.9078,0.938,0.9014,0.9201,75982,0
UXIN.US,60,20201006,180000,0.9289,0.94,0.9289,0.9301,49961,0
UXIN.US,60,20201006,190000,0.9301,0.9394,0.9101,0.9338,28393,0
UXIN.US,60,20201006,200000,0.93,0.937,0.93,0.9336,30490,0
UXIN.US,60,20201006,210000,0.933,0.94,0.9116,0.9116,22140,0
UXIN.US,60,20201006,220000,0.9116,0.938808,0.9116,0.9179,23147,0
UXIN.US,60,20201007,160000,0.9133,0.9698,0.91,0.96,92497,0
UXIN.US,60,20201007,170000,0.9599,1.02,0.95,0.9979,519860,0
UXIN.US,60,20201007,180000,0.9977,1.02,0.9813,1,404695,0
UXIN.US,60,20201007,190000,0.9982,1.01,0.99261,1,89995,0
UXIN.US,60,20201007,200000,1,1.01,0.9901,1,114070,0
UXIN.US,60,20201007,210000,1,1.01,0.9911,1.00435,123159,0
UXIN.US,60,20201007,220000,1.00435,1.01,0.99,1,141467,0
UXIN.US,60,20201008,160000,1.17,1.18,1.09,1.09,845867,0
UXIN.US,60,20201008,170000,1.0987,1.12,1.07,1.0742,376586,0
UXIN.US,60,20201008,180000,1.07,1.08,1.05,1.06,180117,0
UXIN.US,60,20201008,190000,1.0578,1.09,1.05,1.081,241343,0
UXIN.US,60,20201008,200000,1.0878,1.09,1.08,1.09,59430,0
UXIN.US,60,20201008,210000,1.085,1.1,1.08,1.08,91378,0
UXIN.US,60,20201008,220000,1.08,1.1,1.08,1.1,176691,0
UXIN.US,60,20201009,160000,1.09,1.1,1.01,1.04,253059,0
UXIN.US,60,20201009,170000,1.04,1.06,1.02,1.0489,320733,0
UXIN.US,60,20201009,180000,1.05,1.05,1.01,1.04,220577,0
UXIN.US,60,20201009,190000,1.0316,1.04,1.02,1.0377,79720,0
UXIN.US,60,20201009,200000,1.0312,1.04,1.02,1.0283,88009,0
UXIN.US,60,20201009,210000,1.02,1.03,1.02,1.0211,19904,0
UXIN.US,60,20201009,220000,1.0254,1.03,1.01,1.01,172176,0
UXIN.US,60,20201012,160000,1,1.007,0.961,0.971766,102462,0
UXIN.US,60,20201012,170000,0.9798,1.03,0.9797,0.996098,311428,0
UXIN.US,60,20201012,180000,0.9994,1.05,0.9955,1.045,612261,0
UXIN.US,60,20201012,190000,1.045,1.06,1.035,1.05,256089,0
UXIN.US,60,20201012,200000,1.05,1.07,1.03,1.03,383583,0
UXIN.US,60,20201012,210000,1.035,1.04,1.01,1.01,98549,0
UXIN.US,60,20201012,220000,1.01,1.04,1.01,1.04,204859,0
UXIN.US,60,20201013,160000,1.04,1.0606,1.0064,1.02,69222,0
UXIN.US,60,20201013,170000,1.02,1.03,1,1.02,134688,0
UXIN.US,60,20201013,180000,1.02,1.0295,1,1.01,129789,0
UXIN.US,60,20201013,190000,1.01,1.02,1,1,108158,0
UXIN.US,60,20201013,200000,1,1.0085,0.99,0.991,84610,0
UXIN.US,60,20201013,210000,0.9903,0.9997,0.99,0.99,49263,0
UXIN.US,60,20201013,220000,0.9901,1.02,0.99,1.02,103899,0
UXIN.US,60,20201014,160000,1,1,0.97,0.9999,57739,0
UXIN.US,60,20201014,170000,0.9908,0.9999,0.98,0.9839,93276,0
UXIN.US,60,20201014,180000,0.9849,0.9849,0.98,0.98,65526,0
UXIN.US,60,20201014,190000,0.98,0.9884,0.9701,0.9778,75709,0
UXIN.US,60,20201014,200000,0.9778,0.988299,0.97,0.977999,35893,0
UXIN.US,60,20201014,210000,0.975,0.9884,0.97,0.9882,77382,0
UXIN.US,60,20201014,220000,0.9883,1,0.9882,1,154880,0
UXIN.US,60,20201015,160000,1,1,0.97,0.981,62852,0
UXIN.US,60,20201015,170000,0.975,0.9921,0.975,0.986,38640,0
UXIN.US,60,20201015,180000,0.983,0.9896,0.983,0.9861,25270,0
UXIN.US,60,20201015,190000,0.9862,0.9999,0.9861,0.993299,18337,0
UXIN.US,60,20201015,200000,0.9923,0.9981,0.986,0.99,76216,0
UXIN.US,60,20201015,210000,0.99,0.997299,0.986,0.9861,43214,0
UXIN.US,60,20201015,220000,0.99,1,0.98,1,78831,0
UXIN.US,60,20201016,160000,1.03,1.04,0.99,1.04,160311,0
UXIN.US,60,20201016,170000,1.02,1.04,1.01,1.03,162197,0
UXIN.US,60,20201016,180000,1.03,1.04,1.02,1.02,158663,0
UXIN.US,60,20201016,190000,1.02,1.06,1.02,1.03,181461,0
UXIN.US,60,20201016,200000,1.03,1.04,1.01,1.035,113977,0
UXIN.US,60,20201016,210000,1.03,1.0328,1.01,1.02,123859,0
UXIN.US,60,20201016,220000,1.025,1.025,1,1,185313,0
UXIN.US,60,20201019,160000,1.02,1.0499,1.02,1.03,103910,0
UXIN.US,60,20201019,170000,1.0373,1.09,1.02,1.0896,482087,0
UXIN.US,60,20201019,180000,1.08,1.37,1.0734,1.36,6241672,0
UXIN.US,60,20201019,190000,1.36,1.39,1.11,1.1178,4492352,0
UXIN.US,60,20201019,200000,1.115,1.21,1.11,1.17,2066378,0
UXIN.US,60,20201019,210000,1.17,1.22,1.16,1.1701,1088648,0
UXIN.US,60,20201019,220000,1.1799,1.21,1.13,1.19,2108998,0
UXIN.US,60,20201020,160000,1.62,1.72,1.36,1.3853,16988519,0
UXIN.US,60,20201020,170000,1.37,1.41,1.29,1.31,9682659,0
UXIN.US,60,20201020,180000,1.3184,1.33,1.19,1.1974,6810183,0
UXIN.US,60,20201020,190000,1.1901,1.27,1.15,1.185,3743578,0
UXIN.US,60,20201020,200000,1.1848,1.1848,1.09,1.1291,3888786,0
UXIN.US,60,20201020,210000,1.13,1.16,1.1,1.11,2075489,0
UXIN.US,60,20201020,220000,1.12,1.14,1.08,1.125,2517881,0
UXIN.US,60,20201021,160000,1.13,1.18,1.02,1.045,3106979,0
UXIN.US,60,20201021,170000,1.05,1.14,1.03,1.0869,2029663,0
UXIN.US,60,20201021,180000,1.0801,1.09,1.03,1.06,1432078,0
UXIN.US,60,20201021,190000,1.06,1.09,1.04,1.0416,1175583,0
UXIN.US,60,20201021,200000,1.0401,1.11,1.03,1.1,1136507,0
UXIN.US,60,20201021,210000,1.11,1.11,1.08,1.09,489641,0
UXIN.US,60,20201021,220000,1.09,1.095,1.08,1.09,464647,0
UXIN.US,60,20201022,160000,1.07,1.1,1.03,1.0368,1070102,0
UXIN.US,60,20201022,170000,1.032,1.04,1.02,1.0316,919329,0
UXIN.US,60,20201022,180000,1.04,1.04,1.02,1.0364,1179868,0
UXIN.US,60,20201022,190000,1.0364,1.07,1.03,1.05,481718,0
UXIN.US,60,20201022,200000,1.045,1.07,1.04,1.055,406528,0
UXIN.US,60,20201022,210000,1.055,1.07,1.05,1.06,236746,0
UXIN.US,60,20201022,220000,1.0658,1.07,1.04,1.06,417865,0
UXIN.US,60,20201023,160000,1.05,1.05,1.01,1.0263,763008,0
UXIN.US,60,20201023,170000,1.0222,1.04,1.02,1.0208,528688,0
UXIN.US,60,20201023,180000,1.0299,1.03,1.02,1.0203,315049,0
UXIN.US,60,20201023,190000,1.0216,1.03,1.02,1.03,194138,0
UXIN.US,60,20201023,200000,1.0216,1.04,1.02,1.03,328558,0
UXIN.US,60,20201023,210000,1.02,1.03,1.01,1.015,347165,0
UXIN.US,60,20201023,220000,1.015,1.03,0.99,0.9999,1096335,0
UXIN.US,60,20201026,150000,1,1.01,0.955,0.979,548504,0
UXIN.US,60,20201026,160000,0.979,0.9799,0.93,0.9335,1038749,0
UXIN.US,60,20201026,170000,0.9334,0.9499,0.92,0.948703,542474,0
UXIN.US,60,20201026,180000,0.945,0.948,0.93,0.9324,307209,0
UXIN.US,60,20201026,190000,0.9324,0.9471,0.93,0.947,394281,0
UXIN.US,60,20201026,200000,0.9469,0.9471,0.932,0.9399,135349,0
UXIN.US,60,20201026,210000,0.9399,0.9467,0.93,0.9362,238031,0
UXIN.US,60,20201027,150000,0.9321,0.9485,0.9125,0.93261,221074,0
UXIN.US,60,20201027,160000,0.942899,0.988,0.931,0.9765,722660,0
UXIN.US,60,20201027,170000,0.98,1.02,0.9652,1.0199,579896,0
UXIN.US,60,20201027,180000,1.02,1.09,1,1.0465,1725804,0
UXIN.US,60,20201027,190000,1.04,1.04,1,1.0399,484344,0
UXIN.US,60,20201027,200000,1.0378,1.04,1,1.0279,196459,0
UXIN.US,60,20201027,210000,1.0279,1.0699,1.01,1.03,697731,0
UXIN.US,60,20201028,150000,1.03,1.03,0.951,0.9561,674784,0
UXIN.US,60,20201028,160000,0.9561,0.9897,0.9561,0.982,439901,0
UXIN.US,60,20201028,170000,0.982,0.9894,0.9731,0.9799,126254,0
UXIN.US,60,20201028,180000,0.98,1.02,0.9799,0.9963,647159,0
UXIN.US,60,20201028,190000,0.998,1,0.9937,0.994,131130,0
UXIN.US,60,20201028,200000,0.999,0.99989,0.9782,0.97825,272790,0
UXIN.US,60,20201028,210000,0.9783,1,0.9782,0.992,245940,0
UXIN.US,60,20201029,150000,0.9925,1.06,0.9922,1.0337,309414,0
UXIN.US,60,20201029,160000,1.0301,1.06,1.0101,1.0101,458424,0
UXIN.US,60,20201029,170000,1.0199,1.03,1.01,1.018,343613,0
UXIN.US,60,20201029,180000,1.015,1.02,0.9925,1.01,96684,0
UXIN.US,60,20201029,200000,1.03,1.03,1.0203,1.03,24112,0
UXIN.US,60,20201029,210000,1.03,1.03,1,1.02,324729,0
UXIN.US,60,20201030,150000,0.9887,1.02,0.9751,1.0001,233784,0
UXIN.US,60,20201030,160000,1.01,1.02,0.97,0.9874,215766,0
UXIN.US,60,20201030,170000,0.9804,0.9804,0.97,0.9804,216830,0
UXIN.US,60,20201030,180000,0.9743,0.9804,0.96,0.969,302488,0
UXIN.US,60,20201030,190000,0.968,0.97,0.95,0.958426,403773,0
UXIN.US,60,20201030,200000,0.969699,0.9698,0.957,0.960201,68903,0
UXIN.US,60,20201030,210000,0.9602,0.97,0.954,0.9614,476268,0
UXIN.US,60,20201102,160000,0.9719,0.999,0.9601,0.969799,297094,0
UXIN.US,60,20201102,170000,0.9601,0.9699,0.93,0.942849,540729,0
UXIN.US,60,20201102,180000,0.9457,0.96,0.937,0.9576,181951,0
UXIN.US,60,20201102,190000,0.951,0.9534,0.9323,0.9413,199631,0
UXIN.US,60,20201102,200000,0.941299,0.9414,0.9325,0.9345,90134,0
UXIN.US,60,20201102,210000,0.9367,0.95,0.9345,0.9494,113532,0
UXIN.US,60,20201102,220000,0.9491,0.97,0.942,0.96,229257,0
UXIN.US,60,20201103,160000,0.97,0.98,0.93,0.9332,307846,0
UXIN.US,60,20201103,170000,0.934101,0.945,0.9306,0.9399,309729,0
UXIN.US,60,20201103,180000,0.94,0.9511,0.94,0.9475,92985,0
UXIN.US,60,20201103,190000,0.9476,0.9715,0.9401,0.9678,116628,0
UXIN.US,60,20201103,200000,0.9685,0.968507,0.9433,0.9599,84885,0
UXIN.US,60,20201103,210000,0.945512,0.9599,0.94,0.9426,104814,0
UXIN.US,60,20201103,220000,0.9409,0.95,0.9311,0.95,329402,0
UXIN.US,60,20201104,160000,0.95,0.967,0.9015,0.912,481299,0
UXIN.US,60,20201104,170000,0.9093,0.93,0.9011,0.926899,448731,0
UXIN.US,60,20201104,180000,0.9227,0.927,0.9103,0.913,227750,0
UXIN.US,60,20201104,190000,0.9132,0.925,0.9115,0.915,100611,0
UXIN.US,60,20201104,200000,0.9132,0.9199,0.9,0.9099,660460,0
UXIN.US,60,20201104,210000,0.9093,0.9099,0.9022,0.90825,163475,0
UXIN.US,60,20201104,220000,0.9078,0.9247,0.9078,0.9247,214434,0
UXIN.US,60,20201105,160000,0.9481,0.98,0.9288,0.95,629810,0
UXIN.US,60,20201105,170000,0.9401,0.965,0.933,0.9501,420010,0
UXIN.US,60,20201105,180000,0.96,0.9688,0.9504,0.954699,190098,0
UXIN.US,60,20201105,190000,0.9517,0.9593,0.9401,0.945401,165371,0
UXIN.US,60,20201105,200000,0.9587,0.97,0.9404,0.9699,354590,0
UXIN.US,60,20201105,210000,0.9671,0.9699,0.9411,0.9521,294518,0
UXIN.US,60,20201105,220000,0.9521,0.9699,0.9501,0.9699,347258,0
UXIN.US,60,20201106,160000,0.973,0.9798,0.95,0.95,180954,0
UXIN.US,60,20201106,170000,0.956,1.02,0.95,1.0086,574958,0
UXIN.US,60,20201106,180000,1.0099,1.02,0.9918,1.0117,360540,0
UXIN.US,60,20201106,190000,1.01,1.1,1.01,1.0599,1258926,0
UXIN.US,60,20201106,200000,1.055,1.06,1.03,1.045,333672,0
UXIN.US,60,20201106,210000,1.04,1.08,1.03,1.045,399979,0
UXIN.US,60,20201106,220000,1.045,1.07,1.03,1.07,388919,0
UXIN.US,60,20201109,160000,1.02,1.0792,1,1.0229,258247,0
UXIN.US,60,20201109,170000,1.025,1.04,1.02,1.025,181692,0
UXIN.US,60,20201109,180000,1.02,1.04,1.02,1.02,263364,0
UXIN.US,60,20201109,190000,1.0278,1.03,1,1.0099,411006,0
UXIN.US,60,20201109,200000,1.005,1.03,1,1.0115,264932,0
UXIN.US,60,20201109,210000,1.01,1.03,1,1.01,245627,0
UXIN.US,60,20201109,220000,1.01,1.05,1.01,1.05,269830,0
UXIN.US,60,20201110,160000,1.03,1.035,1,1,182113,0
UXIN.US,60,20201110,170000,1.0099,1.02,0.98,0.98,267173,0
UXIN.US,60,20201110,180000,0.9801,1.02,0.98,1.01,236276,0
UXIN.US,60,20201110,190000,1.0113,1.02,1,1,143519,0
UXIN.US,60,20201110,200000,1,1.02,0.99,1.01,150137,0
UXIN.US,60,20201110,210000,1.01,1.01,0.99,0.9929,121337,0
UXIN.US,60,20201110,220000,0.998,1.02,0.9928,1.02,401128,0
UXIN.US,60,20201111,160000,1.035,1.035,1,1.0035,150046,0
UXIN.US,60,20201111,170000,1.0062,1.05,0.99,1.005,517898,0
UXIN.US,60,20201111,180000,1,1.01,0.9921,0.9921,502301,0
UXIN.US,60,20201111,190000,0.9999,1.01,0.99,0.9951,394857,0
UXIN.US,60,20201111,200000,0.9999,1.03,0.9911,1.0067,263280,0
UXIN.US,60,20201111,210000,1.005,1.04,1.005,1.03,278310,0
UXIN.US,60,20201111,220000,1.03,1.05,1.03,1.05,633550,0
UXIN.US,60,20201112,160000,1.05,1.05,1.02,1.045,81406,0
UXIN.US,60,20201112,170000,1.045,1.05,1.02,1.035,198670,0
UXIN.US,60,20201112,180000,1.035,1.04,1.03,1.035,168896,0
UXIN.US,60,20201112,190000,1.035,1.04,1.03,1.03,66937,0
UXIN.US,60,20201112,200000,1.03,1.04,1.02,1.02,132849,0
UXIN.US,60,20201112,210000,1.02,1.03,1.01,1.015,151225,0
UXIN.US,60,20201112,220000,1.015,1.04,1.01,1.04,173546,0
UXIN.US,60,20201113,160000,1.05,1.05,1.01,1.02,286530,0
UXIN.US,60,20201113,170000,1.02,1.0221,1.01,1.0117,161286,0
UXIN.US,60,20201113,180000,1.0117,1.02,1,1.015,211326,0
UXIN.US,60,20201113,190000,1.01,1.03,1.01,1.02,121969,0
UXIN.US,60,20201113,200000,1.02,1.03,1.01,1.0232,131015,0
UXIN.US,60,20201113,210000,1.03,1.04,1.02,1.0385,196638,0
UXIN.US,60,20201113,220000,1.03,1.04,1.03,1.04,174102,0
UXIN.US,60,20201116,160000,1.03,1.15,1.03,1.11,780115,0
UXIN.US,60,20201116,170000,1.105,1.13,1.07,1.09,726871,0
UXIN.US,60,20201116,180000,1.0801,1.1,1.07,1.079,247641,0
UXIN.US,60,20201116,190000,1.075,1.09,1.07,1.0899,262012,0
UXIN.US,60,20201116,200000,1.09,1.11,1.08,1.0916,189220,0
UXIN.US,60,20201116,210000,1.095,1.11,1.09,1.11,322263,0
UXIN.US,60,20201116,220000,1.11,1.11,1.09,1.1,232149,0
UXIN.US,60,20201117,160000,1.135,1.19,1.1,1.15,1122015,0
UXIN.US,60,20201117,170000,1.15,1.17,1.12,1.135,720642,0
UXIN.US,60,20201117,180000,1.13,1.14,1.1,1.1031,302482,0
UXIN.US,60,20201117,190000,1.105,1.12,1.1,1.119,311951,0
UXIN.US,60,20201117,200000,1.115,1.13,1.11,1.1118,104133,0
UXIN.US,60,20201117,210000,1.11,1.15,1.11,1.125,296011,0
UXIN.US,60,20201117,220000,1.125,1.15,1.12,1.15,276625,0
UXIN.US,60,20201118,160000,1.18,1.2,1.12,1.1587,583324,0
UXIN.US,60,20201118,170000,1.1586,1.19,1.13,1.1366,752769,0
UXIN.US,60,20201118,180000,1.13,1.15,1.12,1.15,374288,0
UXIN.US,60,20201118,190000,1.14,1.16,1.12,1.13,168813,0
UXIN.US,60,20201118,200000,1.13,1.14,1.13,1.13,52244,0
UXIN.US,60,20201118,210000,1.13,1.14,1.12,1.1362,134907,0
UXIN.US,60,20201118,220000,1.1317,1.14,1.11,1.11,343291,0
UXIN.US,60,20201119,160000,1.15,1.17,1.07,1.1485,371547,0
UXIN.US,60,20201119,170000,1.1444,1.16,1.14,1.1575,293260,0
UXIN.US,60,20201119,180000,1.1507,1.16,1.13,1.1516,307457,0
UXIN.US,60,20201119,190000,1.155,1.155,1.14,1.1488,212012,0
UXIN.US,60,20201119,200000,1.1478,1.28,1.14,1.2318,1872354,0
UXIN.US,60,20201119,210000,1.2378,1.3,1.2217,1.285,1277545,0
UXIN.US,60,20201119,220000,1.285,1.36,1.27,1.35,2136563,0
UXIN.US,60,20201120,160000,1.39,1.41,1.25,1.285,2245119,0
UXIN.US,60,20201120,170000,1.28,1.2899,1.22,1.235,1528671,0
UXIN.US,60,20201120,180000,1.2385,1.28,1.21,1.27,1158974,0
UXIN.US,60,20201120,190000,1.275,1.28,1.24,1.2415,720652,0
UXIN.US,60,20201120,200000,1.2489,1.26,1.22,1.2277,557097,0
UXIN.US,60,20201120,210000,1.2277,1.23,1.21,1.21,583463,0
UXIN.US,60,20201120,220000,1.21,1.23,1.21,1.23,597182,0
UXIN.US,60,20201123,160000,1.3816,1.45,1.31,1.421,2908581,0
UXIN.US,60,20201123,170000,1.42,1.59,1.41,1.4799,8900630,0
UXIN.US,60,20201123,180000,1.4798,1.48,1.39,1.3916,2603285,0
UXIN.US,60,20201123,190000,1.39,1.4,1.36,1.3901,1096262,0
UXIN.US,60,20201123,200000,1.3901,1.41,1.38,1.4085,1362974,0
UXIN.US,60,20201123,210000,1.405,1.41,1.4,1.4,1084705,0
UXIN.US,60,20201123,220000,1.4,1.42,1.4,1.42,2160244,0
UXIN.US,60,20201124,160000,1.55,1.55,1.35,1.395,3909571,0
UXIN.US,60,20201124,170000,1.3989,1.44,1.37,1.39,1218112,0
UXIN.US,60,20201124,180000,1.3984,1.45,1.39,1.44,1565776,0
UXIN.US,60,20201124,190000,1.445,1.45,1.4,1.4,821426,0
UXIN.US,60,20201124,200000,1.41,1.41,1.38,1.39,675788,0
UXIN.US,60,20201124,210000,1.385,1.4,1.38,1.3999,583778,0
UXIN.US,60,20201124,220000,1.395,1.4,1.38,1.4,937452,0
UXIN.US,60,20201125,160000,1.32,1.38,1.25,1.3389,1880319,0
UXIN.US,60,20201125,170000,1.3391,1.4,1.31,1.3716,1436640,0
UXIN.US,60,20201125,180000,1.3718,1.4,1.3637,1.3954,483327,0
UXIN.US,60,20201125,190000,1.3944,1.4,1.39,1.39,252204,0
UXIN.US,60,20201125,200000,1.39,1.4,1.37,1.37,556669,0
UXIN.US,60,20201125,210000,1.3701,1.78,1.37,1.7585,10519127,0
UXIN.US,60,20201125,220000,1.755,1.77,1.52,1.64,11726032,0
UXIN.US,60,20201127,160000,1.7883,1.8382,1.64,1.735,5345385,0
UXIN.US,60,20201127,170000,1.7385,1.7452,1.64,1.66,4707081,0
UXIN.US,60,20201127,180000,1.66,1.66,1.55,1.5766,3330078,0
UXIN.US,60,20201127,190000,1.578,1.61,1.55,1.58,2171594,0
UXIN.US,60,20201127,200000,1.58,1.58,1.58,1.58,22858,0
UXIN.US,60,20201130,160000,1.59,1.59,1.51,1.5299,1665711,0
UXIN.US,60,20201130,170000,1.53,1.54,1.4,1.4378,2896833,0
UXIN.US,60,20201130,180000,1.4378,1.49,1.43,1.4432,1152053,0
UXIN.US,60,20201130,190000,1.4485,1.46,1.43,1.43,821991,0
UXIN.US,60,20201130,200000,1.4301,1.46,1.43,1.46,572254,0
UXIN.US,60,20201130,210000,1.4555,1.47,1.45,1.455,393049,0
UXIN.US,60,20201130,220000,1.46,1.49,1.38,1.38,2191207,0
UXIN.US,60,20201201,160000,1.48,1.51,1.4101,1.45,1421263,0
UXIN.US,60,20201201,170000,1.4478,1.45,1.4,1.4099,1178995,0
UXIN.US,60,20201201,180000,1.4087,1.41,1.365,1.38,1041969,0
UXIN.US,60,20201201,190000,1.3756,1.4,1.37,1.3901,519920,0
UXIN.US,60,20201201,200000,1.3956,1.4,1.39,1.395,91608,0
UXIN.US,60,20201201,210000,1.4,1.4,1.39,1.395,243311,0
UXIN.US,60,20201201,220000,1.3916,1.3956,1.36,1.37,767755,0
UXIN.US,60,20201202,160000,1.27,1.34,1.24,1.33,1243940,0
UXIN.US,60,20201202,170000,1.325,1.34,1.29,1.307,894297,0
UXIN.US,60,20201202,180000,1.307,1.4,1.3,1.3884,1287329,0
UXIN.US,60,20201202,190000,1.3873,1.3873,1.34,1.3495,277322,0
UXIN.US,60,20201202,200000,1.3484,1.37,1.32,1.3516,367065,0
UXIN.US,60,20201202,210000,1.3584,1.4,1.355,1.4,434780,0
UXIN.US,60,20201202,220000,1.4,1.4022,1.37,1.39,553006,0
UXIN.US,60,20201203,160000,1.37,1.44,1.35,1.3845,831978,0
UXIN.US,60,20201203,170000,1.3898,1.4,1.33,1.3436,689215,0
UXIN.US,60,20201203,180000,1.34,1.36,1.33,1.34,341118,0
UXIN.US,60,20201203,190000,1.3357,1.35,1.33,1.34,281630,0
UXIN.US,60,20201203,200000,1.34,1.37,1.34,1.345,277202,0
UXIN.US,60,20201203,210000,1.3484,1.35,1.33,1.33,317210,0
UXIN.US,60,20201203,220000,1.34,1.34,1.3,1.31,667589,0
UXIN.US,60,20201204,160000,1.35,1.37,1.29,1.315,386079,0
UXIN.US,60,20201204,170000,1.3093,1.32,1.26,1.29,1212157,0
UXIN.US,60,20201204,180000,1.295,1.3419,1.28,1.306,969745,0
UXIN.US,60,20201204,190000,1.3087,1.32,1.29,1.315,254170,0
UXIN.US,60,20201204,200000,1.32,1.32,1.29,1.3099,387571,0
UXIN.US,60,20201204,210000,1.3001,1.31,1.29,1.3099,201082,0
UXIN.US,60,20201204,220000,1.3099,1.33,1.3,1.3,418365,0
UXIN.US,60,20201207,160000,1.29,1.31,1.26,1.2916,649446,0
UXIN.US,60,20201207,170000,1.296,1.31,1.27,1.3,857404,0
UXIN.US,60,20201207,180000,1.29,1.3,1.26,1.2722,564715,0
UXIN.US,60,20201207,190000,1.28,1.28,1.27,1.27,443379,0
UXIN.US,60,20201207,200000,1.275,1.28,1.26,1.265,373475,0
UXIN.US,60,20201207,210000,1.27,1.27,1.26,1.27,263938,0
UXIN.US,60,20201207,220000,1.2699,1.27,1.23,1.23,997766,0
UXIN.US,60,20201208,160000,1.25,1.29,1.23,1.27,710448,0
UXIN.US,60,20201208,170000,1.27,1.28,1.25,1.275,379439,0
UXIN.US,60,20201208,180000,1.2715,1.31,1.26,1.3084,524550,0
UXIN.US,60,20201208,190000,1.3,1.37,1.3,1.3537,1006632,0
UXIN.US,60,20201208,200000,1.359,1.36,1.33,1.3375,167089,0
UXIN.US,60,20201208,210000,1.335,1.35,1.32,1.3416,215012,0
UXIN.US,60,20201208,220000,1.3437,1.36,1.34,1.36,633264,0
UXIN.US,60,20201209,160000,1.39,1.42,1.34,1.3492,903786,0
UXIN.US,60,20201209,170000,1.345,1.4,1.31,1.3788,1446804,0
UXIN.US,60,20201209,180000,1.3899,1.39,1.34,1.37,609133,0
UXIN.US,60,20201209,190000,1.3765,1.38,1.3141,1.3201,393651,0
UXIN.US,60,20201209,200000,1.3216,1.34,1.28,1.295,845823,0
UXIN.US,60,20201209,210000,1.295,1.32,1.28,1.295,632879,0
UXIN.US,60,20201209,220000,1.295,1.32,1.28,1.29,1133419,0
UXIN.US,60,20201210,160000,1.29,1.345,1.26,1.3301,607813,0
UXIN.US,60,20201210,170000,1.335,1.3399,1.31,1.32,358707,0
UXIN.US,60,20201210,180000,1.31,1.4,1.31,1.3978,806630,0
UXIN.US,60,20201210,190000,1.395,1.395,1.35,1.36,541864,0
UXIN.US,60,20201210,200000,1.36,1.36,1.3301,1.34,356371,0
UXIN.US,60,20201210,210000,1.3478,1.35,1.32,1.34,195975,0
UXIN.US,60,20201210,220000,1.34,1.34,1.32,1.32,383958,0
UXIN.US,60,20201211,160000,1.35,1.36,1.29,1.33,394123,0
UXIN.US,60,20201211,170000,1.3301,1.34,1.29,1.2969,625350,0
UXIN.US,60,20201211,180000,1.2964,1.3,1.28,1.2899,442762,0
UXIN.US,60,20201211,190000,1.2862,1.2999,1.23,1.2501,1635670,0
UXIN.US,60,20201211,200000,1.2578,1.29,1.25,1.2759,275499,0
UXIN.US,60,20201211,210000,1.275,1.315,1.27,1.2901,1054318,0
UXIN.US,60,20201211,220000,1.29,1.3,1.28,1.29,412622,0
UXIN.US,60,20201214,160000,1.3,1.32,1.28,1.2878,366876,0
UXIN.US,60,20201214,170000,1.2882,1.3,1.27,1.2885,485807,0
UXIN.US,60,20201214,180000,1.2899,1.3,1.27,1.29,336110,0
UXIN.US,60,20201214,190000,1.29,1.3082,1.28,1.2948,349900,0
UXIN.US,60,20201214,200000,1.2956,1.3,1.26,1.2799,597490,0
UXIN.US,60,20201214,210000,1.28,1.3,1.27,1.295,167364,0
UXIN.US,60,20201214,220000,1.2963,1.33,1.29,1.32,555301,0
UXIN.US,60,20201215,160000,1.32,1.4,1.305,1.37,886171,0
UXIN.US,60,20201215,170000,1.3694,1.385,1.35,1.37,443837,0
UXIN.US,60,20201215,180000,1.365,1.39,1.36,1.3899,320077,0
UXIN.US,60,20201215,190000,1.385,1.39,1.36,1.385,244414,0
UXIN.US,60,20201215,200000,1.3844,1.39,1.37,1.39,436292,0
UXIN.US,60,20201215,210000,1.3801,1.39,1.36,1.3878,229374,0
UXIN.US,60,20201215,220000,1.3884,1.41,1.38,1.4,810860,0
UXIN.US,60,20201216,160000,1.42,1.45,1.38,1.39,804343,0
UXIN.US,60,20201216,170000,1.3878,1.41,1.365,1.4,991074,0
UXIN.US,60,20201216,180000,1.4,1.405,1.38,1.3916,354959,0
UXIN.US,60,20201216,190000,1.3952,1.405,1.39,1.398,391470,0
UXIN.US,60,20201216,200000,1.4,1.4,1.37,1.38,355485,0
UXIN.US,60,20201216,210000,1.39,1.4,1.37,1.3984,352305,0
UXIN.US,60,20201216,220000,1.3984,1.4093,1.38,1.4,908060,0
UXIN.US,60,20201217,160000,1.22,1.23,1.13,1.165,4046937,0
UXIN.US,60,20201217,170000,1.165,1.21,1.16,1.1738,2715993,0
UXIN.US,60,20201217,180000,1.175,1.18,1.15,1.1555,1473709,0
UXIN.US,60,20201217,190000,1.155,1.2,1.15,1.18,1775823,0
UXIN.US,60,20201217,200000,1.1801,1.19,1.15,1.1589,866641,0
UXIN.US,60,20201217,210000,1.155,1.17,1.15,1.165,1031587,0
UXIN.US,60,20201217,220000,1.165,1.17,1.11,1.11,2204492,0
UXIN.US,60,20201218,160000,1.17,1.2,1.16,1.165,1131667,0
UXIN.US,60,20201218,170000,1.1675,1.17,1.14,1.14,1088205,0
UXIN.US,60,20201218,180000,1.14,1.15,1.12,1.135,1054150,0
UXIN.US,60,20201218,190000,1.1366,1.14,1.13,1.135,386283,0
UXIN.US,60,20201218,200000,1.135,1.16,1.13,1.155,1175201,0
UXIN.US,60,20201218,210000,1.15,1.16,1.14,1.1462,342055,0
UXIN.US,60,20201218,220000,1.1422,1.15,1.13,1.13,585232,0
UXIN.US,60,20201221,160000,1.12,1.13,1.02,1.035,1985735,0
UXIN.US,60,20201221,170000,1.031,1.06,1.03,1.058,1117169,0
UXIN.US,60,20201221,180000,1.06,1.08,1.04,1.048,1303987,0
UXIN.US,60,20201221,190000,1.049,1.06,1.03,1.0543,631308,0
UXIN.US,60,20201221,200000,1.0522,1.07,1.04,1.0516,441152,0
UXIN.US,60,20201221,210000,1.05,1.06,1.05,1.05,313131,0
UXIN.US,60,20201221,220000,1.055,1.06,1.04,1.04,644863,0
UXIN.US,60,20201222,160000,1.06,1.06,1.02,1.0316,1150044,0
UXIN.US,60,20201222,170000,1.04,1.04,0.98,1.0028,1907267,0
UXIN.US,60,20201222,180000,1.01,1.01,0.9511,0.99,2268071,0
UXIN.US,60,20201222,190000,0.981,1,0.97,0.9859,619652,0
UXIN.US,60,20201222,200000,0.9861,0.9985,0.9704,0.9836,487878,0
UXIN.US,60,20201222,210000,0.9836,0.9837,0.96,0.964,885097,0
UXIN.US,60,20201222,220000,0.9641,0.99,0.96,0.9806,554312,0
UXIN.US,60,20201223,160000,0.9556,0.9899,0.95,0.958191,959635,0
UXIN.US,60,20201223,170000,0.9599,1,0.9551,0.9997,865051,0
UXIN.US,60,20201223,180000,0.9978,1.01,0.9901,0.9901,935133,0
UXIN.US,60,20201223,190000,0.9901,0.9918,0.9817,0.9837,284081,0
UXIN.US,60,20201223,200000,0.9817,0.99,0.97,0.9853,304855,0
UXIN.US,60,20201223,210000,0.9813,1,0.9811,0.999832,244280,0
UXIN.US,60,20201223,220000,0.9998,1,0.9862,0.9924,351987,0
UXIN.US,60,20201224,160000,0.9966,1.01,0.97,0.9874,479290,0
UXIN.US,60,20201224,170000,0.98,0.98,0.9513,0.9671,845276,0
UXIN.US,60,20201224,180000,0.97,0.9779,0.9604,0.97,251637,0
UXIN.US,60,20201224,190000,0.97,0.9856,0.9567,0.9601,597454,0
UXIN.US,60,20201224,200000,0.9601,0.9601,0.9601,0.9601,3156,0
UXIN.US,60,20201228,160000,0.96,0.96,0.94,0.944,810948,0
UXIN.US,60,20201228,170000,0.94395,0.9497,0.9001,0.9097,1694536,0
UXIN.US,60,20201228,180000,0.9096,0.9424,0.90607,0.9398,501364,0
UXIN.US,60,20201228,190000,0.9399,0.9399,0.9301,0.9303,179361,0
UXIN.US,60,20201228,200000,0.9306,0.95,0.93,0.9411,358719,0
UXIN.US,60,20201228,210000,0.9411,0.9412,0.9319,0.939,228183,0
UXIN.US,60,20201228,220000,0.935,0.9389,0.9201,0.93,489938,0
UXIN.US,60,20201229,160000,0.9247,0.9392,0.865,0.8705,1603275,0
UXIN.US,60,20201229,170000,0.8825,0.891,0.8705,0.889999,1025948,0
UXIN.US,60,20201229,180000,0.8882,0.91,0.88,0.9073,586406,0
UXIN.US,60,20201229,190000,0.9074,0.9258,0.901301,0.90555,302062,0
UXIN.US,60,20201229,200000,0.901401,0.9187,0.8822,0.8911,580157,0
UXIN.US,60,20201229,210000,0.8911,0.8999,0.8722,0.8738,984433,0
UXIN.US,60,20201229,220000,0.875,0.8881,0.865,0.865,1002375,0
UXIN.US,60,20201230,160000,0.8822,0.96,0.88,0.925,1248487,0
UXIN.US,60,20201230,170000,0.9253,0.958,0.923,0.94,1032392,0
UXIN.US,60,20201230,180000,0.9373,0.96,0.93,0.9349,735463,0
UXIN.US,60,20201230,190000,0.934,0.9349,0.88,0.8902,922107,0
UXIN.US,60,20201230,200000,0.892,0.907,0.884,0.89,1263730,0
UXIN.US,60,20201230,210000,0.8939,0.905,0.884,0.902,787787,0
UXIN.US,60,20201230,220000,0.904,0.9197,0.9001,0.906,371178,0
UXIN.US,60,20201231,160000,0.902,0.94,0.892,0.9066,646096,0
UXIN.US,60,20201231,170000,0.9091,0.9372,0.895,0.9049,926365,0
UXIN.US,60,20201231,180000,0.9036,0.9172,0.9,0.903606,339422,0
UXIN.US,60,20201231,190000,0.9046,0.9046,0.8818,0.8823,925546,0
UXIN.US,60,20201231,200000,0.8821,0.8985,0.875,0.885401,553186,0
UXIN.US,60,20201231,210000,0.8888,0.8899,0.881,0.8839,222824,0
UXIN.US,60,20201231,220000,0.884,0.8884,0.8701,0.8725,926349,0
UXIN.US,60,20210104,160000,0.89,0.9,0.876,0.883,356841,0
UXIN.US,60,20210104,170000,0.8854,0.8899,0.875,0.8755,573064,0
UXIN.US,60,20210104,180000,0.8754,0.8823,0.865,0.8684,547674,0
UXIN.US,60,20210104,190000,0.8684,0.8734,0.8601,0.865,290736,0
UXIN.US,60,20210104,200000,0.869399,0.8847,0.865,0.8817,363517,0
UXIN.US,60,20210104,210000,0.881149,0.8848,0.871,0.879399,257055,0
UXIN.US,60,20210104,220000,0.8787,0.892,0.878,0.89,503470,0
UXIN.US,60,20210105,160000,0.888,0.9298,0.888,0.928,606860,0
UXIN.US,60,20210105,170000,0.927899,0.9299,0.9002,0.9221,458240,0
UXIN.US,60,20210105,180000,0.9221,0.95,0.9221,0.9377,606923,0
UXIN.US,60,20210105,190000,0.936851,0.94,0.9291,0.937901,145822,0
UXIN.US,60,20210105,200000,0.938,0.949,0.935,0.946391,141264,0
UXIN.US,60,20210105,210000,0.9458,0.96,0.9443,0.9443,312806,0
UXIN.US,60,20210105,220000,0.9474,0.9599,0.9401,0.9402,338338,0
UXIN.US,60,20210106,160000,0.955,0.98,0.9401,0.9702,304841,0
UXIN.US,60,20210106,170000,0.9703,0.9749,0.942,0.9479,315057,0
UXIN.US,60,20210106,180000,0.9498,0.9642,0.9432,0.9553,370007,0
UXIN.US,60,20210106,190000,0.9553,0.97,0.9553,0.9584,245876,0
UXIN.US,60,20210106,200000,0.956,0.9675,0.9553,0.9675,154054,0
UXIN.US,60,20210106,210000,0.9657,0.9674,0.93,0.9371,481458,0
UXIN.US,60,20210106,220000,0.946699,0.946699,0.918,0.93,662308,0
UXIN.US,60,20210107,160000,0.97,0.97,0.9401,0.9599,326438,0
UXIN.US,60,20210107,170000,0.9561,0.9648,0.93,0.9362,504249,0
UXIN.US,60,20210107,180000,0.9333,0.9425,0.9325,0.93305,362007,0
UXIN.US,60,20210107,190000,0.93305,0.9548,0.9325,0.9452,235330,0
UXIN.US,60,20210107,200000,0.9453,0.9583,0.9451,0.9521,304939,0
UXIN.US,60,20210107,210000,0.9542,0.9799,0.9466,0.9706,438352,0
UXIN.US,60,20210107,220000,0.9714,0.9714,0.9503,0.96,517190,0
UXIN.US,60,20210108,160000,0.9799,1.05,0.963,1.025,1071808,0
UXIN.US,60,20210108,170000,1.025,1.05,1,1.0301,1404275,0
UXIN.US,60,20210108,180000,1.035,1.05,1.03,1.0416,774529,0
UXIN.US,60,20210108,190000,1.045,1.08,1.04,1.075,680784,0
UXIN.US,60,20210108,200000,1.075,1.08,1.05,1.0584,943801,0
UXIN.US,60,20210108,210000,1.0584,1.075,1.04,1.07,656011,0
UXIN.US,60,20210108,220000,1.0684,1.1,1.0601,1.1,809852,0
UXIN.US,60,20210111,160000,1.17,1.17,1.06,1.0801,1171268,0
UXIN.US,60,20210111,170000,1.0801,1.15,1.08,1.095,1642067,0
UXIN.US,60,20210111,180000,1.0984,1.1,1.07,1.07,709589,0
UXIN.US,60,20210111,190000,1.07,1.08,1.05,1.05,365645,0
UXIN.US,60,20210111,200000,1.05,1.06,1.01,1.05,1237654,0
UXIN.US,60,20210111,210000,1.04,1.05,1.02,1.04,610010,0
UXIN.US,60,20210111,220000,1.04,1.06,1.03,1.06,834451,0
UXIN.US,60,20210112,160000,1.09,1.19,1.09,1.125,1687989,0
UXIN.US,60,20210112,170000,1.1217,1.15,1.11,1.14,1055368,0
UXIN.US,60,20210112,180000,1.1384,1.14,1.1,1.1084,539592,0
UXIN.US,60,20210112,190000,1.1076,1.12,1.1,1.11,229059,0
UXIN.US,60,20210112,200000,1.115,1.13,1.11,1.1116,132622,0
UXIN.US,60,20210112,210000,1.1199,1.14,1.11,1.135,335532,0
UXIN.US,60,20210112,220000,1.1301,1.1383,1.11,1.13,570137,0
UXIN.US,60,20210113,160000,1.13,1.15,1.1101,1.1223,454993,0
UXIN.US,60,20210113,170000,1.1201,1.13,1.065,1.0784,845706,0
UXIN.US,60,20210113,180000,1.07,1.08,1.05,1.0687,806999,0
UXIN.US,60,20210113,190000,1.065,1.0699,1.05,1.0668,480604,0
UXIN.US,60,20210113,200000,1.0601,1.07,1.06,1.065,223471,0
UXIN.US,60,20210113,210000,1.065,1.08,1.06,1.0725,314075,0
UXIN.US,60,20210113,220000,1.0725,1.09,1.07,1.09,596024,0
UXIN.US,60,20210114,160000,1.1,1.12,1.05,1.1022,630842,0
UXIN.US,60,20210114,170000,1.1,1.11,1.09,1.095,319383,0
UXIN.US,60,20210114,180000,1.0971,1.1,1.08,1.09,280279,0
UXIN.US,60,20210114,190000,1.0899,1.09,1.06,1.0722,410680,0
UXIN.US,60,20210114,200000,1.0716,1.08,1.06,1.072,209367,0
UXIN.US,60,20210114,210000,1.0783,1.09,1.07,1.09,259816,0
UXIN.US,60,20210114,220000,1.085,1.1,1.08,1.1,526585,0
UXIN.US,60,20210115,160000,1.062,1.09,1.06,1.06,282671,0
UXIN.US,60,20210115,170000,1.0684,1.09,1.05,1.08,580738,0
UXIN.US,60,20210115,180000,1.0816,1.09,1.07,1.0701,308520,0
UXIN.US,60,20210115,190000,1.0718,1.08,1.07,1.07,103354,0
UXIN.US,60,20210115,200000,1.075,1.08,1.04,1.05,542394,0
UXIN.US,60,20210115,210000,1.05,1.06,1.05,1.055,169320,0
UXIN.US,60,20210115,220000,1.05,1.06,1.04,1.05,505840,0
UXIN.US,60,20210119,160000,1.0598,1.0784,1.04,1.0401,647539,0
UXIN.US,60,20210119,170000,1.0499,1.07,1.04,1.06,474310,0
UXIN.US,60,20210119,180000,1.055,1.07,1.04,1.0478,616608,0
UXIN.US,60,20210119,190000,1.05,1.05,1.04,1.0485,361884,0
UXIN.US,60,20210119,200000,1.0468,1.05,1.04,1.05,398283,0
UXIN.US,60,20210119,210000,1.0416,1.08,1.0416,1.0716,1038985,0
UXIN.US,60,20210119,220000,1.0778,1.08,1.055,1.08,536520,0
UXIN.US,60,20210120,160000,1.09,1.1,1.07,1.07,678894,0
UXIN.US,60,20210120,170000,1.078,1.08,1.05,1.06,421838,0
UXIN.US,60,20210120,180000,1.0501,1.06,1.05,1.06,323322,0
UXIN.US,60,20210120,190000,1.06,1.07,1.05,1.065,164480,0
UXIN.US,60,20210120,200000,1.07,1.09,1.06,1.08,396016,0
UXIN.US,60,20210120,210000,1.09,1.09,1.08,1.08,377050,0
UXIN.US,60,20210120,220000,1.09,1.09,1.08,1.09,689136,0
UXIN.US,60,20210121,160000,1.15,1.16,1.13,1.16,1196610,0
UXIN.US,60,20210121,170000,1.16,1.36,1.1578,1.3191,11356115,0
UXIN.US,60,20210121,180000,1.3106,1.36,1.21,1.2315,6828813,0
UXIN.US,60,20210121,190000,1.235,1.29,1.22,1.2801,1884494,0
UXIN.US,60,20210121,200000,1.285,1.29,1.25,1.2715,1950549,0
UXIN.US,60,20210121,210000,1.275,1.35,1.2715,1.315,4237159,0
UXIN.US,60,20210121,220000,1.315,1.35,1.28,1.31,4182509,0
UXIN.US,60,20210122,160000,1.21,1.3582,1.21,1.3186,3950199,0
UXIN.US,60,20210122,170000,1.31,1.36,1.23,1.312,3676352,0
UXIN.US,60,20210122,180000,1.31,1.32,1.25,1.27,2377856,0
UXIN.US,60,20210122,190000,1.2623,1.28,1.23,1.2399,1036796,0
UXIN.US,60,20210122,200000,1.235,1.25,1.22,1.23,761205,0
UXIN.US,60,20210122,210000,1.2385,1.2499,1.22,1.245,762484,0
UXIN.US,60,20210122,220000,1.2415,1.29,1.24,1.27,1662360,0
UXIN.US,60,20210125,160000,1.32,1.33,1.27,1.2922,816831,0
UXIN.US,60,20210125,170000,1.2975,1.32,1.26,1.2685,1228748,0
UXIN.US,60,20210125,180000,1.265,1.27,1.22,1.2575,996912,0
UXIN.US,60,20210125,190000,1.255,1.26,1.23,1.2399,362282,0
UXIN.US,60,20210125,200000,1.23,1.24,1.23,1.2378,545091,0
UXIN.US,60,20210125,210000,1.24,1.24,1.23,1.24,263407,0
UXIN.US,60,20210125,220000,1.235,1.24,1.23,1.24,433175,0
UXIN.US,60,20210126,160000,1.27,1.2778,1.23,1.24,594680,0
UXIN.US,60,20210126,170000,1.24,1.24,1.22,1.24,772833,0
UXIN.US,60,20210126,180000,1.2327,1.24,1.22,1.23,306437,0
UXIN.US,60,20210126,190000,1.22,1.25,1.22,1.2415,357880,0
UXIN.US,60,20210126,200000,1.245,1.28,1.24,1.26,439020,0
UXIN.US,60,20210126,210000,1.262,1.28,1.26,1.2699,454595,0
UXIN.US,60,20210126,220000,1.265,1.27,1.25,1.26,402916,0
UXIN.US,60,20210127,160000,1.2,1.24,1.13,1.23,976455,0
UXIN.US,60,20210127,170000,1.24,1.24,1.21,1.235,343809,0
UXIN.US,60,20210127,180000,1.235,1.24,1.2,1.2015,545179,0
UXIN.US,60,20210127,190000,1.2,1.2272,1.1916,1.195,458850,0
UXIN.US,60,20210127,200000,1.1999,1.2199,1.19,1.215,443667,0
UXIN.US,60,20210127,210000,1.215,1.22,1.16,1.1799,512059,0
UXIN.US,60,20210127,220000,1.1701,1.18,1.15,1.17,927206,0
UXIN.US,60,20210128,160000,1.13,1.16,1.12,1.13,715695,0
UXIN.US,60,20210128,170000,1.13,1.16,1.11,1.11,1050134,0
UXIN.US,60,20210128,180000,1.12,1.12,1.11,1.12,537465,0
UXIN.US,60,20210128,190000,1.115,1.15,1.11,1.115,806686,0
UXIN.US,60,20210128,200000,1.115,1.13,1.11,1.13,359118,0
UXIN.US,60,20210128,210000,1.13,1.14,1.12,1.13,278186,0
UXIN.US,60,20210128,220000,1.125,1.13,1.11,1.12,585665,0
UXIN.US,60,20210129,160000,1.1,1.13,1.1,1.1101,401752,0
UXIN.US,60,20210129,170000,1.115,1.12,1.1,1.115,407957,0
UXIN.US,60,20210129,180000,1.1192,1.12,1.1,1.11,292308,0
UXIN.US,60,20210129,190000,1.105,1.12,1.09,1.1099,778030,0
UXIN.US,60,20210129,200000,1.1,1.11,1.09,1.095,437519,0
UXIN.US,60,20210129,210000,1.0901,1.11,1.08,1.09,363277,0
UXIN.US,60,20210129,220000,1.0816,1.1,1.08,1.1,771508,0
UXIN.US,60,20210201,160000,1.12,1.12,1.07,1.075,959831,0
UXIN.US,60,20210201,170000,1.08,1.09,1.06,1.0716,581101,0
UXIN.US,60,20210201,180000,1.08,1.08,1.06,1.0794,760092,0
UXIN.US,60,20210201,190000,1.0701,1.09,1.07,1.08,243411,0
UXIN.US,60,20210201,200000,1.0899,1.09,1.08,1.09,143030,0
UXIN.US,60,20210201,210000,1.09,1.13,1.08,1.13,478694,0
UXIN.US,60,20210201,220000,1.1282,1.3,1.12,1.23,3690362,0
UXIN.US,60,20210202,160000,1.2,1.21,1.17,1.1779,601329,0
UXIN.US,60,20210202,170000,1.1781,1.185,1.12,1.155,2893301,0
UXIN.US,60,20210202,180000,1.15,1.17,1.14,1.1682,348037,0
UXIN.US,60,20210202,190000,1.165,1.18,1.16,1.175,223850,0
UXIN.US,60,20210202,200000,1.1701,1.2,1.17,1.1881,257579,0
UXIN.US,60,20210202,210000,1.189,1.2,1.18,1.185,133737,0
UXIN.US,60,20210202,220000,1.185,1.19,1.14,1.15,693677,0
UXIN.US,60,20210203,160000,1.19,1.24,1.14,1.23,775382,0
UXIN.US,60,20210203,170000,1.2301,1.25,1.2,1.246,1541280,0
UXIN.US,60,20210203,180000,1.245,1.25,1.22,1.2215,839784,0
UXIN.US,60,20210203,190000,1.23,1.23,1.2,1.23,348791,0
UXIN.US,60,20210203,200000,1.23,1.23,1.2,1.21,333523,0
UXIN.US,60,20210203,210000,1.209,1.23,1.2,1.23,378926,0
UXIN.US,60,20210203,220000,1.23,1.23,1.17,1.2,796918,0
UXIN.US,60,20210204,160000,1.27,1.28,1.23,1.2583,617673,0
UXIN.US,60,20210204,170000,1.2599,1.36,1.2599,1.3499,3308543,0
UXIN.US,60,20210204,180000,1.35,1.35,1.3,1.33,1324180,0
UXIN.US,60,20210204,190000,1.33,1.36,1.32,1.35,2197819,0
UXIN.US,60,20210204,200000,1.355,1.46,1.35,1.445,5528505,0
UXIN.US,60,20210204,210000,1.4442,1.45,1.37,1.385,2007621,0
UXIN.US,60,20210204,220000,1.385,1.42,1.35,1.39,2604254,0
UXIN.US,60,20210205,160000,1.52,1.58,1.41,1.48,3841437,0
UXIN.US,60,20210205,170000,1.48,1.48,1.37,1.42,2341922,0
UXIN.US,60,20210205,180000,1.425,1.455,1.41,1.44,1157427,0
UXIN.US,60,20210205,190000,1.4405,1.46,1.43,1.4483,842957,0
UXIN.US,60,20210205,200000,1.45,1.46,1.42,1.4316,664801,0
UXIN.US,60,20210205,210000,1.4384,1.46,1.43,1.44,562529,0
UXIN.US,60,20210205,220000,1.44,1.47,1.43,1.45,1553542,0
UXIN.US,60,20210208,160000,1.47,1.53,1.37,1.4416,1690976,0
UXIN.US,60,20210208,170000,1.445,1.46,1.42,1.44,832840,0
UXIN.US,60,20210208,180000,1.45,1.465,1.41,1.4116,832635,0
UXIN.US,60,20210208,190000,1.41,1.42,1.4,1.415,531535,0
UXIN.US,60,20210208,200000,1.415,1.45,1.41,1.435,472898,0
UXIN.US,60,20210208,210000,1.435,1.46,1.43,1.44,634230,0
UXIN.US,60,20210208,220000,1.445,1.45,1.39,1.41,1567200,0
UXIN.US,60,20210209,160000,1.46,1.47,1.41,1.4313,646637,0
UXIN.US,60,20210209,170000,1.431,1.45,1.41,1.4401,606662,0
UXIN.US,60,20210209,180000,1.45,1.46,1.44,1.45,793318,0
UXIN.US,60,20210209,190000,1.45,1.46,1.4311,1.45,348025,0
UXIN.US,60,20210209,200000,1.445,1.455,1.44,1.45,321581,0
UXIN.US,60,20210209,210000,1.45,1.55,1.44,1.515,2372590,0
UXIN.US,60,20210209,220000,1.515,1.52,1.47,1.5,1029406,0
UXIN.US,60,20210210,160000,1.56,1.68,1.52,1.64,2273178,0
UXIN.US,60,20210210,170000,1.64,1.75,1.515,1.5622,3677132,0
UXIN.US,60,20210210,180000,1.5799,1.6,1.535,1.54,1143431,0
UXIN.US,60,20210210,190000,1.54,1.62,1.52,1.6199,1205036,0
UXIN.US,60,20210210,200000,1.6199,1.62,1.58,1.58,917913,0
UXIN.US,60,20210210,210000,1.575,1.61,1.55,1.5691,772099,0
UXIN.US,60,20210210,220000,1.5633,1.6,1.54,1.6,1526818,0
UXIN.US,60,20210211,160000,1.56,1.6,1.51,1.56,735629,0
UXIN.US,60,20210211,170000,1.5618,1.6,1.54,1.57,1019699,0
UXIN.US,60,20210211,180000,1.565,1.59,1.535,1.55,760290,0
UXIN.US,60,20210211,190000,1.547,1.55,1.43,1.489,1262097,0
UXIN.US,60,20210211,200000,1.482,1.54,1.48,1.52,289439,0
UXIN.US,60,20210211,210000,1.52,1.53,1.48,1.49,421448,0
UXIN.US,60,20210211,220000,1.49,1.52,1.47,1.51,1015672,0
UXIN.US,60,20210212,160000,1.45,1.48,1.4,1.445,849247,0
UXIN.US,60,20210212,170000,1.45,1.5,1.45,1.485,648838,0
UXIN.US,60,20210212,180000,1.49,1.57,1.48,1.5201,1342407,0
UXIN.US,60,20210212,190000,1.52,1.56,1.51,1.52,426362,0
UXIN.US,60,20210212,200000,1.52,1.54,1.505,1.52,332200,0
UXIN.US,60,20210212,210000,1.51,1.52,1.5,1.5,409174,0
UXIN.US,60,20210212,220000,1.5,1.54,1.49,1.54,936259,0
UXIN.US,60,20210216,160000,1.59,1.6,1.53,1.595,1050926,0
UXIN.US,60,20210216,170000,1.5907,1.61,1.54,1.585,2346801,0
UXIN.US,60,20210216,180000,1.59,1.62,1.56,1.5716,1930862,0
UXIN.US,60,20210216,190000,1.5721,1.59,1.57,1.585,610895,0
UXIN.US,60,20210216,200000,1.59,1.59,1.54,1.575,552525,0
UXIN.US,60,20210216,210000,1.575,1.6,1.57,1.59,554076,0
UXIN.US,60,20210216,220000,1.595,1.6,1.57,1.58,868095,0
UXIN.US,60,20210217,160000,1.5875,1.59,1.49,1.5684,912469,0
UXIN.US,60,20210217,170000,1.56,1.59,1.51,1.56,1613308,0
UXIN.US,60,20210217,180000,1.56,1.57,1.52,1.54,1065277,0
UXIN.US,60,20210217,190000,1.545,1.55,1.53,1.54,281444,0
UXIN.US,60,20210217,200000,1.54,1.57,1.52,1.535,587164,0
UXIN.US,60,20210217,210000,1.5399,1.54,1.49,1.52,617818,0
UXIN.US,60,20210217,220000,1.52,1.54,1.5,1.51,688452,0
UXIN.US,60,20210218,160000,1.43,1.485,1.37,1.4778,1063907,0
UXIN.US,60,20210218,170000,1.475,1.48,1.37,1.415,1690841,0
UXIN.US,60,20210218,180000,1.4199,1.425,1.39,1.4091,660273,0
UXIN.US,60,20210218,190000,1.4,1.42,1.35,1.4001,653590,0
UXIN.US,60,20210218,200000,1.4016,1.44,1.4,1.428,237016,0
UXIN.US,60,20210218,210000,1.42,1.46,1.42,1.46,249743,0
UXIN.US,60,20210218,220000,1.455,1.46,1.41,1.43,590783,0
UXIN.US,60,20210219,160000,1.42,1.48,1.4,1.4601,417772,0
UXIN.US,60,20210219,170000,1.4619,1.5,1.45,1.4701,590060,0
UXIN.US,60,20210219,180000,1.47,1.48,1.4413,1.45,294364,0
UXIN.US,60,20210219,190000,1.45,1.46,1.44,1.44,196872,0
UXIN.US,60,20210219,200000,1.45,1.46,1.4201,1.4401,198787,0
UXIN.US,60,20210219,210000,1.445,1.46,1.4,1.4217,554984,0
UXIN.US,60,20210219,220000,1.4214,1.43,1.4,1.42,433692,0
UXIN.US,60,20210222,160000,1.42,1.42,1.37,1.395,360458,0
UXIN.US,60,20210222,170000,1.39,1.41,1.34,1.35,822753,0
UXIN.US,60,20210222,180000,1.3584,1.41,1.35,1.41,444506,0
UXIN.US,60,20210222,190000,1.405,1.44,1.4038,1.4299,498611,0
UXIN.US,60,20210222,200000,1.425,1.43,1.41,1.425,162426,0
UXIN.US,60,20210222,210000,1.425,1.43,1.4,1.41,165894,0
UXIN.US,60,20210222,220000,1.405,1.41,1.36,1.38,537100,0
UXIN.US,60,20210223,160000,1.28,1.3,1.1601,1.2301,855801,0
UXIN.US,60,20210223,170000,1.2364,1.2883,1.23,1.275,848005,0
UXIN.US,60,20210223,180000,1.27,1.295,1.23,1.25,583615,0
UXIN.US,60,20210223,190000,1.25,1.25,1.21,1.21,541534,0
UXIN.US,60,20210223,200000,1.21,1.23,1.2,1.21,527718,0
UXIN.US,60,20210223,210000,1.21,1.24,1.21,1.2395,336630,0
UXIN.US,60,20210223,220000,1.2382,1.265,1.22,1.24,813973,0
UXIN.US,60,20210224,160000,1.27,1.3283,1.24,1.2978,392817,0
UXIN.US,60,20210224,170000,1.3,1.31,1.26,1.295,415803,0
UXIN.US,60,20210224,180000,1.295,1.31,1.29,1.305,280796,0
UXIN.US,60,20210224,190000,1.3027,1.31,1.27,1.28,289831,0
UXIN.US,60,20210224,200000,1.275,1.29,1.26,1.28,304799,0
UXIN.US,60,20210224,210000,1.2799,1.29,1.26,1.275,284872,0
UXIN.US,60,20210224,220000,1.275,1.28,1.26,1.27,327574,0
UXIN.US,60,20210225,160000,1.28,1.3,1.26,1.275,284637,0
UXIN.US,60,20210225,170000,1.2701,1.3,1.24,1.24,399949,0
UXIN.US,60,20210225,180000,1.245,1.28,1.24,1.2485,470199,0
UXIN.US,60,20210225,190000,1.245,1.245,1.19,1.195,555103,0
UXIN.US,60,20210225,200000,1.1925,1.21,1.19,1.2085,505704,0
UXIN.US,60,20210225,210000,1.2001,1.24,1.2,1.2,654693,0
UXIN.US,60,20210225,220000,1.2099,1.21,1.14,1.19,1067384,0
UXIN.US,60,20210226,160000,1.12,1.2,1.11,1.15,381689,0
UXIN.US,60,20210226,170000,1.1503,1.1507,1.11,1.125,850826,0
UXIN.US,60,20210226,180000,1.1278,1.15,1.12,1.15,406976,0
UXIN.US,60,20210226,190000,1.15,1.18,1.1402,1.18,295485,0
UXIN.US,60,20210226,200000,1.18,1.18,1.15,1.155,320828,0
UXIN.US,60,20210226,210000,1.1599,1.16,1.15,1.155,201114,0
UXIN.US,60,20210226,220000,1.1501,1.16,1.15,1.16,246061,0
UXIN.US,60,20210301,160000,1.2,1.23,1.17,1.185,413554,0
UXIN.US,60,20210301,170000,1.19,1.2,1.18,1.19,383414,0
UXIN.US,60,20210301,180000,1.195,1.23,1.19,1.2278,322563,0
UXIN.US,60,20210301,190000,1.2222,1.23,1.21,1.225,292607,0
UXIN.US,60,20210301,200000,1.23,1.25,1.22,1.23,301579,0
UXIN.US,60,20210301,210000,1.2399,1.25,1.22,1.235,345501,0
UXIN.US,60,20210301,220000,1.2384,1.25,1.23,1.25,234428,0
UXIN.US,60,20210302,160000,1.25,1.265,1.22,1.235,400537,0
UXIN.US,60,20210302,170000,1.23,1.24,1.21,1.23,200325,0
UXIN.US,60,20210302,180000,1.235,1.24,1.19,1.2085,299077,0
UXIN.US,60,20210302,190000,1.205,1.21,1.2,1.2085,108657,0
UXIN.US,60,20210302,200000,1.2085,1.21,1.2,1.2005,77054,0
UXIN.US,60,20210302,210000,1.205,1.21,1.18,1.1985,204988,0
UXIN.US,60,20210302,220000,1.1985,1.21,1.18,1.21,379954,0
UXIN.US,60,20210303,160000,1.21,1.21,1.18,1.185,78917,0
UXIN.US,60,20210303,170000,1.1848,1.19,1.135,1.155,391728,0
UXIN.US,60,20210303,180000,1.155,1.18,1.15,1.15,459594,0
UXIN.US,60,20210303,190000,1.1509,1.16,1.15,1.15,138966,0
UXIN.US,60,20210303,200000,1.15,1.1599,1.13,1.1399,350025,0
UXIN.US,60,20210303,210000,1.1399,1.14,1.12,1.12,284231,0
UXIN.US,60,20210303,220000,1.13,1.13,1.11,1.12,374172,0
UXIN.US,60,20210304,160000,1.1,1.13,1.06,1.06,589363,0
UXIN.US,60,20210304,170000,1.06,1.08,1.02,1.065,1564382,0
UXIN.US,60,20210304,180000,1.0693,1.08,1.04,1.075,474758,0
UXIN.US,60,20210304,190000,1.08,1.09,1.02,1.0201,621461,0
UXIN.US,60,20210304,200000,1.0282,1.03,1,1.025,890042,0
UXIN.US,60,20210304,210000,1.02,1.06,1.02,1.0499,542131,0
UXIN.US,60,20210304,220000,1.04,1.05,1.04,1.04,243068,0
UXIN.US,60,20210305,160000,1.06,1.11,1.03,1.0376,483757,0
UXIN.US,60,20210305,170000,1.035,1.05,1,1.01,466378,0
UXIN.US,60,20210305,180000,1.015,1.02,0.95,0.980083,973868,0
UXIN.US,60,20210305,190000,0.9829,1.06,0.9802,1.0464,288194,0
UXIN.US,60,20210305,200000,1.045,1.05,1.03,1.0316,114210,0
UXIN.US,60,20210305,210000,1.0399,1.09,1.03,1.065,229906,0
UXIN.US,60,20210305,220000,1.0678,1.07,1.03,1.07,393705,0
UXIN.US,60,20210308,160000,1.04,1.065,1.03,1.0338,278964,0
UXIN.US,60,20210308,170000,1.03,1.11,1.03,1.1,451330,0
UXIN.US,60,20210308,180000,1.1099,1.11,1.07,1.07,423141,0
UXIN.US,60,20210308,190000,1.07,1.08,1.07,1.075,94617,0
UXIN.US,60,20210308,200000,1.075,1.08,1.07,1.08,403815,0
UXIN.US,60,20210308,210000,1.08,1.14,1.075,1.135,530121,0
UXIN.US,60,20210308,220000,1.135,1.15,1.09,1.14,668675,0
UXIN.US,60,20210309,160000,1.15,1.21,1.13,1.18,760083,0
UXIN.US,60,20210309,170000,1.1816,1.1816,1.11,1.125,509498,0
UXIN.US,60,20210309,180000,1.125,1.14,1.12,1.125,300350,0
UXIN.US,60,20210309,190000,1.13,1.1399,1.11,1.1116,351584,0
UXIN.US,60,20210309,200000,1.115,1.13,1.11,1.125,348264,0
UXIN.US,60,20210309,210000,1.12,1.1299,1.08,1.12,496923,0
UXIN.US,60,20210309,220000,1.1216,1.16,1.1,1.12,621054,0
UXIN.US,60,20210310,160000,1.15,1.17,1.135,1.16,579275,0
UXIN.US,60,20210310,170000,1.1522,1.1522,1.1,1.12,684009,0
UXIN.US,60,20210310,180000,1.11,1.14,1.11,1.115,174316,0
UXIN.US,60,20210310,190000,1.11,1.13,1.09,1.11,347835,0
UXIN.US,60,20210310,200000,1.11,1.1156,1.1,1.11,179366,0
UXIN.US,60,20210310,210000,1.105,1.115,1.1,1.11,151948,0
UXIN.US,60,20210310,220000,1.1101,1.14,1.11,1.14,291349,0
UXIN.US,60,20210311,160000,1.18,1.18,1.13,1.161,626701,0
UXIN.US,60,20210311,170000,1.1691,1.1899,1.15,1.155,610240,0
UXIN.US,60,20210311,180000,1.15,1.16,1.15,1.15,197747,0
UXIN.US,60,20210311,190000,1.1585,1.2,1.15,1.19,563814,0
UXIN.US,60,20210311,200000,1.1916,1.2,1.19,1.19,239051,0
UXIN.US,60,20210311,210000,1.19,1.1999,1.17,1.1816,291669,0
UXIN.US,60,20210311,220000,1.18,1.21,1.18,1.2,468815,0
UXIN.US,60,20210312,160000,1.15,1.2,1.15,1.1916,213808,0
UXIN.US,60,20210312,170000,1.2,1.2,1.16,1.1785,317879,0
UXIN.US,60,20210312,180000,1.17,1.2,1.17,1.1901,97243,0
UXIN.US,60,20210312,190000,1.1927,1.195,1.17,1.1748,156710,0
UXIN.US,60,20210312,200000,1.1799,1.18,1.16,1.16,114630,0
UXIN.US,60,20210312,210000,1.16,1.17,1.16,1.1601,189917,0
UXIN.US,60,20210312,220000,1.165,1.17,1.15,1.17,500158,0
UXIN.US,60,20210315,150000,1.2,1.2,1.18,1.18,212362,0
UXIN.US,60,20210315,160000,1.18,1.23,1.175,1.2222,454280,0
UXIN.US,60,20210315,170000,1.23,1.23,1.17,1.19,887515,0
UXIN.US,60,20210315,180000,1.19,1.21,1.19,1.19,208717,0
UXIN.US,60,20210315,190000,1.1916,1.2,1.19,1.19,99611,0
UXIN.US,60,20210315,200000,1.195,1.2,1.19,1.19,119297,0
UXIN.US,60,20210315,210000,1.19,1.2,1.19,1.2,191968,0
UXIN.US,60,20210316,150000,1.21,1.23,1.19,1.21,451457,0
UXIN.US,60,20210316,160000,1.21,1.2199,1.185,1.1922,230978,0
UXIN.US,60,20210316,170000,1.195,1.2079,1.18,1.1901,155484,0
UXIN.US,60,20210316,180000,1.1999,1.23,1.18,1.205,493264,0
UXIN.US,60,20210316,190000,1.2,1.21,1.19,1.1973,63747,0
UXIN.US,60,20210316,200000,1.195,1.195,1.14,1.16,506951,0
UXIN.US,60,20210316,210000,1.16,1.18,1.15,1.18,241328,0
UXIN.US,60,20210317,150000,1.14,1.16,1.13,1.15,189794,0
UXIN.US,60,20210317,160000,1.15,1.1678,1.13,1.1499,241008,0
UXIN.US,60,20210317,170000,1.145,1.17,1.14,1.15,106029,0
UXIN.US,60,20210317,180000,1.15,1.16,1.15,1.155,103378,0
UXIN.US,60,20210317,190000,1.155,1.16,1.15,1.155,57679,0
UXIN.US,60,20210317,200000,1.155,1.185,1.155,1.1782,285531,0
UXIN.US,60,20210317,210000,1.17,1.18,1.17,1.18,140701,0
UXIN.US,60,20210318,150000,1.16,1.19,1.155,1.18,127925,0
UXIN.US,60,20210318,160000,1.18,1.19,1.16,1.18,192205,0
UXIN.US,60,20210318,170000,1.18,1.2,1.18,1.1999,187900,0
UXIN.US,60,20210318,180000,1.193,1.2,1.16,1.1682,282014,0
UXIN.US,60,20210318,190000,1.17,1.25,1.16,1.235,846574,0
UXIN.US,60,20210318,200000,1.24,1.24,1.2001,1.2104,430003,0
UXIN.US,60,20210318,210000,1.21,1.22,1.18,1.19,437749,0
UXIN.US,60,20210319,150000,1.18,1.2,1.15,1.1899,265929,0
UXIN.US,60,20210319,160000,1.19,1.2,1.15,1.1822,186855,0
UXIN.US,60,20210319,170000,1.1868,1.2,1.16,1.17,143581,0
UXIN.US,60,20210319,180000,1.1799,1.1899,1.17,1.1878,70189,0
UXIN.US,60,20210319,190000,1.189,1.19,1.16,1.1775,141682,0
UXIN.US,60,20210319,200000,1.175,1.18,1.13,1.15,407038,0
UXIN.US,60,20210319,210000,1.1467,1.155,1.08,1.15,826218,0
UXIN.US,60,20210322,150000,1.15,1.16,1.12,1.12,357121,0
UXIN.US,60,20210322,160000,1.1218,1.13,1.1,1.112,325049,0
UXIN.US,60,20210322,170000,1.1101,1.12,1.1,1.11,227691,0
UXIN.US,60,20210322,180000,1.11,1.13,1.1,1.115,260516,0
UXIN.US,60,20210322,190000,1.1199,1.12,1.11,1.12,96550,0
UXIN.US,60,20210322,200000,1.12,1.12,1.11,1.12,119533,0
UXIN.US,60,20210322,210000,1.115,1.12,1.1,1.1,371629,0
UXIN.US,60,20210323,150000,1.1,1.1,1.06,1.08,315050,0
UXIN.US,60,20210323,160000,1.08,1.1,1.05,1.075,815005,0
UXIN.US,60,20210323,170000,1.07,1.08,1.06,1.06,126067,0
UXIN.US,60,20210323,180000,1.06,1.07,1.06,1.065,148800,0
UXIN.US,60,20210323,190000,1.06,1.07,1.06,1.065,138123,0
UXIN.US,60,20210323,200000,1.065,1.07,1.05,1.05,310085,0
UXIN.US,60,20210323,210000,1.05,1.07,1.04,1.07,838195,0
UXIN.US,60,20210324,150000,1.05,1.08,1.03,1.03,323382,0
UXIN.US,60,20210324,160000,1.03,1.04,1.03,1.035,477022,0
UXIN.US,60,20210324,170000,1.03,1.08,1.03,1.03,602262,0
UXIN.US,60,20210324,180000,1.03,1.05,1.03,1.0399,276814,0
UXIN.US,60,20210324,190000,1.03,1.05,1.02,1.04,499489,0
UXIN.US,60,20210324,200000,1.045,1.05,1.02,1.02,273813,0
UXIN.US,60,20210324,210000,1.0212,1.03,1.01,1.02,717104,0
UXIN.US,60,20210325,150000,1.01,1.04,1,1.01,331847,0
UXIN.US,60,20210325,160000,1.015,1.06,1.01,1.0299,513597,0
UXIN.US,60,20210325,170000,1.0201,1.03,1.01,1.025,309315,0
UXIN.US,60,20210325,180000,1.025,1.07,1.02,1.05,403163,0
UXIN.US,60,20210325,190000,1.05,1.06,1.04,1.04,126296,0
UXIN.US,60,20210325,200000,1.0418,1.05,1.03,1.03,215277,0
UXIN.US,60,20210325,210000,1.03,1.04,1.02,1.03,280583,0
UXIN.US,60,20210326,150000,1.05,1.06,1.0388,1.045,181114,0
UXIN.US,60,20210326,160000,1.04,1.06,1.03,1.04,323002,0
UXIN.US,60,20210326,170000,1.045,1.05,1.02,1.025,409201,0
UXIN.US,60,20210326,180000,1.03,1.03,1,1,1065825,0
UXIN.US,60,20210326,190000,1.0099,1.01,1,1.0001,490869,0
UXIN.US,60,20210326,200000,1.0061,1.01,1,1.0028,275957,0
UXIN.US,60,20210326,210000,1,1.03,1,1.03,385083,0
UXIN.US,60,20210329,160000,1.03,1.04,1.01,1.01,194139,0
UXIN.US,60,20210329,170000,1.01,1.0172,1,1,418958,0
UXIN.US,60,20210329,180000,1,1.01,1,1,176633,0
UXIN.US,60,20210329,190000,1,1.01,1,1.01,215151,0
UXIN.US,60,20210329,200000,1,1.02,1,1.01,146871,0
UXIN.US,60,20210329,210000,1.015,1.02,1.01,1.01,122102,0
UXIN.US,60,20210329,220000,1.01,1.02,1.01,1.02,313195,0
UXIN.US,60,20210330,160000,1.01,1.02,1,1.01,129688,0
UXIN.US,60,20210330,170000,1,1.01,0.9605,0.9888,1651888,0
UXIN.US,60,20210330,180000,0.987,0.9996,0.9745,0.9871,521268,0
UXIN.US,60,20210330,190000,0.9871,1.01,0.987,1.0084,198776,0
UXIN.US,60,20210330,200000,1.01,1.0499,1,1.03,1005043,0
UXIN.US,60,20210330,210000,1.03,1.04,1.03,1.035,79101,0
UXIN.US,60,20210330,220000,1.0301,1.04,1.03,1.04,152436,0
UXIN.US,60,20210331,160000,1.05,1.08,1.04,1.06,724175,0
UXIN.US,60,20210331,170000,1.05,1.09,1.05,1.065,549762,0
UXIN.US,60,20210331,180000,1.065,1.08,1.06,1.07,365545,0
UXIN.US,60,20210331,190000,1.075,1.08,1.06,1.065,228846,0
UXIN.US,60,20210331,200000,1.06,1.16,1.06,1.13,1638825,0
UXIN.US,60,20210331,210000,1.135,1.15,1.11,1.135,1055599,0
UXIN.US,60,20210331,220000,1.135,1.17,1.12,1.17,1362946,0
UXIN.US,60,20210401,160000,1.31,1.44,1.22,1.3989,10230883,0
UXIN.US,60,20210401,170000,1.3901,1.66,1.37,1.53,47306195,0
UXIN.US,60,20210401,180000,1.5389,1.86,1.53,1.8501,49323084,0
UXIN.US,60,20210401,190000,1.855,1.92,1.69,1.74,54897513,0
UXIN.US,60,20210401,200000,1.735,1.78,1.61,1.615,24364620,0
UXIN.US,60,20210401,210000,1.615,2.02,1.58,1.9,50684978,0
UXIN.US,60,20210401,220000,1.905,2.01,1.87,1.98,61018879,0
UXIN.US,60,20210405,160000,1.73,1.915,1.68,1.72,11779965,0
UXIN.US,60,20210405,170000,1.73,1.77,1.65,1.725,10320101,0
UXIN.US,60,20210405,180000,1.7201,1.73,1.61,1.6599,5389560,0
UXIN.US,60,20210405,190000,1.66,1.66,1.56,1.585,3962077,0
UXIN.US,60,20210405,200000,1.585,1.61,1.56,1.575,3506684,0
UXIN.US,60,20210405,210000,1.575,1.61,1.56,1.59,2295848,0
UXIN.US,60,20210405,220000,1.59,1.59,1.46,1.5,7452995,0
UXIN.US,60,20210406,160000,1.494,1.72,1.48,1.659,7718364,0
UXIN.US,60,20210406,170000,1.66,1.68,1.52,1.6078,5266851,0
UXIN.US,60,20210406,180000,1.6015,1.62,1.56,1.5836,1765897,0
UXIN.US,60,20210406,190000,1.5899,1.599,1.53,1.57,1777707,0
UXIN.US,60,20210406,200000,1.5666,1.58,1.5232,1.5373,578728,0
UXIN.US,60,20210406,210000,1.5313,1.55,1.5,1.505,1073490,0
UXIN.US,60,20210406,220000,1.5,1.57,1.5,1.57,1756422,0
UXIN.US,60,20210407,160000,1.54,1.66,1.54,1.5818,2572670,0
UXIN.US,60,20210407,170000,1.59,1.6074,1.45,1.455,2178954,0
UXIN.US,60,20210407,180000,1.4534,1.48,1.39,1.458,2910560,0
UXIN.US,60,20210407,190000,1.4501,1.53,1.44,1.505,879440,0
UXIN.US,60,20210407,200000,1.505,1.51,1.44,1.4591,719770,0
UXIN.US,60,20210407,210000,1.455,1.47,1.45,1.47,261167,0
UXIN.US,60,20210407,220000,1.4601,1.47,1.42,1.43,1068380,0
UXIN.US,60,20210408,160000,1.43,1.4665,1.4,1.4507,829633,0
UXIN.US,60,20210408,170000,1.46,1.47,1.4,1.405,837568,0
UXIN.US,60,20210408,180000,1.4,1.43,1.39,1.39,561851,0
UXIN.US,60,20210408,190000,1.3968,1.46,1.37,1.46,1752982,0
UXIN.US,60,20210408,200000,1.4526,1.46,1.42,1.43,540370,0
UXIN.US,60,20210408,210000,1.423,1.43,1.42,1.4209,123860,0
UXIN.US,60,20210408,220000,1.4207,1.43,1.35,1.36,1329231,0
UXIN.US,60,20210409,160000,1.37,1.4,1.335,1.363,1370561,0
UXIN.US,60,20210409,170000,1.36,1.4,1.32,1.3783,1696819,0
UXIN.US,60,20210409,180000,1.3795,1.45,1.36,1.445,847443,0
UXIN.US,60,20210409,190000,1.4401,1.45,1.4,1.4099,453998,0
UXIN.US,60,20210409,200000,1.4099,1.41,1.38,1.385,245680,0
UXIN.US,60,20210409,210000,1.38,1.4,1.35,1.39,778163,0
UXIN.US,60,20210409,220000,1.39,1.41,1.38,1.4,869622,0
UXIN.US,60,20210412,160000,1.37,1.4,1.31,1.318,678676,0
UXIN.US,60,20210412,170000,1.311,1.355,1.28,1.31,1132518,0
UXIN.US,60,20210412,180000,1.32,1.34,1.3,1.3131,816824,0
UXIN.US,60,20210412,190000,1.3134,1.32,1.29,1.3,362873,0
UXIN.US,60,20210412,200000,1.305,1.32,1.29,1.31,338682,0
UXIN.US,60,20210412,210000,1.3,1.31,1.26,1.265,711080,0
UXIN.US,60,20210412,220000,1.265,1.27,1.25,1.26,635664,0
UXIN.US,60,20210413,160000,1.26,1.35,1.26,1.3288,715437,0
UXIN.US,60,20210413,170000,1.325,1.33,1.28,1.3127,634487,0
UXIN.US,60,20210413,180000,1.315,1.32,1.25,1.2601,678713,0
UXIN.US,60,20210413,190000,1.2636,1.29,1.26,1.2612,384492,0
UXIN.US,60,20210413,200000,1.26,1.27,1.26,1.265,197029,0
UXIN.US,60,20210413,210000,1.265,1.27,1.25,1.255,269483,0
UXIN.US,60,20210413,220000,1.255,1.26,1.25,1.26,460995,0
UXIN.US,60,20210414,160000,1.25,1.27,1.21,1.23,1148873,0
UXIN.US,60,20210414,170000,1.23,1.25,1.23,1.24,343053,0
UXIN.US,60,20210414,180000,1.2475,1.3179,1.24,1.28,1012227,0
UXIN.US,60,20210414,190000,1.2806,1.29,1.26,1.2718,208712,0
UXIN.US,60,20210414,200000,1.28,1.28,1.25,1.25,387645,0
UXIN.US,60,20210414,210000,1.255,1.26,1.23,1.24,290665,0
UXIN.US,60,20210414,220000,1.245,1.25,1.23,1.24,786800,0
UXIN.US,60,20210415,160000,1.24,1.26,1.22,1.225,297941,0
UXIN.US,60,20210415,170000,1.2224,1.24,1.22,1.2268,502822,0
UXIN.US,60,20210415,180000,1.225,1.26,1.215,1.25,458134,0
UXIN.US,60,20210415,190000,1.2431,1.25,1.22,1.2276,909064,0
UXIN.US,60,20210415,200000,1.22,1.23,1.2,1.209,766835,0
UXIN.US,60,20210415,210000,1.2078,1.21,1.2,1.2,218754,0
UXIN.US,60,20210415,220000,1.2,1.23,1.19,1.23,704816,0
UXIN.US,60,20210416,160000,1.22,1.3299,1.19,1.2201,3500441,0
UXIN.US,60,20210416,170000,1.23,1.265,1.22,1.22,905214,0
UXIN.US,60,20210416,180000,1.225,1.34,1.21,1.3183,1098933,0
UXIN.US,60,20210416,190000,1.315,1.36,1.3,1.315,1309283,0
UXIN.US,60,20210416,200000,1.3183,1.3399,1.31,1.315,486143,0
UXIN.US,60,20210416,210000,1.3185,1.32,1.28,1.285,370738,0
UXIN.US,60,20210416,220000,1.285,1.32,1.28,1.31,624970,0
UXIN.US,60,20210419,160000,1.34,1.34,1.25,1.26,985689,0
UXIN.US,60,20210419,170000,1.2589,1.27,1.21,1.24,1115182,0
UXIN.US,60,20210419,180000,1.24,1.27,1.24,1.265,1127893,0
UXIN.US,60,20210419,190000,1.2601,1.28,1.24,1.2435,484237,0
UXIN.US,60,20210419,200000,1.2426,1.25,1.23,1.23,503986,0
UXIN.US,60,20210419,210000,1.2399,1.255,1.22,1.23,336857,0
UXIN.US,60,20210419,220000,1.2301,1.24,1.2,1.22,753341,0
UXIN.US,60,20210420,160000,1.23,1.25,1.21,1.225,612713,0
UXIN.US,60,20210420,170000,1.229,1.24,1.2,1.22,476013,0
UXIN.US,60,20210420,180000,1.22,1.23,1.2,1.219,509975,0
UXIN.US,60,20210420,190000,1.22,1.22,1.21,1.2183,257548,0
UXIN.US,60,20210420,200000,1.215,1.22,1.21,1.215,351809,0
UXIN.US,60,20210420,210000,1.2166,1.22,1.19,1.1984,1385030,0
UXIN.US,60,20210420,220000,1.2,1.22,1.19,1.22,553101,0
UXIN.US,60,20210421,160000,1.33,1.435,1.28,1.405,5318079,0
UXIN.US,60,20210421,170000,1.405,1.46,1.29,1.315,7758243,0
UXIN.US,60,20210421,180000,1.32,1.33,1.25,1.3,3256350,0
UXIN.US,60,20210421,190000,1.295,1.3,1.25,1.2513,881162,0
UXIN.US,60,20210421,200000,1.252,1.28,1.24,1.245,656752,0
UXIN.US,60,20210421,210000,1.249,1.26,1.24,1.255,1766678,0
UXIN.US,60,20210421,220000,1.26,1.28,1.25,1.28,1379921,0
UXIN.US,60,20210422,160000,1.45,1.46,1.3,1.33,7149716,0
UXIN.US,60,20210422,170000,1.3278,1.4,1.31,1.37,6311218,0
UXIN.US,60,20210422,180000,1.37,1.4,1.33,1.35,2884156,0
UXIN.US,60,20210422,190000,1.3514,1.39,1.338,1.3802,2576830,0
UXIN.US,60,20210422,200000,1.38,1.39,1.32,1.321,2571821,0
UXIN.US,60,20210422,210000,1.32,1.35,1.315,1.335,1059996,0
UXIN.US,60,20210422,220000,1.3334,1.365,1.32,1.36,2989975,0
UXIN.US,60,20210423,160000,1.3296,1.44,1.32,1.41,2735847,0
UXIN.US,60,20210423,170000,1.409,1.53,1.39,1.49,7127025,0
UXIN.US,60,20210423,180000,1.49,1.72,1.49,1.6312,11761750,0
UXIN.US,60,20210423,190000,1.64,1.75,1.631,1.65,8385348,0
UXIN.US,60,20210423,200000,1.6509,1.75,1.65,1.6617,6439297,0
UXIN.US,60,20210423,210000,1.67,1.7,1.65,1.685,3092133,0
UXIN.US,60,20210423,220000,1.69,2.46,1.68,2.15,22243674,0
UXIN.US,60,20210426,160000,2,2.2699,1.89,1.9118,18369831,0
UXIN.US,60,20210426,170000,1.9116,1.95,1.83,1.8851,17911558,0
UXIN.US,60,20210426,180000,1.8814,1.98,1.88,1.9201,6554830,0
UXIN.US,60,20210426,190000,1.9277,2.06,1.925,2.025,8649556,0
UXIN.US,60,20210426,200000,2.0299,2.14,2.02,2.135,5074706,0
UXIN.US,60,20210426,210000,2.1382,2.17,2.035,2.0674,5167750,0
UXIN.US,60,20210426,220000,2.06,2.18,2.04,2.16,6764805,0
UXIN.US,60,20210427,160000,2.12,2.145,1.93,1.9924,5277098,0
UXIN.US,60,20210427,170000,1.9999,2.09,1.98,2.085,4740523,0
UXIN.US,60,20210427,180000,2.0806,2.1,2.02,2.0201,2804192,0
UXIN.US,60,20210427,190000,2.025,2.08,2.02,2.0689,1846658,0
UXIN.US,60,20210427,200000,2.07,2.07,2,2.025,2412762,0
UXIN.US,60,20210427,210000,2.02,2.03,2.0001,2.005,1211602,0
UXIN.US,60,20210427,220000,2.01,2.08,2.01,2.03,4720688,0
UXIN.US,60,20210428,160000,1.8839,2.1,1.88,2.085,8172350,0
UXIN.US,60,20210428,170000,2.085,2.75,2.085,2.5406,57995434,0
UXIN.US,60,20210428,180000,2.5413,2.65,2.38,2.5499,28460670,0
UXIN.US,60,20210428,190000,2.55,2.7,2.49,2.6699,20824754,0
UXIN.US,60,20210428,200000,2.6601,2.97,2.61,2.84,43623414,0
UXIN.US,60,20210428,210000,2.84,3.26,2.75,3.2212,49202466,0
UXIN.US,60,20210428,220000,3.2268,3.24,2.91,2.95,33242160,0
UXIN.US,60,20210429,160000,3.02,3.03,2.66,2.85,26548286,0
UXIN.US,60,20210429,170000,2.8483,3.39,2.82,2.91,44816250,0
UXIN.US,60,20210429,180000,2.91,3.04,2.8,2.8015,12753080,0
UXIN.US,60,20210429,190000,2.81,2.87,2.68,2.7789,11409326,0
UXIN.US,60,20210429,200000,2.779,2.85,2.68,2.7347,6679332,0
UXIN.US,60,20210429,210000,2.73,2.84,2.7,2.8301,3995728,0
UXIN.US,60,20210429,220000,2.835,2.9191,2.75,2.83,6922604,0
UXIN.US,60,20210430,160000,2.8,3.025,2.7,2.9298,8982426,0
UXIN.US,60,20210430,170000,2.9207,3.17,2.92,3.075,17146674,0
UXIN.US,60,20210430,180000,3.075,3.15,2.84,2.905,13215266,0
UXIN.US,60,20210430,190000,2.905,2.99,2.89,2.9411,3700848,0
UXIN.US,60,20210430,200000,2.94,3.05,2.94,2.955,4705190,0
UXIN.US,60,20210430,210000,2.95,3.08,2.95,3.041,3722130,0
UXIN.US,60,20210430,220000,3.0456,3.07,2.91,2.9999,5882072,0
UXIN.US,60,20210503,160000,3.05,3.29,2.91,3.25,3641626,0
UXIN.US,60,20210503,170000,3.2593,3.6,3.18,3.2025,18919360,0
UXIN.US,60,20210503,180000,3.2,3.23,3,3.1685,9348326,0
UXIN.US,60,20210503,190000,3.16,3.17,3.04,3.0408,2304848,0
UXIN.US,60,20210503,200000,3.0408,3.14,3.01,3.1,2114019,0
UXIN.US,60,20210503,210000,3.105,3.14,3.06,3.07,1192129,0
UXIN.US,60,20210503,220000,3.08,3.08,2.87,2.93,4230878,0
UXIN.US,60,20210504,160000,2.88,2.92,2.5,2.5,5403153,0
UXIN.US,60,20210504,170000,2.505,2.67,2.4,2.575,5524488,0
UXIN.US,60,20210504,180000,2.5711,2.61,2.43,2.49,1619164,0
UXIN.US,60,20210504,190000,2.49,2.59,2.48,2.5287,1047846,0
UXIN.US,60,20210504,200000,2.53,2.65,2.52,2.6385,995495,0
UXIN.US,60,20210504,210000,2.639,2.74,2.63,2.6674,1477606,0
UXIN.US,60,20210504,220000,2.6601,2.735,2.65,2.69,1426891,0
UXIN.US,60,20210505,160000,2.63,2.9,2.62,2.7899,2904287,0
UXIN.US,60,20210505,170000,2.785,2.9399,2.75,2.865,3402477,0
UXIN.US,60,20210505,180000,2.8601,2.865,2.75,2.78,1749396,0
UXIN.US,60,20210505,190000,2.78,2.78,2.655,2.675,2014604,0
UXIN.US,60,20210505,200000,2.6799,2.68,2.615,2.64,1038977,0
UXIN.US,60,20210505,210000,2.65,2.68,2.63,2.6345,481334,0
UXIN.US,60,20210505,220000,2.635,2.64,2.57,2.64,1256329,0
UXIN.US,60,20210506,160000,2.66,2.89,2.61,2.745,3263025,0
UXIN.US,60,20210506,170000,2.745,2.81,2.6201,2.775,2346205,0
UXIN.US,60,20210506,180000,2.78,2.83,2.71,2.785,1914171,0
UXIN.US,60,20210506,190000,2.785,2.81,2.745,2.78,846599,0
UXIN.US,60,20210506,200000,2.78,2.94,2.77,2.845,2834954,0
UXIN.US,60,20210506,210000,2.845,2.86,2.76,2.795,2135460,0
UXIN.US,60,20210506,220000,2.8,2.85,2.77,2.8,2616806,0
UXIN.US,60,20210507,160000,2.82,2.9599,2.81,2.825,2130492,0
UXIN.US,60,20210507,170000,2.825,2.9499,2.81,2.8401,1907337,0
UXIN.US,60,20210507,180000,2.841,2.85,2.72,2.78,1730810,0
UXIN.US,60,20210507,190000,2.78,2.78,2.7,2.73,601018,0
UXIN.US,60,20210507,200000,2.73,2.7799,2.7288,2.735,436120,0
UXIN.US,60,20210507,210000,2.732,2.88,2.71,2.8494,1387518,0
UXIN.US,60,20210507,220000,2.8401,2.87,2.8,2.83,1261920,0
UXIN.US,60,20210510,160000,2.83,2.89,2.68,2.71,1391868,0
UXIN.US,60,20210510,170000,2.7,2.7599,2.64,2.6697,1452938,0
UXIN.US,60,20210510,180000,2.67,2.76,2.63,2.75,848115,0
UXIN.US,60,20210510,190000,2.75,2.76,2.64,2.7114,954266,0
UXIN.US,60,20210510,200000,2.715,2.72,2.64,2.6889,507033,0
UXIN.US,60,20210510,210000,2.6818,2.69,2.61,2.65,502411,0
UXIN.US,60,20210510,220000,2.65,2.665,2.59,2.59,962192,0
UXIN.US,60,20210511,160000,2.42,2.8,2.32,2.8,2843179,0
UXIN.US,60,20210511,170000,2.79,2.98,2.5606,2.655,4173643,0
UXIN.US,60,20210511,180000,2.65,2.72,2.61,2.6183,1090825,0
UXIN.US,60,20210511,190000,2.62,2.64,2.53,2.549,932911,0
UXIN.US,60,20210511,200000,2.55,2.62,2.54,2.6,522352,0
UXIN.US,60,20210511,210000,2.5993,2.62,2.56,2.579,363871,0
UXIN.US,60,20210511,220000,2.5743,2.6,2.53,2.56,1036028,0
UXIN.US,60,20210512,160000,2.57,2.68,2.57,2.615,1389072,0
UXIN.US,60,20210512,170000,2.6181,2.66,2.545,2.58,993801,0
UXIN.US,60,20210512,180000,2.5728,2.6,2.53,2.5499,576462,0
UXIN.US,60,20210512,190000,2.5499,2.61,2.5301,2.5801,586124,0
UXIN.US,60,20210512,200000,2.585,2.62,2.54,2.555,465575,0
UXIN.US,60,20210512,210000,2.5501,2.59,2.53,2.55,370439,0
UXIN.US,60,20210512,220000,2.55,2.5999,2.54,2.59,882806,0
UXIN.US,60,20210513,160000,2.61,2.64,2.53,2.565,758107,0
UXIN.US,60,20210513,170000,2.57,2.79,2.565,2.69,1641463,0
UXIN.US,60,20210513,180000,2.695,2.83,2.585,2.5999,2209311,0
UXIN.US,60,20210513,190000,2.5999,2.62,2.54,2.5699,613823,0
UXIN.US,60,20210513,200000,2.5685,2.585,2.5,2.5312,747701,0
UXIN.US,60,20210513,210000,2.53,2.565,2.5,2.51,745270,0
UXIN.US,60,20210513,220000,2.52,2.5769,2.52,2.57,705923,0
UXIN.US,60,20210514,160000,2.5991,2.67,2.57,2.62,994967,0
UXIN.US,60,20210514,170000,2.6101,2.72,2.6,2.6686,1326976,0
UXIN.US,60,20210514,180000,2.67,2.74,2.65,2.69,1053296,0
UXIN.US,60,20210514,190000,2.685,2.69,2.64,2.66,338539,0
UXIN.US,60,20210514,200000,2.66,2.69,2.63,2.68,234529,0
UXIN.US,60,20210514,210000,2.68,2.77,2.68,2.72,878466,0
UXIN.US,60,20210514,220000,2.73,2.78,2.7,2.73,1066908,0
UXIN.US,60,20210517,160000,2.75,2.79,2.65,2.6873,641290,0
UXIN.US,60,20210517,170000,2.685,2.82,2.64,2.76,1472789,0
UXIN.US,60,20210517,180000,2.765,2.79,2.71,2.76,663813,0
UXIN.US,60,20210517,190000,2.75,2.82,2.7291,2.785,697885,0
UXIN.US,60,20210517,200000,2.79,2.81,2.755,2.785,186142,0
UXIN.US,60,20210517,210000,2.785,2.84,2.77,2.81,610388,0
UXIN.US,60,20210517,220000,2.81,2.84,2.79,2.82,1449275,0
UXIN.US,60,20210518,160000,2.84,2.8499,2.76,2.79,585592,0
UXIN.US,60,20210518,170000,2.8,2.98,2.765,2.96,1632633,0
UXIN.US,60,20210518,180000,2.96,3.07,2.9,3.0699,1522863,0
UXIN.US,60,20210518,190000,3.06,3.27,3.05,3.1786,2674311,0
UXIN.US,60,20210518,200000,3.1701,3.235,3.14,3.205,1665815,0
UXIN.US,60,20210518,210000,3.2078,3.22,3.105,3.16,1136232,0
UXIN.US,60,20210518,220000,3.16,3.25,3.15,3.18,1467202,0
UXIN.US,60,20210519,160000,3.01,3.2,2.95,3.15,1519654,0
UXIN.US,60,20210519,170000,3.15,3.32,3.08,3.2578,2474275,0
UXIN.US,60,20210519,180000,3.255,3.27,3.16,3.2,1229286,0
UXIN.US,60,20210519,190000,3.2,3.39,3.19,3.31,1641914,0
UXIN.US,60,20210519,200000,3.3097,3.36,3.26,3.3054,950360,0
UXIN.US,60,20210519,210000,3.29,3.32,3.22,3.27,777377,0
UXIN.US,60,20210519,220000,3.265,3.38,3.25,3.33,1391711,0
UXIN.US,60,20210520,160000,3.4,3.44,3.24,3.32,1130941,0
UXIN.US,60,20210520,170000,3.315,3.3908,3.18,3.37,1404554,0
UXIN.US,60,20210520,180000,3.37,3.5,3.37,3.38,1096444,0
UXIN.US,60,20210520,190000,3.388,3.398,3.3335,3.365,358352,0
UXIN.US,60,20210520,200000,3.365,3.365,3.305,3.3396,331890,0
UXIN.US,60,20210520,210000,3.331,3.36,3.29,3.325,320701,0
UXIN.US,60,20210520,220000,3.321,3.435,3.31,3.42,1102806,0
UXIN.US,60,20210521,160000,3.49,3.54,3.34,3.49,1120812,0
UXIN.US,60,20210521,170000,3.4997,3.58,3.44,3.49,1495255,0
UXIN.US,60,20210521,180000,3.485,3.56,3.46,3.485,783878,0
UXIN.US,60,20210521,190000,3.49,3.64,3.46,3.638,1192209,0
UXIN.US,60,20210521,200000,3.64,3.68,3.5899,3.635,1623704,0
UXIN.US,60,20210521,210000,3.639,3.64,3.53,3.57,648877,0
UXIN.US,60,20210521,220000,3.568,3.59,3.48,3.49,1733312,0
UXIN.US,60,20210524,160000,3.46,3.47,3.14,3.3199,2381525,0
UXIN.US,60,20210524,170000,3.3196,3.33,3.2,3.2501,1877960,0
UXIN.US,60,20210524,180000,3.26,3.26,3.17,3.22,1131105,0
UXIN.US,60,20210524,190000,3.225,3.29,3.22,3.2827,380800,0
UXIN.US,60,20210524,200000,3.29,3.33,3.26,3.3026,530390,0
UXIN.US,60,20210524,210000,3.31,3.33,3.3,3.321,233017,0
UXIN.US,60,20210524,220000,3.325,3.35,3.24,3.25,948367,0
UXIN.US,60,20210525,160000,3.3,3.3199,3.21,3.305,836621,0
UXIN.US,60,20210525,170000,3.31,3.35,3.22,3.335,943102,0
UXIN.US,60,20210525,180000,3.34,3.37,3.28,3.28,735618,0
UXIN.US,60,20210525,190000,3.28,3.35,3.255,3.32,422900,0
UXIN.US,60,20210525,200000,3.33,3.33,3.29,3.305,246728,0
UXIN.US,60,20210525,210000,3.305,3.305,3.26,3.265,228453,0
UXIN.US,60,20210525,220000,3.27,3.27,3.23,3.24,594335,0
UXIN.US,60,20210526,160000,3.24,3.25,3.11,3.23,1199639,0
UXIN.US,60,20210526,170000,3.235,3.35,3.215,3.32,770821,0
UXIN.US,60,20210526,180000,3.31,3.3199,3.25,3.31,328590,0
UXIN.US,60,20210526,190000,3.305,3.32,3.25,3.26,278918,0
UXIN.US,60,20210526,200000,3.26,3.3,3.245,3.26,235587,0
UXIN.US,60,20210526,210000,3.27,3.32,3.26,3.32,358816,0
UXIN.US,60,20210526,220000,3.315,3.335,3.25,3.28,756391,0
UXIN.US,60,20210527,160000,3.28,3.5,3.28,3.495,851378,0
UXIN.US,60,20210527,170000,3.4999,3.65,3.44,3.6,2489774,0
UXIN.US,60,20210527,180000,3.6,3.605,3.45,3.4515,1144099,0
UXIN.US,60,20210527,190000,3.4599,3.615,3.44,3.585,564426,0
UXIN.US,60,20210527,200000,3.58,3.7759,3.56,3.765,1652569,0
UXIN.US,60,20210527,210000,3.77,3.825,3.68,3.78,1499722,0
UXIN.US,60,20210527,220000,3.77,3.815,3.74,3.8,2117897,0
UXIN.US,60,20210528,160000,3.792,4.15,3.75,4.064,2845900,0
UXIN.US,60,20210528,170000,4.065,4.15,3.9,3.945,2224921,0
UXIN.US,60,20210528,180000,3.95,4.06,3.95,4.04,777730,0
UXIN.US,60,20210528,190000,4.03,4.04,3.83,3.8688,1079385,0
UXIN.US,60,20210528,200000,3.86,3.89,3.83,3.85,560327,0
UXIN.US,60,20210528,210000,3.8474,3.86,3.79,3.83,492479,0
UXIN.US,60,20210528,220000,3.8246,3.83,3.65,3.7,1616156,0
UXIN.US,60,20210601,160000,3.92,4,3.8307,3.961,805635,0
UXIN.US,60,20210601,170000,3.96,4.36,3.96,4.315,3426922,0
UXIN.US,60,20210601,180000,4.32,4.33,4.18,4.18,1774918,0
UXIN.US,60,20210601,190000,4.18,4.47,4.175,4.468,1313383,0
UXIN.US,60,20210601,200000,4.46,4.865,4.46,4.59,4002211,0
UXIN.US,60,20210601,210000,4.59,4.62,4.51,4.5879,868250,0
UXIN.US,60,20210601,220000,4.585,4.61,4.46,4.54,1155985,0
UXIN.US,60,20210602,160000,4.72,4.78,4.31,4.33,1898562,0
UXIN.US,60,20210602,170000,4.3394,4.45,4.26,4.448,1330565,0
UXIN.US,60,20210602,180000,4.44,4.5,4.37,4.437,704944,0
UXIN.US,60,20210602,190000,4.4373,4.45,4.3,4.36,712392,0
UXIN.US,60,20210602,200000,4.359,4.36,4.22,4.265,819639,0
UXIN.US,60,20210602,210000,4.26,4.34,4.26,4.31,325444,0
UXIN.US,60,20210602,220000,4.3,4.37,4.29,4.37,920151,0
UXIN.US,60,20210603,160000,4.25,4.33,4.05,4.2,951152,0
UXIN.US,60,20210603,170000,4.2,4.24,4.1121,4.155,1166720,0
UXIN.US,60,20210603,180000,4.155,4.18,4.02,4.1797,854348,0
UXIN.US,60,20210603,190000,4.18,4.32,4.18,4.3,659781,0
UXIN.US,60,20210603,200000,4.305,4.37,4.24,4.35,410833,0
UXIN.US,60,20210603,210000,4.345,4.37,4.205,4.23,383454,0
UXIN.US,60,20210603,220000,4.23,4.27,4.16,4.16,744683,0
UXIN.US,60,20210604,160000,4.17,4.44,4.16,4.34,729696,0
UXIN.US,60,20210604,170000,4.35,4.36,4.2,4.21,584710,0
UXIN.US,60,20210604,180000,4.21,4.3,4.19,4.2792,448872,0
UXIN.US,60,20210604,190000,4.275,4.38,4.27,4.33,257045,0
UXIN.US,60,20210604,200000,4.335,4.45,4.32,4.42,408188,0
UXIN.US,60,20210604,210000,4.42,4.43,4.38,4.4118,274228,0
UXIN.US,60,20210604,220000,4.4101,4.42,4.31,4.34,691903,0
UXIN.US,60,20210607,160000,4.41,4.96,4.41,4.94,2433146,0
UXIN.US,60,20210607,170000,4.945,5.06,4.79,4.8594,3383191,0
UXIN.US,60,20210607,180000,4.86,5.04,4.845,4.97,1209243,0
UXIN.US,60,20210607,190000,4.97,4.97,4.835,4.91,616993,0
UXIN.US,60,20210607,200000,4.9,4.95,4.845,4.855,372194,0
UXIN.US,60,20210607,210000,4.85,4.88,4.735,4.78,330318,0
UXIN.US,60,20210607,220000,4.7868,4.83,4.745,4.8,362764,0
UXIN.US,60,20210608,160000,5.0153,5.2299,4.962,5.17,1954662,0
UXIN.US,60,20210608,170000,5.1794,5.33,5.12,5.17,1579402,0
UXIN.US,60,20210608,180000,5.165,5.17,4.56,4.76,3076188,0
UXIN.US,60,20210608,190000,4.76,4.765,4.46,4.46,1683351,0
UXIN.US,60,20210608,200000,4.4699,4.53,4.44,4.47,1072272,0
UXIN.US,60,20210608,210000,4.47,4.55,4.36,4.41,1051977,0
UXIN.US,60,20210608,220000,4.42,4.61,4.37,4.56,1330119,0
UXIN.US,60,20210609,160000,4.63,4.89,4.57,4.595,1348278,0
UXIN.US,60,20210609,170000,4.595,4.64,4.43,4.51,1238378,0
UXIN.US,60,20210609,180000,4.515,4.59,4.5,4.5399,319250,0
UXIN.US,60,20210609,190000,4.5373,4.64,4.53,4.629,226466,0
UXIN.US,60,20210609,200000,4.62,4.63,4.55,4.56,252070,0
UXIN.US,60,20210609,210000,4.57,4.65,4.555,4.64,161847,0
UXIN.US,60,20210609,220000,4.64,4.645,4.5,4.55,422360,0
UXIN.US,60,20210610,160000,4.59,4.88,4.52,4.8148,1520053,0
UXIN.US,60,20210610,170000,4.82,4.93,4.66,4.73,1574810,0
UXIN.US,60,20210610,180000,4.735,4.78,4.68,4.745,451840,0
UXIN.US,60,20210610,190000,4.7487,4.8,4.67,4.785,291963,0
UXIN.US,60,20210610,200000,4.785,4.87,4.765,4.835,537106,0
UXIN.US,60,20210610,210000,4.84,4.97,4.83,4.955,682347,0
UXIN.US,60,20210610,220000,4.9511,4.96,4.86,4.88,656155,0
UXIN.US,60,20210611,160000,4.94,5.14,4.91,4.955,1159682,0
UXIN.US,60,20210611,170000,4.9584,5,4.7406,4.845,866248,0
UXIN.US,60,20210611,180000,4.85,4.95,4.75,4.92,888278,0
UXIN.US,60,20210611,190000,4.93,5.04,4.93,4.985,446236,0
UXIN.US,60,20210611,200000,4.985,5.09,4.95,5.09,397567,0
UXIN.US,60,20210611,210000,5.09,5.155,5.06,5.13,448644,0
UXIN.US,60,20210611,220000,5.1218,5.15,5.07,5.09,632198,0
UXIN.US,60,20210614,160000,5.158,5.47,5.1351,5.3009,2400323,0
UXIN.US,60,20210614,170000,5.3027,5.39,5.19,5.3,973419,0
UXIN.US,60,20210614,180000,5.3,5.37,5.23,5.295,490988,0
UXIN.US,60,20210614,190000,5.3,5.3,5.11,5.18,737544,0
UXIN.US,60,20210614,200000,5.185,5.22,5.13,5.15,226495,0
UXIN.US,60,20210614,210000,5.1505,5.18,5.11,5.155,282559,0
UXIN.US,60,20210614,220000,5.15,5.21,5.12,5.18,502418,0
UXIN.US,60,20210615,160000,5.82,5.82,4.6,4.7981,10430348,0
UXIN.US,60,20210615,170000,4.8,4.8,4.05,4.353,11281933,0
UXIN.US,60,20210615,180000,4.3501,4.66,4.34,4.4499,4732487,0
UXIN.US,60,20210615,190000,4.445,4.56,4.4101,4.452,1516991,0
UXIN.US,60,20210615,200000,4.45,4.51,4.33,4.4001,1138510,0
UXIN.US,60,20210615,210000,4.4001,4.52,4.34,4.51,727552,0
UXIN.US,60,20210615,220000,4.505,4.53,4.46,4.51,1374815,0
UXIN.US,60,20210616,160000,4.3,4.41,4.03,4.085,2570682,0
UXIN.US,60,20210616,170000,4.0801,4.12,3.8,4.0199,5976523,0
UXIN.US,60,20210616,180000,4.011,4.04,3.83,3.94,2525550,0
UXIN.US,60,20210616,190000,3.935,3.95,3.84,3.943,1630097,0
UXIN.US,60,20210616,200000,3.9427,3.945,3.84,3.845,1055321,0
UXIN.US,60,20210616,210000,3.85,3.87,3.72,3.7801,2147130,0
UXIN.US,60,20210616,220000,3.78,3.95,3.75,3.94,1568850,0
UXIN.US,60,20210617,160000,3.79,4.16,3.78,4.1112,2012234,0
UXIN.US,60,20210617,170000,4.12,4.27,3.99,4.265,2600155,0
UXIN.US,60,20210617,180000,4.27,4.45,4.16,4.235,3072862,0
UXIN.US,60,20210617,190000,4.24,4.27,4.06,4.1606,1051038,0
UXIN.US,60,20210617,200000,4.17,4.19,4.045,4.0617,441611,0
UXIN.US,60,20210617,210000,4.06,4.11,4.0223,4.0865,513751,0
UXIN.US,60,20210617,220000,4.0899,4.1,3.96,4.01,1329537,0
UXIN.US,60,20210618,160000,4.0115,4.11,3.92,3.9799,895508,0
UXIN.US,60,20210618,170000,3.9787,4.01,3.86,3.9799,1060068,0
UXIN.US,60,20210618,180000,3.9714,3.99,3.88,3.9,429529,0
UXIN.US,60,20210618,190000,3.9,3.91,3.84,3.885,403791,0
UXIN.US,60,20210618,200000,3.885,3.885,3.825,3.835,524863,0
UXIN.US,60,20210618,210000,3.835,3.87,3.77,3.7798,569616,0
UXIN.US,60,20210618,220000,3.78,3.85,3.76,3.83,1023562,0
UXIN.US,60,20210621,160000,3.83,3.84,3.7,3.7595,962250,0
UXIN.US,60,20210621,170000,3.7645,3.89,3.68,3.6875,947425,0
UXIN.US,60,20210621,180000,3.69,3.7472,3.655,3.7,503940,0
UXIN.US,60,20210621,190000,3.71,3.8,3.69,3.79,427437,0
UXIN.US,60,20210621,200000,3.785,3.79,3.705,3.73,282690,0
UXIN.US,60,20210621,210000,3.725,3.79,3.71,3.7872,230713,0
UXIN.US,60,20210621,220000,3.785,3.8,3.74,3.79,521744,0
UXIN.US,60,20210622,160000,3.74,3.75,3.4723,3.56,1261753,0
UXIN.US,60,20210622,170000,3.555,3.59,3.43,3.43,1322928,0
UXIN.US,60,20210622,180000,3.432,3.48,3.402,3.4601,914532,0
UXIN.US,60,20210622,190000,3.4601,3.51,3.46,3.4974,447048,0
UXIN.US,60,20210622,200000,3.4979,3.52,3.48,3.4975,290005,0
UXIN.US,60,20210622,210000,3.4901,3.51,3.48,3.505,180391,0
UXIN.US,60,20210622,220000,3.505,3.52,3.47,3.48,592682,0
UXIN.US,60,20210623,160000,3.6072,3.71,3.47,3.6901,1148323,0
UXIN.US,60,20210623,170000,3.6999,3.88,3.67,3.7525,1749083,0
UXIN.US,60,20210623,180000,3.76,3.8,3.7,3.785,621917,0
UXIN.US,60,20210623,190000,3.785,3.83,3.74,3.7472,413479,0
UXIN.US,60,20210623,200000,3.7435,3.8,3.74,3.795,170029,0
UXIN.US,60,20210623,210000,3.795,3.8,3.74,3.755,188998,0
UXIN.US,60,20210623,220000,3.755,3.79,3.74,3.74,432774,0
UXIN.US,60,20210624,160000,3.96,4.02,3.8,3.94,1152890,0
UXIN.US,60,20210624,170000,3.9363,4.2,3.93,4.19,3025491,0
UXIN.US,60,20210624,180000,4.195,4.27,4.12,4.153,2429651,0
UXIN.US,60,20210624,190000,4.157,4.19,4.12,4.12,572993,0
UXIN.US,60,20210624,200000,4.12,4.135,4.06,4.075,639992,0
UXIN.US,60,20210624,210000,4.077,4.18,4.065,4.1768,312635,0
UXIN.US,60,20210624,220000,4.175,4.19,4.1,4.11,1004679,0
UXIN.US,60,20210625,160000,4.055,4.32,4,4.095,1583411,0
UXIN.US,60,20210625,170000,4.095,4.18,4.03,4.11,1024194,0
UXIN.US,60,20210625,180000,4.105,4.15,4.07,4.08,382150,0
UXIN.US,60,20210625,190000,4.09,4.13,4.0828,4.13,293945,0
UXIN.US,60,20210625,200000,4.13,4.13,4.09,4.095,182954,0
UXIN.US,60,20210625,210000,4.095,4.1,4.04,4.09,401057,0
UXIN.US,60,20210625,220000,4.09,4.15,4.09,4.15,645514,0
UXIN.US,60,20210628,160000,4.22,4.23,4.1,4.19,428146,0
UXIN.US,60,20210628,170000,4.19,4.215,4.115,4.1302,518973,0
UXIN.US,60,20210628,180000,4.1282,4.18,4.1,4.145,342542,0
UXIN.US,60,20210628,190000,4.14,4.185,4.1,4.1734,300398,0
UXIN.US,60,20210628,200000,4.17,4.18,4.12,4.155,136793,0
UXIN.US,60,20210628,210000,4.1525,4.19,4.15,4.1781,174039,0
UXIN.US,60,20210628,220000,4.1764,4.21,4.16,4.19,536182,0
UXIN.US,60,20210629,160000,4.16,4.19,3.96,4.0384,845347,0
UXIN.US,60,20210629,170000,4.035,4.04,3.82,3.9,1612765,0
UXIN.US,60,20210629,180000,3.905,3.96,3.86,3.8899,625835,0
UXIN.US,60,20210629,190000,3.885,3.94,3.88,3.905,382614,0
UXIN.US,60,20210629,200000,3.905,3.91,3.86,3.885,429308,0
UXIN.US,60,20210629,210000,3.8876,3.8899,3.77,3.7801,798346,0
UXIN.US,60,20210629,220000,3.79,3.85,3.75,3.83,937340,0
UXIN.US,60,20210630,160000,3.86,3.93,3.73,3.9005,527460,0
UXIN.US,60,20210630,170000,3.905,3.91,3.775,3.7827,619933,0
UXIN.US,60,20210630,180000,3.785,3.81,3.75,3.775,488569,0
UXIN.US,60,20210630,190000,3.77,3.855,3.77,3.785,390163,0
UXIN.US,60,20210630,200000,3.785,3.88,3.78,3.855,341616,0
UXIN.US,60,20210630,210000,3.8501,3.875,3.81,3.815,251050,0
UXIN.US,60,20210630,220000,3.82,3.86,3.79,3.84,856317,0
UXIN.US,60,20210701,160000,3.85,3.86,3.71,3.75,521632,0
UXIN.US,60,20210701,170000,3.755,3.94,3.73,3.8301,640256,0
UXIN.US,60,20210701,180000,3.835,3.84,3.71,3.76,707924,0
UXIN.US,60,20210701,190000,3.755,3.77,3.705,3.715,227008,0
UXIN.US,60,20210701,200000,3.7101,3.8,3.64,3.75,907999,0
UXIN.US,60,20210701,210000,3.745,3.75,3.71,3.725,253586,0
UXIN.US,60,20210701,220000,3.725,3.82,3.72,3.8,578604,0
UXIN.US,60,20210702,160000,3.75,3.7699,3.62,3.6321,581844,0
UXIN.US,60,20210702,170000,3.6372,3.66,3.5142,3.575,1271647,0
UXIN.US,60,20210702,180000,3.58,3.65,3.57,3.6066,445595,0
UXIN.US,60,20210702,190000,3.6023,3.63,3.585,3.62,280703,0
UXIN.US,60,20210702,200000,3.61,3.6469,3.61,3.645,98342,0
UXIN.US,60,20210702,210000,3.6422,3.68,3.63,3.675,119912,0
UXIN.US,60,20210702,220000,3.6775,3.68,3.65,3.67,416223,0
UXIN.US,60,20210706,160000,3.61,3.75,3.38,3.41,1776406,0
UXIN.US,60,20210706,170000,3.4075,3.56,3.39,3.54,585880,0
UXIN.US,60,20210706,180000,3.53,3.57,3.44,3.48,487795,0
UXIN.US,60,20210706,190000,3.485,3.51,3.4,3.43,705042,0
UXIN.US,60,20210706,200000,3.43,3.49,3.42,3.465,319479,0
UXIN.US,60,20210706,210000,3.465,3.49,3.45,3.485,224054,0
UXIN.US,60,20210706,220000,3.48,3.535,3.48,3.52,439187,0
UXIN.US,60,20210707,160000,3.58,3.67,3.5,3.52,472055,0
UXIN.US,60,20210707,170000,3.51,3.51,3.2,3.2798,1681502,0
UXIN.US,60,20210707,180000,3.27,3.4078,3.25,3.365,600429,0
UXIN.US,60,20210707,190000,3.365,3.41,3.35,3.3888,226600,0
UXIN.US,60,20210707,200000,3.3801,3.3972,3.335,3.345,165297,0
UXIN.US,60,20210707,210000,3.345,3.38,3.31,3.325,213530,0
UXIN.US,60,20210707,220000,3.32,3.36,3.31,3.31,485206,0
UXIN.US,60,20210708,160000,3.11,3.26,3.07,3.245,1165424,0
UXIN.US,60,20210708,170000,3.248,3.42,3.22,3.395,872706,0
UXIN.US,60,20210708,180000,3.395,3.485,3.39,3.4799,463105,0
UXIN.US,60,20210708,190000,3.4793,3.5935,3.47,3.49,823477,0
UXIN.US,60,20210708,200000,3.498,3.53,3.46,3.495,243349,0
UXIN.US,60,20210708,210000,3.495,3.52,3.47,3.4928,168883,0
UXIN.US,60,20210708,220000,3.4981,3.5,3.44,3.47,386641,0
UXIN.US,60,20210709,160000,3.51,3.52,3.38,3.4878,318515,0
UXIN.US,60,20210709,170000,3.48,3.54,3.45,3.534,301138,0
UXIN.US,60,20210709,180000,3.53,3.53,3.4323,3.4852,429174,0
UXIN.US,60,20210709,190000,3.485,3.52,3.48,3.505,81157,0
UXIN.US,60,20210709,200000,3.505,3.51,3.44,3.45,129353,0
UXIN.US,60,20210709,210000,3.4469,3.48,3.43,3.46,148309,0
UXIN.US,60,20210709,220000,3.465,3.48,3.45,3.46,257562,0
