<TICKER>,<PER>,<DATE>,<TIME>,<OPEN>,<HIGH>,<LOW>,<CLOSE>,<VOL>,<OPENINT>
EWG.US,60,20200914,160000,30.352,30.362,30.232,30.322,197304,0
EWG.US,60,20200914,170000,30.332,30.362,30.237,30.262,542742,0
EWG.US,60,20200914,180000,30.252,30.352,30.232,30.262,318617,0
EWG.US,60,20200914,190000,30.262,30.272,30.222,30.242,271838,0
EWG.US,60,20200914,200000,30.252,30.262,30.143,30.212,1000412,0
EWG.US,60,20200914,210000,30.212,30.252,30.183,30.232,845175,0
EWG.US,60,20200914,220000,30.222,30.282,30.183,30.212,831264,0
EWG.US,60,20200915,160000,30.412,30.412,30.312,30.332,362278,0
EWG.US,60,20200915,170000,30.332,30.332,30.222,30.282,346267,0
EWG.US,60,20200915,180000,30.282,30.317,30.242,30.262,140069,0
EWG.US,60,20200915,190000,30.262,30.292,30.252,30.285,84060,0
EWG.US,60,20200915,200000,30.287,30.302,30.252,30.252,1455954,0
EWG.US,60,20200915,210000,30.252,30.262,30.203,30.252,210344,0
EWG.US,60,20200915,220000,30.262,30.272,30.173,30.262,443685,0
EWG.US,60,20200916,160000,30.332,30.342,30.252,30.272,138623,0
EWG.US,60,20200916,170000,30.272,30.292,30.203,30.232,386313,0
EWG.US,60,20200916,180000,30.232,30.372,30.232,30.312,231432,0
EWG.US,60,20200916,190000,30.317,30.332,30.262,30.262,196991,0
EWG.US,60,20200916,200000,30.272,30.302,30.214,30.302,222122,0
EWG.US,60,20200916,210000,30.302,30.392,30.203,30.232,312751,0
EWG.US,60,20200916,220000,30.232,30.282,30.088,30.143,879732,0
EWG.US,60,20200917,160000,30.013,30.158,30.003,30.133,470461,0
EWG.US,60,20200917,170000,30.143,30.247,30.113,30.203,747087,0
EWG.US,60,20200917,180000,30.212,30.307,30.173,30.173,486339,0
EWG.US,60,20200917,190000,30.173,30.222,30.103,30.212,571544,0
EWG.US,60,20200917,200000,30.212,30.277,30.198,30.252,785262,0
EWG.US,60,20200917,210000,30.252,30.322,30.232,30.282,457279,0
EWG.US,60,20200917,220000,30.282,30.352,30.222,30.322,1041593,0
EWG.US,60,20200918,160000,30.262,30.282,30.173,30.212,375428,0
EWG.US,60,20200918,170000,30.212,30.267,30.193,30.208,927905,0
EWG.US,60,20200918,180000,30.212,30.272,30.148,30.222,849231,0
EWG.US,60,20200918,190000,30.222,30.247,30.133,30.163,400547,0
EWG.US,60,20200918,200000,30.163,30.173,29.993,30.133,718650,0
EWG.US,60,20200918,210000,30.123,30.173,30.093,30.173,1293493,0
EWG.US,60,20200918,220000,30.183,30.208,30.123,30.133,905136,0
EWG.US,60,20200921,160000,29.008,29.008,28.739,28.849,697490,0
EWG.US,60,20200921,170000,28.839,28.869,28.49,28.63,1106286,0
EWG.US,60,20200921,180000,28.63,28.727,28.485,28.66,1657296,0
EWG.US,60,20200921,190000,28.655,28.729,28.59,28.6,888745,0
EWG.US,60,20200921,200000,28.61,28.769,28.575,28.754,370923,0
EWG.US,60,20200921,210000,28.749,28.769,28.655,28.749,1045183,0
EWG.US,60,20200921,220000,28.749,28.898,28.749,28.879,1664991,0
EWG.US,60,20200922,160000,28.913,28.958,28.754,28.769,472292,0
EWG.US,60,20200922,170000,28.779,28.918,28.679,28.679,1010534,0
EWG.US,60,20200922,180000,28.679,28.769,28.57,28.66,3185817,0
EWG.US,60,20200922,190000,28.66,28.699,28.55,28.59,452124,0
EWG.US,60,20200922,200000,28.59,28.744,28.58,28.729,199714,0
EWG.US,60,20200922,210000,28.729,28.789,28.719,28.719,800730,0
EWG.US,60,20200922,220000,28.709,28.849,28.704,28.839,755293,0
EWG.US,60,20200923,160000,28.948,28.948,28.819,28.849,634224,0
EWG.US,60,20200923,170000,28.844,28.859,28.66,28.764,929212,0
EWG.US,60,20200923,180000,28.764,28.819,28.591,28.61,532673,0
EWG.US,60,20200923,190000,28.6,28.729,28.58,28.709,270105,0
EWG.US,60,20200923,200000,28.709,28.709,28.6,28.62,381355,0
EWG.US,60,20200923,210000,28.61,28.61,28.416,28.426,946153,0
EWG.US,60,20200923,220000,28.431,28.451,28.356,28.411,2877516,0
EWG.US,60,20200924,160000,28.51,28.56,28.341,28.53,448538,0
EWG.US,60,20200924,170000,28.53,28.63,28.331,28.431,1290621,0
EWG.US,60,20200924,180000,28.431,28.62,28.361,28.61,998597,0
EWG.US,60,20200924,190000,28.61,28.655,28.55,28.655,218942,0
EWG.US,60,20200924,200000,28.65,28.799,28.65,28.749,529911,0
EWG.US,60,20200924,210000,28.749,28.769,28.55,28.55,226511,0
EWG.US,60,20200924,220000,28.56,28.66,28.48,28.6,1301810,0
EWG.US,60,20200925,160000,28.013,28.097,27.983,28.082,984780,0
EWG.US,60,20200925,170000,28.092,28.152,27.918,28.092,1667141,0
EWG.US,60,20200925,180000,28.102,28.172,28.042,28.082,1032298,0
EWG.US,60,20200925,190000,28.082,28.182,28.072,28.172,346282,0
EWG.US,60,20200925,200000,28.162,28.271,28.162,28.271,533213,0
EWG.US,60,20200925,210000,28.271,28.356,28.271,28.346,565195,0
EWG.US,60,20200925,220000,28.351,28.451,28.351,28.431,1983201,0
EWG.US,60,20200928,160000,29.048,29.108,29.008,29.048,293981,0
EWG.US,60,20200928,170000,29.058,29.127,29.008,29.023,713913,0
EWG.US,60,20200928,180000,29.028,29.141,29.008,29.078,721600,0
EWG.US,60,20200928,190000,29.088,29.088,29.018,29.084,339630,0
EWG.US,60,20200928,200000,29.078,29.137,29.038,29.117,173543,0
EWG.US,60,20200928,210000,29.127,29.147,29.098,29.117,367524,0
EWG.US,60,20200928,220000,29.108,29.147,29.05,29.137,1505546,0
EWG.US,60,20200929,160000,29.157,29.267,29.157,29.202,453897,0
EWG.US,60,20200929,170000,29.207,29.312,29.117,29.157,1303086,0
EWG.US,60,20200929,180000,29.157,29.257,29.063,29.116,1181873,0
EWG.US,60,20200929,190000,29.108,29.227,29.053,29.207,855709,0
EWG.US,60,20200929,200000,29.197,29.247,29.127,29.237,233347,0
EWG.US,60,20200929,210000,29.237,29.277,29.217,29.217,1312568,0
EWG.US,60,20200929,220000,29.217,29.267,29.207,29.237,1418004,0
EWG.US,60,20200930,160000,29.117,29.207,29.108,29.187,481875,0
EWG.US,60,20200930,170000,29.197,29.317,29.187,29.257,1686641,0
EWG.US,60,20200930,180000,29.247,29.277,29.078,29.122,2282862,0
EWG.US,60,20200930,190000,29.127,29.187,29.098,29.167,623583,0
EWG.US,60,20200930,200000,29.157,29.157,29.058,29.127,438628,0
EWG.US,60,20200930,210000,29.137,29.187,28.983,29.058,1662627,0
EWG.US,60,20200930,220000,29.048,29.117,28.908,28.998,2716323,0
EWG.US,60,20201001,160000,29.157,29.207,29.088,29.098,969678,0
EWG.US,60,20201001,170000,29.108,29.147,28.968,29.108,1252638,0
EWG.US,60,20201001,180000,29.108,29.167,29.078,29.147,1677187,0
EWG.US,60,20201001,190000,29.137,29.167,29.058,29.147,385147,0
EWG.US,60,20201001,200000,29.147,29.187,29.068,29.078,519023,0
EWG.US,60,20201001,210000,29.078,29.147,29.023,29.137,992703,0
EWG.US,60,20201001,220000,29.147,29.202,29.058,29.187,1636583,0
EWG.US,60,20201002,160000,28.699,28.898,28.699,28.829,602060,0
EWG.US,60,20201002,170000,28.829,28.928,28.799,28.839,970813,0
EWG.US,60,20201002,180000,28.839,28.978,28.819,28.879,1678794,0
EWG.US,60,20201002,190000,28.869,29.088,28.839,29.058,1107399,0
EWG.US,60,20201002,200000,29.058,29.078,28.973,28.998,249780,0
EWG.US,60,20201002,210000,28.998,29.068,28.998,29.043,250517,0
EWG.US,60,20201002,220000,29.043,29.078,28.978,29.038,1002592,0
EWG.US,60,20201005,160000,29.346,29.451,29.346,29.401,434270,0
EWG.US,60,20201005,170000,29.406,29.496,29.391,29.491,379362,0
EWG.US,60,20201005,180000,29.496,29.526,29.461,29.486,430094,0
EWG.US,60,20201005,190000,29.496,29.526,29.476,29.506,464756,0
EWG.US,60,20201005,200000,29.506,29.506,29.451,29.456,86990,0
EWG.US,60,20201005,210000,29.456,29.511,29.436,29.511,173806,0
EWG.US,60,20201005,220000,29.516,29.645,29.496,29.645,1538322,0
EWG.US,60,20201006,160000,29.774,29.774,29.635,29.65,609910,0
EWG.US,60,20201006,170000,29.65,29.735,29.615,29.645,733016,0
EWG.US,60,20201006,180000,29.64,29.675,29.547,29.555,509871,0
EWG.US,60,20201006,190000,29.555,29.674,29.555,29.66,187025,0
EWG.US,60,20201006,200000,29.655,29.685,29.635,29.665,198310,0
EWG.US,60,20201006,210000,29.665,29.765,29.287,29.426,1481939,0
EWG.US,60,20201006,220000,29.406,29.451,29.237,29.327,1643783,0
EWG.US,60,20201007,160000,29.466,29.536,29.446,29.476,678312,0
EWG.US,60,20201007,170000,29.476,29.535,29.436,29.526,822257,0
EWG.US,60,20201007,180000,29.526,29.605,29.516,29.575,514726,0
EWG.US,60,20201007,190000,29.575,29.595,29.516,29.585,214736,0
EWG.US,60,20201007,200000,29.58,29.635,29.56,29.585,177599,0
EWG.US,60,20201007,210000,29.595,29.65,29.575,29.635,728015,0
EWG.US,60,20201007,220000,29.635,29.665,29.585,29.595,460511,0
EWG.US,60,20201008,160000,29.824,29.854,29.784,29.854,234535,0
EWG.US,60,20201008,170000,29.864,29.919,29.804,29.859,1220146,0
EWG.US,60,20201008,180000,29.864,29.894,29.784,29.839,1047897,0
EWG.US,60,20201008,190000,29.844,29.894,29.834,29.884,337544,0
EWG.US,60,20201008,200000,29.894,29.894,29.864,29.874,124075,0
EWG.US,60,20201008,210000,29.864,29.909,29.854,29.904,227750,0
EWG.US,60,20201008,220000,29.894,29.914,29.874,29.904,520917,0
EWG.US,60,20201009,160000,30.043,30.043,29.964,29.989,343414,0
EWG.US,60,20201009,170000,29.993,30.013,29.924,29.964,502240,0
EWG.US,60,20201009,180000,29.964,30.088,29.954,30.053,886091,0
EWG.US,60,20201009,190000,30.063,30.073,30.013,30.043,793411,0
EWG.US,60,20201009,200000,30.043,30.063,30.023,30.053,461157,0
EWG.US,60,20201009,210000,30.053,30.063,29.993,30.023,642700,0
EWG.US,60,20201009,220000,30.028,30.073,30.018,30.063,489892,0
EWG.US,60,20201012,160000,30.113,30.153,30.113,30.133,322923,0
EWG.US,60,20201012,170000,30.128,30.203,30.123,30.193,232789,0
EWG.US,60,20201012,180000,30.203,30.237,30.183,30.183,309927,0
EWG.US,60,20201012,190000,30.183,30.292,30.173,30.255,218554,0
EWG.US,60,20201012,200000,30.252,30.292,30.232,30.262,79591,0
EWG.US,60,20201012,210000,30.282,30.312,30.277,30.292,96995,0
EWG.US,60,20201012,220000,30.297,30.312,30.252,30.272,429263,0
EWG.US,60,20201013,160000,29.814,29.814,29.695,29.77,197383,0
EWG.US,60,20201013,170000,29.765,29.774,29.655,29.73,699382,0
EWG.US,60,20201013,180000,29.734,29.814,29.705,29.784,521379,0
EWG.US,60,20201013,190000,29.774,29.774,29.715,29.755,228095,0
EWG.US,60,20201013,200000,29.755,29.765,29.685,29.685,250693,0
EWG.US,60,20201013,210000,29.685,29.745,29.665,29.745,323169,0
EWG.US,60,20201013,220000,29.735,29.839,29.735,29.755,424077,0
EWG.US,60,20201014,160000,29.914,29.954,29.884,29.944,128027,0
EWG.US,60,20201014,170000,29.954,29.964,29.864,29.894,588888,0
EWG.US,60,20201014,180000,29.899,29.954,29.784,29.784,558070,0
EWG.US,60,20201014,190000,29.784,29.824,29.695,29.765,278636,0
EWG.US,60,20201014,200000,29.755,29.794,29.715,29.774,367993,0
EWG.US,60,20201014,210000,29.77,29.784,29.695,29.755,321629,0
EWG.US,60,20201014,220000,29.76,29.819,29.735,29.745,370388,0
EWG.US,60,20201015,160000,28.898,29.063,28.893,29.048,716594,0
EWG.US,60,20201015,170000,29.043,29.043,28.898,28.998,693770,0
EWG.US,60,20201015,180000,28.998,29.117,28.963,29.068,1323620,0
EWG.US,60,20201015,190000,29.068,29.103,29.008,29.048,240284,0
EWG.US,60,20201015,200000,29.05,29.112,29.048,29.093,238853,0
EWG.US,60,20201015,210000,29.098,29.135,29.048,29.108,716960,0
EWG.US,60,20201015,220000,29.098,29.187,29.098,29.137,681867,0
EWG.US,60,20201016,160000,29.456,29.516,29.421,29.501,506014,0
EWG.US,60,20201016,170000,29.496,29.65,29.496,29.575,686572,0
EWG.US,60,20201016,180000,29.575,29.58,29.496,29.546,922909,0
EWG.US,60,20201016,190000,29.541,29.546,29.476,29.521,248629,0
EWG.US,60,20201016,200000,29.526,29.555,29.511,29.541,84121,0
EWG.US,60,20201016,210000,29.546,29.575,29.526,29.555,460707,0
EWG.US,60,20201016,220000,29.555,29.555,29.436,29.476,2204430,0
EWG.US,60,20201019,160000,29.595,29.635,29.543,29.595,203086,0
EWG.US,60,20201019,170000,29.585,29.635,29.466,29.615,725860,0
EWG.US,60,20201019,180000,29.615,29.665,29.546,29.585,509900,0
EWG.US,60,20201019,190000,29.575,29.605,29.533,29.555,344701,0
EWG.US,60,20201019,200000,29.555,29.555,29.446,29.466,184909,0
EWG.US,60,20201019,210000,29.456,29.496,29.287,29.297,1519531,0
EWG.US,60,20201019,220000,29.277,29.307,29.212,29.277,1296515,0
EWG.US,60,20201020,160000,29.476,29.57,29.436,29.57,523978,0
EWG.US,60,20201020,170000,29.565,29.595,29.526,29.536,633253,0
EWG.US,60,20201020,180000,29.526,29.546,29.386,29.446,589370,0
EWG.US,60,20201020,190000,29.436,29.526,29.416,29.466,634490,0
EWG.US,60,20201020,200000,29.466,29.56,29.466,29.486,712208,0
EWG.US,60,20201020,210000,29.496,29.516,29.446,29.446,308242,0
EWG.US,60,20201020,220000,29.456,29.466,29.327,29.356,1083018,0
EWG.US,60,20201021,160000,29.157,29.287,29.127,29.277,396457,0
EWG.US,60,20201021,170000,29.287,29.297,29.162,29.167,400207,0
EWG.US,60,20201021,180000,29.167,29.176,29.008,29.018,1127524,0
EWG.US,60,20201021,190000,29.023,29.177,29.023,29.048,658042,0
EWG.US,60,20201021,200000,29.048,29.098,29.033,29.058,409647,0
EWG.US,60,20201021,210000,29.058,29.147,29.048,29.122,900489,0
EWG.US,60,20201021,220000,29.127,29.127,28.973,28.998,776707,0
EWG.US,60,20201022,160000,28.889,28.938,28.879,28.918,188668,0
EWG.US,60,20201022,170000,28.918,28.928,28.739,28.859,725676,0
EWG.US,60,20201022,180000,28.859,28.983,28.859,28.908,784002,0
EWG.US,60,20201022,190000,28.918,28.988,28.889,28.978,376788,0
EWG.US,60,20201022,200000,28.983,29.028,28.968,29.018,385320,0
EWG.US,60,20201022,210000,29.018,29.048,28.998,29.008,324204,0
EWG.US,60,20201022,220000,29.018,29.048,28.978,29.003,781545,0
EWG.US,60,20201023,160000,29.267,29.267,29.152,29.167,419559,0
EWG.US,60,20201023,170000,29.167,29.167,29.078,29.098,570863,0
EWG.US,60,20201023,180000,29.098,29.162,29.028,29.108,662405,0
EWG.US,60,20201023,190000,29.098,29.117,29.018,29.068,735838,0
EWG.US,60,20201023,200000,29.078,29.157,29.078,29.137,241227,0
EWG.US,60,20201023,210000,29.137,29.197,29.137,29.167,166226,0
EWG.US,60,20201023,220000,29.172,29.267,29.172,29.267,762032,0
EWG.US,60,20201026,150000,28.222,28.251,28.152,28.202,314613,0
EWG.US,60,20201026,160000,28.192,28.222,28.003,28.003,803195,0
EWG.US,60,20201026,170000,28.003,28.003,27.873,27.913,1209305,0
EWG.US,60,20201026,180000,27.913,27.968,27.863,27.873,1547754,0
EWG.US,60,20201026,190000,27.878,27.888,27.689,27.848,841875,0
EWG.US,60,20201026,200000,27.848,27.903,27.828,27.883,506625,0
EWG.US,60,20201026,210000,27.893,27.97,27.863,27.953,451761,0
EWG.US,60,20201027,150000,27.863,27.913,27.833,27.898,810856,0
EWG.US,60,20201027,160000,27.898,27.932,27.694,27.694,893764,0
EWG.US,60,20201027,170000,27.694,27.749,27.634,27.749,2508701,0
EWG.US,60,20201027,180000,27.744,27.774,27.574,27.604,1616227,0
EWG.US,60,20201027,190000,27.604,27.674,27.589,27.624,526932,0
EWG.US,60,20201027,200000,27.629,27.634,27.525,27.55,756966,0
EWG.US,60,20201027,210000,27.555,27.594,27.515,27.555,1093607,0
EWG.US,60,20201028,150000,26.46,26.554,26.43,26.509,1366067,0
EWG.US,60,20201028,160000,26.499,26.539,26.241,26.32,2396849,0
EWG.US,60,20201028,170000,26.31,26.489,26.159,26.46,2739427,0
EWG.US,60,20201028,180000,26.46,26.549,26.31,26.35,3372921,0
EWG.US,60,20201028,190000,26.34,26.46,26.26,26.44,2786234,0
EWG.US,60,20201028,200000,26.43,26.47,26.32,26.445,1280930,0
EWG.US,60,20201028,210000,26.45,26.46,26.241,26.27,2292545,0
EWG.US,60,20201029,150000,26.251,26.3,26.071,26.28,1028143,0
EWG.US,60,20201029,160000,26.28,26.45,26.26,26.34,1929472,0
EWG.US,60,20201029,170000,26.34,26.519,26.221,26.251,1271787,0
EWG.US,60,20201029,180000,26.26,26.315,26.211,26.28,670430,0
EWG.US,60,20201029,190000,26.28,26.37,26.201,26.365,818404,0
EWG.US,60,20201029,200000,26.365,26.47,26.365,26.405,1298600,0
EWG.US,60,20201029,210000,26.405,26.47,26.34,26.36,1951969,0
EWG.US,60,20201030,150000,26.251,26.3,26.161,26.221,1501324,0
EWG.US,60,20201030,160000,26.221,26.251,25.982,25.982,884302,0
EWG.US,60,20201030,170000,25.972,26.139,25.972,26.071,1017073,0
EWG.US,60,20201030,180000,26.061,26.171,26.041,26.041,713773,0
EWG.US,60,20201030,190000,26.041,26.081,25.942,26.012,690630,0
EWG.US,60,20201030,200000,26.002,26.076,25.962,25.997,563443,0
EWG.US,60,20201030,210000,25.992,26.171,25.982,26.161,1014330,0
EWG.US,60,20201102,160000,26.509,26.569,26.45,26.569,929610,0
EWG.US,60,20201102,170000,26.589,26.619,26.455,26.47,1055399,0
EWG.US,60,20201102,180000,26.46,26.541,26.43,26.504,1709225,0
EWG.US,60,20201102,190000,26.509,26.509,26.36,26.39,448190,0
EWG.US,60,20201102,200000,26.39,26.39,26.265,26.285,718455,0
EWG.US,60,20201102,210000,26.29,26.46,26.28,26.42,557569,0
EWG.US,60,20201102,220000,26.42,26.537,26.41,26.519,762205,0
EWG.US,60,20201103,160000,27.097,27.216,27.077,27.216,530874,0
EWG.US,60,20201103,170000,27.206,27.336,27.196,27.326,951297,0
EWG.US,60,20201103,180000,27.326,27.395,27.296,27.316,849101,0
EWG.US,60,20201103,190000,27.316,27.346,27.258,27.268,372194,0
EWG.US,60,20201103,200000,27.271,27.291,27.191,27.201,373074,0
EWG.US,60,20201103,210000,27.206,27.351,27.201,27.331,352338,0
EWG.US,60,20201103,220000,27.331,27.535,27.281,27.375,2315111,0
EWG.US,60,20201104,160000,27.545,27.644,27.405,27.644,766416,0
EWG.US,60,20201104,170000,27.654,27.893,27.634,27.853,1127760,0
EWG.US,60,20201104,180000,27.843,27.993,27.704,27.973,1352738,0
EWG.US,60,20201104,190000,27.973,28.003,27.873,27.898,1228277,0
EWG.US,60,20201104,200000,27.903,27.933,27.828,27.873,711892,0
EWG.US,60,20201104,210000,27.883,27.913,27.823,27.868,447828,0
EWG.US,60,20201104,220000,27.863,27.863,27.724,27.754,1409785,0
EWG.US,60,20201105,160000,28.5,28.58,28.451,28.56,914226,0
EWG.US,60,20201105,170000,28.57,28.59,28.441,28.585,1893539,0
EWG.US,60,20201105,180000,28.59,28.59,28.411,28.431,921105,0
EWG.US,60,20201105,190000,28.441,28.46,28.306,28.441,744460,0
EWG.US,60,20201105,200000,28.441,28.485,28.391,28.431,2205336,0
EWG.US,60,20201105,210000,28.441,28.56,28.421,28.53,514762,0
EWG.US,60,20201105,220000,28.53,28.539,28.386,28.48,1287160,0
EWG.US,60,20201106,160000,28.59,28.59,28.451,28.52,615220,0
EWG.US,60,20201106,170000,28.52,28.62,28.441,28.46,765503,0
EWG.US,60,20201106,180000,28.465,28.6,28.451,28.58,894172,0
EWG.US,60,20201106,190000,28.58,28.6,28.51,28.54,195502,0
EWG.US,60,20201106,200000,28.545,28.6,28.54,28.57,189594,0
EWG.US,60,20201106,210000,28.57,28.6,28.53,28.55,590221,0
EWG.US,60,20201106,220000,28.54,28.65,28.48,28.51,1291356,0
EWG.US,60,20201109,160000,29.984,29.984,29.755,29.755,875079,0
EWG.US,60,20201109,170000,29.774,29.934,29.446,29.565,1775580,0
EWG.US,60,20201109,180000,29.565,29.575,29.386,29.436,1959995,0
EWG.US,60,20201109,190000,29.446,29.536,29.416,29.516,732943,0
EWG.US,60,20201109,200000,29.506,29.553,29.436,29.471,309059,0
EWG.US,60,20201109,210000,29.476,29.496,29.396,29.476,482485,0
EWG.US,60,20201109,220000,29.466,29.496,29.277,29.307,2796496,0
EWG.US,60,20201110,160000,29.695,29.705,29.555,29.705,549758,0
EWG.US,60,20201110,170000,29.685,29.794,29.506,29.595,2068313,0
EWG.US,60,20201110,180000,29.595,29.705,29.555,29.605,1213795,0
EWG.US,60,20201110,190000,29.605,29.71,29.605,29.665,466553,0
EWG.US,60,20201110,200000,29.675,29.695,29.575,29.675,524714,0
EWG.US,60,20201110,210000,29.675,29.695,29.615,29.645,946074,0
EWG.US,60,20201110,220000,29.645,29.665,29.565,29.615,3547987,0
EWG.US,60,20201111,160000,29.635,29.7,29.6,29.645,778602,0
EWG.US,60,20201111,170000,29.645,29.705,29.61,29.695,694769,0
EWG.US,60,20201111,180000,29.695,29.745,29.675,29.725,739387,0
EWG.US,60,20201111,190000,29.72,29.774,29.705,29.77,621074,0
EWG.US,60,20201111,200000,29.77,29.784,29.73,29.735,239438,0
EWG.US,60,20201111,210000,29.735,29.765,29.62,29.665,2068888,0
EWG.US,60,20201111,220000,29.675,29.804,29.645,29.804,2068121,0
EWG.US,60,20201112,160000,29.471,29.516,29.426,29.496,243614,0
EWG.US,60,20201112,170000,29.496,29.56,29.486,29.526,651332,0
EWG.US,60,20201112,180000,29.526,29.585,29.471,29.516,516167,0
EWG.US,60,20201112,190000,29.516,29.521,29.292,29.327,909952,0
EWG.US,60,20201112,200000,29.327,29.366,29.277,29.366,270389,0
EWG.US,60,20201112,210000,29.361,29.376,29.247,29.287,275903,0
EWG.US,60,20201112,220000,29.282,29.356,29.217,29.346,2290412,0
EWG.US,60,20201113,160000,29.625,29.725,29.61,29.7,610934,0
EWG.US,60,20201113,170000,29.7,29.745,29.64,29.655,550817,0
EWG.US,60,20201113,180000,29.665,29.755,29.625,29.685,868143,0
EWG.US,60,20201113,190000,29.695,29.705,29.665,29.705,309608,0
EWG.US,60,20201113,200000,29.705,29.745,29.685,29.715,237071,0
EWG.US,60,20201113,210000,29.715,29.774,29.715,29.77,244936,0
EWG.US,60,20201113,220000,29.765,29.819,29.705,29.814,1693891,0
EWG.US,60,20201116,160000,30.003,30.003,29.854,29.904,293863,0
EWG.US,60,20201116,170000,29.904,29.954,29.859,29.904,781459,0
EWG.US,60,20201116,180000,29.914,29.924,29.794,29.844,796513,0
EWG.US,60,20201116,190000,29.854,29.864,29.77,29.804,242059,0
EWG.US,60,20201116,200000,29.794,29.814,29.726,29.804,2222229,0
EWG.US,60,20201116,210000,29.814,29.864,29.784,29.834,339743,0
EWG.US,60,20201116,220000,29.839,29.944,29.799,29.944,1417140,0
EWG.US,60,20201117,160000,29.854,29.864,29.755,29.755,214651,0
EWG.US,60,20201117,170000,29.755,29.934,29.755,29.914,628103,0
EWG.US,60,20201117,180000,29.914,29.914,29.854,29.884,545797,0
EWG.US,60,20201117,190000,29.894,29.924,29.874,29.904,196983,0
EWG.US,60,20201117,200000,29.904,29.934,29.894,29.929,2413806,0
EWG.US,60,20201117,210000,29.934,29.993,29.93,29.969,207042,0
EWG.US,60,20201117,220000,29.964,29.964,29.874,29.954,752362,0
EWG.US,60,20201118,160000,29.984,30.038,29.964,30.013,407844,0
EWG.US,60,20201118,170000,30.023,30.103,30.013,30.073,500071,0
EWG.US,60,20201118,180000,30.083,30.113,30.063,30.098,458229,0
EWG.US,60,20201118,190000,30.093,30.113,30.063,30.063,753456,0
EWG.US,60,20201118,200000,30.063,30.083,30.008,30.023,107418,0
EWG.US,60,20201118,210000,30.023,30.033,29.939,29.989,288812,0
EWG.US,60,20201118,220000,29.989,30.033,29.844,29.844,588560,0
EWG.US,60,20201119,160000,29.814,29.884,29.755,29.874,224773,0
EWG.US,60,20201119,170000,29.874,29.884,29.755,29.834,513684,0
EWG.US,60,20201119,180000,29.824,29.844,29.774,29.789,460437,0
EWG.US,60,20201119,190000,29.789,29.824,29.765,29.784,612605,0
EWG.US,60,20201119,200000,29.794,29.874,29.779,29.859,246449,0
EWG.US,60,20201119,210000,29.854,29.971,29.854,29.954,332441,0
EWG.US,60,20201119,220000,29.949,30.023,29.934,30.003,615483,0
EWG.US,60,20201120,160000,29.924,29.989,29.894,29.944,217635,0
EWG.US,60,20201120,170000,29.944,29.964,29.874,29.899,903730,0
EWG.US,60,20201120,180000,29.904,29.984,29.904,29.944,653717,0
EWG.US,60,20201120,190000,29.944,29.954,29.904,29.954,440352,0
EWG.US,60,20201120,200000,29.944,29.974,29.924,29.944,179702,0
EWG.US,60,20201120,210000,29.944,29.984,29.934,29.964,218822,0
EWG.US,60,20201120,220000,29.964,30.008,29.924,29.954,448768,0
EWG.US,60,20201123,160000,30.143,30.163,30.043,30.043,769031,0
EWG.US,60,20201123,170000,30.043,30.043,29.934,29.974,677991,0
EWG.US,60,20201123,180000,29.984,29.993,29.824,29.904,1042480,0
EWG.US,60,20201123,190000,29.904,29.991,29.884,29.984,259164,0
EWG.US,60,20201123,200000,29.993,30.003,29.969,29.984,237442,0
EWG.US,60,20201123,210000,29.989,30.063,29.944,30.063,206278,0
EWG.US,60,20201123,220000,30.063,30.113,29.949,29.993,1856112,0
EWG.US,60,20201124,160000,30.173,30.232,30.133,30.232,328316,0
EWG.US,60,20201124,170000,30.222,30.292,30.193,30.262,838167,0
EWG.US,60,20201124,180000,30.257,30.327,30.242,30.262,747999,0
EWG.US,60,20201124,190000,30.262,30.292,30.237,30.292,307814,0
EWG.US,60,20201124,200000,30.292,30.362,30.287,30.334,167564,0
EWG.US,60,20201124,210000,30.332,30.342,30.277,30.342,558535,0
EWG.US,60,20201124,220000,30.337,30.382,30.302,30.382,894423,0
EWG.US,60,20201125,160000,30.282,30.332,30.252,30.292,129155,0
EWG.US,60,20201125,170000,30.302,30.392,30.237,30.332,598730,0
EWG.US,60,20201125,180000,30.322,30.417,30.322,30.372,396096,0
EWG.US,60,20201125,190000,30.377,30.431,30.367,30.431,139213,0
EWG.US,60,20201125,200000,30.436,30.461,30.412,30.451,227297,0
EWG.US,60,20201125,210000,30.451,30.461,30.402,30.441,266405,0
EWG.US,60,20201125,220000,30.431,30.466,30.422,30.441,653857,0
EWG.US,60,20201127,160000,30.461,30.601,30.461,30.566,396521,0
EWG.US,60,20201127,170000,30.566,30.611,30.555,30.571,431190,0
EWG.US,60,20201127,180000,30.571,30.65,30.551,30.571,802028,0
EWG.US,60,20201127,190000,30.571,30.621,30.541,30.611,339903,0
EWG.US,60,20201127,200000,30.591,30.591,30.591,30.591,4048,0
EWG.US,60,20201127,220000,30.591,30.591,30.591,30.591,0,0
EWG.US,60,20201130,160000,30.889,30.953,30.86,30.919,358465,0
EWG.US,60,20201130,170000,30.929,30.929,30.72,30.76,1046349,0
EWG.US,60,20201130,180000,30.76,30.77,30.461,30.581,1555422,0
EWG.US,60,20201130,190000,30.571,30.601,30.541,30.601,331611,0
EWG.US,60,20201130,200000,30.591,30.621,30.566,30.571,203104,0
EWG.US,60,20201130,210000,30.571,30.611,30.551,30.606,277965,0
EWG.US,60,20201130,220000,30.611,30.621,30.417,30.422,1396124,0
EWG.US,60,20201201,160000,30.79,30.899,30.79,30.845,1322014,0
EWG.US,60,20201201,170000,30.85,30.944,30.81,30.919,763097,0
EWG.US,60,20201201,180000,30.929,31.009,30.889,30.899,894865,0
EWG.US,60,20201201,190000,30.899,30.989,30.899,30.964,231951,0
EWG.US,60,20201201,200000,30.964,30.994,30.949,30.954,115708,0
EWG.US,60,20201201,210000,30.954,31.004,30.949,30.954,123577,0
EWG.US,60,20201201,220000,30.949,31.059,30.909,31.029,1041585,0
EWG.US,60,20201202,160000,30.83,30.86,30.785,30.84,317533,0
EWG.US,60,20201202,170000,30.84,30.939,30.84,30.889,4128955,0
EWG.US,60,20201202,180000,30.889,30.944,30.879,30.929,2258001,0
EWG.US,60,20201202,190000,30.929,30.949,30.899,30.904,1427136,0
EWG.US,60,20201202,200000,30.909,30.919,30.879,30.894,223717,0
EWG.US,60,20201202,210000,30.894,30.969,30.87,30.959,410415,0
EWG.US,60,20201202,220000,30.964,30.977,30.919,30.939,1348874,0
EWG.US,60,20201203,160000,30.979,30.989,30.909,30.959,170345,0
EWG.US,60,20201203,170000,30.959,31.024,30.959,30.984,486216,0
EWG.US,60,20201203,180000,30.984,30.999,30.939,30.979,389372,0
EWG.US,60,20201203,190000,30.979,30.991,30.929,30.974,474678,0
EWG.US,60,20201203,200000,30.979,30.979,30.909,30.919,135953,0
EWG.US,60,20201203,210000,30.929,30.969,30.924,30.964,83579,0
EWG.US,60,20201203,220000,30.959,30.989,30.805,30.889,643312,0
EWG.US,60,20201204,160000,31.049,31.148,31.049,31.098,222073,0
EWG.US,60,20201204,170000,31.089,31.098,31.009,31.009,645535,0
EWG.US,60,20201204,180000,31.019,31.118,30.999,31.093,364039,0
EWG.US,60,20201204,190000,31.103,31.113,31.059,31.078,149339,0
EWG.US,60,20201204,200000,31.079,31.103,31.029,31.039,252178,0
EWG.US,60,20201204,210000,31.039,31.059,30.999,31.014,404389,0
EWG.US,60,20201204,220000,31.019,31.029,30.969,30.999,1445810,0
EWG.US,60,20201207,160000,30.909,30.969,30.909,30.969,200454,0
EWG.US,60,20201207,170000,30.979,30.989,30.919,30.949,364571,0
EWG.US,60,20201207,180000,30.949,31.034,30.929,31.019,485529,0
EWG.US,60,20201207,190000,31.009,31.029,30.989,30.989,190253,0
EWG.US,60,20201207,200000,30.989,30.989,30.899,30.934,258224,0
EWG.US,60,20201207,210000,30.934,30.965,30.909,30.939,180824,0
EWG.US,60,20201207,220000,30.939,30.959,30.884,30.929,558234,0
EWG.US,60,20201208,160000,30.959,31.034,30.959,31.017,115522,0
EWG.US,60,20201208,170000,31.014,31.029,30.939,31.014,310883,0
EWG.US,60,20201208,180000,31.019,31.049,30.989,31.019,302464,0
EWG.US,60,20201208,190000,31.019,31.049,31.004,31.034,101489,0
EWG.US,60,20201208,200000,31.029,31.049,31.029,31.029,221050,0
EWG.US,60,20201208,210000,31.029,31.079,31.019,31.039,246747,0
EWG.US,60,20201208,220000,31.029,31.079,31.019,31.079,596931,0
EWG.US,60,20201209,160000,31.278,31.278,31.198,31.213,202771,0
EWG.US,60,20201209,170000,31.208,31.228,31.098,31.108,629347,0
EWG.US,60,20201209,180000,31.089,31.098,31.029,31.098,375734,0
EWG.US,60,20201209,190000,31.098,31.118,30.964,31.029,613522,0
EWG.US,60,20201209,200000,31.029,31.029,30.86,30.86,713792,0
EWG.US,60,20201209,210000,30.87,30.989,30.86,30.949,384316,0
EWG.US,60,20201209,220000,30.959,31.049,30.899,30.999,1251661,0
EWG.US,60,20201210,160000,30.84,31.108,30.84,31.098,265810,0
EWG.US,60,20201210,170000,31.118,31.158,31.049,31.098,390495,0
EWG.US,60,20201210,180000,31.098,31.118,30.979,30.999,845907,0
EWG.US,60,20201210,190000,30.989,31.069,30.989,31.039,211143,0
EWG.US,60,20201210,200000,31.029,31.059,31.004,31.044,281236,0
EWG.US,60,20201210,210000,31.049,31.089,30.994,31.059,548918,0
EWG.US,60,20201210,220000,31.059,31.158,31.059,31.089,1596468,0
EWG.US,60,20201211,160000,30.74,30.76,30.69,30.73,327831,0
EWG.US,60,20201211,170000,30.74,30.805,30.66,30.68,2167532,0
EWG.US,60,20201211,180000,30.67,30.71,30.641,30.67,537552,0
EWG.US,60,20201211,190000,30.68,30.68,30.571,30.65,182622,0
EWG.US,60,20201211,200000,30.65,30.72,30.636,30.71,818317,0
EWG.US,60,20201211,210000,30.72,30.75,30.7,30.7,237097,0
EWG.US,60,20201211,220000,30.7,30.76,30.68,30.76,2022299,0
EWG.US,60,20201214,160000,30.85,30.9,30.82,30.83,184706,0
EWG.US,60,20201214,170000,30.83,30.855,30.76,30.78,955714,0
EWG.US,60,20201214,180000,30.78,30.805,30.74,30.77,367837,0
EWG.US,60,20201214,190000,30.78,30.82,30.76,30.78,355284,0
EWG.US,60,20201214,200000,30.79,30.8,30.73,30.76,288545,0
EWG.US,60,20201214,210000,30.77,30.77,30.72,30.75,204986,0
EWG.US,60,20201214,220000,30.755,30.755,30.6701,30.71,1479057,0
EWG.US,60,20201215,160000,31.03,31.075,30.99,30.995,82242,0
EWG.US,60,20201215,170000,31,31.0658,30.99,31.05,503446,0
EWG.US,60,20201215,180000,31.05,31.13,31.01,31.105,386190,0
EWG.US,60,20201215,190000,31.105,31.175,31.085,31.17,624655,0
EWG.US,60,20201215,200000,31.18,31.215,31.17,31.18,427302,0
EWG.US,60,20201215,210000,31.17,31.205,31.1421,31.205,1064442,0
EWG.US,60,20201215,220000,31.2,31.25,31.19,31.24,477704,0
EWG.US,60,20201216,160000,31.57,31.59,31.5135,31.55,291062,0
EWG.US,60,20201216,170000,31.565,31.61,31.53,31.61,1312393,0
EWG.US,60,20201216,180000,31.61,31.635,31.555,31.6126,482016,0
EWG.US,60,20201216,190000,31.61,31.63,31.58,31.61,94202,0
EWG.US,60,20201216,200000,31.61,31.63,31.59,31.623,175667,0
EWG.US,60,20201216,210000,31.63,31.65,31.465,31.63,660817,0
EWG.US,60,20201216,220000,31.63,31.76,31.62,31.71,609734,0
EWG.US,60,20201217,160000,32.05,32.12,32.01,32.1,363605,0
EWG.US,60,20201217,170000,32.1,32.13,32.05,32.06,776107,0
EWG.US,60,20201217,180000,32.06,32.09,32.035,32.08,763403,0
EWG.US,60,20201217,190000,32.08,32.11,32.055,32.105,153584,0
EWG.US,60,20201217,200000,32.1,32.14,32.095,32.12,670240,0
EWG.US,60,20201217,210000,32.12,32.145,32.11,32.11,255405,0
EWG.US,60,20201217,220000,32.11,32.135,32.06,32.11,821841,0
EWG.US,60,20201218,160000,32.15,32.16,32.05,32.08,113579,0
EWG.US,60,20201218,170000,32.09,32.1,32.01,32.04,1378443,0
EWG.US,60,20201218,180000,32.035,32.0483,31.92,31.98,1235317,0
EWG.US,60,20201218,190000,31.98,32.0684,31.98,32.02,186065,0
EWG.US,60,20201218,200000,32.02,32.035,31.975,32,122143,0
EWG.US,60,20201218,210000,31.99,31.99,31.945,31.98,286423,0
EWG.US,60,20201218,220000,31.985,32.06,31.9,32.04,1753505,0
EWG.US,60,20201221,160000,31.01,31.09,30.94,30.94,658634,0
EWG.US,60,20201221,170000,30.935,31.08,30.84,31.04,1359723,0
EWG.US,60,20201221,180000,31.04,31.24,31.03,31.2,1334764,0
EWG.US,60,20201221,190000,31.2,31.34,31.18,31.33,629765,0
EWG.US,60,20201221,200000,31.3383,31.435,31.32,31.41,656094,0
EWG.US,60,20201221,210000,31.4,31.48,31.38,31.45,415829,0
EWG.US,60,20201221,220000,31.46,31.48,31.34,31.39,1330904,0
EWG.US,60,20201222,160000,31.4,31.4,31.32,31.33,220489,0
EWG.US,60,20201222,170000,31.32,31.4195,31.29,31.32,387296,0
EWG.US,60,20201222,180000,31.32,31.39,31.23,31.29,386482,0
EWG.US,60,20201222,190000,31.28,31.33,31.28,31.32,1528041,0
EWG.US,60,20201222,200000,31.33,31.335,31.29,31.315,369137,0
EWG.US,60,20201222,210000,31.32,31.32,31.26,31.3,115153,0
EWG.US,60,20201222,220000,31.3,31.31,31.225,31.3,1679026,0
EWG.US,60,20201223,160000,31.71,31.795,31.71,31.755,190401,0
EWG.US,60,20201223,170000,31.75,31.79,31.63,31.675,473952,0
EWG.US,60,20201223,180000,31.66,31.78,31.66,31.755,371330,0
EWG.US,60,20201223,190000,31.755,31.765,31.7,31.71,245183,0
EWG.US,60,20201223,200000,31.71,31.775,31.71,31.75,135100,0
EWG.US,60,20201223,210000,31.75,31.76,31.7,31.7,103466,0
EWG.US,60,20201223,220000,31.7,31.8,31.675,31.77,590539,0
EWG.US,60,20201224,160000,31.77,31.82,31.7,31.815,1006073,0
EWG.US,60,20201224,170000,31.815,31.85,31.75,31.755,398577,0
EWG.US,60,20201224,180000,31.75,31.79,31.72,31.72,192011,0
EWG.US,60,20201224,190000,31.72,31.85,31.695,31.83,492533,0
EWG.US,60,20201224,200000,31.84,31.84,31.84,31.84,10028,0
EWG.US,60,20201224,220000,31.84,31.84,31.84,31.84,0,0
EWG.US,60,20201228,160000,32.24,32.31,32.23,32.29,323279,0
EWG.US,60,20201228,170000,32.28,32.29,32.18,32.209,345177,0
EWG.US,60,20201228,180000,32.21,32.25,32.195,32.22,323746,0
EWG.US,60,20201228,190000,32.22,32.225,32.17,32.17,288861,0
EWG.US,60,20201228,200000,32.18,32.21,32.174,32.195,282221,0
EWG.US,60,20201228,210000,32.195,32.21,32.175,32.19,120506,0
EWG.US,60,20201228,220000,32.19,32.21,32.13,32.2,640351,0
EWG.US,60,20201229,160000,32.45,32.455,32.35,32.38,142889,0
EWG.US,60,20201229,170000,32.37,32.38,32.25,32.3,542422,0
EWG.US,60,20201229,180000,32.29,32.33,32.26,32.265,713814,0
EWG.US,60,20201229,190000,32.265,32.28,32.1,32.1507,404335,0
EWG.US,60,20201229,200000,32.15,32.22,32.13,32.22,125487,0
EWG.US,60,20201229,210000,32.22,32.22,32.14,32.19,187991,0
EWG.US,60,20201229,220000,32.195,32.2418,32.16,32.19,403229,0
EWG.US,60,20201230,160000,32.24,32.33,32.21,32.33,229293,0
EWG.US,60,20201230,170000,32.335,32.355,32.28,32.33,414086,0
EWG.US,60,20201230,180000,32.33,32.34,32.235,32.24,222851,0
EWG.US,60,20201230,190000,32.235,32.272,32.235,32.265,83178,0
EWG.US,60,20201230,200000,32.265,32.29,32.2529,32.255,48197,0
EWG.US,60,20201230,210000,32.255,32.26,32.155,32.17,255485,0
EWG.US,60,20201230,220000,32.17,32.21,32.14,32.17,489882,0
EWG.US,60,20201231,160000,32.14,32.18,31.85,31.97,257637,0
EWG.US,60,20201231,170000,31.97,32.02,31.86,31.92,346964,0
EWG.US,60,20201231,180000,31.91,31.92,31.77,31.84,211217,0
EWG.US,60,20201231,190000,31.85,31.895,31.85,31.87,145640,0
EWG.US,60,20201231,200000,31.87,31.89,31.8,31.83,195491,0
EWG.US,60,20201231,210000,31.83,31.89,31.78,31.78,274858,0
EWG.US,60,20201231,220000,31.7829,31.845,31.65,31.77,1439469,0
EWG.US,60,20210104,160000,32.64,32.655,32.53,32.555,316670,0
EWG.US,60,20210104,170000,32.56,32.57,32.21,32.22,736507,0
EWG.US,60,20210104,180000,32.22,32.31,32.04,32.04,841759,0
EWG.US,60,20210104,190000,32.04,32.1,31.925,32.06,641592,0
EWG.US,60,20210104,200000,32.05,32.22,32.04,32.22,469478,0
EWG.US,60,20210104,210000,32.22,32.22,32.1,32.19,318945,0
EWG.US,60,20210104,220000,32.19,32.19,32.105,32.16,979837,0
EWG.US,60,20210105,160000,32.1,32.23,32.1,32.145,185995,0
EWG.US,60,20210105,170000,32.16,32.19,32.075,32.075,836251,0
EWG.US,60,20210105,180000,32.075,32.26,32.05,32.22,364914,0
EWG.US,60,20210105,190000,32.22,32.305,32.22,32.3,374169,0
EWG.US,60,20210105,200000,32.3,32.3101,32.28,32.3,370301,0
EWG.US,60,20210105,210000,32.31,32.385,32.305,32.35,1049200,0
EWG.US,60,20210105,220000,32.35,32.39,32.3,32.32,1002346,0
EWG.US,60,20210106,160000,32.42,32.62,32.375,32.59,240461,0
EWG.US,60,20210106,170000,32.59,32.7,32.58,32.6,584114,0
EWG.US,60,20210106,180000,32.6,32.655,32.53,32.585,595159,0
EWG.US,60,20210106,190000,32.59,32.685,32.57,32.675,918872,0
EWG.US,60,20210106,200000,32.675,32.74,32.665,32.705,364186,0
EWG.US,60,20210106,210000,32.7,32.73,32.51,32.615,827594,0
EWG.US,60,20210106,220000,32.61,32.7,32.56,32.61,1111182,0
EWG.US,60,20210107,160000,32.73,32.78,32.69,32.74,107363,0
EWG.US,60,20210107,170000,32.74,32.79,32.715,32.75,339134,0
EWG.US,60,20210107,180000,32.75,32.79,32.66,32.66,407360,0
EWG.US,60,20210107,190000,32.68,32.71,32.65,32.71,84818,0
EWG.US,60,20210107,200000,32.71,32.79,32.69,32.755,928901,0
EWG.US,60,20210107,210000,32.76,32.79,32.735,32.79,562858,0
EWG.US,60,20210107,220000,32.79,32.83,32.765,32.77,1625956,0
EWG.US,60,20210108,160000,33,33.01,32.91,32.93,1192892,0
EWG.US,60,20210108,170000,32.94,32.98,32.78,32.89,352447,0
EWG.US,60,20210108,180000,32.88,32.92,32.78,32.91,538530,0
EWG.US,60,20210108,190000,32.91,32.92,32.83,32.84,427804,0
EWG.US,60,20210108,200000,32.83,32.84,32.6279,32.69,940867,0
EWG.US,60,20210108,210000,32.7,32.825,32.7,32.81,259965,0
EWG.US,60,20210108,220000,32.81,32.945,32.81,32.92,539048,0
EWG.US,60,20210111,160000,32.17,32.27,32.13,32.26,236363,0
EWG.US,60,20210111,170000,32.26,32.345,32.24,32.34,287670,0
EWG.US,60,20210111,180000,32.345,32.41,32.29,32.39,434282,0
EWG.US,60,20210111,190000,32.4,32.43,32.385,32.4,164522,0
EWG.US,60,20210111,200000,32.41,32.455,32.34,32.37,251004,0
EWG.US,60,20210111,210000,32.36,32.39,32.33,32.39,490053,0
EWG.US,60,20210111,220000,32.38,32.415,32.33,32.37,436813,0
EWG.US,60,20210112,160000,32.36,32.38,32.24,32.33,208140,0
EWG.US,60,20210112,170000,32.34,32.44,32.32,32.41,560465,0
EWG.US,60,20210112,180000,32.405,32.445,32.25,32.32,744611,0
EWG.US,60,20210112,190000,32.321,32.33,32.19,32.32,340304,0
EWG.US,60,20210112,200000,32.32,32.43,32.3017,32.39,638448,0
EWG.US,60,20210112,210000,32.385,32.48,32.38,32.42,86554,0
EWG.US,60,20210112,220000,32.43,32.49,32.42,32.45,1171256,0
EWG.US,60,20210113,160000,32.415,32.48,32.415,32.46,305582,0
EWG.US,60,20210113,170000,32.46,32.569,32.425,32.5,366885,0
EWG.US,60,20210113,180000,32.5,32.5,32.43,32.45,120925,0
EWG.US,60,20210113,190000,32.45,32.5,32.34,32.485,130056,0
EWG.US,60,20210113,200000,32.48,32.52,32.45,32.46,187526,0
EWG.US,60,20210113,210000,32.455,32.495,32.4239,32.44,435480,0
EWG.US,60,20210113,220000,32.45,32.45,32.39,32.43,382948,0
EWG.US,60,20210114,160000,32.44,32.5,32.42,32.4739,83365,0
EWG.US,60,20210114,170000,32.471,32.54,32.46,32.5,346695,0
EWG.US,60,20210114,180000,32.5001,32.58,32.49,32.57,199773,0
EWG.US,60,20210114,190000,32.5632,32.62,32.52,32.6,341902,0
EWG.US,60,20210114,200000,32.595,32.64,32.555,32.56,464117,0
EWG.US,60,20210114,210000,32.56,32.6,32.56,32.58,171420,0
EWG.US,60,20210114,220000,32.59,32.6,32.52,32.55,984325,0
EWG.US,60,20210115,160000,32.03,32.08,32,32.0177,198506,0
EWG.US,60,20210115,170000,32.02,32.04,31.66,31.85,694134,0
EWG.US,60,20210115,180000,31.8517,31.95,31.79,31.91,660727,0
EWG.US,60,20210115,190000,31.9,31.9368,31.865,31.9368,585643,0
EWG.US,60,20210115,200000,31.9399,31.948,31.89,31.92,221593,0
EWG.US,60,20210115,210000,31.92,31.93,31.89,31.89,282753,0
EWG.US,60,20210115,220000,31.89,31.915,31.83,31.84,654401,0
EWG.US,60,20210119,160000,32.27,32.29,32.0999,32.15,303067,0
EWG.US,60,20210119,170000,32.16,32.23,32.08,32.19,948131,0
EWG.US,60,20210119,180000,32.1863,32.2,32.08,32.14,300663,0
EWG.US,60,20210119,190000,32.14,32.21,32.14,32.21,211227,0
EWG.US,60,20210119,200000,32.21,32.2378,32.1801,32.22,93958,0
EWG.US,60,20210119,210000,32.215,32.23,32.195,32.22,133340,0
EWG.US,60,20210119,220000,32.21,32.23,32.18,32.21,1102721,0
EWG.US,60,20210120,160000,32.37,32.37,32.27,32.29,121295,0
EWG.US,60,20210120,170000,32.3,32.38,32.3,32.33,270545,0
EWG.US,60,20210120,180000,32.32,32.3701,32.2685,32.35,198860,0
EWG.US,60,20210120,190000,32.36,32.37,32.33,32.335,107183,0
EWG.US,60,20210120,200000,32.34,32.38,32.34,32.37,46999,0
EWG.US,60,20210120,210000,32.36,32.41,32.35,32.4,101230,0
EWG.US,60,20210120,220000,32.405,32.47,32.38,32.45,500156,0
EWG.US,60,20210121,160000,32.59,32.59,32.44,32.5,86210,0
EWG.US,60,20210121,170000,32.52,32.64,32.49,32.58,428973,0
EWG.US,60,20210121,180000,32.58,32.58,32.46,32.49,407848,0
EWG.US,60,20210121,190000,32.49,32.495,32.42,32.49,196558,0
EWG.US,60,20210121,200000,32.49,32.56,32.485,32.56,319556,0
EWG.US,60,20210121,210000,32.56,32.615,32.55,32.615,160574,0
EWG.US,60,20210121,220000,32.61,32.7,32.5919,32.68,555701,0
EWG.US,60,20210122,160000,32.52,32.59,32.5,32.59,159993,0
EWG.US,60,20210122,170000,32.59,32.6,32.495,32.527,570509,0
EWG.US,60,20210122,180000,32.52,32.62,32.48,32.615,496149,0
EWG.US,60,20210122,190000,32.62,32.635,32.56,32.56,468649,0
EWG.US,60,20210122,200000,32.5523,32.61,32.535,32.585,78917,0
EWG.US,60,20210122,210000,32.58,32.6,32.53,32.5457,153245,0
EWG.US,60,20210122,220000,32.545,32.595,32.509,32.55,312018,0
EWG.US,60,20210125,160000,32.11,32.17,31.96,32.005,131599,0
EWG.US,60,20210125,170000,32,32.2,31.97,31.98,333162,0
EWG.US,60,20210125,180000,31.99,32.06,31.85,32.043,588937,0
EWG.US,60,20210125,190000,32.06,32.105,31.96,32.1,574867,0
EWG.US,60,20210125,200000,32.1,32.11,32.04,32.05,543624,0
EWG.US,60,20210125,210000,32.055,32.065,32.005,32.02,523043,0
EWG.US,60,20210125,220000,32.02,32.14,32,32.13,2191191,0
EWG.US,60,20210126,160000,32.53,32.58,32.4998,32.52,157972,0
EWG.US,60,20210126,170000,32.52,32.6,32.52,32.535,435314,0
EWG.US,60,20210126,180000,32.54,32.555,32.37,32.39,705894,0
EWG.US,60,20210126,190000,32.39,32.48,32.39,32.45,218430,0
EWG.US,60,20210126,200000,32.45,32.5183,32.44,32.51,215872,0
EWG.US,60,20210126,210000,32.5,32.53,32.49,32.515,185685,0
EWG.US,60,20210126,220000,32.52,32.54,32.48,32.52,862631,0
EWG.US,60,20210127,160000,31.69,31.69,31.34,31.48,440592,0
EWG.US,60,20210127,170000,31.47,31.85,31.455,31.835,333355,0
EWG.US,60,20210127,180000,31.825,31.97,31.75,31.75,859592,0
EWG.US,60,20210127,190000,31.76,31.96,31.72,31.95,301993,0
EWG.US,60,20210127,200000,31.95,31.965,31.86,31.88,235452,0
EWG.US,60,20210127,210000,31.88,31.94,31.66,31.7,439408,0
EWG.US,60,20210127,220000,31.69,31.78,31.595,31.65,1416017,0
EWG.US,60,20210128,160000,31.82,31.98,31.8,31.85,187646,0
EWG.US,60,20210128,170000,31.87,32.05,31.83,31.89,382413,0
EWG.US,60,20210128,180000,31.9,31.995,31.89,31.95,465519,0
EWG.US,60,20210128,190000,31.95,32.04,31.95,32,179821,0
EWG.US,60,20210128,200000,32,32.0879,31.98,32.08,86507,0
EWG.US,60,20210128,210000,32.08,32.085,32.011,32.03,252612,0
EWG.US,60,20210128,220000,32.03,32.04,31.87,31.89,913872,0
EWG.US,60,20210129,160000,31.75,31.8,31.59,31.69,169234,0
EWG.US,60,20210129,170000,31.68,31.82,31.66,31.775,183412,0
EWG.US,60,20210129,180000,31.79,31.79,31.46,31.56,373389,0
EWG.US,60,20210129,190000,31.56,31.59,31.32,31.38,644902,0
EWG.US,60,20210129,200000,31.37,31.49,31.34,31.4,275248,0
EWG.US,60,20210129,210000,31.4,31.49,31.38,31.43,334099,0
EWG.US,60,20210129,220000,31.43,31.59,31.43,31.46,935432,0
EWG.US,60,20210201,160000,31.83,31.84,31.7,31.74,220933,0
EWG.US,60,20210201,170000,31.73,31.86,31.71,31.75,771786,0
EWG.US,60,20210201,180000,31.75,31.85,31.72,31.74,1069214,0
EWG.US,60,20210201,190000,31.74,31.785,31.74,31.78,326245,0
EWG.US,60,20210201,200000,31.78,31.8179,31.75,31.79,369921,0
EWG.US,60,20210201,210000,31.79,31.8581,31.78,31.815,183101,0
EWG.US,60,20210201,220000,31.82,31.86,31.77,31.77,869787,0
EWG.US,60,20210202,160000,32.03,32.05,31.9723,32.01,167991,0
EWG.US,60,20210202,170000,32.03,32.09,32.03,32.09,778755,0
EWG.US,60,20210202,180000,32.085,32.145,32.07,32.12,431068,0
EWG.US,60,20210202,190000,32.12,32.16,32.085,32.14,73267,0
EWG.US,60,20210202,200000,32.15,32.15,32.095,32.115,101399,0
EWG.US,60,20210202,210000,32.11,32.16,32.11,32.1436,125313,0
EWG.US,60,20210202,220000,32.14,32.25,32.11,32.21,963089,0
EWG.US,60,20210203,160000,32.25,32.27,32.22,32.24,169770,0
EWG.US,60,20210203,170000,32.25,32.38,32.22,32.3579,963486,0
EWG.US,60,20210203,180000,32.35,32.38,32.3,32.365,414827,0
EWG.US,60,20210203,190000,32.37,32.411,32.3401,32.4,299059,0
EWG.US,60,20210203,200000,32.4,32.43,32.38,32.43,209684,0
EWG.US,60,20210203,210000,32.43,32.46,32.43,32.43,181077,0
EWG.US,60,20210203,220000,32.425,32.475,32.4,32.45,749608,0
EWG.US,60,20210204,160000,32.32,32.4,32.32,32.39,175825,0
EWG.US,60,20210204,170000,32.39,32.48,32.375,32.465,494638,0
EWG.US,60,20210204,180000,32.465,32.5,32.42,32.44,380388,0
EWG.US,60,20210204,190000,32.44,32.455,32.395,32.4,109236,0
EWG.US,60,20210204,200000,32.39,32.44,32.39,32.4299,82426,0
EWG.US,60,20210204,210000,32.425,32.46,32.42,32.45,101937,0
EWG.US,60,20210204,220000,32.45,32.48,32.4121,32.47,252272,0
EWG.US,60,20210205,160000,32.6,32.6,32.53,32.55,113499,0
EWG.US,60,20210205,170000,32.54,32.59,32.475,32.565,292645,0
EWG.US,60,20210205,180000,32.57,32.6,32.525,32.53,314648,0
EWG.US,60,20210205,190000,32.53,32.595,32.52,32.59,210221,0
EWG.US,60,20210205,200000,32.59,32.5918,32.54,32.54,324774,0
EWG.US,60,20210205,210000,32.54,32.595,32.54,32.59,78281,0
EWG.US,60,20210205,220000,32.59,32.675,32.57,32.64,257334,0
EWG.US,60,20210208,160000,32.76,32.815,32.75,32.79,156168,0
EWG.US,60,20210208,170000,32.795,32.82,32.685,32.7284,554655,0
EWG.US,60,20210208,180000,32.725,32.735,32.5399,32.5917,337365,0
EWG.US,60,20210208,190000,32.599,32.65,32.5958,32.62,259213,0
EWG.US,60,20210208,200000,32.615,32.66,32.6,32.63,389858,0
EWG.US,60,20210208,210000,32.64,32.7,32.64,32.6965,212623,0
EWG.US,60,20210208,220000,32.69,32.715,32.665,32.7,271884,0
EWG.US,60,20210209,160000,32.62,32.68,32.61,32.63,157079,0
EWG.US,60,20210209,170000,32.63,32.69,32.59,32.67,135686,0
EWG.US,60,20210209,180000,32.67,32.69,32.605,32.6783,191543,0
EWG.US,60,20210209,190000,32.68,32.72,32.68,32.71,305948,0
EWG.US,60,20210209,200000,32.71,32.72,32.69,32.715,64431,0
EWG.US,60,20210209,210000,32.715,32.79,32.715,32.785,67440,0
EWG.US,60,20210209,220000,32.785,32.785,32.715,32.74,306175,0
EWG.US,60,20210210,160000,32.85,32.85,32.79,32.8,38536,0
EWG.US,60,20210210,170000,32.8,32.85,32.37,32.66,400072,0
EWG.US,60,20210210,180000,32.66,32.69,32.53,32.6,436014,0
EWG.US,60,20210210,190000,32.58,32.61,32.52,32.605,174707,0
EWG.US,60,20210210,200000,32.6,32.615,32.56,32.585,219799,0
EWG.US,60,20210210,210000,32.59,32.645,32.56,32.6391,159728,0
EWG.US,60,20210210,220000,32.64,32.65,32.535,32.56,195601,0
EWG.US,60,20210211,160000,32.86,32.93,32.82,32.84,57080,0
EWG.US,60,20210211,170000,32.825,32.925,32.825,32.88,151553,0
EWG.US,60,20210211,180000,32.88,32.91,32.85,32.87,104110,0
EWG.US,60,20210211,190000,32.87,32.8884,32.765,32.82,143157,0
EWG.US,60,20210211,200000,32.82,32.87,32.79,32.86,121619,0
EWG.US,60,20210211,210000,32.855,32.885,32.825,32.88,360530,0
EWG.US,60,20210211,220000,32.88,32.915,32.875,32.9,672571,0
EWG.US,60,20210212,160000,32.7,32.75,32.67,32.735,101515,0
EWG.US,60,20210212,170000,32.7279,32.86,32.72,32.84,249590,0
EWG.US,60,20210212,180000,32.85,32.91,32.81,32.9,131310,0
EWG.US,60,20210212,190000,32.9,32.9384,32.885,32.9,304003,0
EWG.US,60,20210212,200000,32.9,32.91,32.85,32.89,772119,0
EWG.US,60,20210212,210000,32.89,32.903,32.8699,32.8901,261327,0
EWG.US,60,20210212,220000,32.895,32.96,32.895,32.95,571959,0
EWG.US,60,20210216,160000,33,33.01,32.94,32.98,123086,0
EWG.US,60,20210216,170000,32.98,33.07,32.97,33.04,224408,0
EWG.US,60,20210216,180000,33.04,33.06,32.92,32.94,235538,0
EWG.US,60,20210216,190000,32.935,32.98,32.9,32.97,124160,0
EWG.US,60,20210216,200000,32.97,32.985,32.95,32.95,348995,0
EWG.US,60,20210216,210000,32.95,33,32.95,32.975,74786,0
EWG.US,60,20210216,220000,32.97,32.995,32.96,32.98,820754,0
EWG.US,60,20210217,160000,32.54,32.6,32.465,32.56,256576,0
EWG.US,60,20210217,170000,32.54,32.58,32.395,32.41,605657,0
EWG.US,60,20210217,180000,32.41,32.4299,32.335,32.41,330515,0
EWG.US,60,20210217,190000,32.415,32.465,32.395,32.445,111120,0
EWG.US,60,20210217,200000,32.45,32.475,32.435,32.46,103050,0
EWG.US,60,20210217,210000,32.455,32.5099,32.445,32.5,134418,0
EWG.US,60,20210217,220000,32.5,32.55,32.495,32.5,296875,0
EWG.US,60,20210218,160000,32.57,32.605,32.51,32.55,146228,0
EWG.US,60,20210218,170000,32.545,32.56,32.36,32.42,172203,0
EWG.US,60,20210218,180000,32.43,32.495,32.41,32.44,380595,0
EWG.US,60,20210218,190000,32.45,32.4962,32.42,32.48,188477,0
EWG.US,60,20210218,200000,32.47,32.5377,32.46,32.52,129929,0
EWG.US,60,20210218,210000,32.52,32.585,32.52,32.585,235560,0
EWG.US,60,20210218,220000,32.585,32.6177,32.575,32.6,465905,0
EWG.US,60,20210219,160000,32.83,32.85,32.8,32.84,110138,0
EWG.US,60,20210219,170000,32.84,32.875,32.82,32.86,215579,0
EWG.US,60,20210219,180000,32.86,32.8982,32.835,32.84,255038,0
EWG.US,60,20210219,190000,32.835,32.85,32.705,32.7363,273784,0
EWG.US,60,20210219,200000,32.74,32.745,32.65,32.715,285673,0
EWG.US,60,20210219,210000,32.715,32.725,32.66,32.705,262184,0
EWG.US,60,20210219,220000,32.705,32.725,32.68,32.69,482309,0
EWG.US,60,20210222,160000,32.64,32.7,32.59,32.695,95530,0
EWG.US,60,20210222,170000,32.7,32.74,32.64,32.66,253597,0
EWG.US,60,20210222,180000,32.66,32.74,32.655,32.73,220196,0
EWG.US,60,20210222,190000,32.73,32.79,32.705,32.785,375383,0
EWG.US,60,20210222,200000,32.785,32.81,32.76,32.805,293098,0
EWG.US,60,20210222,210000,32.8,32.82,32.78,32.79,53458,0
EWG.US,60,20210222,220000,32.78,32.78,32.63,32.64,1103086,0
EWG.US,60,20210223,160000,32.29,32.29,32,32.13,159241,0
EWG.US,60,20210223,170000,32.12,32.375,32.1,32.35,263201,0
EWG.US,60,20210223,180000,32.36,32.41,32.26,32.26,207920,0
EWG.US,60,20210223,190000,32.25,32.33,32.215,32.22,152742,0
EWG.US,60,20210223,200000,32.21,32.35,32.21,32.34,474271,0
EWG.US,60,20210223,210000,32.33,32.37,32.3,32.35,280987,0
EWG.US,60,20210223,220000,32.36,32.435,32.34,32.37,915752,0
EWG.US,60,20210224,160000,32.35,32.43,32.32,32.34,81707,0
EWG.US,60,20210224,170000,32.33,32.475,32.28,32.47,338613,0
EWG.US,60,20210224,180000,32.48,32.56,32.465,32.55,196544,0
EWG.US,60,20210224,190000,32.56,32.63,32.56,32.57,313222,0
EWG.US,60,20210224,200000,32.58,32.67,32.545,32.6427,351456,0
EWG.US,60,20210224,210000,32.65,32.675,32.63,32.669,281238,0
EWG.US,60,20210224,220000,32.67,32.75,32.66,32.72,925523,0
EWG.US,60,20210225,160000,32.79,32.897,32.78,32.84,212576,0
EWG.US,60,20210225,170000,32.83,32.83,32.63,32.75,527839,0
EWG.US,60,20210225,180000,32.75,32.775,32.49,32.551,467648,0
EWG.US,60,20210225,190000,32.55,32.63,32.355,32.38,291936,0
EWG.US,60,20210225,200000,32.365,32.455,32.28,32.37,770848,0
EWG.US,60,20210225,210000,32.375,32.5,32.3417,32.36,390771,0
EWG.US,60,20210225,220000,32.36,32.39,32.18,32.25,1982360,0
EWG.US,60,20210226,160000,32.35,32.35,32.2,32.21,310454,0
EWG.US,60,20210226,170000,32.21,32.24,32.03,32.21,923730,0
EWG.US,60,20210226,180000,32.21,32.24,32,32.15,835794,0
EWG.US,60,20210226,190000,32.155,32.205,32.1,32.105,628065,0
EWG.US,60,20210226,200000,32.105,32.185,32.055,32.11,261248,0
EWG.US,60,20210226,210000,32.11,32.14,32.05,32.105,794236,0
EWG.US,60,20210226,220000,32.11,32.185,32,32.01,1506325,0
EWG.US,60,20210301,160000,32.31,32.32,32.26,32.28,196728,0
EWG.US,60,20210301,170000,32.28,32.45,32.27,32.44,446764,0
EWG.US,60,20210301,180000,32.44,32.48,32.43,32.48,220206,0
EWG.US,60,20210301,190000,32.49,32.5,32.41,32.41,80703,0
EWG.US,60,20210301,200000,32.4,32.46,32.38,32.4319,673760,0
EWG.US,60,20210301,210000,32.44,32.51,32.44,32.5,404739,0
EWG.US,60,20210301,220000,32.5,32.51,32.43,32.47,467018,0
EWG.US,60,20210302,160000,32.61,32.64,32.485,32.59,202347,0
EWG.US,60,20210302,170000,32.58,32.6,32.48,32.57,361953,0
EWG.US,60,20210302,180000,32.56,32.59,32.51,32.57,465783,0
EWG.US,60,20210302,190000,32.56,32.61,32.56,32.59,299913,0
EWG.US,60,20210302,200000,32.6,32.645,32.6,32.63,268149,0
EWG.US,60,20210302,210000,32.64,32.64,32.57,32.61,154156,0
EWG.US,60,20210302,220000,32.615,32.66,32.56,32.58,440080,0
EWG.US,60,20210303,160000,32.53,32.6,32.425,32.425,292689,0
EWG.US,60,20210303,170000,32.425,32.56,32.34,32.54,616465,0
EWG.US,60,20210303,180000,32.55,32.65,32.54,32.6,541682,0
EWG.US,60,20210303,190000,32.59,32.59,32.52,32.528,158545,0
EWG.US,60,20210303,200000,32.5298,32.6,32.51,32.52,541988,0
EWG.US,60,20210303,210000,32.52,32.56,32.41,32.53,859856,0
EWG.US,60,20210303,220000,32.53,32.55,32.44,32.45,767985,0
EWG.US,60,20210304,160000,32.41,32.542,32.4,32.42,216195,0
EWG.US,60,20210304,170000,32.42,32.48,32.31,32.46,634773,0
EWG.US,60,20210304,180000,32.46,32.59,32.43,32.54,397116,0
EWG.US,60,20210304,190000,32.55,32.575,32.2,32.22,802750,0
EWG.US,60,20210304,200000,32.22,32.29,32.02,32.03,795085,0
EWG.US,60,20210304,210000,32.04,32.19,32.04,32.14,484130,0
EWG.US,60,20210304,220000,32.135,32.15,32.04,32.13,1518805,0
EWG.US,60,20210305,160000,32.16,32.18,31.96,32.01,256253,0
EWG.US,60,20210305,170000,32,32.09,31.89,31.89,499318,0
EWG.US,60,20210305,180000,31.9,31.93,31.78,31.9,487018,0
EWG.US,60,20210305,190000,31.9,31.98,31.84,31.94,438853,0
EWG.US,60,20210305,200000,31.94,32,31.89,31.95,665924,0
EWG.US,60,20210305,210000,31.96,32.02,31.9,32.01,278532,0
EWG.US,60,20210305,220000,32.01,32.105,32.005,32.08,826110,0
EWG.US,60,20210308,160000,32.16,32.41,32.12,32.34,633169,0
EWG.US,60,20210308,170000,32.34,32.615,32.335,32.52,1200089,0
EWG.US,60,20210308,180000,32.53,32.57,32.45,32.45,820667,0
EWG.US,60,20210308,190000,32.46,32.585,32.46,32.53,337296,0
EWG.US,60,20210308,200000,32.53,32.6,32.46,32.475,480450,0
EWG.US,60,20210308,210000,32.47,32.57,32.45,32.49,912537,0
EWG.US,60,20210308,220000,32.49,32.49,32.39,32.4,568012,0
EWG.US,60,20210309,160000,32.76,32.855,32.76,32.82,606254,0
EWG.US,60,20210309,170000,32.82,32.86,32.71,32.725,592709,0
EWG.US,60,20210309,180000,32.72,32.795,32.71,32.77,317526,0
EWG.US,60,20210309,190000,32.775,32.775,32.72,32.73,173856,0
EWG.US,60,20210309,200000,32.74,32.785,32.735,32.765,192077,0
EWG.US,60,20210309,210000,32.77,32.8077,32.745,32.77,122464,0
EWG.US,60,20210309,220000,32.78,32.81,32.745,32.77,1315231,0
EWG.US,60,20210310,160000,33.04,33.05,32.965,33.01,264415,0
EWG.US,60,20210310,170000,33,33.04,32.88,32.93,842808,0
EWG.US,60,20210310,180000,32.9201,32.955,32.88,32.94,483308,0
EWG.US,60,20210310,190000,32.94,32.985,32.925,32.9777,214981,0
EWG.US,60,20210310,200000,32.975,33.01,32.91,32.99,385241,0
EWG.US,60,20210310,210000,32.97,33.055,32.97,33.045,291891,0
EWG.US,60,20210310,220000,33.0481,33.08,33.02,33.07,486295,0
EWG.US,60,20210311,160000,33.19,33.213,33.115,33.15,92847,0
EWG.US,60,20210311,170000,33.155,33.25,33.1,33.21,125143,0
EWG.US,60,20210311,180000,33.2,33.27,33.1901,33.235,174607,0
EWG.US,60,20210311,190000,33.23,33.26,33.22,33.25,236788,0
EWG.US,60,20210311,200000,33.25,33.31,33.24,33.25,93699,0
EWG.US,60,20210311,210000,33.255,33.28,33.233,33.24,93949,0
EWG.US,60,20210311,220000,33.23,33.29,33.23,33.28,339869,0
EWG.US,60,20210312,160000,32.89,32.99,32.88,32.98,223223,0
EWG.US,60,20210312,170000,32.985,33,32.89,32.98,205294,0
EWG.US,60,20210312,180000,32.985,33.1,32.97,33.09,129587,0
EWG.US,60,20210312,190000,33.09,33.1,33.0621,33.07,566236,0
EWG.US,60,20210312,200000,33.07,33.1,33.04,33.08,138158,0
EWG.US,60,20210312,210000,33.08,33.125,33.08,33.12,287387,0
EWG.US,60,20210312,220000,33.12,33.21,33.11,33.19,641370,0
EWG.US,60,20210315,150000,33.05,33.058,33.02,33.045,139052,0
EWG.US,60,20210315,160000,33.04,33.05,32.985,33,322182,0
EWG.US,60,20210315,170000,32.99,33.04,32.78,32.84,452012,0
EWG.US,60,20210315,180000,32.84,32.95,32.84,32.92,181502,0
EWG.US,60,20210315,190000,32.92,32.98,32.89,32.975,133011,0
EWG.US,60,20210315,200000,32.98,32.995,32.96,32.96,120247,0
EWG.US,60,20210315,210000,32.96,33.05,32.92,33.04,295290,0
EWG.US,60,20210316,150000,33.22,33.22,33.135,33.16,256798,0
EWG.US,60,20210316,160000,33.16,33.215,33.145,33.17,336847,0
EWG.US,60,20210316,170000,33.16,33.165,33.11,33.12,276679,0
EWG.US,60,20210316,180000,33.12,33.135,33.07,33.09,383093,0
EWG.US,60,20210316,190000,33.09,33.13,33.07,33.0716,431059,0
EWG.US,60,20210316,200000,33.07,33.1,33.025,33.06,298929,0
EWG.US,60,20210316,210000,33.05,33.12,33.05,33.08,254402,0
EWG.US,60,20210317,150000,33.11,33.1499,33.085,33.12,113753,0
EWG.US,60,20210317,160000,33.12,33.165,33.085,33.1,226424,0
EWG.US,60,20210317,170000,33.09,33.169,33.08,33.145,109738,0
EWG.US,60,20210317,180000,33.14,33.18,33.13,33.16,420245,0
EWG.US,60,20210317,190000,33.16,33.295,33.16,33.27,844563,0
EWG.US,60,20210317,200000,33.29,33.64,33.28,33.595,1024894,0
EWG.US,60,20210317,210000,33.61,33.635,33.555,33.57,850656,0
EWG.US,60,20210318,150000,33.56,33.62,33.51,33.555,352136,0
EWG.US,60,20210318,160000,33.555,33.615,33.5018,33.6099,388366,0
EWG.US,60,20210318,170000,33.61,33.75,33.6,33.73,197958,0
EWG.US,60,20210318,180000,33.73,33.765,33.59,33.6017,292388,0
EWG.US,60,20210318,190000,33.61,33.71,33.61,33.7,144021,0
EWG.US,60,20210318,200000,33.7,33.7,33.46,33.51,603064,0
EWG.US,60,20210318,210000,33.51,33.52,33.395,33.42,1793879,0
EWG.US,60,20210319,150000,33.16,33.2,33.03,33.1025,620412,0
EWG.US,60,20210319,160000,33.1,33.27,33.05,33.26,418104,0
EWG.US,60,20210319,170000,33.27,33.33,33.15,33.32,302549,0
EWG.US,60,20210319,180000,33.32,33.35,33.195,33.29,1276310,0
EWG.US,60,20210319,190000,33.3,33.3,33.26,33.29,175455,0
EWG.US,60,20210319,200000,33.3,33.31,33.26,33.285,83794,0
EWG.US,60,20210319,210000,33.28,33.29,33.22,33.24,381630,0
EWG.US,60,20210322,150000,33.38,33.465,33.365,33.42,410603,0
EWG.US,60,20210322,160000,33.425,33.46,33.3801,33.41,204814,0
EWG.US,60,20210322,170000,33.4101,33.47,33.365,33.45,514326,0
EWG.US,60,20210322,180000,33.44,33.51,33.415,33.51,166384,0
EWG.US,60,20210322,190000,33.5,33.535,33.485,33.51,122993,0
EWG.US,60,20210322,200000,33.52,33.535,33.5,33.525,67418,0
EWG.US,60,20210322,210000,33.53,33.54,33.45,33.47,525621,0
EWG.US,60,20210323,150000,33.37,33.38,33.335,33.36,34633,0
EWG.US,60,20210323,160000,33.355,33.39,33.27,33.34,256530,0
EWG.US,60,20210323,170000,33.35,33.37,33.29,33.3383,224349,0
EWG.US,60,20210323,180000,33.33,33.33,33.23,33.3,268754,0
EWG.US,60,20210323,190000,33.3,33.335,33.24,33.25,201738,0
EWG.US,60,20210323,200000,33.26,33.26,33.16,33.16,355482,0
EWG.US,60,20210323,210000,33.15,33.17,33.075,33.1,696182,0
EWG.US,60,20210324,150000,32.94,32.99,32.895,32.9,285048,0
EWG.US,60,20210324,160000,32.91,32.96,32.875,32.925,692673,0
EWG.US,60,20210324,170000,32.93,32.98,32.92,32.95,211429,0
EWG.US,60,20210324,180000,32.96,33.0084,32.92,32.92,152820,0
EWG.US,60,20210324,190000,32.92,32.9367,32.865,32.935,191885,0
EWG.US,60,20210324,200000,32.93,32.95,32.84,32.84,250652,0
EWG.US,60,20210324,210000,32.835,32.86,32.75,32.75,318189,0
EWG.US,60,20210325,150000,32.57,32.63,32.52,32.59,526452,0
EWG.US,60,20210325,160000,32.6017,32.6601,32.57,32.63,422737,0
EWG.US,60,20210325,170000,32.63,32.77,32.58,32.75,777147,0
EWG.US,60,20210325,180000,32.75,32.79,32.7,32.78,831806,0
EWG.US,60,20210325,190000,32.78,32.83,32.745,32.78,231245,0
EWG.US,60,20210325,200000,32.78,32.87,32.76,32.86,174393,0
EWG.US,60,20210325,210000,32.86,32.905,32.85,32.86,1415938,0
EWG.US,60,20210326,150000,33.05,33.08,33.04,33.06,137336,0
EWG.US,60,20210326,160000,33.06,33.095,33.04,33.059,348966,0
EWG.US,60,20210326,170000,33.06,33.0777,33.02,33.05,220240,0
EWG.US,60,20210326,180000,33.055,33.11,33.04,33.09,181698,0
EWG.US,60,20210326,190000,33.09,33.11,33.035,33.055,160312,0
EWG.US,60,20210326,200000,33.05,33.06,32.981,33.059,343231,0
EWG.US,60,20210326,210000,33.055,33.23,33.055,33.21,572178,0
EWG.US,60,20210329,160000,33.08,33.15,33.08,33.135,112766,0
EWG.US,60,20210329,170000,33.13,33.185,33.09,33.09,320466,0
EWG.US,60,20210329,180000,33.09,33.1701,33.075,33.155,393515,0
EWG.US,60,20210329,190000,33.16,33.215,33.12,33.2001,135651,0
EWG.US,60,20210329,200000,33.205,33.25,33.19,33.19,718852,0
EWG.US,60,20210329,210000,33.19,33.2,33.15,33.17,858784,0
EWG.US,60,20210329,220000,33.17,33.23,33.165,33.21,961310,0
EWG.US,60,20210330,160000,33.2,33.27,33.2,33.255,214810,0
EWG.US,60,20210330,170000,33.26,33.425,33.235,33.39,424648,0
EWG.US,60,20210330,180000,33.395,33.445,33.39,33.4,379431,0
EWG.US,60,20210330,190000,33.4,33.41,33.28,33.31,303006,0
EWG.US,60,20210330,200000,33.3,33.34,33.2801,33.31,198976,0
EWG.US,60,20210330,210000,33.315,33.36,33.3,33.36,237483,0
EWG.US,60,20210330,220000,33.35,33.395,33.3,33.34,796712,0
EWG.US,60,20210331,160000,33.4,33.43,33.39,33.41,97853,0
EWG.US,60,20210331,170000,33.41,33.505,33.41,33.49,198361,0
EWG.US,60,20210331,180000,33.49,33.5,33.38,33.495,624503,0
EWG.US,60,20210331,190000,33.49,33.54,33.49,33.53,522910,0
EWG.US,60,20210331,200000,33.53,33.57,33.49,33.495,453667,0
EWG.US,60,20210331,210000,33.49,33.49,33.45,33.46,189411,0
EWG.US,60,20210331,220000,33.46,33.48,33.42,33.44,337232,0
EWG.US,60,20210401,160000,33.72,33.75,33.71,33.72,125200,0
EWG.US,60,20210401,170000,33.72,33.775,33.705,33.77,508641,0
EWG.US,60,20210401,180000,33.77,33.84,33.75,33.835,267016,0
EWG.US,60,20210401,190000,33.835,33.88,33.83,33.86,125834,0
EWG.US,60,20210401,200000,33.855,33.875,33.84,33.855,69631,0
EWG.US,60,20210401,210000,33.855,33.89,33.85,33.89,133131,0
EWG.US,60,20210401,220000,33.885,34.03,33.865,33.95,512623,0
EWG.US,60,20210405,160000,34.32,34.38,34.245,34.295,432109,0
EWG.US,60,20210405,170000,34.3,34.485,34.275,34.46,328498,0
EWG.US,60,20210405,180000,34.4465,34.595,34.44,34.575,353444,0
EWG.US,60,20210405,190000,34.58,34.61,34.54,34.55,380090,0
EWG.US,60,20210405,200000,34.56,34.6,34.535,34.6,327730,0
EWG.US,60,20210405,210000,34.61,34.63,34.59,34.6099,399602,0
EWG.US,60,20210405,220000,34.6,34.72,34.599,34.69,1526702,0
EWG.US,60,20210406,160000,34.29,34.32,34.26,34.2956,195864,0
EWG.US,60,20210406,170000,34.3,34.325,34.25,34.3,265152,0
EWG.US,60,20210406,180000,34.29,34.32,34.24,34.32,160128,0
EWG.US,60,20210406,190000,34.33,34.33,34.285,34.31,666424,0
EWG.US,60,20210406,200000,34.31,34.32,34.21,34.24,136151,0
EWG.US,60,20210406,210000,34.25,34.3,34.25,34.28,54929,0
EWG.US,60,20210406,220000,34.275,34.33,34.24,34.32,306911,0
EWG.US,60,20210407,160000,34.39,34.395,34.35,34.36,31385,0
EWG.US,60,20210407,170000,34.355,34.48,34.35,34.43,218384,0
EWG.US,60,20210407,180000,34.43,34.43,34.3,34.35,365677,0
EWG.US,60,20210407,190000,34.35,34.37,34.3123,34.3577,271024,0
EWG.US,60,20210407,200000,34.36,34.38,34.34,34.37,317961,0
EWG.US,60,20210407,210000,34.37,34.4,34.34,34.34,369741,0
EWG.US,60,20210407,220000,34.35,34.41,34.3,34.41,670966,0
EWG.US,60,20210408,160000,34.44,34.44,34.34,34.41,124687,0
EWG.US,60,20210408,170000,34.42,34.43,34.355,34.41,253438,0
EWG.US,60,20210408,180000,34.41,34.485,34.405,34.47,195208,0
EWG.US,60,20210408,190000,34.47,34.56,34.47,34.54,63708,0
EWG.US,60,20210408,200000,34.54,34.55,34.525,34.53,178469,0
EWG.US,60,20210408,210000,34.53,34.56,34.53,34.56,85205,0
EWG.US,60,20210408,220000,34.55,34.56,34.49,34.52,315879,0
EWG.US,60,20210409,160000,34.45,34.465,34.42,34.45,146658,0
EWG.US,60,20210409,170000,34.44,34.5399,34.43,34.4999,214143,0
EWG.US,60,20210409,180000,34.495,34.53,34.485,34.525,89477,0
EWG.US,60,20210409,190000,34.53,34.56,34.521,34.555,47049,0
EWG.US,60,20210409,200000,34.555,34.6,34.55,34.575,108472,0
EWG.US,60,20210409,210000,34.58,34.59,34.555,34.56,80611,0
EWG.US,60,20210409,220000,34.555,34.61,34.54,34.6,441350,0
EWG.US,60,20210412,160000,34.58,34.59,34.53,34.54,346049,0
EWG.US,60,20210412,170000,34.54,34.59,34.49,34.53,102304,0
EWG.US,60,20210412,180000,34.53,34.545,34.49,34.505,1338412,0
EWG.US,60,20210412,190000,34.51,34.56,34.495,34.56,1586260,0
EWG.US,60,20210412,200000,34.56,34.56,34.52,34.53,1667705,0
EWG.US,60,20210412,210000,34.52,34.53,34.495,34.51,1741096,0
EWG.US,60,20210412,220000,34.505,34.56,34.48,34.56,224868,0
EWG.US,60,20210413,160000,34.67,34.68,34.64,34.68,89546,0
EWG.US,60,20210413,170000,34.68,34.7,34.63,34.65,202535,0
EWG.US,60,20210413,180000,34.65,34.655,34.59,34.62,226931,0
EWG.US,60,20210413,190000,34.6217,34.635,34.61,34.61,88935,0
EWG.US,60,20210413,200000,34.62,34.67,34.62,34.66,197984,0
EWG.US,60,20210413,210000,34.665,34.69,34.65,34.69,219940,0
EWG.US,60,20210413,220000,34.695,34.725,34.68,34.72,1070981,0
EWG.US,60,20210414,160000,34.72,34.74,34.7,34.7,116952,0
EWG.US,60,20210414,170000,34.7,34.7,34.63,34.66,393532,0
EWG.US,60,20210414,180000,34.66,34.68,34.64,34.655,525494,0
EWG.US,60,20210414,190000,34.65,34.73,34.64,34.725,74356,0
EWG.US,60,20210414,200000,34.725,34.73,34.65,34.655,126456,0
EWG.US,60,20210414,210000,34.655,34.66,34.58,34.58,281234,0
EWG.US,60,20210414,220000,34.58,34.63,34.56,34.59,606310,0
EWG.US,60,20210415,160000,34.79,34.82,34.76,34.78,385197,0
EWG.US,60,20210415,170000,34.79,34.835,34.775,34.81,180092,0
EWG.US,60,20210415,180000,34.81,34.82,34.74,34.77,116157,0
EWG.US,60,20210415,190000,34.7601,34.82,34.76,34.8,43119,0
EWG.US,60,20210415,200000,34.8,34.8,34.75,34.79,166269,0
EWG.US,60,20210415,210000,34.79,34.85,34.79,34.82,509772,0
EWG.US,60,20210415,220000,34.82,34.87,34.79,34.86,1614872,0
EWG.US,60,20210416,160000,35.19,35.21,35.16,35.17,198086,0
EWG.US,60,20210416,170000,35.18,35.32,35.16,35.25,761856,0
EWG.US,60,20210416,180000,35.25,35.305,35.25,35.2966,263111,0
EWG.US,60,20210416,190000,35.3,35.31,35.27,35.29,214994,0
EWG.US,60,20210416,200000,35.29,35.3,35.27,35.27,111051,0
EWG.US,60,20210416,210000,35.27,35.36,35.265,35.35,817760,0
EWG.US,60,20210416,220000,35.35,35.39,35.335,35.39,484107,0
EWG.US,60,20210419,160000,35.37,35.3799,35.33,35.33,261462,0
EWG.US,60,20210419,170000,35.32,35.325,35.21,35.22,618833,0
EWG.US,60,20210419,180000,35.225,35.27,35.14,35.19,1718865,0
EWG.US,60,20210419,190000,35.2,35.26,35.16,35.225,357537,0
EWG.US,60,20210419,200000,35.225,35.2671,35.22,35.24,273238,0
EWG.US,60,20210419,210000,35.235,35.28,35.2216,35.28,135537,0
EWG.US,60,20210419,220000,35.27,35.2784,35.23,35.26,724388,0
EWG.US,60,20210420,160000,34.99,34.99,34.91,34.92,175585,0
EWG.US,60,20210420,170000,34.92,34.93,34.665,34.72,243129,0
EWG.US,60,20210420,180000,34.72,34.77,34.635,34.75,645985,0
EWG.US,60,20210420,190000,34.75,34.815,34.725,34.765,628627,0
EWG.US,60,20210420,200000,34.76,34.765,34.685,34.73,184442,0
EWG.US,60,20210420,210000,34.74,34.758,34.66,34.69,112236,0
EWG.US,60,20210420,220000,34.695,34.82,34.695,34.74,548305,0
EWG.US,60,20210421,160000,34.44,34.63,34.42,34.625,516289,0
EWG.US,60,20210421,170000,34.62,34.74,34.62,34.73,648212,0
EWG.US,60,20210421,180000,34.73,34.8277,34.7277,34.82,239785,0
EWG.US,60,20210421,190000,34.82,34.82,34.795,34.8,83322,0
EWG.US,60,20210421,200000,34.8,34.83,34.8,34.82,51083,0
EWG.US,60,20210421,210000,34.819,34.84,34.81,34.825,98671,0
EWG.US,60,20210421,220000,34.825,34.91,34.82,34.9,583961,0
EWG.US,60,20210422,160000,34.97,34.97,34.9,34.955,149432,0
EWG.US,60,20210422,170000,34.95,35.025,34.875,35.015,285362,0
EWG.US,60,20210422,180000,35.018,35.04,34.975,34.995,177268,0
EWG.US,60,20210422,190000,34.995,35.035,34.9704,35.02,269928,0
EWG.US,60,20210422,200000,35.025,35.03,34.77,34.77,327202,0
EWG.US,60,20210422,210000,34.77,34.87,34.745,34.865,142158,0
EWG.US,60,20210422,220000,34.87,34.895,34.795,34.83,820395,0
EWG.US,60,20210423,160000,34.8,34.92,34.8,34.92,272799,0
EWG.US,60,20210423,170000,34.92,35.02,34.915,34.9505,317928,0
EWG.US,60,20210423,180000,34.95,35.08,34.94,35.07,98392,0
EWG.US,60,20210423,190000,35.07,35.115,35.0621,35.105,35036,0
EWG.US,60,20210423,200000,35.11,35.13,35.085,35.13,52851,0
EWG.US,60,20210423,210000,35.13,35.175,35.1227,35.17,127165,0
EWG.US,60,20210423,220000,35.165,35.22,35.14,35.14,480894,0
EWG.US,60,20210426,160000,35.12,35.16,35.07,35.1,332908,0
EWG.US,60,20210426,170000,35.1,35.17,35.1,35.145,277920,0
EWG.US,60,20210426,180000,35.15,35.18,35.135,35.14,469888,0
EWG.US,60,20210426,190000,35.145,35.175,35.125,35.165,295172,0
EWG.US,60,20210426,200000,35.17,35.17,35.145,35.165,157224,0
EWG.US,60,20210426,210000,35.17,35.195,35.16,35.195,284602,0
EWG.US,60,20210426,220000,35.2,35.21,35.13,35.2,1461712,0
EWG.US,60,20210427,160000,35.1,35.11,35.03,35.1,357010,0
EWG.US,60,20210427,170000,35.105,35.13,35.08,35.115,452514,0
EWG.US,60,20210427,180000,35.11,35.155,35.09,35.145,395176,0
EWG.US,60,20210427,190000,35.15,35.155,35.1,35.1077,111044,0
EWG.US,60,20210427,200000,35.105,35.16,35.105,35.14,130582,0
EWG.US,60,20210427,210000,35.14,35.17,35.13,35.165,197066,0
EWG.US,60,20210427,220000,35.16,35.18,35.14,35.15,801816,0
EWG.US,60,20210428,160000,35.16,35.21,35.09,35.209,478096,0
EWG.US,60,20210428,170000,35.21,35.31,35.21,35.22,567662,0
EWG.US,60,20210428,180000,35.22,35.23,35.16,35.16,472692,0
EWG.US,60,20210428,190000,35.16,35.19,35.15,35.185,169412,0
EWG.US,60,20210428,200000,35.19,35.19,35.15,35.16,630028,0
EWG.US,60,20210428,210000,35.15,35.38,35.09,35.34,940458,0
EWG.US,60,20210428,220000,35.34,35.35,35.23,35.3,1402144,0
EWG.US,60,20210429,160000,35.16,35.18,34.9481,34.95,520246,0
EWG.US,60,20210429,170000,34.9316,35.0096,34.76,34.83,1298114,0
EWG.US,60,20210429,180000,34.82,34.95,34.81,34.88,725144,0
EWG.US,60,20210429,190000,34.88,34.9299,34.8,34.925,259836,0
EWG.US,60,20210429,200000,34.92,34.95,34.9,34.925,340696,0
EWG.US,60,20210429,210000,34.93,35.05,34.93,35.04,362764,0
EWG.US,60,20210429,220000,35.05,35.07,35.005,35.07,729050,0
EWG.US,60,20210430,160000,34.95,34.97,34.92,34.955,316204,0
EWG.US,60,20210430,170000,34.95,34.98,34.7633,34.7633,1272026,0
EWG.US,60,20210430,180000,34.77,34.77,34.61,34.658,2184436,0
EWG.US,60,20210430,190000,34.655,34.6699,34.6,34.619,332668,0
EWG.US,60,20210430,200000,34.618,34.64,34.505,34.52,1423170,0
EWG.US,60,20210430,210000,34.525,34.58,34.509,34.535,1694914,0
EWG.US,60,20210430,220000,34.535,34.62,34.48,34.62,1794102,0
EWG.US,60,20210503,160000,34.95,34.96,34.8917,34.95,311058,0
EWG.US,60,20210503,170000,34.94,34.98,34.9,34.93,703446,0
EWG.US,60,20210503,180000,34.94,34.97,34.9117,34.95,330079,0
EWG.US,60,20210503,190000,34.94,34.945,34.915,34.93,84184,0
EWG.US,60,20210503,200000,34.9299,34.968,34.92,34.949,217318,0
EWG.US,60,20210503,210000,34.95,35.0101,34.94,35.0101,296756,0
EWG.US,60,20210503,220000,35.02,35.02,34.97,35.01,524540,0
EWG.US,60,20210504,160000,34.28,34.36,34.07,34.095,833555,0
EWG.US,60,20210504,170000,34.09,34.12,33.95,33.995,1835319,0
EWG.US,60,20210504,180000,33.99,34.04,33.855,33.89,1188323,0
EWG.US,60,20210504,190000,33.88,34,33.88,33.945,570957,0
EWG.US,60,20210504,200000,33.94,34.045,33.93,34.01,1030861,0
EWG.US,60,20210504,210000,34.02,34.08,34.01,34.03,295673,0
EWG.US,60,20210504,220000,34.03,34.07,34,34.06,589564,0
EWG.US,60,20210505,160000,34.54,34.55,34.48,34.49,603989,0
EWG.US,60,20210505,170000,34.5,34.51,34.38,34.49,440271,0
EWG.US,60,20210505,180000,34.485,34.59,34.4727,34.5816,191017,0
EWG.US,60,20210505,190000,34.58,34.595,34.51,34.52,407515,0
EWG.US,60,20210505,200000,34.52,34.57,34.5,34.555,112192,0
EWG.US,60,20210505,210000,34.56,34.58,34.535,34.57,219040,0
EWG.US,60,20210505,220000,34.565,34.58,34.48,34.57,734179,0
EWG.US,60,20210506,160000,34.59,34.65,34.54,34.54,419905,0
EWG.US,60,20210506,170000,34.52,34.59,34.47,34.55,680029,0
EWG.US,60,20210506,180000,34.55,34.708,34.51,34.68,675473,0
EWG.US,60,20210506,190000,34.68,34.735,34.66,34.705,311432,0
EWG.US,60,20210506,200000,34.7,34.72,34.67,34.7021,199568,0
EWG.US,60,20210506,210000,34.705,34.75,34.69,34.74,310178,0
EWG.US,60,20210506,220000,34.74,34.86,34.72,34.84,714410,0
EWG.US,60,20210507,160000,35.07,35.25,35.07,35.25,388014,0
EWG.US,60,20210507,170000,35.26,35.335,35.26,35.33,621881,0
EWG.US,60,20210507,180000,35.34,35.49,35.315,35.4623,681635,0
EWG.US,60,20210507,190000,35.46,35.465,35.3608,35.41,419753,0
EWG.US,60,20210507,200000,35.415,35.425,35.38,35.4,501767,0
EWG.US,60,20210507,210000,35.39,35.44,35.37,35.43,245521,0
EWG.US,60,20210507,220000,35.44,35.49,35.43,35.48,862223,0
EWG.US,60,20210510,160000,35.41,35.42,35.3,35.32,465703,0
EWG.US,60,20210510,170000,35.32,35.36,35.28,35.32,400555,0
EWG.US,60,20210510,180000,35.325,35.4,35.295,35.38,372576,0
EWG.US,60,20210510,190000,35.39,35.39,35.33,35.34,261105,0
EWG.US,60,20210510,200000,35.34,35.34,35.3,35.3,325471,0
EWG.US,60,20210510,210000,35.3,35.305,35.1,35.13,851454,0
EWG.US,60,20210510,220000,35.135,35.16,35.075,35.11,1186950,0
EWG.US,60,20210511,160000,34.49,34.76,34.47,34.76,645974,0
EWG.US,60,20210511,170000,34.76,34.78,34.4875,34.55,1166795,0
EWG.US,60,20210511,180000,34.55,34.76,34.49,34.73,960188,0
EWG.US,60,20210511,190000,34.71,34.745,34.6,34.635,196467,0
EWG.US,60,20210511,200000,34.64,34.745,34.63,34.73,128589,0
EWG.US,60,20210511,210000,34.74,34.745,34.66,34.71,282526,0
EWG.US,60,20210511,220000,34.72,34.765,34.665,34.68,1717927,0
EWG.US,60,20210512,160000,34.56,34.755,34.5583,34.66,590944,0
EWG.US,60,20210512,170000,34.66,34.71,34.53,34.57,1274961,0
EWG.US,60,20210512,180000,34.57,34.62,34.42,34.435,1188888,0
EWG.US,60,20210512,190000,34.43,34.45,34.325,34.41,270955,0
EWG.US,60,20210512,200000,34.4,34.48,34.39,34.43,314443,0
EWG.US,60,20210512,210000,34.43,34.49,34.38,34.4499,428534,0
EWG.US,60,20210512,220000,34.44,34.44,34.31,34.38,1532229,0
EWG.US,60,20210513,160000,34.51,34.69,34.51,34.66,518187,0
EWG.US,60,20210513,170000,34.67,34.72,34.625,34.675,867169,0
EWG.US,60,20210513,180000,34.68,34.69,34.55,34.59,1193880,0
EWG.US,60,20210513,190000,34.6,34.72,34.58,34.625,377845,0
EWG.US,60,20210513,200000,34.63,34.65,34.4867,34.54,913087,0
EWG.US,60,20210513,210000,34.55,34.69,34.55,34.65,378917,0
EWG.US,60,20210513,220000,34.655,34.81,34.655,34.74,1136451,0
EWG.US,60,20210514,160000,35.11,35.195,35.09,35.18,180126,0
EWG.US,60,20210514,170000,35.19,35.23,35.135,35.22,826302,0
EWG.US,60,20210514,180000,35.215,35.319,35.19,35.25,638328,0
EWG.US,60,20210514,190000,35.25,35.305,35.25,35.29,193062,0
EWG.US,60,20210514,200000,35.29,35.31,35.27,35.29,172614,0
EWG.US,60,20210514,210000,35.3,35.395,35.3,35.38,645089,0
EWG.US,60,20210514,220000,35.38,35.4384,35.35,35.42,973381,0
EWG.US,60,20210517,160000,35.31,35.39,35.3,35.33,249975,0
EWG.US,60,20210517,170000,35.33,35.39,35.29,35.32,1020065,0
EWG.US,60,20210517,180000,35.32,35.355,35.27,35.3323,315952,0
EWG.US,60,20210517,190000,35.33,35.39,35.31,35.35,199589,0
EWG.US,60,20210517,200000,35.36,35.375,35.3,35.335,179100,0
EWG.US,60,20210517,210000,35.33,35.42,35.33,35.41,355396,0
EWG.US,60,20210517,220000,35.41,35.44,35.385,35.42,490000,0
EWG.US,60,20210518,160000,35.51,35.53,35.45,35.47,251848,0
EWG.US,60,20210518,170000,35.46,35.54,35.4,35.54,641212,0
EWG.US,60,20210518,180000,35.53,35.55,35.46,35.46,516444,0
EWG.US,60,20210518,190000,35.47,35.54,35.4685,35.52,132586,0
EWG.US,60,20210518,200000,35.52,35.55,35.5,35.5236,150949,0
EWG.US,60,20210518,210000,35.52,35.55,35.43,35.49,514916,0
EWG.US,60,20210518,220000,35.49,35.56,35.41,35.43,1054599,0
EWG.US,60,20210519,160000,34.83,34.87,34.755,34.8,605923,0
EWG.US,60,20210519,170000,34.79,34.88,34.61,34.8777,912397,0
EWG.US,60,20210519,180000,34.87,35.005,34.865,34.97,582856,0
EWG.US,60,20210519,190000,34.97,35.03,34.929,35.01,274797,0
EWG.US,60,20210519,200000,35.01,35.12,34.99,34.99,499632,0
EWG.US,60,20210519,210000,34.99,35.05,34.82,34.87,782514,0
EWG.US,60,20210519,220000,34.86,34.96,34.81,34.96,834691,0
EWG.US,60,20210520,160000,35.25,35.35,35.24,35.34,199366,0
EWG.US,60,20210520,170000,35.34,35.39,35.31,35.38,383396,0
EWG.US,60,20210520,180000,35.39,35.5681,35.365,35.52,1269906,0
EWG.US,60,20210520,190000,35.52,35.52,35.435,35.475,166954,0
EWG.US,60,20210520,200000,35.47,35.51,35.45,35.49,232726,0
EWG.US,60,20210520,210000,35.49,35.54,35.485,35.54,272739,0
EWG.US,60,20210520,220000,35.53,35.61,35.52,35.57,1140230,0
EWG.US,60,20210521,160000,35.58,35.615,35.54,35.605,329408,0
EWG.US,60,20210521,170000,35.61,35.6177,35.51,35.5877,359423,0
EWG.US,60,20210521,180000,35.585,35.59,35.515,35.53,724667,0
EWG.US,60,20210521,190000,35.53,35.54,35.45,35.48,537156,0
EWG.US,60,20210521,200000,35.48,35.535,35.475,35.53,259024,0
EWG.US,60,20210521,210000,35.53,35.59,35.52,35.59,362841,0
EWG.US,60,20210521,220000,35.5899,35.615,35.54,35.57,645923,0
EWG.US,60,20210524,160000,35.8,35.89,35.74,35.87,162159,0
EWG.US,60,20210524,170000,35.875,35.95,35.875,35.9156,266762,0
EWG.US,60,20210524,180000,35.9101,35.96,35.91,35.92,286922,0
EWG.US,60,20210524,190000,35.92,35.93,35.9,35.9293,122576,0
EWG.US,60,20210524,200000,35.93,35.9479,35.8922,35.945,189390,0
EWG.US,60,20210524,210000,35.95,35.999,35.95,35.98,156781,0
EWG.US,60,20210524,220000,35.98,35.98,35.93,35.94,613234,0
EWG.US,60,20210525,160000,35.98,36.015,35.9,35.92,243629,0
EWG.US,60,20210525,170000,35.91,35.94,35.87,35.92,452893,0
EWG.US,60,20210525,180000,35.9234,35.9234,35.8,35.86,512453,0
EWG.US,60,20210525,190000,35.85,35.9,35.83,35.89,130502,0
EWG.US,60,20210525,200000,35.89,35.92,35.845,35.89,254555,0
EWG.US,60,20210525,210000,35.89,35.9,35.85,35.875,116566,0
EWG.US,60,20210525,220000,35.87,35.905,35.84,35.9,677765,0
EWG.US,60,20210526,160000,35.77,35.785,35.7,35.75,204298,0
EWG.US,60,20210526,170000,35.75,35.84,35.75,35.78,319404,0
EWG.US,60,20210526,180000,35.78,35.79,35.71,35.75,367703,0
EWG.US,60,20210526,190000,35.75,35.77,35.72,35.7277,122779,0
EWG.US,60,20210526,200000,35.72,35.73,35.64,35.645,663229,0
EWG.US,60,20210526,210000,35.64,35.7,35.64,35.7,153644,0
EWG.US,60,20210526,220000,35.69,35.725,35.675,35.7,2114127,0
EWG.US,60,20210527,160000,35.69,35.73,35.67,35.71,748400,0
EWG.US,60,20210527,170000,35.7,35.75,35.69,35.7,1132439,0
EWG.US,60,20210527,180000,35.7,35.7,35.525,35.605,1569931,0
EWG.US,60,20210527,190000,35.6,35.62,35.57,35.58,225676,0
EWG.US,60,20210527,200000,35.575,35.63,35.575,35.63,258564,0
EWG.US,60,20210527,210000,35.625,35.63,35.59,35.615,190275,0
EWG.US,60,20210527,220000,35.61,35.66,35.58,35.64,626491,0
EWG.US,60,20210528,160000,35.74,35.815,35.69,35.8023,117257,0
EWG.US,60,20210528,170000,35.81,35.87,35.77,35.85,275472,0
EWG.US,60,20210528,180000,35.85,35.89,35.82,35.87,413586,0
EWG.US,60,20210528,190000,35.87,35.9,35.855,35.86,1249913,0
EWG.US,60,20210528,200000,35.865,35.87,35.83,35.85,81559,0
EWG.US,60,20210528,210000,35.855,35.855,35.825,35.85,100878,0
EWG.US,60,20210528,220000,35.845,35.85,35.77,35.78,535839,0
EWG.US,60,20210601,160000,36.26,36.26,36.19,36.23,286028,0
EWG.US,60,20210601,170000,36.23,36.26,36.155,36.1835,466605,0
EWG.US,60,20210601,180000,36.18,36.2085,36.125,36.17,659221,0
EWG.US,60,20210601,190000,36.17,36.17,36.115,36.13,327534,0
EWG.US,60,20210601,200000,36.13,36.13,36.08,36.13,482379,0
EWG.US,60,20210601,210000,36.13,36.175,36.12,36.16,263364,0
EWG.US,60,20210601,220000,36.165,36.165,36.06,36.1,943068,0
EWG.US,60,20210602,160000,36.05,36.07,35.9917,36.045,235869,0
EWG.US,60,20210602,170000,36.045,36.08,36,36.073,681268,0
EWG.US,60,20210602,180000,36.08,36.13,36.05,36.0923,528838,0
EWG.US,60,20210602,190000,36.0991,36.11,36.075,36.09,98500,0
EWG.US,60,20210602,200000,36.09,36.105,36.04,36.06,117171,0
EWG.US,60,20210602,210000,36.06,36.0999,36.045,36.095,189005,0
EWG.US,60,20210602,220000,36.09,36.13,36.08,36.12,362023,0
EWG.US,60,20210603,160000,35.94,35.9501,35.84,35.902,156656,0
EWG.US,60,20210603,170000,35.9,36.01,35.9,36.01,445210,0
EWG.US,60,20210603,180000,36.01,36.025,35.925,35.94,211273,0
EWG.US,60,20210603,190000,35.95,35.97,35.925,35.945,172379,0
EWG.US,60,20210603,200000,35.94,35.98,35.9,35.965,571071,0
EWG.US,60,20210603,210000,35.96,35.96,35.91,35.915,184777,0
EWG.US,60,20210603,220000,35.91,35.99,35.91,35.96,398094,0
EWG.US,60,20210604,160000,36.16,36.16,36.1,36.15,173567,0
EWG.US,60,20210604,170000,36.16,36.24,36.15,36.21,261307,0
EWG.US,60,20210604,180000,36.21,36.24,36.2,36.22,93720,0
EWG.US,60,20210604,190000,36.23,36.25,36.22,36.22,258072,0
EWG.US,60,20210604,200000,36.225,36.24,36.215,36.22,282571,0
EWG.US,60,20210604,210000,36.22,36.25,36.21,36.235,650317,0
EWG.US,60,20210604,220000,36.235,36.25,36.21,36.24,388705,0
EWG.US,60,20210607,160000,36.34,36.418,36.325,36.41,278950,0
EWG.US,60,20210607,170000,36.41,36.43,36.38,36.41,539982,0
EWG.US,60,20210607,180000,36.41,36.4677,36.39,36.43,869535,0
EWG.US,60,20210607,190000,36.43,36.46,36.4223,36.455,95928,0
EWG.US,60,20210607,200000,36.46,36.465,36.42,36.435,72823,0
EWG.US,60,20210607,210000,36.43,36.4699,36.43,36.455,207140,0
EWG.US,60,20210607,220000,36.45,36.4857,36.45,36.48,762256,0
EWG.US,60,20210608,160000,36.41,36.42,36.32,36.34,424568,0
EWG.US,60,20210608,170000,36.3499,36.37,36.29,36.32,423993,0
EWG.US,60,20210608,180000,36.33,36.34,36.24,36.289,700336,0
EWG.US,60,20210608,190000,36.28,36.3078,36.28,36.2913,164271,0
EWG.US,60,20210608,200000,36.29,36.31,36.28,36.29,135091,0
EWG.US,60,20210608,210000,36.29,36.325,36.29,36.32,144256,0
EWG.US,60,20210608,220000,36.32,36.33,36.29,36.31,324957,0
EWG.US,60,20210609,160000,36.2,36.21,36.09,36.13,604936,0
EWG.US,60,20210609,170000,36.125,36.13,36.03,36.1,434795,0
EWG.US,60,20210609,180000,36.0984,36.16,36.09,36.135,401476,0
EWG.US,60,20210609,190000,36.13,36.13,36.095,36.125,145315,0
EWG.US,60,20210609,200000,36.125,36.15,36.115,36.125,448294,0
EWG.US,60,20210609,210000,36.13,36.15,36.11,36.135,117615,0
EWG.US,60,20210609,220000,36.13,36.13,36.0701,36.1,497366,0
EWG.US,60,20210610,160000,35.45,35.605,35.43,35.595,276987,0
EWG.US,60,20210610,170000,35.6,35.6,35.385,35.42,529478,0
EWG.US,60,20210610,180000,35.42,35.48,35.41,35.4735,598130,0
EWG.US,60,20210610,190000,35.48,35.4999,35.43,35.49,112694,0
EWG.US,60,20210610,200000,35.5,35.51,35.47,35.505,232630,0
EWG.US,60,20210610,210000,35.505,35.52,35.4917,35.515,99541,0
EWG.US,60,20210610,220000,35.51,35.515,35.475,35.51,437617,0
EWG.US,60,20210611,160000,35.56,35.585,35.53,35.55,197084,0
EWG.US,60,20210611,170000,35.56,35.59,35.5,35.515,402063,0
EWG.US,60,20210611,180000,35.51,35.565,35.49,35.5499,442134,0
EWG.US,60,20210611,190000,35.54,35.555,35.505,35.535,70664,0
EWG.US,60,20210611,200000,35.535,35.54,35.5117,35.53,134423,0
EWG.US,60,20210611,210000,35.535,35.57,35.535,35.57,139045,0
EWG.US,60,20210611,220000,35.569,35.63,35.55,35.62,964541,0
EWG.US,60,20210614,160000,35.68,35.68,35.6358,35.645,62525,0
EWG.US,60,20210614,170000,35.65,35.705,35.635,35.7,160314,0
EWG.US,60,20210614,180000,35.7,35.71,35.59,35.625,277096,0
EWG.US,60,20210614,190000,35.625,35.645,35.61,35.61,195300,0
EWG.US,60,20210614,200000,35.61,35.65,35.61,35.64,71847,0
EWG.US,60,20210614,210000,35.6372,35.64,35.61,35.64,76202,0
EWG.US,60,20210614,220000,35.645,35.69,35.64,35.68,399884,0
EWG.US,60,20210615,160000,35.71,35.72,35.66,35.71,63557,0
EWG.US,60,20210615,170000,35.72,35.72,35.6623,35.6981,229050,0
EWG.US,60,20210615,180000,35.7,35.72,35.67,35.675,145090,0
EWG.US,60,20210615,190000,35.67,35.73,35.67,35.725,96643,0
EWG.US,60,20210615,200000,35.72,35.73,35.68,35.695,461296,0
EWG.US,60,20210615,210000,35.7,35.725,35.695,35.71,146183,0
EWG.US,60,20210615,220000,35.7,35.75,35.68,35.74,662960,0
EWG.US,60,20210616,160000,35.64,35.645,35.605,35.645,124245,0
EWG.US,60,20210616,170000,35.645,35.66,35.615,35.63,346756,0
EWG.US,60,20210616,180000,35.635,35.6384,35.58,35.6125,107644,0
EWG.US,60,20210616,190000,35.62,35.635,35.5899,35.61,62084,0
EWG.US,60,20210616,200000,35.61,35.67,35.58,35.64,314263,0
EWG.US,60,20210616,210000,35.63,35.63,35.21,35.31,1001651,0
EWG.US,60,20210616,220000,35.31,35.41,35.28,35.29,1025253,0
EWG.US,60,20210617,160000,35.13,35.17,35.09,35.1123,112645,0
EWG.US,60,20210617,170000,35.105,35.17,35.07,35.16,369552,0
EWG.US,60,20210617,180000,35.16,35.165,35.02,35.025,233021,0
EWG.US,60,20210617,190000,35.03,35.0401,34.91,34.97,365334,0
EWG.US,60,20210617,200000,34.97,35.09,34.97,35.08,83599,0
EWG.US,60,20210617,210000,35.08,35.0877,35.045,35.045,1171340,0
EWG.US,60,20210617,220000,35.05,35.105,35.04,35.06,370847,0
EWG.US,60,20210618,160000,34.44,34.52,34.39,34.44,493329,0
EWG.US,60,20210618,170000,34.44,34.46,34.295,34.37,847476,0
EWG.US,60,20210618,180000,34.36,34.43,34.29,34.43,439757,0
EWG.US,60,20210618,190000,34.43,34.47,34.41,34.455,173813,0
EWG.US,60,20210618,200000,34.455,34.48,34.42,34.45,300731,0
EWG.US,60,20210618,210000,34.44,34.48,34.405,34.41,131050,0
EWG.US,60,20210618,220000,34.41,34.48,34.37,34.38,561933,0
EWG.US,60,20210621,160000,34.68,34.73,34.66,34.72,312892,0
EWG.US,60,20210621,170000,34.72,34.85,34.72,34.81,315772,0
EWG.US,60,20210621,180000,34.805,34.845,34.7758,34.84,280204,0
EWG.US,60,20210621,190000,34.84,34.885,34.84,34.86,153330,0
EWG.US,60,20210621,200000,34.87,34.9183,34.85,34.905,114708,0
EWG.US,60,20210621,210000,34.91,34.917,34.88,34.9,152333,0
EWG.US,60,20210621,220000,34.895,34.93,34.89,34.92,400695,0
EWG.US,60,20210622,160000,34.78,34.78,34.72,34.73,140202,0
EWG.US,60,20210622,170000,34.735,34.8398,34.71,34.81,298210,0
EWG.US,60,20210622,180000,34.81,34.87,34.81,34.845,189250,0
EWG.US,60,20210622,190000,34.85,34.93,34.85,34.91,249466,0
EWG.US,60,20210622,200000,34.915,34.935,34.91,34.925,156378,0
EWG.US,60,20210622,210000,34.925,34.96,34.92,34.945,556641,0
EWG.US,60,20210622,220000,34.941,35.02,34.92,34.92,1294680,0
EWG.US,60,20210623,160000,34.87,34.8853,34.825,34.8799,124816,0
EWG.US,60,20210623,170000,34.87,34.885,34.73,34.73,420817,0
EWG.US,60,20210623,180000,34.735,34.735,34.59,34.67,407299,0
EWG.US,60,20210623,190000,34.665,34.67,34.59,34.605,119436,0
EWG.US,60,20210623,200000,34.61,34.685,34.61,34.685,188249,0
EWG.US,60,20210623,210000,34.6801,34.6801,34.66,34.665,151931,0
EWG.US,60,20210623,220000,34.665,34.67,34.57,34.6,453571,0
EWG.US,60,20210624,160000,34.95,35.0016,34.93,34.96,118291,0
EWG.US,60,20210624,170000,34.96,34.99,34.88,34.895,168059,0
EWG.US,60,20210624,180000,34.9,34.94,34.875,34.895,294102,0
EWG.US,60,20210624,190000,34.89,34.9399,34.89,34.91,97289,0
EWG.US,60,20210624,200000,34.915,34.95,34.9,34.9,81831,0
EWG.US,60,20210624,210000,34.905,34.94,34.905,34.935,57913,0
EWG.US,60,20210624,220000,34.93,34.95,34.91,34.94,462231,0
EWG.US,60,20210625,160000,35.01,35.035,34.995,35.02,273448,0
EWG.US,60,20210625,170000,35.02,35.06,35,35.025,492243,0
EWG.US,60,20210625,180000,35.03,35.06,35,35.03,157931,0
EWG.US,60,20210625,190000,35.02,35.0399,34.99,35.03,67254,0
EWG.US,60,20210625,200000,35.03,35.03,34.98,34.99,126466,0
EWG.US,60,20210625,210000,34.99,35.01,34.9801,35.005,77142,0
EWG.US,60,20210625,220000,35.005,35.05,35,35.02,644693,0
EWG.US,60,20210628,160000,34.97,34.99,34.9,34.93,180638,0
EWG.US,60,20210628,170000,34.94,34.96,34.845,34.85,223743,0
EWG.US,60,20210628,180000,34.84,34.9,34.81,34.865,376199,0
EWG.US,60,20210628,190000,34.87,34.875,34.8,34.81,58501,0
EWG.US,60,20210628,200000,34.82,34.8584,34.7918,34.855,51285,0
EWG.US,60,20210628,210000,34.85,34.875,34.84,34.86,33359,0
EWG.US,60,20210628,220000,34.865,34.875,34.83,34.87,164505,0
EWG.US,60,20210629,160000,35.05,35.083,35.035,35.06,142559,0
EWG.US,60,20210629,170000,35.055,35.07,35.01,35.05,182893,0
EWG.US,60,20210629,180000,35.04,35.05,34.99,35.005,161990,0
EWG.US,60,20210629,190000,35.004,35.01,34.96,34.97,84073,0
EWG.US,60,20210629,200000,34.975,34.98,34.95,34.96,53500,0
EWG.US,60,20210629,210000,34.96,34.99,34.94,34.965,47029,0
EWG.US,60,20210629,220000,34.96,35,34.94,35,236421,0
EWG.US,60,20210630,160000,34.55,34.65,34.535,34.635,193223,0
EWG.US,60,20210630,170000,34.64,34.65,34.5,34.52,261762,0
EWG.US,60,20210630,180000,34.52,34.53,34.45,34.485,974534,0
EWG.US,60,20210630,190000,34.48,34.51,34.45,34.47,182860,0
EWG.US,60,20210630,200000,34.475,34.52,34.47,34.495,150435,0
EWG.US,60,20210630,210000,34.5,34.51,34.465,34.48,176080,0
EWG.US,60,20210630,220000,34.48,34.6,34.471,34.6,875192,0
EWG.US,60,20210701,160000,34.62,34.65,34.57,34.64,151381,0
EWG.US,60,20210701,170000,34.64,34.71,34.605,34.675,509226,0
EWG.US,60,20210701,180000,34.68,34.69,34.53,34.6,407247,0
EWG.US,60,20210701,190000,34.595,34.61,34.565,34.59,150126,0
EWG.US,60,20210701,200000,34.58,34.64,34.57,34.585,200127,0
EWG.US,60,20210701,210000,34.585,34.65,34.58,34.65,237866,0
EWG.US,60,20210701,220000,34.65,34.69,34.62,34.68,453852,0
EWG.US,60,20210702,160000,34.7,34.72,34.615,34.665,86602,0
EWG.US,60,20210702,170000,34.665,34.68,34.59,34.67,313174,0
EWG.US,60,20210702,180000,34.665,34.75,34.63,34.735,344922,0
EWG.US,60,20210702,190000,34.73,34.74,34.705,34.73,120200,0
EWG.US,60,20210702,200000,34.73,34.78,34.72,34.78,64624,0
EWG.US,60,20210702,210000,34.78,34.82,34.775,34.78,92132,0
EWG.US,60,20210702,220000,34.785,34.8,34.77,34.8,320427,0
EWG.US,60,20210706,160000,34.67,34.68,34.61,34.62,213830,0
EWG.US,60,20210706,170000,34.63,34.63,34.35,34.36,643666,0
EWG.US,60,20210706,180000,34.35,34.43,34.31,34.395,423642,0
EWG.US,60,20210706,190000,34.39,34.39,34.29,34.35,215918,0
EWG.US,60,20210706,200000,34.36,34.42,34.35,34.42,138228,0
EWG.US,60,20210706,210000,34.415,34.46,34.41,34.415,190656,0
EWG.US,60,20210706,220000,34.415,34.46,34.4,34.41,620926,0
EWG.US,60,20210707,160000,34.74,34.775,34.71,34.735,209128,0
EWG.US,60,20210707,170000,34.73,34.73,34.56,34.625,252714,0
EWG.US,60,20210707,180000,34.62,34.765,34.61,34.75,589619,0
EWG.US,60,20210707,190000,34.749,34.76,34.71,34.72,323566,0
EWG.US,60,20210707,200000,34.72,34.735,34.68,34.7,184082,0
EWG.US,60,20210707,210000,34.7,34.78,34.69,34.76,588828,0
EWG.US,60,20210707,220000,34.75,34.78,34.72,34.75,591331,0
EWG.US,60,20210708,160000,34.19,34.269,34.105,34.22,248747,0
EWG.US,60,20210708,170000,34.22,34.24,34.07,34.114,732548,0
EWG.US,60,20210708,180000,34.12,34.36,34.11,34.35,903554,0
EWG.US,60,20210708,190000,34.35,34.36,34.295,34.3377,225693,0
EWG.US,60,20210708,200000,34.34,34.34,34.27,34.29,212747,0
EWG.US,60,20210708,210000,34.3,34.3,34.195,34.2278,339768,0
EWG.US,60,20210708,220000,34.23,34.29,34.195,34.28,582737,0
EWG.US,60,20210709,160000,34.66,34.725,34.635,34.715,364175,0
EWG.US,60,20210709,170000,34.72,34.845,34.72,34.82,774381,0
EWG.US,60,20210709,180000,34.83,34.8869,34.805,34.86,545693,0
EWG.US,60,20210709,190000,34.86,34.905,34.86,34.88,543370,0
EWG.US,60,20210709,200000,34.88,34.895,34.86,34.895,197909,0
EWG.US,60,20210709,210000,34.895,34.935,34.89,34.93,233513,0
EWG.US,60,20210709,220000,34.93,34.94,34.9,34.92,490619,0
