<TICKER>,<PER>,<DATE>,<TIME>,<OPEN>,<HIGH>,<LOW>,<CLOSE>,<VOL>,<OPENINT>
GCC.US,60,20200914,160000,17.53,17.5462,17.53,17.53,2244,0
GCC.US,60,20200914,170000,17.565,17.565,17.55,17.55,496,0
GCC.US,60,20200914,180000,17.5713,17.5713,17.54,17.54,2220,0
GCC.US,60,20200914,190000,17.5349,17.545,17.53,17.53,515,0
GCC.US,60,20200914,200000,17.4932,17.5156,17.49,17.5,3959,0
GCC.US,60,20200914,210000,17.5,17.5117,17.5,17.5,1000,0
GCC.US,60,20200914,220000,17.49,17.5,17.49,17.5,619,0
GCC.US,60,20200915,160000,17.57,17.5999,17.49,17.49,9455,0
GCC.US,60,20200915,170000,17.49,17.5289,17.471,17.5289,29236,0
GCC.US,60,20200915,180000,17.52,17.581,17.52,17.5756,5966,0
GCC.US,60,20200915,190000,17.559,17.559,17.5477,17.5529,3553,0
GCC.US,60,20200915,200000,17.58,17.63,17.58,17.6007,1865,0
GCC.US,60,20200915,210000,17.57,17.5882,17.57,17.5882,648,0
GCC.US,60,20200915,220000,17.57,17.59,17.56,17.56,1569,0
GCC.US,60,20200916,160000,17.52,17.6152,17.52,17.6152,9832,0
GCC.US,60,20200916,170000,17.62,17.64,17.6,17.631,1204,0
GCC.US,60,20200916,180000,17.66,17.6636,17.65,17.6636,835,0
GCC.US,60,20200916,190000,17.665,17.665,17.665,17.665,344,0
GCC.US,60,20200916,200000,17.6455,17.6455,17.645,17.645,1129,0
GCC.US,60,20200916,210000,17.65,17.67,17.63,17.63,300,0
GCC.US,60,20200916,220000,17.64,17.64,17.61,17.61,1193,0
GCC.US,60,20200917,160000,17.5,17.535,17.5,17.535,400,0
GCC.US,60,20200917,170000,17.5488,17.63,17.5488,17.62,11100,0
GCC.US,60,20200917,180000,17.63,17.65,17.63,17.63,400,0
GCC.US,60,20200917,190000,17.63,17.6851,17.63,17.67,1850,0
GCC.US,60,20200917,210000,17.6899,17.705,17.671,17.671,3588,0
GCC.US,60,20200917,220000,17.66,17.68,17.66,17.68,1630,0
GCC.US,60,20200918,160000,17.701,17.75,17.66,17.7209,11350,0
GCC.US,60,20200918,170000,17.705,17.75,17.705,17.7168,3120,0
GCC.US,60,20200918,180000,17.72,17.77,17.72,17.755,2756,0
GCC.US,60,20200918,190000,17.76,17.82,17.75,17.775,25847,0
GCC.US,60,20200918,200000,17.76,17.78,17.7501,17.78,1429,0
GCC.US,60,20200918,210000,17.79,17.8,17.77,17.785,3350,0
GCC.US,60,20200918,220000,17.79,17.81,17.7879,17.81,2748,0
GCC.US,60,20200921,160000,17.64,17.64,17.48,17.505,35345,0
GCC.US,60,20200921,170000,17.45,17.4646,17.365,17.365,887,0
GCC.US,60,20200921,180000,17.32,17.38,17.26,17.2784,94522,0
GCC.US,60,20200921,200000,17.29,17.3074,17.285,17.3074,1800,0
GCC.US,60,20200921,220000,17.325,17.41,17.325,17.41,5516,0
GCC.US,60,20200922,160000,17.25,17.41,17.25,17.41,2847,0
GCC.US,60,20200922,170000,17.35,17.3798,17.34,17.34,1900,0
GCC.US,60,20200922,180000,17.3243,17.3243,17.3243,17.3243,150,0
GCC.US,60,20200922,190000,17.3,17.3,17.27,17.27,200,0
GCC.US,60,20200922,200000,17.2708,17.31,17.2708,17.31,1100,0
GCC.US,60,20200922,210000,17.3,17.3,17.28,17.295,500,0
GCC.US,60,20200922,220000,17.2936,17.2936,17.29,17.29,695,0
GCC.US,60,20200923,160000,17.2499,17.2499,17.19,17.19,282,0
GCC.US,60,20200923,170000,17.185,17.2081,17.185,17.2081,803,0
GCC.US,60,20200923,180000,17.21,17.2109,17.21,17.2109,1200,0
GCC.US,60,20200923,190000,17.18,17.18,17.18,17.18,100,0
GCC.US,60,20200923,200000,17.1848,17.1848,17.16,17.16,424,0
GCC.US,60,20200923,210000,17.115,17.115,17.09,17.09,1065,0
GCC.US,60,20200923,220000,17.085,17.09,17.06,17.09,2914,0
GCC.US,60,20200924,170000,17.05,17.05,17.05,17.05,100,0
GCC.US,60,20200924,180000,17.02,17.05,17.02,17.05,624,0
GCC.US,60,20200924,190000,17.08,17.11,17.07,17.0704,1715,0
GCC.US,60,20200924,200000,17.1,17.1497,17.1,17.13,1632,0
GCC.US,60,20200924,210000,17.147,17.147,17.147,17.147,105,0
GCC.US,60,20200924,220000,17.09,17.11,17.09,17.11,1010,0
GCC.US,60,20200925,180000,17.172,17.172,17.172,17.172,2145,0
GCC.US,60,20200925,190000,17.1643,17.165,17.16,17.165,4935,0
GCC.US,60,20200925,200000,17.165,17.17,17.165,17.17,400,0
GCC.US,60,20200925,220000,17.15,17.18,17.15,17.18,688,0
GCC.US,60,20200928,160000,17.26,17.26,17.16,17.16,2623,0
GCC.US,60,20200928,170000,17.155,17.1784,17.14,17.155,1842,0
GCC.US,60,20200928,210000,17.2,17.265,17.2,17.265,4854,0
GCC.US,60,20200928,220000,17.2444,17.2444,17.19,17.19,3529,0
GCC.US,60,20200929,160000,17.12,17.12,17.12,17.12,1404,0
GCC.US,60,20200929,180000,17.09,17.11,17.08,17.08,3726,0
GCC.US,60,20200929,190000,17.105,17.11,17.1,17.1,1608,0
GCC.US,60,20200929,200000,17.11,17.169,17.11,17.15,85507,0
GCC.US,60,20200929,220000,17.135,17.1473,17.12,17.12,4466,0
GCC.US,60,20200930,160000,17.1401,17.1401,17.1401,17.1401,200,0
GCC.US,60,20200930,170000,17.173,17.22,17.1411,17.22,2016,0
GCC.US,60,20200930,180000,17.2443,17.25,17.2441,17.25,1432,0
GCC.US,60,20200930,190000,17.27,17.38,17.27,17.38,6371,0
GCC.US,60,20200930,200000,17.38,17.39,17.352,17.352,1504,0
GCC.US,60,20200930,210000,17.35,17.35,17.3499,17.3499,400,0
GCC.US,60,20200930,220000,17.33,17.37,17.29,17.29,4343,0
GCC.US,60,20201001,170000,17.11,17.1528,17.11,17.1528,125627,0
GCC.US,60,20201001,180000,17.15,17.18,17.111,17.16,12645,0
GCC.US,60,20201001,190000,17.17,17.1765,17.14,17.14,19280,0
GCC.US,60,20201001,200000,17.17,17.23,17.16,17.17,18037,0
GCC.US,60,20201001,210000,17.15,17.16,17.15,17.16,200,0
GCC.US,60,20201001,220000,17.1881,17.1881,17.14,17.14,2286,0
GCC.US,60,20201002,170000,17.09,17.11,17.08,17.11,12504,0
GCC.US,60,20201002,180000,17.13,17.13,17.1,17.1,1185,0
GCC.US,60,20201002,190000,17.1196,17.1196,17.1196,17.1196,105,0
GCC.US,60,20201002,200000,17.07,17.0978,17.06,17.06,8241,0
GCC.US,60,20201002,210000,17.07,17.07,17.04,17.05,1300,0
GCC.US,60,20201002,220000,17.05,17.08,17.04,17.04,1314,0
GCC.US,60,20201005,160000,17.15,17.3,17.15,17.245,15127,0
GCC.US,60,20201005,170000,17.28,17.3425,17.28,17.3425,4220,0
GCC.US,60,20201005,180000,17.323,17.323,17.323,17.323,100,0
GCC.US,60,20201005,190000,17.29,17.3354,17.29,17.3354,2996,0
GCC.US,60,20201005,200000,17.3,17.326,17.3,17.326,820,0
GCC.US,60,20201005,210000,17.3173,17.3173,17.3173,17.3173,200,0
GCC.US,60,20201005,220000,17.3365,17.3365,17.32,17.32,2756,0
GCC.US,60,20201006,160000,17.39,17.43,17.39,17.43,2065,0
GCC.US,60,20201006,170000,17.43,17.455,17.43,17.455,1569,0
GCC.US,60,20201006,180000,17.45,17.45,17.45,17.45,200,0
GCC.US,60,20201006,190000,17.395,17.395,17.39,17.3922,1345,0
GCC.US,60,20201006,200000,17.38,17.3988,17.38,17.39,2636,0
GCC.US,60,20201006,210000,17.39,17.41,17.315,17.32,7065,0
GCC.US,60,20201006,220000,17.29,17.3,17.285,17.285,17285,0
GCC.US,60,20201007,160000,17.38,17.46,17.38,17.46,250,0
GCC.US,60,20201007,170000,17.419,17.48,17,17.39,3140,0
GCC.US,60,20201007,180000,17.44,17.47,17.44,17.47,4820,0
GCC.US,60,20201007,190000,17.46,17.47,17.425,17.425,9715,0
GCC.US,60,20201007,200000,17.42,17.47,17.42,17.46,1808,0
GCC.US,60,20201007,210000,17.455,17.46,17.45,17.46,5187,0
GCC.US,60,20201007,220000,17.46,17.48,17.4,17.4,2246,0
GCC.US,60,20201008,160000,17.59,17.6,17.57,17.57,2445,0
GCC.US,60,20201008,170000,17.5322,17.5322,17.5322,17.5322,300,0
GCC.US,60,20201008,180000,17.57,17.57,17.57,17.57,140,0
GCC.US,60,20201008,190000,17.53,17.5334,17.511,17.5258,2890,0
GCC.US,60,20201008,200000,17.51,17.53,17.51,17.53,3428,0
GCC.US,60,20201008,220000,17.52,17.54,17.51,17.54,924,0
GCC.US,60,20201009,160000,17.66,17.66,17.66,17.66,2117,0
GCC.US,60,20201009,170000,17.69,17.6921,17.69,17.6921,227,0
GCC.US,60,20201009,180000,17.69,17.74,17.69,17.74,1228,0
GCC.US,60,20201009,190000,17.74,17.74,17.72,17.72,4600,0
GCC.US,60,20201009,200000,17.72,17.73,17.72,17.73,565,0
GCC.US,60,20201009,210000,17.725,17.725,17.725,17.725,100,0
GCC.US,60,20201009,220000,17.715,17.75,17.715,17.75,984,0
GCC.US,60,20201012,160000,17.81,17.81,17.6356,17.6356,4324,0
GCC.US,60,20201012,170000,17.5999,17.5999,17.587,17.587,1390,0
GCC.US,60,20201012,180000,17.5952,17.5952,17.5943,17.5943,4073,0
GCC.US,60,20201012,200000,17.545,17.545,17.535,17.535,1360,0
GCC.US,60,20201012,220000,17.5377,17.57,17.53,17.57,1344,0
GCC.US,60,20201013,160000,17.43,17.475,17.43,17.475,1541,0
GCC.US,60,20201013,170000,17.47,17.47,17.47,17.47,1644,0
GCC.US,60,20201013,180000,17.481,17.5124,17.481,17.51,23478,0
GCC.US,60,20201013,200000,17.5059,17.5059,17.5059,17.5059,305,0
GCC.US,60,20201013,210000,17.51,17.5227,17.494,17.5,2404,0
GCC.US,60,20201013,220000,17.51,17.53,17.49,17.49,3709,0
GCC.US,60,20201014,160000,17.63,17.63,17,17.55,2200,0
GCC.US,60,20201014,170000,17.56,17.56,17.56,17.56,100,0
GCC.US,60,20201014,180000,17.56,17.56,17.56,17.56,200,0
GCC.US,60,20201014,190000,17.5601,17.57,17.5579,17.57,3600,0
GCC.US,60,20201014,200000,17.5986,17.6279,17.5986,17.6279,2000,0
GCC.US,60,20201014,210000,17.615,17.6183,17.6,17.6133,2413,0
GCC.US,60,20201014,220000,17.61,17.63,17.6003,17.63,4100,0
GCC.US,60,20201015,170000,17.5198,17.5198,17.5198,17.5198,950,0
GCC.US,60,20201015,180000,17.54,17.625,17.54,17.625,115474,0
GCC.US,60,20201015,190000,17.62,17.62,17.62,17.62,110,0
GCC.US,60,20201015,200000,17.6,17.615,17.6,17.615,200,0
GCC.US,60,20201015,210000,17.62,17.64,17.62,17.64,934,0
GCC.US,60,20201015,220000,17.69,17.69,17.69,17.69,312,0
GCC.US,60,20201016,160000,17.58,17.58,17.58,17.58,1387,0
GCC.US,60,20201016,170000,17.635,17.6401,17.635,17.635,2585,0
GCC.US,60,20201016,180000,17.62,17.63,17.59,17.62,2401,0
GCC.US,60,20201016,190000,17.625,17.64,17.625,17.64,607,0
GCC.US,60,20201016,200000,17.61,17.64,17.61,17.64,5692,0
GCC.US,60,20201016,210000,17.61,17.61,17.6062,17.6062,1290,0
GCC.US,60,20201016,220000,17.62,17.62,17.58,17.61,811,0
GCC.US,60,20201019,160000,17.68,17.7,17.6742,17.7,2551,0
GCC.US,60,20201019,180000,17.67,17.67,17.67,17.67,100,0
GCC.US,60,20201019,190000,17.655,17.655,17.655,17.655,700,0
GCC.US,60,20201019,210000,17.6219,17.63,17.6,17.63,1056,0
GCC.US,60,20201019,220000,17.6,17.6127,17.58,17.6,2001,0
GCC.US,60,20201020,170000,17.679,17.679,17.679,17.679,138,0
GCC.US,60,20201020,180000,17.6498,17.6498,17.635,17.635,1126,0
GCC.US,60,20201020,190000,17.65,17.65,17.65,17.65,200,0
GCC.US,60,20201020,200000,17.66,17.7084,17.66,17.7084,7393,0
GCC.US,60,20201020,210000,17.715,17.72,17.7,17.7,950,0
GCC.US,60,20201020,220000,17.7189,17.7189,17.67,17.67,900,0
GCC.US,60,20201021,160000,17.76,17.86,17.76,17.86,27681,0
GCC.US,60,20201021,170000,17.8198,17.85,17.8198,17.82,12109,0
GCC.US,60,20201021,180000,17.76,17.77,17.73,17.77,6216,0
GCC.US,60,20201021,190000,17.75,17.75,17.75,17.75,100,0
GCC.US,60,20201021,200000,17.74,17.74,17.7238,17.7238,845,0
GCC.US,60,20201021,210000,17.73,17.7364,17.7201,17.7225,4630,0
GCC.US,60,20201021,220000,17.73,17.73,17.68,17.73,8403,0
GCC.US,60,20201022,170000,17.7,17.7,17.7,17.7,1900,0
GCC.US,60,20201022,180000,17.77,17.7703,17.765,17.765,2070,0
GCC.US,60,20201022,190000,17.758,17.758,17.7201,17.7201,2490,0
GCC.US,60,20201022,200000,17.745,17.745,17.7318,17.7318,1618,0
GCC.US,60,20201022,210000,17.7366,17.7366,17.7366,17.7366,600,0
GCC.US,60,20201022,220000,17.7301,17.74,17.73,17.73,2909,0
GCC.US,60,20201023,160000,17.72,17.779,17.72,17.745,2425,0
GCC.US,60,20201023,170000,17.7355,17.7696,17.7355,17.74,1300,0
GCC.US,60,20201023,180000,17.72,17.72,17.72,17.72,220,0
GCC.US,60,20201023,190000,17.7,17.7,17.6982,17.6982,665,0
GCC.US,60,20201023,200000,17.7003,17.7003,17.68,17.6885,1195,0
GCC.US,60,20201023,210000,17.7159,17.749,17.7159,17.7483,2650,0
GCC.US,60,20201023,220000,17.735,17.76,17.72,17.76,3092,0
GCC.US,60,20201026,150000,17.65,17.65,17.6,17.6092,7070,0
GCC.US,60,20201026,160000,17.6,17.6222,17.5709,17.6222,4575,0
GCC.US,60,20201026,170000,17.55,17.58,17.55,17.58,2603,0
GCC.US,60,20201026,180000,17.6235,17.6235,17.6088,17.6088,2039,0
GCC.US,60,20201026,190000,17.63,17.63,17.63,17.63,200,0
GCC.US,60,20201026,200000,17.625,17.6358,17.601,17.6358,3099,0
GCC.US,60,20201026,210000,17.64,17.66,17.59,17.59,1147,0
GCC.US,60,20201027,150000,17.63,17.63,17.63,17.63,6300,0
GCC.US,60,20201027,160000,17.695,17.695,17.695,17.695,668,0
GCC.US,60,20201027,170000,17.7133,17.7133,17.7133,17.7133,100,0
GCC.US,60,20201027,180000,17.69,17.69,17.6764,17.6764,490,0
GCC.US,60,20201027,200000,17.7,17.7,17.65,17.689,16305,0
GCC.US,60,20201027,210000,17.65,17.69,17.63,17.63,1716,0
GCC.US,60,20201028,150000,17.33,17.34,17.2995,17.2995,22582,0
GCC.US,60,20201028,160000,17.31,17.31,17.31,17.31,400,0
GCC.US,60,20201028,170000,17.3091,17.368,17.3091,17.368,2430,0
GCC.US,60,20201028,200000,17.32,17.32,17.32,17.32,200,0
GCC.US,60,20201028,210000,17.3142,17.3142,17.31,17.3131,2748,0
GCC.US,60,20201029,150000,17.34,17.34,17.02,17.02,457,0
GCC.US,60,20201029,160000,17.087,17.087,17.0801,17.081,422,0
GCC.US,60,20201029,190000,17.13,17.13,17.13,17.13,100,0
GCC.US,60,20201029,200000,17.148,17.148,17.148,17.148,600,0
GCC.US,60,20201029,210000,17.18,17.2,17.14,17.14,12846,0
GCC.US,60,20201030,150000,17.26,17.26,17.25,17.25,200,0
GCC.US,60,20201030,170000,17.11,17.11,17.0968,17.0968,21040,0
GCC.US,60,20201030,180000,17.125,17.125,17.125,17.125,585,0
GCC.US,60,20201030,190000,17.1233,17.1233,17.1233,17.1233,350,0
GCC.US,60,20201030,210000,17.16,17.16,17.16,17.16,300,0
GCC.US,60,20201102,160000,17.1663,17.1663,17.1663,17.1663,888,0
GCC.US,60,20201102,170000,17.1501,17.2,17.12,17.12,1461,0
GCC.US,60,20201102,180000,17.1301,17.2,17.1301,17.158,73369,0
GCC.US,60,20201102,190000,17.1573,17.25,17.1573,17.24,1531,0
GCC.US,60,20201102,200000,17.1999,17.23,17.195,17.22,3266,0
GCC.US,60,20201102,210000,17.23,17.29,17.23,17.279,64267,0
GCC.US,60,20201102,220000,17.28,17.31,17.244,17.31,4496,0
GCC.US,60,20201103,160000,17.43,17.43,17.4,17.4,1810,0
GCC.US,60,20201103,170000,17.39,17.39,17.365,17.37,461,0
GCC.US,60,20201103,180000,17.3312,17.38,17.3312,17.38,800,0
GCC.US,60,20201103,190000,17.335,17.35,17.329,17.3499,7398,0
GCC.US,60,20201103,200000,17.32,17.35,17.3,17.32,16280,0
GCC.US,60,20201103,220000,17.35,17.37,17.35,17.37,1050,0
GCC.US,60,20201104,160000,17.33,17.33,17.33,17.33,100,0
GCC.US,60,20201104,170000,17.34,17.38,17.34,17.38,21068,0
GCC.US,60,20201104,180000,17.44,17.44,17.44,17.44,100,0
GCC.US,60,20201104,190000,17.4,17.4,17.4,17.4,300,0
GCC.US,60,20201104,200000,17.43,17.45,17.42,17.42,6179,0
GCC.US,60,20201104,210000,17.4484,17.4899,17.445,17.4899,3383,0
GCC.US,60,20201104,220000,17.48,17.48,17.46,17.48,7944,0
GCC.US,60,20201105,160000,17.6,17.76,17.6,17.73,5725,0
GCC.US,60,20201105,170000,17.7601,17.7601,17.73,17.73,10241,0
GCC.US,60,20201105,180000,17.7,17.7,17.6847,17.6847,1010,0
GCC.US,60,20201105,190000,17.6359,17.649,17.62,17.62,3549,0
GCC.US,60,20201105,200000,17.61,17.67,17.61,17.6366,4500,0
GCC.US,60,20201105,210000,17.615,17.65,17.615,17.6302,3731,0
GCC.US,60,20201105,220000,17.644,17.66,17.59,17.61,5049,0
GCC.US,60,20201106,160000,17.6666,17.6666,17.6666,17.6666,927,0
GCC.US,60,20201106,190000,17.61,17.6199,17.61,17.6199,1100,0
GCC.US,60,20201106,200000,17.6209,17.6209,17.6001,17.6001,2245,0
GCC.US,60,20201106,210000,17.61,17.65,17.61,17.63,7200,0
GCC.US,60,20201106,220000,17.6,17.64,17.6,17.64,1502,0
GCC.US,60,20201109,160000,17.72,17.76,17.72,17.76,3032,0
GCC.US,60,20201109,170000,17.7,17.7,17.7,17.7,100,0
GCC.US,60,20201109,180000,17.6217,17.6217,17.6217,17.6217,565,0
GCC.US,60,20201109,190000,17.6885,17.72,17.68,17.6857,4429,0
GCC.US,60,20201109,200000,17.6899,17.71,17.6733,17.69,9978,0
GCC.US,60,20201109,210000,17.6899,17.72,17.6827,17.72,5883,0
GCC.US,60,20201109,220000,17.7174,17.74,17.65,17.65,10831,0
GCC.US,60,20201110,160000,17.75,17.78,17.75,17.78,600,0
GCC.US,60,20201110,180000,17.784,17.84,17.784,17.825,3709,0
GCC.US,60,20201110,190000,17.8699,17.9245,17.8699,17.882,5104,0
GCC.US,60,20201110,200000,17.919,17.92,17.8989,17.92,7010,0
GCC.US,60,20201110,210000,17.9201,17.9201,17.9201,17.9201,500,0
GCC.US,60,20201110,220000,17.93,17.94,17.93,17.93,2153,0
GCC.US,60,20201111,160000,18.01,18.01,17.93,17.9799,1901,0
GCC.US,60,20201111,170000,17.9514,17.98,17.9514,17.98,17912,0
GCC.US,60,20201111,180000,17.94,17.94,17.9017,17.9017,20651,0
GCC.US,60,20201111,190000,17.91,17.91,17.8981,17.91,5678,0
GCC.US,60,20201111,210000,17.88,17.93,17.88,17.8801,46899,0
GCC.US,60,20201111,220000,17.92,17.93,17.8911,17.92,5159,0
GCC.US,60,20201112,160000,17.97,17.97,17.8971,17.9,16954,0
GCC.US,60,20201112,180000,17.93,17.93,17.893,17.893,1177,0
GCC.US,60,20201112,190000,17.9247,17.93,17.915,17.915,3400,0
GCC.US,60,20201112,200000,17.915,17.915,17.8615,17.8615,3649,0
GCC.US,60,20201112,210000,17.8831,17.8831,17.849,17.849,975,0
GCC.US,60,20201112,220000,17.8507,17.8507,17.8201,17.84,6316,0
GCC.US,60,20201113,160000,17.93,17.93,17.923,17.923,506,0
GCC.US,60,20201113,170000,17.8661,17.8791,17.8426,17.8426,1553,0
GCC.US,60,20201113,180000,17.8761,17.8761,17.8646,17.8646,7762,0
GCC.US,60,20201113,190000,17.8732,17.9,17.87,17.8999,5378,0
GCC.US,60,20201113,200000,17.899,17.9,17.87,17.8701,3078,0
GCC.US,60,20201113,210000,17.88,17.88,17.825,17.825,900,0
GCC.US,60,20201113,220000,17.825,17.84,17.8,17.81,16423,0
GCC.US,60,20201116,160000,17.96,17.96,17.9,17.9,1707,0
GCC.US,60,20201116,170000,17.9131,17.9131,17.9131,17.9131,145,0
GCC.US,60,20201116,180000,17.98,18.025,17.98,18.025,753,0
GCC.US,60,20201116,190000,18.0214,18.05,18.0214,18.0499,103305,0
GCC.US,60,20201116,200000,18.025,18.03,18.025,18.03,815,0
GCC.US,60,20201116,210000,18.015,18.02,18.015,18.02,800,0
GCC.US,60,20201116,220000,18.0176,18.05,18.0176,18.05,256254,0
GCC.US,60,20201117,160000,18,18,18,18,4472,0
GCC.US,60,20201117,170000,18.105,18.105,18.07,18.08,3327,0
GCC.US,60,20201117,180000,18.08,18.0899,18.07,18.07,2420,0
GCC.US,60,20201117,190000,18.08,18.0863,18.07,18.085,631,0
GCC.US,60,20201117,200000,18.085,18.109,18.0787,18.09,239273,0
GCC.US,60,20201117,210000,18.09,18.1199,18.09,18.1,45224,0
GCC.US,60,20201117,220000,18.1299,18.1299,18.04,18.05,188698,0
GCC.US,60,20201118,160000,18.1,18.19,18.1,18.19,1622,0
GCC.US,60,20201118,170000,18.22,18.38,18.22,18.2431,1046,0
GCC.US,60,20201118,180000,18.25,18.25,18.23,18.23,387,0
GCC.US,60,20201118,190000,18.275,18.2823,18.275,18.2823,976,0
GCC.US,60,20201118,200000,18.28,18.28,18.21,18.2184,4025,0
GCC.US,60,20201118,210000,18.225,18.225,18.17,18.17,29725,0
GCC.US,60,20201118,220000,18.171,18.171,18.14,18.14,5887,0
GCC.US,60,20201119,160000,18.04,18.08,18.04,18.08,10540,0
GCC.US,60,20201119,170000,18.075,18.1099,18.041,18.1099,6110,0
GCC.US,60,20201119,180000,18.075,18.085,18.07,18.07,6209,0
GCC.US,60,20201119,190000,18.07,18.0881,18.07,18.0881,655,0
GCC.US,60,20201119,200000,18.09,18.1001,18.09,18.1001,600,0
GCC.US,60,20201119,210000,18.1,18.1199,18.08,18.1199,10447,0
GCC.US,60,20201119,220000,18.1,18.12,18.1,18.12,276,0
GCC.US,60,20201120,160000,18.17,18.2547,18.17,18.2418,26425,0
GCC.US,60,20201120,170000,18.24,18.24,18.1655,18.1655,4590,0
GCC.US,60,20201120,180000,18.1443,18.16,18.1443,18.16,343,0
GCC.US,60,20201120,190000,18.18,18.23,18.18,18.195,2512,0
GCC.US,60,20201120,200000,18.23,18.23,18.1937,18.23,2214,0
GCC.US,60,20201120,210000,18.23,18.24,18.1991,18.24,11020,0
GCC.US,60,20201120,220000,18.23,18.26,18.2,18.2,48994,0
GCC.US,60,20201123,160000,18.31,18.34,18.305,18.3163,3416,0
GCC.US,60,20201123,170000,18.27,18.2734,18.27,18.2734,897,0
GCC.US,60,20201123,180000,18.2426,18.2426,18.2384,18.24,2260,0
GCC.US,60,20201123,190000,18.2699,18.31,18.2699,18.31,3187,0
GCC.US,60,20201123,200000,18.28,18.28,18.259,18.259,927,0
GCC.US,60,20201123,210000,18.2567,18.31,18.2567,18.285,16712,0
GCC.US,60,20201123,220000,18.31,18.31,18.28,18.3,7191,0
GCC.US,60,20201124,160000,18.14,18.28,18.14,18.28,1577,0
GCC.US,60,20201124,170000,18.305,18.33,18.305,18.33,1200,0
GCC.US,60,20201124,180000,18.37,18.37,18.345,18.3502,834,0
GCC.US,60,20201124,190000,18.355,18.366,18.355,18.366,500,0
GCC.US,60,20201124,210000,18.41,18.41,18.3843,18.395,1695,0
GCC.US,60,20201124,220000,18.41,18.42,18.33,18.33,9313,0
GCC.US,60,20201125,160000,18.35,18.41,18.35,18.386,4637,0
GCC.US,60,20201125,170000,18.33,18.37,18.33,18.37,937,0
GCC.US,60,20201125,180000,18.355,18.355,18.34,18.34,1250,0
GCC.US,60,20201125,190000,18.3645,18.3899,18.35,18.3899,2803,0
GCC.US,60,20201125,200000,18.37,18.375,18.37,18.375,1300,0
GCC.US,60,20201125,210000,18.4029,18.4029,18.34,18.34,4271,0
GCC.US,60,20201125,220000,18.3462,18.36,18.3462,18.35,1713,0
GCC.US,60,20201127,160000,18.38,18.415,18.3418,18.415,5843,0
GCC.US,60,20201127,170000,18.41,18.425,18.4,18.4,10374,0
GCC.US,60,20201127,180000,18.43,18.43,18.43,18.43,100,0
GCC.US,60,20201127,190000,18.43,18.43,18.43,18.43,400,0
GCC.US,60,20201127,200000,18.4357,18.4357,18.4357,18.4357,0,0
GCC.US,60,20201127,220000,18.4357,18.4357,18.4357,18.4357,0,0
GCC.US,60,20201130,160000,18.44,18.45,18.38,18.38,1911,0
GCC.US,60,20201130,170000,18.4,18.4,18.3451,18.37,1180,0
GCC.US,60,20201130,180000,18.33,18.3499,18.29,18.32,39549,0
GCC.US,60,20201130,190000,18.36,18.36,18.32,18.335,2100,0
GCC.US,60,20201130,200000,18.31,18.3108,18.29,18.3004,4780,0
GCC.US,60,20201130,210000,18.305,18.35,18.3,18.35,2925,0
GCC.US,60,20201130,220000,18.34,18.34,18.27,18.34,6495,0
GCC.US,60,20201201,160000,18.4,18.4207,18.4,18.4207,2039,0
GCC.US,60,20201201,170000,18.4201,18.4201,18.36,18.3686,2504,0
GCC.US,60,20201201,180000,18.38,18.44,18.38,18.4186,82514,0
GCC.US,60,20201201,190000,18.34,18.34,18.34,18.34,1000,0
GCC.US,60,20201201,200000,18.33,18.335,18.3271,18.3271,1547,0
GCC.US,60,20201201,210000,18.34,18.34,18.33,18.33,1125,0
GCC.US,60,20201201,220000,18.3299,18.3299,18.31,18.31,1296,0
GCC.US,60,20201202,160000,18.29,18.29,18.21,18.29,815,0
GCC.US,60,20201202,170000,18.33,18.33,18.33,18.33,300,0
GCC.US,60,20201202,180000,18.3601,18.4,18.3601,18.4,377,0
GCC.US,60,20201202,200000,18.3752,18.385,18.37,18.385,883,0
GCC.US,60,20201202,210000,18.3608,18.3608,18.3493,18.3493,855,0
GCC.US,60,20201202,220000,18.338,18.338,18.32,18.32,2656,0
GCC.US,60,20201203,160000,18.335,18.34,18.335,18.34,1184,0
GCC.US,60,20201203,170000,18.32,18.3261,18.32,18.3261,300,0
GCC.US,60,20201203,180000,18.32,18.32,18.25,18.29,9631,0
GCC.US,60,20201203,190000,18.29,18.3184,18.29,18.3,1198,0
GCC.US,60,20201203,200000,18.315,18.3358,18.315,18.3358,1875,0
GCC.US,60,20201203,210000,18.34,18.34,18.34,18.34,100,0
GCC.US,60,20201203,220000,18.3526,18.36,18.32,18.34,1904,0
GCC.US,60,20201204,160000,18.4094,18.4094,18.4094,18.4094,500,0
GCC.US,60,20201204,170000,18.36,18.36,18.36,18.36,100,0
GCC.US,60,20201204,180000,18.36,18.36,18.36,18.36,200,0
GCC.US,60,20201204,190000,18.42,18.42,18.42,18.42,33671,0
GCC.US,60,20201204,200000,18.42,18.43,18.42,18.43,1400,0
GCC.US,60,20201204,210000,18.4135,18.42,18.35,18.35,45178,0
GCC.US,60,20201204,220000,18.3773,18.3773,18.36,18.36,3682,0
GCC.US,60,20201207,160000,18.45,18.45,18.1981,18.2288,14875,0
GCC.US,60,20201207,170000,18.2481,18.27,18.24,18.27,12941,0
GCC.US,60,20201207,180000,18.3644,18.4,18.3644,18.4,4120,0
GCC.US,60,20201207,190000,18.3959,18.3959,18.3959,18.3959,350,0
GCC.US,60,20201207,200000,18.3923,18.3923,18.378,18.378,1855,0
GCC.US,60,20201207,210000,18.36,18.36,18.3331,18.3397,1663,0
GCC.US,60,20201207,220000,18.345,18.36,18.3301,18.36,54982,0
GCC.US,60,20201208,160000,18.26,18.265,18.26,18.265,236,0
GCC.US,60,20201208,170000,18.28,18.28,18.2292,18.2292,774,0
GCC.US,60,20201208,180000,18.255,18.28,18.23,18.28,975,0
GCC.US,60,20201208,190000,18.2865,18.2865,18.278,18.285,2578,0
GCC.US,60,20201208,200000,18.3,18.3,18.28,18.28,7285,0
GCC.US,60,20201208,210000,18.29,18.29,18.2603,18.2603,7206,0
GCC.US,60,20201208,220000,18.275,18.2899,18.23,18.25,20962,0
GCC.US,60,20201209,160000,18.33,18.33,18.33,18.33,5276,0
GCC.US,60,20201209,170000,18.29,18.295,18.29,18.29,6300,0
GCC.US,60,20201209,180000,18.277,18.29,18.27,18.2898,3700,0
GCC.US,60,20201209,190000,18.28,18.33,18.28,18.2956,4733,0
GCC.US,60,20201209,210000,18.28,18.28,18.28,18.28,386,0
GCC.US,60,20201209,220000,18.25,18.27,18.25,18.26,4029,0
GCC.US,60,20201210,160000,18.29,18.485,18.29,18.485,1006,0
GCC.US,60,20201210,170000,18.5,18.64,18.49,18.58,6271,0
GCC.US,60,20201210,180000,18.54,18.54,18.52,18.52,200,0
GCC.US,60,20201210,200000,18.48,18.485,18.48,18.485,1170,0
GCC.US,60,20201210,210000,18.46,18.51,18.46,18.51,1227,0
GCC.US,60,20201210,220000,18.478,18.52,18.47,18.47,11885,0
GCC.US,60,20201211,160000,18.3,18.3,18.3,18.3,619,0
GCC.US,60,20201211,170000,18.43,18.5,18.4201,18.47,7296,0
GCC.US,60,20201211,180000,18.5,18.5,18.495,18.495,1043,0
GCC.US,60,20201211,190000,18.52,18.52,18.49,18.49,343,0
GCC.US,60,20201211,200000,18.49,18.49,18.49,18.49,2900,0
GCC.US,60,20201211,210000,18.49,18.5036,18.49,18.5036,500,0
GCC.US,60,20201211,220000,18.49,18.49,18.47,18.47,1262,0
GCC.US,60,20201214,160000,18.58,18.61,18.5318,18.5318,5080,0
GCC.US,60,20201214,170000,18.58,18.59,18.535,18.535,1832,0
GCC.US,60,20201214,180000,18.5,18.505,18.5,18.505,331,0
GCC.US,60,20201214,190000,18.53,18.53,18.5,18.525,7427,0
GCC.US,60,20201214,200000,18.55,18.55,18.5432,18.5432,326,0
GCC.US,60,20201214,210000,18.54,18.58,18.54,18.58,10306,0
GCC.US,60,20201214,220000,18.555,18.58,18.555,18.57,3137,0
GCC.US,60,20201215,160000,18.63,18.63,18.5988,18.5988,1193,0
GCC.US,60,20201215,170000,18.65,18.65,18.65,18.65,135,0
GCC.US,60,20201215,180000,18.655,18.66,18.63,18.6599,2921,0
GCC.US,60,20201215,190000,18.6323,18.66,18.6323,18.66,2010,0
GCC.US,60,20201215,200000,18.66,18.66,18.66,18.66,2900,0
GCC.US,60,20201215,210000,18.66,18.709,18.651,18.6897,8493,0
GCC.US,60,20201215,220000,18.6956,18.7167,18.68,18.71,5171,0
GCC.US,60,20201216,160000,18.7,18.7519,18.7,18.72,4854,0
GCC.US,60,20201216,170000,18.72,18.725,18.71,18.71,3550,0
GCC.US,60,20201216,180000,18.69,18.69,18.69,18.69,200,0
GCC.US,60,20201216,190000,18.7129,18.7129,18.6993,18.6993,2000,0
GCC.US,60,20201216,200000,18.7,18.76,18.7,18.749,571,0
GCC.US,60,20201216,210000,18.76,18.76,18.71,18.7596,1454,0
GCC.US,60,20201216,220000,18.79,18.8,18.769,18.8,1229,0
GCC.US,60,20201217,160000,18.92,18.935,18.89,18.89,11915,0
GCC.US,60,20201217,170000,18.91,18.96,18.87,18.87,11613,0
GCC.US,60,20201217,180000,18.885,18.8999,18.88,18.88,3681,0
GCC.US,60,20201217,190000,18.89,18.9201,18.89,18.895,7500,0
GCC.US,60,20201217,200000,18.9319,18.949,18.91,18.93,15651,0
GCC.US,60,20201217,210000,18.92,18.97,18.92,18.94,8746,0
GCC.US,60,20201217,220000,18.96,18.9761,18.9,18.9,78229,0
GCC.US,60,20201218,160000,19.04,19.04,18.75,18.75,3809,0
GCC.US,60,20201218,170000,18.83,18.83,18.695,18.75,12635,0
GCC.US,60,20201218,180000,18.67,18.725,18.64,18.72,11601,0
GCC.US,60,20201218,200000,18.7256,18.78,18.7256,18.78,610,0
GCC.US,60,20201218,210000,18.7424,18.7424,18.73,18.7373,600,0
GCC.US,60,20201218,220000,18.739,18.74,18.72,18.73,19694,0
GCC.US,60,20201221,160000,20,20,18.59,18.76,3277,0
GCC.US,60,20201221,170000,18.7798,18.89,18.67,18.89,1203,0
GCC.US,60,20201221,180000,18.89,18.89,18.66,18.66,660,0
GCC.US,60,20201221,190000,18.765,18.79,18.7464,18.7464,4600,0
GCC.US,60,20201221,200000,18.73,18.8599,18.73,18.8599,3901,0
GCC.US,60,20201221,210000,18.75,18.86,18.75,18.85,7121,0
GCC.US,60,20201221,220000,18.85,18.8999,18.8,18.89,6071,0
GCC.US,60,20201222,160000,18.89,19.23,18.74,18.74,3813,0
GCC.US,60,20201222,170000,18.7201,18.7201,18.61,18.61,8626,0
GCC.US,60,20201222,180000,18.7,18.7,18.6444,18.6444,366,0
GCC.US,60,20201222,190000,18.6537,18.6537,18.65,18.65,835,0
GCC.US,60,20201222,200000,18.66,18.68,18.66,18.68,850,0
GCC.US,60,20201222,210000,18.6519,18.6739,18.645,18.665,6155,0
GCC.US,60,20201222,220000,18.65,18.65,18.54,18.55,22718,0
GCC.US,60,20201223,160000,18.67,18.79,18.67,18.7899,8866,0
GCC.US,60,20201223,170000,18.775,18.7899,18.775,18.78,1474,0
GCC.US,60,20201223,180000,18.79,18.87,18.79,18.87,20387,0
GCC.US,60,20201223,190000,18.8348,18.85,18.82,18.85,2100,0
GCC.US,60,20201223,200000,18.8394,18.879,18.82,18.835,9751,0
GCC.US,60,20201223,210000,18.82,18.82,18.78,18.78,5863,0
GCC.US,60,20201223,220000,18.7971,18.8299,18.78,18.8,5153,0
GCC.US,60,20201224,160000,18.79,18.91,18.79,18.82,3517,0
GCC.US,60,20201224,170000,18.8299,18.855,18.8175,18.835,3914,0
GCC.US,60,20201224,180000,18.88,18.9,18.851,18.851,2477,0
GCC.US,60,20201224,190000,18.89,18.89,18.86,18.86,2043,0
GCC.US,60,20201224,200000,18.864,18.864,18.864,18.864,0,0
GCC.US,60,20201224,220000,18.864,18.864,18.864,18.864,0,0
GCC.US,60,20201228,160000,18.86,19.01,18.852,18.9385,11503,0
GCC.US,60,20201228,170000,19.02,19.02,18.911,18.98,14426,0
GCC.US,60,20201228,180000,18.9094,18.99,18.9094,18.95,3630,0
GCC.US,60,20201228,190000,18.92,18.92,18.86,18.9,9219,0
GCC.US,60,20201228,200000,18.8999,18.97,18.85,18.9,29396,0
GCC.US,60,20201228,210000,18.9,18.97,18.8777,18.97,10916,0
GCC.US,60,20201228,220000,18.99,19,18.81,18.81,7958,0
GCC.US,60,20201229,160000,19.03,19.03,18.87,18.87,6953,0
GCC.US,60,20201229,170000,18.8592,18.8592,18.84,18.855,5418,0
GCC.US,60,20201229,180000,18.87,18.93,18.87,18.93,4303,0
GCC.US,60,20201229,190000,18.91,18.92,18.875,18.89,2202,0
GCC.US,60,20201229,200000,18.875,18.89,18.86,18.87,1348,0
GCC.US,60,20201229,210000,18.88,18.9,18.876,18.9,2731,0
GCC.US,60,20201229,220000,18.8804,18.92,18.8804,18.92,5955,0
GCC.US,60,20201230,160000,18.98,18.98,18.95,18.95,10328,0
GCC.US,60,20201230,170000,19.04,19.04,18.9401,19.0007,1819,0
GCC.US,60,20201230,180000,19.009,19.01,18.985,19,4010,0
GCC.US,60,20201230,190000,19,19.01,18.94,18.9602,14675,0
GCC.US,60,20201230,200000,18.96,18.975,18.96,18.971,8027,0
GCC.US,60,20201230,210000,19.0047,19.01,19,19,1932,0
GCC.US,60,20201230,220000,19,19.02,19,19.02,6918,0
GCC.US,60,20201231,160000,19.03,19.03,18.96,18.96,7909,0
GCC.US,60,20201231,170000,18.99,18.99,18.9878,18.9878,1710,0
GCC.US,60,20201231,180000,18.96,18.96,18.96,18.96,800,0
GCC.US,60,20201231,190000,18.99,18.99,18.97,18.97,3277,0
GCC.US,60,20201231,200000,18.999,18.999,18.9933,18.9933,834,0
GCC.US,60,20201231,210000,19.04,19.04,19.025,19.03,7943,0
GCC.US,60,20201231,220000,19,19.05,18.99,19.05,4107,0
GCC.US,60,20210104,160000,19.04,19.4,19.04,19.3799,15066,0
GCC.US,60,20210104,170000,19.35,19.35,19.17,19.24,3024,0
GCC.US,60,20210104,180000,19.2299,19.23,19.15,19.15,2892,0
GCC.US,60,20210104,190000,19.18,19.18,19.11,19.11,15265,0
GCC.US,60,20210104,200000,19.11,19.21,19.11,19.2,86815,0
GCC.US,60,20210104,210000,19.1933,19.2,19.155,19.18,6996,0
GCC.US,60,20210104,220000,19.15,19.19,19.15,19.15,10672,0
GCC.US,60,20210105,160000,19.3,19.47,19.3,19.39,18482,0
GCC.US,60,20210105,170000,19.42,19.5,19.39,19.48,13460,0
GCC.US,60,20210105,180000,19.46,19.51,19.46,19.48,3219,0
GCC.US,60,20210105,190000,19.53,19.54,19.5,19.52,7816,0
GCC.US,60,20210105,200000,19.53,19.55,19.52,19.55,3703,0
GCC.US,60,20210105,210000,19.55,19.55,19.5,19.52,37053,0
GCC.US,60,20210105,220000,19.525,19.53,19.48,19.52,11012,0
GCC.US,60,20210106,160000,19.52,19.52,19.4541,19.469,5543,0
GCC.US,60,20210106,170000,19.4701,19.485,19.45,19.45,6437,0
GCC.US,60,20210106,180000,19.4023,19.46,19.38,19.45,19930,0
GCC.US,60,20210106,190000,19.43,19.43,19.41,19.42,3100,0
GCC.US,60,20210106,200000,19.4101,19.44,19.4101,19.4253,8870,0
GCC.US,60,20210106,210000,19.4297,19.43,19.42,19.43,4590,0
GCC.US,60,20210106,220000,19.429,19.43,19.425,19.43,1854,0
GCC.US,60,20210107,160000,19.51,19.51,19.465,19.465,4276,0
GCC.US,60,20210107,170000,19.46,19.47,19.45,19.45,3632,0
GCC.US,60,20210107,180000,19.4684,19.47,19.42,19.435,16733,0
GCC.US,60,20210107,190000,19.4499,19.45,19.42,19.425,2343,0
GCC.US,60,20210107,200000,19.4605,19.465,19.4605,19.465,400,0
GCC.US,60,20210107,210000,19.465,19.48,19.465,19.48,8084,0
GCC.US,60,20210107,220000,19.48,19.5,19.47,19.5,2452,0
GCC.US,60,20210108,160000,19.51,19.51,19.25,19.25,7441,0
GCC.US,60,20210108,170000,19.265,19.27,19.22,19.24,18078,0
GCC.US,60,20210108,180000,19.3,19.329,19.277,19.277,23371,0
GCC.US,60,20210108,190000,19.2401,19.29,19.204,19.204,5190,0
GCC.US,60,20210108,200000,19.22,19.22,19.1202,19.18,10943,0
GCC.US,60,20210108,210000,19.2,19.24,19.18,19.23,3925,0
GCC.US,60,20210108,220000,19.23,19.289,19.23,19.25,2222,0
GCC.US,60,20210111,160000,19.06,19.06,19.02,19.02,6231,0
GCC.US,60,20210111,170000,19.0498,19.0955,19.0498,19.0955,3586,0
GCC.US,60,20210111,180000,19.089,19.109,19.089,19.1062,8312,0
GCC.US,60,20210111,190000,19.115,19.15,19.115,19.1275,2720,0
GCC.US,60,20210111,200000,19.1398,19.1398,19.09,19.1,6910,0
GCC.US,60,20210111,210000,19.101,19.1299,19.0902,19.1,26090,0
GCC.US,60,20210111,220000,19.1,19.12,19.1,19.11,3245,0
GCC.US,60,20210112,160000,19.23,19.23,19.2198,19.2198,6112,0
GCC.US,60,20210112,170000,19.27,19.29,19.27,19.28,1220,0
GCC.US,60,20210112,180000,19.28,19.28,19.25,19.255,534,0
GCC.US,60,20210112,190000,19.2901,19.35,19.2901,19.3499,10230,0
GCC.US,60,20210112,200000,19.345,19.39,19.29,19.39,1342,0
GCC.US,60,20210112,210000,19.4171,19.47,19.39,19.47,3450,0
GCC.US,60,20210112,220000,19.48,19.48,19.41,19.44,4260,0
GCC.US,60,20210113,160000,19.4,19.43,19.4,19.43,2095,0
GCC.US,60,20210113,170000,19.4,19.4381,19.4,19.4381,1309,0
GCC.US,60,20210113,180000,19.435,19.435,19.42,19.43,500,0
GCC.US,60,20210113,190000,19.42,19.4294,19.38,19.4157,1155,0
GCC.US,60,20210113,200000,19.42,19.4433,19.42,19.43,1532,0
GCC.US,60,20210113,210000,19.43,19.44,19.42,19.429,5098,0
GCC.US,60,20210113,220000,19.4201,19.4201,19.37,19.4,7578,0
GCC.US,60,20210114,160000,19.44,19.46,19.44,19.46,5566,0
GCC.US,60,20210114,170000,19.45,19.49,19.42,19.49,1596,0
GCC.US,60,20210114,180000,19.46,19.528,19.46,19.5,11418,0
GCC.US,60,20210114,190000,19.53,19.585,19.53,19.585,2300,0
GCC.US,60,20210114,200000,19.6,19.6,19.5701,19.5701,2839,0
GCC.US,60,20210114,210000,19.5704,19.589,19.5704,19.579,3473,0
GCC.US,60,20210114,220000,19.57,19.59,19.53,19.58,83135,0
GCC.US,60,20210115,160000,19.49,19.49,19.4038,19.4399,6093,0
GCC.US,60,20210115,170000,19.445,19.445,19.2701,19.2701,2615,0
GCC.US,60,20210115,180000,19.369,19.37,19.345,19.345,2300,0
GCC.US,60,20210115,190000,19.35,19.35,19.329,19.3325,2890,0
GCC.US,60,20210115,200000,19.35,19.359,19.349,19.349,1360,0
GCC.US,60,20210115,210000,19.34,19.35,19.32,19.32,14172,0
GCC.US,60,20210115,220000,19.349,19.349,19.29,19.29,29346,0
GCC.US,60,20210119,160000,19.4,19.47,19.3515,19.3826,6394,0
GCC.US,60,20210119,170000,19.47,19.47,19.3767,19.4282,5491,0
GCC.US,60,20210119,180000,19.4085,19.42,19.4,19.4,419,0
GCC.US,60,20210119,190000,19.37,19.3933,19.37,19.3933,1124,0
GCC.US,60,20210119,200000,19.41,19.41,19.38,19.39,3246,0
GCC.US,60,20210119,210000,19.3782,19.3856,19.3401,19.37,6897,0
GCC.US,60,20210119,220000,19.37,19.39,19.35,19.38,143457,0
GCC.US,60,20210120,160000,19.52,19.52,19.41,19.41,1727,0
GCC.US,60,20210120,170000,19.44,19.485,19.44,19.485,3036,0
GCC.US,60,20210120,180000,19.475,19.4784,19.47,19.4784,4036,0
GCC.US,60,20210120,190000,19.4717,19.48,19.4717,19.475,1947,0
GCC.US,60,20210120,200000,19.4833,19.49,19.4833,19.49,1413,0
GCC.US,60,20210120,210000,19.4601,19.48,19.4501,19.459,5099,0
GCC.US,60,20210120,220000,19.4501,19.46,19.4501,19.46,2714,0
GCC.US,60,20210121,160000,19.55,19.55,19.4756,19.4756,3105,0
GCC.US,60,20210121,170000,19.4703,19.52,19.47,19.48,3064,0
GCC.US,60,20210121,180000,19.4799,19.49,19.4601,19.4601,1848,0
GCC.US,60,20210121,190000,19.4601,19.49,19.46,19.4701,20555,0
GCC.US,60,20210121,200000,19.4733,19.49,19.47,19.4811,11387,0
GCC.US,60,20210121,210000,19.499,19.51,19.4763,19.4852,9969,0
GCC.US,60,20210121,220000,19.5,19.5,19.4701,19.5,13482,0
GCC.US,60,20210122,160000,19.31,19.31,19.25,19.29,6759,0
GCC.US,60,20210122,170000,19.32,19.3425,19.305,19.329,2760,0
GCC.US,60,20210122,180000,19.34,19.35,19.2832,19.2832,5162,0
GCC.US,60,20210122,190000,19.306,19.306,19.25,19.25,2795,0
GCC.US,60,20210122,200000,19.2515,19.2515,19.2515,19.2515,137,0
GCC.US,60,20210122,210000,19.245,19.27,19.2297,19.26,7355,0
GCC.US,60,20210122,220000,19.21,19.25,19.18,19.18,6147,0
GCC.US,60,20210125,160000,19.22,19.26,19.22,19.25,7032,0
GCC.US,60,20210125,170000,19.2723,19.2999,19.2579,19.26,1664,0
GCC.US,60,20210125,180000,19.2461,19.28,19.2363,19.27,1816,0
GCC.US,60,20210125,190000,19.285,19.32,19.285,19.3042,2300,0
GCC.US,60,20210125,200000,19.329,19.329,19.31,19.31,3255,0
GCC.US,60,20210125,210000,19.29,19.32,19.29,19.32,14816,0
GCC.US,60,20210125,220000,19.2986,19.32,19.2986,19.32,3012,0
GCC.US,60,20210126,160000,19.43,19.43,19.37,19.37,635,0
GCC.US,60,20210126,170000,19.41,19.419,19.3001,19.3001,40084,0
GCC.US,60,20210126,180000,19.335,19.345,19.31,19.3301,5092,0
GCC.US,60,20210126,190000,19.3394,19.355,19.3239,19.3416,10725,0
GCC.US,60,20210126,200000,19.33,19.3569,19.33,19.3569,3935,0
GCC.US,60,20210126,210000,19.355,19.37,19.345,19.3495,9227,0
GCC.US,60,20210126,220000,19.335,19.36,19.33,19.36,6196,0
GCC.US,60,20210127,160000,19.22,19.22,19.22,19.22,2433,0
GCC.US,60,20210127,170000,19.2241,19.245,19.2241,19.245,1550,0
GCC.US,60,20210127,180000,19.25,19.27,19.25,19.265,621,0
GCC.US,60,20210127,190000,19.25,19.275,19.25,19.275,404,0
GCC.US,60,20210127,200000,19.24,19.2669,19.24,19.25,1439,0
GCC.US,60,20210127,210000,19.2001,19.21,19.19,19.21,800,0
GCC.US,60,20210127,220000,19.15,19.2,19.15,19.17,4576,0
GCC.US,60,20210128,160000,19.39,19.47,19.39,19.39,1144,0
GCC.US,60,20210128,170000,19.4288,19.435,19.42,19.43,1705,0
GCC.US,60,20210128,180000,19.2799,19.2799,19.265,19.265,1600,0
GCC.US,60,20210128,190000,19.269,19.269,19.21,19.21,8298,0
GCC.US,60,20210128,200000,19.225,19.24,19.19,19.2399,7902,0
GCC.US,60,20210128,210000,19.23,19.23,19.2,19.22,50655,0
GCC.US,60,20210128,220000,19.22,19.23,19.2,19.2,3907,0
GCC.US,60,20210129,160000,19.32,19.3543,19.32,19.3543,1110,0
GCC.US,60,20210129,170000,19.4399,19.4399,19.3385,19.3385,1175,0
GCC.US,60,20210129,180000,19.3699,19.3699,19.29,19.3097,8329,0
GCC.US,60,20210129,190000,19.35,19.35,19.265,19.265,5933,0
GCC.US,60,20210129,200000,19.27,19.3,19.2401,19.3,7234,0
GCC.US,60,20210129,210000,19.2885,19.2906,19.2401,19.2401,6530,0
GCC.US,60,20210129,220000,19.245,19.27,19.2449,19.26,37162,0
GCC.US,60,20210201,160000,19.55,19.57,19.475,19.475,17521,0
GCC.US,60,20210201,170000,19.49,19.54,19.34,19.3558,119873,0
GCC.US,60,20210201,180000,19.37,19.48,19.37,19.45,21157,0
GCC.US,60,20210201,190000,19.44,19.485,19.43,19.485,4371,0
GCC.US,60,20210201,200000,19.4961,19.545,19.485,19.5055,7950,0
GCC.US,60,20210201,210000,19.51,19.54,19.5,19.511,10003,0
GCC.US,60,20210201,220000,19.55,19.56,19.49,19.49,34471,0
GCC.US,60,20210202,160000,19.46,19.46,19.34,19.34,2629,0
GCC.US,60,20210202,170000,19.3561,19.39,19.3561,19.389,12110,0
GCC.US,60,20210202,180000,19.3973,19.43,19.3973,19.4199,15863,0
GCC.US,60,20210202,190000,19.419,19.419,19.41,19.41,1278,0
GCC.US,60,20210202,200000,19.375,19.385,19.3701,19.385,2623,0
GCC.US,60,20210202,210000,19.375,19.3994,19.375,19.39,1438,0
GCC.US,60,20210202,220000,19.395,19.395,19.37,19.37,4335,0
GCC.US,60,20210203,160000,19.44,19.47,19.44,19.47,7509,0
GCC.US,60,20210203,170000,19.47,19.47,19.44,19.4519,17464,0
GCC.US,60,20210203,180000,19.475,19.519,19.475,19.51,6695,0
GCC.US,60,20210203,190000,19.52,19.52,19.51,19.52,1900,0
GCC.US,60,20210203,200000,19.51,19.51,19.4972,19.51,2500,0
GCC.US,60,20210203,210000,19.505,19.52,19.48,19.51,4727,0
GCC.US,60,20210203,220000,19.5,19.52,19.4806,19.51,27347,0
GCC.US,60,20210204,160000,19.41,19.41,19.3501,19.375,4592,0
GCC.US,60,20210204,170000,19.3858,19.3858,19.365,19.365,2508,0
GCC.US,60,20210204,180000,19.3801,19.43,19.3801,19.404,5425,0
GCC.US,60,20210204,190000,19.3901,19.41,19.3901,19.395,4532,0
GCC.US,60,20210204,200000,19.4099,19.47,19.39,19.4608,5125,0
GCC.US,60,20210204,210000,19.4466,19.47,19.42,19.46,85347,0
GCC.US,60,20210204,220000,19.47,19.48,19.42,19.42,2428,0
GCC.US,60,20210205,160000,19.54,19.7,19.54,19.61,8540,0
GCC.US,60,20210205,170000,19.6008,19.6297,19.585,19.6297,1373,0
GCC.US,60,20210205,180000,19.635,19.67,19.635,19.67,6842,0
GCC.US,60,20210205,190000,19.655,19.71,19.6534,19.67,16337,0
GCC.US,60,20210205,200000,19.67,19.67,19.65,19.658,6541,0
GCC.US,60,20210205,210000,19.66,19.68,19.6514,19.6514,6426,0
GCC.US,60,20210205,220000,19.67,19.6733,19.64,19.64,3463,0
GCC.US,60,20210208,160000,19.92,19.92,19.814,19.85,3108,0
GCC.US,60,20210208,170000,19.85,19.91,19.83,19.881,21606,0
GCC.US,60,20210208,180000,19.8899,19.92,19.88,19.895,16528,0
GCC.US,60,20210208,190000,19.891,19.93,19.891,19.9141,3004,0
GCC.US,60,20210208,200000,19.915,19.915,19.89,19.9,31433,0
GCC.US,60,20210208,210000,19.899,19.9099,19.8925,19.9098,3048,0
GCC.US,60,20210208,220000,19.8949,19.9199,19.89,19.91,10185,0
GCC.US,60,20210209,160000,20,20,19.9,19.9,6014,0
GCC.US,60,20210209,170000,19.964,20.0163,19.96,20.0163,7879,0
GCC.US,60,20210209,180000,20.0015,20.03,20,20.03,32235,0
GCC.US,60,20210209,190000,20.02,20.05,19.9697,19.98,19191,0
GCC.US,60,20210209,200000,19.989,19.99,19.96,19.97,6293,0
GCC.US,60,20210209,210000,19.99,20.01,19.99,20.005,8981,0
GCC.US,60,20210209,220000,20.019,20.05,19.99,20.05,9194,0
GCC.US,60,20210210,160000,20.08,20.08,20.029,20.029,4942,0
GCC.US,60,20210210,170000,20.029,20.029,19.9175,19.93,9877,0
GCC.US,60,20210210,180000,19.98,20,19.97,20,2775,0
GCC.US,60,20210210,190000,19.999,20.02,19.9565,20.02,9538,0
GCC.US,60,20210210,200000,20.03,20.03,20.005,20.005,4480,0
GCC.US,60,20210210,210000,20.01,20.02,19.9992,20,7414,0
GCC.US,60,20210210,220000,20,20,19.96,19.99,5509,0
GCC.US,60,20210211,160000,20.06,20.09,20.04,20.085,143162,0
GCC.US,60,20210211,170000,20.064,20.09,20.04,20.0894,22653,0
GCC.US,60,20210211,180000,20.055,20.0899,20.01,20.01,19288,0
GCC.US,60,20210211,190000,20.015,20.015,19.95,19.985,5331,0
GCC.US,60,20210211,200000,19.9701,19.99,19.97,19.9822,2650,0
GCC.US,60,20210211,210000,19.9929,20.0023,19.98,19.98,77477,0
GCC.US,60,20210211,220000,19.995,20.04,19.98,20.04,2405,0
GCC.US,60,20210212,160000,20.04,20.04,20.03,20.03,2076,0
GCC.US,60,20210212,170000,20.015,20.04,20.015,20.04,2398,0
GCC.US,60,20210212,180000,20.08,20.201,20.06,20.201,26488,0
GCC.US,60,20210212,190000,20.17,20.19,20.1581,20.1581,38703,0
GCC.US,60,20210212,200000,20.15,20.15,20.13,20.15,46791,0
GCC.US,60,20210212,210000,20.15,20.1599,20.08,20.105,5874,0
GCC.US,60,20210212,220000,20.11,20.18,20.09,20.18,1633,0
GCC.US,60,20210216,160000,20.21,20.22,20.1,20.195,11247,0
GCC.US,60,20210216,170000,20.23,20.2879,20.17,20.17,7520,0
GCC.US,60,20210216,180000,20.255,20.3,20.2046,20.2178,15027,0
GCC.US,60,20210216,190000,20.215,20.215,20.215,20.215,650,0
GCC.US,60,20210216,200000,20.245,20.25,20.21,20.25,5310,0
GCC.US,60,20210216,210000,20.27,20.32,20.25,20.2629,42118,0
GCC.US,60,20210216,220000,20.27,20.3299,20.25,20.28,40064,0
GCC.US,60,20210217,160000,20.41,20.41,20.15,20.22,4028,0
GCC.US,60,20210217,170000,20.21,20.2499,20.1636,20.2499,4393,0
GCC.US,60,20210217,180000,20.1876,20.22,20.13,20.13,6330,0
GCC.US,60,20210217,190000,20.14,20.1723,20.14,20.17,1298,0
GCC.US,60,20210217,200000,20.1899,20.28,20.18,20.2402,1840,0
GCC.US,60,20210217,210000,20.26,20.27,20.19,20.23,4450,0
GCC.US,60,20210217,220000,20.23,20.32,20.21,20.32,10220,0
GCC.US,60,20210218,160000,20.4,20.4,20.2825,20.37,7581,0
GCC.US,60,20210218,170000,20.3,20.3,20.24,20.2701,16844,0
GCC.US,60,20210218,180000,20.3,20.34,20.2778,20.2778,6290,0
GCC.US,60,20210218,190000,20.2798,20.3,20.26,20.28,1643,0
GCC.US,60,20210218,200000,20.26,20.28,20.23,20.23,3276,0
GCC.US,60,20210218,210000,20.27,20.31,20.27,20.2957,7347,0
GCC.US,60,20210218,220000,20.3,20.36,20.215,20.36,12969,0
GCC.US,60,20210219,160000,20.46,20.51,20.46,20.51,1735,0
GCC.US,60,20210219,170000,20.49,20.49,20.42,20.48,5189,0
GCC.US,60,20210219,180000,20.47,20.47,20.3801,20.3801,6276,0
GCC.US,60,20210219,190000,20.3828,20.3876,20.37,20.37,1387,0
GCC.US,60,20210219,200000,20.37,20.39,20.3425,20.39,8806,0
GCC.US,60,20210219,210000,20.37,20.39,20.3257,20.33,5637,0
GCC.US,60,20210219,220000,20.345,20.37,20.33,20.34,5557,0
GCC.US,60,20210222,160000,20.48,20.6499,20.48,20.6125,15251,0
GCC.US,60,20210222,170000,20.6599,20.69,20.6234,20.69,15937,0
GCC.US,60,20210222,180000,20.68,20.71,20.68,20.69,7014,0
GCC.US,60,20210222,190000,20.7199,20.76,20.69,20.715,5091,0
GCC.US,60,20210222,200000,20.715,20.76,20.71,20.76,5973,0
GCC.US,60,20210222,210000,20.77,20.79,20.75,20.785,13521,0
GCC.US,60,20210222,220000,20.79,20.815,20.75,20.8,21294,0
GCC.US,60,20210223,160000,20.75,20.75,20.5799,20.66,11407,0
GCC.US,60,20210223,170000,20.67,20.765,20.67,20.71,4407,0
GCC.US,60,20210223,180000,20.73,20.75,20.66,20.73,14242,0
GCC.US,60,20210223,190000,20.741,20.75,20.71,20.7148,2814,0
GCC.US,60,20210223,200000,20.69,20.75,20.69,20.72,5551,0
GCC.US,60,20210223,210000,20.74,20.77,20.73,20.75,7967,0
GCC.US,60,20210223,220000,20.75,20.8099,20.75,20.8,3771,0
GCC.US,60,20210224,160000,20.84,20.85,20.8,20.8434,4414,0
GCC.US,60,20210224,170000,20.88,20.915,20.85,20.9143,4427,0
GCC.US,60,20210224,180000,20.9235,20.9899,20.9235,20.985,4019,0
GCC.US,60,20210224,190000,21,21.02,20.9905,21.01,23658,0
GCC.US,60,20210224,200000,21.0015,21.06,21.0015,21.06,14106,0
GCC.US,60,20210224,210000,21.08,21.08,21.04,21.062,10963,0
GCC.US,60,20210224,220000,21.07,21.11,21.045,21.05,10274,0
GCC.US,60,20210225,160000,20.96,20.9999,20.9227,20.9227,3746,0
GCC.US,60,20210225,170000,20.88,20.91,20.87,20.87,19607,0
GCC.US,60,20210225,180000,20.94,20.99,20.9151,20.98,14232,0
GCC.US,60,20210225,190000,20.99,21,20.93,20.93,12415,0
GCC.US,60,20210225,200000,20.9,20.9,20.85,20.875,20657,0
GCC.US,60,20210225,210000,20.8974,20.94,20.8841,20.895,5975,0
GCC.US,60,20210225,220000,20.8818,20.89,20.8,20.8,11583,0
GCC.US,60,20210226,160000,20.71,20.71,20.62,20.62,7644,0
GCC.US,60,20210226,170000,20.57,20.57,20.4731,20.52,4253,0
GCC.US,60,20210226,180000,20.505,20.505,20.39,20.39,10450,0
GCC.US,60,20210226,190000,20.42,20.44,20.37,20.37,9374,0
GCC.US,60,20210226,200000,20.42,20.43,20.4001,20.41,4500,0
GCC.US,60,20210226,210000,20.4395,20.45,20.39,20.4,8122,0
GCC.US,60,20210226,220000,20.41,20.45,20.38,20.38,4725,0
GCC.US,60,20210301,160000,20.55,20.55,20.48,20.49,3726,0
GCC.US,60,20210301,170000,20.5336,20.5336,20.4293,20.47,2144,0
GCC.US,60,20210301,180000,20.5,20.52,20.47,20.47,6165,0
GCC.US,60,20210301,190000,20.44,20.5,20.35,20.35,196144,0
GCC.US,60,20210301,200000,20.315,20.3356,20.255,20.29,194899,0
GCC.US,60,20210301,210000,20.2999,20.31,20.27,20.27,9277,0
GCC.US,60,20210301,220000,20.2922,20.38,20.233,20.38,37484,0
GCC.US,60,20210302,160000,20.43,20.43,20.345,20.3466,2782,0
GCC.US,60,20210302,170000,20.36,20.44,20.36,20.38,4233,0
GCC.US,60,20210302,180000,20.42,20.47,20.42,20.4617,152630,0
GCC.US,60,20210302,190000,20.46,20.52,20.46,20.49,12921,0
GCC.US,60,20210302,200000,20.51,20.515,20.5049,20.51,1541,0
GCC.US,60,20210302,210000,20.52,20.52,20.43,20.43,5028,0
GCC.US,60,20210302,220000,20.4444,20.47,20.41,20.41,15532,0
GCC.US,60,20210303,160000,20.33,20.33,20.295,20.295,12716,0
GCC.US,60,20210303,170000,20.3,20.31,20.2201,20.27,6935,0
GCC.US,60,20210303,180000,20.35,20.39,20.34,20.3706,4352,0
GCC.US,60,20210303,190000,20.355,20.39,20.345,20.39,7500,0
GCC.US,60,20210303,200000,20.38,20.39,20.37,20.37,3845,0
GCC.US,60,20210303,210000,20.37,20.37,20.27,20.3,16122,0
GCC.US,60,20210303,220000,20.33,20.505,20.33,20.34,94632,0
GCC.US,60,20210304,160000,20.35,20.35,20.28,20.28,6813,0
GCC.US,60,20210304,170000,20.25,20.35,20.23,20.35,1778,0
GCC.US,60,20210304,180000,20.475,20.475,20.43,20.45,1335,0
GCC.US,60,20210304,190000,20.45,20.45,20.32,20.32,38241,0
GCC.US,60,20210304,200000,20.26,20.31,20.1308,20.1308,12275,0
GCC.US,60,20210304,210000,20.145,20.21,20.145,20.2061,5345,0
GCC.US,60,20210304,220000,20.22,20.23,20.18,20.18,9525,0
GCC.US,60,20210305,160000,20.47,20.47,20.435,20.44,2160,0
GCC.US,60,20210305,170000,20.44,20.46,20.4209,20.45,15586,0
GCC.US,60,20210305,180000,20.4,20.4134,20.35,20.405,17196,0
GCC.US,60,20210305,190000,20.43,20.4777,20.43,20.47,7165,0
GCC.US,60,20210305,200000,20.46,20.52,20.4515,20.505,9466,0
GCC.US,60,20210305,210000,20.505,20.505,20.47,20.5046,12219,0
GCC.US,60,20210305,220000,20.5,20.52,20.47,20.505,90650,0
GCC.US,60,20210308,160000,20.49,20.49,20.39,20.39,101895,0
GCC.US,60,20210308,170000,20.4,20.43,20.39,20.43,5597,0
GCC.US,60,20210308,180000,20.43,20.45,20.4,20.41,3573,0
GCC.US,60,20210308,190000,20.39,20.4209,20.39,20.41,3315,0
GCC.US,60,20210308,200000,20.41,20.42,20.41,20.4135,648,0
GCC.US,60,20210308,210000,20.4,20.43,20.4,20.4062,3000,0
GCC.US,60,20210308,220000,20.401,20.41,20.36,20.4,1507,0
GCC.US,60,20210309,160000,20.42,20.47,20.42,20.47,2322,0
GCC.US,60,20210309,170000,20.45,20.4699,20.42,20.4562,47160,0
GCC.US,60,20210309,180000,20.41,20.43,20.41,20.43,8889,0
GCC.US,60,20210309,190000,20.43,20.4599,20.39,20.4599,9647,0
GCC.US,60,20210309,200000,20.4639,20.48,20.44,20.44,36432,0
GCC.US,60,20210309,210000,20.44,20.4799,20.44,20.44,26318,0
GCC.US,60,20210309,220000,20.45,20.475,20.41,20.41,30910,0
GCC.US,60,20210310,160000,20.5,20.54,20.5,20.54,1965,0
GCC.US,60,20210310,170000,20.51,20.53,20.44,20.46,13961,0
GCC.US,60,20210310,180000,20.4,20.4433,20.4,20.4139,7806,0
GCC.US,60,20210310,190000,20.43,20.43,20.39,20.4281,14306,0
GCC.US,60,20210310,200000,20.42,20.47,20.42,20.4682,3282,0
GCC.US,60,20210310,210000,20.4804,20.57,20.4804,20.5285,41352,0
GCC.US,60,20210310,220000,20.53,20.61,20.5001,20.61,18728,0
GCC.US,60,20210311,160000,20.6,20.65,20.5689,20.63,5444,0
GCC.US,60,20210311,170000,20.61,20.6698,20.61,20.6698,1900,0
GCC.US,60,20210311,180000,20.67,20.71,20.64,20.65,1580,0
GCC.US,60,20210311,190000,20.68,20.7,20.6701,20.6801,8956,0
GCC.US,60,20210311,200000,20.73,20.73,20.7,20.73,9468,0
GCC.US,60,20210311,210000,20.7101,20.7413,20.7101,20.7413,3490,0
GCC.US,60,20210311,220000,20.74,20.79,20.72,20.77,25251,0
GCC.US,60,20210312,160000,20.7,20.7,20.5425,20.59,2968,0
GCC.US,60,20210312,170000,20.585,20.6067,20.585,20.59,1882,0
GCC.US,60,20210312,180000,20.595,20.6856,20.595,20.6856,1085,0
GCC.US,60,20210312,190000,20.67,20.69,20.6214,20.69,1995,0
GCC.US,60,20210312,200000,20.69,20.72,20.69,20.7095,4543,0
GCC.US,60,20210312,210000,20.7,20.705,20.6601,20.68,8886,0
GCC.US,60,20210312,220000,20.71,20.72,20.6613,20.72,9280,0
GCC.US,60,20210315,150000,20.65,20.67,20.645,20.67,4721,0
GCC.US,60,20210315,160000,20.66,20.6899,20.6,20.6101,6884,0
GCC.US,60,20210315,170000,20.625,20.66,20.62,20.64,3290,0
GCC.US,60,20210315,180000,20.64,20.705,20.64,20.7022,3198,0
GCC.US,60,20210315,190000,20.7,20.7099,20.7,20.7063,806,0
GCC.US,60,20210315,200000,20.71,20.73,20.705,20.705,6899,0
GCC.US,60,20210315,210000,20.7032,20.82,20.695,20.82,11552,0
GCC.US,60,20210316,150000,20.66,20.66,20.5702,20.6,4154,0
GCC.US,60,20210316,160000,20.5637,20.63,20.5637,20.61,3839,0
GCC.US,60,20210316,170000,20.58,20.63,20.5503,20.63,6617,0
GCC.US,60,20210316,180000,20.6,20.62,20.58,20.62,3612,0
GCC.US,60,20210316,190000,20.625,20.6329,20.625,20.626,2990,0
GCC.US,60,20210316,200000,20.64,20.64,20.58,20.6,4175,0
GCC.US,60,20210316,210000,20.62,20.63,20.58,20.63,8021,0
GCC.US,60,20210317,150000,20.54,20.5738,20.54,20.5738,1509,0
GCC.US,60,20210317,160000,20.585,20.61,20.585,20.594,2644,0
GCC.US,60,20210317,170000,20.595,20.595,20.56,20.5601,3346,0
GCC.US,60,20210317,180000,20.5769,20.5977,20.57,20.57,4330,0
GCC.US,60,20210317,190000,20.57,20.6015,20.55,20.6015,3349,0
GCC.US,60,20210317,200000,20.635,20.7055,20.635,20.69,7835,0
GCC.US,60,20210317,210000,20.7016,20.7198,20.67,20.68,17216,0
GCC.US,60,20210318,150000,20.53,20.53,20.4368,20.48,2272,0
GCC.US,60,20210318,160000,20.435,20.46,20.36,20.43,86697,0
GCC.US,60,20210318,170000,20.39,20.44,20.39,20.424,9572,0
GCC.US,60,20210318,180000,20.4235,20.45,20.31,20.32,23933,0
GCC.US,60,20210318,190000,20.31,20.31,20.2501,20.29,14063,0
GCC.US,60,20210318,200000,20.28,20.28,19.8701,20.125,27517,0
GCC.US,60,20210318,210000,20.13,20.13,20.02,20.06,17944,0
GCC.US,60,20210319,150000,20.13,20.15,20.05,20.08,16888,0
GCC.US,60,20210319,160000,20.1259,20.22,20.06,20.22,4671,0
GCC.US,60,20210319,170000,20.22,20.22,20.22,20.22,100,0
GCC.US,60,20210319,180000,20.28,20.34,20.28,20.34,25263,0
GCC.US,60,20210319,190000,20.3301,20.36,20.31,20.33,3342,0
GCC.US,60,20210319,200000,20.335,20.35,20.31,20.321,9586,0
GCC.US,60,20210319,210000,20.3335,20.36,20.32,20.32,21022,0
GCC.US,60,20210322,150000,20.36,20.36,20.29,20.29,1080,0
GCC.US,60,20210322,160000,20.31,20.34,20.295,20.34,1570,0
GCC.US,60,20210322,170000,20.34,20.34,20.3,20.3194,8259,0
GCC.US,60,20210322,180000,20.315,20.315,20.29,20.31,3328,0
GCC.US,60,20210322,190000,20.3,20.35,20.28,20.35,4725,0
GCC.US,60,20210322,200000,20.3386,20.36,20.33,20.36,7478,0
GCC.US,60,20210322,210000,20.345,20.36,20.325,20.35,8276,0
GCC.US,60,20210323,150000,20.12,20.1472,20.01,20.1281,5303,0
GCC.US,60,20210323,160000,20.1454,20.1951,20.09,20.09,16509,0
GCC.US,60,20210323,170000,20.075,20.15,20.075,20.0964,6876,0
GCC.US,60,20210323,180000,20.1065,20.1096,20.08,20.08,5074,0
GCC.US,60,20210323,190000,20.0801,20.0801,19.92,19.965,42978,0
GCC.US,60,20210323,200000,19.97,19.99,19.9083,19.915,3924,0
GCC.US,60,20210323,210000,19.9174,19.9399,19.9,19.9,13221,0
GCC.US,60,20210324,150000,20,20.1199,20,20.1,8306,0
GCC.US,60,20210324,160000,20.115,20.115,20.08,20.0864,1874,0
GCC.US,60,20210324,170000,20.1697,20.18,20.145,20.145,4112,0
GCC.US,60,20210324,180000,20.215,20.25,20.21,20.2391,9247,0
GCC.US,60,20210324,190000,20.2258,20.2258,20.1595,20.195,104617,0
GCC.US,60,20210324,200000,20.195,20.23,20.17,20.215,10076,0
GCC.US,60,20210324,210000,20.21,20.21,20.11,20.11,6160,0
GCC.US,60,20210325,150000,19.98,20.05,19.98,20.05,2297,0
GCC.US,60,20210325,160000,20.005,20.02,19.915,19.915,1698,0
GCC.US,60,20210325,170000,19.885,19.91,19.82,19.85,7045,0
GCC.US,60,20210325,180000,19.9,19.95,19.86,19.9117,11650,0
GCC.US,60,20210325,190000,19.9,19.92,19.8834,19.89,4462,0
GCC.US,60,20210325,200000,19.87,19.97,19.87,19.94,11709,0
GCC.US,60,20210325,210000,19.95,20.02,19.92,20.02,27428,0
GCC.US,60,20210326,150000,20.2,20.2,20.1454,20.1481,7536,0
GCC.US,60,20210326,160000,20.165,20.2,20.165,20.1828,3997,0
GCC.US,60,20210326,170000,20.2174,20.23,20.19,20.23,13104,0
GCC.US,60,20210326,180000,20.23,20.2599,20.2042,20.2599,8922,0
GCC.US,60,20210326,190000,20.24,20.25,20.22,20.2245,10387,0
GCC.US,60,20210326,200000,20.238,20.24,20.185,20.185,18498,0
GCC.US,60,20210326,210000,20.2,20.23,20.2,20.23,5394,0
GCC.US,60,20210329,160000,20.15,20.15,20,20,3101,0
GCC.US,60,20210329,170000,20.0199,20.0399,19.9901,20.0103,4000,0
GCC.US,60,20210329,180000,20.02,20.03,20.02,20.0224,476,0
GCC.US,60,20210329,190000,20.089,20.11,20.089,20.11,347,0
GCC.US,60,20210329,200000,20.115,20.1151,20.0974,20.1151,8731,0
GCC.US,60,20210329,210000,20.13,20.16,20.0901,20.0901,20982,0
GCC.US,60,20210329,220000,20.16,20.17,20.1101,20.14,12671,0
GCC.US,60,20210330,160000,19.9,19.9,19.82,19.82,13105,0
GCC.US,60,20210330,170000,19.89,19.91,19.89,19.91,3300,0
GCC.US,60,20210330,180000,19.8925,19.9038,19.83,19.87,3038,0
GCC.US,60,20210330,190000,19.84,19.84,19.8002,19.82,53260,0
GCC.US,60,20210330,200000,19.81,19.83,19.81,19.83,131836,0
GCC.US,60,20210330,210000,19.8256,19.84,19.8129,19.82,6615,0
GCC.US,60,20210330,220000,19.81,19.83,19.81,19.83,3360,0
GCC.US,60,20210331,160000,19.8,19.8503,19.8,19.8503,2175,0
GCC.US,60,20210331,170000,19.87,19.945,19.87,19.945,688,0
GCC.US,60,20210331,180000,19.93,19.9435,19.92,19.9396,18251,0
GCC.US,60,20210331,190000,20.1339,20.165,20.13,20.165,1800,0
GCC.US,60,20210331,200000,20.16,20.2018,20.1001,20.1221,4762,0
GCC.US,60,20210331,210000,20.085,20.085,20.0277,20.0496,5101,0
GCC.US,60,20210331,220000,20.04,20.06,20.0363,20.06,5113,0
GCC.US,60,20210401,160000,20.245,20.245,20.22,20.22,260,0
GCC.US,60,20210401,170000,20.22,20.22,20.0808,20.0827,1187,0
GCC.US,60,20210401,180000,20.145,20.145,20.06,20.11,22303,0
GCC.US,60,20210401,190000,20.11,20.16,20.1,20.1224,116118,0
GCC.US,60,20210401,200000,20.125,20.3096,20.1205,20.28,124055,0
GCC.US,60,20210401,210000,20.2599,20.2699,20.25,20.25,3347,0
GCC.US,60,20210401,220000,20.2397,20.27,20.215,20.27,20329,0
GCC.US,60,20210405,160000,20.23,20.32,20.23,20.31,5441,0
GCC.US,60,20210405,170000,20.28,20.29,20.2601,20.2601,21870,0
GCC.US,60,20210405,180000,20.2427,20.3,20.24,20.275,29572,0
GCC.US,60,20210405,190000,20.23,20.289,20.1298,20.1499,52783,0
GCC.US,60,20210405,200000,20.11,20.15,20.0934,20.15,3090,0
GCC.US,60,20210405,210000,20.14,20.18,20.14,20.1612,21694,0
GCC.US,60,20210405,220000,20.16,20.2,20.16,20.18,4805,0
GCC.US,60,20210406,160000,20.23,20.45,20.23,20.41,28299,0
GCC.US,60,20210406,170000,20.43,20.49,20.3823,20.44,75756,0
GCC.US,60,20210406,180000,20.44,20.44,20.395,20.395,6414,0
GCC.US,60,20210406,190000,20.395,20.42,20.37,20.37,1922,0
GCC.US,60,20210406,200000,20.36,20.36,20.33,20.33,2209,0
GCC.US,60,20210406,210000,20.3265,20.35,20.3209,20.33,5316,0
GCC.US,60,20210406,220000,20.3138,20.34,20.3,20.3,5802,0
GCC.US,60,20210407,160000,20.32,20.32,20.2291,20.28,5556,0
GCC.US,60,20210407,170000,20.2854,20.35,20.2658,20.28,5603,0
GCC.US,60,20210407,180000,20.2801,20.29,20.22,20.2607,1375,0
GCC.US,60,20210407,190000,20.245,20.28,20.22,20.28,3994,0
GCC.US,60,20210407,200000,20.31,20.3219,20.305,20.31,2098,0
GCC.US,60,20210407,210000,20.3267,20.35,20.29,20.29,7392,0
GCC.US,60,20210407,220000,20.335,20.335,20.28,20.33,10749,0
GCC.US,60,20210408,160000,20.4,20.42,20.37,20.42,6346,0
GCC.US,60,20210408,170000,20.405,20.41,20.39,20.405,1381,0
GCC.US,60,20210408,180000,20.4029,20.47,20.4029,20.45,26224,0
GCC.US,60,20210408,190000,20.45,20.47,20.4294,20.45,7156,0
GCC.US,60,20210408,200000,20.4456,20.4456,20.4456,20.4456,324,0
GCC.US,60,20210408,210000,20.475,20.475,20.4548,20.4548,5435,0
GCC.US,60,20210408,220000,20.44,20.49,20.44,20.49,8299,0
GCC.US,60,20210409,160000,20.41,20.41,20.41,20.41,545,0
GCC.US,60,20210409,170000,20.36,20.36,20.3478,20.3478,1389,0
GCC.US,60,20210409,180000,20.3847,20.4018,20.3701,20.3701,2330,0
GCC.US,60,20210409,190000,20.37,20.3721,20.3499,20.3721,2720,0
GCC.US,60,20210409,200000,20.34,20.3509,20.34,20.35,840,0
GCC.US,60,20210409,220000,20.34,20.37,20.34,20.37,3906,0
GCC.US,60,20210412,160000,20.36,20.36,20.2526,20.2526,9219,0
GCC.US,60,20210412,170000,20.2434,20.26,20.2434,20.25,900,0
GCC.US,60,20210412,180000,20.2337,20.235,20.21,20.21,5541,0
GCC.US,60,20210412,190000,20.2001,20.2198,20.1701,20.2198,4064,0
GCC.US,60,20210412,200000,20.2,20.2078,20.2,20.2078,662,0
GCC.US,60,20210412,210000,20.1962,20.1962,20.1734,20.1734,3985,0
GCC.US,60,20210412,220000,20.1803,20.22,20.18,20.22,4582,0
GCC.US,60,20210413,160000,20.31,20.37,20.31,20.37,679,0
GCC.US,60,20210413,170000,20.44,20.45,20.34,20.3635,13375,0
GCC.US,60,20210413,180000,20.3704,20.4,20.34,20.3734,44966,0
GCC.US,60,20210413,190000,20.3947,20.4,20.37,20.37,1910,0
GCC.US,60,20210413,200000,20.3792,20.38,20.3792,20.38,1350,0
GCC.US,60,20210413,210000,20.38,20.38,20.3733,20.3733,639,0
GCC.US,60,20210413,220000,20.39,20.4,20.37,20.4,10289,0
GCC.US,60,20210414,160000,20.52,20.585,20.52,20.585,35554,0
GCC.US,60,20210414,170000,20.585,20.68,20.585,20.68,40429,0
GCC.US,60,20210414,180000,20.68,20.69,20.666,20.675,54537,0
GCC.US,60,20210414,190000,20.71,20.74,20.71,20.73,15361,0
GCC.US,60,20210414,200000,20.725,20.73,20.72,20.73,6587,0
GCC.US,60,20210414,210000,20.73,20.73,20.71,20.71,2165,0
GCC.US,60,20210414,220000,20.7,20.78,20.6884,20.78,9269,0
GCC.US,60,20210415,160000,20.86,20.86,20.795,20.795,1456,0
GCC.US,60,20210415,170000,20.854,20.8963,20.854,20.875,7180,0
GCC.US,60,20210415,180000,20.8913,20.8913,20.8501,20.88,1990,0
GCC.US,60,20210415,190000,20.88,20.92,20.8721,20.8965,14911,0
GCC.US,60,20210415,200000,20.8994,20.9,20.8801,20.8997,5320,0
GCC.US,60,20210415,210000,20.895,20.91,20.89,20.895,3073,0
GCC.US,60,20210415,220000,20.9,20.91,20.89,20.91,4202,0
GCC.US,60,20210416,160000,20.93,20.97,20.885,20.89,3746,0
GCC.US,60,20210416,170000,20.885,20.92,20.88,20.905,7159,0
GCC.US,60,20210416,180000,20.89,20.895,20.875,20.875,878,0
GCC.US,60,20210416,190000,20.88,20.88,20.8521,20.855,11044,0
GCC.US,60,20210416,200000,20.86,20.88,20.86,20.88,488,0
GCC.US,60,20210416,210000,20.865,20.879,20.85,20.87,13597,0
GCC.US,60,20210416,220000,20.8694,20.8897,20.85,20.87,13595,0
GCC.US,60,20210419,160000,21,21,20.94,20.945,4312,0
GCC.US,60,20210419,170000,20.912,20.912,20.9,20.91,3968,0
GCC.US,60,20210419,180000,20.8905,20.905,20.8905,20.905,356,0
GCC.US,60,20210419,190000,20.91,20.93,20.9,20.91,17671,0
GCC.US,60,20210419,200000,20.905,20.93,20.9,20.93,800,0
GCC.US,60,20210419,210000,20.9098,20.91,20.89,20.9,4369,0
GCC.US,60,20210419,220000,20.89,20.98,20.89,20.98,8483,0
GCC.US,60,20210420,160000,21.01,21.0257,21.01,21.015,1735,0
GCC.US,60,20210420,170000,21.05,21.0734,20.89,20.9,6271,0
GCC.US,60,20210420,180000,20.8895,20.89,20.855,20.89,5384,0
GCC.US,60,20210420,190000,20.9398,20.95,20.9,20.9,726,0
GCC.US,60,20210420,200000,20.9024,20.91,20.9024,20.91,440,0
GCC.US,60,20210420,210000,20.91,20.9138,20.9068,20.9068,3205,0
GCC.US,60,20210420,220000,20.9099,20.928,20.9,20.915,6970,0
GCC.US,60,20210421,160000,20.83,20.94,20.83,20.94,1256,0
GCC.US,60,20210421,170000,21.01,21.06,21.01,21.06,600,0
GCC.US,60,20210421,180000,21.045,21.0798,21.045,21.07,2152,0
GCC.US,60,20210421,190000,21.07,21.07,21.0617,21.0617,998,0
GCC.US,60,20210421,200000,21.03,21.06,21.03,21.0465,1571,0
GCC.US,60,20210421,210000,21.05,21.05,21.041,21.0437,1573,0
GCC.US,60,20210421,220000,21.04,21.09,21.03,21.09,11066,0
GCC.US,60,20210422,160000,21.12,21.12,21.0372,21.05,4798,0
GCC.US,60,20210422,170000,21.04,21.04,21.04,21.04,100,0
GCC.US,60,20210422,180000,21.14,21.14,21.104,21.13,3920,0
GCC.US,60,20210422,190000,21.1135,21.1135,21.1135,21.1135,250,0
GCC.US,60,20210422,200000,21.11,21.13,21.11,21.13,1960,0
GCC.US,60,20210422,210000,21.11,21.13,21.09,21.13,3902,0
GCC.US,60,20210422,220000,21.1397,21.14,21.11,21.13,11289,0
GCC.US,60,20210423,160000,21.21,21.21,21.198,21.1986,1323,0
GCC.US,60,20210423,170000,21.17,21.195,21.1681,21.1681,1103,0
GCC.US,60,20210423,180000,21.2056,21.2243,21.1921,21.2243,769,0
GCC.US,60,20210423,190000,21.22,21.2422,21.22,21.2422,3284,0
GCC.US,60,20210423,200000,21.225,21.2599,21.225,21.2599,2820,0
GCC.US,60,20210423,210000,21.245,21.258,21.23,21.23,3383,0
GCC.US,60,20210423,220000,21.2566,21.31,21.25,21.31,16995,0
GCC.US,60,20210426,160000,21.36,21.4,21.32,21.32,2770,0
GCC.US,60,20210426,170000,21.32,21.36,21.32,21.36,21676,0
GCC.US,60,20210426,180000,21.385,21.45,21.385,21.435,16666,0
GCC.US,60,20210426,190000,21.455,21.49,21.455,21.47,6178,0
GCC.US,60,20210426,200000,21.4708,21.49,21.4608,21.48,4820,0
GCC.US,60,20210426,210000,21.497,21.5,21.4822,21.5,7034,0
GCC.US,60,20210426,220000,21.5,21.58,20.76,20.76,611490,0
GCC.US,60,20210427,160000,21.61,21.61,21.49,21.58,11964,0
GCC.US,60,20210427,170000,21.56,21.59,21.54,21.58,13560,0
GCC.US,60,20210427,180000,21.6019,21.6019,21.585,21.6,1200,0
GCC.US,60,20210427,190000,21.565,21.5682,21.565,21.5682,3110,0
GCC.US,60,20210427,200000,21.55,21.58,21.546,21.58,5620,0
GCC.US,60,20210427,210000,21.57,21.57,21.54,21.57,11502,0
GCC.US,60,20210427,220000,21.56,21.59,21.56,21.59,69352,0
GCC.US,60,20210428,160000,21.51,21.51,21.51,21.51,6764,0
GCC.US,60,20210428,170000,21.49,21.57,21.49,21.55,10188,0
GCC.US,60,20210428,180000,21.62,21.64,21.62,21.64,400,0
GCC.US,60,20210428,190000,21.64,21.65,21.6,21.6,11486,0
GCC.US,60,20210428,200000,21.61,21.61,21.57,21.57,7600,0
GCC.US,60,20210428,210000,21.56,21.61,21.51,21.55,33420,0
GCC.US,60,20210428,220000,21.56,21.66,21.53,21.66,45452,0
GCC.US,60,20210429,160000,21.72,21.72,21.54,21.54,8498,0
GCC.US,60,20210429,170000,21.48,21.57,21.45,21.57,42294,0
GCC.US,60,20210429,180000,21.5699,21.5699,21.47,21.47,3722,0
GCC.US,60,20210429,190000,21.5199,21.54,21.49,21.54,3000,0
GCC.US,60,20210429,200000,21.52,21.55,21.52,21.55,25560,0
GCC.US,60,20210429,210000,21.5599,21.58,21.548,21.5797,7438,0
GCC.US,60,20210429,220000,21.57,21.58,21.5575,21.58,10460,0
GCC.US,60,20210430,160000,21.54,21.54,21.478,21.478,4996,0
GCC.US,60,20210430,170000,21.4787,21.4787,21.4787,21.4787,274,0
GCC.US,60,20210430,180000,21.47,21.47,21.39,21.435,3640,0
GCC.US,60,20210430,190000,21.425,21.487,21.425,21.487,13644,0
GCC.US,60,20210430,200000,21.54,21.56,21.49,21.535,4370,0
GCC.US,60,20210430,210000,21.53,21.53,21.53,21.53,200,0
GCC.US,60,20210430,220000,21.549,21.56,21.51,21.51,15934,0
GCC.US,60,20210503,160000,21.65,21.755,21.65,21.755,4149,0
GCC.US,60,20210503,170000,21.79,21.85,21.7697,21.79,5548,0
GCC.US,60,20210503,180000,21.805,21.805,21.72,21.7403,15272,0
GCC.US,60,20210503,190000,21.7339,21.7399,21.7,21.7,11586,0
GCC.US,60,20210503,200000,21.73,21.77,21.73,21.7633,10794,0
GCC.US,60,20210503,210000,21.7765,21.78,21.76,21.7799,30286,0
GCC.US,60,20210503,220000,21.78,21.785,21.77,21.78,9812,0
GCC.US,60,20210504,160000,21.93,21.98,21.93,21.95,1327,0
GCC.US,60,20210504,170000,21.95,21.95,21.88,21.9276,4650,0
GCC.US,60,20210504,180000,21.9099,21.91,21.8,21.83,10900,0
GCC.US,60,20210504,190000,21.8195,21.84,21.805,21.83,3460,0
GCC.US,60,20210504,200000,21.82,21.8499,21.82,21.82,1390,0
GCC.US,60,20210504,210000,21.84,21.89,21.8302,21.89,12356,0
GCC.US,60,20210504,220000,21.85,21.92,21.85,21.92,29776,0
GCC.US,60,20210505,160000,22.01,22.01,21.97,21.99,8770,0
GCC.US,60,20210505,170000,21.9999,22,21.918,21.95,4068,0
GCC.US,60,20210505,180000,21.99,22.01,21.99,22.01,5004,0
GCC.US,60,20210505,190000,22.01,22.03,22.01,22.03,598,0
GCC.US,60,20210505,200000,22.0249,22.035,21.9901,21.9901,7573,0
GCC.US,60,20210505,210000,22.0199,22.06,22.0147,22.059,8455,0
GCC.US,60,20210505,220000,22.04,22.04,21.995,22.04,24031,0
GCC.US,60,20210506,160000,22.19,22.19,22.11,22.19,6411,0
GCC.US,60,20210506,170000,22.175,22.2029,22.175,22.2029,3693,0
GCC.US,60,20210506,180000,22.23,22.28,22.2113,22.25,88166,0
GCC.US,60,20210506,190000,22.2794,22.2794,22.2244,22.2699,9042,0
GCC.US,60,20210506,200000,22.2759,22.29,22.27,22.29,5665,0
GCC.US,60,20210506,210000,22.27,22.29,22.255,22.29,6165,0
GCC.US,60,20210506,220000,22.2621,22.3,22.2621,22.29,7983,0
GCC.US,60,20210507,160000,22.4,22.46,22.325,22.46,3969,0
GCC.US,60,20210507,170000,22.4999,22.4999,22.3201,22.3227,2934,0
GCC.US,60,20210507,180000,22.39,22.48,22.39,22.46,5453,0
GCC.US,60,20210507,190000,22.44,22.53,22.44,22.5203,14889,0
GCC.US,60,20210507,200000,22.5087,22.53,22.4993,22.4993,26190,0
GCC.US,60,20210507,210000,22.53,22.53,22.4896,22.4896,2290,0
GCC.US,60,20210507,220000,22.5,22.62,22.4871,22.62,4918,0
GCC.US,60,20210510,160000,22.71,22.71,22.49,22.51,12948,0
GCC.US,60,20210510,170000,22.48,22.49,22.34,22.3406,27696,0
GCC.US,60,20210510,180000,22.39,22.44,22.35,22.4001,7931,0
GCC.US,60,20210510,190000,22.44,22.44,22.38,22.42,5766,0
GCC.US,60,20210510,200000,22.4056,22.4196,22.38,22.4196,6304,0
GCC.US,60,20210510,210000,22.385,22.41,22.369,22.399,13650,0
GCC.US,60,20210510,220000,22.38,22.39,22.3401,22.38,9878,0
GCC.US,60,20210511,160000,22.35,22.4463,22.35,22.4463,1262,0
GCC.US,60,20210511,170000,22.54,22.55,22.4027,22.4577,22874,0
GCC.US,60,20210511,180000,22.4997,22.54,22.4997,22.52,5291,0
GCC.US,60,20210511,190000,22.509,22.52,22.509,22.52,1200,0
GCC.US,60,20210511,200000,22.52,22.57,22.52,22.56,4822,0
GCC.US,60,20210511,210000,22.565,22.57,22.56,22.56,1050,0
GCC.US,60,20210511,220000,22.59,22.65,22.5797,22.65,5921,0
GCC.US,60,20210512,160000,22.54,22.61,22.43,22.61,11077,0
GCC.US,60,20210512,170000,22.63,22.6499,22.55,22.57,14605,0
GCC.US,60,20210512,180000,22.57,22.6,22.55,22.55,8295,0
GCC.US,60,20210512,190000,22.55,22.56,22.495,22.52,12464,0
GCC.US,60,20210512,200000,22.4955,22.53,22.4881,22.5,8765,0
GCC.US,60,20210512,210000,22.49,22.5,22.47,22.4799,6172,0
GCC.US,60,20210512,220000,22.4501,22.4547,22.4,22.42,5488,0
GCC.US,60,20210513,160000,22.2,22.21,22.07,22.21,9557,0
GCC.US,60,20210513,170000,22.15,22.17,22.1375,22.14,1374,0
GCC.US,60,20210513,180000,22.132,22.147,22.03,22.05,6455,0
GCC.US,60,20210513,190000,22,22,21.85,21.9358,5826,0
GCC.US,60,20210513,200000,21.95,21.98,21.9333,21.935,9579,0
GCC.US,60,20210513,210000,21.97,21.99,21.9669,21.99,14674,0
GCC.US,60,20210513,220000,21.99,22.02,21.97,22.02,19609,0
GCC.US,60,20210514,160000,22.21,22.21,22.1,22.195,7439,0
GCC.US,60,20210514,170000,22.1516,22.17,22.08,22.08,3809,0
GCC.US,60,20210514,180000,22.08,22.13,22.0501,22.13,16949,0
GCC.US,60,20210514,190000,22.11,22.12,22.0423,22.07,8712,0
GCC.US,60,20210514,200000,22.07,22.09,22.0425,22.0578,5681,0
GCC.US,60,20210514,210000,22.048,22.07,22.0346,22.07,3145,0
GCC.US,60,20210514,220000,22.06,22.12,22.06,22.12,14243,0
GCC.US,60,20210517,160000,22.12,22.22,22.12,22.1822,3039,0
GCC.US,60,20210517,170000,22.22,22.29,22.1854,22.29,3477,0
GCC.US,60,20210517,180000,22.265,22.29,22.265,22.29,2546,0
GCC.US,60,20210517,190000,22.3,22.32,22.2601,22.3075,15735,0
GCC.US,60,20210517,200000,22.32,22.33,22.285,22.295,5100,0
GCC.US,60,20210517,210000,22.34,22.3495,22.319,22.33,4379,0
GCC.US,60,20210517,220000,22.34,22.34,22.31,22.34,11725,0
GCC.US,60,20210518,160000,22.44,22.49,22.4,22.4,6665,0
GCC.US,60,20210518,170000,22.37,22.38,22.3343,22.3687,5648,0
GCC.US,60,20210518,180000,22.4,22.4,22.32,22.34,2087,0
GCC.US,60,20210518,190000,22.25,22.29,22.22,22.2701,22650,0
GCC.US,60,20210518,200000,22.3041,22.3601,22.26,22.31,110861,0
GCC.US,60,20210518,210000,22.3334,22.36,22.322,22.35,3787,0
GCC.US,60,20210518,220000,22.3081,22.36,22.29,22.36,768405,0
GCC.US,60,20210519,160000,22,22,21.88,21.95,19498,0
GCC.US,60,20210519,170000,21.9178,21.9178,21.76,21.785,31170,0
GCC.US,60,20210519,180000,21.79,21.85,21.76,21.85,8839,0
GCC.US,60,20210519,190000,21.865,21.92,21.85,21.92,8718,0
GCC.US,60,20210519,200000,21.94,21.98,21.875,21.9081,6149,0
GCC.US,60,20210519,210000,21.89,21.91,21.862,21.87,6655,0
GCC.US,60,20210519,220000,21.88,21.92,21.82,21.82,9757,0
GCC.US,60,20210520,160000,21.84,21.87,21.815,21.84,1450,0
GCC.US,60,20210520,170000,21.86,21.87,21.825,21.87,8947,0
GCC.US,60,20210520,180000,21.875,21.93,21.87,21.915,7163,0
GCC.US,60,20210520,190000,21.93,21.93,21.88,21.895,6877,0
GCC.US,60,20210520,200000,21.89,21.89,21.79,21.79,13039,0
GCC.US,60,20210520,210000,21.7947,21.7947,21.74,21.7697,3924,0
GCC.US,60,20210520,220000,21.755,21.8,21.72,21.79,41004,0
GCC.US,60,20210521,160000,21.84,21.8987,21.7801,21.83,4576,0
GCC.US,60,20210521,170000,21.84,21.84,21.76,21.7721,6397,0
GCC.US,60,20210521,180000,21.8007,21.825,21.7701,21.825,6868,0
GCC.US,60,20210521,190000,21.83,21.83,21.775,21.775,4680,0
GCC.US,60,20210521,200000,21.7517,21.8293,21.7517,21.8293,3111,0
GCC.US,60,20210521,210000,21.77,21.8019,21.77,21.8019,6149,0
GCC.US,60,20210521,220000,21.7933,21.84,21.75,21.75,5573,0
GCC.US,60,20210524,160000,21.84,21.85,21.81,21.8253,4241,0
GCC.US,60,20210524,170000,21.89,21.92,21.8861,21.9,1919,0
GCC.US,60,20210524,180000,21.905,21.92,21.905,21.92,3917,0
GCC.US,60,20210524,190000,21.93,21.9605,21.93,21.9605,3679,0
GCC.US,60,20210524,200000,21.965,21.99,21.965,21.965,1709,0
GCC.US,60,20210524,210000,21.95,21.99,21.95,21.99,9257,0
GCC.US,60,20210524,220000,21.985,22,21.98,21.98,13454,0
GCC.US,60,20210525,160000,21.93,21.93,21.93,21.93,4548,0
GCC.US,60,20210525,170000,22.02,22.02,21.95,21.95,3614,0
GCC.US,60,20210525,180000,21.98,21.98,21.895,21.93,2693,0
GCC.US,60,20210525,190000,21.92,21.94,21.88,21.9,17348,0
GCC.US,60,20210525,200000,21.9027,21.92,21.9,21.915,770,0
GCC.US,60,20210525,210000,21.9194,21.93,21.9194,21.93,628,0
GCC.US,60,20210525,220000,21.905,21.93,21.89,21.9,3866,0
GCC.US,60,20210526,160000,21.97,21.97,21.88,21.88,9356,0
GCC.US,60,20210526,170000,21.97,21.97,21.97,21.97,200,0
GCC.US,60,20210526,180000,22,22.0393,22,22.0393,690,0
GCC.US,60,20210526,190000,22.0399,22.0399,21.9901,22.0012,2673,0
GCC.US,60,20210526,200000,22.0072,22.0116,21.99,21.9901,3010,0
GCC.US,60,20210526,210000,22.0199,22.0199,21.98,21.99,3077,0
GCC.US,60,20210526,220000,22.01,22.0198,21.99,22.015,5951,0
GCC.US,60,20210527,160000,21.98,22.095,21.98,22.095,743,0
GCC.US,60,20210527,170000,22.0906,22.15,22.0906,22.15,2427,0
GCC.US,60,20210527,180000,22.1892,22.25,22.1892,22.2375,6432,0
GCC.US,60,20210527,190000,22.23,22.25,22.2,22.25,7520,0
GCC.US,60,20210527,200000,22.25,22.3,22.25,22.2901,2535,0
GCC.US,60,20210527,210000,22.31,22.33,22.2904,22.3299,8200,0
GCC.US,60,20210527,220000,22.31,22.33,22.2904,22.3,7366,0
GCC.US,60,20210528,160000,22.35,22.35,22.29,22.2999,10047,0
GCC.US,60,20210528,170000,22.34,22.34,22.305,22.305,7171,0
GCC.US,60,20210528,180000,22.36,22.36,22.339,22.339,1502,0
GCC.US,60,20210528,190000,22.35,22.38,22.35,22.3593,13618,0
GCC.US,60,20210528,200000,22.37,22.38,22.34,22.37,12111,0
GCC.US,60,20210528,210000,22.3301,22.3301,22.28,22.31,12942,0
GCC.US,60,20210528,220000,22.29,22.34,22.29,22.33,1445,0
GCC.US,60,20210601,160000,22.65,22.78,22.55,22.775,7340,0
GCC.US,60,20210601,170000,22.7,22.7,22.5873,22.5873,4030,0
GCC.US,60,20210601,180000,22.5901,22.595,22.51,22.51,175747,0
GCC.US,60,20210601,190000,22.51,22.53,22.51,22.53,521,0
GCC.US,60,20210601,200000,22.55,22.55,22.55,22.55,600,0
GCC.US,60,20210601,210000,22.539,22.55,22.521,22.55,6735,0
GCC.US,60,20210601,220000,22.54,22.56,22.53,22.55,36116,0
GCC.US,60,20210602,160000,22.63,22.63,22.63,22.63,694,0
GCC.US,60,20210602,170000,22.58,22.64,22.5715,22.6,5612,0
GCC.US,60,20210602,180000,22.579,22.579,22.54,22.545,4024,0
GCC.US,60,20210602,190000,22.5001,22.5001,22.5001,22.5001,3200,0
GCC.US,60,20210602,200000,22.533,22.57,22.533,22.56,2425,0
GCC.US,60,20210602,210000,22.6,22.6199,22.6,22.61,1321,0
GCC.US,60,20210602,220000,22.581,22.64,22.58,22.64,33305,0
GCC.US,60,20210603,160000,22.5,22.5,22.34,22.34,19398,0
GCC.US,60,20210603,170000,22.32,22.3458,22.28,22.28,29761,0
GCC.US,60,20210603,180000,22.32,22.33,22.23,22.2301,5728,0
GCC.US,60,20210603,190000,22.25,22.261,22.25,22.26,3727,0
GCC.US,60,20210603,200000,22.235,22.24,22.22,22.24,7785,0
GCC.US,60,20210603,210000,22.245,22.273,22.245,22.265,7416,0
GCC.US,60,20210603,220000,22.26,22.29,22.26,22.27,5541,0
GCC.US,60,20210604,160000,22.46,22.5,22.46,22.48,538,0
GCC.US,60,20210604,170000,22.5,22.5197,22.468,22.468,3449,0
GCC.US,60,20210604,180000,22.4999,22.55,22.49,22.52,4999,0
GCC.US,60,20210604,190000,22.52,22.52,22.52,22.52,131,0
GCC.US,60,20210604,200000,22.54,22.57,22.54,22.5696,1495,0
GCC.US,60,20210604,210000,22.57,22.58,22.56,22.56,4765,0
GCC.US,60,20210604,220000,22.5698,22.57,22.52,22.56,11522,0
GCC.US,60,20210607,160000,22.66,22.66,22.605,22.645,1035,0
GCC.US,60,20210607,170000,22.575,22.6,22.541,22.57,2837,0
GCC.US,60,20210607,180000,22.5502,22.58,22.5502,22.58,3010,0
GCC.US,60,20210607,190000,22.5908,22.5908,22.5908,22.5908,167,0
GCC.US,60,20210607,200000,22.58,22.59,22.56,22.59,12389,0
GCC.US,60,20210607,210000,22.6,22.6,22.555,22.56,3979,0
GCC.US,60,20210607,220000,22.56,22.57,22.55,22.57,6015,0
GCC.US,60,20210608,160000,22.56,22.56,22.52,22.52,5813,0
GCC.US,60,20210608,170000,22.57,22.63,22.57,22.63,7136,0
GCC.US,60,20210608,180000,22.61,22.62,22.5654,22.62,3143,0
GCC.US,60,20210608,190000,22.635,22.66,22.625,22.6298,70142,0
GCC.US,60,20210608,200000,22.635,22.66,22.635,22.645,2661,0
GCC.US,60,20210608,210000,22.65,22.68,22.65,22.6793,2094,0
GCC.US,60,20210608,220000,22.6787,22.7,22.662,22.69,20674,0
GCC.US,60,20210609,160000,22.7,22.73,22.625,22.73,1516,0
GCC.US,60,20210609,170000,22.6741,22.6741,22.5745,22.63,9864,0
GCC.US,60,20210609,180000,22.56,22.6297,22.56,22.6297,1975,0
GCC.US,60,20210609,190000,22.62,22.62,22.59,22.62,918,0
GCC.US,60,20210609,200000,22.6165,22.6165,22.59,22.59,288,0
GCC.US,60,20210609,210000,22.64,22.66,22.62,22.635,296966,0
GCC.US,60,20210609,220000,22.62,22.68,22.6004,22.68,7068,0
GCC.US,60,20210610,160000,22.58,22.72,22.58,22.72,575,0
GCC.US,60,20210610,170000,22.7,22.73,22.6677,22.67,3723,0
GCC.US,60,20210610,190000,22.63,22.664,22.6056,22.66,8693,0
GCC.US,60,20210610,200000,22.685,22.69,22.67,22.6792,1098,0
GCC.US,60,20210610,210000,22.7057,22.7189,22.7,22.703,2169,0
GCC.US,60,20210610,220000,22.7104,22.7104,22.71,22.71,450,0
GCC.US,60,20210611,160000,22.67,22.67,22.6041,22.6041,2552,0
GCC.US,60,20210611,170000,22.605,22.6535,22.5701,22.6535,3539,0
GCC.US,60,20210611,180000,22.64,22.645,22.64,22.645,695,0
GCC.US,60,20210611,190000,22.64,22.64,22.5918,22.6,5015,0
GCC.US,60,20210611,200000,22.6242,22.63,22.6173,22.6173,1237,0
GCC.US,60,20210611,210000,22.63,22.64,22.624,22.624,1271,0
GCC.US,60,20210611,220000,22.625,22.68,22.6215,22.68,3920,0
GCC.US,60,20210614,160000,22.44,22.4856,22.375,22.4856,6130,0
GCC.US,60,20210614,170000,22.5,22.55,22.4887,22.55,2755,0
GCC.US,60,20210614,180000,22.56,22.56,22.5248,22.5417,6365,0
GCC.US,60,20210614,190000,22.535,22.535,22.4901,22.53,3677,0
GCC.US,60,20210614,200000,22.496,22.502,22.4622,22.4648,9774,0
GCC.US,60,20210614,210000,22.46,22.46,22.44,22.46,3198,0
GCC.US,60,20210614,220000,22.4699,22.51,22.45,22.5,5315,0
GCC.US,60,20210615,160000,22.35,22.35,22.08,22.31,4641,0
GCC.US,60,20210615,170000,22.31,22.31,22.224,22.248,7443,0
GCC.US,60,20210615,180000,22.24,22.28,22.2246,22.2246,1280,0
GCC.US,60,20210615,190000,22.2171,22.2271,22.2,22.2253,3436,0
GCC.US,60,20210615,200000,22.25,22.265,22.25,22.265,2825,0
GCC.US,60,20210615,210000,22.265,22.29,22.265,22.29,3069,0
GCC.US,60,20210615,220000,22.2777,22.32,22.2777,22.31,4130,0
GCC.US,60,20210616,160000,22.33,22.345,22.305,22.345,4815,0
GCC.US,60,20210616,170000,22.355,22.355,22.3202,22.34,2812,0
GCC.US,60,20210616,180000,22.34,22.385,22.34,22.385,1500,0
GCC.US,60,20210616,190000,22.355,22.355,22.34,22.34,3100,0
GCC.US,60,20210616,200000,22.299,22.299,22.299,22.299,200,0
GCC.US,60,20210616,210000,22.28,22.2801,22.1086,22.11,3737,0
GCC.US,60,20210616,220000,22.15,22.15,22.12,22.12,14661,0
GCC.US,60,20210617,160000,21.84,21.84,21.71,21.725,5028,0
GCC.US,60,20210617,170000,21.725,21.74,21.65,21.72,26801,0
GCC.US,60,20210617,180000,21.71,21.71,21.47,21.47,12209,0
GCC.US,60,20210617,190000,21.45,21.4812,21.3602,21.3701,49124,0
GCC.US,60,20210617,200000,21.3801,21.401,21.33,21.33,12765,0
GCC.US,60,20210617,210000,21.26,21.37,21.26,21.35,6809,0
GCC.US,60,20210617,220000,21.35,21.37,21.35,21.37,19149,0
GCC.US,60,20210618,160000,21.42,21.47,21.42,21.47,8712,0
GCC.US,60,20210618,170000,21.4483,21.54,21.4333,21.48,38816,0
GCC.US,60,20210618,180000,21.5,21.5899,21.5,21.5899,14816,0
GCC.US,60,20210618,190000,21.5771,21.6,21.56,21.57,58732,0
GCC.US,60,20210618,200000,21.5964,21.5964,21.54,21.555,26523,0
GCC.US,60,20210618,210000,21.5707,21.5887,21.53,21.53,30512,0
GCC.US,60,20210618,220000,21.53,21.5465,21.5,21.5,53944,0
GCC.US,60,20210621,160000,21.37,21.47,21.37,21.462,6784,0
GCC.US,60,20210621,170000,21.4999,21.65,21.4999,21.65,16004,0
GCC.US,60,20210621,180000,21.655,21.67,21.635,21.67,5299,0
GCC.US,60,20210621,190000,21.69,21.7,21.67,21.6899,1491,0
GCC.US,60,20210621,200000,21.685,21.7,21.665,21.665,28847,0
GCC.US,60,20210621,210000,21.67,21.709,21.67,21.709,1911,0
GCC.US,60,20210621,220000,21.67,21.69,21.67,21.68,1440,0
GCC.US,60,20210622,160000,21.77,21.77,21.63,21.75,14967,0
GCC.US,60,20210622,170000,21.76,21.76,21.7,21.745,2394,0
GCC.US,60,20210622,180000,21.805,21.805,21.6416,21.6416,4330,0
GCC.US,60,20210622,190000,21.67,21.736,21.67,21.7,1548,0
GCC.US,60,20210622,200000,21.72,21.72,21.64,21.64,801,0
GCC.US,60,20210622,210000,21.6616,21.6616,21.6616,21.6616,100,0
GCC.US,60,20210622,220000,21.74,21.74,21.73,21.74,746,0
GCC.US,60,20210623,160000,21.83,21.915,21.83,21.915,857,0
GCC.US,60,20210623,170000,21.8841,21.9688,21.8841,21.91,2850,0
GCC.US,60,20210623,180000,21.84,21.8827,21.796,21.8827,1681,0
GCC.US,60,20210623,190000,21.91,21.91,21.8243,21.8243,1400,0
GCC.US,60,20210623,200000,21.8395,21.8395,21.79,21.807,395403,0
GCC.US,60,20210623,210000,21.8136,21.8136,21.81,21.81,200,0
GCC.US,60,20210623,220000,21.81,21.8195,21.72,21.72,2985,0
GCC.US,60,20210624,160000,21.77,21.77,21.66,21.736,1715,0
GCC.US,60,20210624,170000,21.6712,21.7499,21.6501,21.6966,766,0
GCC.US,60,20210624,180000,21.7849,21.7849,21.75,21.75,919,0
GCC.US,60,20210624,190000,21.8,21.825,21.8,21.82,692,0
GCC.US,60,20210624,200000,21.82,21.82,21.8,21.8,583,0
GCC.US,60,20210624,210000,21.8401,21.8401,21.838,21.838,3308,0
GCC.US,60,20210624,220000,21.79,21.79,21.78,21.78,607,0
GCC.US,60,20210625,160000,21.84,21.84,21.8301,21.8301,1340,0
GCC.US,60,20210625,170000,21.8527,21.8527,21.71,21.7897,5975,0
GCC.US,60,20210625,180000,21.82,21.82,21.7661,21.82,2690,0
GCC.US,60,20210625,190000,21.82,21.83,21.7975,21.8299,1270,0
GCC.US,60,20210625,200000,21.83,21.84,21.82,21.84,3434,0
GCC.US,60,20210625,210000,21.82,21.84,21.8,21.8,3008,0
GCC.US,60,20210625,220000,21.8,21.82,21.775,21.82,985,0
GCC.US,60,20210628,160000,21.82,21.82,21.79,21.8152,918,0
GCC.US,60,20210628,170000,21.8156,21.846,21.8156,21.846,965,0
GCC.US,60,20210628,180000,21.85,21.875,21.83,21.83,35374,0
GCC.US,60,20210628,190000,21.8847,21.8847,21.8799,21.88,835,0
GCC.US,60,20210628,200000,21.89,21.9,21.88,21.9,2200,0
GCC.US,60,20210628,210000,21.89,21.902,21.88,21.88,2317,0
GCC.US,60,20210628,220000,21.92,21.92,21.87,21.87,2738,0
GCC.US,60,20210629,160000,21.93,21.93,21.902,21.925,983,0
GCC.US,60,20210629,170000,21.85,21.86,21.85,21.86,600,0
GCC.US,60,20210629,180000,21.87,21.8888,21.86,21.86,887,0
GCC.US,60,20210629,190000,21.8699,21.87,21.86,21.86,1896,0
GCC.US,60,20210629,200000,21.85,21.85,21.82,21.82,1894,0
GCC.US,60,20210629,210000,21.8381,21.8427,21.8381,21.8427,1450,0
GCC.US,60,20210629,220000,21.83,21.87,21.82,21.84,5061,0
GCC.US,60,20210630,170000,21.8399,21.8399,21.78,21.78,1837,0
GCC.US,60,20210630,180000,21.79,21.79,21.77,21.77,1030,0
GCC.US,60,20210630,190000,21.9,22.1699,21.9,22.1699,2581,0
GCC.US,60,20210630,200000,22.16,22.1842,22.11,22.11,6064,0
GCC.US,60,20210630,210000,22.1666,22.17,22.11,22.12,3551,0
GCC.US,60,20210630,220000,22.1373,22.1483,22.1329,22.1483,1036,0
GCC.US,60,20210701,160000,22.36,22.4099,22.3584,22.3584,1975,0
GCC.US,60,20210701,170000,22.235,22.2361,22.22,22.2361,1080,0
GCC.US,60,20210701,180000,22.1899,22.1899,22.1899,22.1899,100,0
GCC.US,60,20210701,190000,22.1264,22.19,22.1264,22.16,14232,0
GCC.US,60,20210701,200000,22.1501,22.19,22.1501,22.18,2979,0
GCC.US,60,20210701,210000,22.17,22.17,22.1101,22.1411,3818,0
GCC.US,60,20210701,220000,22.1699,22.17,22.04,22.04,3973,0
GCC.US,60,20210702,160000,22.28,22.28,22.195,22.195,1688,0
GCC.US,60,20210702,170000,22.21,22.23,22.1501,22.22,2810,0
GCC.US,60,20210702,180000,22.25,22.27,22.2201,22.27,7142,0
GCC.US,60,20210702,190000,22.2353,22.2641,22.2057,22.2057,1030,0
GCC.US,60,20210702,200000,22.2067,22.27,22.2067,22.27,5059,0
GCC.US,60,20210702,210000,22.27,22.27,22.26,22.26,5146,0
GCC.US,60,20210702,220000,22.32,22.32,22.29,22.3,2298,0
GCC.US,60,20210706,160000,22.4,22.4,22,22.02,9029,0
GCC.US,60,20210706,170000,22.05,22.05,21.905,21.91,3870,0
GCC.US,60,20210706,180000,21.79,21.82,21.79,21.79,2002,0
GCC.US,60,20210706,190000,21.7475,21.759,21.7,21.7,2950,0
GCC.US,60,20210706,200000,21.73,21.78,21.73,21.78,33499,0
GCC.US,60,20210706,210000,21.8099,21.8099,21.75,21.75,1822,0
GCC.US,60,20210706,220000,21.78,21.83,21.75,21.78,3570,0
GCC.US,60,20210707,160000,21.85,21.86,21.85,21.86,2092,0
GCC.US,60,20210707,170000,21.77,21.77,21.6,21.67,4746,0
GCC.US,60,20210707,180000,21.671,21.739,21.64,21.739,10484,0
GCC.US,60,20210707,190000,21.74,21.7699,21.713,21.755,5632,0
GCC.US,60,20210707,200000,21.7453,21.77,21.73,21.77,5088,0
GCC.US,60,20210707,210000,21.76,21.76,21.76,21.76,743,0
GCC.US,60,20210707,220000,21.7521,21.7899,21.7,21.77,7219,0
GCC.US,60,20210708,160000,21.74,21.74,21.615,21.66,1584,0
GCC.US,60,20210708,170000,21.695,21.695,21.6479,21.6479,872,0
GCC.US,60,20210708,180000,21.62,21.691,21.62,21.691,5464,0
GCC.US,60,20210708,190000,21.73,21.73,21.68,21.72,8571,0
GCC.US,60,20210708,200000,21.68,21.6897,21.68,21.6897,1118,0
GCC.US,60,20210708,210000,21.65,21.7,21.65,21.69,660,0
GCC.US,60,20210708,220000,21.69,21.7101,21.67,21.67,1337,0
GCC.US,60,20210709,160000,21.79,21.88,21.79,21.88,13588,0
GCC.US,60,20210709,170000,21.91,21.9108,21.9,21.9108,2870,0
GCC.US,60,20210709,180000,21.9458,21.9458,21.91,21.922,6679,0
GCC.US,60,20210709,190000,21.88,21.88,21.87,21.88,2044,0
GCC.US,60,20210709,200000,21.9339,21.939,21.92,21.93,7236,0
GCC.US,60,20210709,210000,21.935,21.9435,21.92,21.92,9325,0
GCC.US,60,20210709,220000,21.91,21.93,21.87,21.87,983,0
