<TICKER>,<PER>,<DATE>,<TIME>,<OPEN>,<HIGH>,<LOW>,<CLOSE>,<VOL>,<OPENINT>
GOVZ.US,60,20201006,160000,24.882,24.882,23.914,23.914,1708,0
GOVZ.US,60,20201006,200000,23.835,23.835,23.835,23.835,321,0
GOVZ.US,60,20201006,210000,24.184,24.264,24.184,24.194,6117,0
GOVZ.US,60,20201006,220000,24.204,24.204,24.174,24.184,2507,0
GOVZ.US,60,20201007,160000,23.855,23.855,23.855,23.855,100,0
GOVZ.US,60,20201007,170000,23.924,23.924,23.924,23.924,200,0
GOVZ.US,60,20201007,180000,23.944,23.984,23.944,23.984,4371,0
GOVZ.US,60,20201009,160000,23.875,23.875,23.875,23.875,402,0
GOVZ.US,60,20201009,220000,23.984,23.984,23.984,23.984,402,0
GOVZ.US,60,20201013,160000,24.154,24.224,24.014,24.224,4874,0
GOVZ.US,60,20201013,210000,24.324,24.324,24.324,24.324,200,0
GOVZ.US,60,20201014,190000,24.583,24.583,24.513,24.513,400,0
GOVZ.US,60,20201014,200000,24.503,24.503,24.503,24.503,100,0
GOVZ.US,60,20201014,220000,24.493,24.493,24.493,24.493,4821,0
GOVZ.US,60,20201019,160000,24.134,24.134,24.134,24.134,402,0
GOVZ.US,60,20201019,180000,24.144,24.144,24.144,24.144,100,0
GOVZ.US,60,20201021,220000,23.706,23.706,23.706,23.706,402,0
GOVZ.US,60,20201023,160000,23.276,23.276,23.276,23.276,128,0
GOVZ.US,60,20201023,220000,23.536,23.536,23.536,23.536,200,0
GOVZ.US,60,20201026,150000,23.805,23.805,23.805,23.805,402,0
GOVZ.US,60,20201026,170000,23.943,23.944,23.943,23.944,420,0
GOVZ.US,60,20201027,150000,24.034,24.034,24.034,24.034,200,0
GOVZ.US,60,20201027,210000,24.134,24.134,24.134,24.134,200,0
GOVZ.US,60,20201028,150000,24.294,24.314,24.294,24.314,402,0
GOVZ.US,60,20201028,160000,24.264,24.264,24.264,24.264,1103,0
GOVZ.US,60,20201028,200000,24.134,24.134,24.134,24.134,482,0
GOVZ.US,60,20201028,210000,24.083,24.124,24.083,24.124,157828,0
GOVZ.US,60,20201029,150000,24.194,24.194,24.104,24.124,1404,0
GOVZ.US,60,20201029,160000,24.184,24.184,24.114,24.114,200,0
GOVZ.US,60,20201029,190000,23.904,23.904,23.696,23.696,9025,0
GOVZ.US,60,20201029,200000,23.676,23.676,23.676,23.676,602,0
GOVZ.US,60,20201030,150000,23.825,23.884,23.825,23.875,737,0
GOVZ.US,60,20201030,160000,23.765,23.825,23.765,23.825,3509,0
GOVZ.US,60,20201030,170000,23.785,23.785,23.765,23.765,702,0
GOVZ.US,60,20201030,180000,23.785,23.795,23.775,23.775,502,0
GOVZ.US,60,20201030,200000,23.726,23.736,23.681,23.686,4640,0
GOVZ.US,60,20201030,210000,23.676,23.676,23.676,23.676,100,0
GOVZ.US,60,20201102,160000,23.775,23.775,23.775,23.775,420498,0
GOVZ.US,60,20201102,170000,23.755,23.755,23.755,23.755,333,0
GOVZ.US,60,20201102,180000,23.815,23.855,23.815,23.825,11425,0
GOVZ.US,60,20201102,220000,23.686,23.686,23.686,23.686,100,0
GOVZ.US,60,20201103,160000,23.616,23.616,23.616,23.616,402,0
GOVZ.US,60,20201103,170000,23.517,23.576,23.516,23.576,651,0
GOVZ.US,60,20201103,200000,23.586,23.586,23.586,23.586,1204,0
GOVZ.US,60,20201104,160000,24.394,24.543,24.374,24.374,2707,0
GOVZ.US,60,20201104,170000,24.354,24.433,24.354,24.433,602,0
GOVZ.US,60,20201104,200000,24.214,24.214,24.194,24.194,1606,0
GOVZ.US,60,20201104,210000,24.254,24.254,24.254,24.254,200,0
GOVZ.US,60,20201104,220000,24.324,24.324,24.324,24.324,5751,0
GOVZ.US,60,20201106,160000,23.964,24.154,23.964,24.154,402,0
GOVZ.US,60,20201106,180000,23.974,23.974,23.974,23.974,1002,0
GOVZ.US,60,20201106,210000,23.964,23.974,23.964,23.974,502,0
GOVZ.US,60,20201106,220000,23.964,23.964,23.964,23.964,3836,0
GOVZ.US,60,20201109,210000,22.978,23.008,22.978,23.008,574,0
GOVZ.US,60,20201109,220000,23.112,23.112,23.112,23.112,100,0
GOVZ.US,60,20201110,160000,22.968,22.968,22.968,22.968,402,0
GOVZ.US,60,20201110,220000,22.988,23.067,22.968,23.067,7766,0
GOVZ.US,60,20201111,180000,23.057,23.057,23.057,23.057,200,0
GOVZ.US,60,20201112,160000,23.346,23.346,23.346,23.346,402,0
GOVZ.US,60,20201112,220000,23.626,23.626,23.626,23.626,200,0
GOVZ.US,60,20201113,160000,23.686,23.686,23.686,23.686,334,0
GOVZ.US,60,20201113,210000,23.656,23.656,23.656,23.656,100,0
GOVZ.US,60,20201113,220000,23.666,23.666,23.639,23.666,10381,0
GOVZ.US,60,20201116,160000,23.576,23.576,23.576,23.576,200,0
GOVZ.US,60,20201116,220000,23.596,23.606,23.596,23.599,300,0
GOVZ.US,60,20201117,160000,23.765,23.765,23.765,23.765,402,0
GOVZ.US,60,20201117,180000,23.815,23.855,23.815,23.855,300,0
GOVZ.US,60,20201117,210000,23.815,23.815,23.815,23.815,100,0
GOVZ.US,60,20201118,220000,23.924,23.924,23.924,23.924,421,0
GOVZ.US,60,20201123,160000,24.064,24.294,24.064,24.294,802,0
GOVZ.US,60,20201123,170000,24.234,24.234,24.234,24.234,1504,0
GOVZ.US,60,20201123,200000,24.284,24.284,24.267,24.284,19559,0
GOVZ.US,60,20201123,210000,24.234,24.234,24.234,24.234,100,0
GOVZ.US,60,20201124,160000,24.094,24.094,24.094,24.094,402,0
GOVZ.US,60,20201124,180000,24.024,24.024,23.984,23.984,646,0
GOVZ.US,60,20201124,190000,23.924,23.924,23.924,23.924,200,0
GOVZ.US,60,20201124,210000,23.994,24.004,23.994,24.004,500,0
GOVZ.US,60,20201127,160000,23.934,23.934,23.934,23.934,200,0
GOVZ.US,60,20201127,200000,24.085,24.085,24.085,24.085,0,0
GOVZ.US,60,20201127,220000,24.085,24.085,24.085,24.085,0,0
GOVZ.US,60,20201130,160000,24.074,24.074,24.074,24.074,200,0
GOVZ.US,60,20201130,220000,24.052,24.064,24.052,24.063,9147,0
GOVZ.US,60,20201201,160000,24.094,24.094,23.765,23.765,902,0
GOVZ.US,60,20201201,210000,23.376,23.376,23.376,23.376,210,0
GOVZ.US,60,20201202,160000,23.396,23.396,23.396,23.396,240,0
GOVZ.US,60,20201203,220000,23.446,23.476,23.446,23.476,300,0
GOVZ.US,60,20201207,160000,23.136,23.236,23.136,23.236,974,0
GOVZ.US,60,20201207,190000,23.266,23.326,23.266,23.326,829,0
GOVZ.US,60,20201207,210000,23.326,23.346,23.313,23.346,1908,0
GOVZ.US,60,20201209,160000,23.326,23.326,23.326,23.326,428,0
GOVZ.US,60,20201209,210000,23.396,23.406,23.396,23.406,305,0
GOVZ.US,60,20201209,220000,23.356,23.366,23.356,23.363,1204,0
GOVZ.US,60,20201210,210000,23.566,23.566,23.566,23.566,185,0
GOVZ.US,60,20201211,160000,23.745,23.745,23.745,23.745,200,0
GOVZ.US,60,20201211,180000,23.923,23.923,23.896,23.896,300,0
GOVZ.US,60,20201211,200000,23.775,23.775,23.775,23.775,120,0
GOVZ.US,60,20201211,210000,23.765,23.785,23.763,23.785,840,0
GOVZ.US,60,20201214,160000,23.486,23.526,23.486,23.526,602,0
GOVZ.US,60,20201214,170000,23.456,23.456,23.456,23.456,1505,0
GOVZ.US,60,20201214,210000,23.656,23.656,23.656,23.656,164,0
GOVZ.US,60,20201215,160000,23.586,23.586,23.586,23.586,402,0
GOVZ.US,60,20201215,190000,23.636,23.636,23.636,23.636,200,0
GOVZ.US,60,20201215,200000,23.636,23.636,23.636,23.636,388,0
GOVZ.US,60,20201215,210000,23.526,23.536,23.526,23.536,1927,0
GOVZ.US,60,20201216,160000,23.316,23.316,23.316,23.316,202,0
GOVZ.US,60,20201216,200000,23.526,23.546,23.526,23.546,2803,0
GOVZ.US,60,20201216,210000,23.516,23.516,23.496,23.496,2006,0
GOVZ.US,60,20201217,220000,23.386,23.426,23.386,23.426,1469,0
GOVZ.US,60,20201218,170000,23.496,23.496,23.496,23.496,100,0
GOVZ.US,60,20201218,200000,23.316,23.316,23.316,23.316,200,0
GOVZ.US,60,20201218,210000,23.316,23.316,23.316,23.316,801,0
GOVZ.US,60,20201218,220000,23.316,23.316,23.316,23.316,100,0
GOVZ.US,60,20201222,160000,23.556,23.556,23.556,23.556,611,0
GOVZ.US,60,20201222,220000,23.626,23.626,23.626,23.626,300,0
GOVZ.US,60,20201223,160000,23.376,23.376,23.376,23.376,202,0
GOVZ.US,60,20201223,170000,23.246,23.246,23.246,23.246,100,0
GOVZ.US,60,20201223,180000,23.151,23.246,23.151,23.246,200,0
GOVZ.US,60,20201223,190000,23.316,23.316,23.286,23.286,200,0
GOVZ.US,60,20201223,200000,23.296,23.296,23.286,23.286,200,0
GOVZ.US,60,20201223,210000,23.316,23.316,23.288,23.288,901,0
GOVZ.US,60,20201223,220000,23.336,23.336,23.336,23.336,100,0
GOVZ.US,60,20201224,180000,23.476,23.476,23.476,23.476,184,0
GOVZ.US,60,20201224,190000,23.526,23.556,23.526,23.536,4515,0
GOVZ.US,60,20201224,200000,23.506,23.536,23.506,23.536,100,0
GOVZ.US,60,20201224,220000,23.536,23.536,23.536,23.536,0,0
GOVZ.US,60,20201228,170000,23.316,23.316,23.316,23.316,100,0
GOVZ.US,60,20201228,180000,23.336,23.336,23.336,23.336,345,0
GOVZ.US,60,20201228,210000,23.526,23.526,23.526,23.526,432,0
GOVZ.US,60,20201228,220000,23.526,23.526,23.526,23.526,5391,0
GOVZ.US,60,20201229,160000,23.326,23.326,23.326,23.326,162,0
GOVZ.US,60,20201229,190000,23.416,23.426,23.416,23.426,7288,0
GOVZ.US,60,20201229,210000,23.486,23.486,23.471,23.471,936,0
GOVZ.US,60,20201229,220000,23.506,23.506,23.506,23.506,3004,0
GOVZ.US,60,20201230,160000,23.416,23.416,23.416,23.416,431,0
GOVZ.US,60,20201230,210000,23.556,23.556,23.545,23.545,200,0
GOVZ.US,60,20201231,220000,23.616,23.616,23.566,23.566,1625,0
GOVZ.US,60,20210104,160000,23.456,23.456,23.456,23.456,200,0
GOVZ.US,60,20210104,200000,23.676,23.676,23.676,23.676,100,0
GOVZ.US,60,20210104,220000,23.566,23.571,23.566,23.571,880,0
GOVZ.US,60,20210105,180000,23.176,23.176,23.176,23.176,181,0
GOVZ.US,60,20210105,200000,23.265,23.266,23.206,23.206,2195,0
GOVZ.US,60,20210105,210000,23.246,23.246,23.231,23.231,3549,0
GOVZ.US,60,20210105,220000,23.336,23.336,23.311,23.311,497,0
GOVZ.US,60,20210106,180000,22.517,22.517,22.517,22.517,330,0
GOVZ.US,60,20210106,200000,22.527,22.527,22.527,22.527,342,0
GOVZ.US,60,20210106,210000,22.527,22.527,22.527,22.527,655,0
GOVZ.US,60,20210106,220000,22.597,22.597,22.597,22.597,200,0
GOVZ.US,60,20210107,160000,22.328,22.328,22.328,22.328,181,0
GOVZ.US,60,20210107,210000,22.377,22.377,22.377,22.377,583447,0
GOVZ.US,60,20210107,220000,22.357,22.357,22.357,22.357,599,0
GOVZ.US,60,20210108,180000,22.178,22.178,22.178,22.178,200,0
GOVZ.US,60,20210108,200000,22.178,22.178,22.165,22.178,2255,0
GOVZ.US,60,20210108,220000,22.228,22.228,22.228,22.228,100,0
GOVZ.US,60,20210111,170000,22.088,22.148,22.088,22.148,977,0
GOVZ.US,60,20210111,180000,22.117,22.117,22.117,22.117,603,0
GOVZ.US,60,20210111,200000,22.178,22.188,22.178,22.178,1657,0
GOVZ.US,60,20210111,210000,22.168,22.178,22.168,22.178,1112,0
GOVZ.US,60,20210111,220000,22.183,22.183,22.183,22.183,351,0
GOVZ.US,60,20210112,180000,21.998,21.998,21.981,21.981,7571,0
GOVZ.US,60,20210112,190000,22.048,22.048,22.015,22.028,2265,0
GOVZ.US,60,20210112,220000,22.188,22.188,22.178,22.178,853,0
GOVZ.US,60,20210113,200000,22.517,22.517,22.517,22.517,209,0
GOVZ.US,60,20210113,210000,22.526,22.527,22.526,22.527,300,0
GOVZ.US,60,20210114,180000,22.526,22.527,22.52,22.52,7305,0
GOVZ.US,60,20210114,200000,22.476,22.477,22.318,22.328,27403,0
GOVZ.US,60,20210114,210000,22.228,22.228,22.188,22.228,32598,0
GOVZ.US,60,20210114,220000,22.183,22.238,22.183,22.238,14251,0
GOVZ.US,60,20210115,180000,22.427,22.427,22.387,22.387,1014,0
GOVZ.US,60,20210115,200000,22.387,22.387,22.386,22.386,258,0
GOVZ.US,60,20210119,170000,22.308,22.358,22.298,22.358,18578,0
GOVZ.US,60,20210119,180000,22.417,22.417,22.417,22.417,5485,0
GOVZ.US,60,20210119,190000,22.308,22.308,22.308,22.308,3208,0
GOVZ.US,60,20210119,210000,22.447,22.447,22.447,22.447,1702,0
GOVZ.US,60,20210119,220000,22.437,22.457,22.435,22.457,5427,0
GOVZ.US,60,20210120,160000,22.377,22.377,22.348,22.358,1402,0
GOVZ.US,60,20210120,170000,22.358,22.397,22.358,22.397,400,0
GOVZ.US,60,20210120,180000,22.397,22.397,22.387,22.387,501,0
GOVZ.US,60,20210120,200000,22.382,22.407,22.382,22.407,2207,0
GOVZ.US,60,20210120,210000,22.417,22.427,22.417,22.427,1303,0
GOVZ.US,60,20210120,220000,22.437,22.476,22.437,22.476,13205,0
GOVZ.US,60,20210121,160000,22.238,22.238,22.238,22.238,100,0
GOVZ.US,60,20210121,200000,22.238,22.238,22.218,22.218,601,0
GOVZ.US,60,20210121,220000,22.243,22.243,22.243,22.243,100,0
GOVZ.US,60,20210122,160000,22.348,22.348,22.328,22.328,6147,0
GOVZ.US,60,20210122,170000,22.268,22.268,22.268,22.268,1292,0
GOVZ.US,60,20210122,180000,22.308,22.308,22.308,22.308,221,0
GOVZ.US,60,20210122,200000,22.313,22.328,22.313,22.328,8975,0
GOVZ.US,60,20210122,210000,22.318,22.318,22.298,22.307,2903,0
GOVZ.US,60,20210122,220000,22.347,22.348,22.347,22.347,799,0
GOVZ.US,60,20210125,160000,22.557,22.557,22.557,22.557,100,0
GOVZ.US,60,20210125,170000,22.587,22.627,22.587,22.627,912,0
GOVZ.US,60,20210125,180000,22.714,22.714,22.696,22.697,934,0
GOVZ.US,60,20210125,190000,22.697,22.697,22.697,22.697,1001,0
GOVZ.US,60,20210125,200000,22.667,22.667,22.667,22.667,1345,0
GOVZ.US,60,20210125,220000,22.647,22.707,22.647,22.707,5334,0
GOVZ.US,60,20210126,180000,22.697,22.697,22.697,22.697,100,0
GOVZ.US,60,20210126,190000,22.657,22.657,22.657,22.657,100,0
GOVZ.US,60,20210126,200000,22.642,22.667,22.642,22.667,1190,0
GOVZ.US,60,20210126,220000,22.657,22.677,22.657,22.677,1628,0
GOVZ.US,60,20210127,190000,22.807,22.827,22.797,22.807,2067,0
GOVZ.US,60,20210127,200000,22.817,22.837,22.817,22.837,3906,0
GOVZ.US,60,20210127,210000,22.816,22.842,22.807,22.842,2503,0
GOVZ.US,60,20210127,220000,22.698,22.786,22.697,22.786,1125,0
GOVZ.US,60,20210128,160000,22.657,22.657,22.597,22.597,1391,0
GOVZ.US,60,20210128,190000,22.516,22.517,22.516,22.517,401,0
GOVZ.US,60,20210128,200000,22.517,22.517,22.517,22.517,2637,0
GOVZ.US,60,20210128,210000,22.437,22.437,22.437,22.437,120,0
GOVZ.US,60,20210128,220000,22.527,22.577,22.527,22.577,2590,0
GOVZ.US,60,20210129,160000,22.318,22.318,22.298,22.298,2442,0
GOVZ.US,60,20210129,190000,22.427,22.427,22.427,22.427,200,0
GOVZ.US,60,20210129,200000,22.437,22.437,22.437,22.437,300,0
GOVZ.US,60,20210129,210000,22.313,22.397,22.298,22.298,9763,0
GOVZ.US,60,20210129,220000,22.288,22.348,22.217,22.348,9389,0
GOVZ.US,60,20210201,160000,22.343,22.343,22.343,22.343,100,0
GOVZ.US,60,20210201,170000,22.348,22.348,22.348,22.348,134,0
GOVZ.US,60,20210201,180000,22.377,22.377,22.377,22.377,9080,0
GOVZ.US,60,20210201,190000,22.437,22.437,22.437,22.437,130,0
GOVZ.US,60,20210201,210000,22.318,22.377,22.318,22.377,5317,0
GOVZ.US,60,20210201,220000,22.377,22.417,22.377,22.407,588,0
GOVZ.US,60,20210202,160000,22.118,22.138,22.118,22.138,417,0
GOVZ.US,60,20210202,170000,22.118,22.118,22.118,22.118,335,0
GOVZ.US,60,20210202,190000,22.163,22.178,22.163,22.178,5706,0
GOVZ.US,60,20210202,210000,22.138,22.138,22.138,22.138,200,0
GOVZ.US,60,20210202,220000,22.188,22.188,22.153,22.153,1256,0
GOVZ.US,60,20210203,160000,22.058,22.058,22.038,22.038,302,0
GOVZ.US,60,20210203,170000,21.963,22.058,21.963,22.048,2098,0
GOVZ.US,60,20210203,180000,21.987,21.987,21.987,21.987,866,0
GOVZ.US,60,20210203,200000,21.958,21.958,21.958,21.958,501,0
GOVZ.US,60,20210203,220000,21.908,21.908,21.858,21.858,11771,0
GOVZ.US,60,20210204,160000,21.768,21.768,21.768,21.768,162,0
GOVZ.US,60,20210204,170000,21.738,21.738,21.738,21.738,701,0
GOVZ.US,60,20210204,190000,21.768,21.788,21.768,21.788,3355,0
GOVZ.US,60,20210204,200000,21.788,21.788,21.788,21.788,2283,0
GOVZ.US,60,20210204,210000,21.768,21.788,21.768,21.788,11858,0
GOVZ.US,60,20210204,220000,21.798,21.798,21.781,21.788,4733,0
GOVZ.US,60,20210205,160000,21.698,21.778,21.698,21.778,18874,0
GOVZ.US,60,20210205,170000,21.768,21.768,21.664,21.664,7966,0
GOVZ.US,60,20210205,180000,21.698,21.698,21.698,21.698,200,0
GOVZ.US,60,20210205,200000,21.639,21.639,21.618,21.618,407,0
GOVZ.US,60,20210205,210000,21.639,21.639,21.639,21.639,169,0
GOVZ.US,60,20210205,220000,21.519,21.519,21.509,21.509,1052,0
GOVZ.US,60,20210208,160000,21.579,21.579,21.519,21.519,795,0
GOVZ.US,60,20210208,170000,21.584,21.584,21.584,21.584,129,0
GOVZ.US,60,20210208,180000,21.698,21.778,21.698,21.778,1211,0
GOVZ.US,60,20210208,190000,21.748,21.748,21.748,21.748,601,0
GOVZ.US,60,20210208,210000,21.711,21.728,21.711,21.728,5163,0
GOVZ.US,60,20210209,160000,21.788,21.818,21.788,21.818,458,0
GOVZ.US,60,20210209,170000,21.847,21.847,21.808,21.808,1421,0
GOVZ.US,60,20210209,180000,21.833,21.848,21.833,21.848,2485,0
GOVZ.US,60,20210209,190000,21.768,21.768,21.768,21.768,100,0
GOVZ.US,60,20210209,220000,21.678,21.678,21.649,21.649,508,0
GOVZ.US,60,20210210,160000,21.788,21.788,21.788,21.788,100,0
GOVZ.US,60,20210210,170000,21.808,21.808,21.808,21.808,200,0
GOVZ.US,60,20210210,180000,21.741,21.741,21.741,21.741,2096,0
GOVZ.US,60,20210211,160000,21.868,21.868,21.813,21.813,1228,0
GOVZ.US,60,20210211,170000,21.853,21.863,21.843,21.843,300,0
GOVZ.US,60,20210211,180000,21.813,21.813,21.733,21.733,300,0
GOVZ.US,60,20210211,190000,21.818,21.818,21.818,21.818,100,0
GOVZ.US,60,20210211,200000,21.748,21.748,21.688,21.698,2110,0
GOVZ.US,60,20210211,220000,21.688,21.698,21.678,21.697,512,0
GOVZ.US,60,20210212,160000,21.389,21.389,21.389,21.389,291,0
GOVZ.US,60,20210212,190000,21.359,21.359,21.359,21.359,200,0
GOVZ.US,60,20210212,200000,21.369,21.369,21.359,21.359,161833,0
GOVZ.US,60,20210212,210000,21.339,21.349,21.339,21.339,300,0
GOVZ.US,60,20210212,220000,21.319,21.319,21.278,21.278,1540,0
GOVZ.US,60,20210216,180000,20.82,20.82,20.8,20.8,4177,0
GOVZ.US,60,20210216,190000,20.785,20.83,20.785,20.83,829,0
GOVZ.US,60,20210216,200000,20.89,20.89,20.869,20.88,7353,0
GOVZ.US,60,20210216,210000,20.88,20.88,20.85,20.855,1323,0
GOVZ.US,60,20210216,220000,20.819,20.86,20.8,20.84,16509,0
GOVZ.US,60,20210217,160000,21.099,21.099,21.099,21.099,100,0
GOVZ.US,60,20210217,170000,21.079,21.079,21.079,21.079,300,0
GOVZ.US,60,20210217,200000,20.95,20.96,20.95,20.96,6207,0
GOVZ.US,60,20210217,210000,20.91,20.96,20.89,20.95,18068,0
GOVZ.US,60,20210217,220000,20.98,21.049,20.98,21.049,12785,0
GOVZ.US,60,20210218,160000,20.81,20.81,20.76,20.765,961,0
GOVZ.US,60,20210218,170000,20.84,20.84,20.84,20.84,401,0
GOVZ.US,60,20210218,190000,20.975,20.975,20.95,20.95,3521,0
GOVZ.US,60,20210218,200000,20.91,20.91,20.91,20.91,1903,0
GOVZ.US,60,20210218,220000,20.878,20.878,20.873,20.873,8071,0
GOVZ.US,60,20210219,160000,20.68,20.68,20.67,20.67,1635,0
GOVZ.US,60,20210219,170000,20.59,20.59,20.59,20.59,501,0
GOVZ.US,60,20210219,180000,20.6,20.63,20.589,20.625,901,0
GOVZ.US,60,20210219,210000,20.51,20.51,20.495,20.499,2866,0
GOVZ.US,60,20210219,220000,20.495,20.52,20.481,20.52,2174,0
GOVZ.US,60,20210222,160000,20.47,20.52,20.47,20.52,4014,0
GOVZ.US,60,20210222,190000,20.4,20.4,20.39,20.39,4369,0
GOVZ.US,60,20210222,200000,20.34,20.38,20.32,20.32,500,0
GOVZ.US,60,20210222,210000,20.32,20.32,20.241,20.241,681,0
GOVZ.US,60,20210222,220000,20.2,20.271,20.2,20.241,10842,0
GOVZ.US,60,20210223,190000,20.091,20.091,20.091,20.091,901,0
GOVZ.US,60,20210223,200000,20.081,20.101,20.081,20.091,1302,0
GOVZ.US,60,20210223,220000,20.121,20.171,20.088,20.171,2608,0
GOVZ.US,60,20210224,160000,19.631,19.631,19.631,19.631,217,0
GOVZ.US,60,20210224,170000,19.741,19.781,19.741,19.781,7124,0
GOVZ.US,60,20210224,180000,19.851,19.851,19.851,19.851,851,0
GOVZ.US,60,20210224,200000,19.961,19.961,19.931,19.931,2527,0
GOVZ.US,60,20210224,210000,19.931,19.931,19.931,19.931,100,0
GOVZ.US,60,20210224,220000,19.931,19.931,19.931,19.931,100,0
GOVZ.US,60,20210225,160000,19.731,19.731,19.731,19.731,1082,0
GOVZ.US,60,20210225,170000,19.572,19.611,19.482,19.482,23710,0
GOVZ.US,60,20210225,180000,19.542,19.611,19.542,19.611,12618,0
GOVZ.US,60,20210225,190000,19.572,19.582,19.572,19.582,2403,0
GOVZ.US,60,20210225,200000,19.472,19.631,19.422,19.631,12367,0
GOVZ.US,60,20210225,210000,19.661,19.72,19.621,19.72,3555,0
GOVZ.US,60,20210225,220000,19.427,19.631,19.352,19.582,24435,0
GOVZ.US,60,20210226,160000,20.111,20.121,20.096,20.121,601,0
GOVZ.US,60,20210226,170000,20.001,20.001,20.001,20.001,100,0
GOVZ.US,60,20210226,180000,20.021,20.021,19.911,19.911,5708,0
GOVZ.US,60,20210226,190000,19.946,19.981,19.946,19.981,401,0
GOVZ.US,60,20210226,200000,20.191,20.201,20.191,20.201,200,0
GOVZ.US,60,20210226,210000,20.211,20.211,20.211,20.211,100,0
GOVZ.US,60,20210226,220000,20.211,20.64,20.191,20.64,8536,0
GOVZ.US,60,20210301,160000,20.07,20.07,20.07,20.07,103,0
GOVZ.US,60,20210301,170000,20.15,20.16,20.15,20.16,54673,0
GOVZ.US,60,20210301,180000,20.055,20.055,20.03,20.03,996,0
GOVZ.US,60,20210301,190000,20.0533,20.0533,20.024,20.024,1500,0
GOVZ.US,60,20210301,210000,20.03,20.03,20.015,20.015,722,0
GOVZ.US,60,20210301,220000,19.9601,19.9601,19.9601,19.9601,250,0
GOVZ.US,60,20210302,170000,20.1092,20.1092,20.1092,20.1092,197,0
GOVZ.US,60,20210302,190000,20.04,20.045,20,20,141173,0
GOVZ.US,60,20210302,210000,20.06,20.06,20.06,20.06,5234,0
GOVZ.US,60,20210302,220000,20.08,20.08,20.05,20.05,1693,0
GOVZ.US,60,20210303,170000,19.7,19.7,19.69,19.69,1300,0
GOVZ.US,60,20210303,180000,19.82,19.82,19.8092,19.8092,400,0
GOVZ.US,60,20210303,200000,19.95,19.95,19.95,19.95,1255,0
GOVZ.US,60,20210303,220000,19.89,19.9,19.84,19.84,1822,0
GOVZ.US,60,20210304,170000,19.86,19.86,19.8517,19.8517,904,0
GOVZ.US,60,20210304,180000,19.86,19.86,19.8554,19.8554,904,0
GOVZ.US,60,20210304,190000,19.86,19.86,19.55,19.55,10222,0
GOVZ.US,60,20210304,210000,19.629,19.629,19.6092,19.6092,200,0
GOVZ.US,60,20210304,220000,19.67,19.675,19.67,19.675,280,0
GOVZ.US,60,20210305,170000,19.7383,19.7383,19.7383,19.7383,400,0
GOVZ.US,60,20210305,180000,19.79,19.79,19.7617,19.7617,500,0
GOVZ.US,60,20210305,200000,19.8,19.8,19.7594,19.7594,873,0
GOVZ.US,60,20210305,210000,19.775,19.79,19.775,19.79,482,0
GOVZ.US,60,20210308,170000,19.67,19.67,19.67,19.67,191,0
GOVZ.US,60,20210308,180000,19.635,19.635,19.635,19.635,557,0
GOVZ.US,60,20210308,190000,19.59,19.59,19.59,19.59,100,0
GOVZ.US,60,20210308,200000,19.649,19.65,19.6317,19.6317,400,0
GOVZ.US,60,20210308,210000,19.67,19.67,19.67,19.67,365,0
GOVZ.US,60,20210308,220000,19.64,19.64,19.6393,19.6393,13827,0
GOVZ.US,60,20210309,190000,19.8,19.84,19.8,19.825,3767,0
GOVZ.US,60,20210309,220000,19.8924,19.93,19.8924,19.93,2433,0
GOVZ.US,60,20210310,160000,19.98,19.98,19.98,19.98,209,0
GOVZ.US,60,20210310,170000,19.905,19.905,19.8901,19.8901,636,0
GOVZ.US,60,20210310,180000,19.871,19.8846,19.87,19.87,1098,0
GOVZ.US,60,20210310,190000,19.93,19.93,19.93,19.93,113,0
GOVZ.US,60,20210310,200000,19.87,19.92,19.87,19.92,6039,0
GOVZ.US,60,20210310,220000,19.98,20,19.97,20,1011,0
GOVZ.US,60,20210311,160000,19.8066,19.815,19.8066,19.815,1327,0
GOVZ.US,60,20210311,180000,19.75,19.75,19.75,19.75,1000,0
GOVZ.US,60,20210311,200000,19.75,19.75,19.75,19.75,100,0
GOVZ.US,60,20210311,210000,19.74,19.74,19.74,19.74,551,0
GOVZ.US,60,20210311,220000,19.78,19.78,19.78,19.78,1231,0
GOVZ.US,60,20210312,160000,19.24,19.24,19.2158,19.24,1906,0
GOVZ.US,60,20210312,170000,19.1788,19.2,19.172,19.172,15061,0
GOVZ.US,60,20210312,180000,19.1696,19.1696,19.1696,19.1696,780,0
GOVZ.US,60,20210312,190000,19.16,19.16,19.16,19.16,400,0
GOVZ.US,60,20210312,200000,19.185,19.185,19.185,19.185,365,0
GOVZ.US,60,20210312,210000,19.1,19.1,19.1,19.1,600,0
GOVZ.US,60,20210312,220000,19.18,19.18,19.18,19.18,1200,0
GOVZ.US,60,20210315,150000,19.27,19.27,19.27,19.27,141,0
GOVZ.US,60,20210315,160000,19.32,19.32,19.32,19.32,200,0
GOVZ.US,60,20210315,170000,19.36,19.36,19.3534,19.3534,322,0
GOVZ.US,60,20210315,180000,19.295,19.295,19.29,19.29,200,0
GOVZ.US,60,20210315,190000,19.29,19.29,19.29,19.29,100,0
GOVZ.US,60,20210315,200000,19.24,19.24,19.24,19.24,100,0
GOVZ.US,60,20210315,210000,19.26,19.28,19.2327,19.28,1090,0
GOVZ.US,60,20210316,150000,19.35,19.36,19.35,19.3592,1007,0
GOVZ.US,60,20210316,160000,19.33,19.33,19.33,19.33,172,0
GOVZ.US,60,20210316,170000,19.285,19.285,19.24,19.24,1726,0
GOVZ.US,60,20210316,180000,19.19,19.19,19.16,19.16,1473,0
GOVZ.US,60,20210316,190000,19.18,19.19,19.13,19.13,1922,0
GOVZ.US,60,20210316,210000,19.18,19.21,19.159,19.185,2864,0
GOVZ.US,60,20210317,150000,18.97,18.97,18.97,18.97,1540,0
GOVZ.US,60,20210317,170000,18.97,18.97,18.8796,18.8796,2257,0
GOVZ.US,60,20210317,180000,18.94,18.94,18.94,18.94,250,0
GOVZ.US,60,20210317,200000,18.83,18.86,18.74,18.85,8008,0
GOVZ.US,60,20210317,210000,18.96,18.99,18.96,18.99,1573,0
GOVZ.US,60,20210318,150000,18.595,18.595,18.595,18.595,200,0
GOVZ.US,60,20210318,160000,18.6,18.6,18.6,18.6,1600,0
GOVZ.US,60,20210318,180000,18.635,18.635,18.635,18.635,200,0
GOVZ.US,60,20210318,210000,18.745,18.82,18.73,18.73,520,0
GOVZ.US,60,20210319,150000,18.79,18.79,18.79,18.79,4150,0
GOVZ.US,60,20210319,160000,18.78,18.78,18.7472,18.78,2128,0
GOVZ.US,60,20210319,180000,18.8,18.8,18.8,18.8,350,0
GOVZ.US,60,20210319,210000,18.84,18.93,18.83,18.93,3650,0
GOVZ.US,60,20210322,150000,19.14,19.14,19.14,19.14,116,0
GOVZ.US,60,20210322,160000,19.09,19.13,19.08,19.13,3434,0
GOVZ.US,60,20210322,180000,19.2,19.22,19.2,19.22,540,0
GOVZ.US,60,20210322,190000,19.229,19.23,19.21,19.23,7200,0
GOVZ.US,60,20210322,210000,19.269,19.27,19.253,19.27,1040,0
GOVZ.US,60,20210323,150000,19.31,19.31,19.26,19.26,1800,0
GOVZ.US,60,20210323,180000,19.33,19.33,19.33,19.33,500,0
GOVZ.US,60,20210323,190000,19.369,19.37,19.369,19.37,300,0
GOVZ.US,60,20210323,210000,19.41,19.43,19.393,19.43,3936,0
GOVZ.US,60,20210324,180000,19.45,19.45,19.433,19.433,1546,0
GOVZ.US,60,20210324,200000,19.52,19.55,19.52,19.55,3661,0
GOVZ.US,60,20210325,150000,19.694,19.71,19.68,19.68,8347,0
GOVZ.US,60,20210325,160000,19.46,19.46,19.455,19.46,18550,0
GOVZ.US,60,20210325,170000,19.4501,19.4501,19.4501,19.4501,100,0
GOVZ.US,60,20210325,180000,19.48,19.49,19.47,19.49,900,0
GOVZ.US,60,20210325,190000,19.45,19.45,19.4062,19.4062,793,0
GOVZ.US,60,20210325,200000,19.44,19.44,19.44,19.44,100,0
GOVZ.US,60,20210325,210000,19.43,19.43,19.39,19.39,3600,0
GOVZ.US,60,20210326,150000,19.25,19.25,19.25,19.25,2026,0
GOVZ.US,60,20210329,160000,19.35,19.35,19.35,19.35,259,0
GOVZ.US,60,20210329,170000,19.141,19.141,19.141,19.141,1250,0
GOVZ.US,60,20210329,180000,19.1303,19.18,19.1303,19.18,2504,0
GOVZ.US,60,20210329,190000,19.15,19.15,19.15,19.15,2000,0
GOVZ.US,60,20210329,200000,19.1337,19.1356,19.1337,19.1356,5356,0
GOVZ.US,60,20210329,220000,18.98,18.98,18.973,18.98,1400,0
GOVZ.US,60,20210330,160000,19.02,19.02,19.02,19.02,200,0
GOVZ.US,60,20210330,170000,19.02,19.02,19.02,19.02,4702,0
GOVZ.US,60,20210330,220000,19.199,19.28,19.1932,19.269,4282,0
GOVZ.US,60,20210331,160000,19.3,19.3,19.3,19.3,174,0
GOVZ.US,60,20210331,170000,19.26,19.26,19.26,19.26,100,0
GOVZ.US,60,20210331,210000,19.035,19.035,19.035,19.035,110,0
GOVZ.US,60,20210401,190000,19.46,19.46,19.46,19.46,414,0
GOVZ.US,60,20210401,200000,19.46,19.46,19.46,19.46,512,0
GOVZ.US,60,20210401,210000,19.49,19.49,19.479,19.479,400,0
GOVZ.US,60,20210401,220000,19.5,19.5,19.5,19.5,300,0
GOVZ.US,60,20210405,160000,19.35,19.35,19.35,19.35,631,0
GOVZ.US,60,20210405,170000,19.3,19.3,19.2339,19.235,7892,0
GOVZ.US,60,20210405,200000,19.34,19.34,19.34,19.34,332940,0
GOVZ.US,60,20210405,210000,19.37,19.37,19.37,19.37,400,0
GOVZ.US,60,20210405,220000,19.3619,19.3648,19.3619,19.3648,4776,0
GOVZ.US,60,20210406,190000,19.605,19.605,19.605,19.605,283,0
GOVZ.US,60,20210406,220000,19.59,19.605,19.59,19.605,18850,0
GOVZ.US,60,20210407,170000,19.55,19.55,19.55,19.55,100,0
GOVZ.US,60,20210407,200000,19.53,19.53,19.5061,19.5061,2689,0
GOVZ.US,60,20210407,210000,19.51,19.51,19.51,19.51,400,0
GOVZ.US,60,20210408,160000,19.61,19.61,19.61,19.61,200,0
GOVZ.US,60,20210408,190000,19.57,19.57,19.57,19.57,1118,0
GOVZ.US,60,20210408,210000,19.59,19.59,19.59,19.59,400,0
GOVZ.US,60,20210409,170000,19.515,19.515,19.515,19.515,290,0
GOVZ.US,60,20210409,190000,19.6,19.61,19.59,19.59,22439,0
GOVZ.US,60,20210409,210000,19.55,19.56,19.5276,19.5276,6161,0
GOVZ.US,60,20210412,220000,19.51,19.525,19.48,19.48,2207,0
GOVZ.US,60,20210413,160000,19.45,19.52,19.45,19.52,300,0
GOVZ.US,60,20210413,190000,19.49,19.49,19.49,19.49,600,0
GOVZ.US,60,20210413,210000,19.665,19.665,19.665,19.665,100,0
GOVZ.US,60,20210413,220000,19.68,19.68,19.68,19.68,417,0
GOVZ.US,60,20210414,160000,19.64,19.64,19.615,19.615,1612,0
GOVZ.US,60,20210414,180000,19.6,19.6,19.5875,19.6,1142,0
GOVZ.US,60,20210414,210000,19.579,19.62,19.579,19.5972,3732,0
GOVZ.US,60,20210415,160000,19.98,19.98,19.98,19.98,100,0
GOVZ.US,60,20210415,170000,20.17,20.17,20.17,20.17,1220,0
GOVZ.US,60,20210415,190000,20.1744,20.1744,20.1744,20.1744,272,0
GOVZ.US,60,20210415,220000,20.255,20.255,20.22,20.22,1712,0
GOVZ.US,60,20210416,170000,19.91,19.915,19.8972,19.915,1809,0
GOVZ.US,60,20210416,180000,19.885,19.9,19.885,19.8875,500,0
GOVZ.US,60,20210416,190000,19.904,19.904,19.904,19.904,876,0
GOVZ.US,60,20210416,210000,19.9496,19.96,19.9496,19.96,654,0
GOVZ.US,60,20210416,220000,19.98,19.98,19.92,19.92,3381,0
GOVZ.US,60,20210419,160000,19.739,19.74,19.739,19.74,216,0
GOVZ.US,60,20210419,220000,19.78,19.78,19.7672,19.7672,2552,0
GOVZ.US,60,20210420,170000,19.835,19.86,19.826,19.84,882,0
GOVZ.US,60,20210420,220000,19.9,19.9401,19.8934,19.94,9900,0
GOVZ.US,60,20210421,170000,19.91,19.91,19.91,19.91,200,0
GOVZ.US,60,20210421,180000,19.85,19.89,19.83,19.89,3457,0
GOVZ.US,60,20210421,190000,19.92,19.92,19.91,19.91,200,0
GOVZ.US,60,20210421,200000,19.94,19.94,19.93,19.93,200,0
GOVZ.US,60,20210421,210000,19.9,19.91,19.889,19.8997,703,0
GOVZ.US,60,20210421,220000,19.915,19.915,19.915,19.915,104,0
GOVZ.US,60,20210422,180000,20.025,20.025,20.025,20.025,500,0
GOVZ.US,60,20210422,220000,20.09,20.09,20.09,20.09,201,0
GOVZ.US,60,20210423,160000,20.03,20.03,20.02,20.02,8010,0
GOVZ.US,60,20210423,180000,19.99,19.99,19.99,19.99,616,0
GOVZ.US,60,20210423,220000,20.009,20.05,19.9934,20.04,2741,0
GOVZ.US,60,20210426,160000,20.06,20.06,20.06,20.06,323,0
GOVZ.US,60,20210426,190000,20.055,20.06,20.055,20.06,600,0
GOVZ.US,60,20210426,200000,20.035,20.035,20.035,20.035,200,0
GOVZ.US,60,20210426,220000,20.04,20.04,20.0099,20.02,5194,0
GOVZ.US,60,20210427,160000,19.96,19.96,19.95,19.95,646,0
GOVZ.US,60,20210427,170000,19.96,19.96,19.9501,19.9501,2920,0
GOVZ.US,60,20210427,220000,19.8,19.8,19.76,19.76,15472,0
GOVZ.US,60,20210428,160000,19.77,19.77,19.77,19.77,536,0
GOVZ.US,60,20210428,200000,19.685,19.685,19.6575,19.67,2380,0
GOVZ.US,60,20210428,220000,19.73,19.73,19.73,19.73,1930,0
GOVZ.US,60,20210429,180000,19.6,19.6,19.6,19.6,400,0
GOVZ.US,60,20210429,210000,19.6298,19.6298,19.6298,19.6298,2000,0
GOVZ.US,60,20210430,160000,19.709,19.71,19.709,19.71,400,0
GOVZ.US,60,20210430,210000,19.69,19.69,19.69,19.69,27650,0
GOVZ.US,60,20210503,160000,19.76,19.76,19.76,19.76,400,0
GOVZ.US,60,20210503,170000,19.9,19.9,19.89,19.89,850,0
GOVZ.US,60,20210503,180000,19.72,19.72,19.72,19.72,200,0
GOVZ.US,60,20210503,190000,19.75,19.75,19.75,19.75,400,0
GOVZ.US,60,20210503,220000,19.71,19.71,19.71,19.71,100,0
GOVZ.US,60,20210504,190000,19.91,19.96,19.88,19.96,10101,0
GOVZ.US,60,20210504,200000,19.96,19.98,19.95,19.97,25319,0
GOVZ.US,60,20210504,220000,19.885,19.885,19.885,19.885,300,0
GOVZ.US,60,20210505,200000,19.89,19.91,19.89,19.91,1641,0
GOVZ.US,60,20210505,220000,19.96,19.97,19.96,19.97,200,0
GOVZ.US,60,20210506,200000,20.07,20.07,20.07,20.07,1990051,0
GOVZ.US,60,20210506,220000,20.03,20.03,20.03,20.03,500,0
GOVZ.US,60,20210507,160000,20,20,19.98,19.98,200,0
GOVZ.US,60,20210507,170000,20.05,20.11,20.05,20.1,400,0
GOVZ.US,60,20210507,190000,19.8779,19.8779,19.82,19.82,616,0
GOVZ.US,60,20210507,200000,19.84,19.84,19.84,19.84,975,0
GOVZ.US,60,20210507,220000,19.8,19.81,19.8,19.81,1034,0
GOVZ.US,60,20210510,170000,19.799,19.8,19.77,19.8,791,0
GOVZ.US,60,20210510,220000,19.555,19.555,19.555,19.555,147,0
GOVZ.US,60,20210511,180000,19.36,19.399,19.36,19.399,4429,0
GOVZ.US,60,20210511,220000,19.37,19.37,19.34,19.35,525,0
GOVZ.US,60,20210512,160000,19.335,19.34,19.33,19.34,400,0
GOVZ.US,60,20210512,190000,19.175,19.175,19.175,19.175,208,0
GOVZ.US,60,20210512,210000,19.109,19.11,19.109,19.11,388,0
GOVZ.US,60,20210513,220000,19.12,19.12,19.12,19.12,200,0
GOVZ.US,60,20210514,170000,19.23,19.23,19.23,19.23,200,0
GOVZ.US,60,20210514,210000,19.271,19.271,19.27,19.27,1175,0
GOVZ.US,60,20210514,220000,19.34,19.36,19.34,19.35,400,0
GOVZ.US,60,20210517,170000,19.3201,19.3201,19.3201,19.3201,150,0
GOVZ.US,60,20210517,180000,19.378,19.378,19.31,19.31,1974,0
GOVZ.US,60,20210518,160000,19.25,19.25,19.25,19.25,111,0
GOVZ.US,60,20210518,180000,19.205,19.205,19.205,19.205,677,0
GOVZ.US,60,20210519,160000,19.31,19.31,19.31,19.31,200,0
GOVZ.US,60,20210519,170000,19.33,19.33,19.33,19.33,300,0
GOVZ.US,60,20210519,200000,19.176,19.176,19.176,19.176,2500,0
GOVZ.US,60,20210519,210000,19.09,19.09,19.07,19.07,2750,0
GOVZ.US,60,20210519,220000,19.21,19.21,19.21,19.21,200,0
GOVZ.US,60,20210520,170000,19.41,19.41,19.41,19.41,500,0
GOVZ.US,60,20210520,190000,19.46,19.46,19.46,19.46,150,0
GOVZ.US,60,20210520,210000,19.39,19.39,19.39,19.39,100,0
GOVZ.US,60,20210521,170000,19.415,19.415,19.415,19.415,100,0
GOVZ.US,60,20210524,200000,19.62,19.64,19.62,19.64,1600,0
GOVZ.US,60,20210524,220000,19.618,19.618,19.618,19.618,6727,0
GOVZ.US,60,20210525,160000,19.735,19.735,19.735,19.735,808,0
GOVZ.US,60,20210525,170000,19.77,19.77,19.75,19.76,1205,0
GOVZ.US,60,20210525,180000,19.781,19.781,19.781,19.781,165,0
GOVZ.US,60,20210525,200000,19.81,19.81,19.81,19.81,7932,0
GOVZ.US,60,20210525,220000,19.89,19.89,19.89,19.89,200,0
GOVZ.US,60,20210526,190000,19.93,19.93,19.93,19.93,1100,0
GOVZ.US,60,20210526,210000,19.85,19.85,19.85,19.85,200,0
GOVZ.US,60,20210526,220000,19.85,19.86,19.83,19.86,6171,0
GOVZ.US,60,20210527,160000,19.69,19.7,19.68,19.7,900,0
GOVZ.US,60,20210527,170000,19.71,19.71,19.67,19.67,1500,0
GOVZ.US,60,20210527,180000,19.669,19.669,19.66,19.6601,500,0
GOVZ.US,60,20210527,210000,19.71,19.71,19.71,19.71,200,0
GOVZ.US,60,20210527,220000,19.74,19.74,19.74,19.74,200,0
GOVZ.US,60,20210528,160000,19.75,19.77,19.75,19.77,900,0
GOVZ.US,60,20210528,180000,19.83,19.83,19.83,19.83,1000,0
GOVZ.US,60,20210528,190000,19.84,19.89,19.795,19.795,9999800,0
GOVZ.US,60,20210528,200000,19.84,19.84,19.84,19.84,72320,0
GOVZ.US,60,20210601,160000,19.68,19.68,19.68,19.68,306,0
GOVZ.US,60,20210601,220000,19.715,19.715,19.715,19.715,326,0
GOVZ.US,60,20210602,180000,19.771,19.771,19.77,19.77,200,0
GOVZ.US,60,20210602,190000,19.81,19.81,19.81,19.81,100,0
GOVZ.US,60,20210602,220000,19.79,19.79,19.7743,19.7743,2230,0
GOVZ.US,60,20210603,190000,19.67,19.69,19.665,19.69,16019,0
GOVZ.US,60,20210604,160000,19.78,19.78,19.78,19.78,2024,0
GOVZ.US,60,20210604,190000,19.991,19.991,19.9701,19.9701,1832,0
GOVZ.US,60,20210604,200000,19.985,19.985,19.985,19.985,250,0
GOVZ.US,60,20210604,210000,19.975,19.975,19.97,19.97,610,0
GOVZ.US,60,20210604,220000,20.04,20.04,20.04,20.04,200,0
GOVZ.US,60,20210607,160000,19.98,20,19.98,20,1000,0
GOVZ.US,60,20210607,170000,20,20.02,19.96,19.99,1700,0
GOVZ.US,60,20210607,180000,20,20.02,20,20.02,1400,0
GOVZ.US,60,20210607,190000,20.005,20.005,19.98,19.98,1300,0
GOVZ.US,60,20210607,200000,19.99,20,19.98,19.98,1000,0
GOVZ.US,60,20210607,210000,20,20.01,19.98,19.98,1200,0
GOVZ.US,60,20210607,220000,19.97,19.99,19.97,19.99,1214,0
GOVZ.US,60,20210608,170000,20.1401,20.1401,20.1401,20.1401,2032,0
GOVZ.US,60,20210608,190000,20.165,20.17,20.16,20.16,1146,0
GOVZ.US,60,20210608,220000,20.195,20.195,20.195,20.195,166,0
GOVZ.US,60,20210609,160000,20.46,20.53,20.46,20.475,2363,0
GOVZ.US,60,20210609,180000,20.385,20.385,20.385,20.385,317,0
GOVZ.US,60,20210609,220000,20.44,20.44,20.425,20.425,1765,0
GOVZ.US,60,20210610,160000,20.27,20.27,20.27,20.27,372,0
GOVZ.US,60,20210610,180000,20.38,20.416,20.38,20.416,10032,0
GOVZ.US,60,20210610,220000,20.52,20.565,20.52,20.565,1087,0
GOVZ.US,60,20210611,160000,20.51,20.51,20.51,20.51,100,0
GOVZ.US,60,20210611,170000,20.505,20.505,20.4785,20.4785,6155,0
GOVZ.US,60,20210611,190000,20.53,20.53,20.53,20.53,300,0
GOVZ.US,60,20210611,200000,20.56,20.56,20.56,20.56,100,0
GOVZ.US,60,20210611,210000,20.55,20.55,20.546,20.546,1200,0
GOVZ.US,60,20210611,220000,20.55,20.55,20.5415,20.5415,200,0
GOVZ.US,60,20210614,160000,20.5,20.5,20.5,20.5,957,0
GOVZ.US,60,20210614,220000,20.31,20.315,20.31,20.31,2288,0
GOVZ.US,60,20210615,160000,20.25,20.25,20.25,20.25,103,0
GOVZ.US,60,20210615,200000,20.19,20.2,20.19,20.2,400,0
GOVZ.US,60,20210615,210000,20.24,20.24,20.24,20.24,523,0
GOVZ.US,60,20210615,220000,20.26,20.26,20.26,20.26,165,0
GOVZ.US,60,20210616,170000,20.3353,20.3353,20.3353,20.3353,435,0
GOVZ.US,60,20210616,190000,20.37,20.37,20.37,20.37,250,0
GOVZ.US,60,20210616,210000,20.23,20.29,20.18,20.22,3700,0
GOVZ.US,60,20210616,220000,20.3,20.31,20.28,20.3,2727,0
GOVZ.US,60,20210617,160000,20.57,20.57,20.5,20.5,5959,0
GOVZ.US,60,20210617,170000,20.58,20.58,20.58,20.58,100,0
GOVZ.US,60,20210617,180000,20.73,21,20.73,21,7866,0
GOVZ.US,60,20210617,190000,20.94,21.08,20.93,21.08,9046,0
GOVZ.US,60,20210617,200000,20.97,21.09,20.96,21.09,3000,0
GOVZ.US,60,20210617,210000,20.93,20.93,20.93,20.93,700,0
GOVZ.US,60,20210617,220000,20.8465,20.8465,20.8045,20.8045,2145,0
GOVZ.US,60,20210618,160000,21.08,21.08,21.08,21.08,1500,0
GOVZ.US,60,20210618,170000,21.06,21.44,21.06,21.44,1140,0
GOVZ.US,60,20210618,180000,21.205,21.205,21.205,21.205,200,0
GOVZ.US,60,20210618,200000,21.29,21.379,21.2827,21.379,1100,0
GOVZ.US,60,20210618,210000,21.389,21.389,21.389,21.389,100,0
GOVZ.US,60,20210618,220000,21.3572,21.39,21.3572,21.39,554,0
GOVZ.US,60,20210621,160000,21.08,21.08,21.03,21.04,590,0
GOVZ.US,60,20210621,170000,20.95,21.005,20.9,21.005,8527,0
GOVZ.US,60,20210621,180000,21.02,21.02,21.02,21.02,100,0
GOVZ.US,60,20210621,190000,21.02,21.02,20.94,20.94,800,0
GOVZ.US,60,20210621,200000,20.9,20.9,20.88,20.89,2400,0
GOVZ.US,60,20210621,210000,20.89,20.89,20.82,20.83,6280,0
GOVZ.US,60,20210621,220000,20.83,20.9,20.8,20.87,11924,0
GOVZ.US,60,20210622,160000,20.6,20.6,20.59,20.59,1104,0
GOVZ.US,60,20210622,170000,20.7,20.7,20.7,20.7,2000,0
GOVZ.US,60,20210622,180000,20.73,20.74,20.73,20.74,400,0
GOVZ.US,60,20210622,210000,20.8,20.81,20.8,20.81,200,0
GOVZ.US,60,20210622,220000,20.86,20.8799,20.86,20.8799,895,0
GOVZ.US,60,20210623,160000,20.78,20.78,20.78,20.78,123,0
GOVZ.US,60,20210623,170000,20.78,20.78,20.78,20.78,1400,0
GOVZ.US,60,20210623,200000,20.785,20.79,20.785,20.79,1750,0
GOVZ.US,60,20210624,160000,20.899,20.899,20.88,20.88,200,0
GOVZ.US,60,20210624,220000,20.899,20.9,20.899,20.9,700,0
GOVZ.US,60,20210625,160000,20.82,20.82,20.78,20.78,8345,0
GOVZ.US,60,20210625,170000,20.68,20.709,20.68,20.709,300,0
GOVZ.US,60,20210625,180000,20.63,20.63,20.61,20.61,14686,0
GOVZ.US,60,20210625,190000,20.52,20.52,20.5,20.5,3753,0
GOVZ.US,60,20210625,200000,20.46,20.46,20.46,20.46,100,0
GOVZ.US,60,20210625,210000,20.455,20.455,20.455,20.455,500,0
GOVZ.US,60,20210625,220000,20.49,20.51,20.48,20.51,503,0
GOVZ.US,60,20210628,160000,20.715,20.73,20.715,20.72,800,0
GOVZ.US,60,20210628,190000,20.851,20.851,20.851,20.851,100,0
GOVZ.US,60,20210628,200000,20.85,20.88,20.85,20.88,700,0
GOVZ.US,60,20210628,210000,20.87,20.87,20.87,20.87,500,0
GOVZ.US,60,20210628,220000,20.86,20.86,20.85,20.85,300,0
GOVZ.US,60,20210629,180000,20.835,20.84,20.835,20.84,800,0
GOVZ.US,60,20210629,190000,20.82,20.82,20.82,20.82,200,0
GOVZ.US,60,20210629,200000,20.85,20.85,20.85,20.85,250,0
GOVZ.US,60,20210629,220000,20.86,20.89,20.85,20.89,2000,0
GOVZ.US,60,20210630,160000,21.03,21.05,21.03,21.05,645,0
GOVZ.US,60,20210630,170000,21.07,21.15,21.065,21.15,2200,0
GOVZ.US,60,20210630,180000,21.14,21.14,21.095,21.115,900,0
GOVZ.US,60,20210630,190000,21.1,21.115,21.1,21.115,800,0
GOVZ.US,60,20210630,200000,21.065,21.105,21.065,21.105,300,0
GOVZ.US,60,20210630,210000,21.05,21.055,21.04,21.055,1900,0
GOVZ.US,60,20210630,220000,21.025,21.12,21,21,3000,0
GOVZ.US,60,20210701,170000,21.02,21.02,20.935,20.935,6300,0
GOVZ.US,60,20210701,180000,20.925,20.935,20.9,20.92,3265,0
GOVZ.US,60,20210701,190000,20.92,20.92,20.915,20.92,800,0
GOVZ.US,60,20210701,200000,20.925,20.925,20.925,20.925,200,0
GOVZ.US,60,20210701,210000,20.93,20.93,20.925,20.925,700,0
GOVZ.US,60,20210701,220000,20.97,21.02,20.97,21.02,3810,0
GOVZ.US,60,20210702,160000,21.03,21.12,21.01,21.115,3600,0
GOVZ.US,60,20210702,170000,21.095,21.13,21.095,21.13,1300,0
GOVZ.US,60,20210702,180000,21.105,21.15,21.105,21.15,500,0
GOVZ.US,60,20210702,200000,21.15,21.17,21.145,21.17,6900,0
GOVZ.US,60,20210702,210000,21.18,21.18,21.18,21.18,1600,0
GOVZ.US,60,20210702,220000,21.17,21.17,21.17,21.17,500,0
GOVZ.US,60,20210706,160000,21.36,21.419,21.36,21.41,2021,0
GOVZ.US,60,20210706,170000,21.46,21.57,21.46,21.56,7800,0
GOVZ.US,60,20210706,180000,21.52,21.52,21.455,21.455,1000,0
GOVZ.US,60,20210706,190000,21.489,21.49,21.489,21.49,1175,0
GOVZ.US,60,20210706,200000,21.43,21.43,21.41,21.41,1800,0
GOVZ.US,60,20210706,210000,21.39,21.43,21.39,21.43,4000,0
GOVZ.US,60,20210706,220000,21.45,21.52,21.44,21.51,17883,0
GOVZ.US,60,20210707,160000,21.71,21.82,21.67,21.82,1250,0
GOVZ.US,60,20210707,170000,21.8499,21.93,21.81,21.91,3055,0
GOVZ.US,60,20210707,180000,21.74,21.84,21.74,21.84,1183,0
GOVZ.US,60,20210707,190000,21.84,21.84,21.8199,21.8199,3455,0
GOVZ.US,60,20210707,200000,21.82,21.82,21.819,21.82,300,0
GOVZ.US,60,20210707,210000,21.805,21.805,21.805,21.805,200,0
GOVZ.US,60,20210707,220000,21.7701,21.83,21.7701,21.8133,2088,0
GOVZ.US,60,20210708,160000,22.06,22.06,21.95,22.06,3545,0
GOVZ.US,60,20210708,170000,22.03,22.12,22.0217,22.11,4244,0
GOVZ.US,60,20210708,180000,22.078,22.078,21.884,21.884,8427,0
GOVZ.US,60,20210708,190000,21.88,21.91,21.86,21.88,2627,0
GOVZ.US,60,20210708,200000,21.91,21.92,21.91,21.92,500,0
GOVZ.US,60,20210708,210000,21.915,21.95,21.915,21.95,750,0
GOVZ.US,60,20210708,220000,21.96,21.96,21.959,21.96,528,0
GOVZ.US,60,20210709,160000,21.74,21.74,21.53,21.565,1406,0
GOVZ.US,60,20210709,170000,21.549,21.559,21.52,21.53,7182,0
GOVZ.US,60,20210709,180000,21.54,21.55,21.54,21.54,2131,0
GOVZ.US,60,20210709,190000,21.5399,21.545,21.51,21.51,1055,0
GOVZ.US,60,20210709,200000,21.49,21.52,21.49,21.52,2900,0
GOVZ.US,60,20210709,210000,21.52,21.54,21.52,21.54,9285,0
GOVZ.US,60,20210709,220000,21.49,21.49,21.49,21.49,200,0
