<TICKER>,<PER>,<DATE>,<TIME>,<OPEN>,<HIGH>,<LOW>,<CLOSE>,<VOL>,<OPENINT>
IOO.US,60,20200914,160000,56.822,56.822,56.653,56.653,3573,0
IOO.US,60,20200914,170000,57.07,57.169,57.018,57.03,3714,0
IOO.US,60,20200914,180000,57.017,57.103,56.991,57.025,1084,0
IOO.US,60,20200914,190000,56.961,57.001,56.923,56.929,915,0
IOO.US,60,20200914,200000,56.946,56.946,56.643,56.777,4817,0
IOO.US,60,20200914,210000,56.713,56.832,56.673,56.673,11457,0
IOO.US,60,20200914,220000,56.718,56.832,56.653,56.723,10533,0
IOO.US,60,20200915,160000,57.338,57.408,57.289,57.318,6407,0
IOO.US,60,20200915,170000,57.378,57.378,57.052,57.052,5597,0
IOO.US,60,20200915,180000,57.244,57.259,57.16,57.209,3922,0
IOO.US,60,20200915,190000,57.219,57.279,57.219,57.279,4909,0
IOO.US,60,20200915,200000,57.328,57.328,57.171,57.219,9727,0
IOO.US,60,20200915,210000,57.13,57.13,56.991,57.04,1959,0
IOO.US,60,20200915,220000,57.02,57.03,56.812,56.991,8986,0
IOO.US,60,20200916,160000,57.16,57.16,56.951,57.05,2723,0
IOO.US,60,20200916,170000,57.086,57.086,56.881,56.96,993,0
IOO.US,60,20200916,180000,57.001,57.14,57.001,57.089,5145,0
IOO.US,60,20200916,190000,57.065,57.065,57.021,57.021,2850,0
IOO.US,60,20200916,200000,56.941,56.976,56.871,56.901,4460,0
IOO.US,60,20200916,210000,56.921,57.188,56.921,56.971,2932,0
IOO.US,60,20200916,220000,56.997,57.02,56.603,56.603,4581,0
IOO.US,60,20200917,160000,55.789,55.998,55.68,55.998,2808,0
IOO.US,60,20200917,170000,56.117,56.166,56.008,56.166,1411,0
IOO.US,60,20200917,180000,56.271,56.286,56.027,56.027,5159,0
IOO.US,60,20200917,190000,55.869,55.878,55.68,55.865,13367,0
IOO.US,60,20200917,200000,55.892,55.948,55.839,55.948,4633,0
IOO.US,60,20200917,210000,56.003,56.003,55.739,55.849,25762,0
IOO.US,60,20200917,220000,55.849,56.147,55.71,56.147,11875,0
IOO.US,60,20200918,160000,56.216,56.216,55.809,55.918,3761,0
IOO.US,60,20200918,170000,56.027,56.027,55.779,55.804,3166,0
IOO.US,60,20200918,180000,55.62,55.73,55.521,55.73,1254,0
IOO.US,60,20200918,190000,55.67,55.744,55.352,55.372,9151,0
IOO.US,60,20200918,200000,55.372,55.372,55.024,55.084,1219,0
IOO.US,60,20200918,210000,55.253,55.352,55.183,55.263,1342,0
IOO.US,60,20200918,220000,55.362,55.457,55.347,55.402,7423,0
IOO.US,60,20200921,160000,54.349,54.399,54.171,54.29,9933,0
IOO.US,60,20200921,170000,54.504,54.504,53.882,53.972,2625,0
IOO.US,60,20200921,180000,53.906,54.091,53.824,54.091,3013,0
IOO.US,60,20200921,190000,54.151,54.29,54.082,54.146,15179,0
IOO.US,60,20200921,200000,54.021,54.374,54.002,54.209,9832,0
IOO.US,60,20200921,210000,54.156,54.218,54.014,54.203,4386,0
IOO.US,60,20200921,220000,54.409,54.806,54.379,54.806,3611,0
IOO.US,60,20200922,160000,55.104,55.124,54.913,54.913,639,0
IOO.US,60,20200922,170000,55.094,55.128,54.868,54.868,4095,0
IOO.US,60,20200922,180000,54.627,54.821,54.617,54.786,6448,0
IOO.US,60,20200922,190000,54.925,54.979,54.806,54.806,1404,0
IOO.US,60,20200922,200000,54.836,55.084,54.836,55.074,1614,0
IOO.US,60,20200922,210000,55.217,55.242,55.134,55.134,2920,0
IOO.US,60,20200922,220000,55.233,55.422,55.134,55.392,5468,0
IOO.US,60,20200923,160000,55.561,55.561,55.422,55.422,8030,0
IOO.US,60,20200923,170000,55.243,55.278,55.149,55.207,3589,0
IOO.US,60,20200923,180000,55.064,55.064,54.905,54.905,1883,0
IOO.US,60,20200923,190000,54.841,54.968,54.786,54.955,2996,0
IOO.US,60,20200923,200000,54.957,54.957,54.786,54.83,4390,0
IOO.US,60,20200923,210000,54.697,54.697,54.224,54.224,503,0
IOO.US,60,20200923,220000,54.169,54.26,54.111,54.151,6008,0
IOO.US,60,20200924,160000,53.892,54.28,53.813,54.28,4834,0
IOO.US,60,20200924,170000,54.359,54.458,54.101,54.22,8907,0
IOO.US,60,20200924,180000,54.27,54.538,54.23,54.538,4786,0
IOO.US,60,20200924,190000,54.657,54.657,54.419,54.419,2081,0
IOO.US,60,20200924,200000,54.744,54.831,54.736,54.776,1710,0
IOO.US,60,20200924,210000,54.75,54.75,54.35,54.35,4537,0
IOO.US,60,20200924,220000,54.305,54.429,54.11,54.349,63053,0
IOO.US,60,20200925,160000,54.18,54.26,54.101,54.141,11220,0
IOO.US,60,20200925,170000,54.309,54.389,54.021,54.359,24370,0
IOO.US,60,20200925,180000,54.38,54.508,54.339,54.339,12420,0
IOO.US,60,20200925,190000,54.498,54.529,54.446,54.529,2231,0
IOO.US,60,20200925,200000,54.627,54.733,54.558,54.733,14760,0
IOO.US,60,20200925,210000,54.781,54.894,54.776,54.894,5030,0
IOO.US,60,20200925,220000,54.963,55.124,54.955,54.995,10855,0
IOO.US,60,20200928,160000,55.809,55.908,55.794,55.839,48211,0
IOO.US,60,20200928,170000,55.774,55.849,55.66,55.66,679,0
IOO.US,60,20200928,180000,55.74,55.833,55.74,55.789,3110,0
IOO.US,60,20200928,190000,55.779,55.878,55.707,55.878,1692,0
IOO.US,60,20200928,200000,55.819,55.98,55.819,55.958,20119,0
IOO.US,60,20200928,210000,55.908,55.988,55.908,55.988,1784,0
IOO.US,60,20200928,220000,55.829,55.908,55.829,55.908,21229,0
IOO.US,60,20200929,160000,55.908,55.928,55.754,55.799,4346,0
IOO.US,60,20200929,170000,55.849,55.899,55.67,55.7,2400,0
IOO.US,60,20200929,180000,55.655,55.727,55.571,55.59,556,0
IOO.US,60,20200929,190000,55.556,55.622,55.53,55.622,3875,0
IOO.US,60,20200929,200000,55.511,55.699,55.511,55.699,1836,0
IOO.US,60,20200929,210000,55.67,55.739,55.67,55.729,20881,0
IOO.US,60,20200929,220000,55.69,55.73,55.6,55.6,27917,0
IOO.US,60,20200930,160000,55.61,55.832,55.61,55.832,22993,0
IOO.US,60,20200930,170000,55.978,56.166,55.958,56.127,9339,0
IOO.US,60,20200930,180000,56.081,56.216,56.04,56.176,8970,0
IOO.US,60,20200930,190000,56.216,56.286,56.176,56.176,13725,0
IOO.US,60,20200930,200000,56.196,56.276,56.057,56.276,19244,0
IOO.US,60,20200930,210000,56.296,56.405,55.858,56.047,7071,0
IOO.US,60,20200930,220000,56.063,56.064,55.72,55.908,15965,0
IOO.US,60,20201001,160000,56.405,56.405,56.405,56.405,133,0
IOO.US,60,20201001,170000,56.107,56.202,56.057,56.057,2227,0
IOO.US,60,20201001,180000,56.087,56.201,56.061,56.177,2942,0
IOO.US,60,20201001,190000,56.102,56.176,56.037,56.157,1968,0
IOO.US,60,20201001,200000,56.157,56.176,56.107,56.157,9095,0
IOO.US,60,20201001,210000,56.047,56.157,55.908,56.117,5522,0
IOO.US,60,20201001,220000,56.226,56.226,56.036,56.196,12879,0
IOO.US,60,20201002,160000,55.253,55.546,55.253,55.546,41532,0
IOO.US,60,20201002,170000,55.73,55.799,55.531,55.68,46498,0
IOO.US,60,20201002,180000,55.625,55.749,55.396,55.396,23085,0
IOO.US,60,20201002,190000,55.362,55.809,55.352,55.769,16273,0
IOO.US,60,20201002,200000,55.7,55.71,55.571,55.6,6124,0
IOO.US,60,20201002,210000,55.726,55.749,55.595,55.65,4242,0
IOO.US,60,20201002,220000,55.65,55.749,55.491,55.491,13398,0
IOO.US,60,20201005,160000,55.859,55.968,55.859,55.938,2377,0
IOO.US,60,20201005,170000,55.938,56.236,55.938,56.236,11763,0
IOO.US,60,20201005,180000,56.164,56.226,56.147,56.216,1819,0
IOO.US,60,20201005,190000,56.2,56.216,56.2,56.216,1579,0
IOO.US,60,20201005,200000,56.206,56.216,56.097,56.097,2956,0
IOO.US,60,20201005,210000,56.112,56.185,56.069,56.176,6835,0
IOO.US,60,20201005,220000,56.305,56.474,56.305,56.464,7607,0
IOO.US,60,20201006,160000,56.445,56.445,56.186,56.249,43596,0
IOO.US,60,20201006,170000,56.365,56.385,56.236,56.305,796466,0
IOO.US,60,20201006,180000,56.289,56.289,56.1,56.1,3239,0
IOO.US,60,20201006,190000,56.057,56.206,56.057,56.194,1827,0
IOO.US,60,20201006,200000,56.335,56.357,56.286,56.32,3157,0
IOO.US,60,20201006,210000,56.335,56.474,55.66,55.918,11393,0
IOO.US,60,20201006,220000,55.71,55.829,55.491,55.521,13061,0
IOO.US,60,20201007,160000,55.978,56.092,55.933,56.015,1883,0
IOO.US,60,20201007,170000,55.914,56.039,55.898,56.039,540,0
IOO.US,60,20201007,180000,56.014,56.093,56.014,56.093,817,0
IOO.US,60,20201007,190000,56.137,56.137,55.978,56.082,3077,0
IOO.US,60,20201007,200000,56.139,56.266,56.139,56.266,4034,0
IOO.US,60,20201007,210000,56.266,56.375,56.236,56.355,3810,0
IOO.US,60,20201007,220000,56.385,56.395,56.315,56.325,3434,0
IOO.US,60,20201008,160000,56.673,56.673,56.554,56.673,17237,0
IOO.US,60,20201008,170000,56.683,56.732,56.603,56.688,13812,0
IOO.US,60,20201008,180000,56.742,56.742,56.564,56.666,2138,0
IOO.US,60,20201008,190000,56.681,56.746,56.681,56.713,1279,0
IOO.US,60,20201008,200000,56.708,56.708,56.623,56.704,5565,0
IOO.US,60,20201008,210000,56.703,56.752,56.693,56.727,1669,0
IOO.US,60,20201008,220000,56.718,56.732,56.713,56.723,1555,0
IOO.US,60,20201009,160000,57.02,57.143,57.02,57.14,11316,0
IOO.US,60,20201009,170000,57.128,57.189,57.07,57.179,5968,0
IOO.US,60,20201009,180000,57.199,57.388,57.199,57.388,1749,0
IOO.US,60,20201009,190000,57.394,57.394,57.279,57.338,6253,0
IOO.US,60,20201009,200000,57.328,57.365,57.294,57.294,2858,0
IOO.US,60,20201009,210000,57.328,57.358,57.269,57.294,5202,0
IOO.US,60,20201009,220000,57.28,57.428,57.28,57.388,14422,0
IOO.US,60,20201012,160000,57.924,58.063,57.914,57.994,3571,0
IOO.US,60,20201012,170000,57.964,58.202,57.964,58.202,3130,0
IOO.US,60,20201012,180000,58.51,58.546,58.421,58.421,1089,0
IOO.US,60,20201012,190000,58.421,58.659,58.421,58.659,7021,0
IOO.US,60,20201012,200000,58.783,58.803,58.738,58.758,5289,0
IOO.US,60,20201012,210000,58.828,58.947,58.818,58.882,7138,0
IOO.US,60,20201012,220000,58.789,58.789,58.659,58.699,21685,0
IOO.US,60,20201013,160000,58.639,58.639,58.317,58.331,3960,0
IOO.US,60,20201013,170000,58.282,58.479,58.282,58.336,5987,0
IOO.US,60,20201013,180000,58.427,58.55,58.415,58.475,3150,0
IOO.US,60,20201013,190000,58.411,58.411,58.345,58.345,1291,0
IOO.US,60,20201013,200000,58.391,58.411,58.252,58.272,11193,0
IOO.US,60,20201013,210000,58.081,58.143,58.034,58.143,2922,0
IOO.US,60,20201013,220000,58.201,58.444,58.153,58.162,7822,0
IOO.US,60,20201014,160000,58.172,58.411,58.118,58.401,16328,0
IOO.US,60,20201014,170000,58.321,58.321,58.217,58.228,2326,0
IOO.US,60,20201014,180000,58.202,58.232,57.835,57.835,5193,0
IOO.US,60,20201014,190000,57.835,57.924,57.646,57.775,8375,0
IOO.US,60,20201014,200000,57.778,57.81,57.647,57.69,1510,0
IOO.US,60,20201014,210000,57.845,57.865,57.686,57.755,2595,0
IOO.US,60,20201014,220000,57.994,57.994,57.755,57.805,6616,0
IOO.US,60,20201015,160000,56.822,57.209,56.822,57.209,46812,0
IOO.US,60,20201015,170000,57.175,57.175,56.917,56.951,5388,0
IOO.US,60,20201015,180000,57.011,57.249,57.011,57.189,16346,0
IOO.US,60,20201015,190000,57.209,57.209,57.12,57.204,2112,0
IOO.US,60,20201015,200000,57.204,57.328,57.204,57.328,1379,0
IOO.US,60,20201015,210000,57.364,57.388,57.279,57.353,2594,0
IOO.US,60,20201015,220000,57.398,57.547,57.398,57.457,8335,0
IOO.US,60,20201016,160000,57.775,57.775,57.745,57.745,3859,0
IOO.US,60,20201016,170000,57.863,57.964,57.863,57.934,3578,0
IOO.US,60,20201016,180000,57.835,57.874,57.78,57.78,1816,0
IOO.US,60,20201016,190000,57.735,57.785,57.69,57.735,3507,0
IOO.US,60,20201016,200000,57.767,57.83,57.767,57.781,3289,0
IOO.US,60,20201016,210000,57.815,57.869,57.815,57.869,557,0
IOO.US,60,20201016,220000,57.764,57.764,57.358,57.438,30586,0
IOO.US,60,20201019,160000,57.775,57.775,57.758,57.758,520,0
IOO.US,60,20201019,170000,57.467,57.671,57.429,57.477,4441,0
IOO.US,60,20201019,180000,57.517,57.517,57.374,57.374,1072,0
IOO.US,60,20201019,190000,57.323,57.373,57.269,57.373,2795,0
IOO.US,60,20201019,200000,57.314,57.355,57.283,57.299,1143,0
IOO.US,60,20201019,210000,57.108,57.174,56.742,56.742,5947,0
IOO.US,60,20201019,220000,56.663,56.742,56.549,56.623,12860,0
IOO.US,60,20201020,160000,56.981,57.04,56.891,57.04,3017,0
IOO.US,60,20201020,170000,57.169,57.247,56.981,57.001,15016,0
IOO.US,60,20201020,180000,56.879,56.942,56.879,56.894,5049,0
IOO.US,60,20201020,190000,56.995,57.15,56.995,57.15,2383,0
IOO.US,60,20201020,200000,57.199,57.467,57.199,57.467,2539,0
IOO.US,60,20201020,210000,57.279,57.328,57.16,57.189,14280,0
IOO.US,60,20201020,220000,57.184,57.267,56.842,56.95,26990,0
IOO.US,60,20201021,160000,56.802,57.169,56.802,57.169,1428,0
IOO.US,60,20201021,170000,57.126,57.161,57.11,57.11,2118,0
IOO.US,60,20201021,180000,56.963,56.966,56.822,56.822,2361,0
IOO.US,60,20201021,190000,56.901,56.901,56.703,56.703,579,0
IOO.US,60,20201021,200000,56.867,56.91,56.867,56.892,875,0
IOO.US,60,20201021,210000,56.916,57.05,56.916,57.05,1276,0
IOO.US,60,20201021,220000,57.02,57.051,56.693,56.703,3875,0
IOO.US,60,20201022,160000,56.683,56.743,56.683,56.743,1025,0
IOO.US,60,20201022,170000,56.703,56.703,56.246,56.544,19020,0
IOO.US,60,20201022,180000,56.574,56.713,56.574,56.643,3607,0
IOO.US,60,20201022,190000,56.59,56.722,56.59,56.722,907,0
IOO.US,60,20201022,200000,56.713,56.911,56.693,56.911,4048,0
IOO.US,60,20201022,210000,56.857,56.961,56.852,56.901,1355,0
IOO.US,60,20201022,220000,56.971,56.991,56.872,56.951,10252,0
IOO.US,60,20201023,160000,57.125,57.125,57.04,57.04,1019,0
IOO.US,60,20201023,170000,56.922,56.986,56.901,56.903,4776,0
IOO.US,60,20201023,180000,56.941,56.941,56.813,56.822,636,0
IOO.US,60,20201023,190000,56.792,56.82,56.723,56.723,4120,0
IOO.US,60,20201023,200000,56.747,56.911,56.747,56.865,3661,0
IOO.US,60,20201023,210000,56.908,56.932,56.852,56.872,2096,0
IOO.US,60,20201023,220000,56.904,57.09,56.895,57.04,17552,0
IOO.US,60,20201026,150000,56.554,56.785,56.554,56.732,5726,0
IOO.US,60,20201026,160000,56.906,56.906,56.603,56.603,2058,0
IOO.US,60,20201026,170000,56.314,56.314,56.186,56.246,1537,0
IOO.US,60,20201026,180000,56.226,56.226,56.037,56.042,2603,0
IOO.US,60,20201026,190000,56.032,56.052,55.718,55.918,9759,0
IOO.US,60,20201026,200000,56.027,56.147,56.027,56.1,3556,0
IOO.US,60,20201026,210000,56.042,56.335,56.037,56.335,2248,0
IOO.US,60,20201027,150000,56.266,56.325,56.266,56.325,3230,0
IOO.US,60,20201027,160000,56.144,56.309,56.137,56.287,5140,0
IOO.US,60,20201027,170000,56.236,56.39,56.161,56.39,3555,0
IOO.US,60,20201027,180000,56.425,56.445,56.246,56.287,4212,0
IOO.US,60,20201027,190000,56.32,56.435,56.266,56.402,1429,0
IOO.US,60,20201027,200000,56.4,56.4,56.246,56.246,1758,0
IOO.US,60,20201027,210000,56.263,56.345,56.201,56.256,20477,0
IOO.US,60,20201028,150000,55.134,55.183,54.687,54.771,95212,0
IOO.US,60,20201028,160000,54.786,54.796,54.27,54.28,331908,0
IOO.US,60,20201028,170000,54.329,54.681,54.22,54.642,227756,0
IOO.US,60,20201028,180000,54.627,54.687,54.379,54.439,119457,0
IOO.US,60,20201028,190000,54.359,54.488,54.27,54.463,262504,0
IOO.US,60,20201028,200000,54.478,54.568,54.27,54.54,132643,0
IOO.US,60,20201028,210000,54.384,54.59,54.071,54.151,447298,0
IOO.US,60,20201029,150000,54.161,54.349,54.121,54.218,6250,0
IOO.US,60,20201029,160000,54.463,54.558,54.399,54.558,920,0
IOO.US,60,20201029,170000,54.468,54.685,54.468,54.588,1211,0
IOO.US,60,20201029,180000,54.575,54.631,54.568,54.612,2521,0
IOO.US,60,20201029,190000,54.632,54.93,54.553,54.93,1151,0
IOO.US,60,20201029,200000,55.074,55.074,55.053,55.053,825,0
IOO.US,60,20201029,210000,54.945,55.064,54.687,54.727,6520,0
IOO.US,60,20201030,150000,54.478,54.478,54.205,54.205,575,0
IOO.US,60,20201030,160000,54.41,54.41,53.808,53.808,1356,0
IOO.US,60,20201030,170000,53.967,53.967,53.798,53.798,516,0
IOO.US,60,20201030,180000,53.932,54.15,53.899,53.899,951,0
IOO.US,60,20201030,190000,53.967,53.967,53.734,53.824,9737,0
IOO.US,60,20201030,200000,53.857,53.892,53.624,53.773,3639,0
IOO.US,60,20201030,210000,53.748,54.185,53.585,54.17,79702,0
IOO.US,60,20201102,160000,54.736,54.79,54.591,54.774,4538,0
IOO.US,60,20201102,170000,54.816,54.849,54.717,54.832,3977,0
IOO.US,60,20201102,180000,54.602,54.691,54.449,54.687,2045,0
IOO.US,60,20201102,190000,54.617,54.657,54.441,54.467,1436,0
IOO.US,60,20201102,200000,54.429,54.429,54.234,54.234,1907,0
IOO.US,60,20201102,210000,54.21,54.409,54.21,54.409,835,0
IOO.US,60,20201102,220000,54.518,54.611,54.429,54.578,8866,0
IOO.US,60,20201103,160000,55.312,55.476,55.223,55.476,9966,0
IOO.US,60,20201103,170000,55.64,55.918,55.581,55.918,21392,0
IOO.US,60,20201103,180000,55.906,55.949,55.829,55.829,2348,0
IOO.US,60,20201103,190000,55.819,55.819,55.7,55.7,504,0
IOO.US,60,20201103,200000,55.73,55.73,55.457,55.491,5672,0
IOO.US,60,20201103,210000,55.511,55.652,55.511,55.637,8020,0
IOO.US,60,20201103,220000,55.631,55.948,55.531,55.67,10226,0
IOO.US,60,20201104,160000,56.534,56.693,56.345,56.693,15754,0
IOO.US,60,20201104,170000,56.776,57.358,56.776,57.358,5228,0
IOO.US,60,20201104,180000,57.388,57.507,57.11,57.477,11860,0
IOO.US,60,20201104,190000,57.516,57.557,57.408,57.439,2278,0
IOO.US,60,20201104,200000,57.358,57.477,57.224,57.261,7063,0
IOO.US,60,20201104,210000,57.289,57.289,57.189,57.204,1508,0
IOO.US,60,20201104,220000,57.029,57.15,56.991,57.03,14177,0
IOO.US,60,20201105,160000,58.083,58.272,58.023,58.252,2902,0
IOO.US,60,20201105,170000,58.331,58.336,58.162,58.276,6845,0
IOO.US,60,20201105,180000,58.134,58.232,58.073,58.083,1851,0
IOO.US,60,20201105,190000,58.098,58.098,57.887,58.078,1715,0
IOO.US,60,20201105,200000,58.057,58.188,58.057,58.186,4071,0
IOO.US,60,20201105,210000,58.193,58.352,58.193,58.352,1755,0
IOO.US,60,20201105,220000,58.272,58.272,58.004,58.093,6267,0
IOO.US,60,20201106,160000,58.123,58.123,57.745,57.839,2938,0
IOO.US,60,20201106,170000,57.805,58.048,57.8,58.004,8483,0
IOO.US,60,20201106,180000,58.113,58.216,58.043,58.202,3734,0
IOO.US,60,20201106,190000,58.227,58.227,58.143,58.143,245,0
IOO.US,60,20201106,200000,58.292,58.311,58.203,58.203,2610,0
IOO.US,60,20201106,210000,58.192,58.257,58.133,58.133,6473,0
IOO.US,60,20201106,220000,58.083,58.277,58.053,58.053,75454,0
IOO.US,60,20201109,160000,60.029,60.069,59.677,59.811,5841,0
IOO.US,60,20201109,170000,59.692,59.97,59.607,59.607,4028,0
IOO.US,60,20201109,180000,59.579,59.685,59.463,59.463,6939,0
IOO.US,60,20201109,190000,59.543,59.692,59.543,59.641,2388,0
IOO.US,60,20201109,200000,59.814,59.814,59.567,59.567,8116,0
IOO.US,60,20201109,210000,59.61,59.632,59.407,59.414,2411,0
IOO.US,60,20201109,220000,59.453,59.483,58.629,58.659,13026,0
IOO.US,60,20201110,160000,58.719,58.719,58.719,58.719,101,0
IOO.US,60,20201110,170000,58.768,58.887,58.475,58.475,1502,0
IOO.US,60,20201110,180000,58.639,58.739,58.575,58.739,888,0
IOO.US,60,20201110,190000,58.748,58.957,58.748,58.843,2842,0
IOO.US,60,20201110,200000,58.892,58.892,58.555,58.748,2545,0
IOO.US,60,20201110,210000,58.818,58.843,58.669,58.689,7916,0
IOO.US,60,20201110,220000,58.724,58.847,58.649,58.699,22653,0
IOO.US,60,20201111,160000,59.195,59.27,59.146,59.146,4860,0
IOO.US,60,20201111,170000,59.235,59.373,59.185,59.324,6502,0
IOO.US,60,20201111,180000,59.3,59.404,59.295,59.404,2609,0
IOO.US,60,20201111,190000,59.414,59.496,59.414,59.47,4483,0
IOO.US,60,20201111,200000,59.513,59.533,59.443,59.453,3788,0
IOO.US,60,20201111,210000,59.468,59.523,59.265,59.324,1807,0
IOO.US,60,20201111,220000,59.384,59.493,59.285,59.463,17750,0
IOO.US,60,20201112,160000,59.215,59.295,59.215,59.247,1544,0
IOO.US,60,20201112,170000,59.197,59.384,59.197,59.384,5377,0
IOO.US,60,20201112,180000,59.313,59.313,59.255,59.255,436,0
IOO.US,60,20201112,190000,59.156,59.225,59.042,59.07,1028,0
IOO.US,60,20201112,200000,58.88,58.916,58.763,58.916,27436,0
IOO.US,60,20201112,210000,58.967,58.967,58.729,58.758,1011,0
IOO.US,60,20201112,220000,58.709,58.897,58.684,58.858,14540,0
IOO.US,60,20201113,160000,59.3,59.3,59.255,59.255,2058,0
IOO.US,60,20201113,170000,59.199,59.199,59.071,59.071,1998,0
IOO.US,60,20201113,180000,59.215,59.266,59.116,59.116,1298,0
IOO.US,60,20201113,190000,59.314,59.359,59.275,59.325,2410,0
IOO.US,60,20201113,200000,59.38,59.404,59.345,59.345,4163,0
IOO.US,60,20201113,210000,59.354,59.473,59.32,59.443,32382,0
IOO.US,60,20201113,220000,59.493,59.668,59.384,59.563,74308,0
IOO.US,60,20201116,160000,60,60.104,60,60.054,2589,0
IOO.US,60,20201116,170000,60.1,60.227,60.049,60.16,2531,0
IOO.US,60,20201116,180000,60.238,60.238,60.099,60.144,1760,0
IOO.US,60,20201116,190000,60.198,60.228,59.98,60.059,3676,0
IOO.US,60,20201116,200000,60.024,60.044,59.861,59.933,6645,0
IOO.US,60,20201116,210000,60,60.049,59.95,60.01,5302,0
IOO.US,60,20201116,220000,59.99,60.218,59.975,60.218,3187,0
IOO.US,60,20201117,160000,59.99,60.007,59.831,59.831,4130,0
IOO.US,60,20201117,170000,59.89,60.157,59.851,60.157,5318,0
IOO.US,60,20201117,180000,60.179,60.179,60.069,60.069,4147,0
IOO.US,60,20201117,190000,60.149,60.198,60.129,60.129,3031,0
IOO.US,60,20201117,200000,60.238,60.238,60.099,60.099,579,0
IOO.US,60,20201117,210000,60.183,60.238,60.183,60.208,2277,0
IOO.US,60,20201117,220000,60.129,60.168,59.96,59.96,12246,0
IOO.US,60,20201118,160000,60.019,60.041,60,60.041,1809,0
IOO.US,60,20201118,170000,60.019,60.044,60.019,60.044,1138,0
IOO.US,60,20201118,180000,60.013,60.029,59.983,60.022,4305,0
IOO.US,60,20201118,190000,60.053,60.075,59.96,59.96,2429,0
IOO.US,60,20201118,200000,59.959,59.959,59.831,59.833,649,0
IOO.US,60,20201118,210000,59.801,59.821,59.682,59.821,3128,0
IOO.US,60,20201118,220000,59.844,59.89,59.364,59.364,24109,0
IOO.US,60,20201119,160000,59.185,59.245,59.087,59.239,16688,0
IOO.US,60,20201119,170000,59.306,59.306,59.167,59.182,2121,0
IOO.US,60,20201119,180000,59.255,59.354,59.245,59.255,618654,0
IOO.US,60,20201119,190000,59.34,59.34,59.276,59.276,1659,0
IOO.US,60,20201119,200000,59.285,59.415,59.246,59.414,4767,0
IOO.US,60,20201119,210000,59.424,59.602,59.424,59.602,5216,0
IOO.US,60,20201119,220000,59.563,59.675,59.561,59.662,4725,0
IOO.US,60,20201120,160000,59.622,59.622,59.553,59.592,7189,0
IOO.US,60,20201120,170000,59.564,59.579,59.463,59.579,2655,0
IOO.US,60,20201120,180000,59.611,59.611,59.513,59.513,1696,0
IOO.US,60,20201120,190000,59.549,59.592,59.543,59.548,3197,0
IOO.US,60,20201120,200000,59.493,59.611,59.493,59.602,31173,0
IOO.US,60,20201120,210000,59.535,59.607,59.533,59.553,2803,0
IOO.US,60,20201120,220000,59.414,59.473,59.334,59.334,2020,0
IOO.US,60,20201123,160000,59.662,59.751,59.662,59.692,2247,0
IOO.US,60,20201123,170000,59.657,59.657,59.399,59.415,2917,0
IOO.US,60,20201123,180000,59.334,59.334,59.075,59.141,9936,0
IOO.US,60,20201123,190000,59.255,59.384,59.255,59.384,8353,0
IOO.US,60,20201123,200000,59.374,59.404,59.352,59.374,4283,0
IOO.US,60,20201123,210000,59.305,59.463,59.24,59.463,1303,0
IOO.US,60,20201123,220000,59.483,59.483,59.374,59.424,19524,0
IOO.US,60,20201124,160000,59.781,59.82,59.712,59.82,5882,0
IOO.US,60,20201124,170000,59.792,60.034,59.792,60.019,9242,0
IOO.US,60,20201124,180000,60.079,60.278,60.039,60.278,9932,0
IOO.US,60,20201124,190000,60.233,60.298,60.227,60.268,101769,0
IOO.US,60,20201124,200000,60.297,60.357,60.288,60.334,9194,0
IOO.US,60,20201124,210000,60.362,60.375,60.263,60.265,3631,0
IOO.US,60,20201124,220000,60.278,60.417,60.263,60.367,15803,0
IOO.US,60,20201125,160000,60.377,60.377,60.314,60.317,4128,0
IOO.US,60,20201125,170000,60.239,60.288,60.198,60.268,4907,0
IOO.US,60,20201125,180000,60.394,60.427,60.238,60.327,6288,0
IOO.US,60,20201125,190000,60.327,60.415,60.288,60.415,8220,0
IOO.US,60,20201125,200000,60.407,60.504,60.337,60.347,7821,0
IOO.US,60,20201125,210000,60.312,60.411,60.312,60.363,1314,0
IOO.US,60,20201125,220000,60.377,60.501,60.372,60.397,56934,0
IOO.US,60,20201127,160000,60.556,60.64,60.556,60.63,1984,0
IOO.US,60,20201127,170000,60.623,60.7,60.615,60.7,1864,0
IOO.US,60,20201127,180000,60.685,60.734,60.635,60.645,9808,0
IOO.US,60,20201127,190000,60.599,60.635,60.516,60.585,10770,0
IOO.US,60,20201127,200000,60.595,60.595,60.595,60.595,101,0
IOO.US,60,20201127,220000,60.595,60.595,60.595,60.595,0,0
IOO.US,60,20201130,160000,60.496,60.516,60.417,60.466,4313,0
IOO.US,60,20201130,170000,60.432,60.432,60.161,60.161,737,0
IOO.US,60,20201130,180000,60.149,60.155,59.89,59.994,2692,0
IOO.US,60,20201130,190000,59.995,60.083,59.995,60.083,2146,0
IOO.US,60,20201130,200000,60.079,60.158,60.039,60.149,2454,0
IOO.US,60,20201130,210000,60.075,60.198,60.075,60.129,5714,0
IOO.US,60,20201130,220000,60.228,60.228,60.029,60.158,22717,0
IOO.US,60,20201201,160000,60.784,60.933,60.784,60.854,2571,0
IOO.US,60,20201201,170000,60.973,61.042,60.973,60.983,966,0
IOO.US,60,20201201,180000,61.072,61.086,61.022,61.052,9133,0
IOO.US,60,20201201,190000,61.171,61.171,61.112,61.161,4351,0
IOO.US,60,20201201,200000,61.161,61.271,61.161,61.231,6454,0
IOO.US,60,20201201,210000,61.296,61.32,61.181,61.181,7078,0
IOO.US,60,20201201,220000,61.075,61.181,61.013,61.161,15747,0
IOO.US,60,20201202,160000,61.082,61.161,61.072,61.132,4309,0
IOO.US,60,20201202,170000,61.171,61.271,61.16,61.24,4094,0
IOO.US,60,20201202,180000,61.276,61.449,61.276,61.449,3254,0
IOO.US,60,20201202,190000,61.395,61.42,61.37,61.37,2451,0
IOO.US,60,20201202,200000,61.311,61.37,61.291,61.33,6327,0
IOO.US,60,20201202,210000,61.32,61.44,61.315,61.425,11693,0
IOO.US,60,20201202,220000,61.479,61.479,61.38,61.44,11732,0
IOO.US,60,20201203,160000,61.42,61.489,61.42,61.444,2082,0
IOO.US,60,20201203,170000,61.469,61.618,61.463,61.519,4878,0
IOO.US,60,20201203,180000,61.509,61.509,61.36,61.489,3708,0
IOO.US,60,20201203,190000,61.479,61.499,61.417,61.436,14442,0
IOO.US,60,20201203,200000,61.444,61.444,61.281,61.281,4094,0
IOO.US,60,20201203,210000,61.343,61.509,61.343,61.504,3211,0
IOO.US,60,20201203,220000,61.588,61.588,61.201,61.3,13544,0
IOO.US,60,20201204,160000,61.608,61.673,61.598,61.673,3387,0
IOO.US,60,20201204,170000,61.717,61.718,61.668,61.668,2664,0
IOO.US,60,20201204,180000,61.643,61.777,61.618,61.764,4945,0
IOO.US,60,20201204,190000,61.767,61.767,61.713,61.737,1064,0
IOO.US,60,20201204,200000,61.747,61.76,61.664,61.688,4443,0
IOO.US,60,20201204,210000,61.678,61.734,61.678,61.734,3820,0
IOO.US,60,20201204,220000,61.718,61.837,61.668,61.837,14881,0
IOO.US,60,20201207,160000,61.628,61.747,61.608,61.747,5635,0
IOO.US,60,20201207,170000,61.708,61.747,61.658,61.718,4575,0
IOO.US,60,20201207,180000,61.658,61.767,61.608,61.767,12711,0
IOO.US,60,20201207,190000,61.668,61.708,61.648,61.648,2978,0
IOO.US,60,20201207,200000,61.704,61.704,61.479,61.62,4135,0
IOO.US,60,20201207,210000,61.559,61.618,61.551,61.588,2466,0
IOO.US,60,20201207,220000,61.579,61.688,61.469,61.668,10391,0
IOO.US,60,20201208,160000,61.479,61.539,61.44,61.454,4652,0
IOO.US,60,20201208,170000,61.569,61.678,61.449,61.678,16039,0
IOO.US,60,20201208,180000,61.676,61.747,61.676,61.747,1299,0
IOO.US,60,20201208,190000,61.82,61.847,61.787,61.825,5097,0
IOO.US,60,20201208,200000,61.858,61.862,61.807,61.827,104074,0
IOO.US,60,20201208,210000,61.812,61.898,61.812,61.898,4721,0
IOO.US,60,20201208,220000,61.923,61.946,61.886,61.906,8471,0
IOO.US,60,20201209,160000,62.065,62.095,62.05,62.085,1662,0
IOO.US,60,20201209,170000,62.025,62.045,61.912,61.926,18743,0
IOO.US,60,20201209,180000,61.837,61.926,61.807,61.906,6342,0
IOO.US,60,20201209,190000,61.895,61.895,61.628,61.708,11121,0
IOO.US,60,20201209,200000,61.648,61.678,61.261,61.261,10799,0
IOO.US,60,20201209,210000,61.391,61.459,61.271,61.343,11449,0
IOO.US,60,20201209,220000,61.34,61.509,61.221,61.44,9737,0
IOO.US,60,20201210,160000,61.231,61.52,61.23,61.52,7570,0
IOO.US,60,20201210,170000,61.607,61.64,61.524,61.628,4233,0
IOO.US,60,20201210,180000,61.624,61.693,61.469,61.469,15721,0
IOO.US,60,20201210,190000,61.41,61.569,61.395,61.395,4816,0
IOO.US,60,20201210,200000,61.539,61.539,61.489,61.489,1071,0
IOO.US,60,20201210,210000,61.42,61.44,61.32,61.4,7235,0
IOO.US,60,20201210,220000,61.445,61.628,61.41,61.623,10184,0
IOO.US,60,20201211,160000,61.102,61.107,61.102,61.107,2896,0
IOO.US,60,20201211,170000,61.196,61.221,61.173,61.221,3490,0
IOO.US,60,20201211,180000,61.12,61.12,61,61,8537,0
IOO.US,60,20201211,190000,60.993,61.042,60.892,61.013,2651,0
IOO.US,60,20201211,200000,61.053,61.196,61.041,61.152,3289,0
IOO.US,60,20201211,210000,61.261,61.328,61.261,61.328,806,0
IOO.US,60,20201211,220000,61.37,61.39,61.36,61.37,1281,0
IOO.US,60,20201214,160000,61.67,61.8207,61.67,61.78,2678,0
IOO.US,60,20201214,170000,61.8201,61.8201,61.7164,61.7406,2519,0
IOO.US,60,20201214,180000,61.5959,61.614,61.5001,61.5001,7127,0
IOO.US,60,20201214,190000,61.5699,61.5699,61.43,61.43,3763,0
IOO.US,60,20201214,200000,61.325,61.4399,61.325,61.4,1581,0
IOO.US,60,20201214,210000,61.4,61.4,61.24,61.345,7920,0
IOO.US,60,20201214,220000,61.31,61.3586,61.05,61.05,19648,0
IOO.US,60,20201215,160000,61.53,61.6446,61.53,61.55,14475,0
IOO.US,60,20201215,170000,61.5948,61.5948,61.39,61.4361,2020,0
IOO.US,60,20201215,180000,61.4452,61.5075,61.431,61.4837,2398,0
IOO.US,60,20201215,190000,61.5,61.698,61.5,61.651,2351,0
IOO.US,60,20201215,200000,61.7531,61.77,61.66,61.7216,101324,0
IOO.US,60,20201215,210000,61.71,61.8451,61.71,61.812,11091,0
IOO.US,60,20201215,220000,61.81,61.89,61.8,61.89,3090,0
IOO.US,60,20201216,160000,62.01,62.01,61.88,62,6806,0
IOO.US,60,20201216,170000,62.01,62.105,61.9701,62.05,6791,0
IOO.US,60,20201216,180000,62.053,62.2,62.053,62.2,3557,0
IOO.US,60,20201216,190000,62.17,62.2208,62.0901,62.0901,6397,0
IOO.US,60,20201216,200000,62.14,62.16,62.0948,62.1,7219,0
IOO.US,60,20201216,210000,62.06,62.309,62.04,62.2776,8445,0
IOO.US,60,20201216,220000,62.27,62.3062,62.14,62.14,7424,0
IOO.US,60,20201217,160000,62.54,62.58,62.4776,62.4776,3577,0
IOO.US,60,20201217,170000,62.44,62.53,62.37,62.41,2688,0
IOO.US,60,20201217,180000,62.4129,62.4151,62.3182,62.3182,7373,0
IOO.US,60,20201217,190000,62.38,62.3999,62.34,62.3999,2219,0
IOO.US,60,20201217,200000,62.4,62.435,62.39,62.4212,11918,0
IOO.US,60,20201217,210000,62.4209,62.44,62.36,62.43,8858,0
IOO.US,60,20201217,220000,62.38,62.414,62.31,62.38,5698,0
IOO.US,60,20201218,160000,62.46,62.46,62.08,62.08,10160,0
IOO.US,60,20201218,170000,62.09,62.12,61.9601,62.05,14529,0
IOO.US,60,20201218,180000,62.021,62.055,61.93,61.989,1161,0
IOO.US,60,20201218,190000,62,62.1,62,62.03,7673,0
IOO.US,60,20201218,200000,61.99,62.0268,61.87,61.87,8115,0
IOO.US,60,20201218,210000,61.81,61.82,61.75,61.75,4260,0
IOO.US,60,20201218,220000,61.75,62.1358,61.73,62.06,1726,0
IOO.US,60,20201221,160000,61.18,61.315,60.85,61.2545,12696,0
IOO.US,60,20201221,170000,61.0505,61.0505,60.83,60.9011,4632,0
IOO.US,60,20201221,180000,61,61.3682,61,61.325,8638,0
IOO.US,60,20201221,190000,61.3217,61.65,61.3217,61.65,6351,0
IOO.US,60,20201221,200000,61.6616,61.85,61.6616,61.85,8486,0
IOO.US,60,20201221,210000,61.825,61.91,61.7361,61.908,4815,0
IOO.US,60,20201221,220000,61.868,61.868,61.69,61.84,4526,0
IOO.US,60,20201222,160000,61.98,62.02,61.83,62,1403,0
IOO.US,60,20201222,170000,61.9502,62.115,61.9303,61.96,1587,0
IOO.US,60,20201222,180000,61.9512,62.03,61.73,61.75,2194,0
IOO.US,60,20201222,190000,61.93,61.9587,61.8937,61.95,603,0
IOO.US,60,20201222,200000,61.9308,62.045,61.9308,62.045,2731,0
IOO.US,60,20201222,210000,62.02,62.02,61.89,61.89,2614,0
IOO.US,60,20201222,220000,61.9,61.9199,61.69,61.85,24762,0
IOO.US,60,20201223,160000,62.1,62.26,62.095,62.22,30748,0
IOO.US,60,20201223,170000,62.1731,62.1731,62.09,62.11,1502,0
IOO.US,60,20201223,180000,62.13,62.195,62.113,62.175,2653,0
IOO.US,60,20201223,190000,62.2174,62.24,62.2174,62.24,1028,0
IOO.US,60,20201223,200000,62.241,62.33,62.241,62.3,5438,0
IOO.US,60,20201223,210000,62.308,62.308,62.2,62.2,1671,0
IOO.US,60,20201223,220000,62.1914,62.21,62,62.02,8180,0
IOO.US,60,20201224,160000,62.18,62.35,62.18,62.2401,3956,0
IOO.US,60,20201224,170000,62.265,62.27,62.19,62.19,924,0
IOO.US,60,20201224,180000,62.1899,62.2494,62.095,62.125,9310,0
IOO.US,60,20201224,190000,62.144,62.23,62.12,62.204,8192,0
IOO.US,60,20201224,200000,62.27,62.27,62.27,62.27,118,0
IOO.US,60,20201224,220000,62.27,62.27,62.27,62.27,0,0
IOO.US,60,20201228,160000,62.79,62.79,62.68,62.74,3027,0
IOO.US,60,20201228,170000,62.84,62.9631,62.84,62.9631,1237,0
IOO.US,60,20201228,180000,62.96,63.01,62.96,62.9806,4457,0
IOO.US,60,20201228,190000,63.0201,63.09,63.0201,63.065,2376,0
IOO.US,60,20201228,200000,63.09,63.09,63.031,63.031,726,0
IOO.US,60,20201228,210000,63.06,63.17,63.06,63.155,6027,0
IOO.US,60,20201228,220000,63.18,63.18,63.0644,63.0644,1115,0
IOO.US,60,20201229,160000,63.59,63.59,63.28,63.2925,5559,0
IOO.US,60,20201229,170000,63.3656,63.44,63.24,63.4314,125589,0
IOO.US,60,20201229,180000,63.439,63.4447,63.3323,63.39,2773,0
IOO.US,60,20201229,190000,63.41,63.41,63.16,63.165,2545,0
IOO.US,60,20201229,200000,63.2372,63.285,63.22,63.285,1983,0
IOO.US,60,20201229,210000,63.28,63.28,63.105,63.18,5211,0
IOO.US,60,20201229,220000,63.265,63.265,63.09,63.14,998,0
IOO.US,60,20201230,160000,63.34,63.485,63.29,63.34,22102,0
IOO.US,60,20201230,170000,63.36,63.37,63.195,63.28,9587,0
IOO.US,60,20201230,180000,63.29,63.33,63.22,63.27,7340,0
IOO.US,60,20201230,190000,63.27,63.27,63.1401,63.16,9943,0
IOO.US,60,20201230,200000,63.17,63.21,63.1401,63.17,6951,0
IOO.US,60,20201230,210000,63.17,63.17,63.045,63.06,14610,0
IOO.US,60,20201230,220000,63.06,63.13,62.97,62.97,10059,0
IOO.US,60,20201231,160000,62.91,62.91,62.8,62.8,5778,0
IOO.US,60,20201231,170000,62.825,62.8337,62.7316,62.76,4615,0
IOO.US,60,20201231,180000,62.7307,62.7878,62.6629,62.6707,6909,0
IOO.US,60,20201231,190000,62.67,62.73,62.65,62.71,4389,0
IOO.US,60,20201231,200000,62.7199,62.7199,62.63,62.6813,3137,0
IOO.US,60,20201231,210000,62.635,62.83,62.63,62.78,3306,0
IOO.US,60,20201231,220000,62.873,63,62.82,62.91,11810,0
IOO.US,60,20210104,160000,63.49,63.49,63.15,63.15,6209,0
IOO.US,60,20210104,170000,63.174,63.174,62.67,62.71,4434,0
IOO.US,60,20210104,180000,62.71,62.71,62.17,62.2058,12847,0
IOO.US,60,20210104,190000,62.0001,62.05,61.8701,61.8701,6973,0
IOO.US,60,20210104,200000,61.985,62.2697,61.985,62.2697,1841,0
IOO.US,60,20210104,210000,62.335,62.34,62.165,62.34,4923,0
IOO.US,60,20210104,220000,62.3157,62.46,62.181,62.42,4954,0
IOO.US,60,20210105,160000,62.34,62.7199,62.34,62.59,29090,0
IOO.US,60,20210105,170000,62.65,62.68,62.435,62.47,27749,0
IOO.US,60,20210105,180000,62.52,62.6626,62.46,62.6626,2926,0
IOO.US,60,20210105,190000,62.76,62.76,62.67,62.72,914,0
IOO.US,60,20210105,200000,62.768,62.83,62.73,62.83,3091,0
IOO.US,60,20210105,210000,62.9885,63.0353,62.9885,63.025,2121,0
IOO.US,60,20210105,220000,63,63.01,62.8531,62.91,5768,0
IOO.US,60,20210106,160000,62.54,63.045,62.54,63.045,9446,0
IOO.US,60,20210106,170000,63,63.425,63,63.344,5843,0
IOO.US,60,20210106,180000,63.355,63.55,63.32,63.37,13445,0
IOO.US,60,20210106,190000,63.42,63.4626,63.38,63.43,6398,0
IOO.US,60,20210106,200000,63.4954,63.5112,63.3901,63.4389,5569,0
IOO.US,60,20210106,210000,63.4684,63.4684,62.92,63.09,3173,0
IOO.US,60,20210106,220000,63.098,63.098,62.86,62.9,6630,0
IOO.US,60,20210107,160000,63.28,63.5389,63.28,63.5389,5264,0
IOO.US,60,20210107,170000,63.62,63.805,63.62,63.7642,11679,0
IOO.US,60,20210107,180000,63.83,63.83,63.73,63.7681,2051,0
IOO.US,60,20210107,190000,63.7006,63.79,63.645,63.79,10317,0
IOO.US,60,20210107,200000,63.7332,63.7448,63.62,63.704,10079,0
IOO.US,60,20210107,210000,63.73,63.7611,63.6719,63.75,3279,0
IOO.US,60,20210107,220000,63.84,63.879,63.73,63.73,6623,0
IOO.US,60,20210108,160000,64.1,64.1,63.88,63.8946,6387,0
IOO.US,60,20210108,170000,63.9,63.9417,63.7,63.8776,11030,0
IOO.US,60,20210108,180000,63.86,63.86,63.73,63.8317,10813,0
IOO.US,60,20210108,190000,63.935,63.99,63.8534,63.9263,4972,0
IOO.US,60,20210108,200000,63.8608,63.8608,63.53,63.69,3679,0
IOO.US,60,20210108,210000,63.785,63.8921,63.785,63.87,3100,0
IOO.US,60,20210108,220000,63.9642,64.2,63.9642,64.11,7752,0
IOO.US,60,20210111,160000,63.41,63.65,63.405,63.65,10382,0
IOO.US,60,20210111,170000,63.68,63.74,63.5959,63.61,6374,0
IOO.US,60,20210111,180000,63.6299,63.7299,63.56,63.71,2567,0
IOO.US,60,20210111,190000,63.705,63.8399,63.7,63.8399,3190,0
IOO.US,60,20210111,200000,63.8,63.8499,63.6413,63.6413,4385,0
IOO.US,60,20210111,210000,63.635,63.6947,63.5343,63.6947,9384,0
IOO.US,60,20210111,220000,63.66,63.69,63.5215,63.59,12923,0
IOO.US,60,20210112,160000,63.59,63.6096,63.32,63.32,7095,0
IOO.US,60,20210112,170000,63.4779,63.6195,63.46,63.59,2204,0
IOO.US,60,20210112,180000,63.6333,63.6333,63.35,63.35,2837,0
IOO.US,60,20210112,190000,63.33,63.33,63.18,63.33,1499,0
IOO.US,60,20210112,200000,63.365,63.555,63.343,63.48,2309,0
IOO.US,60,20210112,210000,63.5599,63.595,63.45,63.45,4907,0
IOO.US,60,20210112,220000,63.52,63.67,63.52,63.61,3710,0
IOO.US,60,20210113,160000,63.52,63.72,63.52,63.665,10262,0
IOO.US,60,20210113,170000,63.62,63.78,63.62,63.78,1920,0
IOO.US,60,20210113,180000,63.8309,63.8309,63.76,63.81,2253,0
IOO.US,60,20210113,190000,63.718,63.8399,63.66,63.83,4575,0
IOO.US,60,20210113,200000,63.855,63.855,63.8115,63.82,3447,0
IOO.US,60,20210113,210000,63.84,63.9339,63.84,63.86,2682,0
IOO.US,60,20210113,220000,63.7974,63.8795,63.77,63.77,5468,0
IOO.US,60,20210114,160000,63.9,63.9615,63.86,63.9615,4074,0
IOO.US,60,20210114,170000,63.983,64.0898,63.9222,64.035,7509,0
IOO.US,60,20210114,180000,64.035,64.035,63.972,63.972,1913,0
IOO.US,60,20210114,190000,63.9617,63.97,63.885,63.89,14590,0
IOO.US,60,20210114,200000,64.0474,64.0474,63.974,63.974,2239,0
IOO.US,60,20210114,210000,63.95,63.995,63.8884,63.9,1826,0
IOO.US,60,20210114,220000,63.9,63.97,63.72,63.81,5210,0
IOO.US,60,20210115,160000,63.33,63.4036,63.31,63.31,1504,0
IOO.US,60,20210115,170000,63.3043,63.3043,62.85,63.08,3379,0
IOO.US,60,20210115,180000,62.9721,63.355,62.9721,63.309,1031,0
IOO.US,60,20210115,190000,63.21,63.3393,63.2,63.31,4629,0
IOO.US,60,20210115,200000,63.31,63.385,63.23,63.2777,10358,0
IOO.US,60,20210115,210000,63.35,63.35,63.23,63.23,5890,0
IOO.US,60,20210115,220000,63.211,63.26,63.01,63.01,18699,0
IOO.US,60,20210119,160000,63.37,63.416,63.14,63.2295,6182,0
IOO.US,60,20210119,170000,63.2223,63.3299,63.1814,63.25,4147,0
IOO.US,60,20210119,180000,63.19,63.2809,63.11,63.2809,4416,0
IOO.US,60,20210119,190000,63.26,63.4399,63.26,63.42,5552,0
IOO.US,60,20210119,200000,63.4856,63.527,63.45,63.52,14372,0
IOO.US,60,20210119,210000,63.51,63.55,63.47,63.48,3199,0
IOO.US,60,20210119,220000,63.51,63.53,63.44,63.49,16635,0
IOO.US,60,20210120,160000,63.89,64.09,63.82,64.03,48065,0
IOO.US,60,20210120,170000,64.0521,64.38,64.0521,64.335,42152,0
IOO.US,60,20210120,180000,64.33,64.445,64.265,64.4001,44236,0
IOO.US,60,20210120,190000,64.44,64.5,64.392,64.48,46063,0
IOO.US,60,20210120,200000,64.49,64.63,64.49,64.545,41298,0
IOO.US,60,20210120,210000,64.54,64.685,64.505,64.65,25835,0
IOO.US,60,20210120,220000,64.645,64.76,64.62,64.64,40599,0
IOO.US,60,20210121,160000,64.83,64.9,64.75,64.75,2531,0
IOO.US,60,20210121,170000,64.8,64.99,64.8,64.9566,2295,0
IOO.US,60,20210121,180000,64.96,64.9629,64.8,64.8535,3229,0
IOO.US,60,20210121,190000,64.8663,64.8663,64.7057,64.84,3327,0
IOO.US,60,20210121,200000,64.85,64.9,64.85,64.8875,3946,0
IOO.US,60,20210121,210000,64.948,65.01,64.9403,65.01,3656,0
IOO.US,60,20210121,220000,65.0101,65.08,64.965,64.995,5209,0
IOO.US,60,20210122,160000,64.6,64.795,64.5341,64.74,2321,0
IOO.US,60,20210122,170000,64.76,64.76,64.6,64.6203,4217,0
IOO.US,60,20210122,180000,64.7001,64.84,64.685,64.82,4099,0
IOO.US,60,20210122,190000,64.8613,64.9108,64.8397,64.8397,3123,0
IOO.US,60,20210122,200000,64.7629,64.9,64.7629,64.9,3409,0
IOO.US,60,20210122,210000,64.859,64.91,64.8452,64.88,4855,0
IOO.US,60,20210122,220000,64.885,64.9542,64.79,64.79,9423,0
IOO.US,60,20210125,160000,64.98,65.135,64.925,64.925,4138,0
IOO.US,60,20210125,170000,65.085,65.085,64.56,64.56,2272,0
IOO.US,60,20210125,180000,64.38,64.7,64.03,64.7,5926,0
IOO.US,60,20210125,190000,64.795,64.795,64.5,64.7512,3198,0
IOO.US,60,20210125,200000,64.795,64.92,64.79,64.79,1685,0
IOO.US,60,20210125,210000,64.86,64.93,64.77,64.88,14061,0
IOO.US,60,20210125,220000,64.8701,65.11,64.75,65.11,4257,0
IOO.US,60,20210126,160000,65.33,65.4699,65.17,65.34,12169,0
IOO.US,60,20210126,170000,65.33,65.4899,65.245,65.39,27209,0
IOO.US,60,20210126,180000,65.43,65.43,65.22,65.22,16078,0
IOO.US,60,20210126,190000,65.2233,65.36,65.2233,65.3,20415,0
IOO.US,60,20210126,200000,65.3299,65.5099,65.295,65.47,12050,0
IOO.US,60,20210126,210000,65.45,65.52,65.42,65.48,23958,0
IOO.US,60,20210126,220000,65.46,65.55,65.34,65.34,23119,0
IOO.US,60,20210127,160000,64.91,64.91,64.26,64.3501,2386,0
IOO.US,60,20210127,170000,64.73,64.9312,64.7,64.9312,3160,0
IOO.US,60,20210127,180000,64.84,64.84,64.35,64.35,11813,0
IOO.US,60,20210127,190000,64.32,64.74,64.3,64.73,4231,0
IOO.US,60,20210127,200000,64.7,64.71,64.48,64.48,6123,0
IOO.US,60,20210127,210000,64.56,64.604,63.9452,64.09,11555,0
IOO.US,60,20210127,220000,64,64.129,63.7,64.08,29106,0
IOO.US,60,20210128,160000,64.18,64.47,64.17,64.285,7243,0
IOO.US,60,20210128,170000,64.46,64.75,64.46,64.655,5591,0
IOO.US,60,20210128,180000,64.71,64.818,64.66,64.72,7810,0
IOO.US,60,20210128,190000,64.785,65.0499,64.785,65,2568,0
IOO.US,60,20210128,200000,65.035,65.0913,64.97,65.06,3451,0
IOO.US,60,20210128,210000,64.9165,64.93,64.83,64.831,4314,0
IOO.US,60,20210128,220000,64.811,64.8395,64.33,64.33,7545,0
IOO.US,60,20210129,160000,63.77,63.77,63.385,63.7,3143,0
IOO.US,60,20210129,170000,63.64,63.93,63.61,63.695,4011,0
IOO.US,60,20210129,180000,63.7258,63.7258,63.09,63.17,4757,0
IOO.US,60,20210129,190000,63.21,63.27,62.65,62.681,9169,0
IOO.US,60,20210129,200000,62.67,63.025,62.6,62.82,21110,0
IOO.US,60,20210129,210000,63.02,63.1134,62.8387,62.9657,11203,0
IOO.US,60,20210129,220000,63.08,63.36,62.91,62.92,20331,0
IOO.US,60,20210201,160000,63.54,63.585,63.1717,63.1717,7520,0
IOO.US,60,20210201,170000,63.33,63.5927,63.26,63.435,640354,0
IOO.US,60,20210201,180000,63.4591,63.88,63.45,63.88,10358,0
IOO.US,60,20210201,190000,63.8321,63.95,63.8321,63.91,1033,0
IOO.US,60,20210201,200000,63.95,64.05,63.95,63.97,4772,0
IOO.US,60,20210201,210000,63.97,64.06,63.93,63.975,5228,0
IOO.US,60,20210201,220000,64.04,64.05,63.9271,63.95,5073,0
IOO.US,60,20210202,160000,64.49,64.669,64.49,64.525,3898,0
IOO.US,60,20210202,170000,64.52,64.6661,64.52,64.599,4320,0
IOO.US,60,20210202,180000,64.5884,64.65,64.5884,64.64,3021,0
IOO.US,60,20210202,190000,64.6567,64.688,64.5983,64.67,5484,0
IOO.US,60,20210202,200000,64.65,64.672,64.5615,64.6461,4388,0
IOO.US,60,20210202,210000,64.65,64.725,64.65,64.725,1490,0
IOO.US,60,20210202,220000,64.67,64.69,64.48,64.48,7294,0
IOO.US,60,20210203,160000,64.92,65,64.74,64.8787,510698,0
IOO.US,60,20210203,170000,65.0058,65.0058,64.778,64.89,2100,0
IOO.US,60,20210203,180000,64.88,65.04,64.845,65.04,2966,0
IOO.US,60,20210203,190000,65.03,65.08,65.03,65.08,1105,0
IOO.US,60,20210203,200000,65.09,65.1493,65.05,65.1493,6400,0
IOO.US,60,20210203,210000,65.17,65.22,65.11,65.13,5212,0
IOO.US,60,20210203,220000,65.08,65.08,64.85,64.89,10289,0
IOO.US,60,20210204,160000,65.05,65.05,64.8916,64.8916,3588,0
IOO.US,60,20210204,170000,64.92,65.02,64.8644,64.95,4231,0
IOO.US,60,20210204,180000,65.012,65.0203,65.0112,65.0182,1965,0
IOO.US,60,20210204,190000,65.055,65.0818,65.0042,65.0042,3993,0
IOO.US,60,20210204,200000,65.02,65.0932,65.02,65.0932,1909,0
IOO.US,60,20210204,210000,65.14,65.179,65.1,65.1537,1508,0
IOO.US,60,20210204,220000,65.1599,65.32,65.15,65.29,1927,0
IOO.US,60,20210205,160000,65.61,65.61,65.38,65.52,4070,0
IOO.US,60,20210205,170000,65.37,65.5491,65.2358,65.5244,4310,0
IOO.US,60,20210205,180000,65.41,65.41,65.41,65.41,114,0
IOO.US,60,20210205,190000,65.5045,65.6573,65.5045,65.6573,2798,0
IOO.US,60,20210205,200000,65.705,65.7162,65.5939,65.5939,2499,0
IOO.US,60,20210205,210000,65.6495,65.669,65.57,65.62,6077,0
IOO.US,60,20210205,220000,65.57,65.64,65.56,65.64,881,0
IOO.US,60,20210208,160000,65.8,65.87,65.75,65.83,14517,0
IOO.US,60,20210208,170000,65.81,65.885,65.74,65.7501,7872,0
IOO.US,60,20210208,180000,65.7806,65.7818,65.674,65.674,4561,0
IOO.US,60,20210208,190000,65.655,65.66,65.62,65.62,400,0
IOO.US,60,20210208,200000,65.6106,65.71,65.58,65.6224,2165,0
IOO.US,60,20210208,210000,65.6224,65.67,65.6224,65.655,966,0
IOO.US,60,20210208,220000,65.705,65.9,65.69,65.88,11320,0
IOO.US,60,20210209,160000,65.77,65.91,65.77,65.9005,5009,0
IOO.US,60,20210209,170000,65.8334,66,65.8334,65.8964,2389,0
IOO.US,60,20210209,180000,65.804,65.89,65.804,65.8493,1749,0
IOO.US,60,20210209,190000,65.84,65.9236,65.84,65.9236,3048,0
IOO.US,60,20210209,200000,65.9049,65.93,65.8315,65.9,6299,0
IOO.US,60,20210209,210000,65.864,66,65.864,65.9545,2394,0
IOO.US,60,20210209,220000,65.999,65.999,65.87,65.88,1933,0
IOO.US,60,20210210,160000,66.14,66.225,66.085,66.085,2573,0
IOO.US,60,20210210,170000,66.1669,66.1669,65.68,65.69,4215,0
IOO.US,60,20210210,180000,65.775,65.829,65.7683,65.772,3691,0
IOO.US,60,20210210,190000,65.66,65.7,65.6398,65.7,9147,0
IOO.US,60,20210210,200000,65.745,65.7949,65.735,65.735,1604,0
IOO.US,60,20210210,210000,65.7506,65.93,65.7,65.87,4772,0
IOO.US,60,20210210,220000,65.925,65.925,65.74,65.79,2313,0
IOO.US,60,20210211,160000,65.98,65.98,65.9,65.9,1181,0
IOO.US,60,20210211,170000,65.7611,65.815,65.7611,65.815,635,0
IOO.US,60,20210211,180000,65.74,65.775,65.7,65.775,3411,0
IOO.US,60,20210211,190000,65.5381,65.5381,65.535,65.535,655,0
IOO.US,60,20210211,200000,65.571,65.6532,65.571,65.5801,2672,0
IOO.US,60,20210211,210000,65.535,65.535,65.535,65.535,116,0
IOO.US,60,20210211,220000,65.645,65.8,65.6365,65.8,3707,0
IOO.US,60,20210212,160000,65.64,65.76,65.64,65.76,1197,0
IOO.US,60,20210212,170000,65.77,65.89,65.678,65.8657,5152,0
IOO.US,60,20210212,180000,65.8626,65.92,65.8626,65.9102,1766,0
IOO.US,60,20210212,190000,65.9476,65.9545,65.855,65.9071,3913,0
IOO.US,60,20210212,200000,65.8909,65.905,65.81,65.86,4580,0
IOO.US,60,20210212,210000,65.8406,65.9273,65.8406,65.9273,1407,0
IOO.US,60,20210212,220000,65.92,66.17,65.9099,66.16,8367,0
IOO.US,60,20210216,160000,66.46,66.56,66.46,66.5,5743,0
IOO.US,60,20210216,170000,66.5304,66.601,66.3665,66.45,1956,0
IOO.US,60,20210216,180000,66.47,66.479,66.29,66.29,191569,0
IOO.US,60,20210216,190000,66.32,66.39,66.2,66.3222,4090,0
IOO.US,60,20210216,200000,66.39,66.4171,66.35,66.35,4903,0
IOO.US,60,20210216,210000,66.3799,66.415,66.31,66.31,2025,0
IOO.US,60,20210216,220000,66.3209,66.355,66.29,66.32,3587,0
IOO.US,60,20210217,160000,65.88,66.12,65.88,66.12,3360,0
IOO.US,60,20210217,170000,66.0414,66.0414,65.87,66.0345,1589,0
IOO.US,60,20210217,180000,65.95,66.03,65.86,66.03,6421,0
IOO.US,60,20210217,190000,66.055,66.12,65.98,66.11,2123,0
IOO.US,60,20210217,200000,66.18,66.18,66.13,66.13,2591,0
IOO.US,60,20210217,210000,66.17,66.19,66.13,66.18,2312,0
IOO.US,60,20210217,220000,66.21,66.3098,66.2,66.3,5917,0
IOO.US,60,20210218,160000,65.75,65.79,65.68,65.79,10138,0
IOO.US,60,20210218,170000,65.59,65.63,65.59,65.63,1771,0
IOO.US,60,20210218,180000,65.63,65.7849,65.59,65.6,549580,0
IOO.US,60,20210218,190000,65.59,65.6799,65.56,65.645,4219,0
IOO.US,60,20210218,200000,65.7088,65.88,65.68,65.84,2467,0
IOO.US,60,20210218,210000,65.8479,65.905,65.837,65.905,3747,0
IOO.US,60,20210218,220000,65.95,66.04,65.91,65.91,6424,0
IOO.US,60,20210219,160000,66.15,66.165,66.0184,66.165,4323,0
IOO.US,60,20210219,170000,66.15,66.15,66.06,66.13,150988,0
IOO.US,60,20210219,180000,66.156,66.21,66.135,66.135,1223,0
IOO.US,60,20210219,190000,65.96,65.99,65.8099,65.8099,4341,0
IOO.US,60,20210219,200000,65.86,65.9027,65.7839,65.9027,2429,0
IOO.US,60,20210219,210000,65.895,65.895,65.778,65.8115,2747,0
IOO.US,60,20210219,220000,65.87,65.93,65.73,65.75,6854,0
IOO.US,60,20210222,160000,65.31,65.5113,65.31,65.4643,1239,0
IOO.US,60,20210222,170000,65.482,65.4966,65.1701,65.1701,4343,0
IOO.US,60,20210222,180000,65.2386,65.37,65.2386,65.24,3409,0
IOO.US,60,20210222,190000,65.2437,65.4199,65.2047,65.37,3176,0
IOO.US,60,20210222,200000,65.39,65.59,65.3717,65.5744,6613,0
IOO.US,60,20210222,210000,65.54,65.5499,65.455,65.4612,17231,0
IOO.US,60,20210222,220000,65.4054,65.4069,65.21,65.21,17004,0
IOO.US,60,20210223,160000,64.7,64.71,64.16,64.375,50844,0
IOO.US,60,20210223,170000,64.32,64.94,64.28,64.865,153843,0
IOO.US,60,20210223,180000,64.87,64.9826,64.67,64.69,67211,0
IOO.US,60,20210223,190000,64.64,64.78,64.44,64.45,31417,0
IOO.US,60,20210223,200000,64.46,64.89,64.46,64.77,29464,0
IOO.US,60,20210223,210000,64.85,65.1,64.8,65.07,32311,0
IOO.US,60,20210223,220000,65.13,65.43,65.1,65.25,51660,0
IOO.US,60,20210224,160000,64.84,64.9399,64.74,64.78,41544,0
IOO.US,60,20210224,170000,64.68,65.1806,64.68,65.1806,6045,0
IOO.US,60,20210224,180000,65.16,65.37,65.16,65.325,3209,0
IOO.US,60,20210224,190000,65.4,65.5167,65.4,65.46,23605,0
IOO.US,60,20210224,200000,65.38,65.6399,65.38,65.605,13496,0
IOO.US,60,20210224,210000,65.64,65.64,65.52,65.52,2073,0
IOO.US,60,20210224,220000,65.636,65.7,65.6244,65.67,3669,0
IOO.US,60,20210225,160000,65.56,65.88,65.56,65.76,47831,0
IOO.US,60,20210225,170000,65.72,65.72,65.349,65.42,67504,0
IOO.US,60,20210225,180000,65.49,65.55,65.04,65.141,11207,0
IOO.US,60,20210225,190000,65.0475,65.13,64.67,64.67,9100,0
IOO.US,60,20210225,200000,64.639,64.82,64.41,64.68,8989,0
IOO.US,60,20210225,210000,64.9431,65.06,64.7229,64.7229,9278,0
IOO.US,60,20210225,220000,64.72,64.72,64.275,64.43,10327,0
IOO.US,60,20210226,160000,64.49,64.54,64.36,64.36,5752,0
IOO.US,60,20210226,170000,64,64.29,63.73,64.29,6109,0
IOO.US,60,20210226,180000,64.289,64.49,64.1273,64.33,2491,0
IOO.US,60,20210226,190000,64.4,64.66,64.4,64.54,4391,0
IOO.US,60,20210226,200000,64.315,64.5692,64.1608,64.25,8223,0
IOO.US,60,20210226,210000,64.2391,64.3447,64.11,64.32,11000,0
IOO.US,60,20210226,220000,64.46,64.59,63.997,64,31449,0
IOO.US,60,20210301,160000,64.73,64.885,64.72,64.885,2528,0
IOO.US,60,20210301,170000,64.89,65.135,64.83,65.135,2511,0
IOO.US,60,20210301,180000,65.25,65.2677,65.1,65.25,6949,0
IOO.US,60,20210301,190000,65.2201,65.3,65.2,65.2,3777,0
IOO.US,60,20210301,200000,65.1001,65.241,65.1001,65.241,3614,0
IOO.US,60,20210301,210000,65.34,65.47,65.34,65.4565,9008,0
IOO.US,60,20210301,220000,65.455,65.455,65.31,65.31,3932,0
IOO.US,60,20210302,160000,65.38,65.4084,65.2496,65.4084,11872,0
IOO.US,60,20210302,170000,65.435,65.46,65.08,65.27,6136,0
IOO.US,60,20210302,180000,65.15,65.2496,65.03,65.07,7251,0
IOO.US,60,20210302,190000,65.1292,65.39,65.1292,65.2931,5124,0
IOO.US,60,20210302,200000,65.334,65.47,65.334,65.43,5652,0
IOO.US,60,20210302,210000,65.44,65.44,65.26,65.4,5191,0
IOO.US,60,20210302,220000,65.4199,65.4199,65.005,65.03,7268,0
IOO.US,60,20210303,160000,64.86,64.97,64.71,64.71,2163,0
IOO.US,60,20210303,170000,64.64,64.8298,64.445,64.8298,6902,0
IOO.US,60,20210303,180000,64.805,64.9351,64.8,64.8,2904,0
IOO.US,60,20210303,190000,64.79,64.8058,64.699,64.71,4882,0
IOO.US,60,20210303,200000,64.709,64.8356,64.5603,64.5603,4409,0
IOO.US,60,20210303,210000,64.575,64.5893,64.2763,64.5799,7934,0
IOO.US,60,20210303,220000,64.53,64.55,64.25,64.28,19664,0
IOO.US,60,20210304,160000,64.27,64.7,64.264,64.264,3644,0
IOO.US,60,20210304,170000,64.18,64.675,64.17,64.66,28465,0
IOO.US,60,20210304,180000,64.74,64.85,64.53,64.83,2863,0
IOO.US,60,20210304,190000,64.85,64.87,63.99,64.13,13046,0
IOO.US,60,20210304,200000,63.825,63.8268,63.11,63.11,11222,0
IOO.US,60,20210304,210000,63.255,63.93,63.21,63.89,18113,0
IOO.US,60,20210304,220000,63.86,63.86,63.464,63.7,60715,0
IOO.US,60,20210305,160000,64.42,64.42,63.78,63.78,5087,0
IOO.US,60,20210305,170000,64.0611,64.32,63.75,63.75,13980,0
IOO.US,60,20210305,180000,63.734,63.734,63.51,63.72,3774,0
IOO.US,60,20210305,190000,63.8599,64.2347,63.74,64.2347,6352,0
IOO.US,60,20210305,200000,64.25,64.5734,64.15,64.35,17972,0
IOO.US,60,20210305,210000,64.381,64.74,64.281,64.735,10355,0
IOO.US,60,20210305,220000,64.785,64.85,64.63,64.77,30930,0
IOO.US,60,20210308,160000,64.78,64.85,64.48,64.6537,3954,0
IOO.US,60,20210308,170000,64.57,65.015,64.47,64.9476,4701,0
IOO.US,60,20210308,180000,64.9,64.9,64.7417,64.7417,2340,0
IOO.US,60,20210308,190000,64.6974,64.9,64.67,64.9,6286,0
IOO.US,60,20210308,200000,64.9084,64.93,64.5477,64.5477,5274,0
IOO.US,60,20210308,210000,64.565,64.7279,64.5101,64.56,6544,0
IOO.US,60,20210308,220000,64.4198,64.5,64.17,64.17,4587,0
IOO.US,60,20210309,160000,64.85,64.98,64.8,64.98,22416,0
IOO.US,60,20210309,170000,65.14,65.21,65.06,65.16,27818,0
IOO.US,60,20210309,180000,65.2,65.249,65.125,65.1799,13209,0
IOO.US,60,20210309,190000,65.34,65.34,65.31,65.31,200,0
IOO.US,60,20210309,200000,65.41,65.41,65.3108,65.3454,2453,0
IOO.US,60,20210309,210000,65.38,65.38,65.26,65.379,18893,0
IOO.US,60,20210309,220000,65.2834,65.35,64.96,64.96,6042,0
IOO.US,60,20210310,160000,65.39,65.45,65.28,65.35,11436,0
IOO.US,60,20210310,170000,65.29,65.3304,65.09,65.19,4021,0
IOO.US,60,20210310,180000,65.2,65.29,65.145,65.28,4139,0
IOO.US,60,20210310,190000,65.24,65.2886,65.195,65.195,12180,0
IOO.US,60,20210310,200000,65.13,65.36,65.13,65.28,6999,0
IOO.US,60,20210310,210000,65.2422,65.475,65.2422,65.425,3739,0
IOO.US,60,20210310,220000,65.41,65.432,65.29,65.31,6968,0
IOO.US,60,20210311,160000,65.64,65.6687,65.5636,65.5731,2662,0
IOO.US,60,20210311,170000,65.745,65.883,65.58,65.883,2784,0
IOO.US,60,20210311,180000,65.9407,66.0719,65.92,66.0719,5661,0
IOO.US,60,20210311,190000,66.01,66.1099,65.95,65.95,42680,0
IOO.US,60,20210311,200000,65.98,66.1,65.928,65.928,4368,0
IOO.US,60,20210311,210000,65.99,66.02,65.8936,65.8936,83643,0
IOO.US,60,20210311,220000,65.8727,65.8999,65.79,65.79,11469,0
IOO.US,60,20210312,160000,65.5,65.5962,65.5,65.5663,4808,0
IOO.US,60,20210312,170000,65.5698,65.5698,65.33,65.4661,4179,0
IOO.US,60,20210312,180000,65.38,65.45,65.375,65.45,1818,0
IOO.US,60,20210312,190000,65.53,65.652,65.48,65.52,1995,0
IOO.US,60,20210312,200000,65.4865,65.59,65.4865,65.5539,2209,0
IOO.US,60,20210312,210000,65.54,65.6447,65.5301,65.6447,4745,0
IOO.US,60,20210312,220000,65.6478,65.789,65.6263,65.74,9021,0
IOO.US,60,20210315,150000,65.77,65.77,65.64,65.7175,2702,0
IOO.US,60,20210315,160000,65.605,65.64,65.49,65.5537,5395,0
IOO.US,60,20210315,170000,65.615,65.615,65.38,65.38,1619,0
IOO.US,60,20210315,180000,65.535,65.56,65.535,65.56,367,0
IOO.US,60,20210315,190000,65.6,65.686,65.57,65.686,3578,0
IOO.US,60,20210315,200000,65.7783,65.8596,65.7783,65.8596,2857,0
IOO.US,60,20210315,210000,65.825,66.04,65.735,66.03,2152,0
IOO.US,60,20210316,150000,66.19,66.33,66.15,66.31,2472,0
IOO.US,60,20210316,160000,66.3401,66.43,66.3401,66.4239,996,0
IOO.US,60,20210316,170000,66.36,66.4348,66.34,66.36,4945,0
IOO.US,60,20210316,180000,66.3154,66.36,66.25,66.36,5300,0
IOO.US,60,20210316,190000,66.37,66.417,66.23,66.23,4587,0
IOO.US,60,20210316,200000,66.252,66.29,66.09,66.216,4250,0
IOO.US,60,20210316,210000,66.21,66.355,66.18,66.21,6569,0
IOO.US,60,20210317,150000,66.01,66.01,66.01,66.01,1020,0
IOO.US,60,20210317,160000,65.906,66.0499,65.7932,65.818,1082,0
IOO.US,60,20210317,170000,65.84,65.8491,65.82,65.82,1263,0
IOO.US,60,20210317,180000,65.9,65.93,65.85,65.85,971,0
IOO.US,60,20210317,190000,65.92,65.95,65.92,65.95,774,0
IOO.US,60,20210317,200000,66.16,66.6,66.16,66.6,4292,0
IOO.US,60,20210317,210000,66.6899,66.69,66.45,66.45,5841,0
IOO.US,60,20210318,150000,66.02,66.14,66.02,66.14,1459,0
IOO.US,60,20210318,160000,66.1107,66.18,66.05,66.0733,1579,0
IOO.US,60,20210318,170000,66.179,66.21,66.1228,66.186,3346,0
IOO.US,60,20210318,180000,66.2613,66.295,65.9301,65.96,6740,0
IOO.US,60,20210318,190000,66.015,66.1842,65.9907,66.1842,8504,0
IOO.US,60,20210318,200000,66.16,66.16,65.72,65.735,3170,0
IOO.US,60,20210318,210000,65.74,65.74,65.397,65.49,12243,0
IOO.US,60,20210319,150000,65.41,65.41,65.1687,65.18,5759,0
IOO.US,60,20210319,160000,65.17,65.3932,65,65.3932,12161,0
IOO.US,60,20210319,170000,65.3706,65.47,65.18,65.47,2969,0
IOO.US,60,20210319,180000,65.48,65.55,65.47,65.55,1384,0
IOO.US,60,20210319,190000,65.505,65.535,65.505,65.535,1475,0
IOO.US,60,20210319,200000,65.5544,65.5544,65.4201,65.505,5664,0
IOO.US,60,20210319,210000,65.51,65.5171,65.39,65.39,1409,0
IOO.US,60,20210322,150000,65.33,65.58,65.33,65.58,854,0
IOO.US,60,20210322,160000,65.65,65.806,65.65,65.7714,47733,0
IOO.US,60,20210322,170000,65.84,65.8693,65.83,65.8503,3992,0
IOO.US,60,20210322,180000,65.8758,66.0101,65.8758,65.98,8199,0
IOO.US,60,20210322,190000,66.008,66.01,65.98,66.01,2541,0
IOO.US,60,20210322,200000,66.0399,66.09,66.0327,66.0733,6548,0
IOO.US,60,20210322,210000,66.09,66.09,65.87,65.87,13578,0
IOO.US,60,20210323,150000,65.74,65.82,65.69,65.82,4881,0
IOO.US,60,20210323,160000,65.85,65.9787,65.745,65.9,8036,0
IOO.US,60,20210323,170000,65.95,66.11,65.95,65.98,4131,0
IOO.US,60,20210323,180000,66.07,66.07,65.91,66.03,6658,0
IOO.US,60,20210323,190000,66.035,66.09,65.9,65.93,4412,0
IOO.US,60,20210323,200000,65.87,65.95,65.73,65.73,5925,0
IOO.US,60,20210323,210000,65.68,65.739,65.41,65.47,14608,0
IOO.US,60,20210324,150000,65.62,65.7,65.529,65.529,5640,0
IOO.US,60,20210324,160000,65.56,65.58,65.525,65.55,962,0
IOO.US,60,20210324,170000,65.769,65.83,65.6695,65.6695,3436,0
IOO.US,60,20210324,180000,65.675,65.74,65.6,65.6,5208,0
IOO.US,60,20210324,190000,65.5539,65.57,65.4447,65.521,5310,0
IOO.US,60,20210324,200000,65.64,65.7,65.481,65.528,3764,0
IOO.US,60,20210324,210000,65.36,65.4783,65.15,65.15,4192,0
IOO.US,60,20210325,150000,64.98,65.085,64.91,65.04,4946,0
IOO.US,60,20210325,160000,65.16,65.169,64.64,64.64,7254,0
IOO.US,60,20210325,170000,64.65,64.88,64.63,64.88,6434,0
IOO.US,60,20210325,180000,64.89,65.05,64.835,65.05,5809,0
IOO.US,60,20210325,190000,64.99,65.18,64.96,65.11,3215,0
IOO.US,60,20210325,200000,64.9797,65.15,64.93,65.1301,1808,0
IOO.US,60,20210325,210000,65.26,65.365,65.2258,65.27,4373,0
IOO.US,60,20210326,150000,65.41,65.4514,65.41,65.4514,1901,0
IOO.US,60,20210326,160000,65.4,65.485,65.4,65.445,3095,0
IOO.US,60,20210326,170000,65.4876,65.53,65.4127,65.53,1105,0
IOO.US,60,20210326,180000,65.53,65.595,65.47,65.59,2645,0
IOO.US,60,20210326,190000,65.6599,65.6599,65.4888,65.508,1899,0
IOO.US,60,20210326,200000,65.515,65.515,65.34,65.509,4265,0
IOO.US,60,20210326,210000,65.57,66.11,65.56,66.01,5619,0
IOO.US,60,20210329,160000,65.83,65.9012,65.73,65.73,12716,0
IOO.US,60,20210329,170000,65.64,65.79,65.6,65.7,12678,0
IOO.US,60,20210329,180000,65.67,65.9019,65.64,65.9019,2069,0
IOO.US,60,20210329,190000,65.8703,66.089,65.8703,66.06,1037,0
IOO.US,60,20210329,200000,66.06,66.165,66.06,66.1366,5131,0
IOO.US,60,20210329,210000,66.055,66.07,65.9927,66.07,2040,0
IOO.US,60,20210329,220000,66.1,66.2095,66.0425,66.05,4616,0
IOO.US,60,20210330,160000,65.92,65.92,65.73,65.7799,2215,0
IOO.US,60,20210330,170000,65.7123,65.8431,65.6388,65.76,28587,0
IOO.US,60,20210330,180000,65.8,65.869,65.7703,65.7703,11088,0
IOO.US,60,20210330,190000,65.8,65.8,65.711,65.76,1449,0
IOO.US,60,20210330,200000,65.762,65.7703,65.762,65.7703,1540,0
IOO.US,60,20210330,210000,65.73,65.8,65.72,65.8,2428,0
IOO.US,60,20210330,220000,65.845,65.891,65.66,65.8,7150,0
IOO.US,60,20210331,160000,65.94,65.983,65.9377,65.983,1088,0
IOO.US,60,20210331,170000,66.065,66.1206,66.05,66.1206,4691,0
IOO.US,60,20210331,180000,66.11,66.1831,66.09,66.1831,2448,0
IOO.US,60,20210331,190000,66.255,66.275,66.24,66.2436,3239,0
IOO.US,60,20210331,200000,66.255,66.255,66.1816,66.23,1474,0
IOO.US,60,20210331,210000,66.175,66.175,66.085,66.1163,3543,0
IOO.US,60,20210331,220000,66.1901,66.2208,65.96,66.01,4360,0
IOO.US,60,20210401,160000,66.3473,66.3807,66.27,66.29,1740,0
IOO.US,60,20210401,170000,66.32,66.4034,66.32,66.361,11381,0
IOO.US,60,20210401,180000,66.38,66.4438,66.38,66.4438,30835,0
IOO.US,60,20210401,190000,66.47,66.5539,66.4647,66.52,1952,0
IOO.US,60,20210401,200000,66.52,66.55,66.48,66.5364,4555,0
IOO.US,60,20210401,210000,66.5,66.59,66.5,66.59,6665,0
IOO.US,60,20210401,220000,66.54,66.718,66.51,66.68,8292,0
IOO.US,60,20210405,160000,67.13,67.4555,67.08,67.43,9957,0
IOO.US,60,20210405,170000,67.5798,67.74,67.57,67.69,672140,0
IOO.US,60,20210405,180000,67.71,67.83,67.68,67.7861,10857,0
IOO.US,60,20210405,190000,67.81,67.88,67.79,67.79,1442,0
IOO.US,60,20210405,200000,67.8474,67.8889,67.819,67.8889,3449,0
IOO.US,60,20210405,210000,67.88,67.899,67.81,67.81,8516,0
IOO.US,60,20210405,220000,67.8,67.92,67.7401,67.88,27490,0
IOO.US,60,20210406,160000,67.67,67.85,67.67,67.84,1592,0
IOO.US,60,20210406,170000,67.8349,67.8944,67.75,67.84,9569,0
IOO.US,60,20210406,180000,67.8331,67.869,67.79,67.869,3566,0
IOO.US,60,20210406,190000,67.88,67.88,67.79,67.79,1869,0
IOO.US,60,20210406,200000,67.784,67.784,67.63,67.725,3452,0
IOO.US,60,20210406,210000,67.7365,67.769,67.7,67.75,4127,0
IOO.US,60,20210406,220000,67.68,67.75,67.63,67.65,9369,0
IOO.US,60,20210407,160000,67.77,67.87,67.77,67.8151,2092,0
IOO.US,60,20210407,170000,67.859,68.045,67.859,68.045,2647,0
IOO.US,60,20210407,180000,67.93,67.9601,67.93,67.9601,1070,0
IOO.US,60,20210407,190000,68.025,68.0381,67.969,67.9812,1512,0
IOO.US,60,20210407,200000,67.99,68.06,67.99,68.04,7695,0
IOO.US,60,20210407,210000,68.08,68.115,68.075,68.08,5658,0
IOO.US,60,20210407,220000,68.065,68.12,67.96,68.08,15321,0
IOO.US,60,20210408,160000,68.36,68.36,68.2471,68.3476,1841,0
IOO.US,60,20210408,170000,68.33,68.37,68.27,68.2764,3085,0
IOO.US,60,20210408,180000,68.275,68.369,68.275,68.369,3959,0
IOO.US,60,20210408,190000,68.34,68.44,68.34,68.396,2133,0
IOO.US,60,20210408,200000,68.4,68.4671,68.4,68.435,6056,0
IOO.US,60,20210408,210000,68.4162,68.4872,68.4162,68.46,6264,0
IOO.US,60,20210408,220000,68.4571,68.502,68.4,68.445,8230,0
IOO.US,60,20210409,160000,68.36,68.51,68.36,68.51,874,0
IOO.US,60,20210409,170000,68.56,68.57,68.4856,68.509,3985,0
IOO.US,60,20210409,180000,68.56,68.65,68.52,68.65,2906,0
IOO.US,60,20210409,190000,68.636,68.638,68.605,68.638,1288,0
IOO.US,60,20210409,200000,68.649,68.749,68.64,68.749,2893,0
IOO.US,60,20210409,210000,68.73,68.7397,68.71,68.71,4387,0
IOO.US,60,20210409,220000,68.702,69,68.701,69,3333,0
IOO.US,60,20210412,160000,68.83,68.89,68.78,68.78,5347,0
IOO.US,60,20210412,170000,68.8335,68.849,68.6901,68.7088,3619,0
IOO.US,60,20210412,180000,68.7575,68.789,68.7204,68.775,2261,0
IOO.US,60,20210412,190000,68.779,68.83,68.7281,68.83,3549,0
IOO.US,60,20210412,200000,68.82,68.8397,68.675,68.6786,3476,0
IOO.US,60,20210412,210000,68.67,68.6764,68.6195,68.6195,3942,0
IOO.US,60,20210412,220000,68.619,68.7343,68.6,68.71,2354,0
IOO.US,60,20210413,160000,68.75,68.84,68.75,68.8,2573,0
IOO.US,60,20210413,170000,68.85,68.86,68.819,68.8463,2075,0
IOO.US,60,20210413,180000,68.8097,68.855,68.8097,68.855,1407,0
IOO.US,60,20210413,190000,68.865,68.9101,68.83,68.8516,3475,0
IOO.US,60,20210413,200000,68.84,68.95,68.84,68.93,7146,0
IOO.US,60,20210413,210000,68.919,69.02,68.919,69.0101,2718,0
IOO.US,60,20210413,220000,69.055,69.09,68.9961,69.02,3796,0
IOO.US,60,20210414,160000,69.04,69.05,68.94,68.99,5632,0
IOO.US,60,20210414,170000,69,69.1014,69,69.02,6543,0
IOO.US,60,20210414,180000,68.98,69.04,68.92,69.02,33168,0
IOO.US,60,20210414,190000,69.039,69.06,68.9881,69.06,15193,0
IOO.US,60,20210414,200000,69.05,69.05,68.88,68.88,24923,0
IOO.US,60,20210414,210000,68.67,68.91,68.67,68.75,13567,0
IOO.US,60,20210414,220000,68.6401,68.77,68.6401,68.72,14799,0
IOO.US,60,20210415,160000,69.19,69.2999,69.19,69.25,3753,0
IOO.US,60,20210415,170000,69.21,69.43,69.2,69.335,18035,0
IOO.US,60,20210415,180000,69.37,69.4,69.245,69.245,590,0
IOO.US,60,20210415,190000,69.26,69.375,69.24,69.375,2783,0
IOO.US,60,20210415,200000,69.39,69.435,69.38,69.3832,2450,0
IOO.US,60,20210415,210000,69.3963,69.41,69.35,69.35,2908,0
IOO.US,60,20210415,220000,69.36,69.48,69.27,69.4,6324,0
IOO.US,60,20210416,160000,69.71,69.71,69.4386,69.4386,4533,0
IOO.US,60,20210416,170000,69.44,69.6,69.41,69.585,41653,0
IOO.US,60,20210416,180000,69.56,69.609,69.56,69.56,4538,0
IOO.US,60,20210416,190000,69.569,69.6447,69.5687,69.6,4662,0
IOO.US,60,20210416,200000,69.5999,69.604,69.58,69.5802,2424,0
IOO.US,60,20210416,210000,69.6797,69.6797,69.65,69.65,441,0
IOO.US,60,20210416,220000,69.7101,69.77,69.7101,69.75,6306,0
IOO.US,60,20210419,160000,69.68,69.855,69.68,69.855,2842,0
IOO.US,60,20210419,170000,69.8,69.8,69.56,69.58,8827,0
IOO.US,60,20210419,180000,69.72,69.728,69.52,69.6699,5648,0
IOO.US,60,20210419,190000,69.6103,69.6103,69.4253,69.5319,5533,0
IOO.US,60,20210419,200000,69.53,69.6593,69.53,69.59,14730,0
IOO.US,60,20210419,210000,69.59,69.6212,69.51,69.6122,1949,0
IOO.US,60,20210419,220000,69.64,69.68,69.5034,69.62,96130,0
IOO.US,60,20210420,160000,69.32,69.37,69.3,69.345,2986,0
IOO.US,60,20210420,170000,69.3,69.31,68.9847,69.05,10724,0
IOO.US,60,20210420,180000,69,69.0535,68.8208,68.99,3016,0
IOO.US,60,20210420,190000,68.9222,69.1,68.9222,68.99,32728,0
IOO.US,60,20210420,200000,68.98,69.015,68.84,68.93,13792,0
IOO.US,60,20210420,210000,68.96,68.96,68.79,68.79,1326,0
IOO.US,60,20210420,220000,68.8777,69.04,68.865,68.975,1876,0
IOO.US,60,20210421,160000,68.84,69.125,68.84,69.125,3548,0
IOO.US,60,20210421,170000,69.1414,69.2,69.05,69.095,3013,0
IOO.US,60,20210421,180000,69.22,69.32,69.22,69.32,2138,0
IOO.US,60,20210421,190000,69.325,69.34,69.28,69.29,1283,0
IOO.US,60,20210421,200000,69.28,69.35,69.26,69.315,21071,0
IOO.US,60,20210421,210000,69.35,69.36,69.3439,69.3599,2053,0
IOO.US,60,20210421,220000,69.36,69.56,69.359,69.53,4712,0
IOO.US,60,20210422,160000,69.43,69.43,69.29,69.3069,3568,0
IOO.US,60,20210422,170000,69.29,69.4795,69.28,69.4602,9173,0
IOO.US,60,20210422,180000,69.5,69.5,69.423,69.4735,4366,0
IOO.US,60,20210422,190000,69.4399,69.44,69.4399,69.44,760,0
IOO.US,60,20210422,200000,69.48,69.48,68.77,68.77,325858,0
IOO.US,60,20210422,210000,68.7771,68.96,68.7771,68.955,3622,0
IOO.US,60,20210422,220000,69,69,68.79,68.86,5306,0
IOO.US,60,20210423,160000,68.89,69.029,68.89,69.029,8515,0
IOO.US,60,20210423,170000,69.065,69.28,69.0501,69.28,11389,0
IOO.US,60,20210423,180000,69.26,69.44,69.26,69.42,9572,0
IOO.US,60,20210423,190000,69.41,69.5799,69.41,69.5501,5793,0
IOO.US,60,20210423,200000,69.5712,69.5978,69.54,69.5403,9507,0
IOO.US,60,20210423,210000,69.5201,69.64,69.5201,69.6384,6558,0
IOO.US,60,20210423,220000,69.6013,69.719,69.49,69.49,3616,0
IOO.US,60,20210426,160000,69.6,69.6,69.48,69.51,5123,0
IOO.US,60,20210426,170000,69.52,69.6,69.52,69.6,2600,0
IOO.US,60,20210426,180000,69.64,69.6518,69.5826,69.5971,4782,0
IOO.US,60,20210426,190000,69.555,69.5607,69.5221,69.53,5636,0
IOO.US,60,20210426,200000,69.5377,69.625,69.5213,69.625,11810,0
IOO.US,60,20210426,210000,69.68,69.7399,69.6675,69.7252,3086,0
IOO.US,60,20210426,220000,69.73,69.75,69.59,69.62,18460,0
IOO.US,60,20210427,160000,69.63,69.64,69.4914,69.4914,7646,0
IOO.US,60,20210427,170000,69.555,69.56,69.43,69.4917,3116,0
IOO.US,60,20210427,180000,69.5292,69.55,69.45,69.55,4342,0
IOO.US,60,20210427,190000,69.555,69.555,69.5429,69.5429,3350,0
IOO.US,60,20210427,200000,69.5405,69.58,69.52,69.56,4190,0
IOO.US,60,20210427,210000,69.5,69.6,69.5,69.595,7964,0
IOO.US,60,20210427,220000,69.579,69.64,69.565,69.61,6358,0
IOO.US,60,20210428,160000,69.72,69.85,69.71,69.85,10524,0
IOO.US,60,20210428,170000,69.85,69.85,69.714,69.72,10872,0
IOO.US,60,20210428,180000,69.74,69.7899,69.62,69.62,3772,0
IOO.US,60,20210428,190000,69.59,69.7252,69.59,69.7252,1120,0
IOO.US,60,20210428,200000,69.7382,69.7382,69.69,69.69,6442,0
IOO.US,60,20210428,210000,69.7269,69.975,69.7166,69.9117,11038,0
IOO.US,60,20210428,220000,69.87,69.87,69.68,69.68,6896,0
IOO.US,60,20210429,160000,70.13,70.194,69.9476,69.95,9604,0
IOO.US,60,20210429,170000,69.82,69.82,69.55,69.61,5682,0
IOO.US,60,20210429,180000,69.73,69.73,69.49,69.49,8140,0
IOO.US,60,20210429,190000,69.42,69.54,69.39,69.54,16762,0
IOO.US,60,20210429,200000,69.7014,69.7069,69.6204,69.6204,6062,0
IOO.US,60,20210429,210000,69.8,69.933,69.8,69.84,7704,0
IOO.US,60,20210429,220000,69.88,69.9106,69.82,69.84,5658,0
IOO.US,60,20210430,160000,69.49,69.7,69.49,69.7,3890,0
IOO.US,60,20210430,170000,69.658,69.7115,69.6,69.61,8448,0
IOO.US,60,20210430,180000,69.37,69.47,69.3639,69.47,4966,0
IOO.US,60,20210430,190000,69.437,69.4694,69.335,69.335,3566,0
IOO.US,60,20210430,200000,69.36,69.3978,69.2843,69.2843,4956,0
IOO.US,60,20210430,210000,69.23,69.3,69.2199,69.27,9676,0
IOO.US,60,20210430,220000,69.23,69.2687,69.135,69.2,32034,0
IOO.US,60,20210503,160000,69.58,69.69,69.56,69.69,2150,0
IOO.US,60,20210503,170000,69.695,69.85,69.6161,69.62,33320,0
IOO.US,60,20210503,180000,69.62,69.64,69.5433,69.5433,1902,0
IOO.US,60,20210503,190000,69.625,69.68,69.55,69.55,1893,0
IOO.US,60,20210503,200000,69.575,69.575,69.5036,69.54,1828,0
IOO.US,60,20210503,210000,69.61,69.6434,69.5906,69.63,4175,0
IOO.US,60,20210503,220000,69.591,69.591,69.45,69.51,3472,0
IOO.US,60,20210504,160000,69.06,69.1,68.67,68.68,11321,0
IOO.US,60,20210504,170000,68.58,68.6994,68.55,68.56,11898,0
IOO.US,60,20210504,180000,68.51,68.51,68.27,68.27,10185,0
IOO.US,60,20210504,190000,68.3104,68.4227,68.28,68.28,2872,0
IOO.US,60,20210504,200000,68.277,68.475,68.26,68.38,2456,0
IOO.US,60,20210504,210000,68.41,68.58,68.41,68.58,2157,0
IOO.US,60,20210504,220000,68.54,68.71,68.41,68.71,12631,0
IOO.US,60,20210505,160000,69.1,69.2019,69.1,69.15,3574,0
IOO.US,60,20210505,170000,69.025,69.2219,69.0025,69.2219,4040,0
IOO.US,60,20210505,180000,69.18,69.37,69.18,69.345,13200,0
IOO.US,60,20210505,190000,69.4099,69.4099,69.3,69.3,781,0
IOO.US,60,20210505,200000,69.228,69.285,69.228,69.2403,3430,0
IOO.US,60,20210505,210000,69.24,69.255,69.2,69.2,1328,0
IOO.US,60,20210505,220000,69.11,69.14,69.02,69.09,5560,0
IOO.US,60,20210506,160000,69.06,69.175,69.06,69.14,3341,0
IOO.US,60,20210506,170000,68.924,69.2,68.924,69.14,2087,0
IOO.US,60,20210506,180000,69.1087,69.48,69.0101,69.4329,3672,0
IOO.US,60,20210506,190000,69.4194,69.495,69.4194,69.49,2390,0
IOO.US,60,20210506,200000,69.39,69.4399,69.337,69.337,1173,0
IOO.US,60,20210506,210000,69.3924,69.4363,69.33,69.39,3910,0
IOO.US,60,20210506,220000,69.385,69.79,69.35,69.72,8228,0
IOO.US,60,20210507,160000,69.93,70.01,69.93,70.01,773,0
IOO.US,60,20210507,170000,70.2077,70.2466,70.12,70.12,8226,0
IOO.US,60,20210507,180000,70.25,70.4,70.25,70.4,370,0
IOO.US,60,20210507,190000,70.345,70.345,70.2201,70.2201,911,0
IOO.US,60,20210507,200000,70.2152,70.2592,70.17,70.1946,1839,0
IOO.US,60,20210507,210000,70.225,70.2394,70.18,70.2394,2453,0
IOO.US,60,20210507,220000,70.31,70.31,70.25,70.25,2248,0
IOO.US,60,20210510,160000,70.29,70.29,70.165,70.2169,2830,0
IOO.US,60,20210510,170000,70.16,70.16,69.98,69.98,13658,0
IOO.US,60,20210510,180000,70.0896,70.1799,70.0896,70.1799,1968,0
IOO.US,60,20210510,190000,70.2,70.24,70.14,70.14,1708,0
IOO.US,60,20210510,200000,70.135,70.1491,70.07,70.07,2240,0
IOO.US,60,20210510,210000,70.065,70.065,69.7999,69.7999,1470,0
IOO.US,60,20210510,220000,69.7001,69.78,69.57,69.62,2963,0
IOO.US,60,20210511,160000,68.57,68.92,68.57,68.92,5292,0
IOO.US,60,20210511,170000,69,69,68.38,68.5451,4770,0
IOO.US,60,20210511,180000,68.56,68.919,68.4621,68.8706,6307,0
IOO.US,60,20210511,190000,68.915,68.915,68.63,68.6799,5825,0
IOO.US,60,20210511,200000,68.725,68.9689,68.725,68.9689,1144,0
IOO.US,60,20210511,210000,68.9347,69.0163,68.815,68.8298,2434,0
IOO.US,60,20210511,220000,68.915,69.02,68.84,68.93,7731,0
IOO.US,60,20210512,160000,68.48,68.7,68.48,68.7,2231,0
IOO.US,60,20210512,170000,68.47,68.5591,68.36,68.36,1417,0
IOO.US,60,20210512,180000,68.3805,68.3805,68.19,68.2001,9184,0
IOO.US,60,20210512,190000,68.07,68.13,67.94,68.05,14551,0
IOO.US,60,20210512,200000,68.08,68.229,67.98,68.05,1558,0
IOO.US,60,20210512,210000,68.02,68.0934,67.895,68.07,1386,0
IOO.US,60,20210512,220000,68.005,68.005,67.79,67.83,2471,0
IOO.US,60,20210513,160000,68.09,68.41,68.09,68.41,13195,0
IOO.US,60,20210513,170000,68.45,68.69,68.45,68.69,3385,0
IOO.US,60,20210513,180000,68.73,68.74,68.285,68.38,3793,0
IOO.US,60,20210513,190000,68.4,68.59,68.4,68.4793,2594,0
IOO.US,60,20210513,200000,68.38,68.4846,68.12,68.12,5150,0
IOO.US,60,20210513,210000,68.345,68.679,68.345,68.679,2890,0
IOO.US,60,20210513,220000,68.6591,68.795,68.59,68.6,1498,0
IOO.US,60,20210514,160000,69.13,69.2525,69.13,69.2525,3811,0
IOO.US,60,20210514,170000,69.235,69.3755,69.235,69.3755,1660,0
IOO.US,60,20210514,180000,69.3287,69.495,69.3287,69.43,622367,0
IOO.US,60,20210514,190000,69.4369,69.51,69.4224,69.505,1377,0
IOO.US,60,20210514,200000,69.5757,69.5962,69.51,69.5431,908,0
IOO.US,60,20210514,210000,69.58,69.74,69.58,69.66,8620,0
IOO.US,60,20210514,220000,69.69,69.7399,69.64,69.64,3505,0
IOO.US,60,20210517,160000,69.42,69.57,69.42,69.53,6050,0
IOO.US,60,20210517,170000,69.4055,69.5762,69.4055,69.51,3966,0
IOO.US,60,20210517,180000,69.455,69.455,69.39,69.4114,2099,0
IOO.US,60,20210517,190000,69.4867,69.489,69.4867,69.489,532,0
IOO.US,60,20210517,200000,69.44,69.44,69.33,69.34,2800,0
IOO.US,60,20210517,210000,69.455,69.553,69.37,69.553,18966,0
IOO.US,60,20210517,220000,69.59,69.61,69.545,69.61,1906,0
IOO.US,60,20210518,160000,69.82,69.88,69.805,69.8233,5532,0
IOO.US,60,20210518,170000,69.72,69.7893,69.64,69.7893,4732,0
IOO.US,60,20210518,180000,69.7439,69.79,69.6039,69.6039,1313,0
IOO.US,60,20210518,190000,69.63,69.728,69.573,69.728,1150,0
IOO.US,60,20210518,200000,69.67,69.68,69.625,69.68,650,0
IOO.US,60,20210518,210000,69.565,69.5979,69.35,69.35,2188,0
IOO.US,60,20210518,220000,69.445,69.525,69.14,69.18,4705,0
IOO.US,60,20210519,160000,68.33,68.4329,68.28,68.4329,3391,0
IOO.US,60,20210519,170000,68.37,68.435,68.18,68.43,5984,0
IOO.US,60,20210519,180000,68.39,68.595,68.39,68.595,26435,0
IOO.US,60,20210519,190000,68.58,68.7499,68.58,68.703,2426,0
IOO.US,60,20210519,200000,68.7961,68.8396,68.735,68.735,1648,0
IOO.US,60,20210519,210000,68.75,68.82,68.47,68.56,1644,0
IOO.US,60,20210519,220000,68.4107,68.84,68.4107,68.84,3584,0
IOO.US,60,20210520,160000,68.99,69.2406,68.99,69.2406,1088,0
IOO.US,60,20210520,170000,69.23,69.3795,69.23,69.3,2142,0
IOO.US,60,20210520,180000,69.3212,69.59,69.3212,69.59,1066,0
IOO.US,60,20210520,190000,69.6,69.6,69.4201,69.4201,1903,0
IOO.US,60,20210520,200000,69.51,69.5869,69.51,69.58,1742,0
IOO.US,60,20210520,210000,69.575,69.66,69.575,69.6295,14038,0
IOO.US,60,20210520,220000,69.64,69.753,69.61,69.61,86085,0
IOO.US,60,20210521,160000,69.83,69.875,69.81,69.81,1224,0
IOO.US,60,20210521,170000,69.695,69.75,69.59,69.63,4270,0
IOO.US,60,20210521,180000,69.675,69.675,69.5541,69.5541,789,0
IOO.US,60,20210521,190000,69.542,69.57,69.36,69.36,591468,0
IOO.US,60,20210521,200000,69.4035,69.515,69.4035,69.515,723,0
IOO.US,60,20210521,210000,69.56,69.56,69.5201,69.5538,1912,0
IOO.US,60,20210521,220000,69.54,69.6678,69.43,69.45,8150,0
IOO.US,60,20210524,160000,69.77,69.95,69.77,69.9108,2726,0
IOO.US,60,20210524,170000,70,70.16,70,70.16,768,0
IOO.US,60,20210524,180000,70.155,70.2599,70.155,70.2599,1460,0
IOO.US,60,20210524,190000,70.22,70.22,70.1261,70.17,2387,0
IOO.US,60,20210524,200000,70.16,70.24,70.16,70.24,861,0
IOO.US,60,20210524,210000,70.2606,70.346,70.2606,70.346,1013,0
IOO.US,60,20210524,220000,70.329,70.329,70.15,70.15,2630,0
IOO.US,60,20210525,160000,70.42,70.42,70.29,70.29,2942,0
IOO.US,60,20210525,170000,70.23,70.23,70.1,70.16,2978,0
IOO.US,60,20210525,180000,70.1,70.1,69.96,69.98,1768,0
IOO.US,60,20210525,190000,70.109,70.14,70.085,70.14,815,0
IOO.US,60,20210525,200000,70.11,70.11,70.07,70.07,383,0
IOO.US,60,20210525,210000,70.03,70.07,69.98,70.01,1551,0
IOO.US,60,20210525,220000,70.02,70.1,69.93,70.05,3392,0
IOO.US,60,20210526,160000,70.06,70.12,70.03,70.03,1115,0
IOO.US,60,20210526,170000,69.9616,70.13,69.9616,70.13,3999,0
IOO.US,60,20210526,180000,70.13,70.1599,70.1011,70.1011,2971,0
IOO.US,60,20210526,190000,70.13,70.1734,70.13,70.172,3522,0
IOO.US,60,20210526,200000,70.15,70.16,70.0344,70.0344,2123,0
IOO.US,60,20210526,210000,70.041,70.119,70.041,70.07,3863,0
IOO.US,60,20210526,220000,70.075,70.12,70.06,70.12,5742,0
IOO.US,60,20210527,160000,70.23,70.31,70.23,70.29,2344,0
IOO.US,60,20210527,170000,70.25,70.2976,70.2153,70.2976,2929,0
IOO.US,60,20210527,180000,70.12,70.12,70.0981,70.0981,200,0
IOO.US,60,20210527,190000,70.168,70.168,70.1248,70.1248,1030,0
IOO.US,60,20210527,200000,70.1037,70.1037,70.05,70.07,1108,0
IOO.US,60,20210527,210000,70.0195,70.0195,69.96,70.005,1819,0
IOO.US,60,20210527,220000,69.9875,70.0351,69.94,69.94,3789,0
IOO.US,60,20210528,160000,70.09,70.1799,70.04,70.1265,4337,0
IOO.US,60,20210528,170000,70.15,70.15,70.0625,70.105,623,0
IOO.US,60,20210528,180000,70.0669,70.16,70.0669,70.12,2145,0
IOO.US,60,20210528,190000,70.165,70.19,70.15,70.1799,4816,0
IOO.US,60,20210528,200000,70.1374,70.1374,70.02,70.09,3668,0
IOO.US,60,20210528,210000,70.12,70.13,70.0986,70.0986,2413,0
IOO.US,60,20210528,220000,70.109,70.109,69.96,69.98,4154,0
IOO.US,60,20210601,160000,70.43,70.48,70.18,70.21,5955,0
IOO.US,60,20210601,170000,70.28,70.3299,70.0577,70.2086,2421,0
IOO.US,60,20210601,180000,70.15,70.16,70.1094,70.1094,1428,0
IOO.US,60,20210601,190000,70.08,70.095,70.0135,70.025,1085,0
IOO.US,60,20210601,200000,70.0117,70.0117,69.9543,69.98,5141,0
IOO.US,60,20210601,210000,70.0799,70.12,70.0799,70.11,1048,0
IOO.US,60,20210601,220000,70.09,70.09,69.96,69.98,5624,0
IOO.US,60,20210602,160000,70.13,70.15,70.04,70.15,1955,0
IOO.US,60,20210602,170000,70.17,70.2323,70.144,70.22,4370,0
IOO.US,60,20210602,180000,70.2169,70.3018,70.2169,70.245,1677,0
IOO.US,60,20210602,190000,70.23,70.23,70.1001,70.1001,1400,0
IOO.US,60,20210602,200000,70.15,70.15,70.018,70.059,2693,0
IOO.US,60,20210602,210000,70.0376,70.07,70.025,70.06,563,0
IOO.US,60,20210602,220000,70.1006,70.22,70.1006,70.19,2738,0
IOO.US,60,20210603,160000,69.86,69.88,69.6434,69.685,2917,0
IOO.US,60,20210603,170000,69.83,69.8668,69.715,69.865,4963,0
IOO.US,60,20210603,180000,70.0131,70.09,69.931,69.931,2171,0
IOO.US,60,20210603,190000,69.95,69.9967,69.932,69.932,4921,0
IOO.US,60,20210603,200000,70.019,70.02,70.019,70.02,714,0
IOO.US,60,20210603,210000,70.019,70.03,69.9517,69.9722,1174,0
IOO.US,60,20210603,220000,69.93,70.049,69.93,70.01,1903,0
IOO.US,60,20210604,160000,70.37,70.41,70.33,70.3819,4355,0
IOO.US,60,20210604,170000,70.46,70.5,70.45,70.5,4587,0
IOO.US,60,20210604,180000,70.5,70.5899,70.49,70.54,2618,0
IOO.US,60,20210604,190000,70.6,70.62,70.55,70.55,7663,0
IOO.US,60,20210604,200000,70.5828,70.6155,70.5828,70.5953,758,0
IOO.US,60,20210604,210000,70.64,70.6599,70.6,70.6599,6118,0
IOO.US,60,20210604,220000,70.6438,70.69,70.6214,70.68,3402,0
IOO.US,60,20210607,160000,70.63,70.67,70.63,70.67,2877,0
IOO.US,60,20210607,170000,70.55,70.6099,70.5,70.5,2782,0
IOO.US,60,20210607,180000,70.59,70.59,70.56,70.56,400,0
IOO.US,60,20210607,190000,70.522,70.5844,70.51,70.5844,3440,0
IOO.US,60,20210607,200000,70.6016,70.6016,70.55,70.55,869,0
IOO.US,60,20210607,210000,70.45,70.54,70.42,70.54,23355,0
IOO.US,60,20210607,220000,70.58,70.705,70.55,70.62,7875,0
IOO.US,60,20210608,160000,70.81,70.84,70.6807,70.6807,4108,0
IOO.US,60,20210608,180000,70.75,70.78,70.58,70.705,1650,0
IOO.US,60,20210608,190000,70.69,70.7599,70.69,70.7599,1641,0
IOO.US,60,20210608,200000,70.756,70.756,70.7055,70.74,2211,0
IOO.US,60,20210608,210000,70.7764,70.82,70.74,70.8,2847,0
IOO.US,60,20210608,220000,70.83,70.8384,70.722,70.73,2372,0
IOO.US,60,20210609,160000,70.82,70.84,70.785,70.8,2646,0
IOO.US,60,20210609,170000,70.85,70.87,70.78,70.87,4673,0
IOO.US,60,20210609,180000,70.8468,70.9029,70.8468,70.8603,3059,0
IOO.US,60,20210609,190000,70.83,70.83,70.83,70.83,500,0
IOO.US,60,20210609,200000,70.8431,70.897,70.8431,70.897,834,0
IOO.US,60,20210609,210000,70.895,70.895,70.87,70.87,1292,0
IOO.US,60,20210609,220000,70.8392,70.8392,70.71,70.77,2550,0
IOO.US,60,20210610,160000,70.35,70.67,70.35,70.6699,1560,0
IOO.US,60,20210610,170000,70.6,70.616,70.309,70.309,976,0
IOO.US,60,20210610,180000,70.42,70.5151,70.42,70.5031,3652,0
IOO.US,60,20210610,190000,70.52,70.52,70.47,70.52,912,0
IOO.US,60,20210610,200000,70.53,70.53,70.495,70.495,1368,0
IOO.US,60,20210610,210000,70.555,70.555,70.47,70.47,671,0
IOO.US,60,20210610,220000,70.4939,70.4939,70.43,70.48,2815,0
IOO.US,60,20210611,160000,70.61,70.61,70.48,70.48,4734,0
IOO.US,60,20210611,170000,70.56,70.57,70.449,70.46,5098,0
IOO.US,60,20210611,180000,70.395,70.5,70.395,70.4878,4999,0
IOO.US,60,20210611,190000,70.45,70.45,70.37,70.37,471,0
IOO.US,60,20210611,200000,70.395,70.44,70.395,70.44,980,0
IOO.US,60,20210611,210000,70.465,70.49,70.465,70.48,3130,0
IOO.US,60,20210611,220000,70.52,70.58,70.45,70.58,4684,0
IOO.US,60,20210614,160000,70.6,70.64,70.49,70.605,7219,0
IOO.US,60,20210614,170000,70.62,70.62,70.53,70.5948,11022,0
IOO.US,60,20210614,180000,70.66,70.66,70.55,70.59,16289,0
IOO.US,60,20210614,190000,70.59,70.6,70.5161,70.5161,2428,0
IOO.US,60,20210614,200000,70.54,70.6,70.54,70.5401,4355,0
IOO.US,60,20210614,210000,70.58,70.63,70.575,70.6,4352,0
IOO.US,60,20210614,220000,70.59,70.9,70.568,70.85,8024,0
IOO.US,60,20210615,160000,70.93,70.93,70.825,70.872,4517,0
IOO.US,60,20210615,170000,70.885,70.885,70.776,70.776,2098,0
IOO.US,60,20210615,180000,70.79,70.8,70.75,70.7501,948,0
IOO.US,60,20210615,190000,70.765,70.85,70.765,70.85,535,0
IOO.US,60,20210615,200000,70.797,70.86,70.77,70.84,3633,0
IOO.US,60,20210615,210000,70.845,70.8896,70.8,70.8101,2182,0
IOO.US,60,20210615,220000,70.8,70.8694,70.79,70.85,2451,0
IOO.US,60,20210616,160000,70.9,70.9,70.8551,70.8551,7807,0
IOO.US,60,20210616,170000,70.97,70.97,70.91,70.93,4927,0
IOO.US,60,20210616,180000,70.9571,70.96,70.86,70.86,6440,0
IOO.US,60,20210616,190000,70.85,70.85,70.7401,70.765,3188,0
IOO.US,60,20210616,200000,70.8292,70.8292,70.777,70.795,1506,0
IOO.US,60,20210616,210000,70.7,70.7,70.14,70.4099,4205,0
IOO.US,60,20210616,220000,70.468,70.78,70.468,70.54,5202,0
IOO.US,60,20210617,160000,70.36,70.52,70.36,70.41,183063,0
IOO.US,60,20210617,170000,70.4381,70.56,70.332,70.5,6970,0
IOO.US,60,20210617,180000,70.5999,70.5999,70.4019,70.4019,1449,0
IOO.US,60,20210617,190000,70.4133,70.4133,70.131,70.131,916,0
IOO.US,60,20210617,200000,70.461,70.55,70.461,70.55,1793,0
IOO.US,60,20210617,210000,70.55,70.5701,70.55,70.5701,541,0
IOO.US,60,20210617,220000,70.52,70.66,70.5,70.56,6424,0
IOO.US,60,20210618,160000,69.77,69.83,69.66,69.7901,16587,0
IOO.US,60,20210618,170000,69.795,69.7996,69.59,69.62,5896,0
IOO.US,60,20210618,180000,69.61,69.71,69.57,69.7,12321,0
IOO.US,60,20210618,190000,69.71,69.79,69.68,69.715,5095,0
IOO.US,60,20210618,200000,69.715,69.8,69.645,69.66,19428,0
IOO.US,60,20210618,210000,69.75,69.77,69.62,69.65,4870,0
IOO.US,60,20210618,220000,69.645,69.79,69.5,69.5,12255,0
IOO.US,60,20210621,160000,69.75,69.86,69.6287,69.825,13490,0
IOO.US,60,20210621,170000,69.895,70.1886,69.88,70.1886,8105,0
IOO.US,60,20210621,180000,70.2021,70.22,70.16,70.205,4755,0
IOO.US,60,20210621,190000,70.23,70.2597,70.1905,70.1944,3235,0
IOO.US,60,20210621,200000,70.215,70.335,70.1901,70.325,10662,0
IOO.US,60,20210621,210000,70.3086,70.3239,70.2661,70.29,2815,0
IOO.US,60,20210621,220000,70.291,70.34,70.27,70.28,3151,0
IOO.US,60,20210622,160000,70.26,70.28,70.2,70.23,2648,0
IOO.US,60,20210622,170000,70.23,70.37,70.23,70.37,2777,0
IOO.US,60,20210622,180000,70.43,70.44,70.43,70.43,1712,0
IOO.US,60,20210622,190000,70.41,70.53,70.41,70.4981,10005,0
IOO.US,60,20210622,200000,70.5,70.505,70.4868,70.4901,1975,0
IOO.US,60,20210622,210000,70.47,70.54,70.465,70.54,4170,0
IOO.US,60,20210622,220000,70.66,70.7,70.6001,70.61,2884,0
IOO.US,60,20210623,160000,70.63,70.72,70.63,70.675,1541,0
IOO.US,60,20210623,170000,70.69,70.69,70.49,70.49,83139,0
IOO.US,60,20210623,180000,70.45,70.45,70.425,70.45,765,0
IOO.US,60,20210623,190000,70.4701,70.49,70.39,70.4138,2270,0
IOO.US,60,20210623,200000,70.489,70.509,70.489,70.509,999,0
IOO.US,60,20210623,210000,70.5,70.51,70.465,70.465,3678,0
IOO.US,60,20210623,220000,70.5,70.54,70.39,70.39,5632,0
IOO.US,60,20210624,160000,70.73,70.84,70.7157,70.76,6145,0
IOO.US,60,20210624,170000,70.75,70.85,70.71,70.71,5289,0
IOO.US,60,20210624,180000,70.725,70.74,70.6551,70.7,3897,0
IOO.US,60,20210624,190000,70.68,70.76,70.6607,70.6607,6887,0
IOO.US,60,20210624,200000,70.74,70.77,70.67,70.69,7411,0
IOO.US,60,20210624,210000,70.73,70.76,70.72,70.73,4335,0
IOO.US,60,20210624,220000,70.72,70.73,70.655,70.71,8475,0
IOO.US,60,20210625,160000,70.88,70.88,70.8421,70.8421,1905,0
IOO.US,60,20210625,170000,70.783,70.88,70.742,70.745,2686,0
IOO.US,60,20210625,180000,70.7614,70.84,70.7614,70.7832,1567,0
IOO.US,60,20210625,190000,70.79,70.8068,70.79,70.8,1255,0
IOO.US,60,20210625,200000,70.8,70.8,70.7601,70.7601,407,0
IOO.US,60,20210625,210000,70.79,70.815,70.78,70.815,8382,0
IOO.US,60,20210625,220000,70.84,70.87,70.8,70.87,2219,0
IOO.US,60,20210628,160000,70.85,70.86,70.83,70.83,2111,0
IOO.US,60,20210628,170000,70.8746,70.92,70.82,70.869,6897,0
IOO.US,60,20210628,180000,70.88,70.88,70.77,70.84,13807,0
IOO.US,60,20210628,190000,70.8076,70.84,70.8,70.809,2309,0
IOO.US,60,20210628,200000,70.78,70.796,70.75,70.7825,1354,0
IOO.US,60,20210628,210000,70.8323,70.8753,70.7915,70.86,2676,0
IOO.US,60,20210628,220000,70.91,70.95,70.84,70.95,4189,0
IOO.US,60,20210629,160000,71.03,71.075,71.03,71.05,3686,0
IOO.US,60,20210629,170000,70.995,71.07,70.99,71.05,1950,0
IOO.US,60,20210629,180000,71.025,71.025,71,71.0039,4371,0
IOO.US,60,20210629,190000,71.05,71.06,71.04,71.04,617,0
IOO.US,60,20210629,200000,71.03,71.03,71.03,71.03,550,0
IOO.US,60,20210629,210000,71.0614,71.0614,71.0039,71.0039,1689,0
IOO.US,60,20210629,220000,71.0203,71.09,71.0203,71.07,11164,0
IOO.US,60,20210630,160000,70.81,70.81,70.8,70.8,1583,0
IOO.US,60,20210630,170000,70.9109,71.01,70.9109,70.96,4635,0
IOO.US,60,20210630,180000,70.98,70.98,70.89,70.91,5552,0
IOO.US,60,20210630,190000,70.92,70.94,70.9,70.93,5561,0
IOO.US,60,20210630,200000,70.93,70.95,70.93,70.93,5386,0
IOO.US,60,20210630,210000,70.94,70.9532,70.91,70.93,5814,0
IOO.US,60,20210630,220000,70.924,71.02,70.91,70.99,207700,0
IOO.US,60,20210701,160000,71.06,71.11,71,71,2520,0
IOO.US,60,20210701,170000,71.1111,71.1111,71.0692,71.0692,1792,0
IOO.US,60,20210701,180000,71.08,71.08,70.95,70.95,1081,0
IOO.US,60,20210701,190000,71.065,71.07,70.99,70.99,3786,0
IOO.US,60,20210701,200000,71.0268,71.1342,71.0268,71.1,3282,0
IOO.US,60,20210701,210000,71.085,71.17,71.085,71.17,1908,0
IOO.US,60,20210701,220000,71.16,71.24,71.1111,71.24,5864,0
IOO.US,60,20210702,160000,71.39,71.4899,71.39,71.47,4135,0
IOO.US,60,20210702,170000,71.509,71.509,71.46,71.49,4148,0
IOO.US,60,20210702,180000,71.5,71.65,71.5,71.65,4708,0
IOO.US,60,20210702,190000,71.669,71.7102,71.669,71.7102,2247,0
IOO.US,60,20210702,200000,71.825,71.85,71.825,71.8469,1121,0
IOO.US,60,20210702,210000,71.88,71.88,71.87,71.87,2517,0
IOO.US,60,20210702,220000,71.94,72,71.93,71.96,9430,0
IOO.US,60,20210706,160000,72.01,72.0431,71.905,72.01,6420,0
IOO.US,60,20210706,170000,72.04,72.04,71.78,71.785,1378,0
IOO.US,60,20210706,180000,71.69,71.7,71.69,71.7,332,0
IOO.US,60,20210706,190000,71.71,71.71,71.53,71.69,1020,0
IOO.US,60,20210706,200000,71.7,71.85,71.682,71.85,3628,0
IOO.US,60,20210706,210000,71.84,71.9182,71.82,71.9,842,0
IOO.US,60,20210706,220000,71.9187,72.03,71.9187,71.96,10060,0
IOO.US,60,20210707,160000,72.21,72.29,72.21,72.26,2397,0
IOO.US,60,20210707,170000,72.2798,72.2798,72,72.12,8166,0
IOO.US,60,20210707,180000,72.115,72.35,72.065,72.335,3303,0
IOO.US,60,20210707,190000,72.3,72.3631,72.3,72.33,1360,0
IOO.US,60,20210707,200000,72.28,72.32,72.28,72.3058,745,0
IOO.US,60,20210707,210000,72.36,72.459,72.34,72.36,4876,0
IOO.US,60,20210707,220000,72.42,72.4582,72.365,72.4,4860,0
IOO.US,60,20210708,160000,71.39,71.58,71.2202,71.43,7761,0
IOO.US,60,20210708,170000,71.43,71.5,71.2454,71.33,2340,0
IOO.US,60,20210708,180000,71.35,71.685,71.35,71.685,5094,0
IOO.US,60,20210708,190000,71.73,71.834,71.6693,71.834,7412,0
IOO.US,60,20210708,200000,71.86,71.86,71.854,71.854,287,0
IOO.US,60,20210708,210000,71.86,71.86,71.6888,71.779,6476,0
IOO.US,60,20210708,220000,71.77,71.87,71.715,71.84,11122,0
IOO.US,60,20210709,160000,72.09,72.31,72.09,72.31,3258,0
IOO.US,60,20210709,170000,72.36,72.49,72.3,72.49,10121,0
IOO.US,60,20210709,180000,72.52,72.57,72.4362,72.5394,16265,0
IOO.US,60,20210709,190000,72.5526,72.575,72.5526,72.575,533,0
IOO.US,60,20210709,200000,72.55,72.55,72.5,72.5206,4318,0
IOO.US,60,20210709,210000,72.5536,72.6099,72.511,72.551,2543,0
IOO.US,60,20210709,220000,72.561,72.59,72.52,72.53,1560,0
