<TICKER>,<PER>,<DATE>,<TIME>,<OPEN>,<HIGH>,<LOW>,<CLOSE>,<VOL>,<OPENINT>
IYK.US,60,20200914,160000,147.51,147.51,146.87,146.87,777,0
IYK.US,60,20200914,170000,147.8,148.42,147.8,148.25,2349,0
IYK.US,60,20200914,180000,148.31,148.88,148.19,148.88,50173,0
IYK.US,60,20200914,190000,149.1,149.12,148.95,149.12,1703,0
IYK.US,60,20200914,200000,148.98,149.19,148.66,149.19,53916,0
IYK.US,60,20200914,210000,149.16,149.43,149.05,149.3,34380,0
IYK.US,60,20200914,220000,149.26,149.57,148.95,149.37,20551,0
IYK.US,60,20200915,160000,150.89,150.89,150.34,150.56,2367,0
IYK.US,60,20200915,170000,150.63,151.15,150.4,151.15,4561,0
IYK.US,60,20200915,180000,151.18,151.31,150.88,150.88,6662,0
IYK.US,60,20200915,190000,150.99,150.99,150.84,150.85,3304,0
IYK.US,60,20200915,200000,150.92,151.06,150.92,151.04,2835,0
IYK.US,60,20200915,210000,151,151.44,151,151.44,901,0
IYK.US,60,20200915,220000,151.52,151.52,150.11,150.63,21365,0
IYK.US,60,20200916,160000,150.86,151.11,150.84,151.11,3164,0
IYK.US,60,20200916,170000,151.24,151.24,151.24,151.24,161,0
IYK.US,60,20200916,180000,151.11,151.33,151.11,151.23,3121,0
IYK.US,60,20200916,190000,151.22,151.23,151.11,151.15,2361,0
IYK.US,60,20200916,200000,150.95,151.03,150.61,150.61,6232,0
IYK.US,60,20200916,220000,150.83,150.83,149.69,149.69,1649,0
IYK.US,60,20200917,160000,147.51,147.98,147.04,147.98,1118,0
IYK.US,60,20200917,170000,148.56,148.83,148.56,148.74,7418,0
IYK.US,60,20200917,180000,148.89,148.89,148.18,148.31,1009,0
IYK.US,60,20200917,190000,147.42,147.42,147.42,147.42,101,0
IYK.US,60,20200917,200000,147.44,147.56,147.35,147.56,1119,0
IYK.US,60,20200917,210000,147.72,147.83,147.72,147.83,816,0
IYK.US,60,20200917,220000,147.16,147.91,147.16,147.82,4718,0
IYK.US,60,20200918,160000,149.59,149.59,149.05,149.05,356,0
IYK.US,60,20200918,170000,148.79,149.04,148.37,148.37,571,0
IYK.US,60,20200918,180000,148.21,148.41,148,148,639,0
IYK.US,60,20200918,190000,148.19,148.19,147.26,147.26,3390,0
IYK.US,60,20200918,200000,147.17,147.27,146.2,146.43,1121,0
IYK.US,60,20200918,210000,146.99,147.35,146.86,147.12,559,0
IYK.US,60,20200918,220000,147.47,148.07,147.45,147.61,771,0
IYK.US,60,20200921,160000,146.32,146.32,145.87,145.95,1031,0
IYK.US,60,20200921,170000,146.24,146.24,144.27,144.64,2882,0
IYK.US,60,20200921,180000,145.06,145.17,144.34,144.97,3563,0
IYK.US,60,20200921,190000,145.35,145.54,144.92,144.92,2184,0
IYK.US,60,20200921,200000,144.87,145.39,144.74,144.9,1901,0
IYK.US,60,20200921,210000,145.1,145.14,144.55,145.07,2154,0
IYK.US,60,20200921,220000,145.07,146.24,145.07,146.21,4358,0
IYK.US,60,20200922,160000,145.89,146.09,145.65,146.09,2280,0
IYK.US,60,20200922,170000,146.76,146.76,146.63,146.63,446,0
IYK.US,60,20200922,180000,145.81,145.81,145.76,145.76,536,0
IYK.US,60,20200922,200000,146.01,146.65,146.01,146.65,239,0
IYK.US,60,20200922,210000,146.96,146.96,146.68,146.73,455,0
IYK.US,60,20200922,220000,146.35,146.56,146.35,146.44,555,0
IYK.US,60,20200923,160000,147.34,147.34,146.78,146.83,717,0
IYK.US,60,20200923,170000,145.98,146,145.98,146,310,0
IYK.US,60,20200923,180000,145.43,145.46,145.03,145.03,337,0
IYK.US,60,20200923,190000,145.36,145.65,145.36,145.65,224,0
IYK.US,60,20200923,200000,145.7,145.77,145.2,145.2,1676,0
IYK.US,60,20200923,210000,144.85,144.85,143.56,143.56,3332,0
IYK.US,60,20200923,220000,143.27,143.93,143.17,143.45,4196,0
IYK.US,60,20200924,170000,143.06,143.09,143.03,143.09,504,0
IYK.US,60,20200924,180000,143.76,144.07,143.76,144.07,351,0
IYK.US,60,20200924,190000,144.99,144.99,144.24,144.24,644,0
IYK.US,60,20200924,200000,145.45,145.45,145.45,145.45,148,0
IYK.US,60,20200924,210000,145.29,145.29,144.6,144.6,2464,0
IYK.US,60,20200924,220000,144.19,144.27,143.53,144.27,43145,0
IYK.US,60,20200925,160000,144,144.15,144,144.15,2012,0
IYK.US,60,20200925,170000,144.84,144.89,144.84,144.89,456,0
IYK.US,60,20200925,180000,144.85,145.14,144.78,144.78,1644,0
IYK.US,60,20200925,190000,144.81,144.96,144.6,144.74,1104,0
IYK.US,60,20200925,200000,144.82,145.19,144.82,145.19,509,0
IYK.US,60,20200925,210000,145.35,145.38,145.27,145.38,663,0
IYK.US,60,20200925,220000,145.5,145.85,145.4,145.85,3788,0
IYK.US,60,20200928,160000,148.21,148.33,147.69,147.69,753,0
IYK.US,60,20200928,170000,147.85,148.49,147.66,148.49,18589,0
IYK.US,60,20200928,180000,148.44,148.44,148.39,148.39,1074,0
IYK.US,60,20200928,190000,148.27,148.31,148.1,148.1,411,0
IYK.US,60,20200928,200000,148.34,148.51,148.34,148.48,480,0
IYK.US,60,20200928,210000,148.46,148.5,148.46,148.5,261,0
IYK.US,60,20200928,220000,148.33,148.35,147.9,148.21,3066,0
IYK.US,60,20200929,160000,148.6,148.6,147.55,147.55,2615,0
IYK.US,60,20200929,170000,147.58,147.99,147.37,147.37,1306,0
IYK.US,60,20200929,180000,147.43,147.76,147.25,147.25,1742,0
IYK.US,60,20200929,190000,147.46,147.52,147.32,147.44,1031,0
IYK.US,60,20200929,200000,147.29,147.77,147.28,147.77,903,0
IYK.US,60,20200929,210000,147.94,147.94,147.71,147.8,2310,0
IYK.US,60,20200929,220000,147.73,147.78,147.16,147.24,2522,0
IYK.US,60,20200930,160000,147.74,148.23,147.74,148.14,724,0
IYK.US,60,20200930,170000,148.78,149.07,148.77,148.78,1504,0
IYK.US,60,20200930,180000,148.56,148.99,148.55,148.92,1988,0
IYK.US,60,20200930,190000,149.09,149.26,149.09,149.11,5042,0
IYK.US,60,20200930,200000,149.03,149.53,149.03,149.53,853,0
IYK.US,60,20200930,210000,149.72,149.76,148.49,148.97,1029,0
IYK.US,60,20200930,220000,148.95,149,148.22,148.77,3206,0
IYK.US,60,20201001,160000,150.81,150.81,149.51,149.51,10530,0
IYK.US,60,20201001,170000,149.6,149.74,149.15,149.44,1290,0
IYK.US,60,20201001,180000,149.64,150.1,149.64,150.1,4146,0
IYK.US,60,20201001,190000,150.1,150.55,149.93,150.48,12487,0
IYK.US,60,20201001,200000,150.65,150.81,150.21,150.21,16855,0
IYK.US,60,20201001,210000,150.28,150.4,149.74,150.4,16590,0
IYK.US,60,20201001,220000,150.41,150.78,150.2,150.78,13664,0
IYK.US,60,20201002,160000,148.16,149.41,148.02,149.41,1101,0
IYK.US,60,20201002,170000,149.42,149.42,149.02,149.26,3928,0
IYK.US,60,20201002,180000,149.24,149.48,148.25,148.25,4023,0
IYK.US,60,20201002,190000,148.17,149.53,147.94,149.46,1743,0
IYK.US,60,20201002,200000,149.59,149.62,148.73,148.74,3382,0
IYK.US,60,20201002,210000,149.3,149.33,149.27,149.27,640,0
IYK.US,60,20201002,220000,149.29,149.47,148.96,148.96,2599,0
IYK.US,60,20201005,160000,150.16,150.2,150.08,150.2,2027,0
IYK.US,60,20201005,170000,150.09,150.27,150.09,150.26,4047,0
IYK.US,60,20201005,180000,150.06,150.06,149.8,149.88,45392,0
IYK.US,60,20201005,190000,150.03,150.03,149.96,149.97,1157,0
IYK.US,60,20201005,200000,150.06,150.06,149.82,149.83,5694,0
IYK.US,60,20201005,210000,149.63,150.28,149.63,150.28,1617,0
IYK.US,60,20201005,220000,150.51,150.51,150.42,150.44,3160,0
IYK.US,60,20201006,160000,151.11,151.11,150.63,150.63,983,0
IYK.US,60,20201006,170000,150.65,150.65,150.41,150.51,619,0
IYK.US,60,20201006,180000,150.35,150.41,150.35,150.41,2109,0
IYK.US,60,20201006,190000,150.61,150.61,150.61,150.61,112,0
IYK.US,60,20201006,200000,150.91,151.03,150.91,150.91,603,0
IYK.US,60,20201006,210000,151.21,151.21,149.42,149.47,918,0
IYK.US,60,20201006,220000,149.09,149.17,148.73,148.73,1917,0
IYK.US,60,20201007,160000,150.3,150.3,150.3,150.3,346,0
IYK.US,60,20201007,170000,150.25,150.58,150.25,150.58,425,0
IYK.US,60,20201007,180000,150.62,150.7,150.62,150.7,254,0
IYK.US,60,20201007,210000,151.49,151.68,151.43,151.68,690,0
IYK.US,60,20201007,220000,151.75,151.75,151.43,151.49,1661,0
IYK.US,60,20201008,160000,152.75,152.75,152.29,152.31,2900,0
IYK.US,60,20201008,170000,152.43,152.86,152.4,152.4,1436,0
IYK.US,60,20201008,180000,152.39,152.55,152.06,152.16,3544,0
IYK.US,60,20201008,190000,152.27,152.55,152.26,152.42,1055,0
IYK.US,60,20201008,200000,152.48,152.48,152.29,152.31,2548,0
IYK.US,60,20201008,210000,152.33,152.5,152.33,152.49,1368,0
IYK.US,60,20201008,220000,152.44,152.5,152.32,152.4,3048,0
IYK.US,60,20201009,160000,152.86,153.29,152.86,153.29,1194,0
IYK.US,60,20201009,170000,153.19,153.2,153.09,153.2,502,0
IYK.US,60,20201009,180000,153.36,154.13,153.36,154.13,887,0
IYK.US,60,20201009,190000,154.2,154.2,153.9,153.9,1092,0
IYK.US,60,20201009,200000,153.88,154.12,153.88,154.07,807,0
IYK.US,60,20201009,210000,154.01,154.01,153.8,153.8,803,0
IYK.US,60,20201009,220000,153.87,154,153.66,153.8,3389,0
IYK.US,60,20201012,160000,154.92,154.92,154.92,154.92,151,0
IYK.US,60,20201012,170000,155.13,155.13,155.13,155.13,201,0
IYK.US,60,20201012,180000,155.32,155.77,155.32,155.74,1205,0
IYK.US,60,20201012,190000,155.66,155.96,155.66,155.94,1405,0
IYK.US,60,20201012,200000,155.81,155.81,155.81,155.81,256,0
IYK.US,60,20201012,210000,155.9,155.98,155.9,155.98,502,0
IYK.US,60,20201012,220000,155.97,155.97,155.39,155.48,8284,0
IYK.US,60,20201013,160000,155.39,155.39,155.14,155.14,527,0
IYK.US,60,20201013,170000,155.08,155.08,154.86,154.86,200,0
IYK.US,60,20201013,180000,155.04,155.13,154.97,155.13,609,0
IYK.US,60,20201013,190000,155.18,155.18,154.92,155.07,301,0
IYK.US,60,20201013,200000,155.19,155.19,155.19,155.19,187,0
IYK.US,60,20201013,210000,154.98,155.15,154.86,154.86,966,0
IYK.US,60,20201013,220000,155.22,155.54,155.22,155.42,2084,0
IYK.US,60,20201014,160000,155.33,155.33,155.33,155.33,478,0
IYK.US,60,20201014,170000,156.03,156.03,155.97,155.97,622,0
IYK.US,60,20201014,180000,155.78,155.78,155.78,155.78,100,0
IYK.US,60,20201014,190000,154.94,155.05,154.76,155.05,1310,0
IYK.US,60,20201014,200000,155.28,155.33,155.12,155.18,940,0
IYK.US,60,20201014,210000,155.32,155.32,155,155.15,872,0
IYK.US,60,20201014,220000,155.56,155.73,155.34,155.34,2426,0
IYK.US,60,20201015,160000,153.86,154.35,153.86,154.35,525,0
IYK.US,60,20201015,170000,154.59,154.59,154.08,154.22,2946,0
IYK.US,60,20201015,180000,154.56,154.57,154.36,154.41,1056,0
IYK.US,60,20201015,190000,154.4,154.44,154.25,154.39,989,0
IYK.US,60,20201015,200000,154.66,154.66,154.66,154.66,100,0
IYK.US,60,20201015,210000,155.05,155.14,154.95,154.95,1257,0
IYK.US,60,20201015,220000,155.05,155.32,155.02,155.16,2717,0
IYK.US,60,20201016,160000,155.87,155.87,155.69,155.69,201,0
IYK.US,60,20201016,170000,155.99,156.12,155.87,155.87,896,0
IYK.US,60,20201016,180000,155.47,155.5,155.25,155.5,602,0
IYK.US,60,20201016,190000,155.3,155.3,155.3,155.3,205,0
IYK.US,60,20201016,200000,155.55,155.62,155.5,155.5,529,0
IYK.US,60,20201016,210000,155.56,155.56,155.55,155.55,572,0
IYK.US,60,20201016,220000,155.57,155.57,154.56,154.62,1135,0
IYK.US,60,20201019,160000,155.38,155.41,155.29,155.41,2114,0
IYK.US,60,20201019,170000,154.95,155.16,154.39,154.39,918,0
IYK.US,60,20201019,180000,154.42,154.51,154.31,154.39,1315,0
IYK.US,60,20201019,190000,154.31,154.37,154.1,154.37,932,0
IYK.US,60,20201019,200000,154.36,154.36,154.24,154.24,798,0
IYK.US,60,20201019,210000,153.62,153.8,152.84,152.84,2043,0
IYK.US,60,20201019,220000,152.53,152.8,152.53,152.57,1794,0
IYK.US,60,20201020,160000,154.02,154.02,153.01,153.01,1202,0
IYK.US,60,20201020,170000,153.29,153.37,153.29,153.33,413,0
IYK.US,60,20201020,180000,152.96,153.12,152.96,153.12,200,0
IYK.US,60,20201020,190000,153.27,153.36,153.08,153.3,502,0
IYK.US,60,20201020,200000,153.57,153.73,153.52,153.73,502,0
IYK.US,60,20201020,210000,153.25,153.45,152.99,152.99,993,0
IYK.US,60,20201020,220000,152,152.42,151.97,152.05,12493,0
IYK.US,60,20201021,160000,152.49,153,152.49,153,689,0
IYK.US,60,20201021,170000,152.91,153.27,152.87,152.87,1131,0
IYK.US,60,20201021,180000,152.96,152.96,152.49,152.56,856,0
IYK.US,60,20201021,190000,152.52,153.12,152.42,152.43,5556,0
IYK.US,60,20201021,200000,152.47,152.58,152.38,152.48,2272,0
IYK.US,60,20201021,210000,152.58,152.9,152.58,152.84,652,0
IYK.US,60,20201021,220000,152.95,152.96,152.24,152.24,2482,0
IYK.US,60,20201022,160000,153.29,153.29,152.48,152.49,5508,0
IYK.US,60,20201022,170000,152.49,152.49,151.66,152.1,22299,0
IYK.US,60,20201022,180000,152.39,152.51,152.11,152.11,1436,0
IYK.US,60,20201022,190000,152.14,152.22,152.14,152.14,502,0
IYK.US,60,20201022,200000,152.55,152.55,152.55,152.55,100,0
IYK.US,60,20201022,210000,152.8,152.81,152.76,152.76,502,0
IYK.US,60,20201022,220000,152.7,152.76,152.45,152.55,6978,0
IYK.US,60,20201023,160000,153.04,153.26,152.5,152.61,28621,0
IYK.US,60,20201023,170000,152.64,152.64,152.14,152.15,2209,0
IYK.US,60,20201023,180000,152.17,152.3,152.15,152.2,41855,0
IYK.US,60,20201023,190000,152.06,152.23,151.83,152.23,1382,0
IYK.US,60,20201023,200000,152.3,152.55,152.3,152.48,2019,0
IYK.US,60,20201023,210000,152.7,152.73,152.57,152.73,3057,0
IYK.US,60,20201023,220000,152.86,152.97,152.69,152.97,23554,0
IYK.US,60,20201026,150000,151.66,151.71,151.66,151.71,933,0
IYK.US,60,20201026,160000,151.75,151.75,150.69,150.69,393,0
IYK.US,60,20201026,170000,150.17,150.46,150.12,150.46,1807,0
IYK.US,60,20201026,180000,150.23,150.28,149.77,149.77,2456,0
IYK.US,60,20201026,190000,149.84,149.84,149.11,149.83,3997,0
IYK.US,60,20201026,200000,149.97,150.29,149.97,150.29,408,0
IYK.US,60,20201026,210000,150.34,150.8,150,150.8,1884,0
IYK.US,60,20201027,150000,151.42,151.42,151.21,151.21,650,0
IYK.US,60,20201027,160000,151.51,151.58,151.32,151.32,576,0
IYK.US,60,20201027,170000,151.15,151.41,150.91,151.41,2040,0
IYK.US,60,20201027,180000,151.42,151.42,150.97,151.07,1006,0
IYK.US,60,20201027,190000,151.22,151.26,150.98,151.26,2610,0
IYK.US,60,20201027,200000,151.29,151.29,150.89,150.89,1224,0
IYK.US,60,20201027,210000,150.68,150.96,150.48,150.49,2917,0
IYK.US,60,20201028,150000,147.88,148.24,147.73,148.24,7856,0
IYK.US,60,20201028,160000,147.94,148.15,146.86,146.86,3144,0
IYK.US,60,20201028,170000,146.77,147.3,146.77,147.3,5317,0
IYK.US,60,20201028,180000,146.93,146.93,146.46,146.55,2885,0
IYK.US,60,20201028,190000,146.1,146.73,146.1,146.66,2173,0
IYK.US,60,20201028,200000,146.74,146.74,146.46,146.46,673,0
IYK.US,60,20201028,210000,146.57,146.88,145.89,145.89,3917,0
IYK.US,60,20201029,150000,145.87,146.36,144.94,146.08,14925,0
IYK.US,60,20201029,160000,146.24,146.48,146.13,146.43,5844,0
IYK.US,60,20201029,170000,146.18,146.66,145.99,145.99,4048,0
IYK.US,60,20201029,180000,145.74,145.99,145.63,145.95,1223,0
IYK.US,60,20201029,190000,145.88,146.83,145.85,146.83,5186,0
IYK.US,60,20201029,200000,146.86,147.54,146.86,147.1,4237,0
IYK.US,60,20201029,210000,147.12,147.31,146.37,146.37,7700,0
IYK.US,60,20201030,150000,145.38,145.38,145.38,145.38,171,0
IYK.US,60,20201030,160000,144.58,144.58,142.88,143.01,1206,0
IYK.US,60,20201030,170000,143.1,143.62,143.1,143.6,427,0
IYK.US,60,20201030,180000,143.95,144.55,143.95,143.96,1405,0
IYK.US,60,20201030,190000,143.53,143.75,143.53,143.75,201,0
IYK.US,60,20201030,200000,143.63,143.71,142.7,143.08,972,0
IYK.US,60,20201030,210000,142.96,144.21,142.86,144.21,5307,0
IYK.US,60,20201102,160000,146.11,146.52,146.09,146.15,1052,0
IYK.US,60,20201102,170000,147.59,148,146.82,146.82,31686,0
IYK.US,60,20201102,180000,146.81,147.01,146.74,147.01,870,0
IYK.US,60,20201102,200000,145.58,145.81,145.32,145.32,22118,0
IYK.US,60,20201102,210000,145.32,146.37,145.32,146.37,5835,0
IYK.US,60,20201102,220000,146.46,146.75,145.99,146.42,6771,0
IYK.US,60,20201103,160000,148.63,149.22,148.58,149.1,3979,0
IYK.US,60,20201103,170000,149.4,150.19,149.4,150.11,1406,0
IYK.US,60,20201103,180000,150.35,150.44,150.35,150.44,641,0
IYK.US,60,20201103,190000,149.84,149.84,149.69,149.69,201,0
IYK.US,60,20201103,200000,149.49,149.49,149.49,149.49,258,0
IYK.US,60,20201103,210000,149.16,149.54,149.16,149.54,975,0
IYK.US,60,20201103,220000,149.28,150.22,149.25,149.77,1946,0
IYK.US,60,20201104,160000,150.78,151.65,150.78,151.65,1645,0
IYK.US,60,20201104,170000,152.16,152.16,151.69,151.75,702,0
IYK.US,60,20201104,180000,151.46,152.04,151.4,151.64,2881,0
IYK.US,60,20201104,190000,151.85,152.19,151.85,152.05,1969,0
IYK.US,60,20201104,200000,151.84,151.84,151.25,151.25,1178,0
IYK.US,60,20201104,210000,151.42,151.46,151.19,151.25,1623,0
IYK.US,60,20201104,220000,151.29,151.29,150.34,150.46,3715,0
IYK.US,60,20201105,160000,152.09,152.7,152.09,152.67,1671,0
IYK.US,60,20201105,170000,152.79,153.1,152.69,153.1,715,0
IYK.US,60,20201105,180000,152.82,152.82,152.49,152.59,2185,0
IYK.US,60,20201105,190000,152.51,152.54,151.83,152.45,1305,0
IYK.US,60,20201105,200000,152.72,152.91,152.72,152.85,735,0
IYK.US,60,20201105,210000,153.01,153.15,152.76,152.83,25909,0
IYK.US,60,20201105,220000,153.02,153.02,152.57,152.7,5910,0
IYK.US,60,20201106,160000,152.97,152.97,152.16,152.16,261,0
IYK.US,60,20201106,170000,152.48,152.91,152.48,152.9,17320,0
IYK.US,60,20201106,180000,152.13,152.56,152.13,152.28,4234,0
IYK.US,60,20201106,190000,151.67,151.67,151.67,151.67,100,0
IYK.US,60,20201106,200000,151.71,151.71,151.7,151.7,14266,0
IYK.US,60,20201106,210000,151.85,151.85,151.85,151.85,209,0
IYK.US,60,20201106,220000,151.64,152.37,151.64,151.85,2370,0
IYK.US,60,20201109,160000,156.74,156.74,156.74,156.74,1075,0
IYK.US,60,20201109,170000,155.81,155.81,153.99,154.27,1109,0
IYK.US,60,20201109,180000,154.21,154.47,154.08,154.08,923,0
IYK.US,60,20201109,190000,154.1,154.1,153.9,153.9,729,0
IYK.US,60,20201109,210000,153.92,153.92,153.07,153.14,484,0
IYK.US,60,20201109,220000,152.7,152.7,150.77,150.77,1496,0
IYK.US,60,20201110,160000,150.92,151.04,150.58,151.04,449,0
IYK.US,60,20201110,170000,151.14,151.14,150.76,151.06,925,0
IYK.US,60,20201110,180000,151.5,151.5,151.5,151.5,151,0
IYK.US,60,20201110,190000,152.43,152.67,152.43,152.67,438,0
IYK.US,60,20201110,200000,152.57,152.68,152.57,152.68,8429,0
IYK.US,60,20201110,210000,152.99,152.99,152.55,152.83,2043,0
IYK.US,60,20201110,220000,152.73,152.9,152.55,152.79,2022,0
IYK.US,60,20201111,160000,154.28,154.28,153.23,153.26,1188,0
IYK.US,60,20201111,180000,153.78,154.1,153.76,154.02,951,0
IYK.US,60,20201111,190000,154.17,154.25,154.17,154.17,450,0
IYK.US,60,20201111,200000,154.32,154.34,154.21,154.21,1936,0
IYK.US,60,20201111,210000,154.3,154.3,153.88,153.88,1072,0
IYK.US,60,20201111,220000,153.77,154.21,153.77,154.21,5230,0
IYK.US,60,20201112,160000,154.17,154.17,153.33,153.45,1557,0
IYK.US,60,20201112,170000,153.54,153.8,153.49,153.56,2976,0
IYK.US,60,20201112,180000,153.8,153.82,153.18,153.32,2208,0
IYK.US,60,20201112,190000,153.28,153.44,152.37,152.64,7729,0
IYK.US,60,20201112,200000,152.51,152.66,152.09,152.62,3086,0
IYK.US,60,20201112,210000,152.66,152.82,152.2,152.38,3514,0
IYK.US,60,20201112,220000,152.36,153.01,152.09,152.88,9180,0
IYK.US,60,20201113,160000,153.7,153.7,153.68,153.68,313,0
IYK.US,60,20201113,170000,153.55,153.6,153.11,153.29,1639,0
IYK.US,60,20201113,180000,153.5,153.74,153.5,153.67,5494,0
IYK.US,60,20201113,190000,153.66,153.84,153.66,153.84,472,0
IYK.US,60,20201113,200000,153.89,153.95,153.8,153.95,3513,0
IYK.US,60,20201113,210000,153.97,154.25,153.97,154.16,636,0
IYK.US,60,20201113,220000,154.35,154.84,154.35,154.8,5548,0
IYK.US,60,20201116,160000,155.4,155.63,154.67,154.67,4427,0
IYK.US,60,20201116,170000,154.91,155.54,154.91,155.53,8172,0
IYK.US,60,20201116,180000,155.6,155.61,155.28,155.29,4975,0
IYK.US,60,20201116,190000,155.55,155.55,155.39,155.53,1083,0
IYK.US,60,20201116,200000,155.33,155.36,155.05,155.12,1506,0
IYK.US,60,20201116,210000,155.28,155.72,155.28,155.72,916,0
IYK.US,60,20201116,220000,155.73,156.31,155.48,156.31,4374,0
IYK.US,60,20201117,160000,157.14,157.53,157.14,157.43,1644,0
IYK.US,60,20201117,170000,156.66,156.99,156.66,156.99,454,0
IYK.US,60,20201117,180000,157.23,157.47,157.1,157.1,775,0
IYK.US,60,20201117,190000,157.21,157.86,157.21,157.8,1661,0
IYK.US,60,20201117,200000,157.97,158.07,157.88,157.88,603,0
IYK.US,60,20201117,210000,158.14,158.22,158.07,158.22,1471,0
IYK.US,60,20201117,220000,158,158,157.37,157.63,2356,0
IYK.US,60,20201118,160000,158.34,158.34,158.11,158.12,1523,0
IYK.US,60,20201118,170000,158.93,158.93,158.9,158.92,813,0
IYK.US,60,20201118,180000,158.98,159.12,158.97,159.12,405,0
IYK.US,60,20201118,190000,159.19,159.26,159.19,159.25,704,0
IYK.US,60,20201118,200000,159.24,159.43,158.95,159.02,1601,0
IYK.US,60,20201118,210000,159.24,159.42,158.83,159.37,2250,0
IYK.US,60,20201118,220000,159.3,159.33,157.84,157.91,3516,0
IYK.US,60,20201119,160000,158.09,158.09,158.09,158.09,790,0
IYK.US,60,20201119,170000,158.69,158.77,158.17,158.56,634,0
IYK.US,60,20201119,180000,158.49,158.57,157.91,157.91,722,0
IYK.US,60,20201119,190000,158.04,158.04,157.77,157.77,529,0
IYK.US,60,20201119,200000,157.96,158,157.96,158,401,0
IYK.US,60,20201119,210000,158.26,158.77,158.26,158.77,416,0
IYK.US,60,20201119,220000,158.68,158.88,158.58,158.88,1473,0
IYK.US,60,20201120,160000,159,159.01,158.65,159.01,893,0
IYK.US,60,20201120,170000,158.81,158.91,158.32,158.32,421,0
IYK.US,60,20201120,180000,158.36,158.63,158.36,158.63,743,0
IYK.US,60,20201120,190000,158.66,158.66,158.61,158.61,1216,0
IYK.US,60,20201120,200000,158.45,158.56,158.45,158.56,573,0
IYK.US,60,20201120,210000,158.47,158.47,158.47,158.47,100,0
IYK.US,60,20201120,220000,158.31,158.74,158.08,158.16,2371,0
IYK.US,60,20201123,160000,159.46,159.73,159.45,159.73,1330,0
IYK.US,60,20201123,170000,159.85,159.85,159.85,159.85,201,0
IYK.US,60,20201123,180000,159.58,159.58,159.15,159.2,1565,0
IYK.US,60,20201123,190000,159.54,159.69,159.54,159.69,1104,0
IYK.US,60,20201123,200000,159.74,159.76,159.53,159.76,1291,0
IYK.US,60,20201123,210000,159.72,160.23,159.72,160.23,871,0
IYK.US,60,20201123,220000,160.27,160.27,159.98,160.05,1238,0
IYK.US,60,20201124,160000,161.98,162.19,161.87,161.89,1747,0
IYK.US,60,20201124,170000,161.84,162.09,161.81,162.09,1519,0
IYK.US,60,20201124,180000,162.04,162.44,162.04,162.44,1157,0
IYK.US,60,20201124,190000,162.38,162.52,162.34,162.52,1065,0
IYK.US,60,20201124,200000,162.5,162.59,162.36,162.38,1230,0
IYK.US,60,20201124,210000,162.54,162.7,162.54,162.7,791,0
IYK.US,60,20201124,220000,162.69,162.77,162.51,162.67,7032,0
IYK.US,60,20201125,160000,162.06,162.06,162.06,162.06,529,0
IYK.US,60,20201125,170000,162.02,162.46,161.88,162.21,1421,0
IYK.US,60,20201125,180000,162.77,162.82,162.77,162.79,402,0
IYK.US,60,20201125,190000,162.86,162.99,162.86,162.99,301,0
IYK.US,60,20201125,200000,163.03,163.1,163.03,163.07,1037,0
IYK.US,60,20201125,210000,162.78,162.87,162.78,162.87,562,0
IYK.US,60,20201125,220000,163.01,163.27,163.01,163.1,1962,0
IYK.US,60,20201127,160000,164.08,164.11,163.86,163.86,617,0
IYK.US,60,20201127,170000,163.78,163.94,163.78,163.87,342,0
IYK.US,60,20201127,180000,163.9,163.9,163.8,163.8,221,0
IYK.US,60,20201127,190000,163.7,163.76,163.25,163.76,1628,0
IYK.US,60,20201127,200000,163.78,163.78,163.78,163.78,213,0
IYK.US,60,20201127,220000,163.78,163.78,163.78,163.78,0,0
IYK.US,60,20201130,160000,164.28,164.28,163.16,163.16,974,0
IYK.US,60,20201130,170000,162.45,162.45,161.04,162.23,3160,0
IYK.US,60,20201130,180000,162.05,162.4,161.81,162.4,999,0
IYK.US,60,20201130,190000,162.44,162.44,162.44,162.44,100,0
IYK.US,60,20201130,200000,162.42,162.66,162.42,162.46,422,0
IYK.US,60,20201130,210000,162.28,162.46,162.28,162.35,451,0
IYK.US,60,20201130,220000,162.52,162.63,162.42,162.62,3012,0
IYK.US,60,20201201,160000,165.03,165.03,164.11,164.17,35382,0
IYK.US,60,20201201,170000,164.36,164.36,163.86,164.07,2003,0
IYK.US,60,20201201,180000,164.14,164.14,163.73,163.82,11205,0
IYK.US,60,20201201,190000,163.7,163.89,163.57,163.57,1510,0
IYK.US,60,20201201,200000,163.74,163.89,163.74,163.89,466,0
IYK.US,60,20201201,210000,164.12,164.27,163.87,164.25,3309,0
IYK.US,60,20201201,220000,163.75,164.41,163.75,164.38,5865,0
IYK.US,60,20201202,160000,163.05,163.22,163.04,163.04,399,0
IYK.US,60,20201202,170000,163.16,163.19,162.87,162.87,798,0
IYK.US,60,20201202,180000,162.94,163.02,162.89,162.92,12759,0
IYK.US,60,20201202,190000,162.73,162.74,162.16,162.16,2665,0
IYK.US,60,20201202,200000,162.33,162.42,162.28,162.37,3907,0
IYK.US,60,20201202,210000,162.06,162.26,162.04,162.26,23488,0
IYK.US,60,20201202,220000,162.49,162.76,162.3,162.76,14884,0
IYK.US,60,20201203,160000,164.18,164.42,163.96,163.96,3368,0
IYK.US,60,20201203,170000,164.02,164.36,163.92,164.31,2541,0
IYK.US,60,20201203,180000,164.14,164.44,164.14,164.44,401,0
IYK.US,60,20201203,190000,164.35,164.44,164.28,164.37,586,0
IYK.US,60,20201203,200000,164.47,164.55,164.43,164.43,1486,0
IYK.US,60,20201203,210000,164.64,164.64,164.64,164.64,452,0
IYK.US,60,20201203,220000,164.77,164.79,164.42,164.62,4845,0
IYK.US,60,20201204,160000,164.87,165.02,164.87,165.02,1786,0
IYK.US,60,20201204,170000,165.01,165.01,165.01,165.01,112,0
IYK.US,60,20201204,180000,165.09,165.13,165.01,165.01,1056,0
IYK.US,60,20201204,190000,165.3,165.44,165.29,165.4,893,0
IYK.US,60,20201204,200000,165.28,165.29,165.22,165.22,722,0
IYK.US,60,20201204,210000,165.23,165.54,165.23,165.54,941,0
IYK.US,60,20201204,220000,165.6,166.17,165.56,166.14,2041,0
IYK.US,60,20201207,160000,166.49,166.55,166.35,166.55,1822,0
IYK.US,60,20201207,170000,166.83,166.99,166.83,166.9,1037,0
IYK.US,60,20201207,180000,166.9,166.9,166.65,166.65,1102,0
IYK.US,60,20201207,190000,166.87,166.87,166.87,166.87,125,0
IYK.US,60,20201207,200000,166.82,167.1,166.82,167.06,559,0
IYK.US,60,20201207,210000,167.31,167.48,167.28,167.48,1280,0
IYK.US,60,20201207,220000,167.63,168.04,167.56,168.04,6667,0
IYK.US,60,20201208,160000,166.85,167.28,166.46,167.28,3689,0
IYK.US,60,20201208,170000,167.22,167.36,166.95,167.36,804,0
IYK.US,60,20201208,180000,167.38,167.85,167.36,167.82,3807,0
IYK.US,60,20201208,190000,167.85,167.98,167.82,167.94,924,0
IYK.US,60,20201208,210000,168.57,168.87,168.44,168.44,1974,0
IYK.US,60,20201208,220000,168.48,168.71,168.31,168.65,15596,0
IYK.US,60,20201209,160000,169.5,169.5,168.37,168.37,5976,0
IYK.US,60,20201209,170000,167.75,168.33,167.75,168.33,351,0
IYK.US,60,20201209,180000,167.99,167.99,167.99,167.99,221,0
IYK.US,60,20201209,190000,167.87,167.87,167.45,167.56,1499,0
IYK.US,60,20201209,200000,167.25,167.25,165.44,165.44,5787,0
IYK.US,60,20201209,210000,166.05,166.53,165.95,166.17,23286,0
IYK.US,60,20201209,220000,166.35,166.81,166.16,166.35,3186,0
IYK.US,60,20201210,160000,165.25,166.21,164.56,166.21,995,0
IYK.US,60,20201210,170000,166.31,166.31,165.88,165.88,916,0
IYK.US,60,20201210,180000,166.32,166.52,166.31,166.33,504,0
IYK.US,60,20201210,190000,166.06,166.06,166,166,301,0
IYK.US,60,20201210,200000,166.65,166.66,166.3,166.39,673,0
IYK.US,60,20201210,210000,166.19,166.38,166.19,166.21,603,0
IYK.US,60,20201210,220000,166.6,166.91,166.6,166.91,4076,0
IYK.US,60,20201211,160000,165.91,166.36,165.91,166.36,431,0
IYK.US,60,20201211,170000,166.26,166.26,165.95,165.95,642,0
IYK.US,60,20201211,180000,165.86,165.86,165.5,165.5,442,0
IYK.US,60,20201211,190000,165.71,165.71,165.01,165.38,1758,0
IYK.US,60,20201211,200000,165.62,166.11,165.62,166.11,1793,0
IYK.US,60,20201211,210000,166.1,166.35,166.01,166.24,1264,0
IYK.US,60,20201211,220000,166.1,166.35,165.97,165.97,9529,0
IYK.US,60,20201214,160000,167.69,167.71,167.337,167.337,1685,0
IYK.US,60,20201214,170000,167.72,168.37,167.694,168.37,3568,0
IYK.US,60,20201214,180000,167.889,167.9,167.6,167.7,1684,0
IYK.US,60,20201214,190000,167.68,167.88,167.68,167.74,3497,0
IYK.US,60,20201214,200000,167.855,167.92,167.51,167.72,2440,0
IYK.US,60,20201214,210000,167.82,167.84,167.4,167.7,2100,0
IYK.US,60,20201214,220000,167.61,167.72,167.07,167.07,7531,0
IYK.US,60,20201215,160000,168.54,168.54,167.63,168.14,1403,0
IYK.US,60,20201215,170000,168.03,168.03,168.03,168.03,100,0
IYK.US,60,20201215,180000,167.59,167.59,167.19,167.19,1330,0
IYK.US,60,20201215,190000,167.65,167.71,167.6,167.71,1106,0
IYK.US,60,20201215,200000,168.04,168.19,168.04,168.172,900,0
IYK.US,60,20201215,210000,168,168.18,167.95,167.95,500,0
IYK.US,60,20201215,220000,167.957,168.01,167.74,167.91,3356,0
IYK.US,60,20201216,160000,167.94,168.36,167.94,167.99,1021,0
IYK.US,60,20201216,170000,167.456,167.93,167.41,167.471,1099,0
IYK.US,60,20201216,180000,167.5,167.66,167.32,167.32,1800,0
IYK.US,60,20201216,190000,167.47,167.54,167.42,167.44,1089,0
IYK.US,60,20201216,200000,167.55,167.55,167.5,167.5,300,0
IYK.US,60,20201216,210000,167.29,168.1,167.2,168.1,1253,0
IYK.US,60,20201216,220000,168.11,168.18,167.88,167.88,2651,0
IYK.US,60,20201217,160000,169.17,169.23,168.84,169.23,676,0
IYK.US,60,20201217,170000,169.47,169.78,169.47,169.57,1717,0
IYK.US,60,20201217,180000,169.48,169.79,169.48,169.697,2341,0
IYK.US,60,20201217,190000,169.828,170.01,169.76,169.96,2482,0
IYK.US,60,20201217,200000,170.04,170.04,169.85,169.942,438,0
IYK.US,60,20201217,210000,170.13,170.24,170.13,170.24,349,0
IYK.US,60,20201217,220000,170.23,170.79,170.21,170.59,3239,0
IYK.US,60,20201218,160000,171.35,172.06,171.02,171.02,4805,0
IYK.US,60,20201218,170000,170.82,171.17,170.82,170.84,1200,0
IYK.US,60,20201218,180000,170.66,170.87,170.23,170.87,1381,0
IYK.US,60,20201218,190000,170.919,171.16,170.919,171.159,491,0
IYK.US,60,20201218,200000,171.23,171.31,170.92,171.12,2369,0
IYK.US,60,20201218,210000,171.01,171.08,170.81,170.84,2200,0
IYK.US,60,20201218,220000,170.79,171.52,169.32,171.26,20640,0
IYK.US,60,20201221,160000,170.48,170.48,169.3,169.57,1068,0
IYK.US,60,20201221,170000,169.359,169.359,168.59,168.93,4829,0
IYK.US,60,20201221,180000,168.98,169.11,168.98,169.11,200,0
IYK.US,60,20201221,190000,169.74,169.939,169.74,169.87,400,0
IYK.US,60,20201221,200000,170.07,170.36,170.07,170.23,2729,0
IYK.US,60,20201221,210000,170.16,170.54,170.14,170.54,1015,0
IYK.US,60,20201221,220000,170.37,170.37,169.325,169.93,13255,0
IYK.US,60,20201222,160000,170.31,170.31,168.79,168.79,3396,0
IYK.US,60,20201222,170000,168.601,168.96,168.585,168.96,915,0
IYK.US,60,20201222,180000,168.33,168.68,168.33,168.68,1623,0
IYK.US,60,20201222,190000,168.599,168.599,168.599,168.599,200,0
IYK.US,60,20201222,200000,168.75,168.88,168.75,168.88,200,0
IYK.US,60,20201222,210000,169.04,169.12,169.04,169.12,644,0
IYK.US,60,20201222,220000,169.07,169.07,168.7,168.88,1767,0
IYK.US,60,20201223,160000,169.44,169.44,168.875,169.09,910,0
IYK.US,60,20201223,170000,169.44,169.73,169.435,169.605,590,0
IYK.US,60,20201223,180000,169.63,169.63,169.5,169.5,403,0
IYK.US,60,20201223,190000,169.9,170,169.9,170,420,0
IYK.US,60,20201223,200000,169.949,169.949,169.949,169.949,180,0
IYK.US,60,20201223,210000,169.94,170.114,169.94,170.114,611,0
IYK.US,60,20201223,220000,170.18,170.29,169.8,169.85,1220,0
IYK.US,60,20201224,160000,170.39,170.39,169.75,169.86,1433,0
IYK.US,60,20201224,170000,169.96,170.74,169.96,170.71,800,0
IYK.US,60,20201224,180000,170.75,170.9,170.69,170.78,957,0
IYK.US,60,20201224,190000,170.52,171.037,170.52,171.01,2700,0
IYK.US,60,20201224,200000,171.01,171.01,171.01,171.01,0,0
IYK.US,60,20201224,220000,171.01,171.01,171.01,171.01,0,0
IYK.US,60,20201228,160000,172.51,172.51,172,172,894,0
IYK.US,60,20201228,170000,172.03,172.04,172.02,172.04,300,0
IYK.US,60,20201228,180000,171.729,171.729,171.729,171.729,361,0
IYK.US,60,20201228,190000,171.425,171.429,171.201,171.38,1742,0
IYK.US,60,20201228,200000,171.55,171.55,171.55,171.55,300,0
IYK.US,60,20201228,210000,171.53,171.53,171.391,171.391,841,0
IYK.US,60,20201228,220000,171.47,171.473,171.27,171.39,7314,0
IYK.US,60,20201229,160000,171.93,171.93,171.62,171.635,365,0
IYK.US,60,20201229,170000,171.33,171.33,171.105,171.105,509,0
IYK.US,60,20201229,180000,171.4,171.46,171.265,171.265,552,0
IYK.US,60,20201229,190000,171.21,171.21,171.2,171.2,278,0
IYK.US,60,20201229,200000,170.64,170.8,170.64,170.72,400,0
IYK.US,60,20201229,210000,170.765,170.765,170.63,170.63,596,0
IYK.US,60,20201229,220000,170.643,171.03,170.643,170.89,1129,0
IYK.US,60,20201230,160000,171.54,171.58,171.54,171.58,508,0
IYK.US,60,20201230,170000,171.663,171.663,171.663,171.663,675,0
IYK.US,60,20201230,180000,171.968,171.968,171.968,171.968,300,0
IYK.US,60,20201230,190000,172.12,172.16,172.025,172.025,974,0
IYK.US,60,20201230,200000,172.25,172.25,172.25,172.25,210,0
IYK.US,60,20201230,210000,172.26,172.404,172.26,172.404,695,0
IYK.US,60,20201230,220000,172.138,172.56,172.138,172.44,855,0
IYK.US,60,20201231,160000,172.59,172.59,172.137,172.19,11257,0
IYK.US,60,20201231,170000,172.49,172.573,172.49,172.573,300,0
IYK.US,60,20201231,180000,172.75,172.86,172.75,172.803,508,0
IYK.US,60,20201231,190000,172.715,172.739,172.715,172.72,569,0
IYK.US,60,20201231,210000,172.97,173.075,172.97,173.075,200,0
IYK.US,60,20201231,220000,172.87,173.6,172.87,173.41,3220,0
IYK.US,60,20210104,160000,174.24,174.53,173.8,173.98,3325,0
IYK.US,60,20210104,170000,173.48,173.48,172.24,172.329,1127,0
IYK.US,60,20210104,180000,171.81,172.06,171.256,171.256,4571,0
IYK.US,60,20210104,190000,171.23,171.33,170.25,170.34,10574,0
IYK.US,60,20210104,200000,170.618,171.825,170.618,171.741,8746,0
IYK.US,60,20210104,210000,171.551,171.635,170.741,171.45,34529,0
IYK.US,60,20210104,220000,171.45,172.25,171.18,172,28800,0
IYK.US,60,20210105,160000,171.4,172.19,171.4,172.19,317,0
IYK.US,60,20210105,170000,171.85,172.26,171.671,172.26,3828,0
IYK.US,60,20210105,180000,172.04,172.69,171.919,172.69,3347,0
IYK.US,60,20210105,190000,172.76,172.76,172.641,172.748,4994,0
IYK.US,60,20210105,200000,172.71,172.785,172.61,172.785,7343,0
IYK.US,60,20210105,210000,173.029,173.37,173.029,173.2,4329,0
IYK.US,60,20210105,220000,172.98,173.2,172.92,173.05,13854,0
IYK.US,60,20210106,160000,173.8,173.8,173.8,173.8,220,0
IYK.US,60,20210106,170000,174.62,175.12,174.62,175.02,821,0
IYK.US,60,20210106,180000,175.2,175.44,175.16,175.39,5922,0
IYK.US,60,20210106,190000,175.415,175.415,175.29,175.34,26304,0
IYK.US,60,20210106,200000,175.57,175.57,175.473,175.473,815,0
IYK.US,60,20210106,210000,175.59,175.69,173.91,173.91,1751,0
IYK.US,60,20210106,220000,174.45,174.793,174.1,174.28,21008,0
IYK.US,60,20210107,160000,176.18,176.18,175.81,176.07,705,0
IYK.US,60,20210107,170000,176.18,176.87,176.178,176.79,1947,0
IYK.US,60,20210107,180000,176.844,177.258,176.844,177.01,1008,0
IYK.US,60,20210107,190000,176.746,176.746,176.52,176.606,1726,0
IYK.US,60,20210107,200000,176.4,176.888,176.4,176.888,736,0
IYK.US,60,20210107,210000,177,177.27,177,177.27,6540,0
IYK.US,60,20210107,220000,177.355,177.79,177.31,177.73,1649,0
IYK.US,60,20210108,160000,179.95,179.95,178.88,179.007,1139,0
IYK.US,60,20210108,170000,179.59,180.42,179.577,180.395,1934,0
IYK.US,60,20210108,180000,180.22,180.4,179.91,179.91,900,0
IYK.US,60,20210108,190000,180.2,180.227,179.96,179.96,1266,0
IYK.US,60,20210108,200000,179.296,179.37,178.32,179.37,1136,0
IYK.US,60,20210108,210000,179.56,179.56,178.957,178.957,2036,0
IYK.US,60,20210108,220000,179.95,181.06,179.789,181.06,6449,0
IYK.US,60,20210111,160000,178.99,179.04,177.627,177.627,2534,0
IYK.US,60,20210111,170000,178.67,179.16,178.67,178.88,514,0
IYK.US,60,20210111,180000,178.411,178.98,178.411,178.73,1695,0
IYK.US,60,20210111,190000,178.75,178.75,178.59,178.62,525,0
IYK.US,60,20210111,200000,178.45,178.45,177.73,177.824,1167,0
IYK.US,60,20210111,210000,177.781,177.87,177.33,177.87,2568,0
IYK.US,60,20210111,220000,177.57,177.57,176.82,177.05,4752,0
IYK.US,60,20210112,160000,177.96,178.1,177.96,178.1,907,0
IYK.US,60,20210112,170000,178.65,179.71,178.65,179.56,523,0
IYK.US,60,20210112,180000,179.07,179.27,179.07,179.27,689,0
IYK.US,60,20210112,190000,178.42,178.42,178.42,178.42,125,0
IYK.US,60,20210112,200000,178.629,178.629,178.559,178.559,385,0
IYK.US,60,20210112,210000,179.04,179.04,178.61,178.61,1162,0
IYK.US,60,20210112,220000,178.79,179.04,178.73,178.8,6690,0
IYK.US,60,20210113,160000,178.69,178.69,178.69,178.69,491,0
IYK.US,60,20210113,170000,178.508,178.767,178.508,178.72,1075,0
IYK.US,60,20210113,180000,178.73,178.73,178.39,178.39,486,0
IYK.US,60,20210113,190000,178.35,178.36,178.28,178.355,1007,0
IYK.US,60,20210113,200000,178.46,178.58,178.46,178.58,200,0
IYK.US,60,20210113,210000,178.8,179.2,178.67,179.034,1266,0
IYK.US,60,20210113,220000,179.06,179.11,178.82,178.85,13154,0
IYK.US,60,20210114,160000,178.29,178.815,178.29,178.68,2542,0
IYK.US,60,20210114,170000,178.98,179.27,178.98,179.24,1181,0
IYK.US,60,20210114,180000,179.18,179.18,178.995,178.995,200,0
IYK.US,60,20210114,190000,179.04,179.17,178.94,179.03,1707,0
IYK.US,60,20210114,200000,179.009,179.009,178.59,178.63,1900,0
IYK.US,60,20210114,210000,178.649,178.68,178.439,178.439,1409,0
IYK.US,60,20210114,220000,178.33,178.45,177.95,178.15,7568,0
IYK.US,60,20210115,160000,178,178,177.657,177.919,916,0
IYK.US,60,20210115,170000,177.126,177.126,176.67,176.67,1171,0
IYK.US,60,20210115,180000,177.285,177.285,177.195,177.195,320,0
IYK.US,60,20210115,190000,177.18,177.34,177.09,177.09,5564,0
IYK.US,60,20210115,200000,177.01,177.45,177.01,177.348,555,0
IYK.US,60,20210115,210000,177.06,177.099,176.86,176.94,1127,0
IYK.US,60,20210115,220000,176.7,177,176.34,176.43,1408,0
IYK.US,60,20210119,160000,177.66,177.66,177.48,177.48,1383,0
IYK.US,60,20210119,170000,177.71,177.71,177.288,177.37,3081,0
IYK.US,60,20210119,180000,177.325,177.325,177.08,177.196,900,0
IYK.US,60,20210119,190000,177.3,177.38,177.28,177.28,960,0
IYK.US,60,20210119,200000,177.39,177.4,177.245,177.4,515,0
IYK.US,60,20210119,210000,177.44,177.44,177.16,177.16,1200,0
IYK.US,60,20210119,220000,177.24,177.61,177.24,177.54,2793,0
IYK.US,60,20210120,160000,178.87,178.87,177.76,177.82,1372,0
IYK.US,60,20210120,170000,177.976,178.08,177.845,177.845,992,0
IYK.US,60,20210120,180000,178.23,178.23,178.23,178.23,100,0
IYK.US,60,20210120,190000,178.33,178.566,178.287,178.566,776,0
IYK.US,60,20210120,200000,178.6,178.79,178.59,178.79,550,0
IYK.US,60,20210120,210000,178.88,179.035,178.826,179.035,1702,0
IYK.US,60,20210120,220000,178.97,179.16,178.94,178.94,1602,0
IYK.US,60,20210121,160000,179.25,179.25,178.75,178.75,1029,0
IYK.US,60,20210121,170000,178.992,179.09,178.96,178.96,1736,0
IYK.US,60,20210121,180000,179.096,179.101,178.998,178.998,1550,0
IYK.US,60,20210121,190000,178.68,178.79,178.66,178.72,1882,0
IYK.US,60,20210121,200000,178.754,178.85,178.74,178.8,2356,0
IYK.US,60,20210121,210000,178.75,178.75,178.583,178.583,703,0
IYK.US,60,20210121,220000,178.61,178.79,178.57,178.62,1667,0
IYK.US,60,20210122,160000,177.79,178.08,177.482,177.482,839,0
IYK.US,60,20210122,170000,177.712,177.712,177.01,177.02,778,0
IYK.US,60,20210122,180000,177.424,177.46,177.36,177.46,44003,0
IYK.US,60,20210122,190000,177.96,178.07,177.94,178.07,8074,0
IYK.US,60,20210122,200000,177.91,178.18,177.91,178.14,650,0
IYK.US,60,20210122,210000,177.861,177.861,177.857,177.857,748,0
IYK.US,60,20210122,220000,177.98,178.27,177.98,178.08,4446,0
IYK.US,60,20210125,160000,178.59,179.63,178.59,179.63,1647,0
IYK.US,60,20210125,170000,180.65,180.94,180.65,180.71,1064,0
IYK.US,60,20210125,180000,178.88,179.47,178.51,179.43,456,0
IYK.US,60,20210125,190000,179.51,179.51,179.21,179.38,400,0
IYK.US,60,20210125,200000,179.67,179.68,179.61,179.68,445,0
IYK.US,60,20210125,210000,179.48,179.95,179.44,179.738,10477,0
IYK.US,60,20210125,220000,179.89,180.33,179.37,180.33,1683,0
IYK.US,60,20210126,160000,180.85,180.85,180.85,180.85,357,0
IYK.US,60,20210126,170000,179.6,180.33,179.6,180.272,666,0
IYK.US,60,20210126,180000,180.366,180.366,180.24,180.24,648,0
IYK.US,60,20210126,200000,180.17,180.276,180.17,180.276,480,0
IYK.US,60,20210126,220000,180.75,180.8,180.33,180.33,4204,0
IYK.US,60,20210127,160000,178.51,178.51,178.33,178.35,420,0
IYK.US,60,20210127,170000,179.02,179.149,179.02,179.149,444,0
IYK.US,60,20210127,180000,179.37,179.37,178.23,178.23,1046,0
IYK.US,60,20210127,190000,178.461,178.555,178.435,178.555,2397,0
IYK.US,60,20210127,200000,178.6,178.6,178.175,178.22,7089,0
IYK.US,60,20210127,210000,178.14,178.15,176.3,176.3,1435,0
IYK.US,60,20210127,220000,177.07,177.07,176.247,176.53,10373,0
IYK.US,60,20210128,160000,175.01,175.45,173.77,175.45,1926,0
IYK.US,60,20210128,170000,175.85,177.24,175.85,177.13,1139,0
IYK.US,60,20210128,180000,177.604,177.604,176.93,177.15,1448,0
IYK.US,60,20210128,190000,177.24,177.34,176.99,177.1,7186,0
IYK.US,60,20210128,200000,177.05,177.54,176.93,177.54,2019,0
IYK.US,60,20210128,210000,177.44,177.6,177.04,177.43,1851,0
IYK.US,60,20210128,220000,177.52,177.54,176.33,176.33,4743,0
IYK.US,60,20210129,160000,175.88,175.88,174.89,175.51,382,0
IYK.US,60,20210129,170000,175.639,175.639,175.53,175.53,248,0
IYK.US,60,20210129,180000,175,175,173.845,173.972,502,0
IYK.US,60,20210129,190000,173.02,173.02,171.691,172.19,73381,0
IYK.US,60,20210129,200000,172.59,172.955,171.91,172.16,3954,0
IYK.US,60,20210129,210000,172.8,172.873,172.025,172.15,2426,0
IYK.US,60,20210129,220000,173.2,173.54,172.25,172.25,2131,0
IYK.US,60,20210201,160000,173.99,174.18,173.99,174.18,892,0
IYK.US,60,20210201,170000,172.771,173.15,172.705,172.907,7061,0
IYK.US,60,20210201,180000,173.281,174.649,173.281,174.649,1214,0
IYK.US,60,20210201,190000,174.776,174.776,174.535,174.628,2670,0
IYK.US,60,20210201,200000,174.619,174.83,174.619,174.83,718,0
IYK.US,60,20210201,210000,174.87,175.23,174.869,175.144,8993,0
IYK.US,60,20210201,220000,174.977,175.45,174.977,175.45,1444,0
IYK.US,60,20210202,160000,176.67,177.04,176.67,177.04,1711,0
IYK.US,60,20210202,170000,177.44,178.275,177.44,178.17,3709,0
IYK.US,60,20210202,180000,178.379,178.759,178.36,178.759,1535,0
IYK.US,60,20210202,190000,178.736,178.78,178.736,178.78,687,0
IYK.US,60,20210202,200000,178.806,178.86,178.66,178.86,744,0
IYK.US,60,20210202,210000,178.98,179.04,178.98,179.04,241,0
IYK.US,60,20210202,220000,178.86,178.86,178.22,178.22,8688,0
IYK.US,60,20210203,160000,178.57,178.57,177.78,177.78,807,0
IYK.US,60,20210203,170000,177.93,177.93,176.47,177,2744,0
IYK.US,60,20210203,180000,177.09,177.35,177.06,177.3,611,0
IYK.US,60,20210203,190000,177.86,177.86,177.5,177.52,46486,0
IYK.US,60,20210203,200000,177.57,177.72,177.57,177.7,14172,0
IYK.US,60,20210203,210000,177.66,177.97,177.605,177.88,3641,0
IYK.US,60,20210203,220000,177.74,177.74,177.41,177.54,34863,0
IYK.US,60,20210204,160000,177.97,177.97,177.354,177.354,1722,0
IYK.US,60,20210204,170000,177.46,177.74,177.221,177.74,532,0
IYK.US,60,20210204,180000,177.81,177.85,177.81,177.85,200,0
IYK.US,60,20210204,190000,178.06,178.09,178.036,178.036,600,0
IYK.US,60,20210204,200000,177.96,178.39,177.939,178.299,7635,0
IYK.US,60,20210204,210000,178.37,178.37,178.2,178.228,1673,0
IYK.US,60,20210204,220000,178.32,178.38,178.16,178.38,4867,0
IYK.US,60,20210205,160000,179.98,180.01,179.77,180.01,2563,0
IYK.US,60,20210205,170000,179.62,180.02,179.44,179.96,2775,0
IYK.US,60,20210205,180000,179.96,181.04,179.885,180.9,10292,0
IYK.US,60,20210205,190000,180.8,181.08,180.8,181.08,2313,0
IYK.US,60,20210205,200000,181.05,181.095,180.75,180.75,3500,0
IYK.US,60,20210205,210000,180.65,180.94,180.562,180.7,47854,0
IYK.US,60,20210205,220000,180.497,180.625,180.275,180.48,3221,0
IYK.US,60,20210208,160000,182.11,182.11,181.59,181.8,3129,0
IYK.US,60,20210208,170000,181.774,182.13,181.69,181.69,4309,0
IYK.US,60,20210208,180000,181.58,181.615,181.04,181.26,4821,0
IYK.US,60,20210208,190000,181.29,181.52,181.16,181.21,2800,0
IYK.US,60,20210208,200000,181.17,181.29,180.95,180.95,2700,0
IYK.US,60,20210208,210000,181.03,181.23,180.9,181.19,5823,0
IYK.US,60,20210208,220000,181.31,181.865,181.31,181.865,5608,0
IYK.US,60,20210209,160000,181.98,182.03,181.14,181.28,4040,0
IYK.US,60,20210209,170000,181.12,181.13,180.84,181.04,4900,0
IYK.US,60,20210209,180000,180.97,181.22,180.76,181.22,2600,0
IYK.US,60,20210209,190000,181.23,181.54,181.23,181.35,3530,0
IYK.US,60,20210209,200000,181.33,181.33,180.83,180.96,2654,0
IYK.US,60,20210209,210000,181.04,181.33,180.96,181.33,2629,0
IYK.US,60,20210209,220000,181.27,181.28,180.98,181,9870,0
IYK.US,60,20210210,160000,181.52,182.09,180.52,180.65,3068,0
IYK.US,60,20210210,170000,180.63,180.63,179.05,179.33,2700,0
IYK.US,60,20210210,180000,179.38,179.61,179.16,179.16,6796,0
IYK.US,60,20210210,190000,178.919,179.34,178.919,179.32,2336,0
IYK.US,60,20210210,200000,179.22,179.316,179,179.11,2250,0
IYK.US,60,20210210,210000,179.06,179.85,179.06,179.54,5378,0
IYK.US,60,20210210,220000,179.62,179.698,178.95,179.04,10505,0
IYK.US,60,20210211,160000,179.93,180.345,179.792,179.91,2203,0
IYK.US,60,20210211,170000,179.79,179.79,179.46,179.46,750,0
IYK.US,60,20210211,180000,179.552,179.674,179.541,179.541,1056,0
IYK.US,60,20210211,190000,179.24,179.24,178.31,178.31,1007,0
IYK.US,60,20210211,200000,178.94,179.23,178.94,179.097,955,0
IYK.US,60,20210211,210000,178.884,178.9,178.825,178.9,645,0
IYK.US,60,20210211,220000,179.04,179.12,179.04,179.12,1004,0
IYK.US,60,20210212,160000,178.76,178.78,178.73,178.74,980,0
IYK.US,60,20210212,170000,178.08,178.09,177.71,177.71,1713,0
IYK.US,60,20210212,180000,178.49,178.525,178.49,178.525,229,0
IYK.US,60,20210212,190000,178.58,178.58,178.58,178.58,585,0
IYK.US,60,20210212,200000,178.33,178.33,178.133,178.19,400,0
IYK.US,60,20210212,210000,178.2,178.321,178.18,178.32,2192,0
IYK.US,60,20210212,220000,178.449,179.46,178.449,179.46,2329,0
IYK.US,60,20210216,160000,180.02,180.1,179.358,179.358,1798,0
IYK.US,60,20210216,170000,179.09,179.09,178.33,178.33,402,0
IYK.US,60,20210216,180000,178.45,178.45,177.775,177.775,5644,0
IYK.US,60,20210216,190000,177.731,178.18,177.731,178.13,8320,0
IYK.US,60,20210216,200000,178.41,178.59,178.349,178.349,887,0
IYK.US,60,20210216,210000,178.211,178.211,177.828,177.91,475,0
IYK.US,60,20210216,220000,178.03,178.03,177.695,177.9,11965,0
IYK.US,60,20210217,160000,176.67,177.22,175.94,177.22,1369,0
IYK.US,60,20210217,170000,177.27,177.27,176.74,177.13,1094,0
IYK.US,60,20210217,180000,176.54,176.55,176.34,176.55,1300,0
IYK.US,60,20210217,190000,176.6,176.95,176.6,176.95,1050,0
IYK.US,60,20210217,200000,176.935,177.28,176.92,177.28,1813,0
IYK.US,60,20210217,210000,177.27,177.72,177.24,177.72,3637,0
IYK.US,60,20210217,220000,177.8,178.08,177.68,177.93,8908,0
IYK.US,60,20210218,160000,176.84,177.381,176.58,177.381,1253,0
IYK.US,60,20210218,170000,177.08,177.38,176.79,177.38,1213,0
IYK.US,60,20210218,180000,177.12,177.58,177.12,177.32,1855,0
IYK.US,60,20210218,190000,177.29,177.5,177.125,177.5,1368,0
IYK.US,60,20210218,200000,177.43,177.74,177.234,177.74,3120,0
IYK.US,60,20210218,210000,178.01,178.08,177.95,178.08,1430,0
IYK.US,60,20210218,220000,178.21,178.34,177.82,177.86,5237,0
IYK.US,60,20210219,160000,178.099,178.11,178.099,178.11,457,0
IYK.US,60,20210219,180000,177.81,177.82,177.8,177.82,300,0
IYK.US,60,20210219,190000,177.56,177.56,177.3,177.3,442,0
IYK.US,60,20210219,200000,177.08,177.08,177.08,177.08,300,0
IYK.US,60,20210219,210000,176.99,177.09,176.56,176.61,2198,0
IYK.US,60,20210219,220000,176.53,176.61,176.24,176.5,1918,0
IYK.US,60,20210222,160000,175.3,175.3,174.73,175.13,1062,0
IYK.US,60,20210222,170000,175.213,175.213,174.14,174.41,5798,0
IYK.US,60,20210222,180000,174.4,174.44,174.249,174.37,2255,0
IYK.US,60,20210222,190000,174.205,174.533,174.16,174.5,3048,0
IYK.US,60,20210222,200000,174.48,174.72,174.48,174.64,2520,0
IYK.US,60,20210222,210000,174.55,174.59,174.08,174.1,1866,0
IYK.US,60,20210222,220000,173.96,173.96,172.91,173.22,4801,0
IYK.US,60,20210223,160000,170,170,168.89,169.28,1081,0
IYK.US,60,20210223,170000,169.66,171.55,169.66,171.55,2810,0
IYK.US,60,20210223,180000,171.83,171.83,170.74,170.846,5096,0
IYK.US,60,20210223,190000,170.535,171.03,170.203,170.7,3543,0
IYK.US,60,20210223,200000,170.71,171.329,170.71,171.329,671,0
IYK.US,60,20210223,210000,171.27,171.862,171.23,171.862,1580,0
IYK.US,60,20210223,220000,171.86,173.23,171.86,172.22,11873,0
IYK.US,60,20210224,160000,172.23,172.23,172,172.09,910,0
IYK.US,60,20210224,170000,172.449,172.734,172.06,172.649,2347,0
IYK.US,60,20210224,180000,173.36,173.71,173.34,173.51,52941,0
IYK.US,60,20210224,190000,173.69,174.176,173.69,174.092,1905,0
IYK.US,60,20210224,200000,174.45,174.547,174.115,174.12,6601,0
IYK.US,60,20210224,210000,174.14,174.14,173.81,174.081,5912,0
IYK.US,60,20210224,220000,174,174.97,174,174.64,2233,0
IYK.US,60,20210225,160000,173.56,174.664,173.56,174.34,1999,0
IYK.US,60,20210225,170000,174.02,174.02,172.97,173.26,1077,0
IYK.US,60,20210225,180000,173.12,173.33,171.88,171.88,1910,0
IYK.US,60,20210225,190000,172.199,172.199,170.26,170.26,2850,0
IYK.US,60,20210225,200000,170.47,171.57,169.84,170.905,2541,0
IYK.US,60,20210225,210000,171.03,171.768,171,171,7091,0
IYK.US,60,20210225,220000,170.74,170.74,169.02,170.01,5483,0
IYK.US,60,20210226,160000,170.85,170.85,168.93,168.93,1199,0
IYK.US,60,20210226,170000,168.82,169.12,167.666,169.07,4815,0
IYK.US,60,20210226,180000,169.19,169.81,169.02,169.495,14903,0
IYK.US,60,20210226,190000,170.35,170.43,170.06,170.08,700,0
IYK.US,60,20210226,200000,169.19,169.82,168.773,168.773,1963,0
IYK.US,60,20210226,210000,168.84,169.176,168.36,169.151,15812,0
IYK.US,60,20210226,220000,169.31,169.9,168.11,168.11,16673,0
IYK.US,60,20210301,160000,169.99,171.3,169.99,171.07,33450,0
IYK.US,60,20210301,170000,171.398,172.206,171.38,172.12,63181,0
IYK.US,60,20210301,180000,172.47,172.74,172.375,172.65,5685,0
IYK.US,60,20210301,190000,172.74,172.83,172.38,172.39,39972,0
IYK.US,60,20210301,200000,172.23,172.546,172.16,172.487,25423,0
IYK.US,60,20210301,210000,172.65,172.84,172.65,172.755,36194,0
IYK.US,60,20210301,220000,172.817,172.817,172.01,172.26,88707,0
IYK.US,60,20210302,160000,172.26,172.26,171.53,172.18,1694,0
IYK.US,60,20210302,170000,172.1,172.355,171.52,171.96,2528,0
IYK.US,60,20210302,180000,171.71,171.98,171.37,171.6,6868,0
IYK.US,60,20210302,190000,171.64,172.46,171.64,172.46,3561,0
IYK.US,60,20210302,200000,172.2,172.508,172.14,172.33,19555,0
IYK.US,60,20210302,210000,172.33,172.477,171.77,172.27,3647,0
IYK.US,60,20210302,220000,172.28,172.34,171.11,171.11,12020,0
IYK.US,60,20210303,160000,170.93,170.96,170.372,170.54,578,0
IYK.US,60,20210303,170000,170.228,170.75,170.087,170.75,1425,0
IYK.US,60,20210303,180000,170.98,171.3,170.97,170.97,881,0
IYK.US,60,20210303,190000,170.75,170.75,170.3,170.3,1285,0
IYK.US,60,20210303,200000,170.23,170.74,170.059,170.06,7489,0
IYK.US,60,20210303,210000,169.825,169.984,169.56,169.83,2159,0
IYK.US,60,20210303,220000,169.841,169.87,168.24,168.28,7839,0
IYK.US,60,20210304,160000,168.32,169.38,168.15,168.318,1719,0
IYK.US,60,20210304,170000,167.81,169.08,167,169.08,2640,0
IYK.US,60,20210304,180000,169.34,169.34,168.32,168.69,5277,0
IYK.US,60,20210304,190000,168.197,168.57,165,165.29,2613,0
IYK.US,60,20210304,200000,165.5,165.5,163.71,163.784,6528,0
IYK.US,60,20210304,210000,164.41,165.615,164.26,165.615,1207,0
IYK.US,60,20210304,220000,165.43,165.5,164.68,165.4,7539,0
IYK.US,60,20210305,160000,167.06,167.13,164,164.08,3432,0
IYK.US,60,20210305,170000,164.81,165.22,164.03,164.167,1520,0
IYK.US,60,20210305,180000,163.8,163.825,163.04,163.36,1987,0
IYK.US,60,20210305,190000,164.447,165.69,164.447,165.69,200,0
IYK.US,60,20210305,200000,166.4,167.15,166.152,167.15,1516,0
IYK.US,60,20210305,210000,166.435,167.46,166.145,167.389,2547,0
IYK.US,60,20210305,220000,167.31,168.184,167.31,167.95,4253,0
IYK.US,60,20210308,160000,168.29,168.995,167.9,168.995,545,0
IYK.US,60,20210308,170000,168.415,169.84,168.415,169.3,1364,0
IYK.US,60,20210308,180000,169.54,169.74,168.62,168.945,4350,0
IYK.US,60,20210308,190000,168.66,169.79,168.66,169.78,2818,0
IYK.US,60,20210308,200000,169.52,169.74,168.52,168.52,4658,0
IYK.US,60,20210308,210000,168.235,169.311,168.235,168.63,2855,0
IYK.US,60,20210308,220000,168.18,168.32,167.27,167.43,6350,0
IYK.US,60,20210309,160000,170.33,170.64,170.3,170.3,760,0
IYK.US,60,20210309,170000,170.81,171.549,170.53,171.09,1403,0
IYK.US,60,20210309,180000,171.54,172.003,171.423,171.67,4275,0
IYK.US,60,20210309,190000,172.19,172.29,172.19,172.29,694,0
IYK.US,60,20210309,200000,172.432,173.34,172.432,173.251,1820,0
IYK.US,60,20210309,210000,173.12,173.12,172.69,172.69,1250,0
IYK.US,60,20210309,220000,172.55,172.96,172.175,172.31,6994,0
IYK.US,60,20210310,160000,173.79,174.51,173.79,174.51,1764,0
IYK.US,60,20210310,170000,174.42,174.42,173.38,173.88,1200,0
IYK.US,60,20210310,180000,173.91,173.99,173.84,173.84,300,0
IYK.US,60,20210310,190000,173.94,173.98,173,173.92,1314,0
IYK.US,60,20210310,200000,173.38,173.82,173.36,173.61,2423,0
IYK.US,60,20210310,210000,173.39,174.78,173.39,174.58,1625,0
IYK.US,60,20210310,220000,174.66,174.66,173.66,173.7,6077,0
IYK.US,60,20210311,160000,175.42,175.61,174.529,174.953,1845,0
IYK.US,60,20210311,170000,175.113,175.19,174.5,175.19,1632,0
IYK.US,60,20210311,180000,175.59,175.752,175.26,175.26,3512,0
IYK.US,60,20210311,190000,175.44,175.5,175.285,175.372,669,0
IYK.US,60,20210311,200000,175.512,175.91,175.435,175.515,1504,0
IYK.US,60,20210311,210000,175.765,175.771,175.326,175.37,19186,0
IYK.US,60,20210311,220000,175.14,175.52,175.14,175.38,6144,0
IYK.US,60,20210312,160000,174.41,174.83,174.13,174.83,2180,0
IYK.US,60,20210312,170000,174.462,174.462,174.413,174.413,363,0
IYK.US,60,20210312,180000,174.49,174.98,174.47,174.98,706,0
IYK.US,60,20210312,190000,175.35,175.35,174.898,174.898,339,0
IYK.US,60,20210312,200000,175.041,175.041,175.041,175.041,223,0
IYK.US,60,20210312,210000,175.316,175.324,175.271,175.28,1076,0
IYK.US,60,20210312,220000,175.309,175.774,175.218,175.65,5018,0
IYK.US,60,20210315,150000,176.13,176.13,175.85,175.85,821,0
IYK.US,60,20210315,160000,176.38,176.564,176.38,176.5,1527,0
IYK.US,60,20210315,170000,176.59,176.59,175.65,176.36,1939,0
IYK.US,60,20210315,180000,176.64,176.82,176.64,176.665,953,0
IYK.US,60,20210315,190000,176.7,176.82,176.7,176.82,821,0
IYK.US,60,20210315,200000,177.048,177.16,177.023,177.13,5737,0
IYK.US,60,20210315,210000,177.01,177.61,176.73,177.61,2728,0
IYK.US,60,20210316,150000,177.77,177.86,177.77,177.86,294,0
IYK.US,60,20210316,160000,177.527,177.6,177.527,177.6,224,0
IYK.US,60,20210316,170000,177.375,177.415,177.025,177.025,825,0
IYK.US,60,20210316,180000,176.864,176.864,176.775,176.78,1346,0
IYK.US,60,20210316,190000,177.09,177.22,176.641,176.641,1587,0
IYK.US,60,20210316,200000,176.277,176.277,175.745,175.745,307,0
IYK.US,60,20210316,210000,175.81,176.23,175.69,175.69,3227,0
IYK.US,60,20210317,150000,174.47,174.47,174.47,174.47,836,0
IYK.US,60,20210317,160000,175.4,175.4,175.4,175.4,100,0
IYK.US,60,20210317,170000,175.175,175.529,175.175,175.529,24246,0
IYK.US,60,20210317,180000,175.35,175.35,175.33,175.33,200,0
IYK.US,60,20210317,190000,175.506,175.506,175.27,175.27,538,0
IYK.US,60,20210317,200000,175.41,176.58,175.41,176.556,900,0
IYK.US,60,20210317,210000,177.4,177.545,177.08,177.41,3106,0
IYK.US,60,20210318,150000,176.49,176.49,175.7,176.165,3981,0
IYK.US,60,20210318,160000,175.808,175.808,175.808,175.808,137,0
IYK.US,60,20210318,170000,176.07,176.15,175.99,176.15,746,0
IYK.US,60,20210318,180000,176.45,176.45,175.44,175.44,500,0
IYK.US,60,20210318,190000,175.72,176.09,175.54,175.96,3211,0
IYK.US,60,20210318,200000,175.93,175.93,174.64,175.24,3282,0
IYK.US,60,20210318,210000,175.2,175.21,173.94,174.06,10990,0
IYK.US,60,20210319,150000,174.3,174.3,172.87,173.13,3425,0
IYK.US,60,20210319,160000,173.08,174.04,172.86,174.04,1150,0
IYK.US,60,20210319,170000,174.02,174.62,173.43,174.62,2891,0
IYK.US,60,20210319,180000,174.56,174.56,174.15,174.22,814,0
IYK.US,60,20210319,190000,174.28,174.51,173.85,174.51,1553,0
IYK.US,60,20210319,200000,174.48,174.55,174.48,174.55,1800,0
IYK.US,60,20210319,210000,174.617,174.617,174.33,174.33,2124,0
IYK.US,60,20210322,150000,175.27,175.94,175.27,175.61,1715,0
IYK.US,60,20210322,160000,175.66,176.16,175.37,175.95,2248,0
IYK.US,60,20210322,170000,176.06,176.48,176.05,176.345,1054,0
IYK.US,60,20210322,180000,176.32,176.81,176.32,176.81,1000,0
IYK.US,60,20210322,190000,176.85,176.85,176.62,176.63,2085,0
IYK.US,60,20210322,200000,176.716,176.85,176.6,176.835,1003,0
IYK.US,60,20210322,210000,176.89,176.96,175.97,176.11,7292,0
IYK.US,60,20210323,150000,176.05,176.39,175.75,175.87,1437,0
IYK.US,60,20210323,160000,176.08,176.31,175.69,176.045,1963,0
IYK.US,60,20210323,170000,176.22,176.33,175.95,175.955,1113,0
IYK.US,60,20210323,180000,176.33,176.33,175.89,175.99,885,0
IYK.US,60,20210323,190000,176.15,176.189,175.67,175.67,1726,0
IYK.US,60,20210323,200000,175.65,175.8,175.16,175.16,1886,0
IYK.US,60,20210323,210000,175.08,175.24,174.3,174.71,1797,0
IYK.US,60,20210324,150000,175,175,174.5,174.5,1540,0
IYK.US,60,20210324,160000,174.09,174.86,174.09,174.86,1501,0
IYK.US,60,20210324,170000,175.13,175.13,175.01,175.01,2996,0
IYK.US,60,20210324,180000,174.84,175.02,174.53,174.53,2506,0
IYK.US,60,20210324,190000,174.06,174.06,174.06,174.06,175,0
IYK.US,60,20210324,200000,174.175,174.175,173.53,173.53,1212,0
IYK.US,60,20210324,210000,173.32,173.33,172.42,172.44,2140,0
IYK.US,60,20210325,150000,170.47,171.03,170.16,170.535,2805,0
IYK.US,60,20210325,160000,170.86,171.59,170.72,170.74,1500,0
IYK.US,60,20210325,170000,170.84,171.51,170.84,171.39,3245,0
IYK.US,60,20210325,180000,171.96,172.66,171.94,172.54,3497,0
IYK.US,60,20210325,190000,172.46,172.563,172.36,172.42,4223,0
IYK.US,60,20210325,200000,172.03,173.07,171.87,173.07,27095,0
IYK.US,60,20210325,210000,173.1,173.69,173.04,173.45,13517,0
IYK.US,60,20210326,150000,174.13,174.13,173.58,173.6,675,0
IYK.US,60,20210326,160000,173.895,174.278,173.895,174.278,1900,0
IYK.US,60,20210326,170000,174.11,174.12,173.56,173.56,2945,0
IYK.US,60,20210326,180000,173.55,174.03,173.55,174,1265,0
IYK.US,60,20210326,190000,173.79,174,173.62,173.62,797,0
IYK.US,60,20210326,200000,173.37,173.76,173.07,173.56,3886,0
IYK.US,60,20210326,210000,173.65,175.62,173.65,175.57,5222,0
IYK.US,60,20210329,160000,175.01,175.85,175.01,175.01,1886,0
IYK.US,60,20210329,170000,174.75,174.79,174.51,174.55,1370,0
IYK.US,60,20210329,180000,174.25,175.11,174.25,175.11,1700,0
IYK.US,60,20210329,190000,175.09,175.32,174.563,175.32,2811,0
IYK.US,60,20210329,200000,175.67,175.67,175.19,175.29,2270,0
IYK.US,60,20210329,210000,175.17,175.63,175.12,175.37,6480,0
IYK.US,60,20210329,220000,175.46,175.9,175.46,175.72,9738,0
IYK.US,60,20210330,160000,175.08,175.32,174.01,174.185,624,0
IYK.US,60,20210330,170000,174.43,174.99,174.43,174.99,751,0
IYK.US,60,20210330,180000,175.32,175.32,175.32,175.32,100,0
IYK.US,60,20210330,190000,175.53,175.54,175.27,175.365,1242,0
IYK.US,60,20210330,200000,175.2,175.32,175.11,175.32,2617,0
IYK.US,60,20210330,210000,175.44,175.54,175.44,175.54,500,0
IYK.US,60,20210330,220000,176.01,176.25,175.862,176.11,5803,0
IYK.US,60,20210331,160000,176.96,177.11,176.5,176.54,500,0
IYK.US,60,20210331,170000,177,177.24,176.959,177.24,831,0
IYK.US,60,20210331,180000,177.389,177.389,177.06,177.17,1501,0
IYK.US,60,20210331,190000,177.313,177.32,177.24,177.26,3112,0
IYK.US,60,20210331,200000,177.36,177.45,177.36,177.45,310,0
IYK.US,60,20210331,210000,177.18,177.324,177.18,177.324,200,0
IYK.US,60,20210331,220000,177.29,177.448,176.99,176.99,2076,0
IYK.US,60,20210401,160000,177.51,177.829,177.26,177.26,39425,0
IYK.US,60,20210401,170000,176.886,177.23,176.705,176.761,146784,0
IYK.US,60,20210401,180000,176.9,177.18,176.848,177.055,170010,0
IYK.US,60,20210401,190000,177.13,177.596,177.13,177.39,50567,0
IYK.US,60,20210401,200000,177.4,177.4,177.111,177.12,127428,0
IYK.US,60,20210401,210000,177.11,177.228,177.1,177.145,27645,0
IYK.US,60,20210401,220000,177.125,177.125,176.46,176.69,61983,0
IYK.US,60,20210405,160000,179.02,179.54,179.02,179.23,3501,0
IYK.US,60,20210405,170000,178.97,180.18,178.97,179.69,2927,0
IYK.US,60,20210405,180000,179.87,180.122,179.85,179.91,5606,0
IYK.US,60,20210405,190000,180.06,180.206,179.775,179.837,19205,0
IYK.US,60,20210405,200000,179.74,180.07,179.7,180.06,2966,0
IYK.US,60,20210405,210000,180.16,180.45,180.06,180.265,5286,0
IYK.US,60,20210405,220000,180.16,180.58,179.76,179.85,43438,0
IYK.US,60,20210406,160000,179.29,180.213,179.29,180.213,1824,0
IYK.US,60,20210406,170000,180.43,180.61,180.39,180.61,300,0
IYK.US,60,20210406,180000,180.61,180.78,180.61,180.78,700,0
IYK.US,60,20210406,190000,180.75,180.809,180.75,180.809,1806,0
IYK.US,60,20210406,200000,180.843,181.06,180.843,180.98,3190,0
IYK.US,60,20210406,210000,181.04,181.24,181.04,181.11,6577,0
IYK.US,60,20210406,220000,180.88,180.88,180.46,180.68,6488,0
IYK.US,60,20210407,160000,180.74,180.74,180.34,180.34,986,0
IYK.US,60,20210407,170000,180.33,180.505,180.31,180.505,898,0
IYK.US,60,20210407,190000,179.95,179.95,179.58,179.58,300,0
IYK.US,60,20210407,200000,179.42,179.448,179.38,179.38,1041,0
IYK.US,60,20210407,210000,179.629,179.629,179.31,179.31,1053,0
IYK.US,60,20210407,220000,179.29,179.464,179.12,179.23,8817,0
IYK.US,60,20210408,160000,179.25,179.25,179.18,179.18,2105,0
IYK.US,60,20210408,170000,179.27,179.717,179.27,179.63,916,0
IYK.US,60,20210408,180000,179.58,179.69,179.58,179.69,1131,0
IYK.US,60,20210408,190000,179.711,179.83,179.62,179.62,640,0
IYK.US,60,20210408,200000,179.63,179.63,179.48,179.48,300,0
IYK.US,60,20210408,210000,179.402,179.479,179.402,179.454,454,0
IYK.US,60,20210408,220000,179.45,179.76,179.44,179.76,4233,0
IYK.US,60,20210409,160000,179.59,179.59,179.41,179.41,930,0
IYK.US,60,20210409,170000,179.339,179.339,178.91,178.91,695,0
IYK.US,60,20210409,180000,179.05,179.05,178.8,179.035,2504,0
IYK.US,60,20210409,190000,178.9,179.02,178.85,178.99,511,0
IYK.US,60,20210409,200000,178.876,179.06,178.876,179.05,714,0
IYK.US,60,20210409,220000,179.07,179.7,179.063,179.7,3404,0
IYK.US,60,20210412,160000,179.91,180.31,179.91,179.986,1055,0
IYK.US,60,20210412,170000,180.86,181,180.82,180.955,4337,0
IYK.US,60,20210412,180000,180.95,181.02,180.86,181.01,3831,0
IYK.US,60,20210412,190000,181.009,181.23,181.009,181.23,1429,0
IYK.US,60,20210412,200000,180.935,181.01,180.935,181.005,400,0
IYK.US,60,20210412,210000,180.925,180.971,180.85,180.875,753,0
IYK.US,60,20210412,220000,181.02,181.47,180.936,181.47,3217,0
IYK.US,60,20210413,160000,181.49,181.68,181.49,181.5,1286,0
IYK.US,60,20210413,170000,181.75,181.855,181.75,181.855,500,0
IYK.US,60,20210413,180000,182.068,182.068,182.068,182.068,140,0
IYK.US,60,20210413,190000,182.25,182.25,182.18,182.21,493,0
IYK.US,60,20210413,200000,181.96,182.35,181.96,182.35,1000,0
IYK.US,60,20210413,210000,182.51,183,182.51,182.92,5321,0
IYK.US,60,20210413,220000,182.986,183.3,182.78,183.13,2418,0
IYK.US,60,20210414,160000,183.17,183.88,183.17,183.46,10662,0
IYK.US,60,20210414,170000,183.3,183.3,182.728,182.728,355,0
IYK.US,60,20210414,180000,182.842,183.02,182.662,183.02,858,0
IYK.US,60,20210414,190000,182.678,183.28,182.678,183.28,1157,0
IYK.US,60,20210414,200000,182.916,182.98,182.916,182.98,568,0
IYK.US,60,20210414,210000,182.31,182.58,182,182,1568,0
IYK.US,60,20210414,220000,181.88,182.13,181.47,181.62,4948,0
IYK.US,60,20210415,160000,182.8,183.02,182.03,182.03,2841,0
IYK.US,60,20210415,170000,182.22,182.665,182.22,182.665,325,0
IYK.US,60,20210415,180000,182.87,183.01,182.66,182.66,1265,0
IYK.US,60,20210415,190000,182.729,182.78,182.729,182.78,434,0
IYK.US,60,20210415,200000,182.57,182.7,182.57,182.7,328,0
IYK.US,60,20210415,210000,183.025,183.025,182.84,182.877,3251,0
IYK.US,60,20210415,220000,182.71,183.09,182.64,183.03,4678,0
IYK.US,60,20210416,170000,183.324,183.5,183.318,183.47,10359,0
IYK.US,60,20210416,180000,183.131,183.27,183.131,183.27,1624,0
IYK.US,60,20210416,190000,183.435,184.14,183.435,184.115,1084,0
IYK.US,60,20210416,200000,183.9,183.9,183.9,183.9,326,0
IYK.US,60,20210416,210000,183.89,184.015,183.89,184.015,4296,0
IYK.US,60,20210416,220000,184.03,184.21,183.86,184.13,2904,0
IYK.US,60,20210419,160000,183.39,183.39,182.015,182.241,2281,0
IYK.US,60,20210419,170000,181.835,181.835,181.395,181.59,615,0
IYK.US,60,20210419,180000,181.891,182.47,181.891,182.255,950,0
IYK.US,60,20210419,190000,182.34,182.34,182.018,182.018,305,0
IYK.US,60,20210419,200000,182.29,182.31,182.21,182.21,400,0
IYK.US,60,20210419,210000,182.126,182.175,181.99,182.104,2209,0
IYK.US,60,20210419,220000,182.11,182.29,181.66,181.77,7624,0
IYK.US,60,20210420,160000,181.21,181.74,181.21,181.74,1932,0
IYK.US,60,20210420,170000,181.73,181.73,181.47,181.47,400,0
IYK.US,60,20210420,180000,181.61,181.61,181.61,181.61,100,0
IYK.US,60,20210420,190000,181.22,181.4,181.13,181.13,700,0
IYK.US,60,20210420,200000,180.87,181.064,180.81,181.064,712,0
IYK.US,60,20210420,210000,180.95,181.038,180.76,180.76,1831,0
IYK.US,60,20210420,220000,181.06,181.38,181.06,181.33,2027,0
IYK.US,60,20210421,160000,180.9,181.65,180.9,181.65,980,0
IYK.US,60,20210421,170000,182.14,182.37,182.14,182.259,1276,0
IYK.US,60,20210421,180000,182.487,182.68,182.32,182.68,1438,0
IYK.US,60,20210421,190000,182.73,182.905,182.48,182.48,1483,0
IYK.US,60,20210421,200000,182.697,182.77,182.58,182.77,1246,0
IYK.US,60,20210421,210000,182.77,182.788,182.69,182.728,3288,0
IYK.US,60,20210421,220000,182.79,183.72,182.79,183.72,8989,0
IYK.US,60,20210422,160000,183.65,183.83,183.611,183.775,873,0
IYK.US,60,20210422,170000,183.48,183.74,183.47,183.74,1023,0
IYK.US,60,20210422,180000,183.49,183.625,183.44,183.44,563,0
IYK.US,60,20210422,190000,183.349,183.96,183.349,183.96,315,0
IYK.US,60,20210422,200000,184.05,184.05,181.781,181.781,4142,0
IYK.US,60,20210422,210000,181.68,182.471,181.68,182.471,3430,0
IYK.US,60,20210422,220000,182.37,182.37,181.99,181.99,1452,0
IYK.US,60,20210423,160000,182.41,182.51,181.771,182.51,554,0
IYK.US,60,20210423,170000,182.52,182.74,182.33,182.74,600,0
IYK.US,60,20210423,180000,183.279,183.279,183.131,183.131,2225,0
IYK.US,60,20210423,190000,182.99,183.025,182.961,182.961,670,0
IYK.US,60,20210423,200000,183.15,183.15,182.926,182.926,444,0
IYK.US,60,20210423,210000,182.715,182.715,182.611,182.611,389,0
IYK.US,60,20210423,220000,183.159,183.345,183,183,881,0
IYK.US,60,20210426,160000,183.52,183.65,183.52,183.65,676,0
IYK.US,60,20210426,190000,182.56,182.625,182.56,182.565,602,0
IYK.US,60,20210426,200000,182.4,182.53,182.4,182.53,1108,0
IYK.US,60,20210426,210000,182.56,182.685,182.56,182.685,1008,0
IYK.US,60,20210426,220000,182.743,182.743,182.39,182.58,7462,0
IYK.US,60,20210427,160000,181.54,181.79,181.357,181.357,5032,0
IYK.US,60,20210427,170000,181.68,181.68,181.68,181.68,200,0
IYK.US,60,20210427,180000,181.558,181.863,181.558,181.86,1900,0
IYK.US,60,20210427,190000,181.84,181.84,181.84,181.84,200,0
IYK.US,60,20210427,200000,181.92,181.92,181.775,181.775,602,0
IYK.US,60,20210427,210000,181.705,181.769,181.7,181.769,904,0
IYK.US,60,20210427,220000,181.48,181.58,181.448,181.46,2302,0
IYK.US,60,20210428,160000,181.19,181.59,181.19,181.59,4730,0
IYK.US,60,20210428,170000,181.43,181.44,181.43,181.43,600,0
IYK.US,60,20210428,180000,181.27,181.27,181.15,181.15,3760,0
IYK.US,60,20210428,190000,181.04,181.13,181.02,181.13,1280,0
IYK.US,60,20210428,200000,181.05,181.12,180.79,180.79,2360,0
IYK.US,60,20210428,210000,180.81,181.46,180.81,181.17,3240,0
IYK.US,60,20210428,220000,181.26,181.26,180.67,180.74,8618,0
IYK.US,60,20210429,160000,181.1,181.55,181.1,181.18,4428,0
IYK.US,60,20210429,170000,181.22,181.22,180.55,180.63,1200,0
IYK.US,60,20210429,180000,180.8,180.98,180.48,180.57,202200,0
IYK.US,60,20210429,190000,179.92,180.41,179.9,180.41,2520,0
IYK.US,60,20210429,200000,180.38,180.695,180.38,180.695,660,0
IYK.US,60,20210429,210000,180.97,181.39,180.97,181.39,1400,0
IYK.US,60,20210429,220000,181.35,181.54,180.85,180.88,8220,0
IYK.US,60,20210430,160000,180.48,180.48,180.48,180.48,226,0
IYK.US,60,20210430,170000,180.75,181.43,180.75,181.34,1250,0
IYK.US,60,20210430,190000,181.665,181.81,181.614,181.79,1630,0
IYK.US,60,20210430,200000,182.025,182.025,181.635,181.635,1308,0
IYK.US,60,20210430,210000,181.535,181.535,181.535,181.535,284,0
IYK.US,60,20210430,220000,181.6,181.92,181.33,181.92,5838,0
IYK.US,60,20210503,160000,182.6,182.6,182.084,182.38,4527,0
IYK.US,60,20210503,170000,182.065,182.34,182.065,182.32,3400,0
IYK.US,60,20210503,180000,182.18,182.259,182.18,182.259,962,0
IYK.US,60,20210503,190000,182.36,182.396,182.215,182.215,602,0
IYK.US,60,20210503,200000,182.225,182.225,182.225,182.225,100,0
IYK.US,60,20210503,220000,182.36,182.36,181.895,181.895,315,0
IYK.US,60,20210504,160000,181.38,181.38,180.85,180.85,925,0
IYK.US,60,20210504,170000,180.73,180.73,180.63,180.63,677,0
IYK.US,60,20210504,180000,180,180.3,179.95,180.3,1752,0
IYK.US,60,20210504,190000,180.185,180.24,179.92,179.92,1131,0
IYK.US,60,20210504,200000,179.89,179.95,179.83,179.95,4746,0
IYK.US,60,20210504,210000,179.97,179.97,179.97,179.97,101,0
IYK.US,60,20210504,220000,179.865,180.42,179.829,180.42,5934,0
IYK.US,60,20210505,160000,181.36,181.36,181.229,181.337,404,0
IYK.US,60,20210505,170000,180.915,180.915,180.915,180.915,127,0
IYK.US,60,20210505,180000,180.86,180.86,180.86,180.86,250,0
IYK.US,60,20210505,210000,180.79,181.08,180.79,181.08,510,0
IYK.US,60,20210505,220000,180.939,180.939,180.725,180.78,989,0
IYK.US,60,20210506,160000,181.33,181.94,181.33,181.37,2432,0
IYK.US,60,20210506,170000,181.112,181.112,181.112,181.112,197,0
IYK.US,60,20210506,180000,181.795,181.795,181.795,181.795,120,0
IYK.US,60,20210506,190000,181.63,181.667,181.63,181.667,850,0
IYK.US,60,20210506,200000,181.539,181.539,181.241,181.241,784,0
IYK.US,60,20210506,210000,180.83,181.1,180.83,181.02,965,0
IYK.US,60,20210506,220000,181.02,181.95,180.96,181.95,847,0
IYK.US,60,20210507,160000,182.36,182.63,182.36,182.63,2333,0
IYK.US,60,20210507,170000,183.05,183.6,183.05,183.6,300,0
IYK.US,60,20210507,180000,183.652,183.652,183.652,183.652,110,0
IYK.US,60,20210507,190000,182.92,182.92,182.92,182.92,108,0
IYK.US,60,20210507,200000,182.77,183.03,182.77,183.03,245,0
IYK.US,60,20210507,210000,183.062,183.29,183.062,183.142,1100,0
IYK.US,60,20210507,220000,183.48,183.56,183.395,183.395,1300,0
IYK.US,60,20210510,160000,183.9,183.9,183.35,183.37,2376,0
IYK.US,60,20210510,170000,183.23,183.52,183.23,183.52,500,0
IYK.US,60,20210510,180000,183.59,183.985,183.59,183.985,700,0
IYK.US,60,20210510,190000,183.87,183.98,183.52,183.52,600,0
IYK.US,60,20210510,200000,183.26,183.42,183.19,183.26,1354,0
IYK.US,60,20210510,210000,183.2,183.2,182.4,182.4,818,0
IYK.US,60,20210510,220000,182.51,182.51,181.72,181.72,1116,0
IYK.US,60,20210511,160000,179.7,180.45,179.7,180.266,2287,0
IYK.US,60,20210511,180000,178.805,179.68,178.71,179.68,2386,0
IYK.US,60,20210511,190000,178.91,178.91,178.91,178.91,285,0
IYK.US,60,20210511,200000,179.011,180.06,179.011,180.06,1252,0
IYK.US,60,20210511,210000,179.64,179.82,179.64,179.82,200,0
IYK.US,60,20210511,220000,179.86,180.2,179.85,179.85,497,0
IYK.US,60,20210512,160000,178.43,178.962,178.43,178.745,1918,0
IYK.US,60,20210512,170000,178.52,178.65,177.88,177.88,2593,0
IYK.US,60,20210512,180000,177.92,178.02,177.317,177.317,1512,0
IYK.US,60,20210512,190000,177.3,177.3,177.05,177.22,900,0
IYK.US,60,20210512,200000,177.36,177.36,176.99,176.99,500,0
IYK.US,60,20210512,210000,176.475,176.9,176.36,176.9,857,0
IYK.US,60,20210512,220000,176.68,176.68,175.36,175.64,2907,0
IYK.US,60,20210513,160000,176.4,177.16,176.4,177.16,775,0
IYK.US,60,20210513,170000,177.46,177.5,177.375,177.375,800,0
IYK.US,60,20210513,180000,177.189,177.189,176.45,176.571,945,0
IYK.US,60,20210513,190000,176.53,177.159,176.53,177.159,852,0
IYK.US,60,20210513,200000,176.856,176.856,176.07,176.07,230,0
IYK.US,60,20210513,210000,176.333,177.26,176.333,177.26,432,0
IYK.US,60,20210513,220000,176.984,177.53,176.76,176.76,10697,0
IYK.US,60,20210514,160000,178.04,178.409,178.04,178.409,314,0
IYK.US,60,20210514,170000,178.468,178.819,178.468,178.819,308,0
IYK.US,60,20210514,180000,178.58,178.75,178.58,178.729,1191,0
IYK.US,60,20210514,190000,178.706,178.77,178.65,178.7,1747,0
IYK.US,60,20210514,200000,178.57,178.57,178.41,178.41,777,0
IYK.US,60,20210514,210000,178.82,178.82,178.82,178.82,130,0
IYK.US,60,20210514,220000,179.111,179.111,178.78,179.09,775,0
IYK.US,60,20210517,160000,178.21,178.61,178.21,178.46,825,0
IYK.US,60,20210517,170000,178.2,178.2,178.2,178.2,170,0
IYK.US,60,20210517,180000,177.66,177.66,177.66,177.66,125,0
IYK.US,60,20210517,190000,177.75,178.085,177.675,177.95,1498,0
IYK.US,60,20210517,200000,177.93,177.93,177.63,177.63,254,0
IYK.US,60,20210517,210000,177.53,177.655,177.53,177.655,314,0
IYK.US,60,20210517,220000,177.89,178.005,177.701,178.005,1168,0
IYK.US,60,20210518,160000,177.88,177.88,177.782,177.782,435,0
IYK.US,60,20210518,170000,177.796,178.005,177.796,177.97,1253,0
IYK.US,60,20210518,190000,178.342,178.342,178.342,178.342,135,0
IYK.US,60,20210518,200000,178.22,178.59,178.22,178.34,527,0
IYK.US,60,20210518,210000,178.165,178.165,177.655,177.685,405,0
IYK.US,60,20210518,220000,177.93,177.93,177,177.12,1287,0
IYK.US,60,20210519,160000,174.83,174.83,174.4,174.637,1734,0
IYK.US,60,20210519,170000,174.373,174.373,174.22,174.33,638,0
IYK.US,60,20210519,190000,174.79,175.18,174.79,175.18,200,0
IYK.US,60,20210519,200000,175.696,175.696,175.49,175.49,445,0
IYK.US,60,20210519,210000,174.775,174.857,174.775,174.857,351,0
IYK.US,60,20210519,220000,174.709,175.68,174.709,175.62,3423,0
IYK.US,60,20210520,160000,176.33,176.965,176.33,176.906,957,0
IYK.US,60,20210520,170000,177.218,177.218,177.218,177.218,103,0
IYK.US,60,20210520,180000,177.244,177.872,177.244,177.872,737,0
IYK.US,60,20210520,200000,177.75,178.07,177.75,178.07,260,0
IYK.US,60,20210520,210000,178.02,178.02,178.02,178.02,100,0
IYK.US,60,20210520,220000,178.08,178.28,178.01,178.05,1510,0
IYK.US,60,20210521,160000,179.4,179.43,179.4,179.43,400,0
IYK.US,60,20210521,170000,178.39,178.39,178.348,178.348,298,0
IYK.US,60,20210521,180000,178.54,178.54,178.54,178.54,165,0
IYK.US,60,20210521,190000,178.17,178.17,177.94,177.94,300,0
IYK.US,60,20210521,200000,178.3,178.3,178.29,178.29,400,0
IYK.US,60,20210521,210000,178.345,178.35,178.28,178.332,561,0
IYK.US,60,20210521,220000,178.345,178.38,177.87,177.87,628,0
IYK.US,60,20210524,160000,178.65,178.65,178.19,178.5,483,0
IYK.US,60,20210524,170000,178.67,179.331,178.67,179.331,1200,0
IYK.US,60,20210524,180000,179.495,179.544,179.426,179.45,682,0
IYK.US,60,20210524,190000,179.545,179.615,179.3,179.615,1040,0
IYK.US,60,20210524,200000,179.89,179.92,179.875,179.91,810,0
IYK.US,60,20210524,210000,180,180.175,180,180.13,757,0
IYK.US,60,20210524,220000,180.195,180.28,179.54,179.58,2586,0
IYK.US,60,20210525,160000,180.34,180.34,179.66,179.66,1146,0
IYK.US,60,20210525,170000,179.525,179.525,179.34,179.36,670,0
IYK.US,60,20210525,180000,179.26,179.26,178.99,179.09,1200,0
IYK.US,60,20210525,190000,179.26,179.54,179.26,179.52,811,0
IYK.US,60,20210525,200000,179.37,179.52,179.37,179.49,1155,0
IYK.US,60,20210525,210000,179.46,179.53,179.29,179.5,4494,0
IYK.US,60,20210525,220000,179.35,179.63,179.31,179.57,4858,0
IYK.US,60,20210526,160000,180.27,180.27,179.98,180.05,1777,0
IYK.US,60,20210526,170000,180.26,180.95,180.26,180.95,1288,0
IYK.US,60,20210526,180000,181.27,181.31,181.05,181.05,2400,0
IYK.US,60,20210526,190000,181.45,181.47,181.37,181.44,1063,0
IYK.US,60,20210526,200000,181.3,181.35,181.18,181.18,1000,0
IYK.US,60,20210526,210000,181.24,181.44,181.24,181.44,400,0
IYK.US,60,20210526,220000,181.23,181.34,181.09,181.22,2600,0
IYK.US,60,20210527,160000,181.96,182.03,181.73,182.03,2357,0
IYK.US,60,20210527,170000,182.6,182.6,182.45,182.46,400,0
IYK.US,60,20210527,180000,182.215,182.215,181.95,182.05,2026,0
IYK.US,60,20210527,190000,182.014,182.04,182.014,182.02,409,0
IYK.US,60,20210527,200000,182,182,181.864,181.864,1065,0
IYK.US,60,20210527,220000,181.48,181.67,181.32,181.67,1500,0
IYK.US,60,20210528,160000,181.84,182,181.84,182,505,0
IYK.US,60,20210528,170000,182.13,182.13,181.69,181.723,10439,0
IYK.US,60,20210528,190000,181.942,182.04,181.901,182.04,665,0
IYK.US,60,20210528,210000,182.128,182.3,182.128,182.3,375,0
IYK.US,60,20210528,220000,182.08,182.08,181.58,181.7,2259,0
IYK.US,60,20210601,160000,182.36,182.36,182.36,182.36,284,0
IYK.US,60,20210601,170000,181.84,181.84,181.601,181.601,225,0
IYK.US,60,20210601,180000,181.59,181.6,181.41,181.6,520,0
IYK.US,60,20210601,190000,181.6,181.6,181.53,181.53,600,0
IYK.US,60,20210601,200000,181.11,181.11,180.94,180.95,900,0
IYK.US,60,20210601,210000,180.96,181.21,180.96,181.09,2756,0
IYK.US,60,20210601,220000,181.13,181.15,180.81,181.15,2201,0
IYK.US,60,20210602,160000,181.072,181.072,180.778,180.778,866,0
IYK.US,60,20210602,170000,180.67,180.67,180.541,180.541,634,0
IYK.US,60,20210602,180000,180.15,180.444,180.14,180.444,1513,0
IYK.US,60,20210602,190000,180.579,180.579,180.2,180.451,808,0
IYK.US,60,20210602,200000,180.486,180.486,180.223,180.223,888,0
IYK.US,60,20210602,210000,180.25,180.26,180.077,180.18,1237,0
IYK.US,60,20210602,220000,180.19,180.37,180.139,180.33,2947,0
IYK.US,60,20210603,160000,179.57,180.21,179.43,179.43,938,0
IYK.US,60,20210603,170000,179.72,180.02,179.72,180.02,200,0
IYK.US,60,20210603,180000,180.73,180.77,180.599,180.77,855,0
IYK.US,60,20210603,190000,180.525,180.6,180.5,180.59,2366,0
IYK.US,60,20210603,200000,180.58,180.66,180.09,180.09,2200,0
IYK.US,60,20210603,210000,179.81,179.81,179.61,179.64,1068,0
IYK.US,60,20210603,220000,179.723,179.87,179.68,179.87,1088,0
IYK.US,60,20210604,170000,180.98,180.98,180.93,180.93,400,0
IYK.US,60,20210604,180000,181.29,181.29,181.1,181.15,1800,0
IYK.US,60,20210604,190000,180.92,180.92,180.91,180.91,500,0
IYK.US,60,20210604,200000,181.02,181.28,181.01,181.28,1700,0
IYK.US,60,20210604,210000,181.28,181.29,181.22,181.22,700,0
IYK.US,60,20210604,220000,181.439,181.6,181.42,181.6,1051,0
IYK.US,60,20210607,160000,181.49,181.49,181.49,181.49,110,0
IYK.US,60,20210607,170000,181.04,181.04,180.93,180.93,624,0
IYK.US,60,20210607,190000,180.64,180.64,180.64,180.64,210,0
IYK.US,60,20210607,200000,180.7,180.7,180.609,180.642,887,0
IYK.US,60,20210607,210000,180.72,181.42,180.72,181.42,604,0
IYK.US,60,20210607,220000,181.72,181.935,181.72,181.935,460,0
IYK.US,60,20210608,160000,182.88,182.88,181.78,181.78,2402,0
IYK.US,60,20210608,170000,181.6,181.6,181.2,181.2,1715,0
IYK.US,60,20210608,180000,180.77,180.83,180.455,180.83,450,0
IYK.US,60,20210608,190000,180.89,181.08,180.89,180.92,1130,0
IYK.US,60,20210608,200000,180.86,181.07,180.76,180.945,877,0
IYK.US,60,20210608,210000,180.86,181.19,180.86,181.15,700,0
IYK.US,60,20210608,220000,181.255,181.28,180.98,181.06,2752,0
IYK.US,60,20210609,160000,180.91,181.4,180.91,181.4,614,0
IYK.US,60,20210609,170000,181.197,181.197,181.197,181.197,102,0
IYK.US,60,20210609,200000,180.27,180.34,180.254,180.254,341,0
IYK.US,60,20210609,210000,180.189,180.189,180.189,180.189,999,0
IYK.US,60,20210609,220000,180.113,180.113,179.75,179.75,4313,0
IYK.US,60,20210610,180000,179.86,179.86,179.86,179.86,203,0
IYK.US,60,20210610,190000,179.695,179.795,179.695,179.795,244,0
IYK.US,60,20210610,200000,180.139,180.139,180.139,180.139,111,0
IYK.US,60,20210610,210000,179.975,179.975,179.72,179.72,3901,0
IYK.US,60,20210610,220000,179.6,179.72,179.585,179.72,986,0
IYK.US,60,20210611,160000,179.94,179.94,179.94,179.94,401,0
IYK.US,60,20210611,170000,179.515,179.515,179.515,179.515,100,0
IYK.US,60,20210611,180000,179.481,179.481,179.481,179.481,425,0
IYK.US,60,20210611,190000,179.52,179.52,179.5,179.52,976,0
IYK.US,60,20210611,200000,179.521,179.765,179.521,179.765,344,0
IYK.US,60,20210611,210000,179.865,179.9,179.86,179.9,359,0
IYK.US,60,20210611,220000,180.18,180.32,180.18,180.32,300,0
IYK.US,60,20210614,160000,180.34,180.34,180.064,180.2,405,0
IYK.US,60,20210614,180000,179.872,179.872,179.872,179.872,300,0
IYK.US,60,20210614,190000,179.51,179.51,179.46,179.475,362,0
IYK.US,60,20210614,200000,179.447,179.47,179.447,179.47,238,0
IYK.US,60,20210614,210000,179.587,179.74,179.587,179.74,820,0
IYK.US,60,20210614,220000,179.7,180.14,179.7,180.14,948,0
IYK.US,60,20210615,160000,180.06,180.08,179.61,179.61,1991,0
IYK.US,60,20210615,170000,179.66,179.68,179.483,179.5,746,0
IYK.US,60,20210615,180000,179.42,179.455,179.18,179.18,1582,0
IYK.US,60,20210615,190000,179.01,179.01,178.86,178.86,2380,0
IYK.US,60,20210615,200000,178.82,178.98,178.82,178.95,1188,0
IYK.US,60,20210615,210000,179.138,179.138,178.993,179.11,981,0
IYK.US,60,20210615,220000,178.94,178.95,178.65,178.74,3805,0
IYK.US,60,20210616,160000,178.91,178.91,178.91,178.91,214,0
IYK.US,60,20210616,170000,178.355,178.371,178.23,178.23,524,0
IYK.US,60,20210616,180000,178.225,178.26,178.225,178.26,1086,0
IYK.US,60,20210616,190000,178.05,178.1,178.05,178.1,669,0
IYK.US,60,20210616,200000,178.18,178.18,178.18,178.18,200,0
IYK.US,60,20210616,210000,178,178,176.95,177.2,1864,0
IYK.US,60,20210616,220000,177.561,177.9,177.35,177.35,732,0
IYK.US,60,20210617,160000,176.9,177.77,176.9,177.28,1501,0
IYK.US,60,20210617,170000,177.19,177.28,177.025,177.25,4927,0
IYK.US,60,20210617,180000,177.17,177.62,177.17,177.62,800,0
IYK.US,60,20210617,190000,176.83,177.09,176.63,177.09,932,0
IYK.US,60,20210617,200000,177.23,177.93,177.23,177.73,1000,0
IYK.US,60,20210617,210000,177.66,177.77,177.66,177.66,1500,0
IYK.US,60,20210617,220000,177.63,178.09,177.57,177.57,4264,0
IYK.US,60,20210618,160000,176.85,176.85,176.85,176.85,250,0
IYK.US,60,20210618,170000,176.08,176.12,175.7,175.7,4250,0
IYK.US,60,20210618,180000,175.75,176.25,175.73,176.25,10341,0
IYK.US,60,20210618,190000,176.24,176.501,176.19,176.44,2313,0
IYK.US,60,20210618,200000,176.52,176.73,176.15,176.15,552,0
IYK.US,60,20210618,210000,176.39,176.39,176.07,176.07,340,0
IYK.US,60,20210618,220000,176.4,176.4,175.59,175.59,21527,0
IYK.US,60,20210621,160000,176.29,176.52,176.29,176.52,546,0
IYK.US,60,20210621,170000,176.501,176.89,176.501,176.89,876,0
IYK.US,60,20210621,180000,177,177.01,176.95,176.95,1800,0
IYK.US,60,20210621,190000,177.01,177.05,176.98,177.05,1588,0
IYK.US,60,20210621,200000,177.478,177.58,177.478,177.49,931,0
IYK.US,60,20210621,210000,177.67,177.7,177.487,177.487,1654,0
IYK.US,60,20210621,220000,177.625,177.625,177.34,177.37,1654,0
IYK.US,60,20210622,160000,177.37,177.37,177.12,177.12,300,0
IYK.US,60,20210622,170000,177.37,177.656,177.37,177.656,235,0
IYK.US,60,20210622,180000,178.301,178.301,178.235,178.24,764,0
IYK.US,60,20210622,190000,178.26,178.26,178.26,178.26,100,0
IYK.US,60,20210622,200000,177.904,177.995,177.904,177.995,1497,0
IYK.US,60,20210622,210000,178.035,178.2,178.035,178.2,312,0
IYK.US,60,20210622,220000,178.27,178.466,177.99,177.99,3383,0
IYK.US,60,20210623,160000,178.33,178.59,178.33,178.59,305,0
IYK.US,60,20210623,170000,179.27,179.29,179.15,179.25,2005,0
IYK.US,60,20210623,180000,179.38,179.38,178.986,178.986,373,0
IYK.US,60,20210623,190000,179.04,179.165,179,179.044,428,0
IYK.US,60,20210623,200000,179.385,179.4,179.321,179.325,1484,0
IYK.US,60,20210623,210000,179.35,179.35,179.22,179.22,1877,0
IYK.US,60,20210623,220000,179.28,179.46,178.94,178.94,4182,0
IYK.US,60,20210624,160000,180.38,180.41,180.26,180.41,480,0
IYK.US,60,20210624,170000,180.46,180.95,180.44,180.95,678,0
IYK.US,60,20210624,180000,181.025,181.095,180.91,181.07,4592,0
IYK.US,60,20210624,190000,181.2,181.2,181.2,181.2,144,0
IYK.US,60,20210624,200000,181.18,181.18,180.72,180.93,944,0
IYK.US,60,20210624,210000,181,181.3,181,181.3,2684,0
IYK.US,60,20210624,220000,181.307,181.307,180.7,180.73,6311,0
IYK.US,60,20210625,160000,182.92,183.07,182.67,182.71,1212,0
IYK.US,60,20210625,170000,182.61,182.87,182.56,182.72,1100,0
IYK.US,60,20210625,180000,182.68,182.68,182.62,182.65,467,0
IYK.US,60,20210625,190000,182.635,182.74,182.63,182.74,500,0
IYK.US,60,20210625,200000,182.74,182.74,182.55,182.61,1350,0
IYK.US,60,20210625,210000,182.68,182.89,182.68,182.877,1110,0
IYK.US,60,20210625,220000,182.93,183.13,182.75,183.13,2712,0
IYK.US,60,20210628,160000,183.17,183.599,183.17,183.599,326,0
IYK.US,60,20210628,170000,183.815,183.919,183.76,183.9,600,0
IYK.US,60,20210628,200000,183.275,183.275,183.275,183.275,207,0
IYK.US,60,20210628,210000,183.619,183.78,183.619,183.64,4419,0
IYK.US,60,20210628,220000,183.425,183.759,183.425,183.68,11583,0
IYK.US,60,20210629,160000,183.58,183.65,183.58,183.65,274,0
IYK.US,60,20210629,170000,183.889,183.889,183.889,183.889,506,0
IYK.US,60,20210629,180000,183.603,183.657,183.5,183.5,1957,0
IYK.US,60,20210629,200000,183.405,183.405,183.405,183.405,137,0
IYK.US,60,20210629,210000,183.18,183.18,183.118,183.118,456,0
IYK.US,60,20210629,220000,183.27,183.36,183.27,183.27,2563,0
IYK.US,60,20210630,160000,183.28,183.65,183.28,183.65,437,0
IYK.US,60,20210630,170000,183.71,183.86,183.669,183.83,2693,0
IYK.US,60,20210630,180000,183.878,183.878,183.878,183.878,434,0
IYK.US,60,20210630,200000,183.74,183.77,183.72,183.74,17756,0
IYK.US,60,20210630,210000,183.72,183.83,183.72,183.83,499,0
IYK.US,60,20210630,220000,183.888,183.888,183.888,183.888,100,0
IYK.US,60,20210701,160000,184.03,184.33,184.03,184.33,326,0
IYK.US,60,20210701,170000,184.411,184.411,184.335,184.384,504,0
IYK.US,60,20210701,180000,184.256,184.41,184.256,184.395,1406,0
IYK.US,60,20210701,190000,184.379,184.379,184.22,184.22,289,0
IYK.US,60,20210701,200000,184.26,184.26,184.136,184.136,290,0
IYK.US,60,20210701,210000,184.11,184.11,184.11,184.11,123,0
IYK.US,60,20210701,220000,184.2,184.215,183.976,184.06,3080,0
IYK.US,60,20210702,160000,184.88,184.88,184.88,184.88,100,0
IYK.US,60,20210702,170000,184.735,184.735,184.587,184.642,765,0
IYK.US,60,20210702,180000,184.541,184.541,184.5,184.5,311,0
IYK.US,60,20210702,190000,184.57,184.57,184.47,184.47,401,0
IYK.US,60,20210702,220000,184.57,184.66,184.57,184.66,2297,0
IYK.US,60,20210706,160000,184.15,184.15,182.863,182.863,1497,0
IYK.US,60,20210706,170000,182.761,182.761,182.36,182.36,1042,0
IYK.US,60,20210706,180000,182.02,182.21,182.02,182.21,323,0
IYK.US,60,20210706,190000,181.875,181.9,181.875,181.9,625,0
IYK.US,60,20210706,200000,181.99,182.23,181.99,182.23,4235,0
IYK.US,60,20210706,210000,182.25,182.42,182.17,182.385,906,0
IYK.US,60,20210706,220000,182.32,182.92,182.32,182.67,2405,0
IYK.US,60,20210707,160000,183.03,183.03,182.91,182.91,537,0
IYK.US,60,20210707,170000,182.5,182.5,182.43,182.43,200,0
IYK.US,60,20210707,180000,182.56,182.84,182.56,182.83,500,0
IYK.US,60,20210707,190000,182.82,182.82,182.81,182.81,200,0
IYK.US,60,20210707,200000,182.65,182.65,182.47,182.621,1031,0
IYK.US,60,20210707,210000,182.608,182.608,182.322,182.51,5265,0
IYK.US,60,20210707,220000,182.565,182.691,182.44,182.44,4206,0
IYK.US,60,20210708,160000,180.25,180.68,180.25,180.493,784,0
IYK.US,60,20210708,170000,180.63,180.66,180.61,180.61,300,0
IYK.US,60,20210708,180000,181.369,181.369,181.134,181.134,334,0
IYK.US,60,20210708,190000,181.92,181.92,181.92,181.92,102,0
IYK.US,60,20210708,200000,181.814,181.814,181.79,181.79,1265,0
IYK.US,60,20210708,220000,181.318,181.62,181.295,181.62,1971,0
IYK.US,60,20210709,160000,182.61,183.149,182.61,183.149,563,0
IYK.US,60,20210709,170000,183.175,183.175,183.097,183.097,324,0
IYK.US,60,20210709,180000,182.89,182.94,182.89,182.94,600,0
IYK.US,60,20210709,190000,182.945,183.12,182.91,183.11,1681,0
IYK.US,60,20210709,200000,183.05,183.06,182.93,183.04,600,0
IYK.US,60,20210709,210000,183.065,183.28,183.065,183.28,550,0
IYK.US,60,20210709,220000,183.22,183.36,183.16,183.36,3000,0
