<TICKER>,<PER>,<DATE>,<TIME>,<OPEN>,<HIGH>,<LOW>,<CLOSE>,<VOL>,<OPENINT>
MDYV.US,60,20200914,160000,44.184,44.436,44.181,44.436,5049,0
MDYV.US,60,20200914,170000,44.464,44.482,44.342,44.402,20616,0
MDYV.US,60,20200914,180000,44.345,44.54,44.345,44.477,1631,0
MDYV.US,60,20200914,190000,44.491,44.67,44.491,44.65,532,0
MDYV.US,60,20200914,200000,44.754,44.754,44.576,44.61,4822,0
MDYV.US,60,20200914,210000,44.63,44.68,44.582,44.62,4272,0
MDYV.US,60,20200914,220000,44.63,44.729,44.512,44.729,11473,0
MDYV.US,60,20200915,160000,44.967,44.967,44.54,44.54,1508,0
MDYV.US,60,20200915,170000,44.55,44.858,44.53,44.858,1569,0
MDYV.US,60,20200915,180000,44.898,44.918,44.789,44.789,9569,0
MDYV.US,60,20200915,190000,44.719,44.779,44.719,44.777,2562,0
MDYV.US,60,20200915,200000,44.774,44.838,44.738,44.739,2256,0
MDYV.US,60,20200915,210000,44.725,44.769,44.706,44.706,4593,0
MDYV.US,60,20200915,220000,44.67,44.67,44.43,44.472,8441,0
MDYV.US,60,20200916,160000,44.729,44.729,44.56,44.655,2664,0
MDYV.US,60,20200916,170000,44.749,44.911,44.749,44.798,3471,0
MDYV.US,60,20200916,180000,44.883,45.077,44.883,45.065,4361,0
MDYV.US,60,20200916,190000,45.029,45.126,44.977,45.091,3676,0
MDYV.US,60,20200916,200000,45.067,45.067,45.006,45.017,2158,0
MDYV.US,60,20200916,210000,45.106,45.285,45.106,45.136,7329,0
MDYV.US,60,20200916,220000,45.146,45.146,44.739,44.789,23748,0
MDYV.US,60,20200917,160000,44.124,44.164,44.025,44.164,4350,0
MDYV.US,60,20200917,170000,44.322,44.555,44.302,44.482,5334,0
MDYV.US,60,20200917,180000,44.615,44.66,44.482,44.491,16484,0
MDYV.US,60,20200917,190000,44.491,44.53,44.282,44.52,19544,0
MDYV.US,60,20200917,200000,44.432,44.58,44.432,44.58,2297,0
MDYV.US,60,20200917,210000,44.566,44.707,44.507,44.58,10674,0
MDYV.US,60,20200917,220000,44.53,44.64,44.427,44.555,15765,0
MDYV.US,60,20200918,160000,44.729,44.729,44.54,44.54,239,0
MDYV.US,60,20200918,170000,44.501,44.768,44.501,44.526,5564,0
MDYV.US,60,20200918,180000,44.596,44.647,44.332,44.382,4721,0
MDYV.US,60,20200918,190000,44.352,44.352,44.01,44.01,5377,0
MDYV.US,60,20200918,200000,43.988,43.988,43.797,43.971,2066,0
MDYV.US,60,20200918,210000,43.952,44.044,43.945,44.025,8989,0
MDYV.US,60,20200918,220000,44.015,44.13,43.909,43.985,17279,0
MDYV.US,60,20200921,160000,43.131,43.131,42.564,42.746,5362,0
MDYV.US,60,20200921,170000,42.674,42.674,42.275,42.506,14902,0
MDYV.US,60,20200921,180000,42.494,42.554,42.207,42.405,6159,0
MDYV.US,60,20200921,190000,42.395,42.415,42.205,42.205,11993,0
MDYV.US,60,20200921,200000,42.215,42.385,42.215,42.261,7501,0
MDYV.US,60,20200921,210000,42.245,42.313,42.156,42.215,4551,0
MDYV.US,60,20200921,220000,42.285,42.594,42.285,42.564,8918,0
MDYV.US,60,20200922,160000,42.723,43.032,42.693,42.693,6919,0
MDYV.US,60,20200922,170000,42.673,42.876,42.575,42.575,11561,0
MDYV.US,60,20200922,180000,42.429,42.514,42.404,42.474,3531,0
MDYV.US,60,20200922,190000,42.544,42.554,42.426,42.426,4462,0
MDYV.US,60,20200922,200000,42.434,42.668,42.395,42.663,3959,0
MDYV.US,60,20200922,210000,42.743,42.748,42.623,42.683,3629,0
MDYV.US,60,20200922,220000,42.634,42.763,42.548,42.634,21661,0
MDYV.US,60,20200923,160000,42.624,43.022,42.624,43.022,14793,0
MDYV.US,60,20200923,170000,42.708,42.708,42.494,42.494,2390,0
MDYV.US,60,20200923,180000,42.654,42.744,42.444,42.444,2960,0
MDYV.US,60,20200923,190000,42.433,42.604,42.426,42.524,7814,0
MDYV.US,60,20200923,200000,42.524,42.524,42.325,42.364,2466,0
MDYV.US,60,20200923,210000,42.29,42.29,41.817,41.817,11470,0
MDYV.US,60,20200923,220000,41.797,41.857,41.578,41.578,11229,0
MDYV.US,60,20200924,160000,41.479,41.479,41.041,41.086,3517,0
MDYV.US,60,20200924,170000,41.637,41.835,41.298,41.394,8748,0
MDYV.US,60,20200924,180000,41.452,41.608,41.329,41.608,5405,0
MDYV.US,60,20200924,190000,41.761,41.847,41.648,41.847,6208,0
MDYV.US,60,20200924,200000,41.897,42.22,41.885,42.178,15049,0
MDYV.US,60,20200924,210000,42.006,42.047,41.668,41.678,6411,0
MDYV.US,60,20200924,220000,41.68,41.718,41.499,41.648,19215,0
MDYV.US,60,20200925,160000,41.469,41.678,41.469,41.678,1977,0
MDYV.US,60,20200925,170000,41.827,41.906,41.784,41.785,2769,0
MDYV.US,60,20200925,180000,41.767,41.832,41.682,41.712,6456,0
MDYV.US,60,20200925,190000,41.763,42.016,41.763,42.016,4660,0
MDYV.US,60,20200925,200000,42.043,42.116,42.043,42.086,2655,0
MDYV.US,60,20200925,210000,42.116,42.131,42.046,42.126,38564,0
MDYV.US,60,20200925,220000,42.141,42.265,42.106,42.186,19918,0
MDYV.US,60,20200928,160000,42.763,43.062,42.763,42.932,3889,0
MDYV.US,60,20200928,170000,42.952,43.211,42.932,43.181,3939,0
MDYV.US,60,20200928,180000,43.242,43.281,43.206,43.226,5498,0
MDYV.US,60,20200928,190000,43.233,43.36,43.233,43.36,5820,0
MDYV.US,60,20200928,200000,43.35,43.35,43.197,43.221,4094,0
MDYV.US,60,20200928,210000,43.192,43.4,43.192,43.37,4162,0
MDYV.US,60,20200928,220000,43.34,43.36,43.189,43.231,9873,0
MDYV.US,60,20200929,160000,43.271,43.271,43.083,43.083,20306,0
MDYV.US,60,20200929,170000,43.028,43.141,42.728,42.728,2177,0
MDYV.US,60,20200929,180000,42.668,42.743,42.563,42.574,4180,0
MDYV.US,60,20200929,190000,42.624,42.753,42.604,42.733,13877,0
MDYV.US,60,20200929,200000,42.714,42.883,42.604,42.803,5894,0
MDYV.US,60,20200929,210000,42.848,43.022,42.833,42.972,5574,0
MDYV.US,60,20200929,220000,42.971,43.021,42.869,42.869,13867,0
MDYV.US,60,20200930,160000,42.982,43.41,42.982,43.38,4278,0
MDYV.US,60,20200930,170000,43.512,43.659,43.398,43.589,5963,0
MDYV.US,60,20200930,180000,43.43,43.435,43.313,43.313,3495,0
MDYV.US,60,20200930,190000,43.35,43.539,43.35,43.539,3544,0
MDYV.US,60,20200930,200000,43.52,43.543,43.43,43.465,15196,0
MDYV.US,60,20200930,210000,43.52,43.569,42.972,43.097,6438,0
MDYV.US,60,20200930,220000,43.191,43.211,42.948,43.201,11080,0
MDYV.US,60,20201001,160000,43.311,43.569,43.311,43.465,2831,0
MDYV.US,60,20201001,170000,43.161,43.39,43.113,43.39,1639,0
MDYV.US,60,20201001,180000,43.345,43.492,43.345,43.492,3511,0
MDYV.US,60,20201001,190000,43.501,43.624,43.46,43.604,1425,0
MDYV.US,60,20201001,200000,43.594,43.649,43.569,43.589,13412,0
MDYV.US,60,20201001,210000,43.55,43.618,43.311,43.617,3802,0
MDYV.US,60,20201001,220000,43.629,43.724,43.525,43.709,9754,0
MDYV.US,60,20201002,160000,42.873,43.413,42.873,43.413,2940,0
MDYV.US,60,20201002,170000,43.808,43.808,43.624,43.797,3614,0
MDYV.US,60,20201002,180000,43.808,44.054,43.808,43.85,9249,0
MDYV.US,60,20201002,190000,44.077,44.475,44.067,44.438,5032,0
MDYV.US,60,20201002,200000,44.405,44.444,44.117,44.117,2074,0
MDYV.US,60,20201002,210000,44.336,44.495,44.336,44.461,21032,0
MDYV.US,60,20201002,220000,44.446,44.585,44.361,44.426,20738,0
MDYV.US,60,20201005,160000,44.804,45.172,44.804,45.023,1801,0
MDYV.US,60,20201005,170000,44.983,45.222,44.983,45.192,2908,0
MDYV.US,60,20201005,180000,45.177,45.302,45.13,45.232,2731,0
MDYV.US,60,20201005,190000,45.202,45.302,45.202,45.252,1886,0
MDYV.US,60,20201005,200000,45.252,45.272,45.212,45.242,996,0
MDYV.US,60,20201005,210000,45.182,45.402,45.172,45.402,9783,0
MDYV.US,60,20201005,220000,45.421,45.511,45.392,45.471,7923,0
MDYV.US,60,20201006,160000,45.76,45.84,45.67,45.67,3000,0
MDYV.US,60,20201006,170000,45.874,45.954,45.83,45.954,7613,0
MDYV.US,60,20201006,180000,45.956,46.107,45.956,46.019,8191,0
MDYV.US,60,20201006,190000,45.999,46.188,45.999,46.188,2117,0
MDYV.US,60,20201006,200000,46.288,46.397,46.288,46.308,1942,0
MDYV.US,60,20201006,210000,46.293,46.533,45.621,45.621,21889,0
MDYV.US,60,20201006,220000,45.601,45.645,45.292,45.312,9198,0
MDYV.US,60,20201007,160000,45.82,46.176,45.7,46.176,5856,0
MDYV.US,60,20201007,170000,46.07,46.278,45.979,46.133,3735,0
MDYV.US,60,20201007,180000,46.098,46.103,45.909,45.989,9840,0
MDYV.US,60,20201007,190000,45.941,45.959,45.817,45.879,3596,0
MDYV.US,60,20201007,200000,45.919,46.039,45.919,46.013,656,0
MDYV.US,60,20201007,210000,45.939,46.118,45.939,46.082,4858,0
MDYV.US,60,20201007,220000,46.138,46.208,46.092,46.118,54748,0
MDYV.US,60,20201008,160000,46.497,46.546,46.402,46.412,1852,0
MDYV.US,60,20201008,170000,46.527,46.636,46.46,46.507,3246,0
MDYV.US,60,20201008,180000,46.479,46.511,46.298,46.298,3860,0
MDYV.US,60,20201008,190000,46.332,46.455,46.332,46.392,1923,0
MDYV.US,60,20201008,200000,46.389,46.478,46.377,46.478,2200,0
MDYV.US,60,20201008,210000,46.546,46.596,46.507,46.546,9469,0
MDYV.US,60,20201008,220000,46.546,46.656,46.517,46.656,19021,0
MDYV.US,60,20201009,160000,47.034,47.162,46.865,46.865,2908,0
MDYV.US,60,20201009,170000,46.825,46.835,46.517,46.537,6549,0
MDYV.US,60,20201009,180000,46.551,46.879,46.551,46.875,2823,0
MDYV.US,60,20201009,190000,46.835,46.87,46.776,46.776,1996,0
MDYV.US,60,20201009,200000,46.771,46.771,46.741,46.751,406,0
MDYV.US,60,20201009,210000,46.704,46.715,46.636,46.676,5311,0
MDYV.US,60,20201009,220000,46.676,46.705,46.566,46.586,42958,0
MDYV.US,60,20201012,160000,46.736,46.736,46.656,46.695,770,0
MDYV.US,60,20201012,170000,46.746,46.895,46.716,46.805,39280,0
MDYV.US,60,20201012,180000,46.875,46.995,46.875,46.935,4953,0
MDYV.US,60,20201012,190000,46.875,46.935,46.875,46.875,3073,0
MDYV.US,60,20201012,200000,46.806,46.854,46.78,46.785,4681,0
MDYV.US,60,20201012,210000,46.852,46.888,46.747,46.888,3674,0
MDYV.US,60,20201012,220000,46.904,47.024,46.885,46.905,118792,0
MDYV.US,60,20201013,160000,46.566,46.716,46.566,46.611,2664,0
MDYV.US,60,20201013,170000,46.661,46.661,46.442,46.442,1465,0
MDYV.US,60,20201013,180000,46.465,46.466,46.337,46.466,3088,0
MDYV.US,60,20201013,190000,46.446,46.606,46.446,46.606,858,0
MDYV.US,60,20201013,200000,46.527,46.561,46.527,46.555,1105,0
MDYV.US,60,20201013,210000,46.427,46.482,46.288,46.332,8963,0
MDYV.US,60,20201013,220000,46.317,46.517,46.317,46.397,43550,0
MDYV.US,60,20201014,160000,46.387,46.676,46.387,46.666,3529,0
MDYV.US,60,20201014,170000,46.616,46.626,46.482,46.482,2854,0
MDYV.US,60,20201014,180000,46.426,46.566,46.426,46.566,2583,0
MDYV.US,60,20201014,190000,46.428,46.428,46.358,46.422,8983,0
MDYV.US,60,20201014,200000,46.447,46.527,46.402,46.442,5398,0
MDYV.US,60,20201014,210000,46.362,46.387,46.209,46.288,6084,0
MDYV.US,60,20201014,220000,46.308,46.407,46.218,46.218,17767,0
MDYV.US,60,20201015,160000,45.591,45.904,45.591,45.904,16607,0
MDYV.US,60,20201015,170000,45.948,46.072,45.899,46.069,5678,0
MDYV.US,60,20201015,180000,46.112,46.467,46.112,46.467,10923,0
MDYV.US,60,20201015,190000,46.357,46.477,46.298,46.477,3239,0
MDYV.US,60,20201015,200000,46.457,46.64,46.452,46.596,7180,0
MDYV.US,60,20201015,210000,46.604,46.679,46.604,46.676,7811,0
MDYV.US,60,20201015,220000,46.716,46.766,46.646,46.706,9420,0
MDYV.US,60,20201016,160000,46.865,46.865,46.565,46.565,2983,0
MDYV.US,60,20201016,170000,46.537,46.835,46.537,46.814,5407,0
MDYV.US,60,20201016,180000,46.845,46.985,46.834,46.975,5491,0
MDYV.US,60,20201016,190000,46.965,46.965,46.766,46.786,2492,0
MDYV.US,60,20201016,200000,46.835,46.9,46.835,46.9,1993,0
MDYV.US,60,20201016,210000,46.895,46.944,46.865,46.865,6256,0
MDYV.US,60,20201016,220000,46.895,46.895,46.679,46.679,5932,0
MDYV.US,60,20201019,160000,46.895,47.014,46.706,46.965,8133,0
MDYV.US,60,20201019,170000,46.923,46.975,46.721,46.955,5974,0
MDYV.US,60,20201019,180000,46.955,46.955,46.716,46.8,17286,0
MDYV.US,60,20201019,190000,46.766,46.785,46.686,46.686,8752,0
MDYV.US,60,20201019,200000,46.666,46.666,46.546,46.576,4734,0
MDYV.US,60,20201019,210000,46.54,46.555,46.188,46.188,5041,0
MDYV.US,60,20201019,220000,46.138,46.264,46.049,46.098,11307,0
MDYV.US,60,20201020,160000,46.477,46.691,46.477,46.691,1291,0
MDYV.US,60,20201020,170000,46.706,46.823,46.631,46.818,20123,0
MDYV.US,60,20201020,180000,46.666,46.865,46.609,46.865,171083,0
MDYV.US,60,20201020,190000,46.766,46.875,46.606,46.855,748182,0
MDYV.US,60,20201020,200000,46.905,46.948,46.86,46.86,8075,0
MDYV.US,60,20201020,210000,46.865,46.865,46.701,46.701,26480,0
MDYV.US,60,20201020,220000,46.667,46.695,46.397,46.507,24249,0
MDYV.US,60,20201021,160000,46.467,46.646,46.467,46.606,10315,0
MDYV.US,60,20201021,170000,46.596,46.739,46.521,46.521,4137,0
MDYV.US,60,20201021,180000,46.484,46.586,46.337,46.467,1812,0
MDYV.US,60,20201021,190000,46.472,46.69,46.427,46.493,7518,0
MDYV.US,60,20201021,200000,46.467,46.517,46.387,46.428,7164,0
MDYV.US,60,20201021,210000,46.457,46.606,46.437,46.601,5142,0
MDYV.US,60,20201021,220000,46.63,46.636,46.298,46.298,20954,0
MDYV.US,60,20201022,160000,46.397,46.701,46.397,46.701,1790,0
MDYV.US,60,20201022,170000,46.737,46.737,46.407,46.721,2895,0
MDYV.US,60,20201022,180000,46.785,46.939,46.716,46.785,395694,0
MDYV.US,60,20201022,190000,46.765,46.943,46.736,46.935,176631,0
MDYV.US,60,20201022,200000,47.024,47.074,46.987,47.074,3790,0
MDYV.US,60,20201022,210000,47.095,47.187,47.06,47.174,26780,0
MDYV.US,60,20201022,220000,47.119,47.256,47.045,47.214,19081,0
MDYV.US,60,20201023,160000,47.413,47.684,47.413,47.423,25600,0
MDYV.US,60,20201023,170000,47.368,47.43,47.214,47.418,16151,0
MDYV.US,60,20201023,180000,47.278,47.393,47.244,47.309,9837,0
MDYV.US,60,20201023,190000,47.32,47.323,47.034,47.084,9875,0
MDYV.US,60,20201023,200000,47.094,47.351,47.094,47.304,13192,0
MDYV.US,60,20201023,210000,47.4,47.492,47.383,47.492,4791,0
MDYV.US,60,20201023,220000,47.46,47.542,47.453,47.502,15940,0
MDYV.US,60,20201026,150000,46.895,46.895,46.517,46.636,3744,0
MDYV.US,60,20201026,160000,46.636,46.646,46.298,46.337,7577,0
MDYV.US,60,20201026,170000,46.258,46.347,46.248,46.283,2208,0
MDYV.US,60,20201026,180000,46.327,46.327,46.088,46.098,7587,0
MDYV.US,60,20201026,190000,46.088,46.1,45.869,46.094,12877,0
MDYV.US,60,20201026,200000,46.108,46.347,46.108,46.268,12631,0
MDYV.US,60,20201026,210000,46.249,46.397,46.158,46.397,14045,0
MDYV.US,60,20201027,150000,46.417,46.417,46.218,46.248,3720,0
MDYV.US,60,20201027,160000,46.313,46.388,46.024,46.049,3387,0
MDYV.US,60,20201027,170000,45.992,46.029,45.831,45.939,4966,0
MDYV.US,60,20201027,180000,45.94,45.974,45.785,45.82,6550,0
MDYV.US,60,20201027,190000,45.8,45.92,45.79,45.909,5111,0
MDYV.US,60,20201027,200000,45.909,45.929,45.725,45.748,10391,0
MDYV.US,60,20201027,210000,45.748,45.759,45.571,45.591,17048,0
MDYV.US,60,20201028,150000,44.665,45.045,44.665,44.814,7448,0
MDYV.US,60,20201028,160000,44.824,44.839,44.555,44.605,7482,0
MDYV.US,60,20201028,170000,44.594,44.954,44.534,44.924,12998,0
MDYV.US,60,20201028,180000,44.983,44.983,44.645,44.714,10472,0
MDYV.US,60,20201028,190000,44.606,44.676,44.493,44.65,8166,0
MDYV.US,60,20201028,200000,44.575,44.654,44.456,44.654,12523,0
MDYV.US,60,20201028,210000,44.55,44.708,44.366,44.406,41348,0
MDYV.US,60,20201029,150000,44.266,44.266,44.137,44.232,4842,0
MDYV.US,60,20201029,160000,44.316,44.714,44.237,44.714,1552,0
MDYV.US,60,20201029,170000,44.615,44.685,44.505,44.505,5586,0
MDYV.US,60,20201029,180000,44.456,44.535,44.366,44.376,10208,0
MDYV.US,60,20201029,190000,44.336,44.745,44.256,44.734,6332,0
MDYV.US,60,20201029,200000,44.844,45.032,44.844,44.943,4281,0
MDYV.US,60,20201029,210000,44.937,45.006,44.854,44.854,18147,0
MDYV.US,60,20201030,150000,44.565,44.829,44.565,44.824,5685,0
MDYV.US,60,20201030,160000,44.764,44.878,44.082,44.082,2737,0
MDYV.US,60,20201030,170000,44.227,44.446,44.227,44.416,6144,0
MDYV.US,60,20201030,180000,44.506,44.575,44.469,44.481,38186,0
MDYV.US,60,20201030,190000,44.479,44.525,44.341,44.525,10755,0
MDYV.US,60,20201030,200000,44.535,44.724,44.426,44.481,8948,0
MDYV.US,60,20201030,210000,44.434,44.655,44.306,44.635,14179,0
MDYV.US,60,20201102,160000,45.212,45.272,44.996,45.211,2123,0
MDYV.US,60,20201102,170000,45.352,45.492,45.232,45.288,4741,0
MDYV.US,60,20201102,180000,45.342,45.63,45.342,45.63,3451,0
MDYV.US,60,20201102,190000,45.601,45.69,45.352,45.352,9909,0
MDYV.US,60,20201102,200000,45.216,45.23,45.127,45.158,3730,0
MDYV.US,60,20201102,210000,45.222,45.63,45.222,45.499,4394,0
MDYV.US,60,20201102,220000,45.494,45.64,45.464,45.64,12691,0
MDYV.US,60,20201103,160000,46.308,46.566,46.308,46.566,1735,0
MDYV.US,60,20201103,170000,46.658,46.658,46.527,46.656,2099,0
MDYV.US,60,20201103,180000,46.716,46.799,46.666,46.7,3130,0
MDYV.US,60,20201103,190000,46.7,46.7,46.507,46.51,3008,0
MDYV.US,60,20201103,200000,46.546,46.546,46.517,46.517,874,0
MDYV.US,60,20201103,210000,46.556,46.785,46.556,46.721,2745,0
MDYV.US,60,20201103,220000,46.618,46.925,46.6,46.785,9133,0
MDYV.US,60,20201104,160000,46.198,46.198,45.79,46.029,502,0
MDYV.US,60,20201104,170000,46.327,46.327,46.288,46.322,6263,0
MDYV.US,60,20201104,180000,46.457,46.646,46.317,46.646,5994,0
MDYV.US,60,20201104,190000,46.677,46.803,46.616,46.627,2324,0
MDYV.US,60,20201104,200000,46.586,46.586,46.377,46.417,2686,0
MDYV.US,60,20201104,210000,46.447,46.447,46.246,46.246,2818,0
MDYV.US,60,20201104,220000,46.278,46.278,45.989,46.029,7460,0
MDYV.US,60,20201105,160000,46.596,47.099,46.596,47.084,3876,0
MDYV.US,60,20201105,170000,47.004,47.472,47.004,47.442,2181,0
MDYV.US,60,20201105,180000,47.371,47.442,47.297,47.437,39509,0
MDYV.US,60,20201105,190000,47.433,47.462,47.194,47.435,5264,0
MDYV.US,60,20201105,200000,47.52,47.731,47.505,47.558,149284,0
MDYV.US,60,20201105,210000,47.547,47.602,47.481,47.513,7334,0
MDYV.US,60,20201105,220000,47.521,47.592,47.413,47.482,16665,0
MDYV.US,60,20201106,160000,47.512,47.582,47.343,47.343,5210,0
MDYV.US,60,20201106,170000,47.426,47.562,47.426,47.552,1182,0
MDYV.US,60,20201106,180000,47.413,47.472,47.103,47.174,4933,0
MDYV.US,60,20201106,190000,47.144,47.144,46.995,46.995,4940,0
MDYV.US,60,20201106,200000,47.014,47.094,47.014,47.079,1611,0
MDYV.US,60,20201106,210000,47.114,47.114,46.95,46.95,6620,0
MDYV.US,60,20201106,220000,46.907,47.134,46.877,46.955,8590,0
MDYV.US,60,20201109,160000,50.439,51.286,50.42,50.499,9850,0
MDYV.US,60,20201109,170000,50.439,50.609,50.023,50.023,11028,0
MDYV.US,60,20201109,180000,49.998,49.998,49.772,49.812,4158,0
MDYV.US,60,20201109,190000,49.808,50.283,49.808,50.283,9269,0
MDYV.US,60,20201109,200000,50.33,50.489,50.23,50.314,5017,0
MDYV.US,60,20201109,210000,50.33,50.33,50.207,50.24,6566,0
MDYV.US,60,20201109,220000,50.25,50.352,49.484,49.494,10046,0
MDYV.US,60,20201110,160000,49.673,49.782,49.658,49.752,3487,0
MDYV.US,60,20201110,170000,50.071,50.13,49.787,49.862,6146,0
MDYV.US,60,20201110,180000,50.059,50.27,50.059,50.27,11528,0
MDYV.US,60,20201110,190000,50.32,50.421,50.28,50.41,8179,0
MDYV.US,60,20201110,200000,50.439,50.439,50.235,50.365,4151,0
MDYV.US,60,20201110,210000,50.469,50.549,50.4,50.519,6584,0
MDYV.US,60,20201110,220000,50.579,50.659,50.39,50.469,12303,0
MDYV.US,60,20201111,160000,50.738,50.738,50.057,50.151,2309,0
MDYV.US,60,20201111,170000,49.76,49.942,49.76,49.905,1457,0
MDYV.US,60,20201111,180000,49.884,50.125,49.882,50.031,18033,0
MDYV.US,60,20201111,190000,50.014,50.051,49.915,50.033,6982,0
MDYV.US,60,20201111,200000,50.061,50.061,49.957,49.997,4721,0
MDYV.US,60,20201111,210000,49.986,50.031,49.762,49.825,27781,0
MDYV.US,60,20201111,220000,49.809,50.061,49.731,50.061,15963,0
MDYV.US,60,20201112,160000,49.663,49.663,49.286,49.286,8394,0
MDYV.US,60,20201112,170000,49.304,49.683,49.304,49.639,5573,0
MDYV.US,60,20201112,180000,49.514,49.693,49.514,49.633,22151,0
MDYV.US,60,20201112,190000,49.548,49.646,49.144,49.145,2867,0
MDYV.US,60,20201112,200000,49.145,49.145,48.96,49.133,4135,0
MDYV.US,60,20201112,210000,49.175,49.175,48.787,48.802,4846,0
MDYV.US,60,20201112,220000,48.787,49.105,48.717,49.095,14653,0
MDYV.US,60,20201113,160000,49.892,50.031,49.892,50.031,902,0
MDYV.US,60,20201113,170000,50.071,50.171,49.963,50.053,2320,0
MDYV.US,60,20201113,180000,49.981,50.036,49.981,50.036,1460,0
MDYV.US,60,20201113,190000,50.061,50.101,49.991,50.073,9489,0
MDYV.US,60,20201113,200000,50.056,50.181,50.056,50.171,3625,0
MDYV.US,60,20201113,210000,50.19,50.429,50.181,50.429,8292,0
MDYV.US,60,20201113,220000,50.383,50.469,50.317,50.4,11591,0
MDYV.US,60,20201116,160000,51.316,51.497,50.975,51.136,9796,0
MDYV.US,60,20201116,170000,51.196,51.704,51.196,51.684,16836,0
MDYV.US,60,20201116,180000,51.684,51.734,51.642,51.699,3560,0
MDYV.US,60,20201116,190000,51.694,51.714,51.505,51.535,9353,0
MDYV.US,60,20201116,200000,51.535,51.535,51.226,51.266,20405,0
MDYV.US,60,20201116,210000,51.276,51.524,51.236,51.515,21651,0
MDYV.US,60,20201116,220000,51.494,51.754,51.415,51.754,46307,0
MDYV.US,60,20201117,160000,51.126,51.196,50.818,50.888,19358,0
MDYV.US,60,20201117,170000,50.987,51.256,50.868,51.256,78624,0
MDYV.US,60,20201117,180000,51.236,51.664,51.156,51.588,218958,0
MDYV.US,60,20201117,190000,51.56,51.823,51.525,51.813,206590,0
MDYV.US,60,20201117,200000,51.784,51.903,51.73,51.794,142452,0
MDYV.US,60,20201117,210000,51.853,52.082,51.853,52.013,377301,0
MDYV.US,60,20201117,220000,51.999,52.003,51.724,51.873,144887,0
MDYV.US,60,20201118,160000,52.102,52.102,51.933,51.993,8308,0
MDYV.US,60,20201118,170000,52.068,52.112,51.958,52.013,18452,0
MDYV.US,60,20201118,180000,52.023,52.212,52.023,52.178,36168,0
MDYV.US,60,20201118,190000,52.102,52.142,52.029,52.122,20435,0
MDYV.US,60,20201118,200000,52.142,52.162,51.848,51.848,6022,0
MDYV.US,60,20201118,210000,51.953,51.993,51.644,51.784,50960,0
MDYV.US,60,20201118,220000,51.784,51.794,51.176,51.176,64784,0
MDYV.US,60,20201119,160000,51.057,51.296,51.057,51.276,3764,0
MDYV.US,60,20201119,170000,51.157,51.236,50.977,51.116,3170,0
MDYV.US,60,20201119,180000,51.027,51.087,50.927,50.967,13440,0
MDYV.US,60,20201119,190000,51.007,51.027,50.893,50.937,12994,0
MDYV.US,60,20201119,200000,51.057,51.186,51.042,51.161,395607,0
MDYV.US,60,20201119,210000,51.161,51.465,51.161,51.384,13367,0
MDYV.US,60,20201119,220000,51.352,51.614,51.308,51.594,73175,0
MDYV.US,60,20201120,160000,51.445,51.475,51.312,51.312,2520,0
MDYV.US,60,20201120,170000,51.336,51.445,51.186,51.236,23056,0
MDYV.US,60,20201120,180000,51.238,51.345,51.157,51.286,12248,0
MDYV.US,60,20201120,190000,51.296,51.316,51.206,51.236,7524,0
MDYV.US,60,20201120,200000,51.281,51.359,51.259,51.359,8081,0
MDYV.US,60,20201120,210000,51.375,51.375,51.247,51.316,11264,0
MDYV.US,60,20201120,220000,51.326,51.435,51.174,51.355,14470,0
MDYV.US,60,20201123,160000,51.823,51.973,51.823,51.973,2823,0
MDYV.US,60,20201123,170000,51.983,52.381,51.983,52.381,6084,0
MDYV.US,60,20201123,180000,52.381,52.419,52.261,52.338,6136,0
MDYV.US,60,20201123,190000,52.341,52.421,52.282,52.409,17804,0
MDYV.US,60,20201123,200000,52.411,52.51,52.381,52.5,252972,0
MDYV.US,60,20201123,210000,52.51,52.69,52.431,52.69,504852,0
MDYV.US,60,20201123,220000,52.685,52.799,52.5,52.56,1982678,0
MDYV.US,60,20201124,160000,53.217,53.516,53.148,53.516,9935,0
MDYV.US,60,20201124,170000,53.526,53.825,53.526,53.784,51023,0
MDYV.US,60,20201124,180000,53.765,53.999,53.735,53.988,70341,0
MDYV.US,60,20201124,190000,53.964,54.034,53.904,53.954,36736,0
MDYV.US,60,20201124,200000,53.974,54.077,53.884,53.894,19784,0
MDYV.US,60,20201124,210000,53.884,53.944,53.725,53.939,65364,0
MDYV.US,60,20201124,220000,53.974,54.004,53.874,54.004,17188,0
MDYV.US,60,20201125,160000,53.785,53.785,53.128,53.128,5149,0
MDYV.US,60,20201125,170000,53.173,53.327,53.108,53.286,7770,0
MDYV.US,60,20201125,180000,53.237,53.575,53.237,53.575,14806,0
MDYV.US,60,20201125,190000,53.596,53.675,53.461,53.476,10146,0
MDYV.US,60,20201125,200000,53.47,53.616,53.466,53.532,257534,0
MDYV.US,60,20201125,210000,53.531,53.556,53.441,53.546,47169,0
MDYV.US,60,20201125,220000,53.556,53.596,53.406,53.486,45099,0
MDYV.US,60,20201127,160000,53.496,53.496,53.25,53.426,3511,0
MDYV.US,60,20201127,170000,53.37,53.426,53.128,53.202,12329,0
MDYV.US,60,20201127,180000,53.223,53.406,53.158,53.406,8157,0
MDYV.US,60,20201127,190000,53.495,53.495,53.257,53.337,9674,0
MDYV.US,60,20201127,200000,53.297,53.297,53.297,53.297,201,0
MDYV.US,60,20201127,220000,53.297,53.297,53.297,53.297,0,0
MDYV.US,60,20201130,160000,53.158,53.212,52.924,52.924,4275,0
MDYV.US,60,20201130,170000,52.829,52.829,52.301,52.71,6576,0
MDYV.US,60,20201130,180000,52.712,52.809,52.5,52.61,11105,0
MDYV.US,60,20201130,190000,52.525,52.59,52.476,52.509,12372,0
MDYV.US,60,20201130,200000,52.53,52.56,52.441,52.451,25420,0
MDYV.US,60,20201130,210000,52.391,52.456,52.271,52.456,56316,0
MDYV.US,60,20201130,220000,52.471,52.51,51.994,52.062,18019,0
MDYV.US,60,20201201,160000,52.739,53.108,52.739,53.108,12628,0
MDYV.US,60,20201201,170000,53.118,53.267,52.909,52.953,14124,0
MDYV.US,60,20201201,180000,52.939,53.028,52.66,52.66,11461,0
MDYV.US,60,20201201,190000,52.63,52.809,52.596,52.744,51113,0
MDYV.US,60,20201201,200000,52.724,52.889,52.689,52.889,21492,0
MDYV.US,60,20201201,210000,52.939,53.088,52.916,52.978,10409,0
MDYV.US,60,20201201,220000,52.968,52.968,52.769,52.889,124899,0
MDYV.US,60,20201202,160000,52.57,52.879,52.361,52.879,1967,0
MDYV.US,60,20201202,170000,52.843,52.919,52.705,52.859,7020,0
MDYV.US,60,20201202,180000,52.904,52.958,52.759,52.759,13327,0
MDYV.US,60,20201202,190000,52.769,52.889,52.769,52.879,3192,0
MDYV.US,60,20201202,200000,52.844,52.919,52.789,52.819,10904,0
MDYV.US,60,20201202,210000,52.784,53.038,52.744,53.008,22381,0
MDYV.US,60,20201202,220000,53.008,53.128,52.988,53.008,31656,0
MDYV.US,60,20201203,160000,53.187,53.187,52.968,53.088,1054,0
MDYV.US,60,20201203,170000,53.098,53.479,53.078,53.466,5114,0
MDYV.US,60,20201203,180000,53.556,53.586,53.466,53.513,5631,0
MDYV.US,60,20201203,190000,53.532,53.586,53.493,53.566,7083,0
MDYV.US,60,20201203,200000,53.556,53.606,53.347,53.347,8597,0
MDYV.US,60,20201203,210000,53.452,53.536,53.427,53.469,35137,0
MDYV.US,60,20201203,220000,53.474,53.586,53.078,53.307,40017,0
MDYV.US,60,20201204,160000,53.596,53.894,53.596,53.894,2510,0
MDYV.US,60,20201204,170000,53.72,54.133,53.72,54.133,3759,0
MDYV.US,60,20201204,180000,54.103,54.203,54.059,54.113,6238,0
MDYV.US,60,20201204,190000,54.124,54.173,54.103,54.173,2918,0
MDYV.US,60,20201204,200000,54.163,54.212,54.104,54.158,8016,0
MDYV.US,60,20201204,210000,54.138,54.273,54.124,54.25,15736,0
MDYV.US,60,20201204,220000,54.248,54.452,54.213,54.452,9670,0
MDYV.US,60,20201207,160000,54.223,54.223,53.864,53.944,2972,0
MDYV.US,60,20201207,170000,53.914,54.321,53.914,54.263,13390,0
MDYV.US,60,20201207,180000,54.263,54.263,54.113,54.113,5620,0
MDYV.US,60,20201207,190000,54.173,54.223,54.134,54.153,5464,0
MDYV.US,60,20201207,200000,54.107,54.107,53.954,53.999,7898,0
MDYV.US,60,20201207,210000,53.924,54.103,53.924,54.039,8762,0
MDYV.US,60,20201207,220000,54.074,54.144,53.934,54.054,11829,0
MDYV.US,60,20201208,160000,53.775,54.313,53.775,54.263,2528,0
MDYV.US,60,20201208,170000,54.103,54.293,54.024,54.138,9381,0
MDYV.US,60,20201208,180000,54.156,54.318,54.156,54.303,10059,0
MDYV.US,60,20201208,190000,54.218,54.402,54.203,54.342,8020,0
MDYV.US,60,20201208,200000,54.348,54.412,54.331,54.342,7772,0
MDYV.US,60,20201208,210000,54.362,54.482,54.352,54.371,259279,0
MDYV.US,60,20201208,220000,54.362,54.462,54.313,54.452,11621,0
MDYV.US,60,20201209,160000,54.721,54.935,54.721,54.935,2826,0
MDYV.US,60,20201209,170000,54.96,54.978,54.761,54.761,11697,0
MDYV.US,60,20201209,180000,54.696,54.701,54.542,54.681,9091,0
MDYV.US,60,20201209,190000,54.661,54.731,54.532,54.571,8470,0
MDYV.US,60,20201209,200000,54.571,54.571,54.093,54.093,5349,0
MDYV.US,60,20201209,210000,54.113,54.422,54.113,54.409,5344,0
MDYV.US,60,20201209,220000,54.447,54.482,54.264,54.412,14934,0
MDYV.US,60,20201210,160000,54.004,54.273,54.004,54.273,5449,0
MDYV.US,60,20201210,170000,54.22,54.377,54.215,54.322,4548,0
MDYV.US,60,20201210,180000,54.347,54.347,54.172,54.172,6128,0
MDYV.US,60,20201210,190000,54.178,54.452,54.165,54.352,4642,0
MDYV.US,60,20201210,200000,54.361,54.507,54.337,54.399,9574,0
MDYV.US,60,20201210,210000,54.322,54.401,54.223,54.346,16972,0
MDYV.US,60,20201210,220000,54.352,54.581,54.352,54.561,10960,0
MDYV.US,60,20201211,160000,54.074,54.402,54.074,54.402,8814,0
MDYV.US,60,20201211,170000,54.54,54.547,54.288,54.288,2881,0
MDYV.US,60,20201211,180000,54.313,54.352,54.004,54.146,8898,0
MDYV.US,60,20201211,190000,54.149,54.149,53.785,54.012,3865,0
MDYV.US,60,20201211,200000,54.009,54.198,54.004,54.191,9586,0
MDYV.US,60,20201211,210000,54.193,54.312,54.183,54.237,10149,0
MDYV.US,60,20201211,220000,54.203,54.334,54.176,54.223,19024,0
MDYV.US,60,20201214,160000,54.89,54.98,54.707,54.707,3597,0
MDYV.US,60,20201214,170000,54.742,54.79,54.357,54.357,7186,0
MDYV.US,60,20201214,180000,54.352,54.47,54.342,54.364,9749,0
MDYV.US,60,20201214,190000,54.342,54.382,54.223,54.243,51938,0
MDYV.US,60,20201214,200000,54.213,54.263,54.123,54.163,5873,0
MDYV.US,60,20201214,210000,54.167,54.193,53.949,54.145,18863,0
MDYV.US,60,20201214,220000,54.065,54.203,53.929,53.954,12653,0
MDYV.US,60,20201215,160000,54.362,54.382,54.187,54.187,4040,0
MDYV.US,60,20201215,170000,54.423,54.542,54.282,54.542,3682,0
MDYV.US,60,20201215,180000,54.517,54.649,54.422,54.641,6305,0
MDYV.US,60,20201215,190000,54.646,54.9,54.592,54.87,6573,0
MDYV.US,60,20201215,200000,54.929,55.069,54.893,55.044,7468,0
MDYV.US,60,20201215,210000,55.094,55.198,55.039,55.116,16465,0
MDYV.US,60,20201215,220000,55.129,55.268,55.055,55.268,17254,0
MDYV.US,60,20201216,160000,55.438,55.438,55.254,55.262,5983,0
MDYV.US,60,20201216,170000,55.183,55.187,54.99,55.012,7996,0
MDYV.US,60,20201216,180000,55.019,55.109,54.92,55.048,38031,0
MDYV.US,60,20201216,190000,55.049,55.059,54.96,55.039,6979,0
MDYV.US,60,20201216,200000,55.022,55.022,54.89,54.904,12197,0
MDYV.US,60,20201216,210000,55,55.139,54.831,55.139,28749,0
MDYV.US,60,20201216,220000,55.049,55.199,55.012,55.129,13528,0
MDYV.US,60,20201217,160000,55.348,55.348,55.059,55.079,2833,0
MDYV.US,60,20201217,170000,55.109,55.238,55.015,55.079,11262,0
MDYV.US,60,20201217,180000,55.045,55.243,55.044,55.229,9799,0
MDYV.US,60,20201217,190000,55.224,55.267,55.11,55.253,5384,0
MDYV.US,60,20201217,200000,55.248,55.288,55.203,55.203,5467,0
MDYV.US,60,20201217,210000,55.258,55.333,55.258,55.258,11355,0
MDYV.US,60,20201217,220000,55.278,55.428,55.209,55.428,16469,0
MDYV.US,60,20201218,160000,55.497,55.687,55.401,55.502,2641,0
MDYV.US,60,20201218,170000,55.438,55.567,55.418,55.438,8194,0
MDYV.US,60,20201218,180000,55.465,55.465,55.258,55.388,7407,0
MDYV.US,60,20201218,190000,55.418,55.526,55.411,55.413,6803,0
MDYV.US,60,20201218,200000,55.418,55.448,55.378,55.383,9533,0
MDYV.US,60,20201218,210000,55.368,55.368,55.089,55.089,27267,0
MDYV.US,60,20201218,220000,55.144,55.169,54.721,54.89,26604,0
MDYV.US,60,20201221,160000,54.22,54.53,54.05,54.29,7339,0
MDYV.US,60,20201221,170000,54.1,54.2,53.82,54.18,11947,0
MDYV.US,60,20201221,180000,54.18,54.2318,54.1092,54.1324,3613,0
MDYV.US,60,20201221,190000,54.1692,54.4696,54.108,54.4696,11406,0
MDYV.US,60,20201221,200000,54.4581,54.5393,54.4254,54.53,10660,0
MDYV.US,60,20201221,210000,54.5142,54.7089,54.4839,54.56,10283,0
MDYV.US,60,20201221,220000,54.51,54.67,54.41,54.67,13172,0
MDYV.US,60,20201222,160000,54.73,54.73,54.5,54.5,5326,0
MDYV.US,60,20201222,170000,54.765,54.84,54.66,54.66,5739,0
MDYV.US,60,20201222,180000,54.76,54.82,54.5,54.575,11547,0
MDYV.US,60,20201222,190000,54.5892,54.6632,54.51,54.5879,4689,0
MDYV.US,60,20201222,200000,54.65,54.71,54.6033,54.68,44549,0
MDYV.US,60,20201222,210000,54.71,54.77,54.641,54.76,8637,0
MDYV.US,60,20201222,220000,54.79,54.8075,54.64,54.64,10519,0
MDYV.US,60,20201223,160000,55.02,55.49,55.016,55.46,5353,0
MDYV.US,60,20201223,170000,55.45,55.46,55.22,55.41,8043,0
MDYV.US,60,20201223,180000,55.4,55.52,55.371,55.51,26952,0
MDYV.US,60,20201223,190000,55.51,55.51,55.36,55.4,5998,0
MDYV.US,60,20201223,200000,55.42,55.479,55.42,55.4339,11680,0
MDYV.US,60,20201223,210000,55.44,55.49,55.38,55.425,6945,0
MDYV.US,60,20201223,220000,55.41,55.5518,55.355,55.42,12024,0
MDYV.US,60,20201224,160000,55.55,55.55,55.0062,55.1657,3798,0
MDYV.US,60,20201224,170000,55.1341,55.2799,55.1,55.2632,11204,0
MDYV.US,60,20201224,180000,55.3,55.31,55.1734,55.2699,14228,0
MDYV.US,60,20201224,190000,55.22,55.49,55.2194,55.49,8722,0
MDYV.US,60,20201224,200000,55.5,55.5,55.5,55.5,209,0
MDYV.US,60,20201224,220000,55.5,55.5,55.5,55.5,0,0
MDYV.US,60,20201228,160000,55.93,55.93,55.5301,55.89,18756,0
MDYV.US,60,20201228,170000,55.86,55.99,55.74,55.78,18233,0
MDYV.US,60,20201228,180000,55.745,55.83,55.6301,55.6301,8465,0
MDYV.US,60,20201228,190000,55.6245,55.709,55.6245,55.6298,3191,0
MDYV.US,60,20201228,200000,55.655,55.709,55.62,55.6679,8535,0
MDYV.US,60,20201228,210000,55.67,55.799,55.6242,55.6242,17211,0
MDYV.US,60,20201228,220000,55.669,55.669,55.4801,55.5001,25689,0
MDYV.US,60,20201229,160000,55.63,55.63,55.2361,55.2361,8583,0
MDYV.US,60,20201229,170000,55.2941,55.2941,55.065,55.15,6260,0
MDYV.US,60,20201229,180000,55.16,55.16,55.06,55.1,7321,0
MDYV.US,60,20201229,190000,55.0843,55.19,54.77,54.84,12765,0
MDYV.US,60,20201229,200000,54.87,54.92,54.83,54.92,12887,0
MDYV.US,60,20201229,210000,54.85,54.87,54.733,54.83,27257,0
MDYV.US,60,20201229,220000,54.82,55.09,54.82,54.93,27800,0
MDYV.US,60,20201230,160000,55.17,55.72,55.15,55.7099,7885,0
MDYV.US,60,20201230,170000,55.75,55.75,55.5605,55.635,12402,0
MDYV.US,60,20201230,180000,55.635,55.635,55.3501,55.4395,10307,0
MDYV.US,60,20201230,190000,55.4587,55.5525,55.455,55.4855,5119,0
MDYV.US,60,20201230,200000,55.495,55.512,55.4,55.4638,11728,0
MDYV.US,60,20201230,210000,55.44,55.46,55.335,55.335,5131,0
MDYV.US,60,20201230,220000,55.38,55.5,55.36,55.44,18393,0
MDYV.US,60,20201231,160000,55.4,55.4,54.96,55.1175,4834,0
MDYV.US,60,20201231,170000,55.13,55.4796,55.13,55.425,8339,0
MDYV.US,60,20201231,180000,55.43,55.4899,55.4,55.439,11902,0
MDYV.US,60,20201231,190000,55.4895,55.51,55.4432,55.47,4454,0
MDYV.US,60,20201231,200000,55.49,55.55,55.4414,55.4637,9609,0
MDYV.US,60,20201231,210000,55.46,55.69,55.4595,55.6089,7594,0
MDYV.US,60,20201231,220000,55.609,55.74,55.5,55.5,11298,0
MDYV.US,60,20210104,160000,55.85,55.85,55.37,55.4429,5980,0
MDYV.US,60,20210104,170000,55.239,55.33,54.54,54.55,246890,0
MDYV.US,60,20210104,180000,54.5285,54.64,54.2678,54.37,34442,0
MDYV.US,60,20210104,190000,54.4001,54.435,54.1721,54.39,5096,0
MDYV.US,60,20210104,200000,54.405,54.84,54.405,54.8053,67089,0
MDYV.US,60,20210104,210000,54.785,54.785,54.4101,54.615,91782,0
MDYV.US,60,20210104,220000,54.6138,54.63,54.38,54.52,91850,0
MDYV.US,60,20210105,160000,54.43,55.0401,54.43,54.95,5287,0
MDYV.US,60,20210105,170000,55.035,55.08,54.9,54.9022,49013,0
MDYV.US,60,20210105,180000,54.95,55.16,54.8601,55.125,10378,0
MDYV.US,60,20210105,190000,55.171,55.39,55.171,55.39,7828,0
MDYV.US,60,20210105,200000,55.415,55.49,55.341,55.49,6016,0
MDYV.US,60,20210105,210000,55.54,55.69,55.4656,55.4656,33774,0
MDYV.US,60,20210105,220000,55.4755,55.54,55.27,55.36,17099,0
MDYV.US,60,20210106,160000,55.86,56.84,55.86,56.84,2457,0
MDYV.US,60,20210106,170000,56.9235,57.46,56.905,57.46,8805,0
MDYV.US,60,20210106,180000,57.54,57.79,57.54,57.7001,7633,0
MDYV.US,60,20210106,190000,57.77,58.029,57.75,58.0042,12263,0
MDYV.US,60,20210106,200000,58.03,58.2065,58.03,58.141,13075,0
MDYV.US,60,20210106,210000,58.125,58.1997,57.26,57.57,17419,0
MDYV.US,60,20210106,220000,57.5501,57.84,57.4203,57.84,27530,0
MDYV.US,60,20210107,160000,58.22,58.22,57.955,58.1141,7939,0
MDYV.US,60,20210107,170000,58.195,58.313,58.076,58.1211,7381,0
MDYV.US,60,20210107,180000,58.13,58.16,57.925,57.94,5059,0
MDYV.US,60,20210107,190000,58.02,58.11,58.02,58.11,21835,0
MDYV.US,60,20210107,200000,58.1335,58.159,58.025,58.159,185232,0
MDYV.US,60,20210107,210000,58.1301,58.1301,58.0111,58.05,81797,0
MDYV.US,60,20210107,220000,58.12,58.2,57.9935,58.11,75800,0
MDYV.US,60,20210108,160000,58.35,58.35,57.9742,58.0925,36918,0
MDYV.US,60,20210108,170000,58.1115,58.1594,57.8353,58.02,4715,0
MDYV.US,60,20210108,180000,58.0721,58.108,57.81,57.8483,13984,0
MDYV.US,60,20210108,190000,57.815,57.94,57.7345,57.7345,148443,0
MDYV.US,60,20210108,200000,57.71,57.71,57.22,57.23,13473,0
MDYV.US,60,20210108,210000,57.38,57.565,57.3663,57.53,13613,0
MDYV.US,60,20210108,220000,57.53,57.82,57.53,57.82,170412,0
MDYV.US,60,20210111,160000,57.14,57.7343,57.14,57.7343,7367,0
MDYV.US,60,20210111,170000,57.685,57.82,57.6571,57.8,6685,0
MDYV.US,60,20210111,180000,57.815,57.85,57.685,57.85,12151,0
MDYV.US,60,20210111,190000,57.87,57.975,57.8264,57.9395,5297,0
MDYV.US,60,20210111,200000,57.9654,58,57.7466,57.785,16838,0
MDYV.US,60,20210111,210000,57.76,57.88,57.76,57.8752,5401,0
MDYV.US,60,20210111,220000,57.9,57.9269,57.75,57.89,12217,0
MDYV.US,60,20210112,160000,58.09,58.375,58.015,58.375,2958,0
MDYV.US,60,20210112,170000,58.46,58.6447,58.46,58.52,4736,0
MDYV.US,60,20210112,180000,58.5,58.673,58.5,58.53,4407,0
MDYV.US,60,20210112,190000,58.5302,58.6771,58.44,58.5824,7854,0
MDYV.US,60,20210112,200000,58.4861,58.596,58.45,58.5879,6821,0
MDYV.US,60,20210112,210000,58.6,58.6845,58.5621,58.6845,28248,0
MDYV.US,60,20210112,220000,58.699,58.75,58.6101,58.68,21521,0
MDYV.US,60,20210113,160000,58.66,58.66,58.2754,58.2754,3664,0
MDYV.US,60,20210113,170000,58.33,58.33,58.1701,58.2715,11234,0
MDYV.US,60,20210113,180000,58.215,58.28,58.0901,58.11,13838,0
MDYV.US,60,20210113,190000,58.14,58.4401,58.0753,58.395,12100,0
MDYV.US,60,20210113,200000,58.42,58.42,58.3105,58.4081,12938,0
MDYV.US,60,20210113,210000,58.43,58.51,58.31,58.3188,21172,0
MDYV.US,60,20210113,220000,58.349,58.349,58.1341,58.21,10945,0
MDYV.US,60,20210114,160000,58.53,58.7201,58.53,58.7201,2496,0
MDYV.US,60,20210114,170000,58.722,58.9,58.5303,58.5433,9147,0
MDYV.US,60,20210114,180000,58.6552,58.9044,58.6101,58.9044,11781,0
MDYV.US,60,20210114,190000,58.9228,59,58.9,58.93,10734,0
MDYV.US,60,20210114,200000,58.9153,59.15,58.9153,59.0801,9702,0
MDYV.US,60,20210114,210000,59.145,59.21,59.0662,59.095,12754,0
MDYV.US,60,20210114,220000,59.1145,59.1399,58.8301,58.9,21618,0
MDYV.US,60,20210115,160000,58.31,58.31,58.04,58.25,2624,0
MDYV.US,60,20210115,170000,58.1001,58.1113,57.6,57.9901,14370,0
MDYV.US,60,20210115,180000,57.9446,58.12,57.84,58.06,8241,0
MDYV.US,60,20210115,190000,58.0123,58.33,57.99,58.325,7872,0
MDYV.US,60,20210115,200000,58.285,58.47,58.2511,58.3819,10273,0
MDYV.US,60,20210115,210000,58.403,58.51,58.33,58.4416,7323,0
MDYV.US,60,20210115,220000,58.5,58.55,58.285,58.33,14785,0
MDYV.US,60,20210119,160000,58.87,58.87,58.5999,58.68,5140,0
MDYV.US,60,20210119,170000,58.54,58.795,58.3,58.79,12312,0
MDYV.US,60,20210119,180000,58.73,58.73,58.4991,58.4991,67404,0
MDYV.US,60,20210119,190000,58.4903,58.655,58.46,58.655,53455,0
MDYV.US,60,20210119,200000,58.64,58.6771,58.5594,58.6771,23140,0
MDYV.US,60,20210119,210000,58.67,58.67,58.54,58.5699,438705,0
MDYV.US,60,20210119,220000,58.55,58.6787,58.5015,58.61,15463,0
MDYV.US,60,20210120,160000,58.9,59.01,58.82,58.895,17686,0
MDYV.US,60,20210120,170000,58.96,59.185,58.96,59.0995,20150,0
MDYV.US,60,20210120,180000,58.9,59,58.81,58.945,8679,0
MDYV.US,60,20210120,190000,58.965,59.07,58.8074,59.05,20153,0
MDYV.US,60,20210120,200000,59.0399,59.08,58.955,59.0333,9848,0
MDYV.US,60,20210120,210000,59.005,59.099,58.94,59.0839,9033,0
MDYV.US,60,20210120,220000,59.07,59.16,59.07,59.15,11374,0
MDYV.US,60,20210121,160000,59.24,59.24,58.87,58.94,1726,0
MDYV.US,60,20210121,170000,58.89,58.979,58.83,58.83,21285,0
MDYV.US,60,20210121,180000,58.82,58.82,58.585,58.6304,10534,0
MDYV.US,60,20210121,190000,58.6379,58.65,58.5395,58.585,8017,0
MDYV.US,60,20210121,200000,58.593,58.6397,58.53,58.6262,203542,0
MDYV.US,60,20210121,210000,58.6,58.81,58.6,58.715,10584,0
MDYV.US,60,20210121,220000,58.7244,58.73,58.5,58.5,32697,0
MDYV.US,60,20210122,160000,58.04,58.2048,58,58.19,5289,0
MDYV.US,60,20210122,170000,58.14,58.285,57.8919,58.11,6124,0
MDYV.US,60,20210122,180000,58.15,58.2837,58.0892,58.215,7672,0
MDYV.US,60,20210122,190000,58.3,58.3021,58.16,58.29,5550,0
MDYV.US,60,20210122,200000,58.2044,58.32,58.2044,58.289,4264,0
MDYV.US,60,20210122,210000,58.265,58.44,58.2,58.44,7157,0
MDYV.US,60,20210122,220000,58.46,58.71,58.45,58.71,23472,0
MDYV.US,60,20210125,160000,58.59,58.59,58.38,58.38,1491,0
MDYV.US,60,20210125,170000,58.33,59.02,58.33,58.651,6614,0
MDYV.US,60,20210125,180000,58.08,58.325,57.965,58.325,8398,0
MDYV.US,60,20210125,190000,58.36,58.3843,58.0617,58.35,62834,0
MDYV.US,60,20210125,200000,58.3601,58.56,58.3,58.4172,26708,0
MDYV.US,60,20210125,210000,58.425,58.482,58.3,58.33,57969,0
MDYV.US,60,20210125,220000,58.37,58.53,58.31,58.52,64558,0
MDYV.US,60,20210126,160000,58.88,58.99,58.6667,58.6667,3836,0
MDYV.US,60,20210126,170000,58.69,58.71,58.31,58.31,5526,0
MDYV.US,60,20210126,180000,58.2144,58.32,58.0661,58.0661,4160,0
MDYV.US,60,20210126,190000,58.07,58.24,58.07,58.233,33790,0
MDYV.US,60,20210126,200000,58.2638,58.2638,58.1658,58.18,7234,0
MDYV.US,60,20210126,210000,58.1569,58.2958,58.1569,58.2958,21793,0
MDYV.US,60,20210126,220000,58.355,58.3753,58.11,58.15,20826,0
MDYV.US,60,20210127,160000,57.36,57.45,57.1,57.45,3885,0
MDYV.US,60,20210127,170000,57.44,57.61,57.27,57.5,4676,0
MDYV.US,60,20210127,180000,57.52,57.5987,57.29,57.29,8361,0
MDYV.US,60,20210127,190000,57.28,57.6199,57.1975,57.6199,5502,0
MDYV.US,60,20210127,200000,57.66,57.672,57.52,57.52,3891,0
MDYV.US,60,20210127,210000,57.5335,57.5335,56.994,57.02,14815,0
MDYV.US,60,20210127,220000,56.924,57.2236,56.77,57.02,14614,0
MDYV.US,60,20210128,160000,57.5,57.52,57.4291,57.52,880,0
MDYV.US,60,20210128,170000,57.42,57.6999,57.42,57.5266,7660,0
MDYV.US,60,20210128,180000,57.64,57.74,57.3618,57.5459,4009,0
MDYV.US,60,20210128,190000,57.57,57.5767,57.4,57.415,12780,0
MDYV.US,60,20210128,200000,57.3747,57.61,57.284,57.61,2833,0
MDYV.US,60,20210128,210000,57.593,57.66,57.43,57.6,15175,0
MDYV.US,60,20210128,220000,57.6124,57.657,57.3,57.31,16710,0
MDYV.US,60,20210129,160000,57.34,57.34,56.72,57.26,6643,0
MDYV.US,60,20210129,170000,57.25,57.3,57.13,57.1756,7814,0
MDYV.US,60,20210129,180000,57.07,57.1,56.64,56.71,9109,0
MDYV.US,60,20210129,190000,56.795,56.8137,56,56.3182,9845,0
MDYV.US,60,20210129,200000,56.31,56.34,56.0499,56.12,10595,0
MDYV.US,60,20210129,210000,56.1,56.4199,56.0004,56.209,9131,0
MDYV.US,60,20210129,220000,56.2426,56.55,56.1,56.1,13475,0
MDYV.US,60,20210201,160000,56.62,56.62,56.2761,56.34,6133,0
MDYV.US,60,20210201,170000,56.23,56.489,56.23,56.23,7881,0
MDYV.US,60,20210201,180000,56.24,56.695,56.24,56.622,7170,0
MDYV.US,60,20210201,190000,56.66,56.66,56.52,56.628,2234,0
MDYV.US,60,20210201,200000,56.68,56.8543,56.6644,56.801,5464,0
MDYV.US,60,20210201,210000,56.845,57.15,56.845,57.0938,11765,0
MDYV.US,60,20210201,220000,57.115,57.265,57.0471,57.22,11433,0
MDYV.US,60,20210202,160000,57.72,57.72,57.17,57.3,5076,0
MDYV.US,60,20210202,170000,57.28,57.4965,57.25,57.4965,15203,0
MDYV.US,60,20210202,180000,57.53,57.869,57.53,57.74,6499,0
MDYV.US,60,20210202,190000,57.7538,57.78,57.69,57.755,4265,0
MDYV.US,60,20210202,200000,57.795,57.8059,57.68,57.7291,5504,0
MDYV.US,60,20210202,210000,57.729,57.84,57.6611,57.84,8198,0
MDYV.US,60,20210202,220000,57.8,57.83,57.69,57.69,15349,0
MDYV.US,60,20210203,160000,57.85,57.854,57.57,57.57,2560,0
MDYV.US,60,20210203,170000,57.631,57.772,57.41,57.5212,9452,0
MDYV.US,60,20210203,180000,57.5,57.65,57.39,57.65,9122,0
MDYV.US,60,20210203,190000,57.6406,57.75,57.6,57.75,5414,0
MDYV.US,60,20210203,200000,57.76,57.8642,57.76,57.8642,3696,0
MDYV.US,60,20210203,210000,57.8758,58,57.8758,57.96,6168,0
MDYV.US,60,20210203,220000,57.96,58.0148,57.91,58.01,15415,0
MDYV.US,60,20210204,160000,58.19,58.549,58.17,58.549,3844,0
MDYV.US,60,20210204,170000,58.61,58.7399,58.57,58.7399,5571,0
MDYV.US,60,20210204,180000,58.82,58.92,58.78,58.821,4717,0
MDYV.US,60,20210204,190000,58.825,58.9087,58.771,58.771,33156,0
MDYV.US,60,20210204,200000,58.77,58.92,58.7427,58.92,5877,0
MDYV.US,60,20210204,210000,58.895,58.95,58.8891,58.925,11885,0
MDYV.US,60,20210204,220000,58.88,58.88,58.7676,58.86,9514,0
MDYV.US,60,20210205,160000,59.43,59.48,59.2538,59.2538,4709,0
MDYV.US,60,20210205,170000,59.2283,59.5574,59.0406,59.5574,7682,0
MDYV.US,60,20210205,180000,59.45,59.5246,59.36,59.3689,20761,0
MDYV.US,60,20210205,190000,59.33,59.47,59.33,59.38,4570,0
MDYV.US,60,20210205,200000,59.399,59.3999,59.32,59.321,6655,0
MDYV.US,60,20210205,210000,59.31,59.42,59.2725,59.3851,15980,0
MDYV.US,60,20210205,220000,59.3827,59.45,59.32,59.45,17194,0
MDYV.US,60,20210208,160000,59.86,60.0028,59.73,60,5623,0
MDYV.US,60,20210208,170000,60.055,60.1761,59.95,60.0613,8837,0
MDYV.US,60,20210208,180000,60.09,60.16,60.049,60.14,39726,0
MDYV.US,60,20210208,190000,60.13,60.28,60.13,60.205,5981,0
MDYV.US,60,20210208,200000,60.17,60.22,60.106,60.1619,10963,0
MDYV.US,60,20210208,210000,60.2,60.35,60.1801,60.3123,18573,0
MDYV.US,60,20210208,220000,60.3299,60.55,60.271,60.55,12290,0
MDYV.US,60,20210209,160000,60.46,60.4632,60.3491,60.4419,1019,0
MDYV.US,60,20210209,170000,60.2907,60.3899,60.23,60.345,22951,0
MDYV.US,60,20210209,180000,60.345,60.529,60.22,60.51,19361,0
MDYV.US,60,20210209,190000,60.52,60.84,60.52,60.76,27034,0
MDYV.US,60,20210209,200000,60.7,60.76,60.491,60.7025,71799,0
MDYV.US,60,20210209,210000,60.73,60.7699,60.6,60.65,19947,0
MDYV.US,60,20210209,220000,60.65,60.69,60.54,60.63,37824,0
MDYV.US,60,20210210,160000,61,61.09,60.8336,61.0434,2431,0
MDYV.US,60,20210210,170000,61.06,61.0723,60.37,60.765,8510,0
MDYV.US,60,20210210,180000,60.83,60.944,60.675,60.7868,6890,0
MDYV.US,60,20210210,190000,60.72,60.72,60.41,60.6,4347,0
MDYV.US,60,20210210,200000,60.78,60.9269,60.78,60.86,7474,0
MDYV.US,60,20210210,210000,60.86,60.9751,60.7873,60.9751,10616,0
MDYV.US,60,20210210,220000,60.9745,60.9996,60.585,60.66,28835,0
MDYV.US,60,20210211,160000,60.91,61.1713,60.85,61.03,3601,0
MDYV.US,60,20210211,170000,60.9599,61.0734,60.9456,61.0035,6377,0
MDYV.US,60,20210211,180000,60.8468,60.935,60.741,60.8006,7466,0
MDYV.US,60,20210211,190000,60.74,60.745,60.145,60.4358,3989,0
MDYV.US,60,20210211,200000,60.455,60.6299,60.425,60.5635,7040,0
MDYV.US,60,20210211,210000,60.5232,60.7116,60.43,60.7116,9357,0
MDYV.US,60,20210211,220000,60.78,60.93,60.745,60.88,41849,0
MDYV.US,60,20210212,160000,60.77,60.985,60.77,60.92,6985,0
MDYV.US,60,20210212,170000,60.985,61.1489,60.92,60.995,4753,0
MDYV.US,60,20210212,180000,61.035,61.08,60.92,60.9967,9766,0
MDYV.US,60,20210212,190000,61.0699,61.085,60.9,60.92,6942,0
MDYV.US,60,20210212,200000,60.94,60.94,60.845,60.9,7637,0
MDYV.US,60,20210212,210000,60.87,60.87,60.7727,60.845,26035,0
MDYV.US,60,20210212,220000,60.88,61.09,60.86,61.09,29930,0
MDYV.US,60,20210216,160000,61.49,61.5387,61.278,61.278,8278,0
MDYV.US,60,20210216,170000,61.31,61.52,61.09,61.2545,8364,0
MDYV.US,60,20210216,180000,61.28,61.345,61.14,61.1625,11197,0
MDYV.US,60,20210216,190000,61.2,61.2859,61.0896,61.175,3394,0
MDYV.US,60,20210216,200000,61.18,61.2522,61.14,61.2,8372,0
MDYV.US,60,20210216,210000,61.2041,61.2828,61.1501,61.2828,7450,0
MDYV.US,60,20210216,220000,61.28,61.329,61.2,61.24,21044,0
MDYV.US,60,20210217,160000,60.87,61.0179,60.72,60.86,6681,0
MDYV.US,60,20210217,170000,60.93,61.09,60.82,60.825,13959,0
MDYV.US,60,20210217,180000,60.7511,60.7511,60.47,60.6959,18606,0
MDYV.US,60,20210217,190000,60.735,60.839,60.68,60.7806,13425,0
MDYV.US,60,20210217,200000,60.9133,60.96,60.84,60.96,6950,0
MDYV.US,60,20210217,210000,60.9783,61.0641,60.9,61.0641,11036,0
MDYV.US,60,20210217,220000,61.06,61.1,60.93,60.93,16915,0
MDYV.US,60,20210218,160000,60.55,60.8143,60.55,60.7699,4447,0
MDYV.US,60,20210218,170000,60.6829,60.71,60.25,60.28,12680,0
MDYV.US,60,20210218,180000,60.24,60.37,60.23,60.24,8203,0
MDYV.US,60,20210218,190000,60.22,60.32,60.17,60.17,21354,0
MDYV.US,60,20210218,200000,60.1413,60.4133,60.12,60.3575,8841,0
MDYV.US,60,20210218,210000,60.4754,60.532,60.44,60.44,12251,0
MDYV.US,60,20210218,220000,60.5094,60.5799,60.33,60.34,20212,0
MDYV.US,60,20210219,160000,60.68,61.065,60.68,61.065,3185,0
MDYV.US,60,20210219,170000,61.07,61.3,61.02,61.21,7121,0
MDYV.US,60,20210219,180000,61.225,61.4199,61.225,61.4199,2997,0
MDYV.US,60,20210219,190000,61.35,61.43,61.245,61.245,9276,0
MDYV.US,60,20210219,200000,61.341,61.5687,61.3238,61.5687,8558,0
MDYV.US,60,20210219,210000,61.5899,61.5999,61.353,61.449,13284,0
MDYV.US,60,20210219,220000,61.4001,61.545,61.365,61.51,28405,0
MDYV.US,60,20210222,160000,61.24,61.68,61.24,61.68,4671,0
MDYV.US,60,20210222,170000,61.6968,62.05,61.6968,61.93,4425,0
MDYV.US,60,20210222,180000,61.87,62.289,61.825,62.28,8619,0
MDYV.US,60,20210222,190000,62.22,62.47,62.22,62.385,21591,0
MDYV.US,60,20210222,200000,62.41,62.46,62.36,62.44,14435,0
MDYV.US,60,20210222,210000,62.3828,62.4812,62.3616,62.4,17035,0
MDYV.US,60,20210222,220000,62.3801,62.4085,62.0675,62.11,27970,0
MDYV.US,60,20210223,160000,61.78,61.83,61.42,61.46,17076,0
MDYV.US,60,20210223,170000,61.45,62.06,61.41,61.94,81234,0
MDYV.US,60,20210223,180000,61.95,62.08,61.7001,61.77,84077,0
MDYV.US,60,20210223,190000,61.76,61.92,61.67,61.67,62716,0
MDYV.US,60,20210223,200000,61.64,62.04,61.64,62.02,139327,0
MDYV.US,60,20210223,210000,62.015,62.33,62.005,62.33,102429,0
MDYV.US,60,20210223,220000,62.31,62.6361,62.0876,62.48,725478,0
MDYV.US,60,20210224,160000,62.58,63.04,62.58,63.04,28456,0
MDYV.US,60,20210224,170000,62.98,63.1684,62.73,63.07,24604,0
MDYV.US,60,20210224,180000,63.215,63.45,63.2,63.45,12429,0
MDYV.US,60,20210224,190000,63.48,63.62,63.3901,63.51,8759,0
MDYV.US,60,20210224,200000,63.43,63.74,63.43,63.5731,113891,0
MDYV.US,60,20210224,210000,63.6508,63.6795,63.4887,63.599,88147,0
MDYV.US,60,20210224,220000,63.62,63.7682,63.55,63.71,31730,0
MDYV.US,60,20210225,160000,63.7,63.7679,63.5486,63.7679,9742,0
MDYV.US,60,20210225,170000,63.81,63.81,63.05,63.09,15804,0
MDYV.US,60,20210225,180000,63.08,63.165,62.71,62.71,11145,0
MDYV.US,60,20210225,190000,62.6121,62.67,62.0151,62.08,5425,0
MDYV.US,60,20210225,200000,62,62.58,61.865,62.415,14286,0
MDYV.US,60,20210225,210000,62.49,62.879,62.49,62.575,13536,0
MDYV.US,60,20210225,220000,62.5315,62.555,61.8117,61.89,63947,0
MDYV.US,60,20210226,160000,62.06,62.17,61.76,61.81,3647,0
MDYV.US,60,20210226,170000,61.62,61.62,60.93,61.37,12829,0
MDYV.US,60,20210226,180000,61.42,61.94,61.33,61.75,7799,0
MDYV.US,60,20210226,190000,61.779,62.3496,61.779,62.1259,7334,0
MDYV.US,60,20210226,200000,62,62.25,61.75,61.87,6659,0
MDYV.US,60,20210226,210000,61.875,61.945,61.5,61.8087,9209,0
MDYV.US,60,20210226,220000,61.851,62.04,61.44,61.44,35254,0
MDYV.US,60,20210301,160000,62.63,62.88,62.6099,62.71,14696,0
MDYV.US,60,20210301,170000,62.63,63.0946,62.62,63.0169,6786,0
MDYV.US,60,20210301,180000,63.07,63.2,62.95,63.0799,6833,0
MDYV.US,60,20210301,190000,63.1499,63.19,63.0484,63.08,8004,0
MDYV.US,60,20210301,200000,63.0041,63.26,62.9364,63.245,7221,0
MDYV.US,60,20210301,210000,63.26,63.43,63.26,63.38,17299,0
MDYV.US,60,20210301,220000,63.385,63.4,63.0235,63.11,46861,0
MDYV.US,60,20210302,160000,63.09,63.09,62.76,62.85,2901,0
MDYV.US,60,20210302,170000,62.79,62.79,62.43,62.66,2796,0
MDYV.US,60,20210302,180000,62.45,62.6106,62.22,62.4243,18049,0
MDYV.US,60,20210302,190000,62.355,62.6,62.355,62.599,4781,0
MDYV.US,60,20210302,200000,62.7271,62.789,62.639,62.7624,49589,0
MDYV.US,60,20210302,210000,62.755,62.8242,62.4869,62.8242,17446,0
MDYV.US,60,20210302,220000,62.83,62.86,62.42,62.42,37108,0
MDYV.US,60,20210303,160000,62.57,62.8,62.57,62.78,5504,0
MDYV.US,60,20210303,170000,62.66,62.95,62.51,62.87,14292,0
MDYV.US,60,20210303,180000,62.9792,63.27,62.92,63.27,6838,0
MDYV.US,60,20210303,190000,63.17,63.47,63.14,63.36,24051,0
MDYV.US,60,20210303,200000,63.366,63.5527,63.16,63.16,9441,0
MDYV.US,60,20210303,210000,63.25,63.25,62.7887,63.1005,18363,0
MDYV.US,60,20210303,220000,63.15,63.24,62.69,62.69,17554,0
MDYV.US,60,20210304,160000,62.71,63.09,62.62,62.7073,7766,0
MDYV.US,60,20210304,170000,62.64,62.77,62.13,62.54,23641,0
MDYV.US,60,20210304,180000,62.54,62.75,62.37,62.7145,9649,0
MDYV.US,60,20210304,190000,62.895,62.99,61.8885,61.8885,23502,0
MDYV.US,60,20210304,200000,61.95,62.11,60.8924,60.8924,14150,0
MDYV.US,60,20210304,210000,60.84,61.87,60.7652,61.8101,13585,0
MDYV.US,60,20210304,220000,61.8684,61.8684,61.2994,61.67,52591,0
MDYV.US,60,20210305,160000,62.54,62.6439,62.13,62.13,5852,0
MDYV.US,60,20210305,170000,62.2299,62.3897,61.62,61.95,64167,0
MDYV.US,60,20210305,180000,61.605,61.75,61.2417,61.75,6638,0
MDYV.US,60,20210305,190000,61.7489,62.28,61.63,62.2438,18242,0
MDYV.US,60,20210305,200000,62.13,62.8301,62.13,62.69,8944,0
MDYV.US,60,20210305,210000,62.7892,63.12,62.5175,63.09,28461,0
MDYV.US,60,20210305,220000,63.11,63.539,63.01,63.44,18564,0
MDYV.US,60,20210308,160000,63.84,64.4,63.72,63.9365,9830,0
MDYV.US,60,20210308,170000,64.225,64.6958,64.15,64.6958,68087,0
MDYV.US,60,20210308,180000,64.79,64.86,64.5329,64.56,5185,0
MDYV.US,60,20210308,190000,64.67,65.15,64.6472,65.15,19512,0
MDYV.US,60,20210308,200000,65.1127,65.2,64.495,64.51,18688,0
MDYV.US,60,20210308,210000,64.59,64.98,64.5322,64.771,42170,0
MDYV.US,60,20210308,220000,64.62,64.94,64.56,64.61,22080,0
MDYV.US,60,20210309,160000,65.19,65.19,64.0367,64.47,49487,0
MDYV.US,60,20210309,170000,64.496,64.775,64.359,64.775,8660,0
MDYV.US,60,20210309,180000,64.84,64.98,64.74,64.785,21583,0
MDYV.US,60,20210309,190000,64.81,64.96,64.71,64.71,3916,0
MDYV.US,60,20210309,200000,64.69,64.77,64.5461,64.7297,7233,0
MDYV.US,60,20210309,210000,64.79,64.8,64.6158,64.64,22735,0
MDYV.US,60,20210309,220000,64.6401,64.7651,64.26,64.26,30684,0
MDYV.US,60,20210310,160000,64.58,65.05,64.4955,65.03,6447,0
MDYV.US,60,20210310,170000,65.12,65.18,64.94,65.0795,23556,0
MDYV.US,60,20210310,180000,65.151,65.3179,65.1018,65.22,8331,0
MDYV.US,60,20210310,190000,65.24,65.2729,65.01,65.17,3351,0
MDYV.US,60,20210310,200000,65.0506,65.42,65.0506,65.395,16917,0
MDYV.US,60,20210310,210000,65.337,65.64,65.337,65.5493,29033,0
MDYV.US,60,20210310,220000,65.54,65.55,65.2989,65.44,45213,0
MDYV.US,60,20210311,160000,65.85,65.885,65.4,65.885,28927,0
MDYV.US,60,20210311,170000,66.03,66.1393,65.8391,66.1393,10798,0
MDYV.US,60,20210311,180000,66.065,66.2955,65.9713,65.9713,23042,0
MDYV.US,60,20210311,190000,65.99,66.0399,65.8529,65.9199,13877,0
MDYV.US,60,20210311,200000,65.975,65.9999,65.835,65.92,12862,0
MDYV.US,60,20210311,210000,65.925,66.12,65.875,65.875,5942,0
MDYV.US,60,20210311,220000,65.888,66,65.8043,66,16999,0
MDYV.US,60,20210312,160000,66.03,66.57,66.03,66.4672,2899,0
MDYV.US,60,20210312,170000,66.5053,66.769,66.4383,66.7472,7588,0
MDYV.US,60,20210312,180000,66.699,66.869,66.5701,66.62,12690,0
MDYV.US,60,20210312,190000,66.59,66.69,66.5497,66.63,9078,0
MDYV.US,60,20210312,200000,66.6575,66.719,66.57,66.58,8844,0
MDYV.US,60,20210312,210000,66.65,66.7849,66.59,66.77,8777,0
MDYV.US,60,20210312,220000,66.76,67.02,66.7,66.95,24927,0
MDYV.US,60,20210315,150000,67.12,67.16,66.8,66.8,11623,0
MDYV.US,60,20210315,160000,66.85,67.26,66.79,67.12,4700,0
MDYV.US,60,20210315,170000,67.085,67.3,66.94,67.08,12454,0
MDYV.US,60,20210315,180000,67.079,67.4799,67.079,67.47,4495,0
MDYV.US,60,20210315,190000,67.4999,67.5,67.37,67.4799,57003,0
MDYV.US,60,20210315,200000,67.48,67.61,67.4593,67.5075,28135,0
MDYV.US,60,20210315,210000,67.52,67.74,67.355,67.74,35273,0
MDYV.US,60,20210316,150000,67.65,67.65,67.0401,67.155,6429,0
MDYV.US,60,20210316,160000,67.115,67.18,66.78,66.78,10460,0
MDYV.US,60,20210316,170000,66.748,66.9193,66.705,66.916,15359,0
MDYV.US,60,20210316,180000,66.89,67.01,66.7701,66.96,52316,0
MDYV.US,60,20210316,190000,66.945,67.015,66.79,66.89,12439,0
MDYV.US,60,20210316,200000,66.89,66.99,66.64,66.83,31782,0
MDYV.US,60,20210316,210000,66.825,66.98,66.7,66.85,54939,0
MDYV.US,60,20210317,150000,66.72,67.0911,66.72,66.9864,5175,0
MDYV.US,60,20210317,160000,66.6496,66.74,66.37,66.37,33817,0
MDYV.US,60,20210317,170000,66.41,66.91,66.41,66.91,4304,0
MDYV.US,60,20210317,180000,67.0299,67.05,66.778,66.85,8141,0
MDYV.US,60,20210317,190000,66.83,66.84,66.73,66.7578,16974,0
MDYV.US,60,20210317,200000,66.98,67.4025,66.94,67.2849,33693,0
MDYV.US,60,20210317,210000,67.316,67.4,67.0574,67.4,45540,0
MDYV.US,60,20210318,150000,67.3,67.4763,67.29,67.4763,10923,0
MDYV.US,60,20210318,160000,67.36,67.815,67.36,67.595,7906,0
MDYV.US,60,20210318,170000,67.645,68.1,67.645,68.075,14526,0
MDYV.US,60,20210318,180000,68.0712,68.1083,67.715,67.715,6812,0
MDYV.US,60,20210318,190000,67.6619,67.8669,67.6619,67.74,5675,0
MDYV.US,60,20210318,200000,67.6804,67.6889,66.97,67.22,13068,0
MDYV.US,60,20210318,210000,67.18,67.2065,66.3,66.41,21708,0
MDYV.US,60,20210319,150000,66.42,66.42,65.54,65.965,5833,0
MDYV.US,60,20210319,160000,66.01,66.3499,65.8,66.27,18929,0
MDYV.US,60,20210319,170000,66.3151,66.785,66.23,66.73,7034,0
MDYV.US,60,20210319,180000,66.779,66.79,66.6957,66.712,6488,0
MDYV.US,60,20210319,190000,66.6591,66.7,66.4833,66.61,14319,0
MDYV.US,60,20210319,200000,66.63,66.6316,66.4,66.5309,28405,0
MDYV.US,60,20210319,210000,66.565,66.6224,66.14,66.18,45523,0
MDYV.US,60,20210322,150000,65.91,65.91,65.2201,65.2885,4167,0
MDYV.US,60,20210322,160000,65.22,65.22,64.935,64.935,9121,0
MDYV.US,60,20210322,170000,65.0209,65.08,64.8225,65.05,14623,0
MDYV.US,60,20210322,180000,65.1051,65.1051,64.8266,64.9363,8409,0
MDYV.US,60,20210322,190000,65.185,65.21,65.11,65.2,5289,0
MDYV.US,60,20210322,200000,65.225,65.34,65.16,65.3076,26612,0
MDYV.US,60,20210322,210000,65.2843,65.3896,65.07,65.07,10510,0
MDYV.US,60,20210323,150000,64.66,64.82,64.36,64.66,67102,0
MDYV.US,60,20210323,160000,64.73,64.735,63.99,64.08,371308,0
MDYV.US,60,20210323,170000,64.08,64.3204,63.93,64.13,554324,0
MDYV.US,60,20210323,180000,64.16,64.18,63.97,64.18,695616,0
MDYV.US,60,20210323,190000,64.2,64.2199,63.66,63.7,2612747,0
MDYV.US,60,20210323,200000,63.73,63.82,63.12,63.12,1927548,0
MDYV.US,60,20210323,210000,63.1275,63.5012,62.83,63.11,6451764,0
MDYV.US,60,20210324,150000,63.74,64.3931,63.74,64.01,13230,0
MDYV.US,60,20210324,160000,64.09,64.71,64.09,64.6003,41387,0
MDYV.US,60,20210324,170000,64.66,64.6999,64.2,64.245,127814,0
MDYV.US,60,20210324,180000,64.24,64.54,64.24,64.38,41069,0
MDYV.US,60,20210324,190000,64.18,64.2078,63.95,64.1466,19000,0
MDYV.US,60,20210324,200000,64.2,64.2,63.6385,63.72,17556,0
MDYV.US,60,20210324,210000,63.56,63.74,63.09,63.09,31470,0
MDYV.US,60,20210325,150000,62.72,62.825,62.43,62.44,9848,0
MDYV.US,60,20210325,160000,62.46,62.89,62.395,62.5961,7301,0
MDYV.US,60,20210325,170000,62.59,63.715,62.59,63.715,3317,0
MDYV.US,60,20210325,180000,63.87,64.255,63.7,64.214,7260,0
MDYV.US,60,20210325,190000,64.065,64.22,63.9261,64.015,7042,0
MDYV.US,60,20210325,200000,63.905,64.37,63.9047,64.315,6335,0
MDYV.US,60,20210325,210000,64.31,64.86,64.21,64.62,70993,0
MDYV.US,60,20210326,150000,65.23,65.365,64.9,65.23,8963,0
MDYV.US,60,20210326,160000,65.3799,65.809,65.36,65.495,13503,0
MDYV.US,60,20210326,170000,65.53,65.5891,65.215,65.54,10567,0
MDYV.US,60,20210326,180000,65.6,65.88,65.54,65.642,7218,0
MDYV.US,60,20210326,190000,65.55,65.63,65.215,65.2784,64053,0
MDYV.US,60,20210326,200000,65.225,65.4,64.96,65.4,27464,0
MDYV.US,60,20210326,210000,65.3401,66.06,65.29,66.05,17235,0
MDYV.US,60,20210329,160000,65.64,66.2499,65.64,66.1,5577,0
MDYV.US,60,20210329,170000,66.15,66.15,64.95,65.01,8857,0
MDYV.US,60,20210329,180000,64.94,65.13,64.72,65.13,10516,0
MDYV.US,60,20210329,190000,64.935,65.19,64.774,65.155,2094,0
MDYV.US,60,20210329,200000,65.21,65.249,64.93,65.06,6530,0
MDYV.US,60,20210329,210000,64.97,65.12,64.858,64.9113,8549,0
MDYV.US,60,20210329,220000,65.04,65.47,64.87,64.89,24108,0
MDYV.US,60,20210330,160000,65,65.29,65,65.2179,6063,0
MDYV.US,60,20210330,170000,65.2515,65.54,65.0501,65.5199,8618,0
MDYV.US,60,20210330,180000,65.5176,65.67,65.4,65.4,10358,0
MDYV.US,60,20210330,190000,65.4735,65.5899,65.4735,65.5899,2471,0
MDYV.US,60,20210330,200000,65.425,65.519,65.385,65.435,4108,0
MDYV.US,60,20210330,210000,65.4173,65.74,65.37,65.74,10760,0
MDYV.US,60,20210330,220000,65.86,65.909,65.6,65.73,14384,0
MDYV.US,60,20210331,160000,65.91,66.0959,65.8338,65.86,3319,0
MDYV.US,60,20210331,170000,65.81,65.81,65.38,65.5875,5134,0
MDYV.US,60,20210331,180000,65.5161,65.7344,65.3637,65.529,3545,0
MDYV.US,60,20210331,190000,65.4656,65.6217,65.4406,65.6217,5190,0
MDYV.US,60,20210331,200000,65.6837,65.8792,65.6837,65.8792,9752,0
MDYV.US,60,20210331,210000,65.885,65.9994,65.76,65.81,12508,0
MDYV.US,60,20210331,220000,65.8,65.99,65.42,65.43,30884,0
MDYV.US,60,20210401,160000,65.72,65.72,65.345,65.46,7851,0
MDYV.US,60,20210401,170000,65.46,65.759,65.4177,65.6118,10019,0
MDYV.US,60,20210401,180000,65.65,65.76,65.56,65.71,7348,0
MDYV.US,60,20210401,190000,65.75,65.9979,65.75,65.939,27692,0
MDYV.US,60,20210401,200000,65.9056,66.0461,65.885,65.9001,27960,0
MDYV.US,60,20210401,210000,65.98,66.06,65.93,65.93,81494,0
MDYV.US,60,20210401,220000,65.95,66.21,65.865,66.18,35480,0
MDYV.US,60,20210405,160000,66.94,67.12,66.4001,66.4001,16412,0
MDYV.US,60,20210405,170000,66.46,66.75,66.3244,66.625,5954,0
MDYV.US,60,20210405,180000,66.55,66.7,66.55,66.605,6104,0
MDYV.US,60,20210405,190000,66.63,66.63,66.59,66.62,2491,0
MDYV.US,60,20210405,200000,66.47,66.595,66.47,66.55,6099,0
MDYV.US,60,20210405,210000,66.579,66.59,66.4496,66.455,15595,0
MDYV.US,60,20210405,220000,66.465,66.74,66.4,66.67,20345,0
MDYV.US,60,20210406,160000,66.75,67.005,66.695,66.955,16028,0
MDYV.US,60,20210406,170000,66.95,67.21,66.93,67.013,5807,0
MDYV.US,60,20210406,180000,66.929,66.929,66.62,66.78,60722,0
MDYV.US,60,20210406,190000,66.69,66.86,66.69,66.81,3460,0
MDYV.US,60,20210406,200000,66.88,66.929,66.7539,66.89,4854,0
MDYV.US,60,20210406,210000,66.94,66.948,66.7665,66.79,52326,0
MDYV.US,60,20210406,220000,66.71,66.7899,66.5501,66.68,16610,0
MDYV.US,60,20210407,160000,66.75,66.8906,66.44,66.49,2975,0
MDYV.US,60,20210407,170000,66.4,66.64,66.4,66.5504,8408,0
MDYV.US,60,20210407,180000,66.495,66.495,66.1901,66.24,4843,0
MDYV.US,60,20210407,190000,66.3,66.53,66.165,66.523,2985,0
MDYV.US,60,20210407,200000,66.5101,66.53,66.44,66.4799,17709,0
MDYV.US,60,20210407,210000,66.542,66.6,66.42,66.445,867938,0
MDYV.US,60,20210407,220000,66.5064,66.5085,66.29,66.41,13773,0
MDYV.US,60,20210408,160000,66.45,66.45,65.91,65.96,11425,0
MDYV.US,60,20210408,170000,65.9378,66.078,65.73,66.02,7211,0
MDYV.US,60,20210408,180000,66.06,66.22,66.05,66.2001,6541,0
MDYV.US,60,20210408,190000,66.28,66.44,66.28,66.41,13636,0
MDYV.US,60,20210408,200000,66.4189,66.4555,66.27,66.3,8210,0
MDYV.US,60,20210408,210000,66.2842,66.435,66.28,66.435,21569,0
MDYV.US,60,20210408,220000,66.5,66.5699,66.43,66.53,49292,0
MDYV.US,60,20210409,160000,66.64,66.68,66.49,66.559,8687,0
MDYV.US,60,20210409,170000,66.64,66.64,66.39,66.5899,24250,0
MDYV.US,60,20210409,180000,66.685,66.7199,66.54,66.62,13097,0
MDYV.US,60,20210409,190000,66.57,66.65,66.52,66.58,11038,0
MDYV.US,60,20210409,200000,66.62,66.62,66.49,66.57,859237,0
MDYV.US,60,20210409,210000,66.63,66.65,66.56,66.6,14318,0
MDYV.US,60,20210409,220000,66.62,66.91,66.5301,66.86,28956,0
MDYV.US,60,20210412,160000,66.88,67.1599,66.84,66.845,4004,0
MDYV.US,60,20210412,170000,66.8197,66.989,66.793,66.9541,8324,0
MDYV.US,60,20210412,180000,66.92,67.17,66.8,67.155,34235,0
MDYV.US,60,20210412,190000,67.11,67.2482,67.085,67.229,8022,0
MDYV.US,60,20210412,200000,67.1856,67.19,67.0082,67.0082,25612,0
MDYV.US,60,20210412,210000,67.04,67.1219,66.9976,67.1,12823,0
MDYV.US,60,20210412,220000,67.05,67.28,67.0253,67.25,21739,0
MDYV.US,60,20210413,160000,67.19,67.19,66.3302,66.385,14978,0
MDYV.US,60,20210413,170000,66.31,66.69,66.25,66.64,13259,0
MDYV.US,60,20210413,180000,66.669,66.68,66.5,66.61,6864,0
MDYV.US,60,20210413,190000,66.6,66.605,66.3226,66.3527,1963,0
MDYV.US,60,20210413,200000,66.34,66.5,66.31,66.5,5708,0
MDYV.US,60,20210413,210000,66.61,66.6822,66.57,66.63,3451,0
MDYV.US,60,20210413,220000,66.69,66.8248,66.605,66.67,18661,0
MDYV.US,60,20210414,160000,66.74,67.44,66.74,67.44,5210,0
MDYV.US,60,20210414,170000,67.39,67.64,67.36,67.64,20327,0
MDYV.US,60,20210414,180000,67.56,67.7118,67.5304,67.557,28386,0
MDYV.US,60,20210414,190000,67.545,67.55,67.45,67.4906,9097,0
MDYV.US,60,20210414,200000,67.3832,67.6223,67.3363,67.34,6581,0
MDYV.US,60,20210414,210000,67.325,67.44,67.1894,67.1894,13552,0
MDYV.US,60,20210414,220000,67.11,67.25,67.0201,67.12,59299,0
MDYV.US,60,20210415,160000,67.58,67.58,66.835,66.99,6428,0
MDYV.US,60,20210415,170000,67.02,67.1702,66.81,67.1493,9578,0
MDYV.US,60,20210415,180000,67.16,67.35,67.05,67.32,5919,0
MDYV.US,60,20210415,190000,67.3283,67.347,67.21,67.21,4339,0
MDYV.US,60,20210415,200000,67.185,67.22,67.12,67.1985,3599,0
MDYV.US,60,20210415,210000,67.2906,67.4499,67.24,67.37,8810,0
MDYV.US,60,20210415,220000,67.4,67.48,67.28,67.44,9930,0
MDYV.US,60,20210416,160000,67.83,68.0199,67.781,67.781,6025,0
MDYV.US,60,20210416,170000,67.688,67.9999,67.68,67.865,13568,0
MDYV.US,60,20210416,180000,67.91,67.98,67.795,67.85,2480,0
MDYV.US,60,20210416,190000,67.845,67.8675,67.72,67.7824,14520,0
MDYV.US,60,20210416,200000,67.735,67.929,67.7201,67.929,4965,0
MDYV.US,60,20210416,210000,68.015,68.1199,68,68.095,10477,0
MDYV.US,60,20210416,220000,68.1299,68.15,67.96,68,16449,0
MDYV.US,60,20210419,160000,67.84,68.03,67.7217,67.77,10257,0
MDYV.US,60,20210419,170000,67.77,67.83,67.44,67.44,29451,0
MDYV.US,60,20210419,180000,67.43,67.7655,67.35,67.66,23206,0
MDYV.US,60,20210419,190000,67.71,67.78,67.54,67.58,12672,0
MDYV.US,60,20210419,200000,67.57,67.7015,67.57,67.6656,16366,0
MDYV.US,60,20210419,210000,67.63,67.7699,67.61,67.73,28073,0
MDYV.US,60,20210419,220000,67.735,67.8037,67.62,67.74,41890,0
MDYV.US,60,20210420,160000,67.54,67.64,67.23,67.345,9615,0
MDYV.US,60,20210420,170000,67.28,67.325,66.4837,66.59,10081,0
MDYV.US,60,20210420,180000,66.59,66.61,66.33,66.55,55550,0
MDYV.US,60,20210420,190000,66.545,66.6367,66.42,66.505,14755,0
MDYV.US,60,20210420,200000,66.4325,66.47,66.27,66.3154,126917,0
MDYV.US,60,20210420,210000,66.355,66.459,66.221,66.221,10188,0
MDYV.US,60,20210420,220000,66.265,66.71,66.23,66.6,20672,0
MDYV.US,60,20210421,160000,66.57,67.08,66.57,67.07,3062,0
MDYV.US,60,20210421,170000,67.2813,67.5699,67.22,67.5,9004,0
MDYV.US,60,20210421,180000,67.525,67.54,67.2,67.34,3867,0
MDYV.US,60,20210421,190000,67.4917,67.59,67.47,67.535,2758,0
MDYV.US,60,20210421,200000,67.5622,67.7521,67.5393,67.7521,13557,0
MDYV.US,60,20210421,210000,67.7799,67.7799,67.695,67.7474,5425,0
MDYV.US,60,20210421,220000,67.785,67.85,67.76,67.79,17825,0
MDYV.US,60,20210422,160000,68.02,68.02,67.572,67.78,4274,0
MDYV.US,60,20210422,170000,67.7962,67.7962,67.43,67.735,14370,0
MDYV.US,60,20210422,180000,67.74,68.09,67.74,68.09,28206,0
MDYV.US,60,20210422,190000,68.0868,68.2174,67.99,68.2174,39234,0
MDYV.US,60,20210422,200000,68.2228,68.2228,67.4871,67.4871,49647,0
MDYV.US,60,20210422,210000,67.24,67.71,67.24,67.71,42502,0
MDYV.US,60,20210422,220000,67.7175,67.76,67.34,67.38,34634,0
MDYV.US,60,20210423,160000,67.59,68.0295,67.59,67.9858,4396,0
MDYV.US,60,20210423,170000,68.1588,68.32,68.06,68.3,4281,0
MDYV.US,60,20210423,180000,68.3714,68.47,68.3206,68.436,6344,0
MDYV.US,60,20210423,190000,68.4,68.509,68.4,68.47,4042,0
MDYV.US,60,20210423,200000,68.44,68.5699,68.41,68.56,6309,0
MDYV.US,60,20210423,210000,68.605,68.695,68.5418,68.695,6790,0
MDYV.US,60,20210423,220000,68.745,68.83,68.56,68.58,16187,0
MDYV.US,60,20210426,160000,68.95,69.1706,68.95,69.15,12520,0
MDYV.US,60,20210426,170000,69.18,69.2,68.941,69.0872,18790,0
MDYV.US,60,20210426,180000,69.0555,69.13,69,69.07,14616,0
MDYV.US,60,20210426,190000,68.96,68.98,68.9,68.9,105118,0
MDYV.US,60,20210426,200000,68.92,68.9799,68.86,68.915,13058,0
MDYV.US,60,20210426,210000,68.93,68.93,68.85,68.875,11378,0
MDYV.US,60,20210426,220000,68.902,68.9213,68.6359,68.74,33892,0
MDYV.US,60,20210427,160000,68.83,68.83,68.538,68.72,8082,0
MDYV.US,60,20210427,170000,68.781,69.019,68.73,68.9999,8650,0
MDYV.US,60,20210427,180000,68.96,69.05,68.91,69.05,13580,0
MDYV.US,60,20210427,190000,69.08,69.089,68.74,68.74,11626,0
MDYV.US,60,20210427,200000,68.78,68.9105,68.78,68.8901,9496,0
MDYV.US,60,20210427,210000,68.915,68.95,68.81,68.8434,130684,0
MDYV.US,60,20210427,220000,68.825,69.0096,68.82,68.98,53080,0
MDYV.US,60,20210428,160000,69.09,69.15,68.9201,68.95,20132,0
MDYV.US,60,20210428,170000,68.9,69.28,68.875,69.175,9106,0
MDYV.US,60,20210428,180000,69.1787,69.2,69.04,69.045,9378,0
MDYV.US,60,20210428,190000,69.05,69.115,69.0101,69.04,8926,0
MDYV.US,60,20210428,200000,69.0499,69.11,69.01,69.01,14718,0
MDYV.US,60,20210428,210000,69.07,69.1994,69.025,69.08,16168,0
MDYV.US,60,20210428,220000,69.17,69.17,68.98,69.04,53592,0
MDYV.US,60,20210429,160000,69.6,69.69,69.593,69.6742,22592,0
MDYV.US,60,20210429,170000,69.63,69.7192,69.2877,69.34,34757,0
MDYV.US,60,20210429,180000,69.38,69.411,69.2258,69.23,7298,0
MDYV.US,60,20210429,190000,69.01,69.12,68.8637,69.12,55064,0
MDYV.US,60,20210429,200000,69.01,69.13,69,69.1199,4148,0
MDYV.US,60,20210429,210000,69.11,69.39,69.11,69.355,380944,0
MDYV.US,60,20210429,220000,69.41,69.41,69.18,69.39,57542,0
MDYV.US,60,20210430,160000,68.86,69.14,68.86,69.045,24532,0
MDYV.US,60,20210430,170000,69.0589,69.08,68.59,68.68,9190,0
MDYV.US,60,20210430,180000,68.5797,68.7499,68.5797,68.7499,12666,0
MDYV.US,60,20210430,190000,68.75,68.77,68.69,68.7,12668,0
MDYV.US,60,20210430,200000,68.71,68.7511,68.5,68.5,54268,0
MDYV.US,60,20210430,210000,68.4882,68.629,68.47,68.58,36704,0
MDYV.US,60,20210430,220000,68.59,68.63,68.395,68.54,22012,0
MDYV.US,60,20210503,160000,69.18,69.41,68.99,69.2,56958,0
MDYV.US,60,20210503,170000,68.9199,68.93,68.745,68.8773,7528,0
MDYV.US,60,20210503,180000,68.969,69.24,68.9526,69.1678,369743,0
MDYV.US,60,20210503,190000,69.145,69.34,69.14,69.34,4164,0
MDYV.US,60,20210503,200000,69.3052,69.47,69.3052,69.47,7626,0
MDYV.US,60,20210503,210000,69.54,69.73,69.51,69.71,10345,0
MDYV.US,60,20210503,220000,69.7,69.7,69.205,69.24,15964,0
MDYV.US,60,20210504,160000,68.91,69.14,68.51,68.62,13971,0
MDYV.US,60,20210504,170000,68.59,69.13,68.49,68.87,23774,0
MDYV.US,60,20210504,180000,68.805,69.02,68.65,68.89,12141,0
MDYV.US,60,20210504,190000,69.01,69.2092,68.98,69.13,9178,0
MDYV.US,60,20210504,200000,69.098,69.27,69.08,69.24,12671,0
MDYV.US,60,20210504,210000,69.24,69.35,69.16,69.2001,11452,0
MDYV.US,60,20210504,220000,69.195,69.39,69.114,69.38,30441,0
MDYV.US,60,20210505,160000,69.75,69.75,69.09,69.09,18288,0
MDYV.US,60,20210505,170000,69.035,69.125,68.86,69.125,9264,0
MDYV.US,60,20210505,180000,69.159,69.485,69.159,69.485,2891,0
MDYV.US,60,20210505,190000,69.525,69.53,69.36,69.36,2692,0
MDYV.US,60,20210505,200000,69.3561,69.4673,69.305,69.4673,96046,0
MDYV.US,60,20210505,210000,69.4482,69.5624,69.41,69.51,90243,0
MDYV.US,60,20210505,220000,69.5199,69.5199,69.22,69.38,20108,0
MDYV.US,60,20210506,160000,69.46,69.72,69.2,69.2,6011,0
MDYV.US,60,20210506,170000,69.08,69.08,68.85,69,14877,0
MDYV.US,60,20210506,180000,69.105,69.475,68.95,69.475,12477,0
MDYV.US,60,20210506,190000,69.47,69.49,69.26,69.2999,7416,0
MDYV.US,60,20210506,200000,69.3631,69.4496,69.35,69.37,5859,0
MDYV.US,60,20210506,210000,69.34,69.39,69.19,69.34,4645,0
MDYV.US,60,20210506,220000,69.2901,69.98,69.2901,69.97,16585,0
MDYV.US,60,20210507,160000,69.77,70.14,69.48,69.91,9917,0
MDYV.US,60,20210507,170000,70.035,70.3643,70.035,70.345,5268,0
MDYV.US,60,20210507,180000,70.369,70.37,70.24,70.285,14041,0
MDYV.US,60,20210507,190000,70.26,70.5,70.26,70.5,5327,0
MDYV.US,60,20210507,200000,70.61,70.655,70.485,70.6085,14409,0
MDYV.US,60,20210507,210000,70.59,70.71,70.58,70.66,8740,0
MDYV.US,60,20210507,220000,70.65,70.78,70.6244,70.76,23019,0
MDYV.US,60,20210510,160000,70.9,71.185,70.9,71.0225,12584,0
MDYV.US,60,20210510,170000,71.08,71.29,70.99,71.04,27266,0
MDYV.US,60,20210510,180000,71.21,71.45,71.19,71.3,30302,0
MDYV.US,60,20210510,190000,71.27,71.3,71.08,71.08,16083,0
MDYV.US,60,20210510,200000,71.125,71.16,71,71.07,36939,0
MDYV.US,60,20210510,210000,71.07,71.12,70.4452,70.49,65800,0
MDYV.US,60,20210510,220000,70.58,70.63,70.221,70.23,65932,0
MDYV.US,60,20210511,160000,69.11,69.9699,68.981,69.9699,56004,0
MDYV.US,60,20210511,170000,69.9852,70.01,68.8,69.235,100833,0
MDYV.US,60,20210511,180000,69.195,69.6677,69.18,69.46,40490,0
MDYV.US,60,20210511,190000,69.45,69.5,69.21,69.278,81463,0
MDYV.US,60,20210511,200000,69.289,69.78,69.228,69.7441,342421,0
MDYV.US,60,20210511,210000,69.8245,69.91,69.52,69.66,480164,0
MDYV.US,60,20210511,220000,69.665,69.8559,69.43,69.59,955555,0
MDYV.US,60,20210512,160000,69.35,69.59,69.0157,69.121,3914,0
MDYV.US,60,20210512,170000,69.34,69.37,68.918,69.09,78182,0
MDYV.US,60,20210512,180000,69.07,69.2299,68.555,68.555,16185,0
MDYV.US,60,20210512,190000,68.5499,68.5499,68.25,68.3233,141023,0
MDYV.US,60,20210512,200000,68.4415,68.6187,68.35,68.46,31044,0
MDYV.US,60,20210512,210000,68.41,68.41,67.97,68.18,15489,0
MDYV.US,60,20210512,220000,68.085,68.085,67.381,67.41,46813,0
MDYV.US,60,20210513,160000,67.62,68.79,67.44,68.79,46208,0
MDYV.US,60,20210513,170000,68.805,68.932,68.59,68.765,26233,0
MDYV.US,60,20210513,180000,68.63,68.68,68.2401,68.2401,8677,0
MDYV.US,60,20210513,190000,68.24,68.59,68.24,68.4,5014,0
MDYV.US,60,20210513,200000,68.41,68.61,68.085,68.375,1209675,0
MDYV.US,60,20210513,210000,68.4799,69.049,68.4799,68.8723,48184,0
MDYV.US,60,20210513,220000,68.855,69.2794,68.855,68.96,81856,0
MDYV.US,60,20210514,160000,69.44,69.635,69.28,69.635,41887,0
MDYV.US,60,20210514,170000,69.65,69.77,69.5,69.7294,34447,0
MDYV.US,60,20210514,180000,69.62,69.65,69.525,69.6,16366,0
MDYV.US,60,20210514,190000,69.6575,69.82,69.6575,69.82,6455,0
MDYV.US,60,20210514,200000,69.82,69.93,69.75,69.92,13964,0
MDYV.US,60,20210514,210000,69.89,70.13,69.89,70.11,24386,0
MDYV.US,60,20210514,220000,70.11,70.16,69.94,70.01,20836,0
MDYV.US,60,20210517,160000,69.8,69.93,69.4825,69.4825,9343,0
MDYV.US,60,20210517,170000,69.46,69.8785,69.324,69.8,16952,0
MDYV.US,60,20210517,180000,69.73,69.8699,69.57,69.72,11123,0
MDYV.US,60,20210517,190000,69.7283,69.98,69.7,69.9292,14208,0
MDYV.US,60,20210517,200000,69.99,69.99,69.83,69.965,10302,0
MDYV.US,60,20210517,210000,70.0699,70.1596,69.9601,70.15,61019,0
MDYV.US,60,20210517,220000,70.15,70.3,70.1201,70.23,24144,0
MDYV.US,60,20210518,160000,70.21,70.32,69.83,70.32,10298,0
MDYV.US,60,20210518,170000,70.14,70.25,70.0012,70.135,10019,0
MDYV.US,60,20210518,180000,70.0695,70.16,69.95,69.988,8058,0
MDYV.US,60,20210518,190000,69.93,69.9899,69.9,69.9,8081,0
MDYV.US,60,20210518,200000,69.89,70.0099,69.89,69.948,21051,0
MDYV.US,60,20210518,210000,69.951,69.951,69.52,69.74,28196,0
MDYV.US,60,20210518,220000,69.745,69.81,69.28,69.31,22716,0
MDYV.US,60,20210519,160000,68.31,68.3707,67.79,68.08,10437,0
MDYV.US,60,20210519,170000,67.9721,67.9721,67.5401,67.95,7268,0
MDYV.US,60,20210519,180000,67.875,68.175,67.875,68.0901,12852,0
MDYV.US,60,20210519,190000,68.24,68.448,68.1788,68.4462,9176,0
MDYV.US,60,20210519,200000,68.5015,68.61,68.4391,68.5799,38032,0
MDYV.US,60,20210519,210000,68.59,68.66,68.15,68.28,22137,0
MDYV.US,60,20210519,220000,68.2649,68.76,68.24,68.74,30762,0
MDYV.US,60,20210520,160000,68.66,68.7085,68.1,68.3,9868,0
MDYV.US,60,20210520,170000,68.29,68.42,68.16,68.42,10334,0
MDYV.US,60,20210520,180000,68.385,68.584,68.36,68.584,11006,0
MDYV.US,60,20210520,190000,68.5193,68.542,68.27,68.2963,6053,0
MDYV.US,60,20210520,200000,68.4017,68.533,68.395,68.4303,21295,0
MDYV.US,60,20210520,210000,68.5025,68.595,68.5014,68.5584,16032,0
MDYV.US,60,20210520,220000,68.59,68.8688,68.59,68.68,17282,0
MDYV.US,60,20210521,160000,69.15,69.54,69.15,69.405,5437,0
MDYV.US,60,20210521,170000,69.505,69.505,69.0819,69.305,7911,0
MDYV.US,60,20210521,180000,69.32,69.4022,69.05,69.05,5613,0
MDYV.US,60,20210521,190000,69.056,69.068,68.68,68.68,6544,0
MDYV.US,60,20210521,200000,68.75,69,68.75,68.97,9199,0
MDYV.US,60,20210521,210000,68.99,69.11,68.948,69.1,15744,0
MDYV.US,60,20210521,220000,69.09,69.19,68.96,68.97,19571,0
MDYV.US,60,20210524,160000,69.26,69.3388,68.84,69.3388,5865,0
MDYV.US,60,20210524,170000,69.36,69.4222,69.16,69.2616,9935,0
MDYV.US,60,20210524,180000,69.26,69.3734,69.215,69.225,8923,0
MDYV.US,60,20210524,190000,69.209,69.249,69.112,69.22,6628,0
MDYV.US,60,20210524,200000,69.2254,69.359,69.18,69.359,9425,0
MDYV.US,60,20210524,210000,69.345,69.46,69.33,69.45,47866,0
MDYV.US,60,20210524,220000,69.46,69.52,69.23,69.29,11718,0
MDYV.US,60,20210525,160000,69.57,69.66,69.2301,69.2301,3630,0
MDYV.US,60,20210525,170000,69.28,69.395,69.25,69.3,13520,0
MDYV.US,60,20210525,180000,69.23,69.25,68.91,69.0155,8147,0
MDYV.US,60,20210525,190000,69.025,69.13,69.025,69.07,3903,0
MDYV.US,60,20210525,200000,69.09,69.09,68.98,68.9833,13278,0
MDYV.US,60,20210525,210000,68.96,68.96,68.66,68.68,18054,0
MDYV.US,60,20210525,220000,68.63,68.7499,68.43,68.48,17964,0
MDYV.US,60,20210526,160000,68.63,68.92,68.63,68.71,4047,0
MDYV.US,60,20210526,170000,68.66,68.99,68.66,68.96,8769,0
MDYV.US,60,20210526,180000,69.015,69.11,68.908,69.09,15905,0
MDYV.US,60,20210526,190000,69.1,69.16,69.09,69.13,21332,0
MDYV.US,60,20210526,200000,69.19,69.269,69.1,69.125,10232,0
MDYV.US,60,20210526,210000,69.1376,69.28,69.13,69.214,16732,0
MDYV.US,60,20210526,220000,69.2585,69.3012,69.2203,69.28,9325,0
MDYV.US,60,20210527,160000,69.67,70.0381,69.67,69.96,5063,0
MDYV.US,60,20210527,170000,69.905,69.905,69.685,69.86,5842,0
MDYV.US,60,20210527,180000,69.88,69.88,69.7,69.8038,18549,0
MDYV.US,60,20210527,190000,69.82,69.87,69.8121,69.8121,7006,0
MDYV.US,60,20210527,200000,69.83,69.9,69.7401,69.9,16907,0
MDYV.US,60,20210527,210000,69.919,69.99,69.79,69.98,14217,0
MDYV.US,60,20210527,220000,69.875,69.99,69.82,69.83,24097,0
MDYV.US,60,20210528,160000,70.14,70.14,69.4668,69.594,6026,0
MDYV.US,60,20210528,170000,69.57,69.5867,69.2955,69.5867,9598,0
MDYV.US,60,20210528,180000,69.57,69.7,69.57,69.685,9583,0
MDYV.US,60,20210528,190000,69.675,69.76,69.675,69.71,6913,0
MDYV.US,60,20210528,200000,69.68,69.9094,69.68,69.909,40749,0
MDYV.US,60,20210528,210000,69.87,69.87,69.77,69.79,19449,0
MDYV.US,60,20210528,220000,69.8,69.9029,69.7961,69.86,16937,0
MDYV.US,60,20210601,160000,70.29,70.45,70.24,70.35,27265,0
MDYV.US,60,20210601,170000,70.4601,70.5,70.23,70.2946,16700,0
MDYV.US,60,20210601,180000,70.3217,70.5666,70.3217,70.506,37290,0
MDYV.US,60,20210601,190000,70.4879,70.5599,70.4359,70.4359,6535,0
MDYV.US,60,20210601,200000,70.39,70.39,70.255,70.3096,125542,0
MDYV.US,60,20210601,210000,70.27,70.62,70.27,70.62,40944,0
MDYV.US,60,20210601,220000,70.59,70.67,70.53,70.58,34355,0
MDYV.US,60,20210602,160000,70.78,70.79,70.2,70.25,26475,0
MDYV.US,60,20210602,170000,70.26,70.52,70.21,70.509,31993,0
MDYV.US,60,20210602,180000,70.5,70.559,70.33,70.33,34060,0
MDYV.US,60,20210602,190000,70.32,70.34,70.18,70.33,13991,0
MDYV.US,60,20210602,200000,70.37,70.39,70.22,70.27,34087,0
MDYV.US,60,20210602,210000,70.33,70.35,70.16,70.29,28154,0
MDYV.US,60,20210602,220000,70.29,70.31,70.13,70.27,47107,0
MDYV.US,60,20210603,160000,69.91,69.91,69.55,69.6325,7784,0
MDYV.US,60,20210603,170000,69.62,70.12,69.62,70.12,13669,0
MDYV.US,60,20210603,180000,70.08,70.18,69.99,70.133,14610,0
MDYV.US,60,20210603,190000,70.18,70.2299,70.096,70.145,5180,0
MDYV.US,60,20210603,200000,70.1409,70.2295,70.06,70.1792,15848,0
MDYV.US,60,20210603,210000,70.18,70.2,69.997,70.01,258458,0
MDYV.US,60,20210603,220000,69.9924,70.17,69.99,70.08,97179,0
MDYV.US,60,20210604,160000,70.35,70.385,70.01,70.015,5819,0
MDYV.US,60,20210604,170000,70.05,70.05,69.84,69.9829,10337,0
MDYV.US,60,20210604,180000,69.9896,69.9944,69.749,69.749,7600,0
MDYV.US,60,20210604,190000,69.77,69.99,69.77,69.99,5088,0
MDYV.US,60,20210604,200000,70.035,70.085,70.018,70.0674,17734,0
MDYV.US,60,20210604,210000,70.07,70.14,70.04,70.11,17998,0
MDYV.US,60,20210604,220000,70.12,70.33,70.12,70.3,34127,0
MDYV.US,60,20210607,160000,70.42,70.53,70.36,70.36,4149,0
MDYV.US,60,20210607,170000,70.28,70.28,70.07,70.095,5432,0
MDYV.US,60,20210607,180000,70.08,70.129,70.028,70.129,4304,0
MDYV.US,60,20210607,190000,70.115,70.19,70.0801,70.189,3828,0
MDYV.US,60,20210607,200000,70.169,70.23,70.1061,70.1061,7624,0
MDYV.US,60,20210607,210000,70.0979,70.16,70.052,70.1024,13431,0
MDYV.US,60,20210607,220000,70.13,70.21,70.1115,70.16,18919,0
MDYV.US,60,20210608,160000,70.17,70.17,69.7491,69.8187,3754,0
MDYV.US,60,20210608,170000,69.865,70.34,69.865,70.34,5609,0
MDYV.US,60,20210608,180000,70.35,70.42,70,70.42,30817,0
MDYV.US,60,20210608,190000,70.43,70.56,70.43,70.47,13817,0
MDYV.US,60,20210608,200000,70.51,70.64,70.51,70.585,16524,0
MDYV.US,60,20210608,210000,70.6,70.72,70.592,70.72,31508,0
MDYV.US,60,20210608,220000,70.72,70.775,70.64,70.65,36431,0
MDYV.US,60,20210609,160000,70.79,70.79,70.214,70.324,3158,0
MDYV.US,60,20210609,170000,70.31,70.5479,70.31,70.46,9935,0
MDYV.US,60,20210609,180000,70.51,70.57,70.41,70.44,11462,0
MDYV.US,60,20210609,190000,70.435,70.462,70.3901,70.3901,9396,0
MDYV.US,60,20210609,200000,70.44,70.4646,70.3209,70.3601,12020,0
MDYV.US,60,20210609,210000,70.3664,70.4449,70.3318,70.4449,28255,0
MDYV.US,60,20210609,220000,70.3926,70.439,70.125,70.16,14287,0
MDYV.US,60,20210610,160000,70.51,70.63,70.2049,70.2049,5895,0
MDYV.US,60,20210610,170000,70.304,70.315,69.88,69.88,6333,0
MDYV.US,60,20210610,180000,69.98,70.0564,69.82,69.9,7858,0
MDYV.US,60,20210610,190000,69.935,70.0399,69.775,70.03,8245,0
MDYV.US,60,20210610,200000,70.0986,70.1,70.05,70.07,5142,0
MDYV.US,60,20210610,210000,70.08,70.12,70,70.055,17647,0
MDYV.US,60,20210610,220000,70.04,70.04,69.8,69.85,13174,0
MDYV.US,60,20210611,160000,70.13,70.4639,70.13,70.17,5323,0
MDYV.US,60,20210611,170000,70.225,70.26,70.0499,70.1482,16383,0
MDYV.US,60,20210611,180000,70.1,70.18,69.99,70.155,7639,0
MDYV.US,60,20210611,190000,70.165,70.1909,70.0528,70.1909,6762,0
MDYV.US,60,20210611,200000,70.2175,70.2499,70.212,70.215,7348,0
MDYV.US,60,20210611,210000,70.2328,70.249,70.172,70.172,11243,0
MDYV.US,60,20210611,220000,70.2,70.44,70.1558,70.42,14155,0
MDYV.US,60,20210614,160000,70.47,70.5323,70.06,70.06,8732,0
MDYV.US,60,20210614,170000,70.09,70.1199,69.83,70.03,7769,0
MDYV.US,60,20210614,180000,70.0582,70.0582,69.671,69.7099,10610,0
MDYV.US,60,20210614,190000,69.71,69.71,69.572,69.572,11258,0
MDYV.US,60,20210614,200000,69.56,69.609,69.4395,69.4395,7339,0
MDYV.US,60,20210614,210000,69.4185,69.44,69.2901,69.36,27146,0
MDYV.US,60,20210614,220000,69.3514,69.54,69.33,69.54,21913,0
MDYV.US,60,20210615,160000,69.6,69.78,69.365,69.45,56420,0
MDYV.US,60,20210615,170000,69.57,69.57,69.22,69.32,69058,0
MDYV.US,60,20210615,180000,69.285,69.38,69.085,69.1,70966,0
MDYV.US,60,20210615,190000,69.09,69.55,69.09,69.52,73077,0
MDYV.US,60,20210615,200000,69.55,69.85,69.4101,69.802,542693,0
MDYV.US,60,20210615,210000,69.83,69.93,69.82,69.9,162233,0
MDYV.US,60,20210615,220000,69.885,69.89,69.6213,69.73,558723,0
MDYV.US,60,20210616,160000,69.62,69.62,69.0248,69.14,4638,0
MDYV.US,60,20210616,170000,69.128,69.37,69.0766,69.29,17240,0
MDYV.US,60,20210616,180000,69.35,69.6909,69.35,69.67,19490,0
MDYV.US,60,20210616,190000,69.67,69.67,69.24,69.25,16853,0
MDYV.US,60,20210616,200000,69.23,69.25,69.06,69.18,226948,0
MDYV.US,60,20210616,210000,69.12,69.53,69,69.23,32069,0
MDYV.US,60,20210616,220000,69.25,69.59,69.2101,69.28,63406,0
MDYV.US,60,20210617,160000,69.24,69.24,68.73,68.77,11911,0
MDYV.US,60,20210617,170000,68.78,68.84,68.22,68.24,12711,0
MDYV.US,60,20210617,180000,68.229,68.229,67.51,67.51,15234,0
MDYV.US,60,20210617,190000,67.47,67.49,67.11,67.4433,13791,0
MDYV.US,60,20210617,200000,67.471,67.77,67.471,67.66,114753,0
MDYV.US,60,20210617,210000,67.6494,67.69,67.47,67.52,32764,0
MDYV.US,60,20210617,220000,67.5,67.82,67.48,67.62,20948,0
MDYV.US,60,20210618,160000,66.85,67.0038,66.4201,66.672,15650,0
MDYV.US,60,20210618,170000,66.7816,66.7864,66.2537,66.375,9224,0
MDYV.US,60,20210618,180000,66.35,66.765,66.35,66.765,12177,0
MDYV.US,60,20210618,190000,66.6473,66.72,66.3633,66.3633,15258,0
MDYV.US,60,20210618,200000,66.35,66.45,66.33,66.345,64465,0
MDYV.US,60,20210618,210000,66.33,66.43,66.03,66.03,26574,0
MDYV.US,60,20210618,220000,66.05,66.295,66.01,66.04,71992,0
MDYV.US,60,20210621,160000,66.23,66.87,66.23,66.73,3542,0
MDYV.US,60,20210621,170000,66.76,67.33,66.68,67.2127,8588,0
MDYV.US,60,20210621,180000,67.18,67.34,66.96,67.32,19602,0
MDYV.US,60,20210621,190000,67.31,67.33,67.1915,67.2803,4242,0
MDYV.US,60,20210621,200000,67.26,67.42,67.25,67.41,17281,0
MDYV.US,60,20210621,210000,67.43,67.4799,67.38,67.45,20131,0
MDYV.US,60,20210621,220000,67.45,67.534,67.32,67.44,21033,0
MDYV.US,60,20210622,160000,67.39,67.39,66.83,66.95,27009,0
MDYV.US,60,20210622,170000,66.91,67.268,66.87,67.268,21284,0
MDYV.US,60,20210622,180000,67.26,67.505,67.12,67.13,141875,0
MDYV.US,60,20210622,190000,67.16,67.25,67.07,67.13,417621,0
MDYV.US,60,20210622,200000,67.16,67.33,67.16,67.31,145622,0
MDYV.US,60,20210622,210000,67.35,67.439,67.26,67.3934,293436,0
MDYV.US,60,20210622,220000,67.4,67.57,67.36,67.36,93562,0
MDYV.US,60,20210623,160000,67.4,67.575,67.3301,67.42,17635,0
MDYV.US,60,20210623,170000,67.44,67.72,67.42,67.6289,34268,0
MDYV.US,60,20210623,180000,67.61,67.6599,67.47,67.5,13276,0
MDYV.US,60,20210623,190000,67.4927,67.65,67.4927,67.55,9494,0
MDYV.US,60,20210623,200000,67.6,67.77,67.595,67.75,408536,0
MDYV.US,60,20210623,210000,67.72,67.769,67.62,67.66,10246,0
MDYV.US,60,20210623,220000,67.63,67.71,67.4,67.42,32645,0
MDYV.US,60,20210624,160000,67.81,67.87,67.3405,67.41,4276,0
MDYV.US,60,20210624,170000,67.43,67.58,67.34,67.5394,6158,0
MDYV.US,60,20210624,180000,67.61,67.66,67.5632,67.5773,10079,0
MDYV.US,60,20210624,190000,67.57,67.859,67.472,67.85,9501,0
MDYV.US,60,20210624,200000,67.86,67.97,67.8577,67.97,7424,0
MDYV.US,60,20210624,210000,67.9754,68.09,67.96,68.0394,28575,0
MDYV.US,60,20210624,220000,68.0723,68.14,68.045,68.1,37580,0
MDYV.US,60,20210625,160000,68.23,68.44,68.085,68.347,10325,0
MDYV.US,60,20210625,170000,68.37,68.64,68.2986,68.41,21110,0
MDYV.US,60,20210625,180000,68.3932,68.515,68.3932,68.5,9854,0
MDYV.US,60,20210625,190000,68.51,68.59,68.4705,68.51,15713,0
MDYV.US,60,20210625,200000,68.49,68.59,68.4204,68.58,10228,0
MDYV.US,60,20210625,210000,68.54,68.67,68.53,68.65,12876,0
MDYV.US,60,20210625,220000,68.6772,68.8,68.62,68.65,14262,0
MDYV.US,60,20210628,160000,68.68,68.69,67.69,67.7823,5679,0
MDYV.US,60,20210628,170000,67.805,67.805,67.47,67.7081,6603,0
MDYV.US,60,20210628,180000,67.6599,67.77,67.4385,67.46,10048,0
MDYV.US,60,20210628,190000,67.589,67.589,67.28,67.4,12219,0
MDYV.US,60,20210628,200000,67.34,67.49,67.248,67.49,24742,0
MDYV.US,60,20210628,210000,67.518,67.64,67.4401,67.482,14315,0
MDYV.US,60,20210628,220000,67.47,67.58,67.4052,67.58,41566,0
MDYV.US,60,20210629,160000,67.82,67.95,67.71,67.84,63867,0
MDYV.US,60,20210629,170000,67.8301,68.05,67.7401,67.78,272746,0
MDYV.US,60,20210629,180000,67.7875,68.03,67.69,67.76,508473,0
MDYV.US,60,20210629,190000,67.76,67.77,67.445,67.455,325186,0
MDYV.US,60,20210629,200000,67.46,67.46,67.29,67.34,1093218,0
MDYV.US,60,20210629,210000,67.33,67.355,67.14,67.25,1314413,0
MDYV.US,60,20210629,220000,67.25,67.365,67.22,67.24,673098,0
MDYV.US,60,20210630,160000,67.18,67.36,67.1117,67.33,9106,0
MDYV.US,60,20210630,170000,67.46,67.51,67.39,67.4,53121,0
MDYV.US,60,20210630,180000,67.368,67.46,67.25,67.41,7414,0
MDYV.US,60,20210630,190000,67.42,67.68,67.418,67.53,97191,0
MDYV.US,60,20210630,200000,67.5132,67.5199,67.34,67.4,1091961,0
MDYV.US,60,20210630,210000,67.43,67.62,67.4104,67.62,35423,0
MDYV.US,60,20210630,220000,67.62,67.63,67.5,67.54,22926,0
MDYV.US,60,20210701,160000,67.93,67.9984,67.77,67.8207,14309,0
MDYV.US,60,20210701,170000,67.89,68.26,67.8001,68.09,112901,0
MDYV.US,60,20210701,180000,68.0848,68.29,68.0848,68.196,21533,0
MDYV.US,60,20210701,190000,68.2,68.37,68.19,68.3599,14380,0
MDYV.US,60,20210701,200000,68.37,68.43,68.3,68.33,26422,0
MDYV.US,60,20210701,210000,68.32,68.3957,68.1601,68.36,49891,0
MDYV.US,60,20210701,220000,68.38,68.4,68.09,68.22,41105,0
MDYV.US,60,20210702,160000,68.3,68.32,67.87,67.87,3122,0
MDYV.US,60,20210702,170000,67.86,67.96,67.78,67.855,4964,0
MDYV.US,60,20210702,180000,67.88,67.96,67.77,67.81,4111,0
MDYV.US,60,20210702,190000,67.79,67.94,67.7346,67.94,4470,0
MDYV.US,60,20210702,200000,67.99,68,67.912,67.93,5345,0
MDYV.US,60,20210702,210000,67.94,68.03,67.9356,67.98,6394,0
MDYV.US,60,20210702,220000,67.96,67.99,67.85,67.92,43638,0
MDYV.US,60,20210706,160000,67.88,67.88,67.03,67.03,5774,0
MDYV.US,60,20210706,170000,66.7699,66.7699,66.311,66.311,20260,0
MDYV.US,60,20210706,180000,66.305,66.62,66.231,66.52,10017,0
MDYV.US,60,20210706,190000,66.51,66.64,66.3544,66.5,24111,0
MDYV.US,60,20210706,200000,66.535,66.78,66.535,66.78,6143,0
MDYV.US,60,20210706,210000,66.77,66.89,66.75,66.82,32231,0
MDYV.US,60,20210706,220000,66.8,66.99,66.76,66.84,104247,0
MDYV.US,60,20210707,160000,66.68,66.98,66.68,66.73,7928,0
MDYV.US,60,20210707,170000,66.64,66.64,66.3,66.44,3994,0
MDYV.US,60,20210707,180000,66.5389,67.03,66.52,66.85,9079,0
MDYV.US,60,20210707,190000,66.895,67.0718,66.86,66.983,21424,0
MDYV.US,60,20210707,200000,66.9626,66.985,66.8201,66.86,12235,0
MDYV.US,60,20210707,210000,66.91,66.995,66.688,66.83,2971,0
MDYV.US,60,20210707,220000,66.9075,67.028,66.861,66.88,9001,0
MDYV.US,60,20210708,160000,65.82,65.94,65.29,65.64,12558,0
MDYV.US,60,20210708,170000,65.44,66.058,65.44,65.9,11797,0
MDYV.US,60,20210708,180000,65.94,66.55,65.94,66.55,6111,0
MDYV.US,60,20210708,190000,66.58,66.72,66.51,66.61,6397,0
MDYV.US,60,20210708,200000,66.53,66.53,66.16,66.17,7230,0
MDYV.US,60,20210708,210000,66.14,66.16,65.825,65.9399,9102,0
MDYV.US,60,20210708,220000,65.95,66.06,65.72,66,15401,0
MDYV.US,60,20210709,160000,66.78,67.28,66.78,67.28,1834,0
MDYV.US,60,20210709,170000,67.3944,67.53,67.1,67.1,4048,0
MDYV.US,60,20210709,180000,67.15,67.3537,67.15,67.28,5202,0
MDYV.US,60,20210709,190000,67.31,67.3801,67.21,67.3801,5383,0
MDYV.US,60,20210709,200000,67.4,67.47,67.37,67.47,3587,0
MDYV.US,60,20210709,210000,67.465,67.6342,67.465,67.63,7942,0
MDYV.US,60,20210709,220000,67.65,67.73,67.61,67.73,8838,0
