<TICKER>,<PER>,<DATE>,<TIME>,<OPEN>,<HIGH>,<LOW>,<CLOSE>,<VOL>,<OPENINT>
RAFE.US,60,20200914,170000,22.743,22.743,22.743,22.743,102,0
RAFE.US,60,20200914,180000,22.743,22.743,22.743,22.743,202,0
RAFE.US,60,20200914,190000,22.773,22.773,22.773,22.773,202,0
RAFE.US,60,20200914,200000,22.748,22.748,22.743,22.743,304,0
RAFE.US,60,20200915,170000,22.743,22.743,22.743,22.743,506,0
RAFE.US,60,20200915,180000,22.724,22.724,22.714,22.714,1776,0
RAFE.US,60,20200916,220000,22.675,22.793,22.625,22.714,855,0
RAFE.US,60,20200918,210000,22.379,22.379,22.379,22.379,506,0
RAFE.US,60,20200921,170000,21.835,21.835,21.835,21.835,102,0
RAFE.US,60,20200921,190000,21.805,21.805,21.805,21.805,102,0
RAFE.US,60,20200921,200000,21.805,21.805,21.765,21.765,1385,0
RAFE.US,60,20200921,210000,21.746,21.746,21.657,21.657,1082,0
RAFE.US,60,20200922,160000,21.983,21.983,21.983,21.983,1012,0
RAFE.US,60,20200922,180000,21.86,21.86,21.86,21.86,232,0
RAFE.US,60,20200922,220000,21.982,22.013,21.982,21.989,4140,0
RAFE.US,60,20200923,160000,22.091,22.091,22.091,22.091,1012,0
RAFE.US,60,20200923,190000,21.911,21.911,21.911,21.911,308,0
RAFE.US,60,20200923,210000,21.757,21.757,21.757,21.757,649,0
RAFE.US,60,20200924,200000,21.835,21.835,21.835,21.835,139,0
RAFE.US,60,20200924,220000,21.617,21.617,21.617,21.617,102,0
RAFE.US,60,20200925,160000,21.53,21.627,21.529,21.627,7996,0
RAFE.US,60,20200925,180000,21.637,21.637,21.637,21.637,1012,0
RAFE.US,60,20200925,200000,21.746,21.746,21.746,21.746,872,0
RAFE.US,60,20200928,170000,22.249,22.249,22.249,22.249,506,0
RAFE.US,60,20200930,220000,22.254,22.306,22.099,22.306,12870,0
RAFE.US,60,20201002,180000,22.269,22.269,22.269,22.269,101,0
RAFE.US,60,20201002,200000,22.398,22.398,22.398,22.398,101,0
RAFE.US,60,20201002,220000,22.418,22.418,22.377,22.378,9493,0
RAFE.US,60,20201006,170000,22.736,22.765,22.736,22.744,734,0
RAFE.US,60,20201006,200000,22.896,22.896,22.896,22.896,101,0
RAFE.US,60,20201006,210000,22.746,22.746,22.746,22.746,231,0
RAFE.US,60,20201007,170000,22.766,22.766,22.766,22.766,253,0
RAFE.US,60,20201008,220000,23.083,23.083,23.083,23.083,268,0
RAFE.US,60,20201009,170000,23.114,23.114,23.114,23.114,101,0
RAFE.US,60,20201009,190000,23.224,23.224,23.224,23.224,101,0
RAFE.US,60,20201009,210000,23.154,23.154,23.154,23.154,4270,0
RAFE.US,60,20201009,220000,23.154,23.154,23.154,23.154,1080,0
RAFE.US,60,20201013,190000,23.204,23.204,23.204,23.204,330,0
RAFE.US,60,20201013,200000,23.204,23.204,23.204,23.204,516,0
RAFE.US,60,20201013,210000,23.204,23.204,23.204,23.204,330,0
RAFE.US,60,20201019,180000,23.01,23.144,23.01,23.134,918,0
RAFE.US,60,20201019,190000,23.084,23.084,23.084,23.084,150,0
RAFE.US,60,20201020,220000,23.074,23.074,22.955,22.955,1295,0
RAFE.US,60,20201021,170000,23.015,23.015,22.975,22.975,622,0
RAFE.US,60,20201022,190000,22.915,23.025,22.895,23.025,1817,0
RAFE.US,60,20201022,220000,23.124,23.154,23.094,23.112,3760,0
RAFE.US,60,20201027,210000,23.144,23.144,22.398,22.398,11744,0
RAFE.US,60,20201028,150000,21.534,22.031,21.534,22.011,12624,0
RAFE.US,60,20201028,160000,21.762,21.762,21.762,21.762,101,0
RAFE.US,60,20201028,170000,21.772,21.852,21.772,21.852,1609,0
RAFE.US,60,20201028,180000,21.852,21.92,21.852,21.892,474,0
RAFE.US,60,20201028,190000,21.772,21.772,21.772,21.772,201,0
RAFE.US,60,20201028,200000,21.762,21.762,21.762,21.762,402,0
RAFE.US,60,20201028,210000,21.781,21.782,21.781,21.782,1251,0
RAFE.US,60,20201029,190000,21.732,21.732,21.711,21.711,7358,0
RAFE.US,60,20201029,210000,21.97,21.971,21.91,21.911,14425,0
RAFE.US,60,20201030,190000,21.613,21.613,21.613,21.613,217,0
RAFE.US,60,20201102,210000,21.632,22.021,21.632,22.002,957,0
RAFE.US,60,20201103,170000,22.627,22.627,22.627,22.627,1471,0
RAFE.US,60,20201103,190000,22.627,22.627,22.613,22.617,772,0
RAFE.US,60,20201103,220000,22.586,22.586,22.586,22.586,201,0
RAFE.US,60,20201104,180000,22.866,22.866,22.866,22.866,201,0
RAFE.US,60,20201104,200000,22.905,22.935,22.886,22.913,455,0
RAFE.US,60,20201104,210000,22.855,22.855,22.826,22.826,744,0
RAFE.US,60,20201105,200000,23.125,23.125,23.124,23.124,805,0
RAFE.US,60,20201105,210000,23.114,23.114,23.114,23.114,101,0
RAFE.US,60,20201106,220000,23.015,23.015,23.015,23.015,459,0
RAFE.US,60,20201110,210000,24.059,24.059,24.059,24.059,498,0
RAFE.US,60,20201111,220000,24.068,24.079,23.988,23.988,630,0
RAFE.US,60,20201112,190000,23.71,23.711,23.709,23.709,4509,0
RAFE.US,60,20201117,220000,24.436,24.436,24.436,24.436,178,0
RAFE.US,60,20201118,180000,24.645,24.645,24.645,24.645,201,0
RAFE.US,60,20201118,200000,24.596,24.596,24.596,24.596,101,0
RAFE.US,60,20201118,210000,24.526,24.526,24.526,24.526,101,0
RAFE.US,60,20201119,180000,24.188,24.188,24.188,24.188,721,0
RAFE.US,60,20201123,220000,24.297,24.604,24.297,24.555,5406,0
RAFE.US,60,20201125,170000,24.934,24.934,24.934,24.934,201,0
RAFE.US,60,20201125,190000,24.993,24.993,24.993,24.993,201,0
RAFE.US,60,20201125,200000,24.993,24.993,24.993,24.993,201,0
RAFE.US,60,20201125,210000,24.963,24.963,24.963,24.963,101,0
RAFE.US,60,20201125,220000,24.953,24.954,24.953,24.954,704,0
RAFE.US,60,20201127,200000,24.969,24.969,24.969,24.969,0,0
RAFE.US,60,20201127,220000,24.969,24.969,24.969,24.969,0,0
RAFE.US,60,20201130,200000,24.814,24.814,24.814,24.814,160,0
RAFE.US,60,20201130,210000,24.774,24.774,24.774,24.774,141,0
RAFE.US,60,20201130,220000,24.774,24.774,24.774,24.774,101,0
RAFE.US,60,20201201,210000,25.182,25.182,25.182,25.182,101,0
RAFE.US,60,20201202,220000,25.102,25.261,25.102,25.261,1907,0
RAFE.US,60,20201203,200000,25.29,25.29,25.232,25.232,1086,0
RAFE.US,60,20201209,220000,25.53,25.53,25.48,25.48,586,0
RAFE.US,60,20201210,190000,25.459,25.46,25.459,25.46,1289,0
RAFE.US,60,20201211,170000,25.301,25.301,25.301,25.301,101,0
RAFE.US,60,20201214,210000,25.217,25.217,25.217,25.217,153,0
RAFE.US,60,20201216,180000,25.401,25.401,25.401,25.401,627,0
RAFE.US,60,20201216,210000,25.441,25.441,25.441,25.441,249,0
RAFE.US,60,20201217,220000,25.46,25.57,25.46,25.54,953,0
RAFE.US,60,20201222,180000,25.291,25.291,25.291,25.291,704,0
RAFE.US,60,20201222,190000,25.291,25.291,25.291,25.291,226,0
RAFE.US,60,20201223,220000,25.247,25.55,25.247,25.55,518,0
RAFE.US,60,20201224,180000,25.341,25.342,25.341,25.342,1086,0
RAFE.US,60,20201224,190000,25.341,25.341,25.341,25.341,258,0
RAFE.US,60,20201224,200000,25.446,25.446,25.446,25.446,0,0
RAFE.US,60,20201224,220000,25.446,25.446,25.446,25.446,0,0
RAFE.US,60,20201229,210000,25.539,25.54,25.539,25.54,929,0
RAFE.US,60,20201229,220000,25.586,25.586,25.586,25.586,111,0
RAFE.US,60,20201231,190000,25.67,25.67,25.6612,25.6612,234,0
RAFE.US,60,20201231,220000,25.77,25.77,25.77,25.77,143,0
RAFE.US,60,20210106,170000,26.199,26.199,26.199,26.199,200,0
RAFE.US,60,20210106,220000,26.3566,26.3566,26.3566,26.3566,152,0
RAFE.US,60,20210107,190000,26.62,26.62,26.62,26.62,100,0
RAFE.US,60,20210111,220000,26.69,26.69,26.66,26.68,891,0
RAFE.US,60,20210114,200000,27.139,27.14,27.139,27.14,1288,0
RAFE.US,60,20210114,210000,27.14,27.14,27.14,27.14,421,0
RAFE.US,60,20210114,220000,27.099,27.099,27.099,27.099,200,0
RAFE.US,60,20210115,160000,27.31,27.31,27.31,27.31,310,0
RAFE.US,60,20210115,190000,26.71,26.71,26.71,26.71,100,0
RAFE.US,60,20210115,210000,26.79,26.79,26.789,26.79,8249,0
RAFE.US,60,20210121,220000,26.71,26.94,26.69,26.8955,3901,0
RAFE.US,60,20210122,170000,26.709,26.709,26.709,26.709,130,0
RAFE.US,60,20210122,200000,26.749,26.75,26.749,26.75,672,0
RAFE.US,60,20210122,220000,26.7781,26.7781,26.7781,26.7781,275,0
RAFE.US,60,20210125,170000,26.7,26.7,26.7,26.7,231,0
RAFE.US,60,20210125,180000,26.54,26.54,26.54,26.54,200,0
RAFE.US,60,20210126,200000,26.7,26.7,26.6899,26.6899,313,0
RAFE.US,60,20210127,220000,26.665,26.71,26.0599,26.0599,14703,0
RAFE.US,60,20210202,190000,26.51,26.51,26.51,26.51,177,0
RAFE.US,60,20210203,200000,26.4812,26.5,26.4812,26.4999,831,0
RAFE.US,60,20210203,220000,26.555,26.56,26.555,26.56,843,0
RAFE.US,60,20210204,170000,26.76,26.76,26.75,26.75,944,0
RAFE.US,60,20210209,200000,27.269,27.27,27.269,27.269,855,0
RAFE.US,60,20210209,210000,27.255,27.255,27.255,27.255,400,0
RAFE.US,60,20210210,220000,27.269,27.27,27.195,27.195,1069,0
RAFE.US,60,20210212,170000,27.25,27.25,27.25,27.25,338,0
RAFE.US,60,20210212,220000,27.269,27.269,27.269,27.269,178,0
RAFE.US,60,20210216,190000,27.46,27.46,27.46,27.46,200,0
RAFE.US,60,20210217,220000,27.549,27.549,27.48,27.48,1694,0
RAFE.US,60,20210218,210000,27.46,27.46,27.46,27.46,450,0
RAFE.US,60,20210218,220000,27.49,27.49,27.4795,27.4795,946,0
RAFE.US,60,20210219,200000,27.51,27.51,27.51,27.51,100,0
RAFE.US,60,20210222,190000,27.689,27.69,27.665,27.665,1978,0
RAFE.US,60,20210222,220000,27.65,27.65,27.6281,27.6281,528,0
RAFE.US,60,20210223,190000,27.52,27.52,27.52,27.52,100,0
RAFE.US,60,20210223,200000,27.52,27.52,27.52,27.52,139,0
RAFE.US,60,20210223,210000,27.599,27.599,27.599,27.599,200,0
RAFE.US,60,20210225,170000,28.029,28.029,28.029,28.029,100,0
RAFE.US,60,20210226,160000,27.05,27.05,27.05,27.05,147,0
RAFE.US,60,20210226,200000,27.509,27.509,27.509,27.509,168,0
RAFE.US,60,20210301,180000,27.831,27.831,27.83,27.83,1122,0
RAFE.US,60,20210301,220000,27.84,27.84,27.84,27.84,107,0
RAFE.US,60,20210302,210000,27.83,27.83,27.83,27.83,725,0
RAFE.US,60,20210303,170000,27.78,27.79,27.78,27.78,1848,0
RAFE.US,60,20210303,180000,27.8801,27.8801,27.8801,27.8801,101,0
RAFE.US,60,20210303,220000,27.829,27.829,27.829,27.829,102,0
RAFE.US,60,20210304,190000,27.589,27.589,27.545,27.5699,418,0
RAFE.US,60,20210304,220000,27.269,27.32,27.2593,27.3199,1591,0
RAFE.US,60,20210305,170000,27.4381,27.4381,27.4381,27.4381,110,0
RAFE.US,60,20210305,210000,27.749,27.84,27.669,27.8199,1651,0
RAFE.US,60,20210305,220000,27.808,27.89,27.808,27.88,586,0
RAFE.US,60,20210310,190000,28.5,28.53,28.5,28.53,700,0
RAFE.US,60,20210310,200000,28.58,28.59,28.58,28.59,49198,0
RAFE.US,60,20210310,210000,28.6317,28.66,28.618,28.659,1750,0
RAFE.US,60,20210311,180000,28.78,28.78,28.77,28.77,1064,0
RAFE.US,60,20210311,210000,28.7,28.7,28.7,28.7,100,0
RAFE.US,60,20210311,220000,28.64,28.649,28.64,28.649,1754,0
RAFE.US,60,20210312,210000,28.8,28.8,28.8,28.8,200,0
RAFE.US,60,20210315,170000,28.89,28.89,28.89,28.89,106,0
RAFE.US,60,20210316,160000,28.9499,28.9499,28.9499,28.9499,170,0
RAFE.US,60,20210317,170000,28.79,28.79,28.79,28.79,27545,0
RAFE.US,60,20210317,180000,28.93,28.93,28.93,28.93,200,0
RAFE.US,60,20210322,150000,28.76,28.89,28.76,28.85,2900,0
RAFE.US,60,20210322,160000,28.86,28.9,28.82,28.86,5100,0
RAFE.US,60,20210322,170000,28.85,28.93,28.85,28.92,3700,0
RAFE.US,60,20210322,180000,28.92,28.95,28.879,28.94,3529,0
RAFE.US,60,20210322,190000,28.94,28.98,28.92,28.98,2900,0
RAFE.US,60,20210322,200000,28.979,29.06,28.979,29.04,3100,0
RAFE.US,60,20210322,210000,29.06,29.06,28.955,28.99,6744,0
RAFE.US,60,20210323,170000,28.7517,28.7517,28.7517,28.7517,175,0
RAFE.US,60,20210323,200000,28.73,28.73,28.73,28.73,350,0
RAFE.US,60,20210323,210000,28.53,28.53,28.5299,28.5299,486,0
RAFE.US,60,20210324,160000,28.845,28.845,28.845,28.845,1192,0
RAFE.US,60,20210326,170000,29.03,29.03,29.03,29.03,200,0
RAFE.US,60,20210326,180000,29.17,29.17,29.17,29.17,200,0
RAFE.US,60,20210329,160000,29.34,29.34,29.34,29.34,101,0
RAFE.US,60,20210329,170000,29.14,29.14,29.14,29.14,106,0
RAFE.US,60,20210329,210000,29.219,29.22,29.219,29.2199,486,0
RAFE.US,60,20210330,180000,29.2,29.2,29.2,29.2,106,0
RAFE.US,60,20210330,200000,29.21,29.26,29.2,29.259,480,0
RAFE.US,60,20210331,220000,29.345,29.345,29.34,29.34,583,0
RAFE.US,60,20210405,160000,30.03,30.03,30.03,30.03,524,0
RAFE.US,60,20210405,190000,29.72,29.73,29.72,29.73,950,0
RAFE.US,60,20210405,200000,29.66,29.66,29.66,29.66,100,0
RAFE.US,60,20210407,190000,29.59,29.59,29.59,29.59,202,0
RAFE.US,60,20210408,170000,29.57,29.57,29.57,29.57,167,0
RAFE.US,60,20210412,180000,29.545,29.84,29.545,29.84,600,0
RAFE.US,60,20210412,190000,29.9,29.9,29.869,29.869,426,0
RAFE.US,60,20210413,170000,29.66,29.67,29.66,29.67,2000,0
RAFE.US,60,20210413,190000,29.69,29.69,29.69,29.69,200,0
RAFE.US,60,20210413,210000,29.68,29.68,29.68,29.68,100,0
RAFE.US,60,20210413,220000,29.69,29.69,29.69,29.69,16000,0
RAFE.US,60,20210416,160000,29.919,30.1313,29.919,30.1313,10058,0
RAFE.US,60,20210416,180000,30.146,30.15,30.13,30.13,7659,0
RAFE.US,60,20210416,220000,30.18,30.26,30.14,30.2599,5255,0
RAFE.US,60,20210419,160000,30.16,30.16,30.1599,30.1599,5300,0
RAFE.US,60,20210419,180000,30.119,30.119,30.119,30.119,165,0
RAFE.US,60,20210419,190000,30.064,30.08,30.04,30.04,1318,0
RAFE.US,60,20210420,210000,30.0489,30.0489,29.63,29.63,850,0
RAFE.US,60,20210421,160000,29.69,29.69,29.69,29.69,200,0
RAFE.US,60,20210421,200000,29.9999,29.9999,29.9999,29.9999,300,0
RAFE.US,60,20210421,210000,30.09,30.11,30.09,30.09,2000,0
RAFE.US,60,20210422,220000,29.76,29.86,29.75,29.86,8561,0
RAFE.US,60,20210423,210000,30.099,30.1,30,30,2321,0
RAFE.US,60,20210427,180000,30.105,30.105,30.105,30.105,600,0
RAFE.US,60,20210427,190000,30.1703,30.1703,30.1703,30.1703,500,0
RAFE.US,60,20210427,210000,30.1699,30.1699,30.1699,30.1699,970,0
RAFE.US,60,20210427,220000,30.1201,30.1201,30.1201,30.1201,412,0
RAFE.US,60,20210428,170000,30.13,30.13,30.13,30.13,200,0
RAFE.US,60,20210428,200000,30.1,30.1,30.1,30.1,43708,0
RAFE.US,60,20210428,210000,30.18,30.2,30.18,30.2,1152,0
RAFE.US,60,20210428,220000,30.09,30.09,30.09,30.09,266,0
RAFE.US,60,20210429,170000,30.2,30.2,30.2,30.2,200,0
RAFE.US,60,20210430,200000,30.1,30.1,30.1,30.1,200,0
RAFE.US,60,20210430,220000,30.1,30.1,30.1,30.1,200,0
RAFE.US,60,20210503,200000,30.3733,30.3733,30.3733,30.3733,100,0
RAFE.US,60,20210503,220000,30.37,30.37,30.32,30.345,675,0
RAFE.US,60,20210504,200000,30.22,30.278,30.22,30.2402,571,0
RAFE.US,60,20210506,170000,30.42,30.467,30.42,30.467,5230,0
RAFE.US,60,20210506,180000,30.47,30.47,30.47,30.47,872,0
RAFE.US,60,20210506,220000,30.58,30.58,30.58,30.58,169,0
RAFE.US,60,20210507,170000,31.0299,31.0299,31.0299,31.0299,300,0
RAFE.US,60,20210507,190000,31.02,31.02,31.02,31.02,100,0
RAFE.US,60,20210507,200000,31.059,31.06,31,31.06,2882,0
RAFE.US,60,20210507,220000,31.046,31.129,31.046,31.129,369,0
RAFE.US,60,20210510,160000,31.13,31.13,31.13,31.13,112,0
RAFE.US,60,20210510,200000,31.25,31.25,31.25,31.25,165,0
RAFE.US,60,20210511,180000,30.4697,30.619,30.4697,30.619,575,0
RAFE.US,60,20210511,190000,30.57,30.57,30.57,30.57,126,0
RAFE.US,60,20210511,220000,30.57,30.57,30.57,30.57,100,0
RAFE.US,60,20210513,210000,30.4931,30.4931,30.4931,30.4931,500,0
RAFE.US,60,20210514,170000,30.73,30.7408,30.73,30.7408,753,0
RAFE.US,60,20210514,220000,30.9599,30.96,30.8915,30.96,1491,0
RAFE.US,60,20210517,180000,30.8932,30.8932,30.8932,30.8932,147,0
RAFE.US,60,20210517,190000,30.88,30.88,30.88,30.88,100,0
RAFE.US,60,20210517,220000,31,31,30.94,30.94,1053,0
RAFE.US,60,20210518,170000,30.9,30.9,30.9,30.9,200,0
RAFE.US,60,20210519,190000,30.42,30.429,30.42,30.429,560,0
RAFE.US,60,20210520,220000,30.6837,30.6837,30.6837,30.6837,370,0
RAFE.US,60,20210521,200000,30.77,30.81,30.77,30.81,947,0
RAFE.US,60,20210524,160000,30.9,30.9,30.9,30.9,100,0
RAFE.US,60,20210524,190000,30.96,30.96,30.96,30.96,358,0
RAFE.US,60,20210524,200000,30.99,30.99,30.9,30.9,550,0
RAFE.US,60,20210525,170000,30.97,30.98,30.97,30.98,2000,0
RAFE.US,60,20210526,160000,30.74,30.74,30.74,30.74,1110,0
RAFE.US,60,20210526,210000,30.81,30.87,30.81,30.87,3401,0
RAFE.US,60,20210527,190000,30.96,30.96,30.9202,30.9202,1559,0
RAFE.US,60,20210527,210000,30.99,30.99,30.9498,30.969,611,0
RAFE.US,60,20210528,190000,30.9957,30.9957,30.9957,30.9957,100,0
RAFE.US,60,20210528,220000,31.03,31.03,31.0299,31.0299,200,0
RAFE.US,60,20210601,160000,31.06,31.06,31.03,31.045,300,0
RAFE.US,60,20210601,170000,31.12,31.12,31.12,31.12,200,0
RAFE.US,60,20210601,190000,30.99,30.99,30.99,30.99,209,0
RAFE.US,60,20210603,160000,30.96,30.96,30.96,30.96,400,0
RAFE.US,60,20210604,190000,31.23,31.23,31.2107,31.2107,800,0
RAFE.US,60,20210607,170000,31.26,31.26,31.25,31.25,2880,0
RAFE.US,60,20210607,190000,31.1801,31.245,31.1801,31.245,836,0
RAFE.US,60,20210608,160000,31.25,31.25,31.25,31.25,199,0
RAFE.US,60,20210608,220000,31.26,31.26,31.23,31.23,17594,0
RAFE.US,60,20210609,180000,31.23,31.23,31.23,31.23,213,0
RAFE.US,60,20210609,190000,31.229,31.229,31.229,31.229,200,0
RAFE.US,60,20210609,200000,31.18,31.2199,31.1798,31.1807,2413,0
RAFE.US,60,20210610,210000,31.13,31.15,31.115,31.15,1900,0
RAFE.US,60,20210610,220000,31.11,31.11,31.0662,31.0662,400,0
RAFE.US,60,20210611,160000,31.22,31.22,31.22,31.22,100,0
RAFE.US,60,20210611,180000,31.099,31.1,31.099,31.1,300,0
RAFE.US,60,20210611,210000,31.129,31.129,31.129,31.129,200,0
RAFE.US,60,20210614,190000,30.89,30.8936,30.89,30.8936,218,0
RAFE.US,60,20210616,200000,30.87,30.87,30.8,30.8,211,0
RAFE.US,60,20210616,210000,30.7,30.7,30.7,30.7,620,0
RAFE.US,60,20210617,180000,30.429,30.429,30.37,30.37,249,0
RAFE.US,60,20210617,200000,30.409,30.409,30.409,30.409,100,0
RAFE.US,60,20210617,210000,30.29,30.341,30.23,30.321,10246,0
RAFE.US,60,20210617,220000,30.23,30.23,30.23,30.23,200,0
RAFE.US,60,20210618,160000,30.03,30.03,30.03,30.03,300,0
RAFE.US,60,20210618,170000,29.731,29.78,29.731,29.78,240,0
RAFE.US,60,20210618,200000,29.8292,29.8292,29.8292,29.8292,600,0
RAFE.US,60,20210618,220000,29.72,29.72,29.72,29.72,223,0
RAFE.US,60,20210622,200000,30.23,30.23,30.23,30.23,28658,0
RAFE.US,60,20210623,220000,30.36,30.42,30.23,30.23,8048,0
RAFE.US,60,20210624,160000,30.4324,30.4324,30.4324,30.4324,840,0
RAFE.US,60,20210624,190000,30.5,30.5,30.4,30.4,512,0
RAFE.US,60,20210624,210000,30.609,30.62,30.49,30.49,6479,0
RAFE.US,60,20210624,220000,30.6,30.6,30.46,30.46,500,0
RAFE.US,60,20210625,190000,30.735,30.735,30.735,30.735,110,0
RAFE.US,60,20210625,220000,30.75,30.81,30.73,30.73,1030,0
RAFE.US,60,20210628,210000,30.709,30.71,30.67,30.67,400,0
RAFE.US,60,20210628,220000,30.68,30.69,30.6,30.64,465,0
RAFE.US,60,20210629,170000,30.7101,30.7101,30.7101,30.7101,110,0
RAFE.US,60,20210629,190000,30.665,30.665,30.665,30.665,100,0
RAFE.US,60,20210630,200000,30.6583,30.6583,30.59,30.59,1820,0
RAFE.US,60,20210630,210000,30.7,30.7,30.7,30.7,100,0
RAFE.US,60,20210701,220000,30.8188,30.8188,30.68,30.68,2530,0
RAFE.US,60,20210702,180000,30.761,30.844,30.76,30.77,2704,0
RAFE.US,60,20210702,190000,30.77,30.77,30.77,30.77,100,0
RAFE.US,60,20210702,210000,30.9,30.94,30.86,30.91,4921,0
RAFE.US,60,20210702,220000,30.95,30.95,30.83,30.83,2624,0
RAFE.US,60,20210706,160000,31.17,31.17,30.7399,30.7399,8595,0
RAFE.US,60,20210706,210000,30.535,30.535,30.52,30.52,810,0
RAFE.US,60,20210706,220000,30.54,30.54,30.54,30.54,100,0
RAFE.US,60,20210707,160000,30.54,30.55,30.54,30.54,6700,0
RAFE.US,60,20210707,220000,30.57,30.62,30.57,30.62,600,0
RAFE.US,60,20210708,160000,30.29,30.29,30.29,30.29,300,0
RAFE.US,60,20210708,170000,30.32,30.32,30.27,30.27,792,0
RAFE.US,60,20210708,220000,30.29,30.29,30.29,30.29,100,0
RAFE.US,60,20210709,190000,30.76,30.79,30.75,30.77,2600,0
RAFE.US,60,20210709,200000,30.7811,30.7811,30.75,30.75,700,0
RAFE.US,60,20210709,210000,30.78,30.78,30.78,30.78,100,0
RAFE.US,60,20210709,220000,30.8,30.8,30.8,30.8,100,0
