<TICKER>,<PER>,<DATE>,<TIME>,<OPEN>,<HIGH>,<LOW>,<CLOSE>,<VOL>,<OPENINT>
SCO.US,60,20200914,160000,76.2,76.98,75.2,75.5,78050,0
SCO.US,60,20200914,170000,75.48,76.045,74.8,75.521,124162,0
SCO.US,60,20200914,180000,75.56,76.24,75.08,75.72,75401,0
SCO.US,60,20200914,190000,75.64,76.24,75.24,75.56,35243,0
SCO.US,60,20200914,200000,75.46,75.56,74.68,75.02,48723,0
SCO.US,60,20200914,210000,74.96,75.76,74.682,75.5,68291,0
SCO.US,60,20200914,220000,75.48,75.56,75.04,75.16,29215,0
SCO.US,60,20200915,160000,74.36,74.92,73.66,74.44,193261,0
SCO.US,60,20200915,170000,74.6,75.04,74.001,74.44,64923,0
SCO.US,60,20200915,180000,74.48,74.64,71.92,73.508,145918,0
SCO.US,60,20200915,190000,73.56,73.6,71.68,71.88,73710,0
SCO.US,60,20200915,200000,71.84,72.01,70.9,71.391,126966,0
SCO.US,60,20200915,210000,71.37,72.44,71.298,71.4,107905,0
SCO.US,60,20200915,220000,71.44,72.18,71.44,71.96,86291,0
SCO.US,60,20200916,160000,68.44,69.036,68.36,68.52,120771,0
SCO.US,60,20200916,170000,68.52,69.08,67.282,68,270129,0
SCO.US,60,20200916,180000,68,68,66.4,66.86,213747,0
SCO.US,60,20200916,190000,66.802,66.838,65.64,65.824,141607,0
SCO.US,60,20200916,200000,65.8,66.64,65.72,66.24,103137,0
SCO.US,60,20200916,210000,66.2,66.396,65.32,65.908,117492,0
SCO.US,60,20200916,220000,65.92,66.08,65.6,65.92,105396,0
SCO.US,60,20200917,160000,66.66,67.12,66,66.16,132686,0
SCO.US,60,20200917,170000,66.16,66.16,63.838,64.495,278185,0
SCO.US,60,20200917,180000,64.44,64.52,63.3,63.92,152996,0
SCO.US,60,20200917,190000,63.8,64.28,63.54,63.68,66808,0
SCO.US,60,20200917,200000,63.679,63.784,63.4,63.743,48286,0
SCO.US,60,20200917,210000,63.732,64.158,63.399,64.04,113544,0
SCO.US,60,20200917,220000,64.04,64.18,63.724,63.88,79065,0
SCO.US,60,20200918,160000,64.12,64.12,63.388,63.558,88073,0
SCO.US,60,20200918,170000,63.534,63.84,63.12,63.2,98496,0
SCO.US,60,20200918,180000,63.24,63.8,63.24,63.68,74116,0
SCO.US,60,20200918,190000,63.68,64.52,63.68,64.278,69961,0
SCO.US,60,20200918,200000,64.252,65.32,64.044,64.64,84098,0
SCO.US,60,20200918,210000,64.684,64.8,63.8,64.16,95239,0
SCO.US,60,20200918,220000,64.08,64.68,64.08,64.68,58107,0
SCO.US,60,20200921,160000,66.16,67.4,65.76,67.207,114187,0
SCO.US,60,20200921,170000,67.32,69.436,67.12,68.72,126470,0
SCO.US,60,20200921,180000,68.78,70.2,68.44,68.68,152125,0
SCO.US,60,20200921,190000,68.68,69.54,68.48,68.84,96659,0
SCO.US,60,20200921,200000,68.76,69.68,68.72,69.2,62736,0
SCO.US,60,20200921,210000,69.14,69.42,68.24,68.5,134162,0
SCO.US,60,20200921,220000,68.48,68.48,67.72,67.72,87827,0
SCO.US,60,20200922,160000,67.28,68.52,66.64,68.32,72057,0
SCO.US,60,20200922,170000,68.34,68.88,67.24,68.88,74741,0
SCO.US,60,20200922,180000,68.72,68.92,67.92,68.4,54926,0
SCO.US,60,20200922,190000,68.44,69.6,67.68,69.32,61826,0
SCO.US,60,20200922,200000,69.28,69.8,68.16,68.36,104924,0
SCO.US,60,20200922,210000,68.28,68.32,67.72,68.2,89848,0
SCO.US,60,20200922,220000,68.24,68.32,67.88,68.12,47701,0
SCO.US,60,20200923,160000,67.44,67.92,67.28,67.6,70324,0
SCO.US,60,20200923,170000,67.56,68.68,66,66.524,182362,0
SCO.US,60,20200923,180000,66.4,68.32,66.36,68.32,125810,0
SCO.US,60,20200923,190000,68.2,68.36,65.28,67.16,240057,0
SCO.US,60,20200923,200000,67.24,68,66.96,67.76,110849,0
SCO.US,60,20200923,210000,67.84,68.28,67.56,67.96,122034,0
SCO.US,60,20200923,220000,68.04,68.96,68,68.76,131925,0
SCO.US,60,20200924,160000,67.48,68.32,67.32,68.014,69551,0
SCO.US,60,20200924,170000,68,68.08,66.88,67.76,95842,0
SCO.US,60,20200924,180000,67.84,68.12,67.4,67.52,83153,0
SCO.US,60,20200924,190000,67.4,68,67.08,67.64,90270,0
SCO.US,60,20200924,200000,67.56,67.68,66.36,66.6,96413,0
SCO.US,60,20200924,210000,66.522,67,66.28,67,67216,0
SCO.US,60,20200924,220000,66.995,67.078,66.6,66.72,90362,0
SCO.US,60,20200925,160000,67.52,67.84,66.946,67.532,52660,0
SCO.US,60,20200925,170000,67.44,68.12,67.12,67.4,72326,0
SCO.US,60,20200925,180000,67.4,67.72,67.08,67.359,51857,0
SCO.US,60,20200925,190000,67.32,67.48,66.799,66.799,59204,0
SCO.US,60,20200925,200000,66.84,67.16,66.8,66.8,32022,0
SCO.US,60,20200925,210000,66.82,67.16,66.561,66.92,28182,0
SCO.US,60,20200925,220000,66.92,67.48,66.8,67.44,39760,0
SCO.US,60,20200928,160000,66.84,67.64,66.76,67.32,66809,0
SCO.US,60,20200928,170000,67.2,67.322,66,67.08,88753,0
SCO.US,60,20200928,180000,67,67.24,66.172,66.36,50508,0
SCO.US,60,20200928,190000,66.32,66.325,65.8,65.96,53330,0
SCO.US,60,20200928,200000,65.9,66.44,65.88,66.28,50906,0
SCO.US,60,20200928,210000,66.26,66.44,65.24,65.32,74144,0
SCO.US,60,20200928,220000,65.4,66.08,65.32,66.04,76535,0
SCO.US,60,20200929,160000,67.56,68.08,67.48,67.8,69611,0
SCO.US,60,20200929,170000,67.76,69.88,67.48,69.16,109210,0
SCO.US,60,20200929,180000,69.12,71.2,69.12,71.18,120715,0
SCO.US,60,20200929,190000,71.195,71.84,70.68,70.96,103525,0
SCO.US,60,20200929,200000,70.92,70.92,70.12,70.557,33215,0
SCO.US,60,20200929,210000,70.44,70.46,69.22,69.92,91754,0
SCO.US,60,20200929,220000,69.92,70.636,69.883,70.16,54523,0
SCO.US,60,20200930,160000,68.88,69.2,68.4,69.04,45519,0
SCO.US,60,20200930,170000,69.06,69.1,67.962,68.16,135395,0
SCO.US,60,20200930,180000,68.2,68.476,67.4,67.66,144031,0
SCO.US,60,20200930,190000,67.68,67.84,67.12,67.155,99512,0
SCO.US,60,20200930,200000,67.2,68.08,67.2,67.64,73520,0
SCO.US,60,20200930,210000,67.6,67.711,66.2,67.12,260311,0
SCO.US,60,20200930,220000,67.12,67.62,66.8,67.2,133667,0
SCO.US,60,20201001,160000,69.4,70.332,69.04,70.28,64088,0
SCO.US,60,20201001,170000,70.306,73.04,70.306,72.56,246292,0
SCO.US,60,20201001,180000,72.48,73.659,71.961,72.12,176873,0
SCO.US,60,20201001,190000,72.08,72.599,71.68,71.72,103334,0
SCO.US,60,20201001,200000,71.8,72,70.311,70.9,86557,0
SCO.US,60,20201001,210000,70.96,71.28,70.044,70.24,136250,0
SCO.US,60,20201001,220000,70.16,70.96,70.16,70.52,52430,0
SCO.US,60,20201002,160000,76.382,77,74.56,75.325,177516,0
SCO.US,60,20201002,170000,75.36,75.76,74.08,74.84,147938,0
SCO.US,60,20201002,180000,74.96,75.04,73.4,74.836,166328,0
SCO.US,60,20201002,190000,74.84,74.88,73.6,74.76,78266,0
SCO.US,60,20201002,200000,74.6,75.86,74.24,75.76,142151,0
SCO.US,60,20201002,210000,75.8,76.48,75.08,75.96,107822,0
SCO.US,60,20201002,220000,76,76.32,75.54,75.8,50165,0
SCO.US,60,20201005,160000,69.52,70.2,68.634,69.3,123486,0
SCO.US,60,20201005,170000,69.28,69.52,67.48,67.64,310079,0
SCO.US,60,20201005,180000,67.6,68.199,66.6,68,274924,0
SCO.US,60,20201005,190000,68,68,66.76,66.98,157852,0
SCO.US,60,20201005,200000,66.995,67.56,66.56,67.2,110894,0
SCO.US,60,20201005,210000,67.199,68.56,67.199,67.86,124355,0
SCO.US,60,20201005,220000,67.88,67.88,67.608,67.76,71471,0
SCO.US,60,20201006,160000,64.6,64.68,63.894,64.48,149134,0
SCO.US,60,20201006,170000,64.4,64.8,63.68,63.915,208493,0
SCO.US,60,20201006,180000,63.839,65.28,63.7,64.72,174011,0
SCO.US,60,20201006,190000,64.719,65.6,64.638,65.084,123116,0
SCO.US,60,20201006,200000,65.08,65.24,64.68,64.92,41045,0
SCO.US,60,20201006,210000,64.84,65.6,63.68,65.32,232384,0
SCO.US,60,20201006,220000,65.32,66.041,65.08,65.72,238870,0
SCO.US,60,20201007,160000,66.6,67.04,66.04,67,79811,0
SCO.US,60,20201007,170000,66.92,67.72,66.56,67.58,182514,0
SCO.US,60,20201007,180000,67.68,67.68,66.52,67,91162,0
SCO.US,60,20201007,190000,66.92,67.76,66.8,67.283,70714,0
SCO.US,60,20201007,200000,67.24,67.36,66.073,66.52,81539,0
SCO.US,60,20201007,210000,66.44,66.484,65.88,66.26,96193,0
SCO.US,60,20201007,220000,66.245,66.36,65.72,65.8,49747,0
SCO.US,60,20201008,160000,63.28,63.461,62.875,63,136811,0
SCO.US,60,20201008,170000,63,64.44,62.76,64.285,196182,0
SCO.US,60,20201008,180000,64.2,64.32,62.88,63.44,134791,0
SCO.US,60,20201008,190000,63.48,63.839,63,63,85120,0
SCO.US,60,20201008,200000,62.96,63.118,62.66,63.118,111261,0
SCO.US,60,20201008,210000,63.08,63.12,62.72,63,64868,0
SCO.US,60,20201008,220000,62.96,63.12,62.84,62.96,77612,0
SCO.US,60,20201009,160000,63.32,63.792,62.96,63.2,60826,0
SCO.US,60,20201009,170000,63.2,63.64,63.08,63.32,57657,0
SCO.US,60,20201009,180000,63.3,63.52,62.46,62.654,96378,0
SCO.US,60,20201009,190000,62.64,64.56,62.6,64.52,172226,0
SCO.US,60,20201009,200000,64.5,65.155,64.36,64.52,117190,0
SCO.US,60,20201009,210000,64.444,64.8,64.18,64.74,75810,0
SCO.US,60,20201009,220000,64.76,64.88,64.52,64.56,74274,0
SCO.US,60,20201012,160000,65.76,68.54,65.76,67.72,190719,0
SCO.US,60,20201012,170000,67.7,68.08,67.004,67.4,127577,0
SCO.US,60,20201012,180000,67.442,67.8,67.2,67.48,52863,0
SCO.US,60,20201012,190000,67.56,67.806,66.96,67.8,51683,0
SCO.US,60,20201012,200000,67.8,68.04,67.26,67.32,45198,0
SCO.US,60,20201012,210000,67.32,67.768,66.7,67.64,76759,0
SCO.US,60,20201012,220000,67.64,67.68,66.643,66.96,91386,0
SCO.US,60,20201013,160000,65.4,66.26,65.28,65.478,55494,0
SCO.US,60,20201013,170000,65.475,66.24,65.2,65.68,75214,0
SCO.US,60,20201013,180000,65.72,66,64.84,65.52,92709,0
SCO.US,60,20201013,190000,65.48,65.631,65.069,65.08,50138,0
SCO.US,60,20201013,200000,65.04,65.52,64.76,65.32,41266,0
SCO.US,60,20201013,210000,65.383,65.48,65.118,65.2,43174,0
SCO.US,60,20201013,220000,65.2,65.46,65.16,65.32,56924,0
SCO.US,60,20201014,160000,63.72,63.84,63.16,63.555,139377,0
SCO.US,60,20201014,170000,63.52,64.16,63.36,63.82,116058,0
SCO.US,60,20201014,180000,63.76,64.148,63.36,63.84,164243,0
SCO.US,60,20201014,190000,63.72,64.12,63.58,64.031,62508,0
SCO.US,60,20201014,200000,64.04,64.04,63.396,63.4,66390,0
SCO.US,60,20201014,210000,63.36,63.56,63.243,63.346,69174,0
SCO.US,60,20201014,220000,63.32,63.52,63.16,63.52,74145,0
SCO.US,60,20201015,160000,66.92,67.207,66.48,66.8,94304,0
SCO.US,60,20201015,170000,66.76,66.92,66.08,66.642,93984,0
SCO.US,60,20201015,180000,66.6,66.6,65.06,65.76,172826,0
SCO.US,60,20201015,190000,65.8,65.8,64.8,64.844,75738,0
SCO.US,60,20201015,200000,64.8,64.92,63.94,64.24,104128,0
SCO.US,60,20201015,210000,64.24,64.56,63.72,63.881,77998,0
SCO.US,60,20201015,220000,63.88,63.92,63.64,63.68,98830,0
SCO.US,60,20201016,160000,65.08,66.08,65.08,65.56,108530,0
SCO.US,60,20201016,170000,65.522,65.56,64.2,64.6,130279,0
SCO.US,60,20201016,180000,64.6,64.64,63.96,64.12,98313,0
SCO.US,60,20201016,190000,64.092,64.525,64.04,64.24,32317,0
SCO.US,60,20201016,200000,64.308,64.677,64.12,64.24,53890,0
SCO.US,60,20201016,210000,64.2,64.4,64,64.12,68109,0
SCO.US,60,20201016,220000,64.08,64.422,64.08,64.4,49264,0
SCO.US,60,20201019,160000,64,64.172,63.4,63.68,75255,0
SCO.US,60,20201019,170000,63.68,64.32,63.52,63.58,108308,0
SCO.US,60,20201019,180000,63.6,64,63.4,63.8,117213,0
SCO.US,60,20201019,190000,63.8,64.08,63.68,64.08,69245,0
SCO.US,60,20201019,200000,64.04,64.388,63.84,64.2,58275,0
SCO.US,60,20201019,210000,64.16,64.72,63.84,64.66,113913,0
SCO.US,60,20201019,220000,64.68,65.04,64.56,64.88,75844,0
SCO.US,60,20201020,160000,65.48,65.48,64.24,64.44,66950,0
SCO.US,60,20201020,170000,64.4,65.44,64.36,64.84,102623,0
SCO.US,60,20201020,180000,64.88,65.04,64.24,64.36,96462,0
SCO.US,60,20201020,190000,64.36,64.4,63.44,63.56,117182,0
SCO.US,60,20201020,200000,63.52,63.72,63.36,63.44,106068,0
SCO.US,60,20201020,210000,63.46,63.48,62.16,62.92,218242,0
SCO.US,60,20201020,220000,62.88,63.18,62.76,63,127905,0
SCO.US,60,20201021,160000,64.72,64.8,64.24,64.36,78427,0
SCO.US,60,20201021,170000,64.368,66.43,64.16,65.8,203971,0
SCO.US,60,20201021,180000,65.94,66.72,65.94,66.437,172491,0
SCO.US,60,20201021,190000,66.4,67.518,66,67.448,126292,0
SCO.US,60,20201021,200000,67.52,67.56,66.68,66.84,54029,0
SCO.US,60,20201021,210000,66.8,67.12,66.48,66.694,45945,0
SCO.US,60,20201021,220000,66.68,67.06,66.64,67,60908,0
SCO.US,60,20201022,160000,65.88,66.08,65.04,65.14,81747,0
SCO.US,60,20201022,170000,65.159,65.48,64.372,64.482,135724,0
SCO.US,60,20201022,180000,64.44,64.72,64.08,64.668,87307,0
SCO.US,60,20201022,190000,64.68,65.28,64.68,64.72,77925,0
SCO.US,60,20201022,200000,64.68,65.322,64.68,65.2,45295,0
SCO.US,60,20201022,210000,65.2,65.48,64.885,65.24,44330,0
SCO.US,60,20201022,220000,65.2,65.26,65,65.2,59376,0
SCO.US,60,20201023,160000,64.96,65.48,64.92,65.48,51197,0
SCO.US,60,20201023,170000,65.48,66.08,65.32,66.02,74523,0
SCO.US,60,20201023,180000,66.08,67.18,65.363,66.72,146456,0
SCO.US,60,20201023,190000,66.68,67.648,66.44,67.282,96427,0
SCO.US,60,20201023,200000,67.36,68.16,67.04,67.791,106610,0
SCO.US,60,20201023,210000,67.8,67.84,67.08,67.68,62633,0
SCO.US,60,20201023,220000,67.72,68.04,67.52,67.76,102432,0
SCO.US,60,20201026,150000,70.08,70.72,69.64,70.44,66165,0
SCO.US,60,20201026,160000,70.48,71.6,70.32,71.08,113160,0
SCO.US,60,20201026,170000,71.08,71.84,70.56,70.84,105032,0
SCO.US,60,20201026,180000,70.86,71.56,70.76,71.52,73249,0
SCO.US,60,20201026,190000,71.48,71.72,70.76,71.28,62755,0
SCO.US,60,20201026,200000,71.36,71.52,70.8,70.92,82531,0
SCO.US,60,20201026,210000,70.885,71.32,70.82,71.12,133938,0
SCO.US,60,20201027,150000,70.16,70.48,69.8,69.835,41579,0
SCO.US,60,20201027,160000,69.814,70.4,69.56,69.68,94916,0
SCO.US,60,20201027,170000,69.68,69.72,67.916,68.12,127313,0
SCO.US,60,20201027,180000,68.08,68.38,67.64,68,71506,0
SCO.US,60,20201027,190000,68,68.28,67.16,67.56,93238,0
SCO.US,60,20201027,200000,67.52,68.48,67.36,68.36,99305,0
SCO.US,60,20201027,210000,68.36,68.36,68.06,68.28,45231,0
SCO.US,60,20201028,150000,73.96,74.52,73.6,74.28,363432,0
SCO.US,60,20201028,160000,74.398,75,73.28,74.2,332451,0
SCO.US,60,20201028,170000,74.2,75.2,73.56,73.72,227974,0
SCO.US,60,20201028,180000,73.68,74.96,73.48,74.78,152833,0
SCO.US,60,20201028,190000,74.8,75.44,74.4,74.475,236222,0
SCO.US,60,20201028,200000,74.44,75.2,73.28,73.48,226313,0
SCO.US,60,20201028,210000,73.44,74.4,73.4,74.242,182914,0
SCO.US,60,20201029,150000,81.28,82.26,80.2,80.56,123824,0
SCO.US,60,20201029,160000,80.72,81.04,77.84,77.84,152004,0
SCO.US,60,20201029,170000,77.842,79.28,77.6,79.16,157756,0
SCO.US,60,20201029,180000,79.16,79.76,78.36,79.52,85170,0
SCO.US,60,20201029,190000,79.48,79.52,77.9,77.92,81292,0
SCO.US,60,20201029,200000,77.88,78.56,77.4,78,102374,0
SCO.US,60,20201029,210000,78.06,78.28,77.36,78,120692,0
SCO.US,60,20201030,150000,79.68,80.4,79.08,79.845,79836,0
SCO.US,60,20201030,160000,79.8,81.2,79.64,80.68,96199,0
SCO.US,60,20201030,170000,80.6,81.28,80,80.68,72559,0
SCO.US,60,20201030,180000,80.72,81.08,79.92,81.08,67058,0
SCO.US,60,20201030,190000,81.12,81.316,80.52,80.72,82533,0
SCO.US,60,20201030,200000,80.68,80.68,78.64,79.64,168689,0
SCO.US,60,20201030,210000,79.64,80.56,79.36,79.4,121316,0
SCO.US,60,20201102,160000,79.52,79.64,77.24,77.44,106126,0
SCO.US,60,20201102,170000,77.48,78.44,76.52,78.2,143296,0
SCO.US,60,20201102,180000,77.96,78.2,76.596,76.68,105301,0
SCO.US,60,20201102,190000,76.64,76.88,74.626,74.76,154890,0
SCO.US,60,20201102,200000,74.72,76.2,74.64,76.12,115437,0
SCO.US,60,20201102,210000,76.16,76.4,73.32,73.6,217221,0
SCO.US,60,20201102,220000,73.56,73.78,73.16,73.36,121581,0
SCO.US,60,20201103,160000,69.96,70.6,69.84,69.96,73609,0
SCO.US,60,20201103,170000,69.92,71.36,69.72,70.252,143086,0
SCO.US,60,20201103,180000,70.2,72.68,70.14,71.72,186566,0
SCO.US,60,20201103,190000,71.67,72.28,71.28,72.24,62134,0
SCO.US,60,20201103,200000,72.12,72.2,71.36,71.7,43003,0
SCO.US,60,20201103,210000,71.56,72,70.88,71.56,64058,0
SCO.US,60,20201103,220000,71.54,71.799,70.844,71.2,83857,0
SCO.US,60,20201104,160000,69.36,71.449,69.2,70.76,91802,0
SCO.US,60,20201104,170000,70.88,70.96,68.16,68.28,154724,0
SCO.US,60,20201104,180000,68.28,69.6,67.52,67.596,168181,0
SCO.US,60,20201104,190000,67.56,68.16,67.3,67.48,90264,0
SCO.US,60,20201104,200000,67.48,67.84,67.04,67.4,81161,0
SCO.US,60,20201104,210000,67.36,67.52,66.798,67.4,123231,0
SCO.US,60,20201104,220000,67.36,67.6,67.294,67.52,133717,0
SCO.US,60,20201105,160000,67.8,67.998,67.165,67.718,58800,0
SCO.US,60,20201105,170000,67.68,68.24,66.52,68.16,151554,0
SCO.US,60,20201105,180000,68.2,69.22,68.08,68.48,134644,0
SCO.US,60,20201105,190000,68.56,69.146,68.28,68.68,63311,0
SCO.US,60,20201105,200000,68.56,68.598,67.84,68.44,89520,0
SCO.US,60,20201105,210000,68.4,68.8,67.892,68.8,77526,0
SCO.US,60,20201105,220000,68.82,69.318,68.68,69,105958,0
SCO.US,60,20201106,160000,70.44,71.36,70.222,70.92,61269,0
SCO.US,60,20201106,170000,70.88,72,70.56,71.918,119261,0
SCO.US,60,20201106,180000,72.034,72.979,71.44,72.702,124747,0
SCO.US,60,20201106,190000,72.748,73.32,72.28,72.282,84006,0
SCO.US,60,20201106,200000,72.24,72.78,72.04,72.28,51072,0
SCO.US,60,20201106,210000,72.4,73.12,72.32,72.52,83856,0
SCO.US,60,20201106,220000,72.52,72.908,71.84,72,78273,0
SCO.US,60,20201109,160000,61.48,61.48,60.24,61.28,177913,0
SCO.US,60,20201109,170000,61.24,62.28,60.84,61.46,161769,0
SCO.US,60,20201109,180000,61.48,63.34,61.48,62.638,190290,0
SCO.US,60,20201109,190000,62.6,62.88,62.16,62.7,118781,0
SCO.US,60,20201109,200000,62.68,63.038,62.36,62.72,56439,0
SCO.US,60,20201109,210000,62.72,63.48,62.52,62.78,159199,0
SCO.US,60,20201109,220000,62.74,63.88,62.74,63.76,178808,0
SCO.US,60,20201110,160000,61.4,61.8,61.22,61.4,75000,0
SCO.US,60,20201110,170000,61.36,62.44,61.12,62.304,113109,0
SCO.US,60,20201110,180000,62.4,62.4,60.8,61.16,181020,0
SCO.US,60,20201110,190000,61.16,61.48,60.72,61.28,133467,0
SCO.US,60,20201110,200000,61.24,61.56,60.88,60.92,80191,0
SCO.US,60,20201110,210000,60.88,61.24,60.56,60.58,244388,0
SCO.US,60,20201110,220000,60.62,60.86,60.52,60.76,109563,0
SCO.US,60,20201111,160000,57.647,58.2,57.48,58.12,124043,0
SCO.US,60,20201111,170000,58.115,58.84,57.76,58.76,134230,0
SCO.US,60,20201111,180000,58.72,59.08,58.28,58.593,168110,0
SCO.US,60,20201111,190000,58.6,59.153,58.346,58.928,59619,0
SCO.US,60,20201111,200000,59.04,59.8,58.84,59.688,87984,0
SCO.US,60,20201111,210000,59.68,60.5,59.325,59.96,134891,0
SCO.US,60,20201111,220000,59.924,60.48,59.918,60.04,101038,0
SCO.US,60,20201112,160000,59.48,59.82,58.906,58.98,160351,0
SCO.US,60,20201112,170000,59.013,59.2,58.6,58.86,107767,0
SCO.US,60,20201112,180000,58.88,60.36,58.78,58.828,326918,0
SCO.US,60,20201112,190000,58.802,59.506,58.68,59.2,127768,0
SCO.US,60,20201112,200000,59.24,60.44,59.214,60.12,218985,0
SCO.US,60,20201112,210000,60.12,61.64,60.04,61.36,374723,0
SCO.US,60,20201112,220000,61.4,61.68,61.16,61.52,208856,0
SCO.US,60,20201113,160000,62,62.8,61.9,62.8,87881,0
SCO.US,60,20201113,170000,62.76,63.52,62.6,63.357,136914,0
SCO.US,60,20201113,180000,63.38,63.64,62.94,63.163,90211,0
SCO.US,60,20201113,190000,63.16,63.16,62.72,63,72455,0
SCO.US,60,20201113,200000,62.988,63.294,62.92,63.24,44447,0
SCO.US,60,20201113,210000,63.16,63.84,63,63.54,127627,0
SCO.US,60,20201113,220000,63.58,63.94,63.48,63.6,118084,0
SCO.US,60,20201116,160000,59.56,60.84,59.4,60.32,126928,0
SCO.US,60,20201116,170000,60.28,60.511,59.52,59.8,123859,0
SCO.US,60,20201116,180000,59.72,60.72,59.6,60.4,81733,0
SCO.US,60,20201116,190000,60.4,61.12,60.4,60.633,111841,0
SCO.US,60,20201116,200000,60.64,61.56,60.64,61.102,95349,0
SCO.US,60,20201116,210000,61.12,61.2,60.46,60.72,84509,0
SCO.US,60,20201116,220000,60.74,61.08,60.72,60.92,84096,0
SCO.US,60,20201117,160000,61.8,61.92,61.3,61.84,59880,0
SCO.US,60,20201117,170000,61.84,61.92,60.88,61.64,168438,0
SCO.US,60,20201117,180000,61.76,62.2,61.46,61.6,98951,0
SCO.US,60,20201117,190000,61.62,61.918,61.26,61.7,44732,0
SCO.US,60,20201117,200000,61.68,62.005,61.2,61.56,43479,0
SCO.US,60,20201117,210000,61.48,61.52,60.12,60.556,206681,0
SCO.US,60,20201117,220000,60.48,60.8,60.36,60.56,78962,0
SCO.US,60,20201118,160000,59.8,59.92,59.28,59.28,111966,0
SCO.US,60,20201118,170000,59.32,60.16,59.04,59.36,238968,0
SCO.US,60,20201118,180000,59.3,59.84,58.76,58.98,184698,0
SCO.US,60,20201118,190000,58.94,59.2,58.839,58.96,76606,0
SCO.US,60,20201118,200000,58.96,59.2,58.758,59.02,95991,0
SCO.US,60,20201118,210000,59,60.228,58.76,59.56,241303,0
SCO.US,60,20201118,220000,59.6,60.24,59.363,60.2,153360,0
SCO.US,60,20201119,160000,60.32,60.76,60.32,60.44,82441,0
SCO.US,60,20201119,170000,60.42,60.72,60.24,60.48,78210,0
SCO.US,60,20201119,180000,60.48,61.06,60.48,60.84,96324,0
SCO.US,60,20201119,190000,60.8,61.12,60.72,60.76,47386,0
SCO.US,60,20201119,200000,60.76,61.122,60.76,60.84,45328,0
SCO.US,60,20201119,210000,60.88,60.88,59.88,59.92,151644,0
SCO.US,60,20201119,220000,59.88,59.96,59.64,59.96,126416,0
SCO.US,60,20201120,160000,60.44,60.48,60.201,60.28,60086,0
SCO.US,60,20201120,170000,60.24,60.32,59.64,60.16,86196,0
SCO.US,60,20201120,180000,60.196,60.46,60.01,60.36,55945,0
SCO.US,60,20201120,190000,60.358,60.36,59.948,59.96,39757,0
SCO.US,60,20201120,200000,59.92,59.998,59.3,59.5,160097,0
SCO.US,60,20201120,210000,59.48,59.56,59.1,59.2,161965,0
SCO.US,60,20201120,220000,59.2,59.44,58.92,59.24,131602,0
SCO.US,60,20201123,160000,57.92,58.2,57.76,57.96,123001,0
SCO.US,60,20201123,170000,57.92,58.6,57.56,57.74,163416,0
SCO.US,60,20201123,180000,57.76,58.3,57.54,57.866,156953,0
SCO.US,60,20201123,190000,57.8,57.967,57.634,57.701,58191,0
SCO.US,60,20201123,200000,57.72,58.28,57.7,58.044,60678,0
SCO.US,60,20201123,210000,58.02,58.28,57.68,58.2,98534,0
SCO.US,60,20201123,220000,58.2,58.628,58.04,58.56,225253,0
SCO.US,60,20201124,160000,55.84,55.88,54.32,54.32,325247,0
SCO.US,60,20201124,170000,54.36,54.36,53.48,53.88,411747,0
SCO.US,60,20201124,180000,53.918,54.04,52.96,53.52,338747,0
SCO.US,60,20201124,190000,53.48,53.6,53.24,53.56,85230,0
SCO.US,60,20201124,200000,53.6,53.8,53.46,53.7,88404,0
SCO.US,60,20201124,210000,53.68,54,53.64,53.868,116353,0
SCO.US,60,20201124,220000,53.84,53.96,53.64,53.84,138084,0
SCO.US,60,20201125,160000,52.12,52.8,52.04,52.74,143947,0
SCO.US,60,20201125,170000,52.76,53.08,52.44,52.764,184938,0
SCO.US,60,20201125,180000,52.78,52.88,52.233,52.4,138177,0
SCO.US,60,20201125,190000,52.42,52.44,51.76,51.76,210626,0
SCO.US,60,20201125,200000,51.766,51.8,51.12,51.52,209515,0
SCO.US,60,20201125,210000,51.5,52.6,51.478,52.36,219546,0
SCO.US,60,20201125,220000,52.36,52.4,51.92,52,98764,0
SCO.US,60,20201127,160000,52.64,52.88,52.16,52.866,67928,0
SCO.US,60,20201127,170000,52.84,52.92,52.42,52.456,106509,0
SCO.US,60,20201127,180000,52.5,52.66,52.08,52.64,119995,0
SCO.US,60,20201127,190000,52.54,52.68,51.94,52.36,204360,0
SCO.US,60,20201127,200000,52.36,52.36,52.36,52.36,315,0
SCO.US,60,20201127,220000,52.36,52.36,52.36,52.36,0,0
SCO.US,60,20201130,160000,52.68,53.08,52.68,52.88,91051,0
SCO.US,60,20201130,170000,52.84,53.52,52.748,53.04,168761,0
SCO.US,60,20201130,180000,53.08,54.12,52.96,53.36,205890,0
SCO.US,60,20201130,190000,53.4,53.86,53.34,53.54,61621,0
SCO.US,60,20201130,200000,53.58,53.92,53.58,53.84,24208,0
SCO.US,60,20201130,210000,53.84,53.96,52.4,52.472,246589,0
SCO.US,60,20201130,220000,52.452,53.88,52.3,53.24,419919,0
SCO.US,60,20201201,160000,53.48,53.68,53.28,53.487,69922,0
SCO.US,60,20201201,170000,53.48,55.24,53.443,54.72,228418,0
SCO.US,60,20201201,180000,54.76,54.98,53.8,54.24,114674,0
SCO.US,60,20201201,190000,54.261,54.28,53.72,54.28,84136,0
SCO.US,60,20201201,200000,54.32,54.8,54.24,54.68,75318,0
SCO.US,60,20201201,210000,54.68,54.7,54.36,54.4,56801,0
SCO.US,60,20201201,220000,54.402,54.522,54.38,54.48,65960,0
SCO.US,60,20201202,160000,54.4,54.4,53.56,53.84,106153,0
SCO.US,60,20201202,170000,53.802,53.968,52.96,53.332,229530,0
SCO.US,60,20201202,180000,53.36,53.36,52.1,52.479,243760,0
SCO.US,60,20201202,190000,52.435,52.567,51.8,52.567,181385,0
SCO.US,60,20201202,200000,52.6,52.918,52.44,52.84,83502,0
SCO.US,60,20201202,210000,52.84,53.3,52.84,53.122,153971,0
SCO.US,60,20201202,220000,53.138,53.4,53.04,53.28,125287,0
SCO.US,60,20201203,160000,53.64,53.92,53.24,53.44,76041,0
SCO.US,60,20201203,170000,53.44,53.54,53.04,53.2,66810,0
SCO.US,60,20201203,180000,53.16,53.8,52.557,53.16,199368,0
SCO.US,60,20201203,190000,53.14,53.24,52.26,52.36,82580,0
SCO.US,60,20201203,200000,52.36,52.58,52.242,52.44,65881,0
SCO.US,60,20201203,210000,52.44,52.68,52.36,52.36,58108,0
SCO.US,60,20201203,220000,52.36,53.202,52.297,52.72,136538,0
SCO.US,60,20201204,160000,52.4,52.437,51.462,51.916,95797,0
SCO.US,60,20201204,170000,51.88,52.06,51.44,51.7,132080,0
SCO.US,60,20201204,180000,51.72,52,51.2,51.92,114784,0
SCO.US,60,20201204,190000,51.92,52.08,51.36,51.4,64544,0
SCO.US,60,20201204,200000,51.4,51.52,50.926,51.16,88273,0
SCO.US,60,20201204,210000,51.208,51.62,51.14,51.52,73514,0
SCO.US,60,20201204,220000,51.52,51.66,51.44,51.44,89871,0
SCO.US,60,20201207,160000,51.72,51.98,51.605,51.78,76519,0
SCO.US,60,20201207,170000,51.76,51.96,51.28,51.556,93931,0
SCO.US,60,20201207,180000,51.5,51.52,50.92,50.92,113600,0
SCO.US,60,20201207,190000,50.92,51.04,50.44,50.6,110447,0
SCO.US,60,20201207,200000,50.6,51.38,50.58,51.32,86324,0
SCO.US,60,20201207,210000,51.32,52,51.138,51.88,121706,0
SCO.US,60,20201207,220000,51.88,52.08,51.771,51.8,71872,0
SCO.US,60,20201208,160000,52.32,52.68,51.72,52.64,123434,0
SCO.US,60,20201208,170000,52.68,52.84,51.934,51.934,94187,0
SCO.US,60,20201208,180000,51.96,52.12,51.52,52.109,83096,0
SCO.US,60,20201208,190000,52.08,52.12,51.62,51.72,42722,0
SCO.US,60,20201208,200000,51.72,51.88,51.68,51.84,22170,0
SCO.US,60,20201208,210000,51.8,51.92,51.64,51.82,27630,0
SCO.US,60,20201208,220000,51.84,51.94,51.72,51.72,38833,0
SCO.US,60,20201209,160000,51.16,51.4,50.88,51.04,45395,0
SCO.US,60,20201209,170000,51,52.92,50.92,52.52,349061,0
SCO.US,60,20201209,180000,52.64,52.64,51.56,51.56,105068,0
SCO.US,60,20201209,190000,51.48,52.08,51.02,51.88,205166,0
SCO.US,60,20201209,200000,51.878,52.18,51.62,52.12,62727,0
SCO.US,60,20201209,210000,52.16,52.34,51.88,52.22,83016,0
SCO.US,60,20201209,220000,52.22,52.22,51.8,51.92,49439,0
SCO.US,60,20201210,160000,50.32,50.34,49.3,49.32,154250,0
SCO.US,60,20201210,170000,49.32,49.32,47.857,47.98,459417,0
SCO.US,60,20201210,180000,47.92,48.68,47.875,48.54,155269,0
SCO.US,60,20201210,190000,48.558,48.92,48.44,48.74,87751,0
SCO.US,60,20201210,200000,48.76,49.28,48.76,48.998,92635,0
SCO.US,60,20201210,210000,49.04,49.84,49.04,49.56,243019,0
SCO.US,60,20201210,220000,49.52,49.72,49.48,49.6,91222,0
SCO.US,60,20201211,160000,49.76,50.56,49.66,50,136000,0
SCO.US,60,20201211,170000,49.966,50,49.52,49.88,97033,0
SCO.US,60,20201211,180000,49.88,50.26,49.76,50.04,69198,0
SCO.US,60,20201211,190000,50,50.16,49.88,49.92,41904,0
SCO.US,60,20201211,200000,49.94,50.36,49.92,50.24,56880,0
SCO.US,60,20201211,210000,50.24,50.288,49.85,50.08,36223,0
SCO.US,60,20201211,220000,50.06,50.22,50.04,50.04,90036,0
SCO.US,60,20201214,160000,49.32,50.32,49.24,50.04,128520,0
SCO.US,60,20201214,170000,50.04,51.059,49.72,50.974,201337,0
SCO.US,60,20201214,180000,51,51.68,50.48,50.68,160413,0
SCO.US,60,20201214,190000,50.68,50.68,50.08,50.14,133972,0
SCO.US,60,20201214,200000,50.04,50.14,49.44,49.72,127100,0
SCO.US,60,20201214,210000,49.68,49.78,49.16,49.28,102291,0
SCO.US,60,20201214,220000,49.28,49.4,49.12,49.32,64094,0
SCO.US,60,20201215,160000,48.888,49.104,48.64,48.918,52141,0
SCO.US,60,20201215,170000,48.884,48.964,48.06,48.158,175823,0
SCO.US,60,20201215,180000,48.2,48.56,48.12,48.495,61664,0
SCO.US,60,20201215,190000,48.438,48.48,48.203,48.443,26768,0
SCO.US,60,20201215,200000,48.442,48.62,48.42,48.481,29554,0
SCO.US,60,20201215,210000,48.52,48.68,48,48.16,81265,0
SCO.US,60,20201215,220000,48.2,48.356,48.16,48.24,54817,0
SCO.US,60,20201216,160000,48.2,48.64,48.16,48.282,60624,0
SCO.US,60,20201216,170000,48.314,48.8,47.8,48.574,256201,0
SCO.US,60,20201216,180000,48.64,48.72,47.82,47.92,124529,0
SCO.US,60,20201216,190000,47.917,48,47.6,47.64,71571,0
SCO.US,60,20201216,200000,47.6,47.92,47.56,47.64,65617,0
SCO.US,60,20201216,210000,47.64,47.92,47.44,47.6,64820,0
SCO.US,60,20201216,220000,47.6,47.72,47.52,47.6,64460,0
SCO.US,60,20201217,160000,46.8,46.82,46.44,46.48,77374,0
SCO.US,60,20201217,170000,46.48,47.048,46.276,46.62,123029,0
SCO.US,60,20201217,180000,46.64,46.86,46.48,46.74,59260,0
SCO.US,60,20201217,190000,46.72,47.02,46.58,46.62,39877,0
SCO.US,60,20201217,200000,46.58,46.88,46.56,46.56,28640,0
SCO.US,60,20201217,210000,46.6,46.72,46.32,46.48,52702,0
SCO.US,60,20201217,220000,46.46,46.52,46.358,46.36,52916,0
SCO.US,60,20201218,160000,46,46.117,45.52,46.034,109399,0
SCO.US,60,20201218,170000,46,46.02,45.2,45.239,212557,0
SCO.US,60,20201218,180000,45.2,45.6,45.16,45.52,78436,0
SCO.US,60,20201218,190000,45.478,45.72,45.4,45.645,52943,0
SCO.US,60,20201218,200000,45.664,45.8,45.16,45.28,82275,0
SCO.US,60,20201218,210000,45.24,45.64,45.04,45.52,125475,0
SCO.US,60,20201218,220000,45.56,45.76,45.46,45.48,97598,0
SCO.US,60,20201221,160000,48.92,49.079,48.118,48.36,150094,0
SCO.US,60,20201221,170000,48.36,48.68,48.16,48.393,114580,0
SCO.US,60,20201221,180000,48.376,49.06,48.242,48.765,116138,0
SCO.US,60,20201221,190000,48.76,48.8,48.26,48.28,109053,0
SCO.US,60,20201221,200000,48.28,48.302,47.4,47.52,96011,0
SCO.US,60,20201221,210000,47.56,47.72,47.16,47.56,98320,0
SCO.US,60,20201221,220000,47.54,48,47.5,47.72,73280,0
SCO.US,60,20201222,160000,48.72,49.14,48.68,49.005,57801,0
SCO.US,60,20201222,170000,48.96,48.96,48.42,48.796,149995,0
SCO.US,60,20201222,180000,48.64,48.8,48.2,48.8,100869,0
SCO.US,60,20201222,190000,48.8,49.12,48.6,48.92,157766,0
SCO.US,60,20201222,200000,48.904,49.4,48.72,48.78,138451,0
SCO.US,60,20201222,210000,48.8,49.444,48.64,49.305,163751,0
SCO.US,60,20201222,220000,49.32,49.478,49.2,49.2,62787,0
SCO.US,60,20201223,160000,48.534,48.56,47.882,48.04,137419,0
SCO.US,60,20201223,170000,48.025,48.2,47.16,47.34,342310,0
SCO.US,60,20201223,180000,47.264,47.44,46.36,46.595,171950,0
SCO.US,60,20201223,190000,46.56,47.16,46.4,46.92,103720,0
SCO.US,60,20201223,200000,46.947,47.02,46.638,46.72,39246,0
SCO.US,60,20201223,210000,46.72,47.436,46.6,47.36,97360,0
SCO.US,60,20201223,220000,47.36,47.36,47.04,47.2,63268,0
SCO.US,60,20201224,160000,47.52,47.764,47.46,47.58,76585,0
SCO.US,60,20201224,170000,47.56,47.72,47.12,47.44,90909,0
SCO.US,60,20201224,180000,47.5,47.64,47.16,47.277,77871,0
SCO.US,60,20201224,190000,47.212,47.278,46.803,46.84,71024,0
SCO.US,60,20201224,200000,46.76,46.76,46.76,46.76,595,0
SCO.US,60,20201224,220000,46.76,46.76,46.76,46.76,0,0
SCO.US,60,20201228,160000,46.92,47.16,46.54,46.56,76748,0
SCO.US,60,20201228,170000,46.528,47.133,46.485,47,78763,0
SCO.US,60,20201228,180000,46.98,47.12,46.562,46.72,100974,0
SCO.US,60,20201228,190000,46.68,46.88,46.362,46.64,81406,0
SCO.US,60,20201228,200000,46.68,47.403,46.68,47.4,89121,0
SCO.US,60,20201228,210000,47.4,47.841,47.4,47.66,78840,0
SCO.US,60,20201228,220000,47.64,47.74,47.56,47.68,57234,0
SCO.US,60,20201229,160000,46.64,47.16,46.5,47.04,66731,0
SCO.US,60,20201229,170000,47.04,47.22,46.674,46.72,55760,0
SCO.US,60,20201229,180000,46.72,47.118,46.56,46.838,31430,0
SCO.US,60,20201229,190000,46.78,47.28,46.78,47.18,30333,0
SCO.US,60,20201229,200000,47.176,47.28,47,47.18,36481,0
SCO.US,60,20201229,210000,47.2,47.42,47,47.08,47230,0
SCO.US,60,20201229,220000,47.08,47.12,46.96,47,75809,0
SCO.US,60,20201230,160000,47.6,47.7,46.6,46.6,59695,0
SCO.US,60,20201230,170000,46.612,46.72,45.96,46.56,149875,0
SCO.US,60,20201230,180000,46.46,47.34,46.46,47.18,100261,0
SCO.US,60,20201230,190000,47.193,47.567,47.082,47.28,71541,0
SCO.US,60,20201230,200000,47.214,47.24,46.72,46.88,53058,0
SCO.US,60,20201230,210000,46.88,46.88,46.48,46.8,80182,0
SCO.US,60,20201230,220000,46.76,46.86,46.68,46.8,48694,0
SCO.US,60,20201231,160000,47.36,47.48,47.2,47.447,36702,0
SCO.US,60,20201231,170000,47.44,47.6,47.16,47.161,74463,0
SCO.US,60,20201231,180000,47.2,47.24,46.92,47.082,77166,0
SCO.US,60,20201231,190000,47.12,47.29,46.84,47.24,79599,0
SCO.US,60,20201231,200000,47.24,47.28,46.89,47.04,17544,0
SCO.US,60,20201231,210000,47.04,47.05,46.36,46.58,87893,0
SCO.US,60,20201231,220000,46.56,46.72,46.52,46.56,70965,0
SCO.US,60,20210104,160000,46.48,46.76,45.765,45.96,68387,0
SCO.US,60,20210104,170000,45.84,48.36,45.74,47.76,488656,0
SCO.US,60,20210104,180000,47.72,48.48,47.5,47.6,325661,0
SCO.US,60,20210104,190000,47.68,48.04,47.44,47.78,215855,0
SCO.US,60,20210104,200000,47.72,47.777,47.04,47.12,80552,0
SCO.US,60,20210104,210000,47.12,48.36,47.12,47.88,347525,0
SCO.US,60,20210104,220000,47.92,48.6,47.843,48.16,182711,0
SCO.US,60,20210105,160000,45.36,45.36,44.22,44.362,277906,0
SCO.US,60,20210105,170000,44.344,44.344,43.4,43.88,595378,0
SCO.US,60,20210105,180000,43.88,44.64,43.52,44.2,269848,0
SCO.US,60,20210105,190000,44.22,44.28,43.64,43.92,127924,0
SCO.US,60,20210105,200000,43.88,43.96,43.4,43.589,227751,0
SCO.US,60,20210105,210000,43.6,44.08,43.54,43.96,124530,0
SCO.US,60,20210105,220000,43.96,44.132,43.88,44.04,135803,0
SCO.US,60,20210106,160000,44,44.133,43.76,44.02,25789,0
SCO.US,60,20210106,170000,44.004,44.28,43.32,43.516,182070,0
SCO.US,60,20210106,180000,43.48,43.7,42.8,43,145044,0
SCO.US,60,20210106,190000,42.98,43.46,42.98,43.156,72627,0
SCO.US,60,20210106,200000,43.12,43.14,42.916,43.04,52809,0
SCO.US,60,20210106,210000,43,44,42.96,43.8,183436,0
SCO.US,60,20210106,220000,43.82,44.96,43.56,43.72,316092,0
SCO.US,60,20210107,160000,43.04,43.14,42.84,42.96,38346,0
SCO.US,60,20210107,170000,42.92,43.2,42.68,42.72,104676,0
SCO.US,60,20210107,180000,42.7,43,42.56,42.9,116319,0
SCO.US,60,20210107,190000,42.92,43.12,42.82,42.96,50964,0
SCO.US,60,20210107,200000,42.9,43.08,42.76,42.8,55875,0
SCO.US,60,20210107,210000,42.76,43,42.7,42.719,66771,0
SCO.US,60,20210107,220000,42.72,42.8,42.64,42.64,97766,0
SCO.US,60,20210108,160000,41.76,42.16,41.68,42,73365,0
SCO.US,60,20210108,170000,41.92,41.96,41.52,41.64,101038,0
SCO.US,60,20210108,180000,41.595,41.799,41.5,41.72,59905,0
SCO.US,60,20210108,190000,41.72,41.96,41.44,41.478,57443,0
SCO.US,60,20210108,200000,41.5,41.819,41.4,41.4,93422,0
SCO.US,60,20210108,210000,41.4,41.48,40.709,40.88,189333,0
SCO.US,60,20210108,220000,40.86,40.9,40.44,40.56,203951,0
SCO.US,60,20210111,160000,41.8,41.92,41.52,41.52,56927,0
SCO.US,60,20210111,170000,41.52,41.67,41.04,41.116,155250,0
SCO.US,60,20210111,180000,41.12,41.242,40.96,41.046,58645,0
SCO.US,60,20210111,190000,41.04,41.2,40.64,40.8,44620,0
SCO.US,60,20210111,200000,40.8,41.08,40.64,40.92,34401,0
SCO.US,60,20210111,210000,40.835,41,40.56,40.94,73997,0
SCO.US,60,20210111,220000,40.9,41.08,40.88,40.92,105985,0
SCO.US,60,20210112,160000,40,40.16,39.8,40.04,50834,0
SCO.US,60,20210112,170000,40.08,40.08,39.44,39.52,193091,0
SCO.US,60,20210112,180000,39.48,39.68,39.332,39.54,95919,0
SCO.US,60,20210112,190000,39.52,39.84,39.501,39.6,57477,0
SCO.US,60,20210112,200000,39.64,39.76,39.44,39.448,33445,0
SCO.US,60,20210112,210000,39.47,39.531,39.2,39.36,126752,0
SCO.US,60,20210112,220000,39.36,39.44,39.32,39.44,44096,0
SCO.US,60,20210113,160000,39.68,40.02,39.614,39.8,92765,0
SCO.US,60,20210113,170000,39.82,39.876,39.003,39.08,125198,0
SCO.US,60,20210113,180000,39.08,39.48,39.004,39.321,60580,0
SCO.US,60,20210113,190000,39.393,39.756,39.393,39.58,72761,0
SCO.US,60,20210113,200000,39.58,39.6,39.36,39.4,41632,0
SCO.US,60,20210113,210000,39.36,39.48,39.24,39.42,68989,0
SCO.US,60,20210113,220000,39.44,39.56,39.4,39.52,40891,0
SCO.US,60,20210114,160000,39.72,39.76,39.44,39.44,38854,0
SCO.US,60,20210114,170000,39.44,39.93,39.32,39.88,90314,0
SCO.US,60,20210114,180000,39.88,39.88,39.475,39.48,69462,0
SCO.US,60,20210114,190000,39.48,39.576,39.038,39.038,71527,0
SCO.US,60,20210114,200000,39.04,39.12,38.82,39.08,61767,0
SCO.US,60,20210114,210000,39.04,39.04,38.52,38.68,129351,0
SCO.US,60,20210114,220000,38.665,38.72,38.56,38.6,164619,0
SCO.US,60,20210115,160000,39.8,39.84,39.524,39.58,51153,0
SCO.US,60,20210115,170000,39.6,40.88,39.6,40.645,124966,0
SCO.US,60,20210115,180000,40.64,40.98,40.2,40.277,102188,0
SCO.US,60,20210115,190000,40.28,40.725,40.24,40.32,44397,0
SCO.US,60,20210115,200000,40.3,40.44,40.273,40.32,18104,0
SCO.US,60,20210115,210000,40.32,40.38,40.124,40.24,56050,0
SCO.US,60,20210115,220000,40.26,40.68,40.247,40.52,116190,0
SCO.US,60,20210119,160000,39.76,40.16,39.601,39.962,71451,0
SCO.US,60,20210119,170000,39.964,40.1,39.4,39.524,94144,0
SCO.US,60,20210119,180000,39.52,39.676,39.4,39.58,69727,0
SCO.US,60,20210119,190000,39.6,39.76,39.48,39.532,56396,0
SCO.US,60,20210119,200000,39.56,39.72,39.519,39.6,49126,0
SCO.US,60,20210119,210000,39.56,39.74,39.54,39.64,64756,0
SCO.US,60,20210119,220000,39.64,39.74,39.56,39.68,44497,0
SCO.US,60,20210120,160000,38.8,39.2,38.76,39.081,82014,0
SCO.US,60,20210120,170000,39.111,39.28,38.9,39.2,84810,0
SCO.US,60,20210120,180000,39.2,39.28,39.06,39.231,40653,0
SCO.US,60,20210120,190000,39.22,39.52,39.08,39.32,45919,0
SCO.US,60,20210120,200000,39.28,39.358,38.98,39.32,38209,0
SCO.US,60,20210120,210000,39.389,39.601,39.28,39.56,49042,0
SCO.US,60,20210120,220000,39.56,39.8,39.52,39.6,51422,0
SCO.US,60,20210121,160000,39.44,39.845,39.26,39.84,47999,0
SCO.US,60,20210121,170000,39.84,39.883,39.38,39.44,66047,0
SCO.US,60,20210121,180000,39.4,39.68,39.16,39.56,71212,0
SCO.US,60,20210121,190000,39.544,39.736,39.362,39.44,25994,0
SCO.US,60,20210121,200000,39.44,39.64,39.32,39.48,58772,0
SCO.US,60,20210121,210000,39.48,39.52,39.4,39.52,35568,0
SCO.US,60,20210121,220000,39.54,39.64,39.48,39.6,30406,0
SCO.US,60,20210122,160000,41.36,41.485,40.56,40.609,76553,0
SCO.US,60,20210122,170000,40.6,40.68,39.964,40.356,147829,0
SCO.US,60,20210122,180000,40.4,40.76,40.08,40.38,103094,0
SCO.US,60,20210122,190000,40.36,40.56,40.28,40.52,36664,0
SCO.US,60,20210122,200000,40.48,40.686,40.36,40.46,33796,0
SCO.US,60,20210122,210000,40.48,40.961,40.48,40.64,67465,0
SCO.US,60,20210122,220000,40.68,40.94,40.64,40.76,101054,0
SCO.US,60,20210125,160000,41.08,41.2,40.56,40.603,59497,0
SCO.US,60,20210125,170000,40.644,40.76,40.36,40.76,55817,0
SCO.US,60,20210125,180000,40.76,41.28,40.48,40.482,87786,0
SCO.US,60,20210125,190000,40.48,40.68,40.4,40.456,37924,0
SCO.US,60,20210125,200000,40.46,40.52,40.12,40.31,69894,0
SCO.US,60,20210125,210000,40.36,40.36,39.84,40,84121,0
SCO.US,60,20210125,220000,40,40.04,39.92,39.96,31507,0
SCO.US,60,20210126,160000,39.72,40.04,39.559,39.78,30919,0
SCO.US,60,20210126,170000,39.76,40.28,39.72,40.164,52655,0
SCO.US,60,20210126,180000,40.2,40.36,40.16,40.36,48653,0
SCO.US,60,20210126,190000,40.36,40.44,40.12,40.24,47253,0
SCO.US,60,20210126,200000,40.24,40.3,40.16,40.2,41491,0
SCO.US,60,20210126,210000,40.24,40.318,40.12,40.3,30394,0
SCO.US,60,20210126,220000,40.28,40.395,40.26,40.32,29643,0
SCO.US,60,20210127,160000,40.4,41.21,40.36,40.791,45917,0
SCO.US,60,20210127,170000,40.74,40.8,39.4,39.44,122637,0
SCO.US,60,20210127,180000,39.46,39.76,39.24,39.62,98240,0
SCO.US,60,20210127,190000,39.6,39.678,39.322,39.4,60149,0
SCO.US,60,20210127,200000,39.398,40.004,39.36,40,73103,0
SCO.US,60,20210127,210000,40.004,40.38,39.84,40.318,65568,0
SCO.US,60,20210127,220000,40.34,40.4,40.18,40.28,134876,0
SCO.US,60,20210128,160000,39.32,39.531,39.16,39.484,45997,0
SCO.US,60,20210128,170000,39.48,40.28,39.325,40.044,85349,0
SCO.US,60,20210128,180000,40.04,40.6,40,40.444,154093,0
SCO.US,60,20210128,190000,40.48,40.82,40.36,40.641,61306,0
SCO.US,60,20210128,200000,40.6,40.68,40.16,40.28,46106,0
SCO.US,60,20210128,210000,40.24,40.76,40.24,40.645,71823,0
SCO.US,60,20210128,220000,40.68,40.8,40.64,40.72,92893,0
SCO.US,60,20210129,160000,39.92,39.96,39.63,39.8,60894,0
SCO.US,60,20210129,170000,39.8,40.2,39.76,40.12,63460,0
SCO.US,60,20210129,180000,40.158,40.76,40.158,40.4,95846,0
SCO.US,60,20210129,190000,40.44,41.077,40.4,40.88,124517,0
SCO.US,60,20210129,200000,40.92,40.96,40.44,40.758,85728,0
SCO.US,60,20210129,210000,40.68,41.04,40.64,40.88,86481,0
SCO.US,60,20210129,220000,40.84,40.96,40.64,40.9,99500,0
SCO.US,60,20210201,160000,39.6,40.52,39.558,40.4,118704,0
SCO.US,60,20210201,170000,40.4,40.72,39.92,40.2,105792,0
SCO.US,60,20210201,180000,40.2,40.399,39.44,39.675,109766,0
SCO.US,60,20210201,190000,39.64,39.84,39.551,39.56,50836,0
SCO.US,60,20210201,200000,39.56,39.56,39.04,39.192,116690,0
SCO.US,60,20210201,210000,39.16,39.16,38.76,38.8,120604,0
SCO.US,60,20210201,220000,38.76,38.9,38.68,38.8,96546,0
SCO.US,60,20210202,160000,36.84,37.355,36.84,37.28,137418,0
SCO.US,60,20210202,170000,37.236,37.28,36.88,36.96,116158,0
SCO.US,60,20210202,180000,37,37.28,36.882,37.22,98156,0
SCO.US,60,20210202,190000,37.24,37.518,37.16,37.36,102217,0
SCO.US,60,20210202,200000,37.36,37.362,37.16,37.28,44710,0
SCO.US,60,20210202,210000,37.24,37.48,37.16,37.4,77564,0
SCO.US,60,20210202,220000,37.4,37.4,37.28,37.28,51207,0
SCO.US,60,20210203,160000,36.58,36.6,36.08,36.115,111240,0
SCO.US,60,20210203,170000,36.12,36.36,35.56,35.756,307287,0
SCO.US,60,20210203,180000,35.76,36.08,35.44,35.6,166432,0
SCO.US,60,20210203,190000,35.62,35.96,35.56,35.92,88392,0
SCO.US,60,20210203,200000,35.96,36.285,35.96,35.98,87095,0
SCO.US,60,20210203,210000,36,36.24,36,36.225,49151,0
SCO.US,60,20210203,220000,36.236,36.236,35.96,36.12,83948,0
SCO.US,60,20210204,160000,35.72,36.02,35.64,35.88,57444,0
SCO.US,60,20210204,170000,35.88,36.523,35.86,36.28,142245,0
SCO.US,60,20210204,180000,36.28,36.28,35.72,35.798,69219,0
SCO.US,60,20210204,190000,35.8,35.878,35.603,35.64,32521,0
SCO.US,60,20210204,200000,35.638,35.64,35.16,35.46,134876,0
SCO.US,60,20210204,210000,35.475,35.598,35.24,35.52,79106,0
SCO.US,60,20210204,220000,35.5,35.56,35.4,35.4,63466,0
SCO.US,60,20210205,160000,34.48,34.7,34.332,34.68,87557,0
SCO.US,60,20210205,170000,34.72,35.16,34.6,34.66,131144,0
SCO.US,60,20210205,180000,34.685,34.98,34.52,34.88,49635,0
SCO.US,60,20210205,190000,34.88,34.92,34.72,34.84,50562,0
SCO.US,60,20210205,200000,34.8,34.98,34.725,34.84,43578,0
SCO.US,60,20210205,210000,34.84,34.94,34.64,34.756,55656,0
SCO.US,60,20210205,220000,34.76,34.78,34.64,34.68,79909,0
SCO.US,60,20210208,160000,34.24,34.28,33.76,33.88,82895,0
SCO.US,60,20210208,170000,33.86,33.88,33.6,33.76,141112,0
SCO.US,60,20210208,180000,33.72,33.88,33.56,33.6,94415,0
SCO.US,60,20210208,190000,33.6,33.64,33.32,33.48,109969,0
SCO.US,60,20210208,200000,33.471,33.68,33.445,33.62,94513,0
SCO.US,60,20210208,210000,33.64,33.8,33.4,33.44,104920,0
SCO.US,60,20210208,220000,33.46,33.52,33.36,33.4,88616,0
SCO.US,60,20210209,160000,33.8,34.04,33.4,33.68,178058,0
SCO.US,60,20210209,170000,33.692,33.723,33.28,33.36,94344,0
SCO.US,60,20210209,180000,33.355,33.44,33.12,33.16,113008,0
SCO.US,60,20210209,190000,33.16,33.2,32.956,33.04,112316,0
SCO.US,60,20210209,200000,33.06,33.32,32.96,33.185,62716,0
SCO.US,60,20210209,210000,33.195,33.196,32.92,33,59279,0
SCO.US,60,20210209,220000,33.008,33.04,32.92,32.96,85719,0
SCO.US,60,20210210,160000,32.88,33.08,32.8,33.061,92715,0
SCO.US,60,20210210,170000,33.04,33.24,32.64,32.678,157277,0
SCO.US,60,20210210,180000,32.64,32.76,32.48,32.532,72041,0
SCO.US,60,20210210,190000,32.559,32.92,32.559,32.56,67317,0
SCO.US,60,20210210,200000,32.56,32.74,32.52,32.717,77096,0
SCO.US,60,20210210,210000,32.68,32.72,32.56,32.595,134015,0
SCO.US,60,20210210,220000,32.6,32.873,32.6,32.8,139665,0
SCO.US,60,20210211,160000,32.68,32.88,32.64,32.76,41781,0
SCO.US,60,20210211,170000,32.76,32.84,32.682,32.84,38796,0
SCO.US,60,20210211,180000,32.84,32.878,32.68,32.835,46003,0
SCO.US,60,20210211,190000,32.84,33.12,32.84,32.96,97781,0
SCO.US,60,20210211,200000,32.96,33.12,32.94,33,36300,0
SCO.US,60,20210211,210000,33.015,33.44,32.964,33.36,214351,0
SCO.US,60,20210211,220000,33.34,33.438,33.28,33.28,75362,0
SCO.US,60,20210212,160000,33.16,33.24,32.76,32.8,65297,0
SCO.US,60,20210212,170000,32.8,32.919,32.64,32.763,49592,0
SCO.US,60,20210212,180000,32.803,32.88,31.52,31.8,279793,0
SCO.US,60,20210212,190000,31.8,31.96,31.48,31.72,202997,0
SCO.US,60,20210212,200000,31.716,31.8,31.6,31.7,160316,0
SCO.US,60,20210212,210000,31.64,31.92,31.64,31.8,63301,0
SCO.US,60,20210212,220000,31.78,31.805,31.68,31.72,136514,0
SCO.US,60,20210216,160000,31.28,31.395,31,31.11,168130,0
SCO.US,60,20210216,170000,31.109,31.48,31.04,31.2,150622,0
SCO.US,60,20210216,180000,31.2,31.48,31.12,31.28,131548,0
SCO.US,60,20210216,190000,31.322,31.46,31.18,31.2,64794,0
SCO.US,60,20210216,200000,31.237,31.28,31.146,31.16,63276,0
SCO.US,60,20210216,210000,31.18,31.2,30.98,31.04,80319,0
SCO.US,60,20210216,220000,31.04,31.075,30.84,30.88,116046,0
SCO.US,60,20210217,160000,31.16,31.355,30.878,30.94,88243,0
SCO.US,60,20210217,170000,30.92,31.08,30.68,30.8,140592,0
SCO.US,60,20210217,180000,30.8,31.075,30.8,30.8,58688,0
SCO.US,60,20210217,190000,30.8,30.96,30.56,30.598,151201,0
SCO.US,60,20210217,200000,30.6,30.6,30.4,30.439,65707,0
SCO.US,60,20210217,210000,30.44,30.52,30.143,30.2,163836,0
SCO.US,60,20210217,220000,30.2,30.24,30.14,30.24,164832,0
SCO.US,60,20210218,160000,29.96,30.28,29.88,30.16,58223,0
SCO.US,60,20210218,170000,30.2,30.88,30.183,30.639,204101,0
SCO.US,60,20210218,180000,30.52,30.6,30.044,30.3,135954,0
SCO.US,60,20210218,190000,30.309,30.608,30.308,30.58,74509,0
SCO.US,60,20210218,200000,30.6,31.36,30.56,31.22,83587,0
SCO.US,60,20210218,210000,31.24,31.32,30.6,30.82,228075,0
SCO.US,60,20210218,220000,30.84,31.28,30.84,31.12,156184,0
SCO.US,60,20210219,160000,31.08,31.12,30.76,30.78,125953,0
SCO.US,60,20210219,170000,30.8,31.24,30.76,31.007,181452,0
SCO.US,60,20210219,180000,30.96,31.52,30.96,31.517,88923,0
SCO.US,60,20210219,190000,31.52,31.758,31.32,31.64,90556,0
SCO.US,60,20210219,200000,31.64,32.16,31.38,31.436,193748,0
SCO.US,60,20210219,210000,31.44,32.068,31.437,31.96,147639,0
SCO.US,60,20210219,220000,31.948,32.08,31.86,32,144687,0
SCO.US,60,20210222,160000,30.6,30.6,30.08,30.2,137396,0
SCO.US,60,20210222,170000,30.16,30.16,29.76,29.88,229843,0
SCO.US,60,20210222,180000,29.92,30.08,29.8,29.8,84934,0
SCO.US,60,20210222,190000,29.838,29.98,29.72,29.86,80582,0
SCO.US,60,20210222,200000,29.877,30.02,29.52,29.6,137532,0
SCO.US,60,20210222,210000,29.56,29.72,29.266,29.4,293858,0
SCO.US,60,20210222,220000,29.4,29.52,29.4,29.48,120404,0
SCO.US,60,20210223,160000,29.56,30.195,29.496,29.643,196913,0
SCO.US,60,20210223,170000,29.677,29.72,29.102,29.685,198571,0
SCO.US,60,20210223,180000,29.68,29.68,29.22,29.32,81480,0
SCO.US,60,20210223,190000,29.38,29.452,29.2,29.401,77471,0
SCO.US,60,20210223,200000,29.44,29.44,29.073,29.24,97656,0
SCO.US,60,20210223,210000,29.24,29.297,28.96,28.98,85979,0
SCO.US,60,20210223,220000,28.978,29.04,28.8,28.96,131283,0
SCO.US,60,20210224,160000,28.6,28.688,28.275,28.275,144990,0
SCO.US,60,20210224,170000,28.278,28.44,27.68,27.98,362300,0
SCO.US,60,20210224,180000,27.96,28.08,27.652,27.92,143911,0
SCO.US,60,20210224,190000,27.92,27.96,27.72,27.96,90489,0
SCO.US,60,20210224,200000,27.98,28.14,27.68,27.685,149824,0
SCO.US,60,20210224,210000,27.72,27.82,27.6,27.764,96805,0
SCO.US,60,20210224,220000,27.8,27.84,27.68,27.68,80108,0
SCO.US,60,20210225,160000,27.92,28.12,27.8,27.96,91152,0
SCO.US,60,20210225,170000,28,28.05,27.64,27.822,96804,0
SCO.US,60,20210225,180000,27.8,27.84,27.36,27.478,185395,0
SCO.US,60,20210225,190000,27.48,27.76,27.46,27.683,149505,0
SCO.US,60,20210225,200000,27.722,28.04,27.72,27.84,202864,0
SCO.US,60,20210225,210000,27.8,27.84,27.48,27.76,90837,0
SCO.US,60,20210225,220000,27.72,27.82,27.62,27.76,117469,0
SCO.US,60,20210226,160000,28.2,28.52,28.191,28.36,64977,0
SCO.US,60,20210226,170000,28.36,29.04,28.36,28.64,171504,0
SCO.US,60,20210226,180000,28.64,28.717,28.36,28.68,92681,0
SCO.US,60,20210226,190000,28.68,28.88,28.56,28.88,36934,0
SCO.US,60,20210226,200000,28.854,29,28.76,28.84,94252,0
SCO.US,60,20210226,210000,28.88,29.48,28.82,29.22,210609,0
SCO.US,60,20210226,220000,29.2,29.24,29.06,29.2,135642,0
SCO.US,60,20210301,160000,29.24,29.6,29,29.16,120537,0
SCO.US,60,20210301,170000,29.16,29.4,28.8,28.96,190109,0
SCO.US,60,20210301,180000,29,29.3,28.84,29.28,90609,0
SCO.US,60,20210301,190000,29.24,30.04,29.18,30.04,115519,0
SCO.US,60,20210301,200000,30.04,30.6,30,30.08,170872,0
SCO.US,60,20210301,210000,30.08,30.16,29.92,30.16,51649,0
SCO.US,60,20210301,220000,30.16,30.56,30.16,30.24,178306,0
SCO.US,60,20210302,160000,29.68,30.436,29.6,30.12,90884,0
SCO.US,60,20210302,170000,30.12,30.18,29.68,29.92,163277,0
SCO.US,60,20210302,180000,29.92,30.16,29.52,29.76,219221,0
SCO.US,60,20210302,190000,29.76,29.805,29.54,29.64,75966,0
SCO.US,60,20210302,200000,29.64,29.98,29.64,29.92,97591,0
SCO.US,60,20210302,210000,29.94,30.88,29.94,30.84,680862,0
SCO.US,60,20210302,220000,30.84,30.98,30.68,30.92,443805,0
SCO.US,60,20210303,160000,29.72,29.917,29.6,29.88,53859,0
SCO.US,60,20210303,170000,29.8,30.24,28.964,29.04,312845,0
SCO.US,60,20210303,180000,29.076,29.52,29,29.06,134944,0
SCO.US,60,20210303,190000,29.04,29.16,28.68,28.837,208315,0
SCO.US,60,20210303,200000,28.8,29.04,28.72,28.997,67997,0
SCO.US,60,20210303,210000,29,29.44,29,29.439,194573,0
SCO.US,60,20210303,220000,29.4,29.48,29.283,29.44,212003,0
SCO.US,60,20210304,160000,28.52,29,28.46,28.88,109419,0
SCO.US,60,20210304,170000,28.84,28.88,26.868,26.9,560408,0
SCO.US,60,20210304,180000,26.88,27.2,26.72,26.96,332719,0
SCO.US,60,20210304,190000,26.96,27.08,26.56,27,302710,0
SCO.US,60,20210304,200000,26.96,27.36,26.8,27.24,348450,0
SCO.US,60,20210304,210000,27.276,27.642,27.122,27.16,277729,0
SCO.US,60,20210304,220000,27.157,27.32,27.078,27.12,177173,0
SCO.US,60,20210305,160000,25.92,26.02,25.68,25.84,338875,0
SCO.US,60,20210305,170000,25.804,26,25.56,25.96,154141,0
SCO.US,60,20210305,180000,25.96,26.12,25.72,25.72,146189,0
SCO.US,60,20210305,190000,25.76,25.88,25.678,25.753,96544,0
SCO.US,60,20210305,200000,25.76,25.84,25.44,25.635,167584,0
SCO.US,60,20210305,210000,25.6,25.76,25.52,25.52,105940,0
SCO.US,60,20210305,220000,25.515,25.6,25.4,25.48,123672,0
SCO.US,60,20210308,160000,25.76,25.98,25.64,25.92,119622,0
SCO.US,60,20210308,170000,25.94,26.256,25.88,26.045,156725,0
SCO.US,60,20210308,180000,26.08,26.198,25.8,26.16,77789,0
SCO.US,60,20210308,190000,26.18,26.42,26.04,26.28,124135,0
SCO.US,60,20210308,200000,26.3,26.48,26.2,26.44,111959,0
SCO.US,60,20210308,210000,26.442,26.442,26.04,26.24,91964,0
SCO.US,60,20210308,220000,26.28,26.436,26.28,26.4,97678,0
SCO.US,60,20210309,160000,26.08,26.32,26.06,26.3,115274,0
SCO.US,60,20210309,170000,26.281,26.48,25.96,25.985,353526,0
SCO.US,60,20210309,180000,26,26.56,25.972,26.36,209209,0
SCO.US,60,20210309,190000,26.44,26.68,26.4,26.5,243810,0
SCO.US,60,20210309,200000,26.52,26.64,26.428,26.52,63903,0
SCO.US,60,20210309,210000,26.56,26.72,26.48,26.6,87939,0
SCO.US,60,20210309,220000,26.6,26.84,26.6,26.8,171915,0
SCO.US,60,20210310,160000,26.6,26.94,26,26.064,153602,0
SCO.US,60,20210310,170000,26.041,26.622,26.004,26.52,149980,0
SCO.US,60,20210310,180000,26.524,27.013,26.34,26.96,133123,0
SCO.US,60,20210310,190000,26.96,27.08,26.8,26.8,89344,0
SCO.US,60,20210310,200000,26.8,26.84,26.4,26.42,98316,0
SCO.US,60,20210310,210000,26.44,26.44,26.24,26.36,82906,0
SCO.US,60,20210310,220000,26.34,26.36,26.08,26.08,110521,0
SCO.US,60,20210311,160000,25.84,26.08,25.722,25.759,149356,0
SCO.US,60,20210311,170000,25.796,25.796,25.4,25.44,176316,0
SCO.US,60,20210311,180000,25.48,25.64,25.32,25.399,103745,0
SCO.US,60,20210311,190000,25.362,25.5,25.32,25.364,46164,0
SCO.US,60,20210311,200000,25.36,25.48,25.273,25.44,92302,0
SCO.US,60,20210311,210000,25.4,25.4,25.16,25.2,98506,0
SCO.US,60,20210311,220000,25.2,25.28,25.12,25.2,89262,0
SCO.US,60,20210312,160000,25.36,25.477,25.26,25.36,74446,0
SCO.US,60,20210312,170000,25.36,25.48,25.28,25.36,93582,0
SCO.US,60,20210312,180000,25.322,25.443,25.16,25.164,87995,0
SCO.US,60,20210312,190000,25.18,25.242,25.12,25.2,27975,0
SCO.US,60,20210312,200000,25.2,25.44,25.193,25.4,60841,0
SCO.US,60,20210312,210000,25.4,25.52,25.34,25.485,70902,0
SCO.US,60,20210312,220000,25.48,25.508,25.36,25.4,44924,0
SCO.US,60,20210315,150000,25.8,26.157,25.796,26.06,146871,0
SCO.US,60,20210315,160000,26.08,26.32,25.86,26.12,157354,0
SCO.US,60,20210315,170000,26.12,26.158,25.86,25.88,76127,0
SCO.US,60,20210315,180000,25.88,25.88,25.48,25.54,92841,0
SCO.US,60,20210315,190000,25.52,25.6,25.4,25.519,50485,0
SCO.US,60,20210315,200000,25.52,25.708,25.36,25.56,90913,0
SCO.US,60,20210315,210000,25.6,25.6,25.44,25.44,62851,0
SCO.US,60,20210316,150000,26.16,26.28,25.98,26.2,97658,0
SCO.US,60,20210316,160000,26.2,26.398,26.08,26.22,160030,0
SCO.US,60,20210316,170000,26.24,26.242,25.88,25.9,88022,0
SCO.US,60,20210316,180000,25.9,25.976,25.74,25.76,75621,0
SCO.US,60,20210316,190000,25.76,25.82,25.6,25.64,71791,0
SCO.US,60,20210316,200000,25.64,25.88,25.58,25.8,95762,0
SCO.US,60,20210316,210000,25.84,25.88,25.78,25.84,42083,0
SCO.US,60,20210317,150000,25.96,25.96,25.8,25.86,54649,0
SCO.US,60,20210317,160000,25.84,26.164,25.72,26.1,143532,0
SCO.US,60,20210317,170000,26.12,26.28,25.977,26.08,69998,0
SCO.US,60,20210317,180000,26.04,26.165,25.96,26.12,49229,0
SCO.US,60,20210317,190000,26.04,26.4,25.913,26,106825,0
SCO.US,60,20210317,200000,25.96,25.96,25.64,25.7,91221,0
SCO.US,60,20210317,210000,25.7,25.84,25.7,25.76,68455,0
SCO.US,60,20210318,150000,26.56,26.8,26.52,26.555,127337,0
SCO.US,60,20210318,160000,26.522,27.72,26.52,27.6,298223,0
SCO.US,60,20210318,170000,27.6,27.76,27.404,27.52,118771,0
SCO.US,60,20210318,180000,27.48,28.44,27.32,28.4,228443,0
SCO.US,60,20210318,190000,28.44,28.52,28.04,28.091,164561,0
SCO.US,60,20210318,200000,28.108,29.44,28.108,29.393,392122,0
SCO.US,60,20210318,210000,29.362,30.48,29.24,29.36,439204,0
SCO.US,60,20210319,150000,28.88,29.676,28.88,29.04,227708,0
SCO.US,60,20210319,160000,29.04,29.52,28.14,28.2,438521,0
SCO.US,60,20210319,170000,28.24,28.56,28.16,28.316,352370,0
SCO.US,60,20210319,180000,28.24,28.28,27.72,27.76,205186,0
SCO.US,60,20210319,190000,27.72,28.12,27.52,27.92,272916,0
SCO.US,60,20210319,200000,27.92,28.04,27.64,27.76,86793,0
SCO.US,60,20210319,210000,27.74,27.84,27.52,27.8,162111,0
SCO.US,60,20210322,150000,27.56,27.84,27.44,27.835,97765,0
SCO.US,60,20210322,160000,27.798,27.799,27.28,27.4,107969,0
SCO.US,60,20210322,170000,27.44,27.72,27.4,27.64,91729,0
SCO.US,60,20210322,180000,27.64,28,27.64,27.9,96581,0
SCO.US,60,20210322,190000,27.88,27.98,27.56,27.6,58962,0
SCO.US,60,20210322,200000,27.6,27.706,27.48,27.64,43196,0
SCO.US,60,20210322,210000,27.64,27.88,27.58,27.88,42414,0
SCO.US,60,20210323,150000,29.56,29.64,29.082,29.2,169260,0
SCO.US,60,20210323,160000,29.24,29.6,28.76,29.52,256881,0
SCO.US,60,20210323,170000,29.556,29.74,29.195,29.6,418119,0
SCO.US,60,20210323,180000,29.56,29.56,29.16,29.444,120406,0
SCO.US,60,20210323,190000,29.48,30.637,29.4,30.08,285778,0
SCO.US,60,20210323,200000,30.12,30.5,29.98,30.4,225549,0
SCO.US,60,20210323,210000,30.42,30.598,30.2,30.52,173107,0
SCO.US,60,20210324,150000,28.68,28.76,28.52,28.64,131267,0
SCO.US,60,20210324,160000,28.6,28.92,28,28.188,279604,0
SCO.US,60,20210324,170000,28.16,28.16,27.76,27.892,259279,0
SCO.US,60,20210324,180000,27.84,27.92,27.4,27.46,181841,0
SCO.US,60,20210324,190000,27.46,27.92,27.4,27.6,118554,0
SCO.US,60,20210324,200000,27.6,27.718,27.26,27.48,170332,0
SCO.US,60,20210324,210000,27.5,27.72,27.44,27.68,120418,0
SCO.US,60,20210325,150000,28.8,29.28,28.68,29.2,229435,0
SCO.US,60,20210325,160000,29.24,30,28.76,29.764,407540,0
SCO.US,60,20210325,170000,29.76,30.237,29.6,29.88,252388,0
SCO.US,60,20210325,180000,29.92,29.96,29.4,29.836,158040,0
SCO.US,60,20210325,190000,29.84,29.96,29.525,29.72,104724,0
SCO.US,60,20210325,200000,29.76,29.876,29.38,29.528,138174,0
SCO.US,60,20210325,210000,29.54,29.755,29.48,29.56,70045,0
SCO.US,60,20210326,150000,27.64,27.84,27.492,27.68,151069,0
SCO.US,60,20210326,160000,27.66,27.66,27.2,27.436,221356,0
SCO.US,60,20210326,170000,27.38,27.558,27.2,27.36,155532,0
SCO.US,60,20210326,180000,27.36,27.6,27.038,27.28,179920,0
SCO.US,60,20210326,190000,27.243,27.28,26.96,27.04,127108,0
SCO.US,60,20210326,200000,27.06,27.44,27.02,27.28,163943,0
SCO.US,60,20210326,210000,27.26,27.44,27.241,27.36,207819,0
SCO.US,60,20210329,160000,27.72,28,27.64,27.84,141181,0
SCO.US,60,20210329,170000,27.88,28.12,27.48,27.803,226170,0
SCO.US,60,20210329,180000,27.84,27.88,27.26,27.28,219281,0
SCO.US,60,20210329,190000,27.314,27.515,27.2,27.2,87797,0
SCO.US,60,20210329,200000,27.2,27.315,27.04,27.08,100077,0
SCO.US,60,20210329,210000,27.08,27.16,26.972,27.12,97574,0
SCO.US,60,20210329,220000,27.1,27.12,26.96,27,61928,0
SCO.US,60,20210330,160000,27.92,28.04,27.68,27.72,94427,0
SCO.US,60,20210330,170000,27.72,27.841,27.52,27.72,162228,0
SCO.US,60,20210330,180000,27.68,27.917,27.32,27.76,118236,0
SCO.US,60,20210330,190000,27.76,28,27.682,27.936,74473,0
SCO.US,60,20210330,200000,27.92,28.08,27.8,27.88,86484,0
SCO.US,60,20210330,210000,27.88,27.918,27.68,27.88,76165,0
SCO.US,60,20210330,220000,27.86,27.98,27.842,27.92,35921,0
SCO.US,60,20210331,160000,28.12,28.12,27.6,27.74,90795,0
SCO.US,60,20210331,170000,27.72,27.8,27.24,27.4,218736,0
SCO.US,60,20210331,180000,27.36,27.6,27.2,27.523,125649,0
SCO.US,60,20210331,190000,27.56,27.6,27.2,27.44,64232,0
SCO.US,60,20210331,200000,27.4,28.8,27.4,28.355,287268,0
SCO.US,60,20210331,210000,28.4,29.002,28.248,28.778,340739,0
SCO.US,60,20210331,220000,28.8,28.86,28.56,28.6,167485,0
SCO.US,60,20210401,160000,27.28,27.68,27.16,27.56,163634,0
SCO.US,60,20210401,170000,27.56,28.68,27.32,27.88,354890,0
SCO.US,60,20210401,180000,27.88,28.44,27.46,27.88,351904,0
SCO.US,60,20210401,190000,27.84,27.84,27.2,27.28,256224,0
SCO.US,60,20210401,200000,27.3,27.3,26.3,26.42,252482,0
SCO.US,60,20210401,210000,26.44,26.636,26.236,26.478,138287,0
SCO.US,60,20210401,220000,26.44,26.6,26.4,26.6,94131,0
SCO.US,60,20210405,160000,27.2,27.52,27.16,27.36,139681,0
SCO.US,60,20210405,170000,27.34,27.96,27.284,27.94,186404,0
SCO.US,60,20210405,180000,27.96,28.123,27.8,28.04,95133,0
SCO.US,60,20210405,190000,28.04,29.12,28,29.1,225205,0
SCO.US,60,20210405,200000,29.12,29.16,28.44,28.44,126054,0
SCO.US,60,20210405,210000,28.48,28.56,28.12,28.26,97998,0
SCO.US,60,20210405,220000,28.268,28.36,28.162,28.2,84492,0
SCO.US,60,20210406,160000,27.16,27.16,26.803,26.88,190012,0
SCO.US,60,20210406,170000,26.84,26.88,26.362,26.56,237273,0
SCO.US,60,20210406,180000,26.52,27.2,26.483,27.16,252057,0
SCO.US,60,20210406,190000,27.198,27.483,27.044,27.24,152365,0
SCO.US,60,20210406,200000,27.24,27.76,27.203,27.68,220295,0
SCO.US,60,20210406,210000,27.68,27.72,27.4,27.7,108229,0
SCO.US,60,20210406,220000,27.7,27.72,27.52,27.6,131862,0
SCO.US,60,20210407,160000,27.76,27.92,27.72,27.836,113157,0
SCO.US,60,20210407,170000,27.88,28.12,27.64,28.012,288573,0
SCO.US,60,20210407,180000,28.04,28.52,27.78,28.44,1784933,0
SCO.US,60,20210407,190000,28.44,28.52,27.44,27.44,326617,0
SCO.US,60,20210407,200000,27.46,27.6,27.245,27.32,72682,0
SCO.US,60,20210407,210000,27.28,27.58,27.2,27.5,34631,0
SCO.US,60,20210407,220000,27.48,27.52,27.4,27.44,59044,0
SCO.US,60,20210408,160000,27.84,28.28,27.76,27.84,930543,0
SCO.US,60,20210408,170000,27.84,28.12,27.722,28.04,567943,0
SCO.US,60,20210408,180000,28.04,28.04,27.5,27.7,347551,0
SCO.US,60,20210408,190000,27.68,27.96,27.52,27.84,152592,0
SCO.US,60,20210408,200000,27.82,27.92,27.72,27.8,103784,0
SCO.US,60,20210408,210000,27.76,27.76,27.66,27.688,62039,0
SCO.US,60,20210408,220000,27.715,27.72,27.64,27.68,41655,0
SCO.US,60,20210409,160000,27.88,28.04,27.8,27.84,102207,0
SCO.US,60,20210409,170000,27.84,28,27.68,27.72,158559,0
SCO.US,60,20210409,180000,27.68,27.84,27.56,27.84,72323,0
SCO.US,60,20210409,190000,27.8,27.88,27.76,27.839,64569,0
SCO.US,60,20210409,200000,27.8,27.918,27.715,27.88,56546,0
SCO.US,60,20210409,210000,27.878,27.998,27.68,27.793,45324,0
SCO.US,60,20210409,220000,27.8,27.825,27.72,27.8,70414,0
SCO.US,60,20210412,160000,27,27,26.68,26.92,119915,0
SCO.US,60,20210412,170000,26.92,27.12,26.64,27.06,135442,0
SCO.US,60,20210412,180000,27.078,27.48,27,27.398,102013,0
SCO.US,60,20210412,190000,27.38,27.56,27.252,27.36,56772,0
SCO.US,60,20210412,200000,27.4,27.52,27.32,27.36,36442,0
SCO.US,60,20210412,210000,27.36,27.48,27.32,27.44,31761,0
SCO.US,60,20210412,220000,27.48,27.48,27.32,27.4,53181,0
SCO.US,60,20210413,160000,26.8,26.96,26.784,26.84,96013,0
SCO.US,60,20210413,170000,26.82,26.999,26.66,26.92,59014,0
SCO.US,60,20210413,180000,26.92,26.96,26.68,26.737,47493,0
SCO.US,60,20210413,190000,26.72,27,26.64,26.96,45378,0
SCO.US,60,20210413,200000,26.88,26.96,26.763,26.92,39033,0
SCO.US,60,20210413,210000,26.88,26.88,26.68,26.72,24379,0
SCO.US,60,20210413,220000,26.72,26.72,26.64,26.72,41368,0
SCO.US,60,20210414,160000,25.8,25.96,25.72,25.78,125237,0
SCO.US,60,20210414,170000,25.78,25.84,24.76,24.878,311663,0
SCO.US,60,20210414,180000,24.84,25.04,24.732,24.8,128886,0
SCO.US,60,20210414,190000,24.76,24.8,24.503,24.6,151897,0
SCO.US,60,20210414,200000,24.6,24.68,24.467,24.6,95744,0
SCO.US,60,20210414,210000,24.6,24.82,24.598,24.82,85600,0
SCO.US,60,20210414,220000,24.816,24.88,24.76,24.8,76491,0
SCO.US,60,20210415,160000,24.84,25.02,24.84,24.92,84121,0
SCO.US,60,20210415,170000,24.92,24.92,24.6,24.68,88531,0
SCO.US,60,20210415,180000,24.68,24.94,24.68,24.8,52712,0
SCO.US,60,20210415,190000,24.8,24.8,24.64,24.72,39560,0
SCO.US,60,20210415,200000,24.68,24.685,24.52,24.52,46058,0
SCO.US,60,20210415,210000,24.52,24.72,24.52,24.68,35537,0
SCO.US,60,20210415,220000,24.644,24.72,24.64,24.72,27027,0
SCO.US,60,20210416,160000,24.56,24.92,24.52,24.82,73189,0
SCO.US,60,20210416,170000,24.84,24.922,24.68,24.9,62354,0
SCO.US,60,20210416,180000,24.92,24.92,24.72,24.82,90102,0
SCO.US,60,20210416,190000,24.8,24.84,24.72,24.76,26720,0
SCO.US,60,20210416,200000,24.76,24.84,24.642,24.72,32945,0
SCO.US,60,20210416,210000,24.72,24.88,24.72,24.84,47443,0
SCO.US,60,20210416,220000,24.84,24.84,24.8,24.8,81093,0
SCO.US,60,20210419,160000,24.72,24.72,24.46,24.56,65410,0
SCO.US,60,20210419,170000,24.522,24.92,24.522,24.88,100250,0
SCO.US,60,20210419,180000,24.92,24.92,24.7,24.76,72389,0
SCO.US,60,20210419,190000,24.76,24.84,24.68,24.72,28260,0
SCO.US,60,20210419,200000,24.72,24.76,24.66,24.696,24471,0
SCO.US,60,20210419,210000,24.68,24.86,24.68,24.8,42064,0
SCO.US,60,20210419,220000,24.8,24.8,24.68,24.68,64482,0
SCO.US,60,20210420,160000,24.68,24.84,24.6,24.68,74124,0
SCO.US,60,20210420,170000,24.68,26.08,24.64,25.8,189253,0
SCO.US,60,20210420,180000,25.88,26.06,25.48,25.52,193316,0
SCO.US,60,20210420,190000,25.48,25.6,25.36,25.44,62498,0
SCO.US,60,20210420,200000,25.46,25.48,25.36,25.4,18487,0
SCO.US,60,20210420,210000,25.36,25.46,25.28,25.357,31222,0
SCO.US,60,20210420,220000,25.34,25.44,25.32,25.36,40900,0
SCO.US,60,20210421,160000,26.36,26.44,25.96,26.002,66825,0
SCO.US,60,20210421,170000,26,26,25.523,25.6,97928,0
SCO.US,60,20210421,180000,25.64,25.94,25.6,25.94,52896,0
SCO.US,60,20210421,190000,25.927,25.96,25.718,25.8,27983,0
SCO.US,60,20210421,200000,25.84,26.4,25.808,26.16,150660,0
SCO.US,60,20210421,210000,26.165,26.32,26.08,26.28,43265,0
SCO.US,60,20210421,220000,26.28,26.38,26.26,26.32,76446,0
SCO.US,60,20210422,160000,25.72,26.14,25.68,26,72213,0
SCO.US,60,20210422,170000,26,26.44,25.92,25.92,72964,0
SCO.US,60,20210422,180000,25.9,26.04,25.8,25.96,28219,0
SCO.US,60,20210422,190000,25.965,26.04,25.882,25.92,8085,0
SCO.US,60,20210422,200000,25.96,26.2,25.96,26.16,31903,0
SCO.US,60,20210422,210000,26.19,26.32,25.82,25.86,33554,0
SCO.US,60,20210422,220000,25.86,25.92,25.836,25.92,49194,0
SCO.US,60,20210423,160000,26.12,26.14,25.8,25.836,43337,0
SCO.US,60,20210423,170000,25.8,25.8,25.28,25.52,94122,0
SCO.US,60,20210423,180000,25.52,25.8,25.4,25.66,52977,0
SCO.US,60,20210423,190000,25.68,25.76,25.563,25.64,11770,0
SCO.US,60,20210423,200000,25.64,25.72,25.56,25.597,21820,0
SCO.US,60,20210423,210000,25.56,25.56,25.4,25.48,54892,0
SCO.US,60,20210423,220000,25.46,25.48,25.36,25.44,89493,0
SCO.US,60,20210426,160000,26.16,26.2,25.924,25.96,103322,0
SCO.US,60,20210426,170000,26.04,26.14,25.68,25.78,158159,0
SCO.US,60,20210426,180000,25.76,25.76,25.48,25.6,102503,0
SCO.US,60,20210426,190000,25.6,25.6,25.36,25.44,96570,0
SCO.US,60,20210426,200000,25.437,25.52,25.332,25.442,40757,0
SCO.US,60,20210426,210000,25.478,25.64,25.4,25.56,168786,0
SCO.US,60,20210426,220000,25.56,25.64,25.48,25.56,124296,0
SCO.US,60,20210427,160000,25.16,25.34,24.998,25.075,297637,0
SCO.US,60,20210427,170000,25.04,25.32,25.04,25.104,131979,0
SCO.US,60,20210427,180000,25.12,25.32,25.08,25.22,282276,0
SCO.US,60,20210427,190000,25.2,25.22,25.14,25.16,68535,0
SCO.US,60,20210427,200000,25.2,25.2,25.08,25.12,51405,0
SCO.US,60,20210427,210000,25.12,25.16,24.78,24.8,319059,0
SCO.US,60,20210427,220000,24.8,24.835,24.62,24.72,336967,0
SCO.US,60,20210428,160000,24.4,24.44,24.3,24.36,148794,0
SCO.US,60,20210428,170000,24.38,24.398,24,24.28,414974,0
SCO.US,60,20210428,180000,24.24,24.28,23.86,24.007,282017,0
SCO.US,60,20210428,190000,24,24.24,24,24.199,97076,0
SCO.US,60,20210428,200000,24.18,24.236,24.08,24.22,65215,0
SCO.US,60,20210428,210000,24.2,24.36,24.186,24.355,120071,0
SCO.US,60,20210428,220000,24.32,24.44,24.18,24.24,326547,0
SCO.US,60,20210429,160000,23.28,23.52,23.22,23.442,298387,0
SCO.US,60,20210429,170000,23.48,23.764,23.48,23.64,340408,0
SCO.US,60,20210429,180000,23.64,23.84,23.64,23.758,162900,0
SCO.US,60,20210429,190000,23.76,23.96,23.56,23.62,185765,0
SCO.US,60,20210429,200000,23.64,23.7,23.52,23.66,78437,0
SCO.US,60,20210429,210000,23.66,23.7,23.46,23.48,117838,0
SCO.US,60,20210429,220000,23.5,23.6,23.44,23.6,132273,0
SCO.US,60,20210430,160000,24.4,24.52,24.28,24.46,135133,0
SCO.US,60,20210430,170000,24.48,24.638,24.4,24.558,136275,0
SCO.US,60,20210430,180000,24.6,24.74,24.48,24.6,128427,0
SCO.US,60,20210430,190000,24.601,24.601,24.36,24.44,40727,0
SCO.US,60,20210430,200000,24.42,24.558,24.36,24.52,83638,0
SCO.US,60,20210430,210000,24.6,24.68,24.4,24.5,103051,0
SCO.US,60,20210430,220000,24.48,24.6,24.48,24.52,106687,0
SCO.US,60,20210503,160000,24.28,24.28,23.92,23.96,68111,0
SCO.US,60,20210503,170000,23.96,24.04,23.718,23.72,120506,0
SCO.US,60,20210503,180000,23.76,24.08,23.72,24,139887,0
SCO.US,60,20210503,190000,24,24,23.805,23.96,91019,0
SCO.US,60,20210503,200000,23.96,23.98,23.72,23.75,26184,0
SCO.US,60,20210503,210000,23.76,23.88,23.72,23.798,31495,0
SCO.US,60,20210503,220000,23.8,23.82,23.76,23.8,34733,0
SCO.US,60,20210504,160000,23,23.24,22.88,23.24,92549,0
SCO.US,60,20210504,170000,23.237,23.4,23,23.16,80439,0
SCO.US,60,20210504,180000,23.16,23.24,22.88,22.96,85281,0
SCO.US,60,20210504,190000,23,23.038,22.841,22.997,54644,0
SCO.US,60,20210504,200000,23,23.14,23,23.12,42452,0
SCO.US,60,20210504,210000,23.111,23.16,22.8,22.82,75916,0
SCO.US,60,20210504,220000,22.84,22.88,22.8,22.84,42268,0
SCO.US,60,20210505,160000,22.48,22.5,22.32,22.364,77415,0
SCO.US,60,20210505,170000,22.397,22.76,22.2,22.44,160737,0
SCO.US,60,20210505,180000,22.4,22.72,22.28,22.6,67082,0
SCO.US,60,20210505,190000,22.6,22.78,22.48,22.76,58564,0
SCO.US,60,20210505,200000,22.76,23.24,22.72,23,117318,0
SCO.US,60,20210505,210000,23.04,23.08,22.76,22.924,59801,0
SCO.US,60,20210505,220000,22.94,23.08,22.92,22.96,51168,0
SCO.US,60,20210506,160000,22.84,23.08,22.78,23.046,84094,0
SCO.US,60,20210506,170000,23.068,23.4,22.96,23.08,141159,0
SCO.US,60,20210506,180000,23.06,23.16,22.92,22.92,77070,0
SCO.US,60,20210506,190000,22.92,23.32,22.92,23.16,52604,0
SCO.US,60,20210506,200000,23.12,23.2,23,23.2,36361,0
SCO.US,60,20210506,210000,23.2,23.32,23.124,23.18,23106,0
SCO.US,60,20210506,220000,23.2,23.22,23.12,23.16,48285,0
SCO.US,60,20210507,160000,23.44,23.6,22.96,23.04,57211,0
SCO.US,60,20210507,170000,23.04,23.44,22.92,23.2,123967,0
SCO.US,60,20210507,180000,23.22,23.28,23,23.001,62612,0
SCO.US,60,20210507,190000,23,23.08,22.922,23,38607,0
SCO.US,60,20210507,200000,23,23.12,22.96,23.04,21317,0
SCO.US,60,20210507,210000,23.004,23.116,22.965,23.08,40692,0
SCO.US,60,20210507,220000,23.078,23.16,23.04,23.04,60689,0
SCO.US,60,20210510,160000,22.6,23.076,22.52,22.969,71321,0
SCO.US,60,20210510,170000,23,23.56,22.98,23.32,103897,0
SCO.US,60,20210510,180000,23.285,23.31,23,23,54122,0
SCO.US,60,20210510,190000,23.017,23.032,22.92,22.96,44819,0
SCO.US,60,20210510,200000,22.92,22.96,22.88,22.88,10400,0
SCO.US,60,20210510,210000,22.88,23.04,22.88,22.96,28081,0
SCO.US,60,20210510,220000,22.969,23,22.88,22.96,48312,0
SCO.US,60,20210511,160000,23.48,23.48,22.72,22.72,100408,0
SCO.US,60,20210511,170000,22.72,23.36,22.648,23.04,120902,0
SCO.US,60,20210511,180000,23.038,23.12,22.68,22.841,50931,0
SCO.US,60,20210511,190000,22.845,22.845,22.724,22.798,26212,0
SCO.US,60,20210511,200000,22.78,22.78,22.52,22.62,31904,0
SCO.US,60,20210511,210000,22.6,22.64,22.56,22.56,22777,0
SCO.US,60,20210511,220000,22.534,22.6,22.48,22.52,59918,0
SCO.US,60,20210512,160000,22.36,22.36,21.88,21.92,108974,0
SCO.US,60,20210512,170000,21.88,22.04,21.72,21.876,179962,0
SCO.US,60,20210512,180000,21.84,22.078,21.74,22.02,77246,0
SCO.US,60,20210512,190000,22.04,22.16,21.96,22.08,55323,0
SCO.US,60,20210512,200000,22.08,22.08,21.84,21.918,70619,0
SCO.US,60,20210512,210000,21.88,22.12,21.875,22.081,35214,0
SCO.US,60,20210512,220000,22.12,22.28,22.099,22.16,116725,0
SCO.US,60,20210513,160000,23.32,23.4,22.952,23.035,160264,0
SCO.US,60,20210513,170000,23.002,23.34,22.92,23.24,82436,0
SCO.US,60,20210513,180000,23.28,23.48,23.24,23.48,87384,0
SCO.US,60,20210513,190000,23.48,23.96,23.4,23.86,164755,0
SCO.US,60,20210513,200000,23.856,23.956,23.6,23.68,112429,0
SCO.US,60,20210513,210000,23.64,23.68,23.52,23.56,50971,0
SCO.US,60,20210513,220000,23.56,23.6,23.52,23.52,52819,0
SCO.US,60,20210514,160000,22.92,23,22.6,22.66,115110,0
SCO.US,60,20210514,170000,22.64,22.88,22.64,22.76,106812,0
SCO.US,60,20210514,180000,22.762,22.92,22.68,22.76,60517,0
SCO.US,60,20210514,190000,22.72,22.78,22.626,22.68,52879,0
SCO.US,60,20210514,200000,22.66,22.76,22.64,22.68,33365,0
SCO.US,60,20210514,210000,22.68,22.72,22.6,22.64,22651,0
SCO.US,60,20210514,220000,22.64,22.68,22.6,22.68,61286,0
SCO.US,60,20210517,160000,22.52,22.56,22.32,22.4,75612,0
SCO.US,60,20210517,170000,22.38,22.438,22.2,22.24,83118,0
SCO.US,60,20210517,180000,22.28,22.36,22.2,22.24,41205,0
SCO.US,60,20210517,190000,22.24,22.26,22.083,22.12,67170,0
SCO.US,60,20210517,200000,22.12,22.2,22.12,22.12,23339,0
SCO.US,60,20210517,210000,22.12,22.2,22.04,22.16,48018,0
SCO.US,60,20210517,220000,22.136,22.16,22.04,22.04,49758,0
SCO.US,60,20210518,160000,22.28,22.296,22.04,22.296,96935,0
SCO.US,60,20210518,170000,22.319,22.5,22.2,22.24,60095,0
SCO.US,60,20210518,180000,22.24,22.64,22.16,22.6,77075,0
SCO.US,60,20210518,190000,22.6,23.36,22.48,22.76,359218,0
SCO.US,60,20210518,200000,22.76,22.795,22.52,22.54,25273,0
SCO.US,60,20210518,210000,22.56,22.64,22.48,22.54,20470,0
SCO.US,60,20210518,220000,22.56,22.56,22.442,22.52,44434,0
SCO.US,60,20210519,160000,23.6,24.04,23.6,24,207003,0
SCO.US,60,20210519,170000,24,24.8,24,24.52,267730,0
SCO.US,60,20210519,180000,24.58,24.64,24.04,24.08,80750,0
SCO.US,60,20210519,190000,24.082,24.12,23.8,23.836,35320,0
SCO.US,60,20210519,200000,23.802,24.08,23.717,23.916,44973,0
SCO.US,60,20210519,210000,23.914,24.1,23.832,24,75029,0
SCO.US,60,20210519,220000,24.04,24.08,23.9,23.96,934782,0
SCO.US,60,20210520,160000,24.04,24.36,24.04,24.26,62178,0
SCO.US,60,20210520,170000,24.32,24.52,24.168,24.2,58586,0
SCO.US,60,20210520,180000,24.2,24.2,23.98,24.04,47370,0
SCO.US,60,20210520,190000,24.02,24.481,24,24.481,36145,0
SCO.US,60,20210520,200000,24.52,25,24.445,24.802,109326,0
SCO.US,60,20210520,210000,24.86,25.04,24.68,24.842,203302,0
SCO.US,60,20210520,220000,24.88,24.96,24.76,24.92,69027,0
SCO.US,60,20210521,160000,23.72,23.92,23.72,23.8,315834,0
SCO.US,60,20210521,170000,23.76,23.958,23.64,23.84,87768,0
SCO.US,60,20210521,180000,23.8,23.8,23.44,23.56,67077,0
SCO.US,60,20210521,190000,23.52,23.838,23.48,23.8,38293,0
SCO.US,60,20210521,200000,23.78,23.838,23.6,23.64,36469,0
SCO.US,60,20210521,210000,23.64,23.8,23.562,23.64,20715,0
SCO.US,60,20210521,220000,23.64,23.68,23.48,23.56,46262,0
SCO.US,60,20210524,160000,22.92,23.12,22.683,22.725,59634,0
SCO.US,60,20210524,170000,22.72,22.76,22.52,22.6,527378,0
SCO.US,60,20210524,180000,22.6,22.64,22.4,22.46,84692,0
SCO.US,60,20210524,190000,22.46,22.48,22.14,22.236,108812,0
SCO.US,60,20210524,200000,22.235,22.237,22.08,22.16,60058,0
SCO.US,60,20210524,210000,22.14,22.2,22.04,22.18,77561,0
SCO.US,60,20210524,220000,22.196,22.2,22.12,22.2,95947,0
SCO.US,60,20210525,160000,22.16,22.38,21.92,22.32,123827,0
SCO.US,60,20210525,170000,22.34,22.34,22,22.04,72288,0
SCO.US,60,20210525,180000,22.025,22.2,22,22.08,73443,0
SCO.US,60,20210525,190000,22.06,22.136,22,22.08,16138,0
SCO.US,60,20210525,200000,22.04,22.12,22,22.077,38505,0
SCO.US,60,20210525,210000,22.04,22.22,22.04,22.2,60520,0
SCO.US,60,20210525,220000,22.2,22.32,22.16,22.32,139341,0
SCO.US,60,20210526,160000,22.44,22.45,22.27,22.45,109455,0
SCO.US,60,20210526,170000,22.455,22.54,22.1,22.2,137264,0
SCO.US,60,20210526,180000,22.195,22.21,21.95,22,105037,0
SCO.US,60,20210526,190000,21.99,22.22,21.98,22.18,59216,0
SCO.US,60,20210526,200000,22.17,22.2,21.96,21.96,76421,0
SCO.US,60,20210526,210000,21.95,22.08,21.9,21.99,214154,0
SCO.US,60,20210526,220000,21.99,22.03,21.96,21.97,109634,0
SCO.US,60,20210527,160000,22.01,22.1263,21.865,22.06,89174,0
SCO.US,60,20210527,170000,22.06,22.12,21.9,21.92,159498,0
SCO.US,60,20210527,180000,21.92,21.96,21.7204,21.773,186293,0
SCO.US,60,20210527,190000,21.78,21.84,21.77,21.81,79103,0
SCO.US,60,20210527,200000,21.81,21.83,21.75,21.8,27460,0
SCO.US,60,20210527,210000,21.8,21.82,21.61,21.67,74757,0
SCO.US,60,20210527,220000,21.68,21.715,21.658,21.7,56523,0
SCO.US,60,20210528,160000,21.46,21.65,21.39,21.57,100259,0
SCO.US,60,20210528,170000,21.56,21.6996,21.53,21.56,97485,0
SCO.US,60,20210528,180000,21.57,21.6599,21.46,21.61,287639,0
SCO.US,60,20210528,190000,21.61,21.62,21.53,21.57,92891,0
SCO.US,60,20210528,200000,21.58,21.625,21.53,21.62,61387,0
SCO.US,60,20210528,210000,21.62,22.04,21.62,21.925,321984,0
SCO.US,60,20210528,220000,21.93,21.96,21.78,21.8,181726,0
SCO.US,60,20210601,160000,20.72,20.72,20.45,20.5,255164,0
SCO.US,60,20210601,170000,20.45,20.66,20.39,20.5,260673,0
SCO.US,60,20210601,180000,20.51,21.3,20.5,21.0387,361910,0
SCO.US,60,20210601,190000,21.05,21.1299,20.951,20.951,145316,0
SCO.US,60,20210601,200000,20.97,21.145,20.97,21.06,89962,0
SCO.US,60,20210601,210000,21.09,21.11,20.9,20.92,121809,0
SCO.US,60,20210601,220000,20.9001,20.96,20.885,20.95,133600,0
SCO.US,60,20210602,160000,20.75,20.92,20.73,20.89,143356,0
SCO.US,60,20210602,170000,20.88,20.91,20.573,20.7,295407,0
SCO.US,60,20210602,180000,20.73,20.76,20.558,20.5699,221493,0
SCO.US,60,20210602,190000,20.5607,20.59,20.51,20.53,167303,0
SCO.US,60,20210602,200000,20.52,20.52,20.39,20.475,291769,0
SCO.US,60,20210602,210000,20.47,20.51,20.4104,20.47,119149,0
SCO.US,60,20210602,220000,20.475,20.515,20.45,20.47,132588,0
SCO.US,60,20210603,160000,20.33,20.525,20.29,20.46,131060,0
SCO.US,60,20210603,170000,20.47,20.47,20.31,20.4,136706,0
SCO.US,60,20210603,180000,20.395,20.8,20.29,20.58,222229,0
SCO.US,60,20210603,190000,20.5801,20.625,20.51,20.52,84034,0
SCO.US,60,20210603,200000,20.5292,20.65,20.45,20.52,49582,0
SCO.US,60,20210603,210000,20.53,20.54,20.435,20.495,33189,0
SCO.US,60,20210603,220000,20.49,20.49,20.38,20.41,56405,0
SCO.US,60,20210604,160000,20.02,20.12,19.9989,20.11,111667,0
SCO.US,60,20210604,170000,20.1,20.38,20.08,20.29,272107,0
SCO.US,60,20210604,180000,20.2751,20.31,20.21,20.23,88912,0
SCO.US,60,20210604,190000,20.22,20.27,20.125,20.15,69606,0
SCO.US,60,20210604,200000,20.14,20.14,20.02,20.0799,93224,0
SCO.US,60,20210604,210000,20.07,20.15,20.02,20.1199,114991,0
SCO.US,60,20210604,220000,20.105,20.17,20.085,20.16,128954,0
SCO.US,60,20210607,160000,20.08,20.0801,19.9399,20.08,111601,0
SCO.US,60,20210607,170000,20.08,20.2241,20.06,20.2,95891,0
SCO.US,60,20210607,180000,20.2,20.28,20.11,20.14,85974,0
SCO.US,60,20210607,190000,20.12,20.12,20,20.041,39395,0
SCO.US,60,20210607,200000,20.035,20.1042,20.0335,20.06,24557,0
SCO.US,60,20210607,210000,20.08,20.18,20.0519,20.11,62417,0
SCO.US,60,20210607,220000,20.1101,20.15,20.08,20.1,45704,0
SCO.US,60,20210608,160000,20.27,20.49,20.23,20.38,192609,0
SCO.US,60,20210608,170000,20.345,20.36,19.9,19.97,301194,0
SCO.US,60,20210608,180000,19.96,20.05,19.82,19.84,245217,0
SCO.US,60,20210608,190000,19.83,19.95,19.83,19.865,70302,0
SCO.US,60,20210608,200000,19.85,19.93,19.79,19.887,151430,0
SCO.US,60,20210608,210000,19.88,19.88,19.63,19.631,171148,0
SCO.US,60,20210608,220000,19.64,19.66,19.61,19.61,110724,0
SCO.US,60,20210609,160000,19.53,19.56,19.47,19.51,119441,0
SCO.US,60,20210609,170000,19.51,19.755,19.45,19.755,359753,0
SCO.US,60,20210609,180000,19.755,19.87,19.62,19.86,270600,0
SCO.US,60,20210609,190000,19.87,19.97,19.81,19.8899,146510,0
SCO.US,60,20210609,200000,19.9,19.9473,19.81,19.82,46917,0
SCO.US,60,20210609,210000,19.83,19.84,19.67,19.79,95749,0
SCO.US,60,20210609,220000,19.79,19.84,19.79,19.84,49447,0
SCO.US,60,20210610,160000,19.53,19.58,19.4,19.5399,275222,0
SCO.US,60,20210610,170000,19.5287,19.67,19.5,19.6401,182853,0
SCO.US,60,20210610,180000,19.65,19.68,19.52,19.58,129670,0
SCO.US,60,20210610,190000,19.57,20.4,19.56,19.77,755201,0
SCO.US,60,20210610,200000,19.76,19.76,19.58,19.619,170343,0
SCO.US,60,20210610,210000,19.6,19.64,19.53,19.62,150435,0
SCO.US,60,20210610,220000,19.63,19.68,19.62,19.65,70266,0
SCO.US,60,20210611,160000,19.59,19.64,19.5503,19.57,175556,0
SCO.US,60,20210611,170000,19.56,19.6,19.471,19.52,276032,0
SCO.US,60,20210611,180000,19.5,19.6,19.385,19.48,260181,0
SCO.US,60,20210611,190000,19.4762,19.51,19.44,19.47,92691,0
SCO.US,60,20210611,200000,19.43,19.52,19.41,19.44,126015,0
SCO.US,60,20210611,210000,19.44,19.5286,19.4,19.51,138522,0
SCO.US,60,20210611,220000,19.51,19.56,19.5,19.51,75343,0
SCO.US,60,20210614,160000,19.27,19.27,19.11,19.12,150853,0
SCO.US,60,20210614,170000,19.111,19.209,19.1099,19.1766,189207,0
SCO.US,60,20210614,180000,19.16,19.3,19.157,19.21,76974,0
SCO.US,60,20210614,190000,19.22,19.38,19.1895,19.36,80825,0
SCO.US,60,20210614,200000,19.36,19.46,19.33,19.45,152612,0
SCO.US,60,20210614,210000,19.45,19.48,19.36,19.39,88846,0
SCO.US,60,20210614,220000,19.39,19.41,19.3101,19.32,61342,0
SCO.US,60,20210615,160000,19.06,19.07,18.92,18.93,213373,0
SCO.US,60,20210615,170000,18.9308,19.06,18.91,19.03,183721,0
SCO.US,60,20210615,180000,19.04,19.08,18.99,19.07,108305,0
SCO.US,60,20210615,190000,19.07,19.08,18.9195,18.9195,181274,0
SCO.US,60,20210615,200000,18.92,19,18.85,18.93,304546,0
SCO.US,60,20210615,210000,18.94,18.945,18.83,18.835,240592,0
SCO.US,60,20210615,220000,18.842,18.8499,18.81,18.81,154823,0
SCO.US,60,20210616,160000,18.89,18.9,18.68,18.73,152760,0
SCO.US,60,20210616,170000,18.72,18.855,18.59,18.74,206482,0
SCO.US,60,20210616,180000,18.7,18.7,18.48,18.5399,225380,0
SCO.US,60,20210616,190000,18.53,18.83,18.53,18.79,279309,0
SCO.US,60,20210616,200000,18.8,18.8922,18.785,18.89,122658,0
SCO.US,60,20210616,210000,18.88,18.96,18.73,18.92,352185,0
SCO.US,60,20210616,220000,18.925,18.98,18.85,18.98,166525,0
SCO.US,60,20210617,160000,18.88,19,18.81,18.971,92210,0
SCO.US,60,20210617,170000,18.97,19.11,18.87,19.07,320661,0
SCO.US,60,20210617,180000,19.0812,19.8,19.0463,19.77,525165,0
SCO.US,60,20210617,190000,19.78,20.06,19.6701,19.7622,834248,0
SCO.US,60,20210617,200000,19.78,19.8,19.61,19.63,184744,0
SCO.US,60,20210617,210000,19.62,19.63,19.45,19.47,186916,0
SCO.US,60,20210617,220000,19.47,19.54,19.43,19.54,260346,0
SCO.US,60,20210618,160000,19.7,19.7,19.26,19.2799,317838,0
SCO.US,60,20210618,170000,19.27,19.27,19.08,19.21,470791,0
SCO.US,60,20210618,180000,19.2,19.23,19.135,19.1587,186254,0
SCO.US,60,20210618,190000,19.145,19.35,19.145,19.34,231887,0
SCO.US,60,20210618,200000,19.31,19.35,19.26,19.26,69316,0
SCO.US,60,20210618,210000,19.27,19.33,19.25,19.2892,94258,0
SCO.US,60,20210618,220000,19.28,19.33,19.255,19.31,162771,0
SCO.US,60,20210621,160000,19.28,19.33,19.16,19.21,323317,0
SCO.US,60,20210621,170000,19.2,19.2,18.73,18.87,428856,0
SCO.US,60,20210621,180000,18.86,18.93,18.6613,18.67,204759,0
SCO.US,60,20210621,190000,18.66,18.68,18.59,18.63,273050,0
SCO.US,60,20210621,200000,18.63,18.69,18.56,18.5894,242122,0
SCO.US,60,20210621,210000,18.59,18.67,18.5582,18.58,158615,0
SCO.US,60,20210621,220000,18.57,18.6013,18.56,18.58,135796,0
SCO.US,60,20210622,160000,18.6,18.72,18.4799,18.52,236519,0
SCO.US,60,20210622,170000,18.515,18.63,18.3735,18.5,270075,0
SCO.US,60,20210622,180000,18.52,18.635,18.5,18.56,177431,0
SCO.US,60,20210622,190000,18.56,18.65,18.53,18.6,103541,0
SCO.US,60,20210622,200000,18.59,18.62,18.54,18.57,68417,0
SCO.US,60,20210622,210000,18.58,18.6,18.4401,18.46,166447,0
SCO.US,60,20210622,220000,18.46,18.49,18.44,18.47,180552,0
SCO.US,60,20210623,160000,18,18.02,17.9,18.01,371879,0
SCO.US,60,20210623,170000,18.02,18.1,17.92,18.09,275532,0
SCO.US,60,20210623,180000,18.07,18.16,18.0501,18.12,119447,0
SCO.US,60,20210623,190000,18.13,18.27,18.07,18.27,117091,0
SCO.US,60,20210623,200000,18.27,18.285,18.22,18.25,115319,0
SCO.US,60,20210623,210000,18.24,18.34,18.23,18.283,138271,0
SCO.US,60,20210623,220000,18.285,18.29,18.21,18.24,100364,0
SCO.US,60,20210624,160000,18.44,18.4892,18.32,18.38,118109,0
SCO.US,60,20210624,170000,18.3401,18.41,18.14,18.16,140716,0
SCO.US,60,20210624,180000,18.15,18.25,18.11,18.19,93180,0
SCO.US,60,20210624,190000,18.18,18.28,18.18,18.21,76085,0
SCO.US,60,20210624,200000,18.22,18.24,18.14,18.16,52672,0
SCO.US,60,20210624,210000,18.15,18.19,18.09,18.165,65076,0
SCO.US,60,20210624,220000,18.16,18.17,18.11,18.14,130884,0
SCO.US,60,20210625,160000,18.01,18.12,18,18.0599,119743,0
SCO.US,60,20210625,170000,18.06,18.42,17.96,17.99,411664,0
SCO.US,60,20210625,180000,17.98,18.01,17.88,17.88,119104,0
SCO.US,60,20210625,190000,17.89,17.9,17.835,17.875,145018,0
SCO.US,60,20210625,200000,17.86,17.89,17.83,17.8697,82299,0
SCO.US,60,20210625,210000,17.89,17.915,17.82,17.905,96897,0
SCO.US,60,20210625,220000,17.89,17.91,17.85,17.86,68879,0
SCO.US,60,20210628,160000,17.98,18.25,17.97,18.14,223715,0
SCO.US,60,20210628,170000,18.15,18.28,18.09,18.1,172304,0
SCO.US,60,20210628,180000,18.12,18.2999,18.1,18.25,109505,0
SCO.US,60,20210628,190000,18.2699,18.3799,18.2,18.302,133128,0
SCO.US,60,20210628,200000,18.315,18.4292,18.3,18.3417,87298,0
SCO.US,60,20210628,210000,18.35,18.37,18.25,18.35,48234,0
SCO.US,60,20210628,220000,18.35,18.35,18.2801,18.31,123012,0
SCO.US,60,20210629,160000,18.04,18.09,17.89,18.05,145113,0
SCO.US,60,20210629,170000,18.0733,18.17,18.06,18.1292,70742,0
SCO.US,60,20210629,180000,18.091,18.19,18.05,18.11,79805,0
SCO.US,60,20210629,190000,18.1,18.28,18.09,18.2601,71625,0
SCO.US,60,20210629,200000,18.26,18.3,18.1706,18.3,63977,0
SCO.US,60,20210629,210000,18.31,18.36,18.17,18.17,66163,0
SCO.US,60,20210629,220000,18.17,18.17,18.0497,18.06,90888,0
SCO.US,60,20210630,160000,18.04,18.11,17.9587,17.97,114646,0
SCO.US,60,20210630,170000,17.96,18.12,17.74,18.12,260247,0
SCO.US,60,20210630,180000,18.1591,18.27,18.06,18.11,336900,0
SCO.US,60,20210630,190000,18.12,18.12,17.875,17.89,139336,0
SCO.US,60,20210630,200000,17.879,17.99,17.825,17.98,75162,0
SCO.US,60,20210630,210000,17.98,18.15,17.98,18.1,70889,0
SCO.US,60,20210630,220000,18.095,18.14,18.095,18.11,64043,0
SCO.US,60,20210701,160000,17.23,17.32,17.11,17.27,421811,0
SCO.US,60,20210701,170000,17.27,17.63,17.22,17.58,602851,0
SCO.US,60,20210701,180000,17.58,17.78,17.547,17.64,242478,0
SCO.US,60,20210701,190000,17.64,17.6699,17.515,17.56,182907,0
SCO.US,60,20210701,200000,17.55,17.68,17.38,17.64,429723,0
SCO.US,60,20210701,210000,17.655,17.72,17.42,17.6,274666,0
SCO.US,60,20210701,220000,17.59,17.73,17.59,17.63,172050,0
SCO.US,60,20210702,160000,17.71,17.74,17.6,17.67,109693,0
SCO.US,60,20210702,170000,17.67,17.83,17.605,17.67,163997,0
SCO.US,60,20210702,180000,17.64,17.65,17.455,17.51,283465,0
SCO.US,60,20210702,190000,17.53,17.6,17.4863,17.4882,125656,0
SCO.US,60,20210702,200000,17.48,17.54,17.44,17.5,77589,0
SCO.US,60,20210702,210000,17.51,17.51,17.35,17.36,138295,0
SCO.US,60,20210702,220000,17.36,17.41,17.33,17.39,171294,0
SCO.US,60,20210706,160000,17.63,17.88,17.59,17.59,813981,0
SCO.US,60,20210706,170000,17.6,18.15,17.6,18.08,1083751,0
SCO.US,60,20210706,180000,18.09,18.4,18.02,18.31,442089,0
SCO.US,60,20210706,190000,18.33,18.52,18.315,18.4196,549215,0
SCO.US,60,20210706,200000,18.42,18.45,18.28,18.297,144175,0
SCO.US,60,20210706,210000,18.3,18.42,18.24,18.245,353756,0
SCO.US,60,20210706,220000,18.24,18.2899,18.08,18.11,94835,0
SCO.US,60,20210707,160000,18.1,18.29,17.9199,18.25,93397,0
SCO.US,60,20210707,170000,18.24,19.31,18.24,18.93,710487,0
SCO.US,60,20210707,180000,18.94,19.16,18.76,19.16,156676,0
SCO.US,60,20210707,190000,19.13,19.15,18.79,18.8497,212696,0
SCO.US,60,20210707,200000,18.8401,18.98,18.8,18.89,125955,0
SCO.US,60,20210707,210000,18.91,18.935,18.72,18.9001,76739,0
SCO.US,60,20210707,220000,18.895,19.05,18.86,19,234509,0
SCO.US,60,20210708,160000,18.95,19.25,18.84,19.05,217323,0
SCO.US,60,20210708,170000,19.07,19.11,18.8102,19.0427,149964,0
SCO.US,60,20210708,180000,19.03,19.04,18.55,18.6624,244638,0
SCO.US,60,20210708,190000,18.65,18.73,18.53,18.57,171052,0
SCO.US,60,20210708,200000,18.5689,18.74,18.55,18.65,49066,0
SCO.US,60,20210708,210000,18.62,18.63,18.37,18.4,161533,0
SCO.US,60,20210708,220000,18.43,18.45,18.34,18.35,147948,0
SCO.US,60,20210709,160000,18.01,18.03,17.81,17.84,133015,0
SCO.US,60,20210709,170000,17.83,17.83,17.69,17.7,151943,0
SCO.US,60,20210709,180000,17.69,17.76,17.63,17.7001,86278,0
SCO.US,60,20210709,190000,17.71,17.84,17.7,17.7,98761,0
SCO.US,60,20210709,200000,17.68,17.76,17.66,17.69,24052,0
SCO.US,60,20210709,210000,17.68,17.72,17.61,17.67,75742,0
SCO.US,60,20210709,220000,17.6599,17.72,17.6399,17.7,98175,0
