<TICKER>,<PER>,<DATE>,<TIME>,<OPEN>,<HIGH>,<LOW>,<CLOSE>,<VOL>,<OPENINT>
TAXF.US,60,20200914,170000,53.414,53.414,53.414,53.414,471,0
TAXF.US,60,20200914,180000,53.382,53.382,53.292,53.292,4132,0
TAXF.US,60,20200914,210000,53.392,53.398,53.392,53.398,1001,0
TAXF.US,60,20200914,220000,53.352,53.352,53.352,53.352,128,0
TAXF.US,60,20200915,160000,53.302,53.302,53.302,53.302,190,0
TAXF.US,60,20200915,180000,53.422,53.422,53.422,53.422,200,0
TAXF.US,60,20200915,210000,53.353,53.432,53.353,53.377,2285,0
TAXF.US,60,20200915,220000,53.432,53.452,53.432,53.452,1598,0
TAXF.US,60,20200916,200000,53.462,53.462,53.367,53.432,4787,0
TAXF.US,60,20200916,210000,53.398,53.442,53.398,53.437,357,0
TAXF.US,60,20200917,180000,53.442,53.482,53.442,53.482,652,0
TAXF.US,60,20200917,200000,53.421,53.421,53.421,53.421,728,0
TAXF.US,60,20200917,210000,53.398,53.398,53.398,53.398,176,0
TAXF.US,60,20200918,170000,53.442,53.442,53.442,53.442,100,0
TAXF.US,60,20200918,220000,53.432,53.44,53.375,53.432,2808,0
TAXF.US,60,20200921,160000,53.502,53.502,53.459,53.459,402,0
TAXF.US,60,20200921,180000,53.452,53.452,53.452,53.452,365,0
TAXF.US,60,20200921,210000,53.397,53.452,53.397,53.452,1415,0
TAXF.US,60,20200921,220000,53.352,53.452,53.302,53.442,2995,0
TAXF.US,60,20200922,160000,53.482,53.482,53.442,53.482,897,0
TAXF.US,60,20200922,190000,53.462,53.492,53.462,53.492,206,0
TAXF.US,60,20200922,220000,53.432,53.432,53.332,53.332,1204,0
TAXF.US,60,20200923,170000,53.395,53.395,53.395,53.395,186,0
TAXF.US,60,20200923,210000,53.418,53.418,53.418,53.418,610,0
TAXF.US,60,20200923,220000,53.402,53.402,53.402,53.402,195,0
TAXF.US,60,20200924,170000,53.502,53.502,53.502,53.502,934,0
TAXF.US,60,20200924,180000,53.502,53.502,53.502,53.502,186,0
TAXF.US,60,20200924,210000,53.442,53.492,53.442,53.461,1308,0
TAXF.US,60,20200925,190000,53.432,53.432,53.432,53.432,372,0
TAXF.US,60,20200925,200000,53.482,53.482,53.402,53.422,2772,0
TAXF.US,60,20200925,210000,53.454,53.454,53.454,53.454,326,0
TAXF.US,60,20200928,180000,53.425,53.425,53.425,53.425,452,0
TAXF.US,60,20200928,200000,53.392,53.44,53.377,53.44,913,0
TAXF.US,60,20200928,210000,53.425,53.425,53.425,53.425,928,0
TAXF.US,60,20200929,200000,53.412,53.412,53.412,53.412,302,0
TAXF.US,60,20200929,210000,53.44,53.44,53.424,53.424,481,0
TAXF.US,60,20200930,160000,53.432,53.432,53.404,53.404,397,0
TAXF.US,60,20200930,170000,53.432,53.432,53.432,53.432,502,0
TAXF.US,60,20200930,180000,53.412,53.422,53.412,53.417,702,0
TAXF.US,60,20200930,190000,53.382,53.382,53.382,53.382,242,0
TAXF.US,60,20200930,210000,53.387,53.387,53.387,53.387,206,0
TAXF.US,60,20200930,220000,53.373,53.373,53.373,53.373,459,0
TAXF.US,60,20201001,160000,53.402,53.402,53.402,53.402,527,0
TAXF.US,60,20201001,180000,53.359,53.402,53.359,53.402,1009,0
TAXF.US,60,20201001,190000,53.352,53.352,53.272,53.292,5911,0
TAXF.US,60,20201001,220000,53.372,53.372,53.372,53.372,466,0
TAXF.US,60,20201002,160000,53.314,53.314,53.314,53.314,373,0
TAXF.US,60,20201002,210000,53.321,53.351,53.321,53.351,602,0
TAXF.US,60,20201005,160000,53.322,53.322,53.322,53.322,100,0
TAXF.US,60,20201005,170000,53.312,53.312,53.312,53.312,100,0
TAXF.US,60,20201005,200000,53.312,53.312,53.312,53.312,184,0
TAXF.US,60,20201005,210000,53.307,53.312,53.307,53.312,1151,0
TAXF.US,60,20201005,220000,53.302,53.302,53.302,53.302,200,0
TAXF.US,60,20201006,190000,53.292,53.299,53.292,53.299,580,0
TAXF.US,60,20201006,200000,53.264,53.264,53.264,53.264,1876,0
TAXF.US,60,20201006,220000,53.282,53.282,53.282,53.282,505,0
TAXF.US,60,20201007,180000,53.226,53.226,53.226,53.226,295,0
TAXF.US,60,20201007,210000,53.202,53.202,53.202,53.202,401,0
TAXF.US,60,20201008,170000,53.222,53.222,53.222,53.222,100,0
TAXF.US,60,20201008,190000,53.222,53.222,53.222,53.222,100,0
TAXF.US,60,20201009,160000,53.183,53.212,53.183,53.212,805,0
TAXF.US,60,20201009,180000,53.237,53.252,53.232,53.232,1083,0
TAXF.US,60,20201009,190000,53.192,53.227,53.112,53.112,1370,0
TAXF.US,60,20201009,200000,53.232,53.252,53.194,53.194,3440,0
TAXF.US,60,20201012,160000,53.152,53.152,53.144,53.144,301,0
TAXF.US,60,20201012,190000,53.232,53.232,53.232,53.232,232,0
TAXF.US,60,20201012,210000,53.182,53.182,53.146,53.182,1163,0
TAXF.US,60,20201012,220000,53.222,53.222,53.162,53.162,969,0
TAXF.US,60,20201013,180000,53.241,53.241,53.187,53.187,298,0
TAXF.US,60,20201013,220000,53.172,53.172,53.172,53.172,234,0
TAXF.US,60,20201014,180000,53.262,53.262,53.209,53.209,1499,0
TAXF.US,60,20201014,210000,53.232,53.232,53.232,53.232,1021,0
TAXF.US,60,20201014,220000,53.228,53.272,53.228,53.272,670,0
TAXF.US,60,20201015,180000,53.322,53.322,53.322,53.322,469,0
TAXF.US,60,20201015,210000,53.301,53.301,53.285,53.285,966,0
TAXF.US,60,20201015,220000,53.277,53.277,53.277,53.277,252,0
TAXF.US,60,20201016,170000,53.272,53.402,53.272,53.402,11261,0
TAXF.US,60,20201016,200000,53.282,53.292,53.282,53.292,589,0
TAXF.US,60,20201016,210000,53.252,53.252,53.252,53.252,1974,0
TAXF.US,60,20201019,190000,53.242,53.272,53.242,53.272,1120,0
TAXF.US,60,20201019,200000,53.242,53.242,53.242,53.242,110,0
TAXF.US,60,20201019,220000,53.262,53.269,53.241,53.269,1174,0
TAXF.US,60,20201020,160000,53.202,53.202,53.202,53.202,852,0
TAXF.US,60,20201020,170000,53.242,53.242,53.242,53.242,282,0
TAXF.US,60,20201020,180000,53.252,53.252,53.252,53.252,200,0
TAXF.US,60,20201020,190000,53.242,53.252,53.242,53.252,301,0
TAXF.US,60,20201020,200000,53.236,53.252,53.236,53.252,366,0
TAXF.US,60,20201020,210000,53.262,53.262,53.216,53.216,856,0
TAXF.US,60,20201020,220000,53.196,53.196,53.182,53.182,1447,0
TAXF.US,60,20201021,180000,53.162,53.162,53.162,53.162,401,0
TAXF.US,60,20201021,200000,53.202,53.212,53.202,53.212,250,0
TAXF.US,60,20201021,220000,53.152,53.182,53.152,53.182,310,0
TAXF.US,60,20201022,180000,53.192,53.202,53.192,53.202,244,0
TAXF.US,60,20201022,200000,53.222,53.222,53.202,53.202,11914,0
TAXF.US,60,20201022,210000,53.197,53.232,53.197,53.222,3606,0
TAXF.US,60,20201022,220000,53.222,53.232,53.197,53.197,2786,0
TAXF.US,60,20201023,190000,53.199,53.199,53.199,53.199,180,0
TAXF.US,60,20201023,200000,53.242,53.242,53.242,53.242,401,0
TAXF.US,60,20201023,210000,53.262,53.262,53.262,53.262,1503,0
TAXF.US,60,20201023,220000,53.217,53.262,53.172,53.221,2073,0
TAXF.US,60,20201026,160000,53.246,53.272,53.246,53.272,386,0
TAXF.US,60,20201026,180000,53.282,53.282,53.282,53.282,200,0
TAXF.US,60,20201026,190000,53.282,53.282,53.282,53.282,100,0
TAXF.US,60,20201026,200000,53.27,53.27,53.27,53.27,501,0
TAXF.US,60,20201026,210000,53.292,53.292,53.252,53.252,919,0
TAXF.US,60,20201027,180000,53.272,53.272,53.272,53.272,100,0
TAXF.US,60,20201027,200000,53.252,53.252,53.252,53.252,2069,0
TAXF.US,60,20201028,170000,53.252,53.252,53.252,53.252,200,0
TAXF.US,60,20201028,180000,53.252,53.252,53.252,53.252,200,0
TAXF.US,60,20201028,190000,53.252,53.252,53.252,53.252,400,0
TAXF.US,60,20201028,200000,53.252,53.252,53.242,53.242,1042,0
TAXF.US,60,20201029,160000,53.237,53.282,53.237,53.282,2294,0
TAXF.US,60,20201029,200000,53.242,53.242,53.242,53.242,120,0
TAXF.US,60,20201029,210000,53.242,53.242,53.232,53.232,869,0
TAXF.US,60,20201030,170000,53.212,53.212,53.212,53.212,238,0
TAXF.US,60,20201030,190000,53.233,53.233,53.233,53.233,376,0
TAXF.US,60,20201030,200000,53.212,53.231,53.212,53.231,815,0
TAXF.US,60,20201030,210000,53.211,53.211,53.211,53.211,155,0
TAXF.US,60,20201102,160000,53.171,53.171,53.171,53.171,1672,0
TAXF.US,60,20201102,200000,53.122,53.122,53.122,53.122,9957,0
TAXF.US,60,20201102,210000,53.14,53.14,53.137,53.137,563,0
TAXF.US,60,20201102,220000,53.132,53.132,53.13,53.132,2266,0
TAXF.US,60,20201103,160000,53.102,53.102,53.102,53.102,200,0
TAXF.US,60,20201103,170000,53.162,53.202,53.162,53.202,2820,0
TAXF.US,60,20201103,180000,53.115,53.127,53.115,53.127,1552,0
TAXF.US,60,20201103,190000,53.137,53.137,53.122,53.122,331,0
TAXF.US,60,20201103,200000,53.162,53.162,53.162,53.162,415,0
TAXF.US,60,20201103,220000,53.142,53.169,53.142,53.169,1969,0
TAXF.US,60,20201104,160000,53.402,53.402,53.402,53.402,301,0
TAXF.US,60,20201104,170000,53.402,53.402,53.402,53.402,902,0
TAXF.US,60,20201104,190000,53.457,53.457,53.432,53.457,357,0
TAXF.US,60,20201104,210000,53.462,53.472,53.462,53.47,974,0
TAXF.US,60,20201104,220000,53.462,53.468,53.411,53.411,1308,0
TAXF.US,60,20201105,160000,53.482,53.482,53.412,53.412,4338,0
TAXF.US,60,20201105,170000,53.357,53.357,53.352,53.352,1302,0
TAXF.US,60,20201105,210000,53.402,53.402,53.402,53.402,100,0
TAXF.US,60,20201105,220000,53.402,53.402,53.332,53.363,657,0
TAXF.US,60,20201106,160000,53.372,53.372,53.372,53.372,201,0
TAXF.US,60,20201106,180000,53.458,53.458,53.458,53.458,501,0
TAXF.US,60,20201106,200000,53.482,53.482,53.482,53.482,100,0
TAXF.US,60,20201106,210000,53.44,53.44,53.44,53.44,1269,0
TAXF.US,60,20201106,220000,53.482,53.521,53.452,53.452,4425,0
TAXF.US,60,20201109,160000,53.322,53.322,53.322,53.322,145,0
TAXF.US,60,20201109,170000,53.372,53.377,53.372,53.377,4214,0
TAXF.US,60,20201109,180000,53.387,53.387,53.362,53.362,623,0
TAXF.US,60,20201109,190000,53.367,53.381,53.362,53.381,1137,0
TAXF.US,60,20201109,200000,53.351,53.372,53.351,53.372,701,0
TAXF.US,60,20201109,210000,53.377,53.391,53.377,53.391,1583,0
TAXF.US,60,20201109,220000,53.382,53.382,53.382,53.382,200,0
TAXF.US,60,20201110,190000,53.432,53.432,53.432,53.432,238,0
TAXF.US,60,20201110,210000,53.41,53.41,53.41,53.41,570,0
TAXF.US,60,20201110,220000,53.408,53.434,53.362,53.434,1131,0
TAXF.US,60,20201111,190000,53.433,53.433,53.433,53.433,161,0
TAXF.US,60,20201112,180000,53.512,53.512,53.512,53.512,775,0
TAXF.US,60,20201112,190000,53.542,53.552,53.482,53.482,3506,0
TAXF.US,60,20201112,200000,53.572,53.572,53.572,53.572,100,0
TAXF.US,60,20201112,220000,53.562,53.612,53.562,53.572,9666,0
TAXF.US,60,20201113,160000,53.651,53.651,53.651,53.651,200,0
TAXF.US,60,20201113,180000,53.583,53.631,53.583,53.631,1106,0
TAXF.US,60,20201113,200000,53.587,53.587,53.587,53.587,1032,0
TAXF.US,60,20201113,210000,53.622,53.622,53.587,53.587,650,0
TAXF.US,60,20201113,220000,53.602,53.631,53.587,53.587,1689,0
TAXF.US,60,20201116,190000,53.582,53.582,53.582,53.582,194,0
TAXF.US,60,20201116,210000,53.552,53.641,53.552,53.641,545,0
TAXF.US,60,20201116,220000,53.651,53.651,53.631,53.641,3808,0
TAXF.US,60,20201117,170000,53.666,53.666,53.666,53.666,100,0
TAXF.US,60,20201117,210000,53.671,53.711,53.671,53.706,2388,0
TAXF.US,60,20201117,220000,53.632,53.721,53.632,53.721,701,0
TAXF.US,60,20201118,160000,53.744,53.744,53.744,53.744,109,0
TAXF.US,60,20201118,200000,53.791,53.791,53.781,53.781,1903,0
TAXF.US,60,20201118,220000,53.816,53.821,53.811,53.821,1240,0
TAXF.US,60,20201119,190000,53.921,53.921,53.912,53.921,1689,0
TAXF.US,60,20201119,200000,53.921,53.921,53.921,53.921,200,0
TAXF.US,60,20201119,210000,53.921,53.931,53.921,53.931,613,0
TAXF.US,60,20201119,220000,53.956,53.956,53.956,53.956,148,0
TAXF.US,60,20201120,180000,53.991,53.991,53.991,53.991,301,0
TAXF.US,60,20201120,190000,53.988,53.988,53.988,53.988,200,0
TAXF.US,60,20201120,220000,53.991,54.04,53.991,54.04,758,0
TAXF.US,60,20201123,160000,53.941,54.071,53.941,54.001,726,0
TAXF.US,60,20201123,170000,54.071,54.071,54.006,54.006,927,0
TAXF.US,60,20201123,190000,54.021,54.021,54.021,54.021,925,0
TAXF.US,60,20201123,200000,54.021,54.036,54.021,54.036,902,0
TAXF.US,60,20201123,210000,54.035,54.035,54.035,54.035,925,0
TAXF.US,60,20201123,220000,54.021,54.021,54.021,54.021,100,0
TAXF.US,60,20201124,180000,54.018,54.018,54.018,54.018,501,0
TAXF.US,60,20201124,210000,54.041,54.046,53.997,53.997,1536,0
TAXF.US,60,20201124,220000,53.992,53.992,53.992,53.992,1202,0
TAXF.US,60,20201125,180000,54.046,54.046,54.046,54.046,652,0
TAXF.US,60,20201125,190000,54.046,54.046,54.046,54.046,351,0
TAXF.US,60,20201125,200000,54.05,54.05,54.05,54.05,1406,0
TAXF.US,60,20201127,170000,54.101,54.101,54.101,54.101,175,0
TAXF.US,60,20201127,180000,54.141,54.141,54.141,54.141,200,0
TAXF.US,60,20201127,190000,54.161,54.161,54.141,54.141,1128,0
TAXF.US,60,20201127,200000,54.096,54.096,54.096,54.096,0,0
TAXF.US,60,20201127,220000,54.096,54.096,54.096,54.096,0,0
TAXF.US,60,20201130,200000,54.091,54.091,54.091,54.091,1156,0
TAXF.US,60,20201130,220000,54.15,54.151,54.111,54.151,1529,0
TAXF.US,60,20201201,160000,54.001,54.021,54.001,54.021,1209,0
TAXF.US,60,20201201,170000,54.001,54.001,54.001,54.001,413,0
TAXF.US,60,20201201,180000,53.996,53.996,53.996,53.996,244,0
TAXF.US,60,20201201,220000,53.971,53.971,53.971,53.971,651,0
TAXF.US,60,20201202,210000,53.991,54.001,53.981,53.981,2144,0
TAXF.US,60,20201202,220000,53.99,54.011,53.981,53.991,5375,0
TAXF.US,60,20201203,170000,54.141,54.141,54.141,54.141,221,0
TAXF.US,60,20201203,180000,54.103,54.103,54.103,54.103,200,0
TAXF.US,60,20201203,200000,54.121,54.141,54.101,54.115,1665,0
TAXF.US,60,20201203,210000,54.109,54.109,54.109,54.109,1258,0
TAXF.US,60,20201203,220000,54.101,54.151,54.056,54.082,3317,0
TAXF.US,60,20201204,160000,54.081,54.081,54.081,54.081,1861,0
TAXF.US,60,20201204,200000,54.151,54.151,54.151,54.151,2275,0
TAXF.US,60,20201204,210000,54.146,54.146,54.146,54.146,356,0
TAXF.US,60,20201204,220000,54.168,54.168,54.094,54.094,13841,0
TAXF.US,60,20201207,160000,54.22,54.22,54.161,54.161,379,0
TAXF.US,60,20201207,170000,54.22,54.23,54.22,54.22,801,0
TAXF.US,60,20201207,210000,54.21,54.269,54.21,54.269,5093,0
TAXF.US,60,20201207,220000,54.22,54.22,54.22,54.22,177,0
TAXF.US,60,20201208,160000,54.161,54.161,54.161,54.161,288,0
TAXF.US,60,20201208,170000,54.185,54.185,54.185,54.185,236,0
TAXF.US,60,20201208,190000,54.18,54.201,54.171,54.201,910,0
TAXF.US,60,20201208,210000,54.21,54.24,54.21,54.24,2118,0
TAXF.US,60,20201208,220000,54.285,54.285,54.285,54.285,100,0
TAXF.US,60,20201209,180000,54.28,54.28,54.28,54.28,4208,0
TAXF.US,60,20201209,190000,54.31,54.31,54.31,54.31,1322,0
TAXF.US,60,20201209,200000,54.258,54.258,54.258,54.258,140,0
TAXF.US,60,20201209,220000,54.27,54.3,54.27,54.272,3533,0
TAXF.US,60,20201210,170000,54.34,54.34,54.305,54.305,4007,0
TAXF.US,60,20201210,190000,54.29,54.29,54.29,54.29,286,0
TAXF.US,60,20201210,210000,54.305,54.305,54.305,54.305,2653,0
TAXF.US,60,20201210,220000,54.35,54.35,54.297,54.297,3117,0
TAXF.US,60,20201211,190000,54.38,54.38,54.38,54.38,200,0
TAXF.US,60,20201211,200000,54.38,54.43,54.37,54.41,13742,0
TAXF.US,60,20201211,210000,54.42,54.435,54.42,54.43,4100,0
TAXF.US,60,20201211,220000,54.42,54.47,54.41,54.415,13458,0
TAXF.US,60,20201214,170000,54.43,54.43,54.43,54.43,1543,0
TAXF.US,60,20201214,180000,54.398,54.398,54.398,54.398,124,0
TAXF.US,60,20201214,210000,54.403,54.412,54.403,54.412,1608,0
TAXF.US,60,20201214,220000,54.44,54.46,54.413,54.45,6352,0
TAXF.US,60,20201215,170000,54.42,54.42,54.42,54.42,601,0
TAXF.US,60,20201215,180000,54.415,54.43,54.415,54.43,2755,0
TAXF.US,60,20201215,190000,54.425,54.425,54.425,54.425,498,0
TAXF.US,60,20201215,210000,54.425,54.425,54.425,54.425,100,0
TAXF.US,60,20201215,220000,54.425,54.43,54.405,54.405,9264,0
TAXF.US,60,20201216,160000,54.39,54.39,54.39,54.39,100,0
TAXF.US,60,20201216,180000,54.47,54.47,54.47,54.47,401,0
TAXF.US,60,20201216,190000,54.46,54.46,54.46,54.46,105,0
TAXF.US,60,20201216,200000,54.46,54.47,54.45,54.45,3663,0
TAXF.US,60,20201216,220000,54.47,54.47,54.433,54.433,9786,0
TAXF.US,60,20201217,190000,54.47,54.47,54.455,54.455,600,0
TAXF.US,60,20201217,210000,54.4554,54.4683,54.4554,54.46,1274,0
TAXF.US,60,20201217,220000,54.47,54.51,54.465,54.49,7534,0
TAXF.US,60,20201218,170000,54.495,54.495,54.495,54.495,2000,0
TAXF.US,60,20201218,180000,54.485,54.54,54.485,54.54,446,0
TAXF.US,60,20201218,190000,54.54,54.54,54.54,54.54,300,0
TAXF.US,60,20201218,200000,54.54,54.54,54.515,54.54,800,0
TAXF.US,60,20201218,210000,54.54,54.55,54.4837,54.4837,1109,0
TAXF.US,60,20201218,220000,54.5592,54.59,54.525,54.525,33330,0
TAXF.US,60,20201221,160000,54.56,54.56,54.56,54.56,401,0
TAXF.US,60,20201221,180000,54.5284,54.5284,54.5284,54.5284,200,0
TAXF.US,60,20201221,190000,54.531,54.531,54.531,54.531,200,0
TAXF.US,60,20201221,210000,54.513,54.513,54.513,54.513,7731,0
TAXF.US,60,20201222,160000,54.57,54.57,54.57,54.57,1200,0
TAXF.US,60,20201222,170000,54.57,54.58,54.57,54.58,800,0
TAXF.US,60,20201222,190000,54.57,54.58,54.57,54.58,4507,0
TAXF.US,60,20201222,200000,54.5346,54.5394,54.5346,54.5394,2752,0
TAXF.US,60,20201222,220000,54.59,54.69,54.5218,54.59,14246,0
TAXF.US,60,20201223,160000,54.48,54.48,54.48,54.48,206,0
TAXF.US,60,20201223,180000,54.5245,54.5245,54.5245,54.5245,300,0
TAXF.US,60,20201223,190000,54.5855,54.5855,54.5855,54.5855,141,0
TAXF.US,60,20201223,200000,54.5256,54.5256,54.5256,54.5256,1010,0
TAXF.US,60,20201223,210000,54.5528,54.59,54.5272,54.59,23515,0
TAXF.US,60,20201224,160000,54.52,54.52,54.52,54.52,201,0
TAXF.US,60,20201224,170000,54.556,54.616,54.5501,54.5501,839,0
TAXF.US,60,20201224,190000,54.61,54.61,54.55,54.61,3994,0
TAXF.US,60,20201224,200000,54.61,54.61,54.61,54.61,0,0
TAXF.US,60,20201224,220000,54.61,54.61,54.61,54.61,0,0
TAXF.US,60,20201228,180000,54.5598,54.57,54.5342,54.5342,1495,0
TAXF.US,60,20201228,190000,54.58,54.58,54.58,54.58,200,0
TAXF.US,60,20201228,200000,54.59,54.59,54.59,54.59,200,0
TAXF.US,60,20201228,210000,54.63,54.64,54.63,54.64,200,0
TAXF.US,60,20201228,220000,54.5601,54.64,54.5601,54.64,9331,0
TAXF.US,60,20201229,170000,54.64,54.64,54.64,54.64,1829,0
TAXF.US,60,20201229,180000,54.5945,54.5945,54.5945,54.5945,500,0
TAXF.US,60,20201229,190000,54.5801,54.5993,54.5801,54.5993,658,0
TAXF.US,60,20201229,210000,54.61,54.61,54.61,54.61,136,0
TAXF.US,60,20201229,220000,54.5806,54.619,54.5801,54.619,8220,0
TAXF.US,60,20201230,210000,54.62,54.66,54.62,54.66,526,0
TAXF.US,60,20201230,220000,54.62,54.66,54.62,54.6228,4778,0
TAXF.US,60,20201231,190000,54.645,54.645,54.6353,54.6353,760,0
TAXF.US,60,20201231,210000,54.6133,54.6133,54.6133,54.6133,950,0
TAXF.US,60,20201231,220000,54.645,54.6799,54.6431,54.67,5044,0
TAXF.US,60,20210104,160000,54.63,54.68,54.63,54.68,372,0
TAXF.US,60,20210104,170000,54.645,54.645,54.645,54.645,157,0
TAXF.US,60,20210104,200000,54.67,54.67,54.67,54.67,2627,0
TAXF.US,60,20210104,220000,54.67,54.68,54.6132,54.68,2855,0
TAXF.US,60,20210105,180000,54.71,54.72,54.71,54.72,2000,0
TAXF.US,60,20210105,200000,54.71,54.71,54.71,54.71,200,0
TAXF.US,60,20210105,210000,54.665,54.71,54.665,54.71,1930,0
TAXF.US,60,20210105,220000,54.7,54.76,54.6614,54.6672,11396,0
TAXF.US,60,20210106,160000,54.68,54.68,54.6701,54.6701,486,0
TAXF.US,60,20210106,180000,54.695,54.695,54.67,54.675,6008,0
TAXF.US,60,20210106,210000,54.74,54.74,54.74,54.74,215,0
TAXF.US,60,20210106,220000,54.77,54.78,54.7001,54.74,6011,0
TAXF.US,60,20210107,180000,54.81,54.81,54.78,54.78,555,0
TAXF.US,60,20210107,220000,54.7616,54.7616,54.7097,54.73,2944,0
TAXF.US,60,20210108,160000,54.68,54.68,54.68,54.68,1001,0
TAXF.US,60,20210108,190000,54.72,54.72,54.6876,54.6876,35096,0
TAXF.US,60,20210108,210000,54.7,54.7,54.7,54.7,100,0
TAXF.US,60,20210108,220000,54.6899,54.7,54.6514,54.6514,1973,0
TAXF.US,60,20210111,160000,54.77,54.77,54.77,54.77,278,0
TAXF.US,60,20210111,170000,54.71,54.71,54.71,54.71,101,0
TAXF.US,60,20210111,180000,54.715,54.785,54.715,54.785,1400,0
TAXF.US,60,20210111,190000,54.74,54.77,54.74,54.77,200,0
TAXF.US,60,20210111,200000,54.75,54.75,54.75,54.75,367,0
TAXF.US,60,20210111,210000,54.75,54.75,54.7201,54.7201,1624,0
TAXF.US,60,20210112,180000,54.79,54.85,54.7696,54.8,14686,0
TAXF.US,60,20210112,190000,54.775,54.775,54.7728,54.7728,940,0
TAXF.US,60,20210112,210000,54.81,54.81,54.81,54.81,361,0
TAXF.US,60,20210112,220000,54.8,54.8074,54.8,54.8,800,0
TAXF.US,60,20210113,160000,54.67,54.67,54.67,54.67,165,0
TAXF.US,60,20210113,180000,54.755,54.755,54.755,54.755,555,0
TAXF.US,60,20210113,210000,54.785,54.785,54.68,54.68,2250,0
TAXF.US,60,20210113,220000,54.757,54.81,54.745,54.745,2434,0
TAXF.US,60,20210114,170000,54.76,54.76,54.76,54.76,1065,0
TAXF.US,60,20210114,190000,54.8065,54.8065,54.7848,54.7848,1778,0
TAXF.US,60,20210115,160000,54.84,54.84,54.805,54.805,1041,0
TAXF.US,60,20210115,180000,54.84,54.84,54.84,54.84,379,0
TAXF.US,60,20210115,190000,54.87,54.87,54.8429,54.8429,300,0
TAXF.US,60,20210115,200000,54.85,54.85,54.85,54.85,185,0
TAXF.US,60,20210115,210000,54.771,54.87,54.771,54.87,240,0
TAXF.US,60,20210115,220000,54.86,54.88,54.8104,54.8685,15255,0
TAXF.US,60,20210119,160000,54.88,54.88,54.804,54.804,1351,0
TAXF.US,60,20210119,180000,54.855,54.855,54.855,54.855,565,0
TAXF.US,60,20210119,190000,54.8355,54.855,54.8355,54.855,1246,0
TAXF.US,60,20210119,210000,54.91,54.91,54.89,54.89,2730,0
TAXF.US,60,20210119,220000,54.8489,54.8489,54.8489,54.8489,156,0
TAXF.US,60,20210120,180000,54.8315,54.865,54.8315,54.865,994,0
TAXF.US,60,20210120,190000,54.8544,54.8544,54.8544,54.8544,400,0
TAXF.US,60,20210120,200000,54.91,54.91,54.875,54.875,1550,0
TAXF.US,60,20210120,210000,54.88,54.88,54.88,54.88,290,0
TAXF.US,60,20210120,220000,54.88,54.9,54.77,54.77,8048,0
TAXF.US,60,20210121,160000,54.78,54.78,54.78,54.78,2970,0
TAXF.US,60,20210121,170000,54.82,54.8818,54.811,54.8818,1188,0
TAXF.US,60,20210121,180000,54.82,54.82,54.82,54.82,500,0
TAXF.US,60,20210121,190000,54.8858,54.8858,54.8858,54.8858,100,0
TAXF.US,60,20210121,210000,54.81,54.9499,54.8,54.9499,1929,0
TAXF.US,60,20210121,220000,54.9468,54.9468,54.78,54.81,9366,0
TAXF.US,60,20210122,160000,54.82,54.8994,54.82,54.8994,659,0
TAXF.US,60,20210122,170000,54.8777,54.8899,54.8777,54.8899,1060,0
TAXF.US,60,20210122,180000,54.8899,54.8899,54.8899,54.8899,365,0
TAXF.US,60,20210122,190000,54.8899,54.8899,54.8899,54.8899,365,0
TAXF.US,60,20210122,200000,54.89,54.96,54.8844,54.8844,3131,0
TAXF.US,60,20210122,220000,54.9,54.96,54.9,54.9034,939,0
TAXF.US,60,20210125,160000,55,55,55,55,193,0
TAXF.US,60,20210125,180000,54.9601,54.978,54.9601,54.978,1819,0
TAXF.US,60,20210125,220000,54.95,55.02,54.95,55.02,1864,0
TAXF.US,60,20210126,180000,55.035,55.035,55.035,55.035,1000,0
TAXF.US,60,20210126,190000,55.0134,55.0211,55.0134,55.0211,338,0
TAXF.US,60,20210126,200000,55.04,55.04,55.04,55.04,100,0
TAXF.US,60,20210126,210000,55.08,55.08,55.0514,55.0514,1991,0
TAXF.US,60,20210126,220000,55.0616,55.109,55.0616,55.109,2550,0
TAXF.US,60,20210127,170000,55.1128,55.1128,55.1128,55.1128,250,0
TAXF.US,60,20210127,200000,55.18,55.18,55.175,55.175,422,0
TAXF.US,60,20210127,210000,55.18,55.19,55.18,55.19,3000,0
TAXF.US,60,20210127,220000,55.18,55.19,55.16,55.1876,3947,0
TAXF.US,60,20210128,160000,55.21,55.21,55.21,55.21,152,0
TAXF.US,60,20210128,170000,55.2184,55.2184,55.21,55.21,225,0
TAXF.US,60,20210128,190000,55.21,55.21,55.21,55.21,200,0
TAXF.US,60,20210128,200000,55.21,55.21,55.21,55.21,1700,0
TAXF.US,60,20210128,210000,55.185,55.185,55.185,55.185,133,0
TAXF.US,60,20210128,220000,55.215,55.2299,55.21,55.2299,1576,0
TAXF.US,60,20210129,160000,55.21,55.21,55.1401,55.1401,286,0
TAXF.US,60,20210129,170000,55.2199,55.2199,55.2199,55.2199,100,0
TAXF.US,60,20210129,210000,55.2,55.21,55.145,55.2099,877,0
TAXF.US,60,20210129,220000,55.2083,55.209,55.115,55.115,1122,0
TAXF.US,60,20210201,170000,55.135,55.135,55.1201,55.1201,1680,0
TAXF.US,60,20210201,180000,55.15,55.15,55.15,55.15,2662,0
TAXF.US,60,20210201,190000,55.19,55.19,55.19,55.19,100,0
TAXF.US,60,20210201,200000,55.1935,55.2,55.1665,55.2,13271,0
TAXF.US,60,20210201,210000,55.18,55.18,55.18,55.18,300,0
TAXF.US,60,20210201,220000,55.18,55.19,55.1701,55.18,2346,0
TAXF.US,60,20210202,170000,55.1744,55.1744,55.1744,55.1744,349,0
TAXF.US,60,20210202,180000,55.1918,55.1918,55.16,55.16,1009,0
TAXF.US,60,20210202,190000,55.19,55.1998,55.19,55.19,907,0
TAXF.US,60,20210202,200000,55.1822,55.1822,55.1822,55.1822,900,0
TAXF.US,60,20210202,220000,55.19,55.23,55.1513,55.2,4591,0
TAXF.US,60,20210203,160000,55.171,55.171,55.171,55.171,905,0
TAXF.US,60,20210203,170000,55.1908,55.21,55.1908,55.21,553,0
TAXF.US,60,20210203,180000,55.21,55.21,55.2,55.2,500,0
TAXF.US,60,20210203,200000,55.2,55.21,55.2,55.2,2366,0
TAXF.US,60,20210203,210000,55.2,55.21,55.2,55.21,703,0
TAXF.US,60,20210203,220000,55.2,55.2,55.1029,55.1029,1250,0
TAXF.US,60,20210204,160000,55.215,55.24,55.215,55.215,600,0
TAXF.US,60,20210204,170000,55.2492,55.26,55.2492,55.26,2513,0
TAXF.US,60,20210204,180000,55.2061,55.2061,55.2061,55.2061,351,0
TAXF.US,60,20210204,200000,55.23,55.23,55.23,55.23,102,0
TAXF.US,60,20210204,210000,55.19,55.19,55.19,55.19,174,0
TAXF.US,60,20210204,220000,55.26,55.27,55.2257,55.2257,4809,0
TAXF.US,60,20210205,160000,55.23,55.23,55.2,55.2,2063,0
TAXF.US,60,20210205,170000,55.18,55.29,55.1601,55.22,1993,0
TAXF.US,60,20210205,180000,55.2356,55.2356,55.2356,55.2356,271,0
TAXF.US,60,20210205,190000,55.27,55.27,55.215,55.215,2100,0
TAXF.US,60,20210205,200000,55.2164,55.2164,55.2164,55.2164,157,0
TAXF.US,60,20210205,210000,55.2344,55.247,55.2344,55.244,2605,0
TAXF.US,60,20210205,220000,55.2284,55.32,55.215,55.3,7403,0
TAXF.US,60,20210208,190000,55.2781,55.3025,55.2781,55.3023,777,0
TAXF.US,60,20210208,200000,55.2801,55.349,55.2801,55.315,1610,0
TAXF.US,60,20210208,210000,55.325,55.34,55.315,55.315,1500,0
TAXF.US,60,20210208,220000,55.315,55.3394,55.315,55.3394,3413,0
TAXF.US,60,20210209,170000,55.3214,55.3466,55.3166,55.3166,1944,0
TAXF.US,60,20210209,180000,55.3104,55.3494,55.3021,55.3021,1838,0
TAXF.US,60,20210209,190000,55.34,55.34,55.34,55.34,100,0
TAXF.US,60,20210209,200000,55.3396,55.37,55.3396,55.3506,2208,0
TAXF.US,60,20210209,210000,55.35,55.3879,55.35,55.3879,832,0
TAXF.US,60,20210209,220000,55.3444,55.37,55.33,55.3465,2921,0
TAXF.US,60,20210210,180000,55.3945,55.3945,55.3945,55.3945,200,0
TAXF.US,60,20210210,190000,55.4,55.43,55.4,55.41,2180,0
TAXF.US,60,20210210,200000,55.42,55.42,55.42,55.42,119,0
TAXF.US,60,20210210,210000,55.438,55.4591,55.4221,55.44,13641,0
TAXF.US,60,20210210,220000,55.44,55.45,55.4181,55.45,5467,0
TAXF.US,60,20210211,160000,55.31,55.31,55.31,55.31,1818,0
TAXF.US,60,20210211,180000,55.3815,55.3815,55.3815,55.3815,700,0
TAXF.US,60,20210211,190000,55.39,55.47,55.37,55.37,2700,0
TAXF.US,60,20210211,210000,55.4084,55.469,55.4084,55.469,1430,0
TAXF.US,60,20210211,220000,55.4006,55.47,55.4006,55.47,1355,0
TAXF.US,60,20210212,160000,55.5,55.51,55.5,55.51,320,0
TAXF.US,60,20210212,180000,55.51,55.51,55.5,55.5,200,0
TAXF.US,60,20210212,190000,55.4645,55.4645,55.4645,55.4645,1427,0
TAXF.US,60,20210212,200000,55.5,55.5,55.5,55.5,100,0
TAXF.US,60,20210212,210000,55.4501,55.4501,55.4501,55.4501,1530,0
TAXF.US,60,20210212,220000,55.48,55.5,55.45,55.475,2202,0
TAXF.US,60,20210216,160000,55.5,55.5,55.458,55.4892,622,0
TAXF.US,60,20210216,170000,55.49,55.49,55.47,55.48,2878,0
TAXF.US,60,20210216,180000,55.475,55.475,55.47,55.47,380,0
TAXF.US,60,20210216,190000,55.46,55.4686,55.459,55.46,2310,0
TAXF.US,60,20210216,210000,55.44,55.44,55.372,55.375,2414,0
TAXF.US,60,20210216,220000,55.45,55.45,55.29,55.37,17114,0
TAXF.US,60,20210217,160000,55.35,55.35,55.31,55.31,234,0
TAXF.US,60,20210217,180000,55.35,55.35,55.35,55.35,1718,0
TAXF.US,60,20210217,190000,55.2925,55.3,55.2925,55.3,809,0
TAXF.US,60,20210217,210000,55.33,55.33,55.295,55.295,271,0
TAXF.US,60,20210217,220000,55.33,55.35,55.3,55.35,4137,0
TAXF.US,60,20210218,170000,55.1601,55.2161,55.16,55.2161,2963,0
TAXF.US,60,20210218,200000,55.2097,55.2097,55.2097,55.2097,184,0
TAXF.US,60,20210218,210000,55.1621,55.1621,55.1621,55.1621,125,0
TAXF.US,60,20210218,220000,55.22,55.23,55.18,55.23,2674,0
TAXF.US,60,20210219,160000,55.1185,55.15,55.1185,55.15,334,0
TAXF.US,60,20210219,170000,55.1061,55.13,55.1061,55.13,3437,0
TAXF.US,60,20210219,190000,55.05,55.05,55.05,55.05,125,0
TAXF.US,60,20210219,200000,55.08,55.08,55.055,55.0765,1694,0
TAXF.US,60,20210219,210000,55.079,55.079,54.9901,54.9901,637,0
TAXF.US,60,20210219,220000,55.079,55.08,55.0471,55.08,1766,0
TAXF.US,60,20210222,160000,55.0413,55.138,55.0413,55.13,1315,0
TAXF.US,60,20210222,180000,55.045,55.045,54.98,54.99,700,0
TAXF.US,60,20210222,190000,54.975,55.01,54.97,54.97,3400,0
TAXF.US,60,20210222,200000,54.97,54.97,54.9,54.915,2934,0
TAXF.US,60,20210222,210000,54.95,54.95,54.8513,54.8513,290,0
TAXF.US,60,20210222,220000,54.875,54.875,54.875,54.875,550,0
TAXF.US,60,20210223,180000,54.7393,54.74,54.65,54.65,1166,0
TAXF.US,60,20210223,190000,54.6958,54.6958,54.6958,54.6958,204,0
TAXF.US,60,20210223,200000,54.7233,54.7233,54.7233,54.7233,600,0
TAXF.US,60,20210223,210000,54.6801,54.8,54.6801,54.7988,9562,0
TAXF.US,60,20210223,220000,54.6801,54.79,54.6801,54.78,3449,0
TAXF.US,60,20210224,160000,54.5,54.52,54.5,54.52,355,0
TAXF.US,60,20210224,180000,54.55,54.63,54.55,54.63,1161,0
TAXF.US,60,20210224,190000,54.56,54.56,54.56,54.56,292,0
TAXF.US,60,20210224,200000,54.545,54.589,54.5433,54.589,437,0
TAXF.US,60,20210224,210000,54.5341,54.59,54.5341,54.59,1877,0
TAXF.US,60,20210224,220000,54.58,54.589,54.52,54.52,900,0
TAXF.US,60,20210225,160000,54.49,54.49,54.4045,54.4045,3670,0
TAXF.US,60,20210225,180000,54.455,54.49,54.455,54.46,941,0
TAXF.US,60,20210225,190000,54.465,54.465,54.465,54.465,129,0
TAXF.US,60,20210225,200000,54.415,54.415,54.41,54.41,1004,0
TAXF.US,60,20210225,210000,54.418,54.43,54.41,54.43,375,0
TAXF.US,60,20210225,220000,54.37,54.37,54.3342,54.3342,3129,0
TAXF.US,60,20210226,170000,54.43,54.43,54.3832,54.3832,1281,0
TAXF.US,60,20210226,210000,54.3995,54.45,54.3995,54.4172,1390,0
TAXF.US,60,20210226,220000,54.387,54.49,54.387,54.48,6232,0
TAXF.US,60,20210301,170000,54.335,54.345,54.335,54.345,2728,0
TAXF.US,60,20210301,180000,54.3613,54.3613,54.35,54.35,1049,0
TAXF.US,60,20210301,190000,54.3201,54.37,54.3201,54.36,1364,0
TAXF.US,60,20210301,200000,54.345,54.345,54.345,54.345,100,0
TAXF.US,60,20210301,220000,54.389,54.389,54.355,54.369,2635,0
TAXF.US,60,20210302,160000,54.35,54.35,54.34,54.34,424,0
TAXF.US,60,20210302,180000,54.4,54.4,54.4,54.4,2581,0
TAXF.US,60,20210302,190000,54.3661,54.39,54.3661,54.3757,934,0
TAXF.US,60,20210302,200000,54.4,54.408,54.4,54.408,306,0
TAXF.US,60,20210302,210000,54.41,54.41,54.4,54.4,1234,0
TAXF.US,60,20210302,220000,54.41,54.42,54.4,54.4,1400,0
TAXF.US,60,20210303,160000,54.35,54.35,54.34,54.345,3358,0
TAXF.US,60,20210303,170000,54.28,54.28,54.28,54.28,920,0
TAXF.US,60,20210303,180000,54.273,54.3331,54.24,54.3331,1663,0
TAXF.US,60,20210303,200000,54.355,54.36,54.345,54.345,1000,0
TAXF.US,60,20210303,210000,54.3599,54.3599,54.23,54.31,5863,0
TAXF.US,60,20210303,220000,54.3372,54.39,54.2544,54.31,1475,0
TAXF.US,60,20210304,170000,54.3741,54.3741,54.3741,54.3741,310,0
TAXF.US,60,20210304,190000,54.4,54.4,54.4,54.4,100,0
TAXF.US,60,20210304,200000,54.4,54.4,54.4,54.4,1671,0
TAXF.US,60,20210304,210000,54.35,54.35,54.35,54.35,1610,0
TAXF.US,60,20210304,220000,54.38,54.49,54.38,54.39,10954,0
TAXF.US,60,20210305,160000,54.42,54.42,54.42,54.42,652,0
TAXF.US,60,20210305,170000,54.363,54.363,54.363,54.363,295,0
TAXF.US,60,20210305,180000,54.43,54.43,54.43,54.43,2092,0
TAXF.US,60,20210305,210000,54.45,54.4593,54.3988,54.4593,563,0
TAXF.US,60,20210305,220000,54.38,54.426,54.38,54.426,707,0
TAXF.US,60,20210308,170000,54.48,54.495,54.48,54.495,1600,0
TAXF.US,60,20210308,180000,54.49,54.4984,54.49,54.495,18338,0
TAXF.US,60,20210308,190000,54.495,54.5,54.495,54.5,500,0
TAXF.US,60,20210308,200000,54.4925,54.5,54.4925,54.5,2203,0
TAXF.US,60,20210308,210000,54.41,54.49,54.41,54.485,6888,0
TAXF.US,60,20210308,220000,54.48,54.49,54.43,54.4899,7886,0
TAXF.US,60,20210309,170000,54.511,54.56,54.511,54.55,2468,0
TAXF.US,60,20210309,180000,54.522,54.55,54.521,54.55,1956,0
TAXF.US,60,20210309,190000,54.58,54.59,54.5261,54.5281,10490,0
TAXF.US,60,20210309,200000,54.59,54.6,54.59,54.5941,4038,0
TAXF.US,60,20210309,210000,54.5967,54.5967,54.5967,54.5967,330,0
TAXF.US,60,20210309,220000,54.5901,54.629,54.5263,54.61,7077,0
TAXF.US,60,20210310,190000,54.6069,54.68,54.6069,54.68,1505,0
TAXF.US,60,20210310,210000,54.6306,54.6899,54.6301,54.6301,554,0
TAXF.US,60,20210310,220000,54.6517,54.69,54.6421,54.69,4035,0
TAXF.US,60,20210311,160000,54.62,54.62,54.62,54.62,1001,0
TAXF.US,60,20210311,170000,54.71,54.71,54.6984,54.6984,246,0
TAXF.US,60,20210311,180000,54.715,54.735,54.6997,54.6997,1057,0
TAXF.US,60,20210311,190000,54.74,54.75,54.74,54.75,1114,0
TAXF.US,60,20210311,200000,54.77,54.77,54.77,54.77,200,0
TAXF.US,60,20210311,210000,54.75,54.75,54.73,54.73,484,0
TAXF.US,60,20210311,220000,54.75,54.75,54.7058,54.7058,1150,0
TAXF.US,60,20210312,160000,54.6325,54.6325,54.6289,54.6289,1750,0
TAXF.US,60,20210312,180000,54.6025,54.66,54.5501,54.65,5037,0
TAXF.US,60,20210312,190000,54.65,54.65,54.5861,54.5861,317,0
TAXF.US,60,20210312,200000,54.68,54.68,54.68,54.68,700,0
TAXF.US,60,20210312,210000,54.675,54.675,54.675,54.675,289,0
TAXF.US,60,20210312,220000,54.6601,54.68,54.6113,54.68,3006,0
TAXF.US,60,20210315,170000,54.6993,54.745,54.6993,54.745,1443,0
TAXF.US,60,20210315,180000,54.73,54.73,54.73,54.73,400,0
TAXF.US,60,20210315,190000,54.75,54.7586,54.7355,54.7586,1135,0
TAXF.US,60,20210315,200000,54.7586,54.7586,54.75,54.75,452,0
TAXF.US,60,20210315,210000,54.75,54.75,54.6266,54.685,1337,0
TAXF.US,60,20210316,150000,54.74,54.74,54.74,54.74,703,0
TAXF.US,60,20210316,160000,54.725,54.725,54.725,54.725,400,0
TAXF.US,60,20210316,170000,54.779,54.779,54.74,54.74,282,0
TAXF.US,60,20210316,200000,54.7485,54.7485,54.7461,54.7461,8666,0
TAXF.US,60,20210316,210000,54.75,54.75,54.7281,54.735,4227,0
TAXF.US,60,20210317,170000,54.6221,54.655,54.6221,54.655,419,0
TAXF.US,60,20210317,180000,54.645,54.645,54.645,54.645,457,0
TAXF.US,60,20210317,190000,54.6393,54.67,54.6393,54.67,1112,0
TAXF.US,60,20210317,200000,54.6301,54.65,54.6301,54.64,5100,0
TAXF.US,60,20210317,210000,54.65,54.74,54.65,54.7001,5575,0
TAXF.US,60,20210318,170000,54.47,54.47,54.47,54.47,400,0
TAXF.US,60,20210318,180000,54.55,54.55,54.39,54.39,2477,0
TAXF.US,60,20210318,190000,54.48,54.48,54.48,54.48,400,0
TAXF.US,60,20210318,200000,54.4381,54.51,54.4381,54.51,2303,0
TAXF.US,60,20210318,210000,54.44,54.4895,54.44,54.445,2023,0
TAXF.US,60,20210319,150000,54.38,54.38,54.38,54.38,551,0
TAXF.US,60,20210319,170000,54.43,54.43,54.43,54.43,113,0
TAXF.US,60,20210319,210000,54.425,54.46,54.4025,54.4025,2290,0
TAXF.US,60,20210322,150000,54.42,54.42,54.42,54.42,100,0
TAXF.US,60,20210322,170000,54.4195,54.4749,54.4195,54.4749,610,0
TAXF.US,60,20210322,180000,54.4805,54.4805,54.4805,54.4805,881,0
TAXF.US,60,20210322,190000,54.51,54.51,54.4501,54.4501,600,0
TAXF.US,60,20210322,200000,54.54,54.57,54.4621,54.4621,1874,0
TAXF.US,60,20210322,210000,54.56,54.57,54.54,54.57,600,0
TAXF.US,60,20210323,160000,54.565,54.565,54.565,54.565,1375,0
TAXF.US,60,20210323,190000,54.5761,54.595,54.5761,54.595,448,0
TAXF.US,60,20210323,200000,54.595,54.6184,54.5701,54.5803,1176,0
TAXF.US,60,20210323,210000,54.615,54.62,54.57,54.57,420,0
TAXF.US,60,20210324,150000,54.61,54.61,54.51,54.51,560,0
TAXF.US,60,20210324,170000,54.63,54.6374,54.63,54.6374,300,0
TAXF.US,60,20210324,190000,54.615,54.64,54.615,54.64,1046,0
TAXF.US,60,20210324,200000,54.64,54.649,54.64,54.64,1467,0
TAXF.US,60,20210324,210000,54.65,54.65,54.6031,54.6031,5135,0
TAXF.US,60,20210325,150000,54.71,54.71,54.69,54.69,1300,0
TAXF.US,60,20210325,180000,54.6661,54.6661,54.6637,54.6637,514,0
TAXF.US,60,20210325,190000,54.6676,54.6676,54.63,54.63,1621,0
TAXF.US,60,20210325,200000,54.6281,54.66,54.6281,54.6596,9000,0
TAXF.US,60,20210325,210000,54.577,54.65,54.577,54.5971,2607,0
TAXF.US,60,20210326,160000,54.6017,54.6017,54.6017,54.6017,550,0
TAXF.US,60,20210326,170000,54.6129,54.6129,54.6004,54.6004,386,0
TAXF.US,60,20210326,180000,54.6499,54.6499,54.6499,54.6499,1701,0
TAXF.US,60,20210326,190000,54.65,54.65,54.65,54.65,300,0
TAXF.US,60,20210326,200000,54.65,54.65,54.63,54.63,740,0
TAXF.US,60,20210326,210000,54.64,54.6501,54.63,54.63,5049,0
TAXF.US,60,20210329,170000,54.68,54.68,54.68,54.68,1000,0
TAXF.US,60,20210329,190000,54.655,54.655,54.655,54.655,351,0
TAXF.US,60,20210329,200000,54.6609,54.6609,54.66,54.66,768,0
TAXF.US,60,20210329,210000,54.6401,54.665,54.6401,54.665,841,0
TAXF.US,60,20210329,220000,54.66,54.66,54.66,54.66,714,0
TAXF.US,60,20210330,180000,54.64,54.64,54.6157,54.6157,698,0
TAXF.US,60,20210330,200000,54.655,54.655,54.655,54.655,666,0
TAXF.US,60,20210330,210000,54.68,54.68,54.6352,54.6352,200,0
TAXF.US,60,20210330,220000,54.64,54.6614,54.5415,54.585,61621,0
TAXF.US,60,20210331,170000,54.69,54.71,54.69,54.71,1300,0
TAXF.US,60,20210331,180000,54.655,54.655,54.655,54.655,1107,0
TAXF.US,60,20210331,210000,54.66,54.66,54.6421,54.6421,1140,0
TAXF.US,60,20210331,220000,54.67,54.68,54.6,54.6298,900,0
TAXF.US,60,20210401,170000,54.5585,54.5585,54.5585,54.5585,468,0
TAXF.US,60,20210401,180000,54.555,54.5579,54.5515,54.5515,4892,0
TAXF.US,60,20210401,190000,54.5925,54.5925,54.5925,54.5925,135,0
TAXF.US,60,20210401,210000,54.67,54.67,54.6677,54.669,658,0
TAXF.US,60,20210401,220000,54.69,54.69,54.6181,54.69,3284,0
TAXF.US,60,20210405,160000,54.624,54.624,54.624,54.624,100,0
TAXF.US,60,20210405,170000,54.64,54.6417,54.64,54.6417,1001,0
TAXF.US,60,20210405,180000,54.65,54.65,54.62,54.62,304,0
TAXF.US,60,20210405,190000,54.67,54.6997,54.6401,54.67,1900,0
TAXF.US,60,20210405,200000,54.67,54.69,54.6321,54.65,2062,0
TAXF.US,60,20210405,220000,54.65,54.68,54.575,54.67,14786,0
TAXF.US,60,20210406,170000,54.68,54.68,54.68,54.68,500,0
TAXF.US,60,20210406,180000,54.6524,54.69,54.6524,54.69,1280,0
TAXF.US,60,20210406,210000,54.69,54.69,54.6778,54.6778,378,0
TAXF.US,60,20210406,220000,54.7,54.71,54.69,54.7,3894,0
TAXF.US,60,20210407,170000,54.69,54.7,54.67,54.67,783,0
TAXF.US,60,20210407,190000,54.695,54.695,54.695,54.695,1500,0
TAXF.US,60,20210407,210000,54.715,54.72,54.688,54.688,674,0
TAXF.US,60,20210407,220000,54.7,54.74,54.692,54.74,4082,0
TAXF.US,60,20210408,160000,54.79,54.7986,54.79,54.7986,364,0
TAXF.US,60,20210408,170000,54.79,54.829,54.79,54.815,1384,0
TAXF.US,60,20210408,190000,54.84,54.849,54.84,54.84,364,0
TAXF.US,60,20210408,200000,54.817,54.817,54.817,54.817,210,0
TAXF.US,60,20210408,210000,54.799,54.799,54.799,54.799,357,0
TAXF.US,60,20210408,220000,54.88,54.92,54.791,54.885,6426,0
TAXF.US,60,20210409,170000,54.81,54.81,54.81,54.81,137,0
TAXF.US,60,20210409,180000,54.89,54.89,54.89,54.89,1533,0
TAXF.US,60,20210409,200000,54.875,54.875,54.875,54.875,382,0
TAXF.US,60,20210409,220000,54.8001,54.855,54.8001,54.855,887,0
TAXF.US,60,20210412,160000,54.85,54.8856,54.85,54.85,1841,0
TAXF.US,60,20210412,170000,54.8866,54.8866,54.8705,54.8705,3900,0
TAXF.US,60,20210412,200000,54.89,54.89,54.89,54.89,109,0
TAXF.US,60,20210412,210000,54.91,54.92,54.91,54.92,7732,0
TAXF.US,60,20210412,220000,54.915,54.919,54.91,54.919,1887,0
TAXF.US,60,20210413,170000,54.93,54.93,54.9,54.9,930,0
TAXF.US,60,20210413,180000,54.924,54.94,54.888,54.888,4425,0
TAXF.US,60,20210413,190000,54.9126,54.9126,54.9126,54.9126,750,0
TAXF.US,60,20210413,200000,54.915,54.949,54.915,54.94,2741,0
TAXF.US,60,20210413,210000,54.9444,54.9444,54.9138,54.9138,805,0
TAXF.US,60,20210413,220000,54.9437,54.9437,54.935,54.94,2116,0
TAXF.US,60,20210414,160000,55.01,55.01,55.01,55.01,652,0
TAXF.US,60,20210414,170000,54.985,55.01,54.985,55.01,617,0
TAXF.US,60,20210414,180000,55.01,55.01,55.01,55.01,150,0
TAXF.US,60,20210414,190000,55.05,55.0598,55.02,55.02,1965,0
TAXF.US,60,20210414,200000,55.039,55.06,55.039,55.06,3084,0
TAXF.US,60,20210414,210000,55.05,55.05,55.0401,55.0401,580,0
TAXF.US,60,20210414,220000,55.05,55.06,55.0461,55.05,3577,0
TAXF.US,60,20210415,160000,55.16,55.21,55.1422,55.1561,3351,0
TAXF.US,60,20210415,170000,55.155,55.2199,55.155,55.19,3485,0
TAXF.US,60,20210415,200000,55.2001,55.2001,55.2001,55.2001,190,0
TAXF.US,60,20210415,210000,55.1925,55.24,55.1925,55.2001,13092,0
TAXF.US,60,20210415,220000,55.23,55.24,55.2101,55.23,4950,0
TAXF.US,60,20210416,160000,55.21,55.21,55.179,55.179,432,0
TAXF.US,60,20210416,170000,55.18,55.18,55.179,55.18,1370,0
TAXF.US,60,20210416,190000,55.195,55.22,55.1741,55.1741,7433,0
TAXF.US,60,20210416,220000,55.21,55.21,55.19,55.19,801,0
TAXF.US,60,20210419,170000,55.1501,55.18,55.1501,55.1701,1615,0
TAXF.US,60,20210419,180000,55.19,55.2199,55.19,55.2199,4591,0
TAXF.US,60,20210419,190000,55.1861,55.1861,55.1861,55.1861,125,0
TAXF.US,60,20210419,200000,55.2199,55.2199,55.2,55.2041,8427,0
TAXF.US,60,20210419,210000,55.205,55.205,55.2037,55.205,2235,0
TAXF.US,60,20210419,220000,55.205,55.23,55.175,55.175,4349,0
TAXF.US,60,20210420,170000,55.1894,55.235,55.1894,55.233,5500,0
TAXF.US,60,20210420,180000,55.2333,55.235,55.2333,55.235,332,0
TAXF.US,60,20210420,210000,55.2399,55.2399,55.235,55.235,1211,0
TAXF.US,60,20210420,220000,55.23,55.23,55.175,55.175,1600,0
TAXF.US,60,20210421,160000,55.1,55.1,55.1,55.1,221,0
TAXF.US,60,20210421,170000,55.21,55.21,55.21,55.21,347,0
TAXF.US,60,20210421,180000,55.19,55.19,55.19,55.19,200,0
TAXF.US,60,20210421,190000,55.135,55.19,55.135,55.19,500,0
TAXF.US,60,20210421,200000,55.19,55.2,55.19,55.2,1600,0
TAXF.US,60,20210421,220000,55.14,55.14,55.0701,55.0701,1459,0
TAXF.US,60,20210422,170000,55.2076,55.24,55.185,55.185,2052,0
TAXF.US,60,20210422,190000,55.2,55.22,55.2,55.22,2264,0
TAXF.US,60,20210422,200000,55.23,55.23,55.23,55.23,274,0
TAXF.US,60,20210422,210000,55.2061,55.27,55.2061,55.269,1501,0
TAXF.US,60,20210422,220000,55.28,55.288,55.2,55.288,2724,0
TAXF.US,60,20210423,160000,55.13,55.13,55.13,55.13,153,0
TAXF.US,60,20210423,180000,55.2299,55.27,55.229,55.2699,16548,0
TAXF.US,60,20210423,190000,55.27,55.27,55.2693,55.2693,2020,0
TAXF.US,60,20210423,200000,55.235,55.27,55.235,55.27,910,0
TAXF.US,60,20210423,210000,55.27,55.27,55.221,55.221,1809,0
TAXF.US,60,20210423,220000,55.27,55.27,55.2277,55.2277,2908,0
TAXF.US,60,20210426,160000,55.255,55.26,55.2444,55.26,2360,0
TAXF.US,60,20210426,180000,55.262,55.2696,55.262,55.2696,962,0
TAXF.US,60,20210426,200000,55.23,55.25,55.23,55.25,470,0
TAXF.US,60,20210426,220000,55.231,55.235,55.2,55.235,6356,0
TAXF.US,60,20210427,170000,55.2,55.2599,55.2,55.235,3512,0
TAXF.US,60,20210427,180000,55.21,55.26,55.21,55.25,1822,0
TAXF.US,60,20210427,190000,55.26,55.2602,55.259,55.2602,1482,0
TAXF.US,60,20210427,200000,55.25,55.26,55.25,55.26,2428,0
TAXF.US,60,20210427,210000,55.26,55.26,55.259,55.259,7652,0
TAXF.US,60,20210427,220000,55.25,55.3,55.2345,55.3,9252,0
TAXF.US,60,20210428,160000,55.26,55.26,55.23,55.23,2786,0
TAXF.US,60,20210428,170000,55.2145,55.2145,55.2145,55.2145,362,0
TAXF.US,60,20210428,180000,55.23,55.249,55.23,55.249,920,0
TAXF.US,60,20210428,190000,55.21,55.222,55.21,55.222,1394,0
TAXF.US,60,20210428,210000,55.21,55.226,55.205,55.226,1400,0
TAXF.US,60,20210428,220000,55.255,55.26,55.25,55.25,5400,0
TAXF.US,60,20210429,170000,55.165,55.165,55.15,55.15,3870,0
TAXF.US,60,20210429,180000,55.1247,55.19,55.1,55.19,6196,0
TAXF.US,60,20210429,190000,55.19,55.195,55.12,55.165,2000,0
TAXF.US,60,20210429,200000,55.15,55.17,55.15,55.17,5580,0
TAXF.US,60,20210429,210000,55.15,55.15,55.15,55.15,2746,0
TAXF.US,60,20210429,220000,55.1238,55.1789,55.1238,55.125,7266,0
TAXF.US,60,20210430,160000,55.18,55.18,55.1105,55.15,1532,0
TAXF.US,60,20210430,170000,55.135,55.16,55.135,55.16,2008,0
TAXF.US,60,20210430,180000,55.159,55.16,55.12,55.16,3144,0
TAXF.US,60,20210430,190000,55.16,55.16,55.14,55.16,1678,0
TAXF.US,60,20210430,200000,55.16,55.16,55.148,55.16,2266,0
TAXF.US,60,20210430,210000,55.16,55.16,55.14,55.16,1900,0
TAXF.US,60,20210430,220000,55.16,55.16,55.13,55.16,6404,0
TAXF.US,60,20210503,160000,55.11,55.11,55.05,55.05,698,0
TAXF.US,60,20210503,170000,55.08,55.08,55.08,55.08,300,0
TAXF.US,60,20210503,180000,55.08,55.09,55.08,55.09,666,0
TAXF.US,60,20210503,200000,55.09,55.11,55.09,55.11,462,0
TAXF.US,60,20210503,210000,55.075,55.1,55.075,55.1,480,0
TAXF.US,60,20210503,220000,55.054,55.11,55.054,55.1099,1832,0
TAXF.US,60,20210504,160000,55.06,55.06,55.06,55.06,463,0
TAXF.US,60,20210504,180000,55.12,55.12,55.1199,55.1199,607,0
TAXF.US,60,20210504,190000,55.12,55.12,55.1199,55.1199,300,0
TAXF.US,60,20210504,200000,55.1,55.12,55.1,55.12,2650,0
TAXF.US,60,20210504,210000,55.12,55.12,55.1041,55.1041,1418,0
TAXF.US,60,20210504,220000,55.08,55.1114,55.08,55.08,2264,0
TAXF.US,60,20210505,160000,55.05,55.05,55.05,55.05,240,0
TAXF.US,60,20210505,170000,55.12,55.12,55.12,55.12,100,0
TAXF.US,60,20210505,200000,55.105,55.115,55.105,55.115,254,0
TAXF.US,60,20210505,210000,55.1399,55.14,55.1081,55.1081,2344,0
TAXF.US,60,20210505,220000,55.14,55.14,55.0801,55.081,5653,0
TAXF.US,60,20210506,180000,55.16,55.16,55.16,55.16,300,0
TAXF.US,60,20210506,210000,55.1575,55.1575,55.1575,55.1575,725,0
TAXF.US,60,20210506,220000,55.149,55.149,55.111,55.111,1588,0
TAXF.US,60,20210507,170000,55.164,55.22,55.164,55.22,859,0
TAXF.US,60,20210507,190000,55.2,55.21,55.2,55.204,532,0
TAXF.US,60,20210507,200000,55.205,55.21,55.2,55.21,607,0
TAXF.US,60,20210507,220000,55.2299,55.2299,55.167,55.185,7188,0
TAXF.US,60,20210510,180000,55.2,55.2399,55.195,55.228,1600,0
TAXF.US,60,20210510,190000,55.22,55.22,55.22,55.22,7800,0
TAXF.US,60,20210510,200000,55.215,55.22,55.215,55.2178,1796,0
TAXF.US,60,20210510,220000,55.21,55.21,55.175,55.175,1272,0
TAXF.US,60,20210511,160000,55.14,55.15,55.12,55.12,3700,0
TAXF.US,60,20210511,170000,55.12,55.12,55.12,55.12,100,0
TAXF.US,60,20210511,180000,55.165,55.17,55.09,55.17,3325,0
TAXF.US,60,20210511,190000,55.16,55.17,55.16,55.16,2050,0
TAXF.US,60,20210511,210000,55.153,55.17,55.135,55.17,1182,0
TAXF.US,60,20210511,220000,55.18,55.18,55.145,55.18,2169,0
TAXF.US,60,20210512,160000,55.03,55.031,55.03,55.031,572,0
TAXF.US,60,20210512,170000,55.117,55.117,55.117,55.117,117,0
TAXF.US,60,20210512,180000,55.13,55.13,55.13,55.13,200,0
TAXF.US,60,20210512,200000,55.115,55.115,55.115,55.115,230,0
TAXF.US,60,20210512,210000,55.13,55.17,55.0801,55.0801,10927,0
TAXF.US,60,20210512,220000,55.125,55.13,55.0897,55.0897,1305,0
TAXF.US,60,20210513,170000,55.1,55.1,55.0119,55.0879,10803,0
TAXF.US,60,20210513,180000,55.079,55.079,55.079,55.079,405,0
TAXF.US,60,20210513,190000,55.11,55.11,55.1099,55.1099,1580,0
TAXF.US,60,20210513,220000,55.01,55.135,55.01,55.1123,4453,0
TAXF.US,60,20210514,160000,55.095,55.17,55.095,55.16,2768,0
TAXF.US,60,20210514,170000,55.124,55.124,55.124,55.124,1160,0
TAXF.US,60,20210514,180000,55.0988,55.105,55.0988,55.105,2055,0
TAXF.US,60,20210514,200000,55.079,55.079,55.079,55.079,870,0
TAXF.US,60,20210514,210000,55.16,55.19,55.075,55.075,3762,0
TAXF.US,60,20210514,220000,55.18,55.2,55.05,55.05,3545,0
TAXF.US,60,20210517,160000,55.19,55.19,55.19,55.19,245,0
TAXF.US,60,20210517,190000,55.17,55.17,55.17,55.17,200,0
TAXF.US,60,20210517,200000,55.17,55.17,55.17,55.17,900,0
TAXF.US,60,20210517,210000,55.175,55.175,55.175,55.175,217,0
TAXF.US,60,20210517,220000,55.19,55.19,55.1505,55.1505,2557,0
TAXF.US,60,20210518,170000,55.18,55.18,55.18,55.18,200,0
TAXF.US,60,20210518,180000,55.185,55.185,55.185,55.185,227,0
TAXF.US,60,20210518,190000,55.1801,55.19,55.18,55.18,1620,0
TAXF.US,60,20210518,200000,55.1801,55.1801,55.1801,55.1801,100,0
TAXF.US,60,20210518,210000,55.19,55.2005,55.18,55.1801,3515,0
TAXF.US,60,20210518,220000,55.195,55.23,55.18,55.2,17152,0
TAXF.US,60,20210519,160000,55.2,55.2,55.145,55.195,1814,0
TAXF.US,60,20210519,170000,55.2,55.205,55.2,55.205,250,0
TAXF.US,60,20210519,180000,55.195,55.215,55.195,55.215,538,0
TAXF.US,60,20210519,190000,55.16,55.16,55.16,55.16,200,0
TAXF.US,60,20210519,200000,55.1601,55.19,55.1601,55.19,658,0
TAXF.US,60,20210519,210000,55.16,55.16,55.12,55.12,1426,0
TAXF.US,60,20210519,220000,55.12,55.16,55.12,55.16,1151,0
TAXF.US,60,20210520,160000,55.19,55.19,55.19,55.19,160,0
TAXF.US,60,20210520,180000,55.2195,55.2195,55.2195,55.2195,172,0
TAXF.US,60,20210520,190000,55.2,55.2,55.2,55.2,272,0
TAXF.US,60,20210520,200000,55.1881,55.1881,55.1881,55.1881,181,0
TAXF.US,60,20210520,210000,55.205,55.2203,55.1969,55.1969,5694,0
TAXF.US,60,20210520,220000,55.21,55.21,55.18,55.18,304,0
TAXF.US,60,20210521,170000,55.25,55.25,55.23,55.23,281,0
TAXF.US,60,20210521,190000,55.2341,55.2341,55.2341,55.2341,103,0
TAXF.US,60,20210521,200000,55.25,55.27,55.245,55.27,843,0
TAXF.US,60,20210521,210000,55.22,55.24,55.22,55.2201,2224,0
TAXF.US,60,20210521,220000,55.22,55.2201,55.12,55.12,1116,0
TAXF.US,60,20210524,160000,55.25,55.2596,55.25,55.25,1800,0
TAXF.US,60,20210524,170000,55.195,55.195,55.13,55.13,2311,0
TAXF.US,60,20210524,180000,55.2,55.26,55.13,55.26,4750,0
TAXF.US,60,20210524,190000,55.21,55.27,55.16,55.26,4681,0
TAXF.US,60,20210524,200000,55.225,55.23,55.225,55.23,675,0
TAXF.US,60,20210524,210000,55.2,55.2883,55.2,55.28,6437,0
TAXF.US,60,20210524,220000,55.12,55.27,55.12,55.27,690,0
TAXF.US,60,20210525,160000,55.29,55.295,55.29,55.295,281,0
TAXF.US,60,20210525,170000,55.29,55.32,55.29,55.32,1543,0
TAXF.US,60,20210525,180000,55.31,55.32,55.31,55.31,1740,0
TAXF.US,60,20210525,200000,55.31,55.31,55.305,55.305,300,0
TAXF.US,60,20210525,220000,55.31,55.33,55.305,55.305,2082,0
TAXF.US,60,20210526,180000,55.34,55.34,55.34,55.34,200,0
TAXF.US,60,20210526,190000,55.35,55.36,55.3301,55.345,805,0
TAXF.US,60,20210526,200000,55.345,55.35,55.335,55.3373,1132,0
TAXF.US,60,20210526,210000,55.34,55.34,55.3341,55.3341,2129,0
TAXF.US,60,20210526,220000,55.37,55.42,55.35,55.39,17663,0
TAXF.US,60,20210527,170000,55.3321,55.38,55.3321,55.37,4726,0
TAXF.US,60,20210527,180000,55.355,55.355,55.355,55.355,1709,0
TAXF.US,60,20210527,190000,55.359,55.359,55.355,55.355,2248,0
TAXF.US,60,20210527,200000,55.36,55.36,55.36,55.36,300,0
TAXF.US,60,20210527,210000,55.37,55.37,55.36,55.37,300,0
TAXF.US,60,20210527,220000,55.365,55.37,55.36,55.37,3126,0
TAXF.US,60,20210528,170000,55.3931,55.3931,55.3931,55.3931,1800,0
TAXF.US,60,20210528,180000,55.3999,55.3999,55.37,55.38,2396,0
TAXF.US,60,20210528,190000,55.385,55.385,55.385,55.385,137,0
TAXF.US,60,20210528,200000,55.37,55.37,55.37,55.37,190,0
TAXF.US,60,20210528,210000,55.375,55.375,55.375,55.375,143,0
TAXF.US,60,20210528,220000,55.37,55.37,55.345,55.37,5520,0
TAXF.US,60,20210601,170000,55.32,55.32,55.32,55.32,114,0
TAXF.US,60,20210601,180000,55.32,55.32,55.32,55.32,300,0
TAXF.US,60,20210601,190000,55.35,55.35,55.33,55.33,1795,0
TAXF.US,60,20210601,210000,55.35,55.35,55.35,55.35,271,0
TAXF.US,60,20210601,220000,55.35,55.36,55.33,55.33,3590,0
TAXF.US,60,20210602,170000,55.3917,55.3917,55.3917,55.3917,300,0
TAXF.US,60,20210602,190000,55.33,55.33,55.33,55.33,181,0
TAXF.US,60,20210602,210000,55.3401,55.3401,55.3401,55.3401,123,0
TAXF.US,60,20210602,220000,55.33,55.33,55.3,55.3248,4777,0
TAXF.US,60,20210603,170000,55.389,55.389,55.3,55.345,3277,0
TAXF.US,60,20210603,180000,55.324,55.3787,55.324,55.37,2315,0
TAXF.US,60,20210603,190000,55.3601,55.3601,55.3601,55.3601,300,0
TAXF.US,60,20210603,200000,55.37,55.37,55.37,55.37,436,0
TAXF.US,60,20210603,210000,55.355,55.38,55.327,55.34,14413,0
TAXF.US,60,20210603,220000,55.317,55.34,55.317,55.34,2578,0
TAXF.US,60,20210604,160000,55.35,55.4189,55.35,55.4189,308,0
TAXF.US,60,20210604,170000,55.4069,55.4069,55.395,55.395,879,0
TAXF.US,60,20210604,180000,55.42,55.43,55.42,55.43,400,0
TAXF.US,60,20210604,190000,55.4477,55.45,55.4477,55.45,400,0
TAXF.US,60,20210604,200000,55.435,55.435,55.435,55.435,216,0
TAXF.US,60,20210604,210000,55.386,55.405,55.386,55.405,3157,0
TAXF.US,60,20210604,220000,55.45,55.46,55.45,55.45,2800,0
TAXF.US,60,20210607,160000,55.44,55.44,55.44,55.44,487,0
TAXF.US,60,20210607,170000,55.3832,55.44,55.3832,55.44,597,0
TAXF.US,60,20210607,180000,55.38,55.38,55.38,55.38,360,0
TAXF.US,60,20210607,200000,55.4001,55.44,55.4,55.435,700,0
TAXF.US,60,20210607,210000,55.44,55.45,55.44,55.45,6866,0
TAXF.US,60,20210607,220000,55.4499,55.4499,55.3,55.31,5219,0
TAXF.US,60,20210608,160000,55.509,55.509,55.44,55.44,444,0
TAXF.US,60,20210608,170000,55.38,55.5086,55.38,55.5086,1300,0
TAXF.US,60,20210608,180000,55.45,55.51,55.433,55.433,3101,0
TAXF.US,60,20210608,190000,55.48,55.5,55.48,55.5,340,0
TAXF.US,60,20210608,200000,55.51,55.51,55.51,55.51,200,0
TAXF.US,60,20210608,210000,55.508,55.51,55.508,55.51,1625,0
TAXF.US,60,20210608,220000,55.48,55.48,55.48,55.48,547,0
TAXF.US,60,20210609,160000,55.6,55.63,55.6,55.63,6495,0
TAXF.US,60,20210609,170000,55.555,55.65,55.555,55.65,3242,0
TAXF.US,60,20210609,190000,55.605,55.62,55.605,55.62,902,0
TAXF.US,60,20210609,210000,55.625,55.625,55.625,55.625,185,0
TAXF.US,60,20210609,220000,55.66,55.68,55.597,55.62,4703,0
TAXF.US,60,20210610,160000,55.67,55.67,55.67,55.67,102,0
TAXF.US,60,20210610,180000,55.6659,55.6659,55.6659,55.6659,296,0
TAXF.US,60,20210610,190000,55.69,55.7,55.69,55.7,1300,0
TAXF.US,60,20210610,200000,55.67,55.67,55.67,55.67,496,0
TAXF.US,60,20210610,210000,55.6541,55.6541,55.6541,55.6541,252,0
TAXF.US,60,20210610,220000,55.71,55.73,55.665,55.7,8135,0
TAXF.US,60,20210611,160000,55.69,55.69,55.69,55.69,203,0
TAXF.US,60,20210611,170000,55.67,55.67,55.652,55.67,1600,0
TAXF.US,60,20210611,180000,55.65,55.65,55.65,55.65,300,0
TAXF.US,60,20210611,200000,55.6384,55.69,55.6384,55.66,5800,0
TAXF.US,60,20210611,210000,55.672,55.6799,55.66,55.66,1603,0
TAXF.US,60,20210611,220000,55.67,55.699,55.656,55.699,7449,0
TAXF.US,60,20210614,170000,55.62,55.6201,55.62,55.6201,418,0
TAXF.US,60,20210614,180000,55.6701,55.68,55.6701,55.68,1266,0
TAXF.US,60,20210614,190000,55.68,55.68,55.67,55.68,5387,0
TAXF.US,60,20210614,210000,55.66,55.67,55.66,55.67,3510,0
TAXF.US,60,20210614,220000,55.6228,55.69,55.6228,55.68,2199,0
TAXF.US,60,20210615,160000,55.71,55.71,55.64,55.685,2600,0
TAXF.US,60,20210615,170000,55.71,55.71,55.69,55.71,800,0
TAXF.US,60,20210615,190000,55.7041,55.7041,55.7041,55.7041,267,0
TAXF.US,60,20210615,200000,55.68,55.68,55.68,55.68,244,0
TAXF.US,60,20210615,220000,55.68,55.74,55.68,55.73,14653,0
TAXF.US,60,20210616,160000,55.56,55.56,55.56,55.56,1500,0
TAXF.US,60,20210616,180000,55.641,55.641,55.64,55.64,358,0
TAXF.US,60,20210616,190000,55.5984,55.5984,55.5984,55.5984,449,0
TAXF.US,60,20210616,210000,55.57,55.57,55.52,55.52,802,0
TAXF.US,60,20210616,220000,55.5199,55.56,55.51,55.525,8038,0
TAXF.US,60,20210617,180000,55.5,55.51,55.5,55.5,5480,0
TAXF.US,60,20210617,190000,55.525,55.525,55.5,55.5,1600,0
TAXF.US,60,20210617,210000,55.54,55.54,55.54,55.54,100,0
TAXF.US,60,20210617,220000,55.54,55.55,55.53,55.53,981,0
TAXF.US,60,20210618,160000,55.55,55.57,55.55,55.569,360,0
TAXF.US,60,20210618,220000,55.515,55.56,55.515,55.56,2351,0
TAXF.US,60,20210621,170000,55.54,55.57,55.4986,55.5273,9607,0
TAXF.US,60,20210621,180000,55.54,55.54,55.54,55.54,282,0
TAXF.US,60,20210621,200000,55.501,55.501,55.5,55.5,318,0
TAXF.US,60,20210621,210000,55.55,55.55,55.55,55.55,1109,0
TAXF.US,60,20210621,220000,55.59,55.6,55.57,55.59,8101,0
TAXF.US,60,20210622,160000,55.5,55.5,55.5,55.5,261,0
TAXF.US,60,20210622,170000,55.51,55.52,55.51,55.52,819,0
TAXF.US,60,20210622,180000,55.52,55.52,55.4496,55.4496,891,0
TAXF.US,60,20210622,200000,55.52,55.52,55.4762,55.4762,525,0
TAXF.US,60,20210622,210000,55.5292,55.5292,55.465,55.465,567,0
TAXF.US,60,20210622,220000,55.431,55.54,55.431,55.54,4287,0
TAXF.US,60,20210623,160000,55.51,55.51,55.48,55.48,1830,0
TAXF.US,60,20210623,170000,55.5,55.5,55.49,55.5,900,0
TAXF.US,60,20210623,180000,55.455,55.455,55.455,55.455,750,0
TAXF.US,60,20210623,190000,55.41,55.41,55.41,55.41,1300,0
TAXF.US,60,20210623,210000,55.39,55.43,55.38,55.43,375,0
TAXF.US,60,20210623,220000,55.439,55.4399,55.439,55.4399,2838,0
TAXF.US,60,20210624,170000,55.398,55.4399,55.3801,55.42,4406,0
TAXF.US,60,20210624,180000,55.42,55.42,55.42,55.42,2211,0
TAXF.US,60,20210624,190000,55.4606,55.4606,55.44,55.445,2375,0
TAXF.US,60,20210624,200000,55.45,55.4592,55.4212,55.4212,1825,0
TAXF.US,60,20210624,220000,55.46,55.46,55.4469,55.4585,2124,0
TAXF.US,60,20210625,170000,55.44,55.44,55.4299,55.4299,1590,0
TAXF.US,60,20210625,180000,55.385,55.385,55.385,55.385,130,0
TAXF.US,60,20210625,190000,55.41,55.42,55.41,55.4199,610,0
TAXF.US,60,20210625,210000,55.4099,55.41,55.4,55.41,1120,0
TAXF.US,60,20210625,220000,55.408,55.41,55.347,55.395,4291,0
TAXF.US,60,20210628,160000,55.42,55.51,55.42,55.49,3932,0
TAXF.US,60,20210628,170000,55.5,55.5,55.5,55.5,100,0
TAXF.US,60,20210628,180000,55.502,55.51,55.44,55.51,1260,0
TAXF.US,60,20210628,190000,55.52,55.52,55.48,55.48,489,0
TAXF.US,60,20210628,200000,55.48,55.505,55.48,55.5,820,0
TAXF.US,60,20210628,210000,55.48,55.48,55.47,55.47,235,0
TAXF.US,60,20210628,220000,55.4521,55.489,55.4521,55.48,1538,0
TAXF.US,60,20210629,160000,55.5,55.5,55.49,55.498,4322,0
TAXF.US,60,20210629,170000,55.5,55.5089,55.475,55.5,1169,0
TAXF.US,60,20210629,190000,55.499,55.499,55.4912,55.4912,234,0
TAXF.US,60,20210629,200000,55.5,55.5,55.499,55.4999,3255,0
TAXF.US,60,20210629,210000,55.499,55.5,55.499,55.499,678,0
TAXF.US,60,20210629,220000,55.47,55.47,55.47,55.47,265,0
TAXF.US,60,20210630,160000,55.52,55.52,55.48,55.52,1112,0
TAXF.US,60,20210630,180000,55.57,55.5795,55.5371,55.54,2455,0
TAXF.US,60,20210630,190000,55.54,55.54,55.54,55.54,100,0
TAXF.US,60,20210630,200000,55.5799,55.5799,55.545,55.545,3410,0
TAXF.US,60,20210630,210000,55.545,55.545,55.545,55.545,400,0
TAXF.US,60,20210630,220000,55.57,55.595,55.57,55.58,10843,0
TAXF.US,60,20210701,160000,55.46,55.46,55.46,55.46,123,0
TAXF.US,60,20210701,170000,55.44,55.44,55.43,55.43,2500,0
TAXF.US,60,20210701,180000,55.425,55.435,55.425,55.435,2500,0
TAXF.US,60,20210701,190000,55.45,55.45,55.45,55.45,300,0
TAXF.US,60,20210701,200000,55.45,55.45,55.45,55.45,400,0
TAXF.US,60,20210701,210000,55.435,55.45,55.421,55.45,2597,0
TAXF.US,60,20210701,220000,55.456,55.456,55.456,55.456,537,0
TAXF.US,60,20210702,160000,55.5199,55.5199,55.5,55.5,950,0
TAXF.US,60,20210702,170000,55.52,55.52,55.51,55.52,1246,0
TAXF.US,60,20210702,200000,55.54,55.5596,55.525,55.525,3673,0
TAXF.US,60,20210702,210000,55.53,55.56,55.53,55.56,796,0
TAXF.US,60,20210702,220000,55.54,55.5899,55.53,55.5899,3332,0
TAXF.US,60,20210706,160000,55.58,55.58,55.58,55.58,200,0
TAXF.US,60,20210706,170000,55.56,55.57,55.55,55.57,2400,0
TAXF.US,60,20210706,180000,55.56,55.56,55.55,55.56,1200,0
TAXF.US,60,20210706,190000,55.58,55.58,55.56,55.56,775,0
TAXF.US,60,20210706,200000,55.57,55.57,55.57,55.57,300,0
TAXF.US,60,20210706,210000,55.57,55.57,55.57,55.57,1595,0
TAXF.US,60,20210706,220000,55.586,55.586,55.57,55.57,1645,0
TAXF.US,60,20210707,160000,55.62,55.62,55.62,55.62,338,0
TAXF.US,60,20210707,170000,55.63,55.64,55.63,55.64,1320,0
TAXF.US,60,20210707,180000,55.639,55.639,55.639,55.639,200,0
TAXF.US,60,20210707,190000,55.639,55.639,55.639,55.639,100,0
TAXF.US,60,20210707,200000,55.61,55.61,55.61,55.61,1250,0
TAXF.US,60,20210707,220000,55.63,55.65,55.6172,55.65,1586,0
TAXF.US,60,20210708,160000,55.775,55.775,55.775,55.775,844,0
TAXF.US,60,20210708,170000,55.79,55.795,55.78,55.795,408,0
TAXF.US,60,20210708,180000,55.765,55.79,55.765,55.79,1000,0
TAXF.US,60,20210708,190000,55.73,55.73,55.73,55.73,1000,0
TAXF.US,60,20210708,210000,55.7292,55.7292,55.7292,55.7292,119,0
TAXF.US,60,20210709,220000,55.72,55.7322,55.72,55.72,2164,0
