<TICKER>,<PER>,<DATE>,<TIME>,<OPEN>,<HIGH>,<LOW>,<CLOSE>,<VOL>,<OPENINT>
UAPR.US,60,20200914,200000,24.5222,24.5898,24.5222,24.5504,1163,0
UAPR.US,60,20200914,210000,24.4901,24.4901,24.4901,24.4901,600,0
UAPR.US,60,20200914,220000,24.5,24.51,24.5,24.51,1000,0
UAPR.US,60,20200915,190000,24.53,24.53,24.5209,24.5209,512,0
UAPR.US,60,20200916,160000,24.51,24.51,24.51,24.51,245,0
UAPR.US,60,20200916,180000,24.55,24.569,24.541,24.569,10026,0
UAPR.US,60,20200916,210000,24.56,24.56,24.56,24.56,1000,0
UAPR.US,60,20200916,220000,24.575,24.575,24.575,24.575,100,0
UAPR.US,60,20200917,160000,24.51,24.52,24.46,24.46,2500,0
UAPR.US,60,20200917,180000,24.49,24.535,24.49,24.535,1003,0
UAPR.US,60,20200921,170000,24.3,24.31,24.3,24.31,200,0
UAPR.US,60,20200921,180000,24.33,24.33,24.33,24.33,100,0
UAPR.US,60,20200921,190000,24.33,24.33,24.33,24.33,129,0
UAPR.US,60,20200921,210000,24.33,24.33,24.33,24.33,117,0
UAPR.US,60,20200921,220000,24.3301,24.3301,24.3301,24.3301,2300,0
UAPR.US,60,20200922,170000,24.45,24.45,24.45,24.45,17016,0
UAPR.US,60,20200924,220000,24.32,24.3531,24.2801,24.3531,7544,0
UAPR.US,60,20200925,190000,24.41,24.42,24.41,24.42,312,0
UAPR.US,60,20200925,200000,24.41,24.419,24.41,24.41,692,0
UAPR.US,60,20200925,210000,24.4195,24.4195,24.4195,24.4195,409,0
UAPR.US,60,20200925,220000,24.41,24.41,24.385,24.385,1019,0
UAPR.US,60,20200928,200000,24.45,24.515,24.45,24.46,1496,0
UAPR.US,60,20200929,160000,24.4601,24.4601,24.4601,24.4601,1300,0
UAPR.US,60,20200930,190000,24.44,24.51,24.44,24.51,2180,0
UAPR.US,60,20201001,200000,24.5405,24.5405,24.49,24.49,3056,0
UAPR.US,60,20201001,220000,24.5398,24.5398,24.5398,24.5398,226,0
UAPR.US,60,20201002,210000,24.45,24.45,24.45,24.45,137,0
UAPR.US,60,20201006,180000,24.5848,24.5848,24.5848,24.5848,552,0
UAPR.US,60,20201006,210000,24.58,24.585,24.58,24.585,6200,0
UAPR.US,60,20201006,220000,24.57,24.57,24.57,24.57,525,0
UAPR.US,60,20201007,180000,24.55,24.55,24.54,24.54,274,0
UAPR.US,60,20201007,210000,24.5501,24.5501,24.5501,24.5501,2390,0
UAPR.US,60,20201007,220000,24.5819,24.59,24.55,24.59,2508,0
UAPR.US,60,20201008,190000,24.577,24.59,24.577,24.59,863,0
UAPR.US,60,20201008,210000,24.575,24.575,24.575,24.575,305,0
UAPR.US,60,20201008,220000,24.59,24.59,24.59,24.59,627,0
UAPR.US,60,20201012,170000,24.7,24.7,24.67,24.68,26444,0
UAPR.US,60,20201013,200000,24.6799,24.68,24.6799,24.68,200,0
UAPR.US,60,20201013,220000,24.6401,24.67,24.6401,24.665,8000,0
UAPR.US,60,20201014,170000,24.7018,24.7018,24.7018,24.7018,2043,0
UAPR.US,60,20201014,190000,24.65,24.67,24.65,24.67,16221,0
UAPR.US,60,20201015,160000,24.7299,24.7299,24.61,24.61,544,0
UAPR.US,60,20201015,220000,24.685,24.685,24.65,24.65,1009,0
UAPR.US,60,20201016,210000,24.66,24.6808,24.66,24.66,2986,0
UAPR.US,60,20201020,190000,24.61,24.61,24.61,24.61,494,0
UAPR.US,60,20201020,210000,24.62,24.62,24.6175,24.6175,310,0
UAPR.US,60,20201020,220000,24.6142,24.655,24.61,24.61,1982,0
UAPR.US,60,20201022,170000,24.71,24.71,24.655,24.655,2731,0
UAPR.US,60,20201026,160000,24.62,24.6259,24.62,24.6259,1000,0
UAPR.US,60,20201028,200000,24.39,24.39,24.39,24.39,382,0
UAPR.US,60,20201029,190000,24.475,24.475,24.475,24.475,210,0
UAPR.US,60,20201029,200000,24.5,24.53,24.5,24.505,3788,0
UAPR.US,60,20201029,210000,24.465,24.465,24.4507,24.46,578,0
UAPR.US,60,20201030,150000,24.33,24.33,24.33,24.33,315,0
UAPR.US,60,20201030,160000,24.42,24.42,24.42,24.42,860,0
UAPR.US,60,20201030,200000,24.39,24.39,24.35,24.36,3305,0
UAPR.US,60,20201030,210000,24.365,24.365,24.365,24.365,100,0
UAPR.US,60,20201102,180000,24.45,24.45,24.45,24.45,5440,0
UAPR.US,60,20201102,200000,24.45,24.45,24.43,24.43,43800,0
UAPR.US,60,20201102,210000,24.4321,24.4321,24.4321,24.4321,1510,0
UAPR.US,60,20201103,170000,24.55,24.55,24.55,24.55,250,0
UAPR.US,60,20201103,200000,24.66,24.66,24.66,24.66,171,0
UAPR.US,60,20201104,210000,24.8,24.8,24.8,24.8,374,0
UAPR.US,60,20201106,180000,24.76,24.76,24.69,24.71,1149,0
UAPR.US,60,20201109,200000,24.82,24.88,24.82,24.88,1172,0
UAPR.US,60,20201110,170000,24.755,24.755,24.755,24.755,187,0
UAPR.US,60,20201110,190000,24.77,24.77,24.77,24.77,537,0
UAPR.US,60,20201110,200000,24.76,24.76,24.76,24.76,1000,0
UAPR.US,60,20201110,220000,24.75,24.75,24.75,24.75,126,0
UAPR.US,60,20201111,180000,24.8,24.8,24.78,24.78,856,0
UAPR.US,60,20201111,220000,24.76,24.8412,24.76,24.78,2611,0
UAPR.US,60,20201112,210000,24.76,24.76,24.74,24.74,1834,0
UAPR.US,60,20201112,220000,24.7385,24.7385,24.7385,24.7385,471,0
UAPR.US,60,20201113,170000,24.78,24.78,24.76,24.78,937,0
UAPR.US,60,20201113,210000,24.8139,24.8139,24.8139,24.8139,2000,0
UAPR.US,60,20201113,220000,24.79,24.79,24.785,24.79,537,0
UAPR.US,60,20201116,170000,24.82,24.82,24.82,24.82,400,0
UAPR.US,60,20201116,180000,24.82,24.85,24.82,24.85,1766,0
UAPR.US,60,20201116,190000,24.82,24.8529,24.82,24.8529,1150,0
UAPR.US,60,20201116,200000,24.8543,24.8543,24.8543,24.8543,540,0
UAPR.US,60,20201116,220000,24.81,24.82,24.805,24.805,826,0
UAPR.US,60,20201117,180000,24.8007,24.8007,24.8007,24.8007,395,0
UAPR.US,60,20201118,170000,24.8728,24.8728,24.8728,24.8728,618,0
UAPR.US,60,20201118,210000,24.81,24.81,24.81,24.81,420,0
UAPR.US,60,20201118,220000,24.8479,24.8479,24.8479,24.8479,250,0
UAPR.US,60,20201120,170000,24.8,24.8,24.8,24.8,597,0
UAPR.US,60,20201120,190000,24.81,24.81,24.81,24.81,11876,0
UAPR.US,60,20201120,210000,24.81,24.81,24.81,24.81,400,0
UAPR.US,60,20201120,220000,24.8,24.8,24.8,24.8,500,0
UAPR.US,60,20201123,160000,24.82,24.82,24.82,24.82,4996,0
UAPR.US,60,20201123,200000,24.8201,24.8201,24.8201,24.8201,2815,0
UAPR.US,60,20201124,170000,24.84,24.859,24.8301,24.84,2000,0
UAPR.US,60,20201124,180000,24.84,24.841,24.84,24.84,965,0
UAPR.US,60,20201124,220000,24.835,24.835,24.835,24.835,135,0
UAPR.US,60,20201125,160000,24.85,24.85,24.845,24.85,633,0
UAPR.US,60,20201125,190000,24.8779,24.8779,24.8779,24.8779,1188,0
UAPR.US,60,20201125,200000,24.86,24.86,24.845,24.845,694,0
UAPR.US,60,20201125,210000,24.85,24.85,24.85,24.85,400,0
UAPR.US,60,20201125,220000,24.85,24.854,24.85,24.85,2401,0
UAPR.US,60,20201127,160000,24.86,24.86,24.86,24.86,522,0
UAPR.US,60,20201127,180000,24.9154,24.9154,24.87,24.87,358,0
UAPR.US,60,20201127,200000,24.8903,24.8903,24.8903,24.8903,0,0
UAPR.US,60,20201127,220000,24.8903,24.8903,24.8903,24.8903,0,0
UAPR.US,60,20201130,170000,24.8401,24.8401,24.8401,24.8401,2187,0
UAPR.US,60,20201130,200000,24.86,24.861,24.85,24.85,7200,0
UAPR.US,60,20201130,210000,24.86,24.86,24.86,24.86,822,0
UAPR.US,60,20201130,220000,24.89,24.89,24.86,24.86,19536,0
UAPR.US,60,20201201,160000,24.93,24.93,24.909,24.93,916,0
UAPR.US,60,20201201,170000,24.94,24.95,24.88,24.88,3222,0
UAPR.US,60,20201201,210000,24.89,24.909,24.89,24.89,2000,0
UAPR.US,60,20201202,220000,24.87,24.87,24.87,24.87,120,0
UAPR.US,60,20201203,170000,24.8701,24.91,24.8701,24.91,4428,0
UAPR.US,60,20201203,180000,24.91,24.91,24.88,24.906,3682,0
UAPR.US,60,20201203,190000,24.89,24.89,24.89,24.89,100,0
UAPR.US,60,20201203,210000,24.906,24.906,24.906,24.906,1158,0
UAPR.US,60,20201203,220000,24.9,24.9,24.87,24.87,2144,0
UAPR.US,60,20201204,160000,24.8915,24.8915,24.8915,24.8915,200,0
UAPR.US,60,20201204,190000,24.88,24.89,24.875,24.89,3450,0
UAPR.US,60,20201204,200000,24.88,24.88,24.87,24.87,4400,0
UAPR.US,60,20201204,210000,24.9483,24.9483,24.89,24.89,584,0
UAPR.US,60,20201207,190000,24.89,24.894,24.89,24.89,400,0
UAPR.US,60,20201207,220000,24.88,24.88,24.88,24.88,143,0
UAPR.US,60,20201208,180000,24.9387,24.9387,24.885,24.885,1100,0
UAPR.US,60,20201209,160000,24.9,24.9,24.9,24.9,271,0
UAPR.US,60,20201209,180000,24.91,24.91,24.9,24.9,22308,0
UAPR.US,60,20201209,200000,24.9,24.9,24.9,24.9,200,0
UAPR.US,60,20201209,210000,24.89,24.89,24.89,24.89,100,0
UAPR.US,60,20201209,220000,24.8898,24.89,24.8794,24.89,6772,0
UAPR.US,60,20201211,160000,24.89,24.89,24.89,24.89,1199,0
UAPR.US,60,20201211,180000,24.87,24.895,24.87,24.895,2582,0
UAPR.US,60,20201211,200000,24.86,24.86,24.84,24.85,2909,0
UAPR.US,60,20201211,220000,24.85,24.85,24.85,24.85,136,0
UAPR.US,60,20201214,160000,24.6901,24.6901,24.6901,24.6901,2000,0
UAPR.US,60,20201214,180000,24.99,24.99,24.99,24.99,135,0
UAPR.US,60,20201215,170000,24.86,24.86,24.86,24.86,200,0
UAPR.US,60,20201215,200000,24.8701,24.871,24.87,24.87,500,0
UAPR.US,60,20201215,220000,24.865,24.865,24.865,24.865,110,0
UAPR.US,60,20201216,160000,24.84,24.84,24.84,24.84,255,0
UAPR.US,60,20201216,170000,24.87,24.87,24.87,24.87,200,0
UAPR.US,60,20201216,210000,24.8933,24.8933,24.8933,24.8933,500,0
UAPR.US,60,20201217,220000,24.9,24.92,24.9,24.92,2157,0
UAPR.US,60,20201218,170000,24.88,24.88,24.88,24.88,200,0
UAPR.US,60,20201218,190000,24.89,24.9007,24.89,24.9007,450,0
UAPR.US,60,20201218,200000,24.9299,24.93,24.905,24.905,980,0
UAPR.US,60,20201218,210000,24.8809,24.891,24.88,24.88,3587,0
UAPR.US,60,20201218,220000,24.88,24.88,24.88,24.88,319,0
UAPR.US,60,20201221,170000,24.82,24.83,24.82,24.83,345,0
UAPR.US,60,20201221,180000,24.85,24.85,24.84,24.85,700,0
UAPR.US,60,20201221,190000,24.94,24.94,24.94,24.94,100,0
UAPR.US,60,20201222,180000,24.91,24.925,24.91,24.925,6400,0
UAPR.US,60,20201222,190000,24.9101,24.9101,24.91,24.91,1135,0
UAPR.US,60,20201222,200000,24.91,24.91,24.908,24.908,2874,0
UAPR.US,60,20201222,210000,24.87,24.87,24.87,24.87,1705,0
UAPR.US,60,20201222,220000,24.88,24.9049,24.87,24.88,2358,0
UAPR.US,60,20201223,170000,24.901,24.92,24.88,24.88,1200,0
UAPR.US,60,20201223,210000,24.9504,24.9504,24.9504,24.9504,1397,0
UAPR.US,60,20201223,220000,24.89,24.89,24.89,24.89,103,0
UAPR.US,60,20201224,170000,24.89,24.89,24.89,24.89,200,0
UAPR.US,60,20201224,180000,24.9519,24.9519,24.9519,24.9519,1000,0
UAPR.US,60,20201224,200000,24.93,24.93,24.93,24.93,0,0
UAPR.US,60,20201224,220000,24.93,24.93,24.93,24.93,0,0
UAPR.US,60,20201228,170000,24.91,24.91,24.91,24.91,100,0
UAPR.US,60,20201230,180000,24.99,24.99,24.92,24.92,5931,0
UAPR.US,60,20201230,210000,24.92,24.92,24.92,24.92,1259,0
UAPR.US,60,20201231,180000,24.93,24.93,24.9256,24.9256,3149,0
UAPR.US,60,20201231,200000,24.9619,24.9619,24.9619,24.9619,1300,0
UAPR.US,60,20201231,210000,24.93,24.9399,24.92,24.9399,2772,0
UAPR.US,60,20201231,220000,24.95,24.95,24.95,24.95,3040,0
UAPR.US,60,20210104,170000,24.97,24.97,24.97,24.97,441,0
UAPR.US,60,20210104,190000,24.95,24.957,24.95,24.957,2800,0
UAPR.US,60,20210104,220000,24.95,24.95,24.91,24.91,630,0
UAPR.US,60,20210105,200000,24.9599,24.9599,24.9599,24.9599,152,0
UAPR.US,60,20210105,220000,24.93,24.93,24.93,24.93,2700,0
UAPR.US,60,20210106,170000,24.9402,24.9402,24.935,24.94,5091,0
UAPR.US,60,20210106,180000,24.965,24.965,24.965,24.965,377,0
UAPR.US,60,20210106,190000,24.95,24.95,24.95,24.95,302,0
UAPR.US,60,20210106,220000,24.93,24.93,24.9202,24.93,1800,0
UAPR.US,60,20210107,180000,24.96,24.9634,24.96,24.9634,1500,0
UAPR.US,60,20210107,210000,24.9864,24.9864,24.9843,24.9843,1085,0
UAPR.US,60,20210107,220000,24.97,24.97,24.97,24.97,300,0
UAPR.US,60,20210108,170000,24.96,24.96,24.96,24.96,200,0
UAPR.US,60,20210108,190000,24.96,24.96,24.96,24.96,490,0
UAPR.US,60,20210108,200000,24.95,24.95,24.95,24.95,750,0
UAPR.US,60,20210108,210000,24.9,24.9,24.9,24.9,200,0
UAPR.US,60,20210108,220000,24.9899,24.9899,24.97,24.97,235,0
UAPR.US,60,20210111,170000,24.95,24.95,24.95,24.95,200,0
UAPR.US,60,20210111,180000,24.99,25,24.99,25,2824,0
UAPR.US,60,20210111,220000,24.94,24.94,24.94,24.94,100,0
UAPR.US,60,20210112,190000,24.94,24.94,24.94,24.94,100,0
UAPR.US,60,20210112,200000,24.98,24.98,24.98,24.98,5552,0
UAPR.US,60,20210113,220000,24.96,24.961,24.96,24.96,2500,0
UAPR.US,60,20210114,190000,24.985,24.985,24.985,24.985,100,0
UAPR.US,60,20210114,210000,24.96,24.96,24.96,24.96,500,0
UAPR.US,60,20210114,220000,24.96,24.96,24.9,24.9,200,0
UAPR.US,60,20210115,190000,24.95,24.95,24.95,24.95,155,0
UAPR.US,60,20210115,220000,24.94,24.94,24.94,24.94,132,0
UAPR.US,60,20210119,180000,25.01,25.01,25.01,25.01,133,0
UAPR.US,60,20210119,190000,25,25.01,24.99,25.005,1400,0
UAPR.US,60,20210119,200000,24.98,24.98,24.96,24.96,810,0
UAPR.US,60,20210119,210000,24.99,24.992,24.96,24.96,2134,0
UAPR.US,60,20210120,220000,24.9983,25.023,24.96,25.009,5645,0
UAPR.US,60,20210121,180000,25.03,25.03,24.97,24.97,878,0
UAPR.US,60,20210121,220000,24.9601,25.03,24.96,25.03,1000,0
UAPR.US,60,20210122,160000,24.97,24.97,24.97,24.97,1000,0
UAPR.US,60,20210122,180000,25.03,25.03,25.03,25.03,215,0
UAPR.US,60,20210122,190000,24.97,24.9954,24.97,24.9954,2335,0
UAPR.US,60,20210122,200000,24.9601,24.9601,24.9601,24.9601,2836,0
UAPR.US,60,20210122,220000,25.0131,25.0131,25.0131,25.0131,1000,0
UAPR.US,60,20210125,170000,24.98,24.98,24.98,24.98,100,0
UAPR.US,60,20210125,180000,25.02,25.02,25.02,25.02,201,0
UAPR.US,60,20210125,220000,24.97,24.97,24.97,24.97,100,0
UAPR.US,60,20210126,190000,25.02,25.03,25.02,25.03,1500,0
UAPR.US,60,20210126,210000,25.02,25.02,25.02,25.02,145,0
UAPR.US,60,20210127,180000,24.9899,24.9899,24.93,24.96,1101,0
UAPR.US,60,20210127,190000,24.93,24.93,24.93,24.93,100,0
UAPR.US,60,20210127,200000,24.93,24.941,24.91,24.93,73158,0
UAPR.US,60,20210127,210000,24.955,24.955,24.89,24.89,1170,0
UAPR.US,60,20210127,220000,24.92,24.92,24.9,24.9,634,0
UAPR.US,60,20210128,210000,24.995,25,24.995,25,200,0
UAPR.US,60,20210128,220000,24.94,24.9894,24.94,24.972,847,0
UAPR.US,60,20210129,170000,24.93,24.93,24.93,24.93,100,0
UAPR.US,60,20210129,190000,24.91,24.91,24.91,24.91,100,0
UAPR.US,60,20210129,200000,24.83,24.9,24.83,24.9,300,0
UAPR.US,60,20210129,210000,24.9,24.9,24.9,24.9,300,0
UAPR.US,60,20210129,220000,24.9,24.92,24.9,24.92,1997,0
UAPR.US,60,20210201,170000,24.91,24.91,24.91,24.91,100,0
UAPR.US,60,20210201,180000,24.91,24.92,24.91,24.92,200,0
UAPR.US,60,20210201,220000,24.979,24.979,24.979,24.979,500,0
UAPR.US,60,20210202,170000,24.95,24.9501,24.95,24.9501,2130,0
UAPR.US,60,20210202,180000,24.96,24.96,24.96,24.96,931,0
UAPR.US,60,20210202,200000,24.96,24.96,24.96,24.96,400,0
UAPR.US,60,20210202,220000,24.96,24.96,24.96,24.96,126,0
UAPR.US,60,20210203,170000,24.97,24.97,24.97,24.97,862,0
UAPR.US,60,20210203,180000,24.981,24.981,24.961,24.961,1000,0
UAPR.US,60,20210203,200000,24.96,24.96,24.96,24.96,100,0
UAPR.US,60,20210203,220000,25.03,25.03,25.03,25.03,1802,0
UAPR.US,60,20210204,180000,24.98,24.98,24.97,24.97,2142,0
UAPR.US,60,20210204,200000,24.99,24.99,24.99,24.99,500,0
UAPR.US,60,20210204,220000,25.03,25.03,24.98,24.98,3521,0
UAPR.US,60,20210208,170000,24.991,24.991,24.991,24.991,129,0
UAPR.US,60,20210208,180000,24.9967,24.9967,24.9967,24.9967,1500,0
UAPR.US,60,20210208,200000,24.99,24.99,24.99,24.99,600,0
UAPR.US,60,20210208,210000,25.032,25.032,25.032,25.032,550,0
UAPR.US,60,20210208,220000,25.001,25.001,24.99,24.99,500,0
UAPR.US,60,20210209,180000,25.001,25.001,24.99,25,1233,0
UAPR.US,60,20210209,190000,25,25.008,24.99,25.008,3086,0
UAPR.US,60,20210209,200000,25,25,25,25,375,0
UAPR.US,60,20210209,210000,25,25,25,25,4233,0
UAPR.US,60,20210209,220000,24.99,25.001,24.99,24.99,1500,0
UAPR.US,60,20210210,180000,24.99,24.99,24.981,24.981,2032,0
UAPR.US,60,20210210,190000,24.991,25.001,24.99,24.99,2404,0
UAPR.US,60,20210210,220000,24.99,24.99,24.98,24.99,3029,0
UAPR.US,60,20210211,170000,25,25,25,25,300,0
UAPR.US,60,20210211,180000,25.01,25.01,25,25,436,0
UAPR.US,60,20210211,190000,25,25,24.9946,24.9946,612,0
UAPR.US,60,20210211,210000,24.996,24.996,24.996,24.996,772,0
UAPR.US,60,20210211,220000,25,25,24.99,24.99,262,0
UAPR.US,60,20210212,170000,24.995,24.995,24.995,24.995,146,0
UAPR.US,60,20210212,180000,24.9979,24.9979,24.9979,24.9979,1000,0
UAPR.US,60,20210212,190000,24.99,24.99,24.99,24.99,1170,0
UAPR.US,60,20210212,210000,24.995,24.995,24.995,24.995,704,0
UAPR.US,60,20210212,220000,24.995,24.995,24.99,24.99,557,0
UAPR.US,60,20210216,160000,24.96,24.99,24.96,24.99,2177,0
UAPR.US,60,20210216,180000,25,25.01,25,25.01,426,0
UAPR.US,60,20210216,190000,25.01,25.01,25.01,25.01,200,0
UAPR.US,60,20210216,200000,25.01,25.01,25,25,2200,0
UAPR.US,60,20210216,210000,25.01,25.06,25.01,25.0479,3900,0
UAPR.US,60,20210216,220000,25.05,25.05,25.05,25.05,100,0
UAPR.US,60,20210217,170000,25,25,24.992,25,4505,0
UAPR.US,60,20210217,180000,25.05,25.05,25.05,25.05,148,0
UAPR.US,60,20210217,190000,25.02,25.02,25.02,25.02,316,0
UAPR.US,60,20210217,220000,25.02,25.02,25,25,300,0
UAPR.US,60,20210218,180000,25.04,25.04,25.04,25.04,300,0
UAPR.US,60,20210219,160000,25.11,25.11,25.025,25.025,1548,0
UAPR.US,60,20210219,190000,25.025,25.025,25,25,550,0
UAPR.US,60,20210222,180000,25,25.0499,24.9917,25.0499,2535,0
UAPR.US,60,20210222,210000,25,25.0379,25,25.0379,2849,0
UAPR.US,60,20210222,220000,25,25,25,25,3106,0
UAPR.US,60,20210223,210000,25.06,25.06,25.06,25.06,258,0
UAPR.US,60,20210224,190000,25.005,25.005,25.005,25.005,152,0
UAPR.US,60,20210224,210000,25.005,25.005,25.005,25.005,400,0
UAPR.US,60,20210224,220000,25,25,25,25,312,0
UAPR.US,60,20210225,160000,25.03,25.03,25.01,25.01,2000,0
UAPR.US,60,20210225,170000,25,25.01,25,25.01,633,0
UAPR.US,60,20210225,190000,25,25,25,25,100,0
UAPR.US,60,20210225,210000,24.9807,24.9807,24.9807,24.9807,1100,0
UAPR.US,60,20210225,220000,25,25,24.99,24.99,740,0
UAPR.US,60,20210226,180000,25.02,25.02,24.99,24.99,1450,0
UAPR.US,60,20210301,210000,24.9951,25.0479,24.99,25.0479,1796,0
UAPR.US,60,20210302,160000,24.96,25.005,24.96,25.005,5900,0
UAPR.US,60,20210302,220000,25.01,25.01,25,25,1200,0
UAPR.US,60,20210304,180000,25.02,25.02,25.02,25.02,1526,0
UAPR.US,60,20210304,200000,24.99,24.99,24.99,24.99,100,0
UAPR.US,60,20210304,220000,24.99,24.99,24.99,24.99,100,0
UAPR.US,60,20210308,180000,24.99,25.005,24.99,25.005,3850,0
UAPR.US,60,20210308,210000,25.005,25.005,25.005,25.005,233,0
UAPR.US,60,20210309,160000,25.01,25.01,25.01,25.01,2004,0
UAPR.US,60,20210309,170000,25.05,25.05,25.05,25.05,1400,0
UAPR.US,60,20210309,190000,25.0013,25.01,25.0013,25.01,1900,0
UAPR.US,60,20210309,220000,25.0699,25.07,25.01,25.0194,1875,0
UAPR.US,60,20210310,180000,25.02,25.07,25.01,25.021,2840,0
UAPR.US,60,20210310,190000,25.04,25.04,25.04,25.04,680,0
UAPR.US,60,20210310,200000,25.07,25.07,25.07,25.07,200,0
UAPR.US,60,20210310,210000,25.07,25.07,25.07,25.07,100,0
UAPR.US,60,20210311,160000,25.02,25.0349,25.01,25.02,1250,0
UAPR.US,60,20210311,180000,25.0699,25.0699,25.0699,25.0699,400,0
UAPR.US,60,20210311,200000,25.04,25.07,25.02,25.0691,15196,0
UAPR.US,60,20210311,210000,25.0699,25.07,25.01,25.06,10810,0
UAPR.US,60,20210311,220000,25.0357,25.06,25.011,25.06,1283,0
UAPR.US,60,20210312,160000,25.14,25.14,25.14,25.14,274,0
UAPR.US,60,20210312,180000,25.07,25.07,25.028,25.028,860,0
UAPR.US,60,20210312,200000,25.0627,25.0627,25.0566,25.0566,1730,0
UAPR.US,60,20210312,220000,25.06,25.06,25.06,25.06,100,0
UAPR.US,60,20210315,160000,25.0671,25.0671,25.0671,25.0671,160,0
UAPR.US,60,20210315,210000,25.0502,25.07,25.0502,25.06,1700,0
UAPR.US,60,20210317,170000,25.0699,25.0699,25.06,25.06,1000,0
UAPR.US,60,20210317,180000,25.07,25.07,25.07,25.07,200,0
UAPR.US,60,20210317,200000,25.13,25.13,25.13,25.13,400,0
UAPR.US,60,20210318,210000,25.06,25.13,25.06,25.13,500,0
UAPR.US,60,20210319,170000,25.06,25.06,25.06,25.06,500,0
UAPR.US,60,20210319,210000,25.13,25.13,25.13,25.13,400,0
UAPR.US,60,20210322,190000,25.06,25.06,25.06,25.06,518,0
UAPR.US,60,20210322,210000,25.07,25.07,25.06,25.06,3550,0
UAPR.US,60,20210323,150000,25.2,25.2,25.06,25.06,1254,0
UAPR.US,60,20210323,160000,25.06,25.08,25.06,25.0799,8549,0
UAPR.US,60,20210323,200000,25.08,25.08,25.08,25.08,6080,0
UAPR.US,60,20210323,210000,25.08,25.08,25.08,25.08,2295,0
UAPR.US,60,20210324,160000,25.06,25.06,25.06,25.06,200,0
UAPR.US,60,20210324,170000,25.06,25.07,25.06,25.07,4500,0
UAPR.US,60,20210324,180000,25.08,25.08,25.0799,25.0799,980,0
UAPR.US,60,20210324,210000,25.075,25.08,25.07,25.07,2110,0
UAPR.US,60,20210325,150000,25.13,25.13,25.07,25.08,4754,0
UAPR.US,60,20210325,170000,25.075,25.08,25.075,25.0766,1097,0
UAPR.US,60,20210325,200000,25.08,25.08,25.0799,25.0799,800,0
UAPR.US,60,20210325,210000,25.07,25.0763,25.07,25.0763,892,0
UAPR.US,60,20210326,150000,25.005,25.07,25.005,25.07,443,0
UAPR.US,60,20210326,160000,25.021,25.07,25.021,25.07,1567,0
UAPR.US,60,20210326,180000,25.06,25.06,25.06,25.06,100,0
UAPR.US,60,20210326,210000,25.06,25.07,25.0532,25.0592,4444,0
UAPR.US,60,20210329,170000,25.02,25.02,25.02,25.02,800,0
UAPR.US,60,20210329,180000,25.0205,25.06,25.0205,25.06,900,0
UAPR.US,60,20210329,190000,25.06,25.07,25.06,25.06,2595,0
UAPR.US,60,20210329,200000,25.06,25.13,25.06,25.13,16883,0
UAPR.US,60,20210329,210000,25.05,25.12,25.05,25.08,627744,0
UAPR.US,60,20210329,220000,25.12,25.13,25.11,25.11,4413,0
UAPR.US,60,20210330,160000,25.14,25.14,25.09,25.095,1295,0
UAPR.US,60,20210330,170000,25.0925,25.14,25.08,25.08,2583,0
UAPR.US,60,20210330,180000,25.14,25.14,25.0701,25.105,4000,0
UAPR.US,60,20210330,190000,25.1287,25.1287,25.0701,25.09,3600,0
UAPR.US,60,20210330,200000,25.105,25.12,25.09,25.1,17206,0
UAPR.US,60,20210330,210000,25.12,25.13,25.08,25.1,22481,0
UAPR.US,60,20210330,220000,25.13,25.13,25.09,25.1,197195,0
UAPR.US,60,20210331,160000,25.13,25.13,25.12,25.12,2320,0
UAPR.US,60,20210331,170000,25.1,25.12,25.1,25.12,7337,0
UAPR.US,60,20210331,180000,25.12,25.1399,25.1,25.1399,17654,0
UAPR.US,60,20210331,190000,25.12,25.1265,25.1,25.12,9849,0
UAPR.US,60,20210331,200000,25.12,25.12,25.1,25.1,26265,0
UAPR.US,60,20210331,210000,25.1,25.125,25.1,25.11,187112,0
UAPR.US,60,20210331,220000,25.1,25.1399,25.09,25.12,154044,0
UAPR.US,60,20210401,160000,25.16,25.16,25.04,25.08,48601,0
UAPR.US,60,20210401,170000,25.1,25.16,25.0994,25.135,12477,0
UAPR.US,60,20210401,180000,25.11,25.1599,25.11,25.135,36676,0
UAPR.US,60,20210401,190000,25.14,25.1428,25.1269,25.1428,7880,0
UAPR.US,60,20210401,200000,25.14,25.16,25.135,25.14,8672,0
UAPR.US,60,20210401,210000,25.14,25.17,25.14,25.17,16191,0
UAPR.US,60,20210401,220000,25.16,25.19,25.14,25.19,374846,0
UAPR.US,60,20210405,160000,25.25,25.25,25.205,25.25,12779,0
UAPR.US,60,20210405,170000,25.2,25.28,25.2,25.28,3967,0
UAPR.US,60,20210405,180000,25.27,25.29,25.23,25.23,2100,0
UAPR.US,60,20210405,190000,25.23,25.2894,25.1706,25.28,9697,0
UAPR.US,60,20210405,200000,25.27,25.28,25.26,25.27,13290,0
UAPR.US,60,20210405,210000,25.27,25.2894,25.25,25.27,7883,0
UAPR.US,60,20210405,220000,25.27,25.285,25.25,25.285,2942,0
UAPR.US,60,20210406,160000,25.29,25.29,25.25,25.265,3118,0
UAPR.US,60,20210406,170000,25.27,25.285,25.27,25.28,15050,0
UAPR.US,60,20210406,180000,25.27,25.2772,25.2543,25.265,1587,0
UAPR.US,60,20210406,190000,25.25,25.275,25.25,25.27,6394,0
UAPR.US,60,20210406,200000,25.275,25.277,25.26,25.26,11991,0
UAPR.US,60,20210406,210000,25.2537,25.27,25.2537,25.27,1478,0
UAPR.US,60,20210406,220000,25.27,25.27,25.25,25.25,9500,0
UAPR.US,60,20210407,160000,25.24,25.27,25.24,25.27,1900,0
UAPR.US,60,20210407,170000,25.27,25.29,25.2001,25.28,3700,0
UAPR.US,60,20210407,180000,25.28,25.28,25.2161,25.27,3145,0
UAPR.US,60,20210407,190000,25.27,25.27,25.21,25.27,2995,0
UAPR.US,60,20210407,200000,25.27,25.28,25.2109,25.28,4566,0
UAPR.US,60,20210407,210000,25.28,25.29,25.21,25.28,4154,0
UAPR.US,60,20210407,220000,25.28,25.3,25.23,25.3,7526,0
UAPR.US,60,20210408,160000,25.21,25.3199,25.21,25.255,594,0
UAPR.US,60,20210408,170000,25.3,25.3197,25.295,25.295,7404,0
UAPR.US,60,20210408,180000,25.2943,25.315,25.2943,25.315,8060,0
UAPR.US,60,20210408,190000,25.315,25.3299,25.31,25.31,13414,0
UAPR.US,60,20210408,200000,25.32,25.32,25.31,25.31,1341,0
UAPR.US,60,20210408,210000,25.31,25.324,25.31,25.316,1130,0
UAPR.US,60,20210408,220000,25.32,25.328,25.31,25.31,2459,0
UAPR.US,60,20210409,170000,25.325,25.325,25.32,25.32,1585,0
UAPR.US,60,20210409,180000,25.23,25.34,25.23,25.23,31468,0
UAPR.US,60,20210409,190000,25.285,25.34,25.25,25.34,1978,0
UAPR.US,60,20210409,200000,25.29,25.33,25.29,25.29,600,0
UAPR.US,60,20210409,210000,25.31,25.3396,25.31,25.3396,576,0
UAPR.US,60,20210409,220000,25.335,25.355,25.32,25.355,2420,0
UAPR.US,60,20210412,160000,25.4,25.4,25.33,25.33,9670,0
UAPR.US,60,20210412,170000,25.33,25.35,25.3101,25.35,12637,0
UAPR.US,60,20210412,180000,25.34,25.345,25.3001,25.345,1602,0
UAPR.US,60,20210412,190000,25.33,25.3599,25.3,25.3,1875,0
UAPR.US,60,20210412,200000,25.3,25.3,25.3,25.3,100,0
UAPR.US,60,20210412,210000,25.325,25.325,25.3,25.3,1150,0
UAPR.US,60,20210412,220000,25.3,25.3999,25.3,25.38,44493,0
UAPR.US,60,20210413,170000,25.36,25.37,25.335,25.34,2700,0
UAPR.US,60,20210413,180000,25.37,25.38,25.36,25.38,1134,0
UAPR.US,60,20210413,190000,25.365,25.38,25.3003,25.38,6917,0
UAPR.US,60,20210413,200000,25.345,25.345,25.29,25.29,11196,0
UAPR.US,60,20210413,210000,25.3,25.34,25.3,25.34,92017,0
UAPR.US,60,20210413,220000,25.35,25.35,25.3,25.3,3951,0
UAPR.US,60,20210414,160000,25.34,25.39,25.34,25.3581,11695,0
UAPR.US,60,20210414,170000,25.3038,25.344,25.29,25.342,1369,0
UAPR.US,60,20210414,180000,25.34,25.36,25.28,25.3,1644,0
UAPR.US,60,20210414,190000,25.33,25.38,25.2827,25.33,4929,0
UAPR.US,60,20210414,200000,25.37,25.38,25.37,25.37,1210,0
UAPR.US,60,20210414,210000,25.3599,25.3599,25.315,25.35,1083,0
UAPR.US,60,20210414,220000,25.34,25.35,25.32,25.345,2700,0
UAPR.US,60,20210415,160000,25.35,25.35,25.35,25.35,1106,0
UAPR.US,60,20210415,180000,25.409,25.41,25.399,25.399,3392,0
UAPR.US,60,20210415,190000,25.4199,25.4199,25.33,25.33,1157,0
UAPR.US,60,20210415,200000,25.35,25.42,25.349,25.42,1620,0
UAPR.US,60,20210415,210000,25.42,25.42,25.32,25.42,5242,0
UAPR.US,60,20210415,220000,25.42,25.44,25.4117,25.435,2791,0
UAPR.US,60,20210416,160000,25.48,25.48,25.42,25.42,3008,0
UAPR.US,60,20210416,190000,25.425,25.425,25.3808,25.3808,2736,0
UAPR.US,60,20210416,210000,25.41,25.438,25.41,25.415,1194,0
UAPR.US,60,20210416,220000,25.4,25.4089,25.38,25.38,2074,0
UAPR.US,60,20210419,160000,25.41,25.41,25.4,25.41,300,0
UAPR.US,60,20210419,170000,25.4,25.4,25.38,25.39,1100,0
UAPR.US,60,20210419,180000,25.4,25.4,25.38,25.38,4400,0
UAPR.US,60,20210419,190000,25.3074,25.41,25.2906,25.39,9349,0
UAPR.US,60,20210419,200000,25.39,25.4,25.29,25.34,950,0
UAPR.US,60,20210419,210000,25.34,25.4,25.34,25.38,8971,0
UAPR.US,60,20210419,220000,25.35,25.41,25.29,25.3,14938,0
UAPR.US,60,20210420,160000,25.28,25.335,25.28,25.335,2176,0
UAPR.US,60,20210420,170000,25.35,25.38,25.32,25.32,2080,0
UAPR.US,60,20210420,180000,25.28,25.34,25.28,25.32,2360,0
UAPR.US,60,20210420,190000,25.34,25.34,25.34,25.34,100,0
UAPR.US,60,20210420,210000,25.2801,25.301,25.2801,25.301,460,0
UAPR.US,60,20210420,220000,25.329,25.35,25.329,25.345,587,0
UAPR.US,60,20210421,200000,25.3109,25.42,25.3,25.42,19111,0
UAPR.US,60,20210421,210000,25.41,25.415,25.41,25.41,335,0
UAPR.US,60,20210421,220000,25.37,25.43,25.37,25.4131,9239,0
UAPR.US,60,20210422,160000,25.46,25.46,25.46,25.46,1200,0
UAPR.US,60,20210422,170000,25.41,25.42,25.41,25.42,536,0
UAPR.US,60,20210422,190000,25.4488,25.4499,25.3493,25.43,7255,0
UAPR.US,60,20210422,200000,25.365,25.365,25.355,25.355,400,0
UAPR.US,60,20210422,210000,25.33,25.355,25.33,25.34,1472,0
UAPR.US,60,20210422,220000,25.38,25.385,25.34,25.34,1430,0
UAPR.US,60,20210423,160000,25.4,25.4,25.3378,25.3378,523,0
UAPR.US,60,20210423,170000,25.41,25.42,25.41,25.42,3976,0
UAPR.US,60,20210423,180000,25.3478,25.3554,25.3478,25.3554,1197,0
UAPR.US,60,20210423,210000,25.46,25.46,25.405,25.44,6319,0
UAPR.US,60,20210423,220000,25.4308,25.4308,25.41,25.41,1591,0
UAPR.US,60,20210426,170000,25.395,25.45,25.395,25.439,1900,0
UAPR.US,60,20210426,180000,25.45,25.4578,25.45,25.4578,600,0
UAPR.US,60,20210426,190000,25.4,25.46,25.4,25.46,22152,0
UAPR.US,60,20210426,210000,25.445,25.46,25.43,25.445,8356,0
UAPR.US,60,20210426,220000,25.45,25.45,25.34,25.3504,6468,0
UAPR.US,60,20210427,160000,25.44,25.44,25.44,25.44,502,0
UAPR.US,60,20210427,170000,25.43,25.43,25.39,25.43,2158,0
UAPR.US,60,20210427,180000,25.4,25.4,25.4,25.4,354,0
UAPR.US,60,20210427,190000,25.425,25.4499,25.35,25.3591,22236,0
UAPR.US,60,20210427,200000,25.43,25.44,25.395,25.4017,4536,0
UAPR.US,60,20210427,210000,25.395,25.45,25.395,25.44,10204,0
UAPR.US,60,20210428,160000,25.41,25.41,25.41,25.41,1250,0
UAPR.US,60,20210428,170000,25.449,25.49,25.3815,25.47,170476,0
UAPR.US,60,20210428,180000,25.43,25.43,25.43,25.43,121410,0
UAPR.US,60,20210428,190000,25.3657,25.47,25.3657,25.46,16326,0
UAPR.US,60,20210428,200000,25.4245,25.4245,25.4245,25.4245,288,0
UAPR.US,60,20210428,210000,25.45,25.46,25.41,25.45,8122,0
UAPR.US,60,20210428,220000,25.425,25.425,25.3701,25.425,2106,0
UAPR.US,60,20210429,160000,25.455,25.455,25.455,25.455,1000,0
UAPR.US,60,20210429,170000,25.443,25.443,25.42,25.42,1106,0
UAPR.US,60,20210429,190000,25.415,25.415,25.41,25.41,1214,0
UAPR.US,60,20210429,200000,25.41,25.4699,25.41,25.4699,7836,0
UAPR.US,60,20210429,210000,25.4799,25.4799,25.4799,25.4799,1932,0
UAPR.US,60,20210429,220000,25.44,25.478,25.44,25.478,1200,0
UAPR.US,60,20210430,160000,25.45,25.45,25.41,25.41,2300,0
UAPR.US,60,20210430,170000,25.44,25.44,25.44,25.44,200,0
UAPR.US,60,20210430,190000,25.42,25.42,25.39,25.39,4362,0
UAPR.US,60,20210430,200000,25.3613,25.409,25.3613,25.409,4942,0
UAPR.US,60,20210430,210000,25.3665,25.43,25.3665,25.43,14272,0
UAPR.US,60,20210430,220000,25.42,25.43,25.42,25.42,17512,0
UAPR.US,60,20210503,160000,25.4012,25.435,25.38,25.435,902,0
UAPR.US,60,20210503,170000,25.41,25.46,25.39,25.455,8149,0
UAPR.US,60,20210503,210000,25.39,25.48,25.39,25.48,4408,0
UAPR.US,60,20210503,220000,25.46,25.46,25.46,25.46,1000,0
UAPR.US,60,20210504,160000,25.35,25.4,25.334,25.334,701,0
UAPR.US,60,20210504,170000,25.38,25.38,25.36,25.36,200,0
UAPR.US,60,20210504,180000,25.33,25.33,25.33,25.33,300,0
UAPR.US,60,20210504,210000,25.38,25.38,25.37,25.37,2100,0
UAPR.US,60,20210504,220000,25.3161,25.32,25.29,25.29,900,0
UAPR.US,60,20210505,160000,25.32,25.33,25.32,25.33,1100,0
UAPR.US,60,20210505,170000,25.41,25.43,25.41,25.42,5483,0
UAPR.US,60,20210505,200000,25.3403,25.35,25.3403,25.35,2864,0
UAPR.US,60,20210505,210000,25.364,25.44,25.3338,25.3436,50941,0
UAPR.US,60,20210505,220000,25.4,25.4,25.3301,25.3301,1691,0
UAPR.US,60,20210506,170000,25.35,25.4,25.306,25.4,9745,0
UAPR.US,60,20210506,180000,25.39,25.39,25.39,25.39,100,0
UAPR.US,60,20210506,210000,25.42,25.428,25.408,25.42,3254,0
UAPR.US,60,20210506,220000,25.4308,25.45,25.4308,25.45,3300,0
UAPR.US,60,20210507,190000,25.55,25.55,25.49,25.515,3879,0
UAPR.US,60,20210507,200000,25.4941,25.4941,25.4941,25.4941,129,0
UAPR.US,60,20210507,210000,25.49,25.51,25.49,25.51,722,0
UAPR.US,60,20210507,220000,25.53,25.5599,25.48,25.5599,1539,0
UAPR.US,60,20210510,160000,25.44,25.44,25.44,25.44,1328,0
UAPR.US,60,20210510,190000,25.4538,25.495,25.453,25.495,3446,0
UAPR.US,60,20210510,210000,25.52,25.52,25.52,25.52,2800,0
UAPR.US,60,20210510,220000,25.4281,25.4281,25.4281,25.4281,176,0
UAPR.US,60,20210511,160000,25.3,25.3,25.3,25.3,1000,0
UAPR.US,60,20210511,200000,25.33,25.33,25.33,25.33,477,0
UAPR.US,60,20210511,210000,25.3201,25.3664,25.3201,25.3664,3883,0
UAPR.US,60,20210512,160000,25.32,25.37,25.29,25.29,2261,0
UAPR.US,60,20210512,180000,25.275,25.275,25.265,25.265,300,0
UAPR.US,60,20210512,190000,25.22,25.245,25.2,25.23,9723,0
UAPR.US,60,20210512,210000,25.23,25.24,25.1501,25.21,1361,0
UAPR.US,60,20210512,220000,25.23,25.23,25.174,25.18,1630,0
UAPR.US,60,20210513,180000,25.29,25.306,25.29,25.29,1980,0
UAPR.US,60,20210513,200000,25.2201,25.25,25.2201,25.25,484,0
UAPR.US,60,20210514,160000,25.41,25.41,25.3076,25.3076,806,0
UAPR.US,60,20210514,180000,25.42,25.42,25.375,25.41,830,0
UAPR.US,60,20210514,190000,25.41,25.43,25.342,25.38,4931,0
UAPR.US,60,20210514,200000,25.43,25.43,25.43,25.43,100,0
UAPR.US,60,20210514,210000,25.4,25.44,25.4,25.43,5669,0
UAPR.US,60,20210514,220000,25.423,25.423,25.423,25.423,240,0
UAPR.US,60,20210517,170000,25.408,25.408,25.408,25.408,500,0
UAPR.US,60,20210517,190000,25.35,25.35,25.35,25.35,267,0
UAPR.US,60,20210517,200000,25.33,25.33,25.33,25.33,290,0
UAPR.US,60,20210518,180000,25.3561,25.3561,25.3561,25.3561,197,0
UAPR.US,60,20210518,210000,25.38,25.38,25.38,25.38,197,0
UAPR.US,60,20210518,220000,25.3972,25.41,25.316,25.316,3027,0
UAPR.US,60,20210519,170000,25.215,25.215,25.215,25.215,100,0
UAPR.US,60,20210519,190000,25.24,25.24,25.24,25.24,102,0
UAPR.US,60,20210519,200000,25.2201,25.2201,25.2201,25.2201,508,0
UAPR.US,60,20210519,210000,25.23,25.23,25.22,25.23,1039,0
UAPR.US,60,20210519,220000,25.2101,25.29,25.2101,25.29,1013,0
UAPR.US,60,20210520,180000,25.29,25.29,25.29,25.29,103,0
UAPR.US,60,20210521,170000,25.46,25.46,25.46,25.46,500,0
UAPR.US,60,20210521,190000,25.41,25.41,25.312,25.312,15909,0
UAPR.US,60,20210521,200000,25.32,25.37,25.3001,25.33,135974,0
UAPR.US,60,20210521,210000,25.375,25.375,25.3249,25.34,387587,0
UAPR.US,60,20210521,220000,25.4199,25.4199,25.4199,25.4199,144,0
UAPR.US,60,20210524,170000,25.425,25.4549,25.38,25.39,3496,0
UAPR.US,60,20210524,180000,25.38,25.435,25.38,25.435,2484,0
UAPR.US,60,20210524,190000,25.5,25.5,25.4,25.4,236,0
UAPR.US,60,20210524,210000,25.41,25.52,25.41,25.52,10191,0
UAPR.US,60,20210524,220000,25.47,25.52,25.47,25.52,400,0
UAPR.US,60,20210525,170000,25.39,25.39,25.39,25.39,1869,0
UAPR.US,60,20210525,190000,25.48,25.486,25.4,25.41,4509,0
UAPR.US,60,20210525,200000,25.5,25.5,25.41,25.41,458,0
UAPR.US,60,20210525,210000,25.4,25.44,25.4,25.44,278,0
UAPR.US,60,20210525,220000,25.46,25.48,25.46,25.48,1129,0
UAPR.US,60,20210526,170000,25.43,25.43,25.41,25.41,5679,0
UAPR.US,60,20210526,190000,25.455,25.455,25.455,25.455,698,0
UAPR.US,60,20210526,200000,25.5,25.5,25.405,25.48,10193,0
UAPR.US,60,20210526,210000,25.4,25.45,25.39,25.39,398728,0
UAPR.US,60,20210526,220000,25.49,25.498,25.49,25.498,246,0
UAPR.US,60,20210527,200000,25.52,25.528,25.485,25.485,1500,0
UAPR.US,60,20210527,210000,25.44,25.444,25.44,25.444,1880,0
UAPR.US,60,20210527,220000,25.47,25.47,25.47,25.47,3730,0
UAPR.US,60,20210528,160000,25.47,25.47,25.47,25.47,578,0
UAPR.US,60,20210528,180000,25.48,25.51,25.48,25.51,430,0
UAPR.US,60,20210528,190000,25.48,25.55,25.47,25.51,9051,0
UAPR.US,60,20210528,200000,25.462,25.462,25.462,25.462,866,0
UAPR.US,60,20210528,210000,25.47,25.48,25.465,25.47,2897,0
UAPR.US,60,20210528,220000,25.47,25.5699,25.47,25.5699,1544,0
UAPR.US,60,20210601,180000,25.46,25.46,25.46,25.46,100,0
UAPR.US,60,20210601,190000,25.4922,25.4922,25.46,25.46,200,0
UAPR.US,60,20210601,200000,25.46,25.46,25.46,25.46,1020,0
UAPR.US,60,20210601,210000,25.54,25.54,25.53,25.54,2180,0
UAPR.US,60,20210602,180000,25.45,25.45,25.45,25.45,150,0
UAPR.US,60,20210602,200000,25.451,25.451,25.451,25.451,258,0
UAPR.US,60,20210602,210000,25.476,25.476,25.476,25.476,1500,0
UAPR.US,60,20210603,200000,25.475,25.475,25.4309,25.4309,390,0
UAPR.US,60,20210603,210000,25.4421,25.4421,25.4421,25.4421,353,0
UAPR.US,60,20210603,220000,25.5299,25.5299,25.5299,25.5299,1705,0
UAPR.US,60,20210604,200000,25.4864,25.4864,25.4864,25.4864,1533,0
UAPR.US,60,20210604,220000,25.57,25.57,25.57,25.57,144,0
UAPR.US,60,20210607,160000,25.58,25.58,25.58,25.58,1891,0
UAPR.US,60,20210607,170000,25.52,25.52,25.52,25.52,782,0
UAPR.US,60,20210607,180000,25.544,25.544,25.4861,25.4861,1621,0
UAPR.US,60,20210607,190000,25.52,25.52,25.52,25.52,1444,0
UAPR.US,60,20210607,200000,25.6,25.6,25.6,25.6,200,0
UAPR.US,60,20210607,210000,25.4782,25.4782,25.4782,25.4782,157,0
UAPR.US,60,20210610,180000,25.52,25.52,25.5,25.5,2184,0
UAPR.US,60,20210610,190000,25.52,25.52,25.52,25.52,211,0
UAPR.US,60,20210610,200000,25.54,25.57,25.53,25.53,1013,0
UAPR.US,60,20210610,210000,25.62,25.62,25.6073,25.6073,1147,0
UAPR.US,60,20210610,220000,25.6,25.6,25.6,25.6,200,0
UAPR.US,60,20210611,180000,25.63,25.63,25.63,25.63,200,0
UAPR.US,60,20210611,190000,25.585,25.63,25.585,25.61,804,0
UAPR.US,60,20210611,210000,25.63,25.64,25.63,25.64,800,0
UAPR.US,60,20210611,220000,25.63,25.63,25.63,25.63,108,0
UAPR.US,60,20210614,170000,25.585,25.611,25.585,25.585,3377,0
UAPR.US,60,20210614,180000,25.54,25.55,25.54,25.55,2000,0
UAPR.US,60,20210614,190000,25.585,25.585,25.585,25.585,437,0
UAPR.US,60,20210614,210000,25.575,25.575,25.575,25.575,590,0
UAPR.US,60,20210615,200000,25.56,25.56,25.552,25.552,3650,0
UAPR.US,60,20210616,190000,25.5301,25.5301,25.5301,25.5301,212,0
UAPR.US,60,20210616,200000,25.54,25.54,25.54,25.54,6000,0
UAPR.US,60,20210616,210000,25.6,25.6,25.555,25.555,811,0
UAPR.US,60,20210617,160000,25.53,25.53,25.522,25.53,2000,0
UAPR.US,60,20210617,170000,25.51,25.5315,25.51,25.512,2300,0
UAPR.US,60,20210617,180000,25.5573,25.5573,25.52,25.52,2000,0
UAPR.US,60,20210617,190000,25.54,25.54,25.54,25.54,1757,0
UAPR.US,60,20210617,210000,25.565,25.565,25.565,25.565,186,0
UAPR.US,60,20210618,160000,25.55,25.55,25.55,25.55,196,0
UAPR.US,60,20210618,180000,25.52,25.52,25.52,25.52,308,0
UAPR.US,60,20210618,190000,25.495,25.54,25.495,25.53,4448,0
UAPR.US,60,20210618,210000,25.485,25.485,25.485,25.485,393,0
UAPR.US,60,20210618,220000,25.5074,25.5074,25.5074,25.5074,173,0
UAPR.US,60,20210621,160000,25.51,25.51,25.51,25.51,882,0
UAPR.US,60,20210621,180000,25.5026,25.5026,25.5026,25.5026,959,0
UAPR.US,60,20210621,220000,25.5265,25.5265,25.5265,25.5265,433,0
UAPR.US,60,20210622,180000,25.62,25.62,25.58,25.58,3846,0
UAPR.US,60,20210622,210000,25.59,25.59,25.59,25.59,100,0
UAPR.US,60,20210622,220000,25.67,25.67,25.5601,25.645,1727,0
UAPR.US,60,20210623,180000,25.66,25.68,25.66,25.68,440,0
UAPR.US,60,20210623,210000,25.625,25.625,25.625,25.625,310,0
UAPR.US,60,20210623,220000,25.6,25.6,25.592,25.592,2250,0
UAPR.US,60,20210624,170000,25.69,25.69,25.6001,25.6001,457,0
UAPR.US,60,20210624,210000,25.6011,25.6011,25.6011,25.6011,1000,0
UAPR.US,60,20210624,220000,25.655,25.655,25.655,25.655,125,0
UAPR.US,60,20210625,160000,25.61,25.61,25.6,25.6,1000,0
UAPR.US,60,20210625,190000,25.665,25.7199,25.6234,25.7,1974,0
UAPR.US,60,20210625,220000,25.71,25.71,25.71,25.71,173,0
UAPR.US,60,20210628,170000,25.6554,25.6554,25.64,25.64,849,0
UAPR.US,60,20210628,180000,25.64,25.64,25.64,25.64,572,0
UAPR.US,60,20210628,220000,25.6196,25.645,25.6196,25.645,1063,0
UAPR.US,60,20210629,160000,25.6,25.62,25.6,25.62,236,0
UAPR.US,60,20210629,170000,25.66,25.66,25.66,25.66,1310,0
UAPR.US,60,20210629,190000,25.64,25.64,25.64,25.64,397,0
UAPR.US,60,20210630,200000,25.64,25.68,25.64,25.68,2296,0
UAPR.US,60,20210701,160000,25.79,25.79,25.79,25.79,1539,0
UAPR.US,60,20210701,200000,25.6401,25.68,25.6401,25.68,69182,0
UAPR.US,60,20210702,170000,25.73,25.73,25.73,25.73,100,0
UAPR.US,60,20210702,190000,25.7889,25.7889,25.7005,25.7005,1576,0
UAPR.US,60,20210702,200000,25.7053,25.79,25.7053,25.79,252,0
UAPR.US,60,20210702,210000,25.71,25.745,25.68,25.71,28489,0
UAPR.US,60,20210702,220000,25.6901,25.8,25.6901,25.71,26749,0
UAPR.US,60,20210706,170000,25.716,25.716,25.716,25.716,1120,0
UAPR.US,60,20210706,200000,25.65,25.67,25.65,25.6511,800,0
UAPR.US,60,20210706,210000,25.68,25.681,25.68,25.681,800,0
UAPR.US,60,20210707,170000,25.675,25.675,25.675,25.675,880,0
UAPR.US,60,20210707,180000,25.7,25.7,25.7,25.7,999,0
UAPR.US,60,20210707,210000,25.7,25.7,25.69,25.692,825,0
UAPR.US,60,20210708,220000,25.7299,25.7299,25.636,25.636,840,0
UAPR.US,60,20210709,160000,25.82,25.82,25.82,25.82,524,0
UAPR.US,60,20210709,170000,25.694,25.694,25.694,25.694,140,0
UAPR.US,60,20210709,210000,25.76,25.76,25.76,25.76,200,0
UAPR.US,60,20210709,220000,25.82,25.83,25.8,25.8,400,0
