<TICKER>,<PER>,<DATE>,<TIME>,<OPEN>,<HIGH>,<LOW>,<CLOSE>,<VOL>,<OPENINT>
VRAI.US,60,20200914,160000,19.38,19.38,19.38,19.38,308,0
VRAI.US,60,20200914,180000,19.439,19.439,19.439,19.439,242,0
VRAI.US,60,20200914,190000,19.472,19.507,19.472,19.507,2169,0
VRAI.US,60,20200914,200000,19.506,19.506,19.506,19.506,166,0
VRAI.US,60,20200914,210000,19.522,19.527,19.522,19.527,1010,0
VRAI.US,60,20200914,220000,19.532,19.532,19.532,19.532,1153,0
VRAI.US,60,20200915,160000,19.614,19.614,19.614,19.614,690,0
VRAI.US,60,20200915,170000,19.672,19.672,19.663,19.663,210,0
VRAI.US,60,20200915,180000,19.726,19.726,19.726,19.726,114,0
VRAI.US,60,20200915,200000,19.74,19.75,19.707,19.707,1092,0
VRAI.US,60,20200915,210000,19.707,19.707,19.668,19.668,1217,0
VRAI.US,60,20200915,220000,19.536,19.555,19.517,19.517,4228,0
VRAI.US,60,20200916,160000,19.585,19.585,19.585,19.585,204,0
VRAI.US,60,20200916,180000,19.731,19.766,19.731,19.766,1150,0
VRAI.US,60,20200916,190000,19.751,19.809,19.751,19.809,481,0
VRAI.US,60,20200916,210000,19.856,19.905,19.856,19.905,1041,0
VRAI.US,60,20200916,220000,19.863,19.863,19.682,19.692,3327,0
VRAI.US,60,20200917,160000,19.409,19.486,19.409,19.486,2172,0
VRAI.US,60,20200917,170000,19.565,19.594,19.565,19.594,285,0
VRAI.US,60,20200917,180000,19.596,19.596,19.596,19.596,171,0
VRAI.US,60,20200917,200000,19.588,19.588,19.581,19.581,225,0
VRAI.US,60,20200917,210000,19.575,19.658,19.575,19.595,3948,0
VRAI.US,60,20200918,160000,19.624,19.624,19.624,19.624,562,0
VRAI.US,60,20200918,170000,19.517,19.565,19.517,19.565,684,0
VRAI.US,60,20200918,180000,19.545,19.545,19.536,19.536,394,0
VRAI.US,60,20200918,190000,19.446,19.446,19.429,19.429,1006,0
VRAI.US,60,20200918,200000,19.306,19.351,19.306,19.351,2878,0
VRAI.US,60,20200918,210000,19.341,19.386,19.322,19.341,3551,0
VRAI.US,60,20200918,220000,19.361,19.386,19.302,19.322,7533,0
VRAI.US,60,20200921,160000,19.026,19.026,19.026,19.026,469,0
VRAI.US,60,20200921,170000,18.592,18.592,18.592,18.592,101,0
VRAI.US,60,20200921,180000,18.671,18.684,18.666,18.684,543,0
VRAI.US,60,20200921,200000,18.65,18.65,18.65,18.65,607,0
VRAI.US,60,20200921,210000,18.612,18.641,18.612,18.641,2257,0
VRAI.US,60,20200921,220000,18.622,18.622,18.558,18.582,9083,0
VRAI.US,60,20200922,160000,18.513,18.899,18.484,18.899,8700,0
VRAI.US,60,20200922,170000,18.7,18.782,18.7,18.75,517,0
VRAI.US,60,20200922,180000,18.646,18.646,18.646,18.646,2417,0
VRAI.US,60,20200922,190000,18.595,18.595,18.595,18.595,192,0
VRAI.US,60,20200922,200000,18.553,18.597,18.503,18.597,4521,0
VRAI.US,60,20200922,210000,18.602,18.799,18.602,18.799,3378,0
VRAI.US,60,20200922,220000,18.76,18.809,18.7,18.737,7472,0
VRAI.US,60,20200923,160000,18.7,18.729,18.7,18.729,349,0
VRAI.US,60,20200923,180000,18.508,18.553,18.493,18.552,1463,0
VRAI.US,60,20200923,200000,18.434,18.434,18.434,18.434,557,0
VRAI.US,60,20200923,220000,18.124,18.137,18.065,18.065,7536,0
VRAI.US,60,20200924,180000,18.148,18.158,18.05,18.05,4606,0
VRAI.US,60,20200924,200000,18.316,18.4,18.316,18.4,2599,0
VRAI.US,60,20200924,210000,18.173,18.173,18.173,18.173,409,0
VRAI.US,60,20200924,220000,18.174,18.193,18.139,18.148,6374,0
VRAI.US,60,20200925,160000,17.922,18.424,17.922,18.188,5611,0
VRAI.US,60,20200925,170000,18.257,18.257,18.139,18.163,1522,0
VRAI.US,60,20200925,180000,18.163,18.198,18.099,18.129,12843,0
VRAI.US,60,20200925,190000,18.158,18.203,18.158,18.203,4252,0
VRAI.US,60,20200925,200000,18.247,18.247,18.247,18.247,3659,0
VRAI.US,60,20200925,210000,18.257,18.296,18.257,18.296,10486,0
VRAI.US,60,20200925,220000,18.306,18.326,18.306,18.326,397,0
VRAI.US,60,20200928,160000,18.553,18.553,18.553,18.553,203,0
VRAI.US,60,20200928,170000,18.623,18.631,18.543,18.622,1285,0
VRAI.US,60,20200928,180000,18.71,18.73,18.71,18.727,4435,0
VRAI.US,60,20200928,190000,18.73,18.801,18.73,18.801,1190,0
VRAI.US,60,20200928,200000,18.784,18.784,18.784,18.784,333,0
VRAI.US,60,20200928,210000,18.745,18.794,18.745,18.789,2138,0
VRAI.US,60,20200928,220000,18.814,18.814,18.733,18.733,2849,0
VRAI.US,60,20200929,160000,18.681,18.681,18.613,18.613,1877,0
VRAI.US,60,20200929,190000,18.438,18.474,18.415,18.444,1622,0
VRAI.US,60,20200929,200000,18.415,18.552,18.415,18.513,2133,0
VRAI.US,60,20200929,210000,18.582,18.612,18.582,18.612,1273,0
VRAI.US,60,20200929,220000,18.562,18.602,18.549,18.553,3584,0
VRAI.US,60,20200930,160000,18.533,18.533,18.533,18.533,280,0
VRAI.US,60,20200930,180000,18.75,18.75,18.651,18.681,444,0
VRAI.US,60,20200930,200000,18.76,18.76,18.651,18.651,4385,0
VRAI.US,60,20200930,210000,18.706,18.706,18.567,18.567,812,0
VRAI.US,60,20200930,220000,18.582,18.606,18.493,18.572,3104,0
VRAI.US,60,20201001,170000,18.513,18.513,18.513,18.513,314,0
VRAI.US,60,20201001,180000,18.565,18.565,18.565,18.565,667,0
VRAI.US,60,20201001,200000,18.616,18.616,18.616,18.616,109,0
VRAI.US,60,20201001,210000,18.651,18.651,18.523,18.602,6104,0
VRAI.US,60,20201001,220000,18.612,18.697,18.582,18.671,2468,0
VRAI.US,60,20201002,160000,18.434,18.518,18.434,18.494,1369,0
VRAI.US,60,20201002,170000,18.656,18.656,18.656,18.656,109,0
VRAI.US,60,20201002,180000,18.645,18.645,18.612,18.635,2018,0
VRAI.US,60,20201002,200000,18.92,18.967,18.829,18.829,3701,0
VRAI.US,60,20201002,210000,18.871,18.967,18.871,18.967,1386,0
VRAI.US,60,20201002,220000,18.945,18.991,18.937,18.991,2417,0
VRAI.US,60,20201005,160000,19.115,19.115,19.115,19.115,159,0
VRAI.US,60,20201005,180000,19.193,19.331,19.193,19.255,3835,0
VRAI.US,60,20201005,190000,19.167,19.167,19.167,19.167,482,0
VRAI.US,60,20201005,200000,19.146,19.155,19.115,19.139,2760,0
VRAI.US,60,20201005,210000,19.157,19.213,19.157,19.213,1733,0
VRAI.US,60,20201005,220000,19.265,19.265,19.262,19.262,683,0
VRAI.US,60,20201006,160000,19.302,19.302,19.302,19.302,552,0
VRAI.US,60,20201006,180000,19.391,19.391,19.331,19.331,1537,0
VRAI.US,60,20201006,190000,19.346,19.346,19.309,19.309,2091,0
VRAI.US,60,20201006,200000,19.368,19.445,19.368,19.445,534,0
VRAI.US,60,20201006,210000,19.45,19.45,19.144,19.144,2995,0
VRAI.US,60,20201006,220000,19.113,19.132,19.085,19.085,2310,0
VRAI.US,60,20201007,170000,19.184,19.253,19.184,19.253,202,0
VRAI.US,60,20201007,180000,19.184,19.184,19.154,19.154,913,0
VRAI.US,60,20201007,190000,19.144,19.223,19.124,19.166,3686,0
VRAI.US,60,20201007,200000,19.178,19.225,19.178,19.225,807,0
VRAI.US,60,20201007,220000,19.285,19.312,19.277,19.279,5996,0
VRAI.US,60,20201008,160000,19.371,19.371,19.371,19.371,253,0
VRAI.US,60,20201008,180000,19.47,19.508,19.47,19.508,260,0
VRAI.US,60,20201008,200000,19.489,19.489,19.489,19.489,101,0
VRAI.US,60,20201008,210000,19.607,19.617,19.558,19.593,51866,0
VRAI.US,60,20201008,220000,19.622,19.637,19.622,19.637,304,0
VRAI.US,60,20201009,160000,19.696,19.696,19.696,19.696,1256,0
VRAI.US,60,20201009,170000,19.509,19.509,19.479,19.508,456,0
VRAI.US,60,20201009,180000,19.499,19.528,19.489,19.526,823,0
VRAI.US,60,20201009,190000,19.568,19.568,19.568,19.568,119,0
VRAI.US,60,20201009,200000,19.568,19.568,19.46,19.538,3088,0
VRAI.US,60,20201009,210000,19.529,19.538,19.469,19.514,2570,0
VRAI.US,60,20201009,220000,19.509,19.538,19.461,19.538,4975,0
VRAI.US,60,20201012,170000,19.43,19.469,19.43,19.469,404,0
VRAI.US,60,20201012,180000,19.489,19.523,19.46,19.523,1058,0
VRAI.US,60,20201012,190000,19.479,19.512,19.479,19.512,645,0
VRAI.US,60,20201012,210000,19.499,19.499,19.499,19.499,406,0
VRAI.US,60,20201012,220000,19.548,19.627,19.519,19.558,2777,0
VRAI.US,60,20201013,160000,19.42,19.42,19.42,19.42,149,0
VRAI.US,60,20201013,170000,19.322,19.322,19.262,19.262,1217,0
VRAI.US,60,20201013,180000,19.198,19.198,19.183,19.183,1854,0
VRAI.US,60,20201013,190000,19.248,19.248,19.248,19.248,917,0
VRAI.US,60,20201013,200000,19.252,19.252,19.252,19.252,943,0
VRAI.US,60,20201013,210000,19.213,19.213,19.213,19.213,507,0
VRAI.US,60,20201013,220000,19.203,19.241,19.154,19.241,3234,0
VRAI.US,60,20201014,160000,19.154,19.154,19.154,19.154,1433,0
VRAI.US,60,20201014,170000,19.325,19.325,19.325,19.325,1175,0
VRAI.US,60,20201014,180000,19.292,19.353,19.238,19.238,1565,0
VRAI.US,60,20201014,190000,19.243,19.292,19.243,19.292,459,0
VRAI.US,60,20201014,200000,19.288,19.288,19.288,19.288,421,0
VRAI.US,60,20201014,210000,19.277,19.277,19.174,19.174,2631,0
VRAI.US,60,20201014,220000,19.184,19.202,19.144,19.144,2111,0
VRAI.US,60,20201015,160000,19.164,19.164,18.799,18.799,494,0
VRAI.US,60,20201015,170000,19.026,19.031,18.996,19.006,2596,0
VRAI.US,60,20201015,180000,19.095,19.095,19.095,19.095,101,0
VRAI.US,60,20201015,190000,19.139,19.139,19.105,19.105,320,0
VRAI.US,60,20201015,200000,19.203,19.306,19.203,19.306,1547,0
VRAI.US,60,20201015,210000,19.266,19.289,19.266,19.289,1888,0
VRAI.US,60,20201015,220000,19.282,19.331,19.253,19.331,2126,0
VRAI.US,60,20201016,160000,19.184,19.233,19.095,19.105,2101,0
VRAI.US,60,20201016,170000,19.164,19.164,19.114,19.114,2508,0
VRAI.US,60,20201016,180000,19.192,19.322,19.192,19.267,2022,0
VRAI.US,60,20201016,190000,19.203,19.203,19.192,19.192,754,0
VRAI.US,60,20201016,200000,19.213,19.213,19.164,19.164,568,0
VRAI.US,60,20201016,220000,19.179,19.179,19.075,19.138,3856,0
VRAI.US,60,20201019,170000,19.154,19.154,19.105,19.144,816,0
VRAI.US,60,20201019,190000,19.12,19.126,19.095,19.095,2115,0
VRAI.US,60,20201019,200000,19.046,19.085,19.046,19.085,6177,0
VRAI.US,60,20201019,210000,19.011,19.011,18.957,18.957,1139,0
VRAI.US,60,20201019,220000,18.898,18.912,18.898,18.912,491,0
VRAI.US,60,20201020,170000,19.05,19.05,19.05,19.05,104,0
VRAI.US,60,20201020,180000,19.11,19.129,19.11,19.129,380,0
VRAI.US,60,20201020,190000,19.11,19.125,19.066,19.125,405,0
VRAI.US,60,20201020,200000,19.139,19.162,19.139,19.162,1119,0
VRAI.US,60,20201020,210000,19.14,19.154,19.105,19.105,1822,0
VRAI.US,60,20201020,220000,19.144,19.302,19.08,19.11,4388,0
VRAI.US,60,20201021,180000,18.962,18.962,18.962,18.962,278,0
VRAI.US,60,20201021,190000,18.947,18.947,18.947,18.947,1141,0
VRAI.US,60,20201021,200000,18.967,19.055,18.967,19.003,3219,0
VRAI.US,60,20201021,210000,19.05,19.05,19.016,19.016,1623,0
VRAI.US,60,20201021,220000,19.065,19.065,19.017,19.017,3058,0
VRAI.US,60,20201022,160000,19.027,19.027,19.027,19.027,806,0
VRAI.US,60,20201022,170000,19.115,19.115,19.054,19.054,426,0
VRAI.US,60,20201022,180000,19.147,19.147,19.147,19.147,269,0
VRAI.US,60,20201022,190000,19.18,19.312,19.18,19.312,2655,0
VRAI.US,60,20201022,200000,19.257,19.322,19.257,19.257,2443,0
VRAI.US,60,20201022,210000,19.272,19.272,19.272,19.272,101,0
VRAI.US,60,20201022,220000,19.282,19.346,19.282,19.346,1205,0
VRAI.US,60,20201023,160000,19.322,19.322,19.322,19.322,2072,0
VRAI.US,60,20201023,170000,19.4,19.45,19.4,19.415,1558,0
VRAI.US,60,20201023,180000,19.381,19.43,19.331,19.391,3071,0
VRAI.US,60,20201023,190000,19.361,19.381,19.361,19.381,203,0
VRAI.US,60,20201023,210000,19.334,19.371,19.282,19.363,6105,0
VRAI.US,60,20201023,220000,19.403,19.43,19.391,19.391,1532,0
VRAI.US,60,20201026,150000,19.016,19.154,19.016,19.154,473,0
VRAI.US,60,20201026,160000,19.124,19.124,19.074,19.074,429,0
VRAI.US,60,20201026,170000,18.977,18.977,18.972,18.972,616,0
VRAI.US,60,20201026,180000,18.957,18.994,18.957,18.994,2058,0
VRAI.US,60,20201026,190000,18.878,18.878,18.868,18.868,2200,0
VRAI.US,60,20201026,200000,18.888,18.996,18.858,18.959,1733,0
VRAI.US,60,20201026,210000,18.947,19.016,18.947,18.991,1845,0
VRAI.US,60,20201027,150000,18.961,18.961,18.961,18.961,254,0
VRAI.US,60,20201027,170000,18.845,18.845,18.76,18.814,1948,0
VRAI.US,60,20201027,190000,18.848,18.898,18.811,18.823,5517,0
VRAI.US,60,20201027,200000,18.831,18.831,18.827,18.827,466,0
VRAI.US,60,20201027,210000,18.761,18.789,18.725,18.725,2650,0
VRAI.US,60,20201028,150000,18.237,18.365,18.237,18.365,2098,0
VRAI.US,60,20201028,160000,18.188,18.203,18.188,18.203,329,0
VRAI.US,60,20201028,170000,18.235,18.235,18.235,18.235,147,0
VRAI.US,60,20201028,180000,18.213,18.213,18.159,18.159,428,0
VRAI.US,60,20201028,190000,18.119,18.188,18.119,18.188,5113,0
VRAI.US,60,20201028,200000,18.119,18.146,18.109,18.124,3120,0
VRAI.US,60,20201028,210000,18.099,18.124,18.045,18.045,2542,0
VRAI.US,60,20201029,150000,17.932,18.035,17.932,18.035,1068,0
VRAI.US,60,20201029,170000,18.277,18.277,18.168,18.168,377,0
VRAI.US,60,20201029,180000,18.202,18.257,18.202,18.257,850,0
VRAI.US,60,20201029,200000,18.328,18.328,18.328,18.328,703,0
VRAI.US,60,20201029,210000,18.405,18.425,18.385,18.385,945,0
VRAI.US,60,20201030,150000,18.267,18.267,18.267,18.267,5728,0
VRAI.US,60,20201030,160000,18.277,18.277,18.173,18.173,692,0
VRAI.US,60,20201030,170000,18.228,18.247,18.168,18.247,3020,0
VRAI.US,60,20201030,180000,18.188,18.218,18.178,18.178,4008,0
VRAI.US,60,20201030,190000,18.213,18.213,18.213,18.213,104,0
VRAI.US,60,20201030,200000,18.227,18.227,18.227,18.227,4159,0
VRAI.US,60,20201030,210000,18.208,18.286,18.169,18.286,3705,0
VRAI.US,60,20201102,160000,18.631,18.631,18.631,18.631,304,0
VRAI.US,60,20201102,170000,18.503,18.622,18.503,18.622,3160,0
VRAI.US,60,20201102,180000,18.591,18.691,18.554,18.681,1455,0
VRAI.US,60,20201102,190000,18.671,18.75,18.622,18.622,1188,0
VRAI.US,60,20201102,200000,18.609,18.609,18.609,18.609,371,0
VRAI.US,60,20201102,210000,18.597,18.745,18.597,18.745,1589,0
VRAI.US,60,20201102,220000,18.7,18.799,18.681,18.799,6379,0
VRAI.US,60,20201103,180000,19.119,19.119,19.119,19.119,374,0
VRAI.US,60,20201103,190000,19.085,19.085,19.065,19.065,2198,0
VRAI.US,60,20201103,200000,19.04,19.04,19.04,19.04,996,0
VRAI.US,60,20201103,210000,19.026,19.026,19.026,19.026,101,0
VRAI.US,60,20201103,220000,19.119,19.161,19.105,19.161,2881,0
VRAI.US,60,20201104,160000,19.026,19.026,18.957,18.957,409,0
VRAI.US,60,20201104,180000,19.096,19.1,19.096,19.1,280,0
VRAI.US,60,20201104,190000,19.152,19.152,19.105,19.124,1058,0
VRAI.US,60,20201104,210000,19.036,19.04,19.021,19.026,1519,0
VRAI.US,60,20201104,220000,18.967,19.024,18.858,18.858,1192,0
VRAI.US,60,20201105,160000,19.105,19.105,19.105,19.105,101,0
VRAI.US,60,20201105,170000,19.181,19.281,19.181,19.281,383,0
VRAI.US,60,20201105,180000,19.233,19.25,19.233,19.24,750,0
VRAI.US,60,20201105,190000,19.213,19.262,19.213,19.262,1229,0
VRAI.US,60,20201105,200000,19.233,19.272,19.203,19.261,2878,0
VRAI.US,60,20201105,210000,19.253,19.262,19.231,19.262,1588,0
VRAI.US,60,20201105,220000,19.226,19.226,19.226,19.226,292,0
VRAI.US,60,20201106,180000,19.185,19.185,19.185,19.185,560,0
VRAI.US,60,20201106,190000,19.081,19.081,19.081,19.081,232,0
VRAI.US,60,20201106,200000,19.034,19.06,19.034,19.06,1345,0
VRAI.US,60,20201106,210000,19.057,19.057,19.016,19.016,246,0
VRAI.US,60,20201106,220000,18.993,18.993,18.993,18.993,147,0
VRAI.US,60,20201109,170000,20.445,20.445,20.445,20.445,101,0
VRAI.US,60,20201109,200000,20.738,20.738,20.67,20.67,4081,0
VRAI.US,60,20201109,210000,20.667,20.909,20.667,20.772,2458,0
VRAI.US,60,20201109,220000,20.83,20.83,20.426,20.426,566,0
VRAI.US,60,20201110,160000,20.603,20.672,20.593,20.672,625,0
VRAI.US,60,20201110,170000,20.79,20.79,20.79,20.79,1399,0
VRAI.US,60,20201110,180000,20.751,20.795,20.751,20.795,408,0
VRAI.US,60,20201110,190000,20.85,20.889,20.85,20.889,2982,0
VRAI.US,60,20201110,200000,20.85,20.879,20.85,20.879,304,0
VRAI.US,60,20201110,210000,20.821,20.968,20.821,20.968,1830,0
VRAI.US,60,20201110,220000,21.041,21.047,20.992,21.047,1791,0
VRAI.US,60,20201111,160000,21.057,21.057,21.057,21.057,203,0
VRAI.US,60,20201111,180000,21.071,21.071,20.984,20.984,1736,0
VRAI.US,60,20201111,190000,20.89,20.967,20.89,20.967,836,0
VRAI.US,60,20201111,210000,20.969,20.969,20.8,20.8,580,0
VRAI.US,60,20201111,220000,20.919,20.919,20.859,20.879,3300,0
VRAI.US,60,20201112,160000,20.84,20.84,20.84,20.84,537,0
VRAI.US,60,20201112,170000,20.675,20.675,20.649,20.649,261,0
VRAI.US,60,20201112,180000,20.712,20.78,20.712,20.761,702,0
VRAI.US,60,20201112,190000,20.578,20.578,20.578,20.578,2324,0
VRAI.US,60,20201112,200000,20.465,20.465,20.455,20.455,624,0
VRAI.US,60,20201112,210000,20.443,20.443,20.357,20.357,974,0
VRAI.US,60,20201112,220000,20.278,20.435,20.278,20.425,3841,0
VRAI.US,60,20201113,160000,20.465,20.465,20.465,20.465,167,0
VRAI.US,60,20201113,170000,20.849,20.849,20.844,20.844,1239,0
VRAI.US,60,20201113,180000,20.815,20.815,20.815,20.815,714,0
VRAI.US,60,20201113,190000,20.854,20.894,20.854,20.894,1145,0
VRAI.US,60,20201113,200000,20.894,20.894,20.894,20.894,222,0
VRAI.US,60,20201113,210000,20.996,21.007,20.978,20.981,2681,0
VRAI.US,60,20201113,220000,21.057,21.057,21.052,21.052,691,0
VRAI.US,60,20201116,180000,21.589,21.589,21.576,21.576,496,0
VRAI.US,60,20201116,190000,21.581,21.585,21.53,21.585,1527,0
VRAI.US,60,20201116,200000,21.54,21.588,21.49,21.49,713,0
VRAI.US,60,20201116,210000,21.494,21.638,21.494,21.62,2620,0
VRAI.US,60,20201116,220000,21.62,21.62,21.62,21.62,881,0
VRAI.US,60,20201117,160000,21.52,21.52,21.52,21.52,101,0
VRAI.US,60,20201117,170000,21.342,21.383,21.295,21.295,2021,0
VRAI.US,60,20201117,180000,21.528,21.576,21.528,21.576,1561,0
VRAI.US,60,20201117,190000,21.678,21.678,21.623,21.635,1733,0
VRAI.US,60,20201117,200000,21.678,21.678,21.678,21.678,883,0
VRAI.US,60,20201117,210000,21.741,21.741,21.741,21.741,101,0
VRAI.US,60,20201117,220000,21.668,21.746,21.658,21.709,2232,0
VRAI.US,60,20201118,170000,21.87,21.914,21.837,21.86,1961,0
VRAI.US,60,20201118,180000,21.902,21.902,21.902,21.902,986,0
VRAI.US,60,20201118,210000,21.776,21.776,21.668,21.668,2111,0
VRAI.US,60,20201118,220000,21.584,21.602,21.461,21.461,1979,0
VRAI.US,60,20201119,170000,21.3,21.3,21.3,21.3,429,0
VRAI.US,60,20201119,180000,21.293,21.336,21.284,21.336,1028,0
VRAI.US,60,20201119,200000,21.343,21.441,21.343,21.441,1212,0
VRAI.US,60,20201119,210000,21.388,21.441,21.388,21.441,2979,0
VRAI.US,60,20201119,220000,21.568,21.576,21.53,21.576,820,0
VRAI.US,60,20201120,160000,21.49,21.49,21.49,21.49,916,0
VRAI.US,60,20201120,170000,21.508,21.508,21.421,21.467,1678,0
VRAI.US,60,20201120,180000,21.441,21.441,21.421,21.431,3108,0
VRAI.US,60,20201120,190000,21.499,21.499,21.499,21.499,653,0
VRAI.US,60,20201120,200000,21.5,21.5,21.5,21.5,304,0
VRAI.US,60,20201120,210000,21.564,21.565,21.564,21.565,423,0
VRAI.US,60,20201120,220000,21.49,21.53,21.49,21.52,1996,0
VRAI.US,60,20201123,160000,21.549,21.835,21.549,21.835,789,0
VRAI.US,60,20201123,170000,22.052,22.17,21.963,22.17,2758,0
VRAI.US,60,20201123,180000,22.088,22.19,22.088,22.101,488,0
VRAI.US,60,20201123,200000,22.193,22.215,22.141,22.178,1138,0
VRAI.US,60,20201123,210000,22.185,22.239,22.18,22.239,899,0
VRAI.US,60,20201123,220000,22.289,22.308,22.247,22.308,1802,0
VRAI.US,60,20201124,160000,23.245,23.245,22.678,22.742,1417,0
VRAI.US,60,20201124,170000,23.087,23.087,23.087,23.087,304,0
VRAI.US,60,20201124,180000,22.949,23.077,22.949,23.051,3086,0
VRAI.US,60,20201124,190000,23.032,23.032,22.93,22.974,756,0
VRAI.US,60,20201124,200000,23.046,23.046,23.046,23.046,311,0
VRAI.US,60,20201124,210000,22.995,22.995,22.861,22.943,21161,0
VRAI.US,60,20201124,220000,22.979,23.038,22.949,22.949,2424,0
VRAI.US,60,20201125,170000,22.724,22.724,22.724,22.724,436,0
VRAI.US,60,20201125,180000,22.614,22.663,22.614,22.663,594,0
VRAI.US,60,20201125,190000,23.053,23.053,22.742,22.791,1180,0
VRAI.US,60,20201125,200000,22.762,22.93,22.752,22.835,1538,0
VRAI.US,60,20201125,210000,22.841,22.846,22.782,22.782,2228,0
VRAI.US,60,20201125,220000,22.826,22.836,22.721,22.836,2513,0
VRAI.US,60,20201127,160000,22.833,22.833,22.792,22.792,1495,0
VRAI.US,60,20201127,170000,22.624,22.686,22.624,22.686,848,0
VRAI.US,60,20201127,180000,22.63,22.63,22.63,22.63,114,0
VRAI.US,60,20201127,190000,22.594,22.648,22.594,22.625,4059,0
VRAI.US,60,20201127,200000,22.616,22.616,22.616,22.616,0,0
VRAI.US,60,20201127,220000,22.616,22.616,22.616,22.616,0,0
VRAI.US,60,20201130,160000,22.437,22.437,22.437,22.437,1392,0
VRAI.US,60,20201130,170000,22.343,22.343,22.246,22.246,807,0
VRAI.US,60,20201130,180000,22.161,22.161,22.111,22.131,1217,0
VRAI.US,60,20201130,190000,22.111,22.191,22.111,22.191,1766,0
VRAI.US,60,20201130,200000,22.141,22.171,22.141,22.151,901,0
VRAI.US,60,20201130,210000,22.156,22.21,22.072,22.21,6824,0
VRAI.US,60,20201130,220000,22.121,22.124,22.121,22.124,270,0
VRAI.US,60,20201201,160000,22.121,22.516,22.121,22.358,2365,0
VRAI.US,60,20201201,170000,22.486,22.506,22.434,22.434,1233,0
VRAI.US,60,20201201,180000,22.329,22.331,22.269,22.269,888,0
VRAI.US,60,20201201,200000,22.23,22.265,22.23,22.265,406,0
VRAI.US,60,20201201,210000,22.314,22.314,22.249,22.249,862,0
VRAI.US,60,20201201,220000,22.304,22.368,22.23,22.368,4385,0
VRAI.US,60,20201202,170000,22.414,22.414,22.348,22.397,10056,0
VRAI.US,60,20201202,180000,22.407,22.407,22.329,22.329,884,0
VRAI.US,60,20201202,190000,22.44,22.463,22.44,22.463,353,0
VRAI.US,60,20201202,210000,22.486,22.486,22.45,22.45,594,0
VRAI.US,60,20201202,220000,22.491,22.561,22.476,22.54,1599,0
VRAI.US,60,20201203,160000,22.584,22.584,22.584,22.584,208,0
VRAI.US,60,20201203,170000,22.673,22.673,22.673,22.673,8623,0
VRAI.US,60,20201203,180000,22.746,22.811,22.723,22.782,3585,0
VRAI.US,60,20201203,200000,22.796,22.796,22.732,22.742,1142,0
VRAI.US,60,20201203,210000,22.724,22.744,22.723,22.732,744,0
VRAI.US,60,20201203,220000,22.767,22.767,22.678,22.703,1705,0
VRAI.US,60,20201204,160000,23.068,23.087,23.068,23.087,812,0
VRAI.US,60,20201204,170000,23.038,23.219,23.038,23.219,2833,0
VRAI.US,60,20201204,180000,23.225,23.225,23.209,23.209,751,0
VRAI.US,60,20201204,190000,23.215,23.255,23.203,23.247,2770,0
VRAI.US,60,20201204,200000,23.224,23.265,23.223,23.265,1446,0
VRAI.US,60,20201204,210000,23.234,23.235,23.228,23.235,734,0
VRAI.US,60,20201204,220000,23.225,23.245,23.166,23.245,1770,0
VRAI.US,60,20201207,160000,23.501,23.501,23.501,23.501,179,0
VRAI.US,60,20201207,170000,23.068,23.068,23.068,23.068,101,0
VRAI.US,60,20201207,200000,23.063,23.063,22.979,23.023,2413,0
VRAI.US,60,20201207,220000,22.994,23.038,22.949,23.018,9444,0
VRAI.US,60,20201208,160000,23.038,23.038,22.92,22.92,226,0
VRAI.US,60,20201208,180000,23.077,23.077,23.077,23.077,507,0
VRAI.US,60,20201208,190000,23.044,23.044,23.038,23.038,1725,0
VRAI.US,60,20201208,200000,23.068,23.081,22.999,23.003,5812,0
VRAI.US,60,20201208,210000,23.008,23.053,23.003,23.053,2213,0
VRAI.US,60,20201208,220000,23.01,23.041,23.01,23.038,1934,0
VRAI.US,60,20201209,160000,23.249,23.249,23.249,23.249,261,0
VRAI.US,60,20201209,180000,23.009,23.009,23.009,23.009,942,0
VRAI.US,60,20201209,190000,23.089,23.089,23.068,23.068,538,0
VRAI.US,60,20201209,200000,23.023,23.023,22.801,22.801,1317,0
VRAI.US,60,20201209,210000,22.895,22.999,22.895,22.964,3763,0
VRAI.US,60,20201209,220000,22.952,22.966,22.952,22.966,609,0
VRAI.US,60,20201210,180000,23.205,23.215,23.132,23.132,1415,0
VRAI.US,60,20201210,190000,23.191,23.191,23.191,23.191,301,0
VRAI.US,60,20201210,200000,23.186,23.284,23.186,23.197,3172,0
VRAI.US,60,20201210,210000,23.127,23.137,23.127,23.127,991,0
VRAI.US,60,20201210,220000,23.235,23.235,23.235,23.235,1057,0
VRAI.US,60,20201211,170000,23.134,23.134,23.134,23.134,840,0
VRAI.US,60,20201211,180000,23.154,23.154,23.076,23.08,1355,0
VRAI.US,60,20201211,190000,23.028,23.082,23.028,23.082,572,0
VRAI.US,60,20201211,200000,23.077,23.077,23.077,23.077,115,0
VRAI.US,60,20201211,210000,23.137,23.148,23.137,23.138,1728,0
VRAI.US,60,20201211,220000,23.097,23.163,22.999,23.12,3273,0
VRAI.US,60,20201214,160000,23.314,23.314,23.314,23.314,467,0
VRAI.US,60,20201214,170000,23.166,23.166,23.166,23.166,205,0
VRAI.US,60,20201214,180000,22.937,22.982,22.937,22.982,618,0
VRAI.US,60,20201214,190000,22.93,22.974,22.911,22.963,1411,0
VRAI.US,60,20201214,200000,22.91,22.97,22.9,22.945,3927,0
VRAI.US,60,20201214,210000,22.822,22.879,22.822,22.879,275,0
VRAI.US,60,20201214,220000,22.852,22.916,22.792,22.792,3922,0
VRAI.US,60,20201215,170000,23.003,23.003,23.003,23.003,178,0
VRAI.US,60,20201215,180000,22.989,23.079,22.979,23.079,2483,0
VRAI.US,60,20201215,190000,23.107,23.107,23.107,23.107,437,0
VRAI.US,60,20201215,200000,23.187,23.26,23.187,23.26,3127,0
VRAI.US,60,20201215,210000,23.215,23.299,23.215,23.299,1337,0
VRAI.US,60,20201215,220000,23.276,23.32,23.225,23.32,1906,0
VRAI.US,60,20201216,160000,23.482,23.482,23.324,23.383,2151,0
VRAI.US,60,20201216,180000,23.22,23.22,23.22,23.22,344,0
VRAI.US,60,20201216,200000,23.185,23.185,23.183,23.183,711,0
VRAI.US,60,20201216,210000,23.147,23.186,23.146,23.146,2709,0
VRAI.US,60,20201216,220000,23.216,23.216,23.156,23.156,865,0
VRAI.US,60,20201217,170000,23.162,23.162,23.162,23.162,118,0
VRAI.US,60,20201217,180000,23.172,23.172,23.117,23.171,2973,0
VRAI.US,60,20201217,200000,23.225,23.225,23.212,23.212,657,0
VRAI.US,60,20201217,210000,23.228,23.294,23.211,23.265,7347,0
VRAI.US,60,20201217,220000,23.284,23.284,23.206,23.235,1326,0
VRAI.US,60,20201218,160000,23.275,23.275,23.275,23.275,166,0
VRAI.US,60,20201218,190000,23.122,23.122,23.122,23.122,228,0
VRAI.US,60,20201218,200000,23.106,23.107,23.066,23.068,3487,0
VRAI.US,60,20201218,210000,22.949,23,22.949,22.989,1954,0
VRAI.US,60,20201218,220000,22.964,22.964,22.726,22.897,10267,0
VRAI.US,60,20201221,160000,22.48,22.48,22.48,22.48,1233,0
VRAI.US,60,20201221,170000,22.4712,22.4712,22.4712,22.4712,250,0
VRAI.US,60,20201221,180000,22.45,22.54,22.44,22.495,2412,0
VRAI.US,60,20201221,190000,22.51,22.51,22.51,22.51,304,0
VRAI.US,60,20201221,200000,22.5938,22.6153,22.5838,22.6153,2737,0
VRAI.US,60,20201221,210000,22.625,22.6808,22.585,22.65,3729,0
VRAI.US,60,20201221,220000,22.58,22.6476,22.56,22.6,2639,0
VRAI.US,60,20201222,160000,22.71,22.71,22.41,22.41,1423,0
VRAI.US,60,20201222,170000,22.45,22.625,22.41,22.615,1444,0
VRAI.US,60,20201222,180000,22.6386,22.67,22.6262,22.6262,2277,0
VRAI.US,60,20201222,190000,22.54,22.562,22.451,22.5,5074,0
VRAI.US,60,20201222,200000,22.58,22.58,22.58,22.58,100,0
VRAI.US,60,20201222,210000,22.63,22.67,22.6073,22.6344,3367,0
VRAI.US,60,20201222,220000,22.637,22.65,22.585,22.64,4107,0
VRAI.US,60,20201223,160000,22.59,22.88,22.59,22.88,1349,0
VRAI.US,60,20201223,170000,22.8678,22.8678,22.8678,22.8678,980,0
VRAI.US,60,20201223,180000,22.87,22.87,22.86,22.86,200,0
VRAI.US,60,20201223,190000,22.885,22.885,22.8465,22.8465,202,0
VRAI.US,60,20201223,200000,22.75,22.7915,22.75,22.7915,821,0
VRAI.US,60,20201223,210000,22.7601,22.81,22.7501,22.79,4210,0
VRAI.US,60,20201223,220000,22.8,22.8132,22.76,22.76,2996,0
VRAI.US,60,20201224,160000,22.6716,22.6716,22.6716,22.6716,1490,0
VRAI.US,60,20201224,170000,22.633,22.7,22.633,22.7,3591,0
VRAI.US,60,20201224,180000,22.65,22.7667,22.65,22.7667,3848,0
VRAI.US,60,20201224,190000,22.6801,22.7164,22.66,22.7125,2896,0
VRAI.US,60,20201224,200000,22.7362,22.7362,22.7362,22.7362,0,0
VRAI.US,60,20201224,220000,22.7362,22.7362,22.7362,22.7362,0,0
VRAI.US,60,20201228,160000,22.88,22.95,22.88,22.95,1020,0
VRAI.US,60,20201228,170000,23.05,23.05,23.0237,23.0237,34233,0
VRAI.US,60,20201228,180000,22.87,22.87,22.87,22.87,139,0
VRAI.US,60,20201228,190000,22.85,22.85,22.8,22.8,400,0
VRAI.US,60,20201228,200000,22.745,22.8399,22.665,22.665,5487,0
VRAI.US,60,20201228,210000,22.715,22.7674,22.715,22.72,2725,0
VRAI.US,60,20201228,220000,22.7441,22.7632,22.7,22.7632,1981,0
VRAI.US,60,20201229,180000,22.745,22.745,22.7324,22.7324,1439,0
VRAI.US,60,20201229,190000,22.7,22.7,22.63,22.63,2480,0
VRAI.US,60,20201229,200000,22.6251,22.6251,22.6251,22.6251,102,0
VRAI.US,60,20201229,210000,22.608,22.608,22.53,22.58,1731,0
VRAI.US,60,20201229,220000,22.6173,22.6561,22.565,22.565,3713,0
VRAI.US,60,20201230,160000,22.82,22.96,22.82,22.9032,3288,0
VRAI.US,60,20201230,180000,22.8781,22.8781,22.8781,22.8781,1682,0
VRAI.US,60,20201230,190000,22.84,22.8732,22.771,22.78,7149,0
VRAI.US,60,20201230,200000,22.8,22.8507,22.8,22.8507,2859,0
VRAI.US,60,20201230,210000,22.785,22.785,22.785,22.785,346,0
VRAI.US,60,20201230,220000,22.78,22.805,22.78,22.8,21154,0
VRAI.US,60,20201231,160000,22.66,22.66,22.63,22.63,1426,0
VRAI.US,60,20201231,170000,22.641,22.7,22.6402,22.7,2294,0
VRAI.US,60,20201231,180000,22.829,22.829,22.755,22.755,391,0
VRAI.US,60,20201231,190000,22.8219,22.8219,22.8219,22.8219,197,0
VRAI.US,60,20201231,200000,22.8493,22.8493,22.8493,22.8493,132,0
VRAI.US,60,20201231,210000,22.88,22.9223,22.88,22.9223,838,0
VRAI.US,60,20201231,220000,22.93,22.934,22.82,22.82,3837,0
VRAI.US,60,20210104,160000,22.96,22.96,22.91,22.91,203,0
VRAI.US,60,20210104,170000,22.79,22.79,22.79,22.79,682,0
VRAI.US,60,20210104,180000,22.5867,22.5867,22.5867,22.5867,150,0
VRAI.US,60,20210104,190000,22.565,22.565,22.48,22.54,2372,0
VRAI.US,60,20210104,200000,22.69,22.7299,22.69,22.7299,244,0
VRAI.US,60,20210104,210000,22.561,22.6107,22.561,22.6107,1504,0
VRAI.US,60,20210104,220000,22.57,22.61,22.57,22.61,274,0
VRAI.US,60,20210105,180000,22.71,22.71,22.7,22.71,377,0
VRAI.US,60,20210105,190000,22.84,22.84,22.84,22.84,100,0
VRAI.US,60,20210105,200000,22.98,22.98,22.98,22.98,539,0
VRAI.US,60,20210105,210000,22.96,23.0247,22.96,23.0247,793,0
VRAI.US,60,20210105,220000,22.865,22.94,22.865,22.94,4054,0
VRAI.US,60,20210106,160000,22.9393,22.9393,22.9393,22.9393,172,0
VRAI.US,60,20210106,170000,22.96,23.15,22.96,23.1094,1843,0
VRAI.US,60,20210106,180000,23.2,23.2,23.2,23.2,940,0
VRAI.US,60,20210106,200000,23.27,23.27,23.27,23.27,884,0
VRAI.US,60,20210106,210000,23.2747,23.315,23.1889,23.1889,3032,0
VRAI.US,60,20210106,220000,23.14,23.3197,23.13,23.23,2889,0
VRAI.US,60,20210107,160000,23.29,23.345,23.29,23.345,569,0
VRAI.US,60,20210107,180000,23.2582,23.2668,23.171,23.2498,2591,0
VRAI.US,60,20210107,190000,23.2269,23.2269,23.2269,23.2269,552,0
VRAI.US,60,20210107,200000,23.225,23.225,23.225,23.225,367,0
VRAI.US,60,20210107,210000,23.226,23.226,23.226,23.226,255,0
VRAI.US,60,20210107,220000,23.21,23.235,23.21,23.225,1846,0
VRAI.US,60,20210108,160000,23.3,23.3,23.3,23.3,164,0
VRAI.US,60,20210108,180000,23.1698,23.1698,23.1698,23.1698,100,0
VRAI.US,60,20210108,190000,23.2114,23.2114,23.211,23.211,297,0
VRAI.US,60,20210108,200000,23.0613,23.0613,23.0613,23.0613,500,0
VRAI.US,60,20210108,210000,23.05,23.1,23.02,23.1,2686,0
VRAI.US,60,20210108,220000,23.1,23.27,23.1,23.13,6346,0
VRAI.US,60,20210111,160000,22.94,22.94,22.94,22.94,424,0
VRAI.US,60,20210111,190000,23.05,23.05,23.05,23.05,1842,0
VRAI.US,60,20210111,200000,23.11,23.12,23.11,23.12,356,0
VRAI.US,60,20210111,210000,23.1145,23.1754,23.1145,23.1159,4429,0
VRAI.US,60,20210111,220000,23.08,23.2,22.95,22.95,3635,0
VRAI.US,60,20210112,160000,24.35,24.35,23.24,23.24,810,0
VRAI.US,60,20210112,170000,23.285,23.34,23.28,23.34,935,0
VRAI.US,60,20210112,190000,23.2677,23.2677,23.22,23.23,2348,0
VRAI.US,60,20210112,210000,23.3892,23.3892,23.331,23.331,1639,0
VRAI.US,60,20210112,220000,23.35,23.444,23.25,23.4056,6586,0
VRAI.US,60,20210113,160000,23.28,23.28,23.28,23.28,281,0
VRAI.US,60,20210113,170000,23.4038,23.43,23.4038,23.43,372,0
VRAI.US,60,20210113,190000,23.435,23.435,23.39,23.39,1622,0
VRAI.US,60,20210113,200000,23.525,23.525,23.45,23.495,4867,0
VRAI.US,60,20210113,210000,23.58,23.58,23.5466,23.5466,384,0
VRAI.US,60,20210113,220000,23.42,23.475,23.41,23.41,1711,0
VRAI.US,60,20210114,160000,23.41,23.41,23.41,23.41,1097,0
VRAI.US,60,20210114,170000,23.52,23.5365,23.49,23.51,949,0
VRAI.US,60,20210114,180000,23.58,23.585,23.58,23.585,300,0
VRAI.US,60,20210114,210000,23.755,23.7707,23.7376,23.7376,862,0
VRAI.US,60,20210114,220000,23.675,23.6879,23.57,23.57,1765,0
VRAI.US,60,20210115,160000,23.21,23.21,23.21,23.21,668,0
VRAI.US,60,20210115,170000,23.3825,23.3825,23.3825,23.3825,411,0
VRAI.US,60,20210115,180000,23.39,23.39,23.39,23.39,200,0
VRAI.US,60,20210115,190000,23.46,23.49,23.46,23.49,1083,0
VRAI.US,60,20210115,200000,23.49,23.5465,23.481,23.5465,2931,0
VRAI.US,60,20210115,210000,23.48,23.52,23.478,23.5,646,0
VRAI.US,60,20210115,220000,23.54,23.5946,23.5233,23.55,4878,0
VRAI.US,60,20210119,160000,23.79,23.79,23.65,23.65,2847,0
VRAI.US,60,20210119,180000,23.54,23.64,23.54,23.6,2624,0
VRAI.US,60,20210119,210000,23.59,23.59,23.54,23.5576,6970,0
VRAI.US,60,20210119,220000,23.5811,23.63,23.4,23.58,6366,0
VRAI.US,60,20210120,160000,23.5,23.5676,23.5,23.5676,2004,0
VRAI.US,60,20210120,170000,23.65,23.65,23.64,23.64,500,0
VRAI.US,60,20210120,180000,23.64,23.6906,23.64,23.66,501,0
VRAI.US,60,20210120,190000,23.69,23.69,23.69,23.69,100,0
VRAI.US,60,20210120,200000,23.7699,23.7699,23.7699,23.7699,1747,0
VRAI.US,60,20210120,210000,23.72,23.7415,23.681,23.7,1037,0
VRAI.US,60,20210120,220000,23.74,24.03,23.74,23.75,5229,0
VRAI.US,60,20210121,160000,23.62,23.902,23.62,23.7924,3611,0
VRAI.US,60,20210121,170000,23.5747,23.5747,23.5747,23.5747,217,0
VRAI.US,60,20210121,180000,23.52,23.5674,23.52,23.5674,888,0
VRAI.US,60,20210121,190000,23.5233,23.5233,23.5233,23.5233,150,0
VRAI.US,60,20210121,220000,23.57,23.5727,23.53,23.5708,2823,0
VRAI.US,60,20210122,160000,23.2,23.29,23.2,23.29,748,0
VRAI.US,60,20210122,170000,23.3,23.595,23.3,23.3,749,0
VRAI.US,60,20210122,180000,23.34,23.34,23.34,23.34,100,0
VRAI.US,60,20210122,190000,23.3678,23.405,23.3678,23.405,1144,0
VRAI.US,60,20210122,200000,23.4285,23.4285,23.4271,23.4271,641,0
VRAI.US,60,20210122,210000,23.4419,23.4419,23.42,23.42,671,0
VRAI.US,60,20210122,220000,23.4803,23.505,23.39,23.43,970,0
VRAI.US,60,20210125,160000,23.63,23.63,23.3901,23.4052,2201,0
VRAI.US,60,20210125,170000,23.42,23.6,23.409,23.6,1603,0
VRAI.US,60,20210125,180000,23.47,23.47,23.47,23.47,106,0
VRAI.US,60,20210125,190000,23.475,23.5096,23.47,23.47,1864,0
VRAI.US,60,20210125,200000,23.47,23.5527,23.47,23.5527,1462,0
VRAI.US,60,20210125,210000,23.46,23.495,23.46,23.495,362,0
VRAI.US,60,20210125,220000,23.5,23.52,23.451,23.52,4668,0
VRAI.US,60,20210126,160000,23.45,23.45,23.45,23.45,1125,0
VRAI.US,60,20210126,170000,23.41,23.41,23.41,23.41,1050,0
VRAI.US,60,20210126,180000,23.4192,23.4192,23.39,23.39,586,0
VRAI.US,60,20210126,200000,23.3873,23.41,23.34,23.3624,5556,0
VRAI.US,60,20210126,210000,23.435,23.435,23.435,23.435,1487,0
VRAI.US,60,20210126,220000,23.42,23.465,23.33,23.33,1793,0
VRAI.US,60,20210127,160000,23.02,23.02,23.02,23.02,1443,0
VRAI.US,60,20210127,170000,23.0541,23.0541,23.0541,23.0541,1114,0
VRAI.US,60,20210127,180000,23.17,23.17,23.125,23.125,396,0
VRAI.US,60,20210127,190000,23.14,23.15,23.1,23.1,1424,0
VRAI.US,60,20210127,200000,23.145,23.16,23.145,23.16,421,0
VRAI.US,60,20210127,210000,23.09,23.09,22.8959,23,4195,0
VRAI.US,60,20210127,220000,22.89,22.89,22.84,22.84,203,0
VRAI.US,60,20210128,160000,23.0389,23.0389,23.0389,23.0389,113,0
VRAI.US,60,20210128,170000,23.1699,23.1699,23.085,23.085,2168,0
VRAI.US,60,20210128,180000,23.1209,23.2398,23.1209,23.19,1607,0
VRAI.US,60,20210128,190000,23.14,23.14,23.14,23.14,300,0
VRAI.US,60,20210128,200000,23.1289,23.1289,23.0457,23.1033,1635,0
VRAI.US,60,20210128,210000,23.18,23.224,23.149,23.149,1038,0
VRAI.US,60,20210128,220000,23.19,23.19,23.06,23.08,4309,0
VRAI.US,60,20210129,160000,23.09,23.09,23.09,23.09,162,0
VRAI.US,60,20210129,170000,23.16,23.17,23.11,23.16,2700,0
VRAI.US,60,20210129,180000,23.09,23.09,23.09,23.09,439,0
VRAI.US,60,20210129,200000,22.84,22.85,22.71,22.82,3799,0
VRAI.US,60,20210129,220000,22.745,22.8437,22.64,22.77,1658,0
VRAI.US,60,20210201,160000,22.96,22.96,22.78,22.78,252,0
VRAI.US,60,20210201,170000,22.8,22.825,22.8,22.825,302,0
VRAI.US,60,20210201,180000,22.84,22.84,22.84,22.84,481,0
VRAI.US,60,20210201,190000,22.84,22.9182,22.83,22.9182,2550,0
VRAI.US,60,20210201,210000,22.9841,23.08,22.9841,23.0385,1091,0
VRAI.US,60,20210201,220000,23.03,23.03,23.01,23.01,292,0
VRAI.US,60,20210202,160000,23.2,23.2,23.2,23.2,180,0
VRAI.US,60,20210202,180000,23.27,23.27,23.27,23.27,326,0
VRAI.US,60,20210202,210000,23.2393,23.2393,23.2241,23.2381,1578,0
VRAI.US,60,20210202,220000,23.24,23.24,23.22,23.22,447,0
VRAI.US,60,20210203,160000,22.99,22.99,22.99,22.99,341,0
VRAI.US,60,20210203,170000,23.17,23.27,23.17,23.27,895,0
VRAI.US,60,20210203,180000,23.32,23.32,23.32,23.32,300,0
VRAI.US,60,20210203,190000,23.35,23.35,23.35,23.35,200,0
VRAI.US,60,20210203,200000,23.35,23.36,23.3056,23.36,480,0
VRAI.US,60,20210203,210000,23.3297,23.39,23.3,23.39,3000,0
VRAI.US,60,20210203,220000,23.42,23.42,23.31,23.31,1456,0
VRAI.US,60,20210204,160000,23.22,23.31,23.22,23.31,1124,0
VRAI.US,60,20210204,180000,23.406,23.406,23.406,23.406,113,0
VRAI.US,60,20210204,200000,23.42,23.4625,23.4103,23.4625,2470,0
VRAI.US,60,20210204,210000,23.4409,23.4798,23.4409,23.4798,244,0
VRAI.US,60,20210204,220000,23.4046,23.45,23.4046,23.41,843,0
VRAI.US,60,20210205,170000,23.5,23.53,23.46,23.53,370,0
VRAI.US,60,20210205,180000,23.5913,23.5913,23.5913,23.5913,411,0
VRAI.US,60,20210205,190000,23.53,23.585,23.53,23.5403,8665,0
VRAI.US,60,20210205,200000,23.54,23.58,23.52,23.53,3066,0
VRAI.US,60,20210205,210000,23.545,23.59,23.5306,23.5306,1038,0
VRAI.US,60,20210205,220000,23.5625,23.59,23.5106,23.5549,2271,0
VRAI.US,60,20210208,160000,23.66,23.66,23.66,23.66,598,0
VRAI.US,60,20210208,170000,23.7618,23.84,23.7618,23.81,5494,0
VRAI.US,60,20210208,200000,23.76,23.84,23.76,23.82,3750,0
VRAI.US,60,20210208,210000,23.82,23.82,23.82,23.82,100,0
VRAI.US,60,20210208,220000,23.84,23.86,23.8,23.82,2465,0
VRAI.US,60,20210209,160000,23.84,23.84,23.74,23.74,447,0
VRAI.US,60,20210209,170000,23.82,23.82,23.72,23.74,599,0
VRAI.US,60,20210209,180000,23.66,23.7073,23.65,23.7073,2896,0
VRAI.US,60,20210209,200000,23.79,23.7934,23.78,23.7934,553,0
VRAI.US,60,20210209,210000,23.78,23.85,23.78,23.85,2134,0
VRAI.US,60,20210209,220000,23.82,23.84,23.795,23.82,1740,0
VRAI.US,60,20210210,160000,24.01,24.01,23.965,23.965,437,0
VRAI.US,60,20210210,170000,23.9141,23.9141,23.8329,23.8329,594,0
VRAI.US,60,20210210,180000,23.95,23.95,23.95,23.95,100,0
VRAI.US,60,20210210,190000,23.905,23.905,23.8882,23.8882,312,0
VRAI.US,60,20210210,200000,23.8873,23.8873,23.8873,23.8873,634,0
VRAI.US,60,20210210,210000,23.8864,23.9438,23.8864,23.9438,1094,0
VRAI.US,60,20210210,220000,23.99,23.99,23.91,23.92,2762,0
VRAI.US,60,20210211,160000,23.9,24.065,23.9,23.9796,999,0
VRAI.US,60,20210211,170000,23.9375,23.9651,23.9375,23.9651,632,0
VRAI.US,60,20210211,180000,23.8695,23.8695,23.8689,23.8689,821,0
VRAI.US,60,20210211,190000,23.855,23.855,23.808,23.808,574,0
VRAI.US,60,20210211,210000,23.8094,23.8273,23.8094,23.8273,695,0
VRAI.US,60,20210211,220000,23.85,23.89,23.84,23.88,4899,0
VRAI.US,60,20210212,170000,23.8,23.8,23.79,23.79,200,0
VRAI.US,60,20210212,180000,23.9201,23.9201,23.9201,23.9201,600,0
VRAI.US,60,20210212,190000,23.93,23.96,23.93,23.95,1820,0
VRAI.US,60,20210212,200000,23.9494,23.9494,23.9,23.9,827,0
VRAI.US,60,20210212,210000,23.9261,23.94,23.9261,23.94,678,0
VRAI.US,60,20210212,220000,23.91,23.995,23.91,23.995,576,0
VRAI.US,60,20210216,160000,24.06,24.06,24.06,24.06,316,0
VRAI.US,60,20210216,170000,24.12,24.1372,23.955,23.955,667,0
VRAI.US,60,20210216,180000,24.005,24.0195,24.005,24.01,738,0
VRAI.US,60,20210216,200000,23.9528,23.9528,23.9528,23.9528,465,0
VRAI.US,60,20210216,210000,23.985,24.04,23.97,24.005,1934,0
VRAI.US,60,20210216,220000,24.0374,24.0374,23.95,23.95,1116,0
VRAI.US,60,20210217,160000,23.87,23.87,23.87,23.87,311,0
VRAI.US,60,20210217,170000,23.92,23.95,23.89,23.9035,868,0
VRAI.US,60,20210217,180000,23.87,23.87,23.8391,23.8391,1317,0
VRAI.US,60,20210217,190000,23.91,23.91,23.8835,23.8835,647,0
VRAI.US,60,20210217,200000,23.8931,23.92,23.8865,23.92,1686,0
VRAI.US,60,20210217,210000,23.926,23.926,23.926,23.926,685,0
VRAI.US,60,20210217,220000,23.9261,23.935,23.9202,23.93,1473,0
VRAI.US,60,20210218,160000,23.67,23.8935,23.67,23.8935,748,0
VRAI.US,60,20210218,170000,23.9,23.9,23.9,23.9,1000,0
VRAI.US,60,20210218,180000,23.8454,23.8454,23.8,23.8,1294,0
VRAI.US,60,20210218,200000,23.78,23.78,23.77,23.78,800,0
VRAI.US,60,20210218,210000,23.78,23.8,23.78,23.8,300,0
VRAI.US,60,20210218,220000,23.74,23.8,23.69,23.69,1227,0
VRAI.US,60,20210219,160000,23.9,23.9,23.9,23.9,300,0
VRAI.US,60,20210219,180000,23.965,23.965,23.9631,23.9631,607,0
VRAI.US,60,20210219,190000,23.925,23.98,23.925,23.97,2468,0
VRAI.US,60,20210219,200000,23.9883,23.9883,23.9883,23.9883,304,0
VRAI.US,60,20210219,210000,23.9766,24.02,23.9766,24.01,1298,0
VRAI.US,60,20210219,220000,23.98,23.98,23.98,23.98,133,0
VRAI.US,60,20210222,160000,23.995,23.995,23.995,23.995,480,0
VRAI.US,60,20210222,170000,24.16,24.16,24.1377,24.1377,481,0
VRAI.US,60,20210222,180000,24.1221,24.1396,24.08,24.08,1186,0
VRAI.US,60,20210222,190000,24.1488,24.1509,24.1488,24.1504,981,0
VRAI.US,60,20210222,210000,24.1635,24.22,24.1635,24.22,613,0
VRAI.US,60,20210222,220000,24.18,24.18,24.13,24.13,1246,0
VRAI.US,60,20210223,170000,24.08,24.17,24.07,24.17,3368,0
VRAI.US,60,20210223,180000,24.205,24.205,24.205,24.205,385,0
VRAI.US,60,20210223,200000,24.135,24.135,24.12,24.12,302,0
VRAI.US,60,20210223,210000,24.14,24.14,24.14,24.14,800,0
VRAI.US,60,20210223,220000,24.285,24.3214,24.285,24.3214,369,0
VRAI.US,60,20210224,160000,24.3248,24.3248,24.3248,24.3248,240,0
VRAI.US,60,20210224,170000,24.505,24.505,24.4944,24.4944,531,0
VRAI.US,60,20210224,180000,24.63,24.63,24.575,24.5789,2082,0
VRAI.US,60,20210224,190000,24.6018,24.6018,24.6018,24.6018,149,0
VRAI.US,60,20210224,200000,24.6,24.665,24.6,24.665,856,0
VRAI.US,60,20210224,210000,24.6181,24.6181,24.6181,24.6181,325,0
VRAI.US,60,20210224,220000,24.55,24.55,24.55,24.55,256,0
VRAI.US,60,20210225,160000,24.98,24.98,24.68,24.69,712,0
VRAI.US,60,20210225,180000,24.44,24.44,24.44,24.44,314,0
VRAI.US,60,20210225,190000,24.31,24.37,24.1711,24.225,13137,0
VRAI.US,60,20210225,200000,24.137,24.21,24.131,24.17,2364,0
VRAI.US,60,20210225,210000,24.23,24.315,24.18,24.2285,2297,0
VRAI.US,60,20210225,220000,24.195,24.195,23.9301,24.14,2919,0
VRAI.US,60,20210226,160000,23.99,23.99,23.99,23.99,108,0
VRAI.US,60,20210226,170000,23.7301,23.7787,23.7301,23.7787,4420,0
VRAI.US,60,20210226,180000,23.805,23.885,23.805,23.885,1716,0
VRAI.US,60,20210226,190000,23.926,23.926,23.8912,23.9,825,0
VRAI.US,60,20210226,200000,23.8,23.8,23.8,23.8,103,0
VRAI.US,60,20210226,210000,23.8925,23.8925,23.8925,23.8925,400,0
VRAI.US,60,20210226,220000,23.8139,23.83,23.7962,23.83,2257,0
VRAI.US,60,20210301,170000,24.265,24.265,24.265,24.265,320,0
VRAI.US,60,20210301,180000,24.2,24.2999,24.1906,24.23,1534,0
VRAI.US,60,20210301,190000,24.24,24.24,24.24,24.24,1000,0
VRAI.US,60,20210301,220000,24.19,24.19,24.09,24.09,758,0
VRAI.US,60,20210302,170000,24.02,24.03,23.98,24.03,412,0
VRAI.US,60,20210302,180000,24.055,24.055,24.015,24.015,462,0
VRAI.US,60,20210302,190000,24.08,24.17,24.08,24.17,2931,0
VRAI.US,60,20210302,200000,24.115,24.16,24.115,24.155,909,0
VRAI.US,60,20210302,220000,24.17,24.17,24.03,24.0746,2293,0
VRAI.US,60,20210303,160000,24.05,24.05,24.03,24.03,300,0
VRAI.US,60,20210303,170000,24.02,24.045,23.98,23.98,1181,0
VRAI.US,60,20210303,180000,24.14,24.16,24.14,24.16,1166,0
VRAI.US,60,20210303,190000,24.215,24.215,24.16,24.16,205,0
VRAI.US,60,20210303,210000,24.14,24.17,24.14,24.17,2767,0
VRAI.US,60,20210303,220000,24.148,24.148,24.148,24.148,143,0
VRAI.US,60,20210304,160000,23.96,24.08,23.96,24.08,2738,0
VRAI.US,60,20210304,170000,24.0312,24.1764,24.0312,24.1764,652,0
VRAI.US,60,20210304,180000,24.3548,24.3548,24.3548,24.3548,103,0
VRAI.US,60,20210304,190000,24.4074,24.4106,24.19,24.19,4148,0
VRAI.US,60,20210304,210000,23.75,23.75,23.75,23.75,200,0
VRAI.US,60,20210304,220000,23.9681,23.9681,23.96,23.96,831,0
VRAI.US,60,20210305,180000,24.0225,24.0225,24.0225,24.0225,207,0
VRAI.US,60,20210305,190000,24.11,24.19,24.11,24.1437,1079,0
VRAI.US,60,20210305,200000,24.2575,24.2575,24.2575,24.2575,134,0
VRAI.US,60,20210305,210000,24.2,24.36,24.07,24.36,2751,0
VRAI.US,60,20210305,220000,24.46,24.555,24.42,24.55,20398,0
VRAI.US,60,20210308,160000,24.42,24.63,24.42,24.63,1863,0
VRAI.US,60,20210308,170000,24.5948,24.79,24.5948,24.79,604,0
VRAI.US,60,20210308,180000,24.7858,24.7858,24.705,24.75,1394,0
VRAI.US,60,20210308,190000,24.705,24.82,24.705,24.82,1052,0
VRAI.US,60,20210308,220000,24.73,24.9,24.72,24.75,3003,0
VRAI.US,60,20210309,160000,24.99,24.99,24.7739,24.865,539,0
VRAI.US,60,20210309,170000,24.77,24.77,24.76,24.76,550,0
VRAI.US,60,20210309,180000,24.9803,24.9803,24.9055,24.9207,675,0
VRAI.US,60,20210309,210000,24.87,24.87,24.85,24.85,1808,0
VRAI.US,60,20210309,220000,24.8,24.8145,24.8,24.8145,324,0
VRAI.US,60,20210310,160000,24.63,25.075,24.63,25.075,1909,0
VRAI.US,60,20210310,180000,25.015,25.015,25.005,25.005,485,0
VRAI.US,60,20210310,190000,25,25.025,25,25.025,584,0
VRAI.US,60,20210310,200000,25.04,25.0902,25.02,25.0902,708,0
VRAI.US,60,20210310,210000,25.165,25.1765,25.16,25.1765,946,0
VRAI.US,60,20210310,220000,25.1535,25.1535,25.11,25.11,2306,0
VRAI.US,60,20210311,160000,25.19,25.19,25.19,25.19,1036,0
VRAI.US,60,20210311,170000,25.32,25.32,25.3032,25.31,733,0
VRAI.US,60,20210311,190000,25.365,25.41,25.33,25.41,11784,0
VRAI.US,60,20210311,200000,25.4293,25.4293,25.37,25.3751,2771,0
VRAI.US,60,20210311,210000,25.37,25.42,25.31,25.31,2765,0
VRAI.US,60,20210311,220000,25.3441,25.3441,25.31,25.31,250,0
VRAI.US,60,20210312,170000,25.394,25.394,25.394,25.394,184,0
VRAI.US,60,20210312,180000,25.4286,25.46,25.415,25.4393,5669,0
VRAI.US,60,20210312,190000,25.42,25.4395,25.3527,25.43,4502,0
VRAI.US,60,20210312,200000,25.46,25.46,25.405,25.405,2752,0
VRAI.US,60,20210312,210000,25.435,25.48,25.435,25.4568,1143,0
VRAI.US,60,20210312,220000,25.4635,25.6086,25.4635,25.6086,846,0
VRAI.US,60,20210315,150000,25.74,25.74,25.6,25.61,808,0
VRAI.US,60,20210315,170000,25.6,25.635,25.6,25.635,484,0
VRAI.US,60,20210315,180000,25.67,25.67,25.67,25.67,191,0
VRAI.US,60,20210315,190000,25.8015,25.8015,25.7948,25.7948,828,0
VRAI.US,60,20210315,200000,25.77,25.77,25.77,25.77,200,0
VRAI.US,60,20210315,210000,25.68,25.8,25.68,25.8,2186,0
VRAI.US,60,20210316,150000,25.6,25.6,25.6,25.6,225,0
VRAI.US,60,20210316,160000,25.57,25.57,25.5,25.5,778,0
VRAI.US,60,20210316,170000,25.485,25.485,25.475,25.475,685,0
VRAI.US,60,20210316,200000,25.55,25.55,25.4555,25.5215,891,0
VRAI.US,60,20210316,210000,25.48,25.51,25.46,25.48,4805,0
VRAI.US,60,20210317,150000,25.48,25.48,25.39,25.39,1011,0
VRAI.US,60,20210317,160000,25.3,25.3,25.3,25.3,760,0
VRAI.US,60,20210317,170000,25.31,25.36,25.31,25.335,1041,0
VRAI.US,60,20210317,180000,25.36,25.36,25.3495,25.3495,200,0
VRAI.US,60,20210317,190000,25.27,25.27,25.27,25.27,747,0
VRAI.US,60,20210317,200000,25.525,25.525,25.525,25.525,129,0
VRAI.US,60,20210317,210000,25.46,25.495,25.46,25.46,2371,0
VRAI.US,60,20210318,150000,25.31,25.3509,25.31,25.3509,385,0
VRAI.US,60,20210318,160000,25.37,25.4,25.3255,25.3255,1753,0
VRAI.US,60,20210318,180000,25.385,25.385,25.385,25.385,182,0
VRAI.US,60,20210318,190000,25.35,25.35,25.35,25.35,2100,0
VRAI.US,60,20210318,200000,25.23,25.23,25.19,25.1932,1755,0
VRAI.US,60,20210318,210000,25.1525,25.1525,25.0214,25.0214,922,0
VRAI.US,60,20210319,150000,25.18,25.18,24.8075,24.8075,3164,0
VRAI.US,60,20210319,160000,24.9552,24.995,24.9552,24.995,931,0
VRAI.US,60,20210319,170000,25.165,25.205,25.165,25.205,400,0
VRAI.US,60,20210319,180000,25.17,25.17,25.17,25.17,201,0
VRAI.US,60,20210319,190000,25.11,25.12,25.11,25.12,328,0
VRAI.US,60,20210319,200000,25.042,25.07,25.042,25.07,1102,0
VRAI.US,60,20210319,210000,25.0864,25.2299,25.06,25.21,4904,0
VRAI.US,60,20210322,150000,24.01,24.01,24.01,24.01,100,0
VRAI.US,60,20210322,160000,24.56,24.63,24.5,24.63,3235,0
VRAI.US,60,20210322,170000,24.455,24.57,24.455,24.57,438,0
VRAI.US,60,20210322,180000,24.5105,24.5105,24.445,24.445,348,0
VRAI.US,60,20210322,190000,24.505,24.51,24.505,24.51,413,0
VRAI.US,60,20210322,200000,24.5558,24.61,24.55,24.598,5380,0
VRAI.US,60,20210322,210000,24.48,24.48,24.48,24.48,100,0
VRAI.US,60,20210323,150000,24.68,24.68,24.29,24.38,5472,0
VRAI.US,60,20210323,160000,24.39,24.48,24.39,24.4,2574,0
VRAI.US,60,20210323,170000,24.4259,24.53,24.4259,24.51,1682,0
VRAI.US,60,20210323,180000,24.52,24.55,24.495,24.55,1228,0
VRAI.US,60,20210323,200000,24.294,24.294,24.294,24.294,229,0
VRAI.US,60,20210323,210000,24.27,24.28,24.175,24.178,600,0
VRAI.US,60,20210324,150000,24.44,24.44,24.44,24.44,123,0
VRAI.US,60,20210324,160000,24.53,24.53,24.53,24.53,461,0
VRAI.US,60,20210324,170000,24.64,24.64,24.64,24.64,100,0
VRAI.US,60,20210324,180000,24.66,24.74,24.64,24.74,1621,0
VRAI.US,60,20210324,190000,24.69,24.6905,24.59,24.59,6096,0
VRAI.US,60,20210324,200000,24.6402,24.6402,24.6278,24.6278,379,0
VRAI.US,60,20210324,210000,24.545,24.55,24.32,24.3505,7345,0
VRAI.US,60,20210325,150000,24.03,24.03,24.03,24.03,304,0
VRAI.US,60,20210325,160000,24.185,24.215,24.185,24.215,642,0
VRAI.US,60,20210325,170000,24.1862,24.1862,24.1862,24.1862,687,0
VRAI.US,60,20210325,180000,24.58,24.58,24.555,24.555,260,0
VRAI.US,60,20210325,210000,24.5,24.59,24.5,24.59,263,0
VRAI.US,60,20210326,150000,24.8153,24.8153,24.745,24.745,635,0
VRAI.US,60,20210326,160000,24.94,24.95,24.8403,24.9496,38041,0
VRAI.US,60,20210326,170000,24.88,24.88,24.88,24.88,419,0
VRAI.US,60,20210326,180000,24.95,24.965,24.8985,24.965,975,0
VRAI.US,60,20210326,190000,24.95,24.95,24.95,24.95,100,0
VRAI.US,60,20210326,200000,24.78,24.8931,24.78,24.8462,2726,0
VRAI.US,60,20210326,210000,24.96,25.1,24.96,25.1,22676,0
VRAI.US,60,20210329,160000,25.09,25.09,25.002,25.0353,1593,0
VRAI.US,60,20210329,170000,24.9361,24.9361,24.8,24.8,2484,0
VRAI.US,60,20210329,180000,24.884,24.9561,24.884,24.9561,1021,0
VRAI.US,60,20210329,200000,24.94,24.98,24.93,24.98,2209,0
VRAI.US,60,20210329,220000,25.03,25.03,25.02,25.0203,469,0
VRAI.US,60,20210330,170000,24.8638,24.8638,24.8638,24.8638,145,0
VRAI.US,60,20210330,190000,24.79,24.8897,24.79,24.8897,2776,0
VRAI.US,60,20210330,200000,24.91,24.91,24.91,24.91,189,0
VRAI.US,60,20210330,210000,24.88,24.97,24.85,24.92,4312,0
VRAI.US,60,20210330,220000,24.94,25.01,24.84,24.84,3098,0
VRAI.US,60,20210331,160000,24.875,24.9585,24.875,24.954,2569,0
VRAI.US,60,20210331,170000,24.89,24.8969,24.89,24.89,1175,0
VRAI.US,60,20210331,180000,24.9,24.99,24.9,24.92,428,0
VRAI.US,60,20210331,190000,24.88,24.91,24.88,24.91,600,0
VRAI.US,60,20210331,200000,24.9585,24.9585,24.9567,24.9567,1341,0
VRAI.US,60,20210331,210000,24.9,24.9568,24.88,24.93,1863,0
VRAI.US,60,20210331,220000,24.99,25.0011,24.8881,24.8881,1768,0
VRAI.US,60,20210401,160000,24.93,24.93,24.91,24.91,200,0
VRAI.US,60,20210401,170000,24.975,25.06,24.975,25.0476,1007,0
VRAI.US,60,20210401,180000,24.97,24.97,24.97,24.97,200,0
VRAI.US,60,20210401,190000,25.075,25.075,25.075,25.075,1092,0
VRAI.US,60,20210401,200000,25.13,25.175,25.13,25.1695,654,0
VRAI.US,60,20210401,210000,25.15,25.185,25.15,25.185,315,0
VRAI.US,60,20210401,220000,25.13,25.14,25.13,25.14,2188,0
VRAI.US,60,20210405,160000,25.78,25.78,25.34,25.34,5273,0
VRAI.US,60,20210405,170000,25.41,25.41,25.41,25.41,142,0
VRAI.US,60,20210405,180000,25.44,25.44,25.44,25.44,465,0
VRAI.US,60,20210405,190000,25.37,25.37,25.2736,25.2736,861,0
VRAI.US,60,20210405,200000,25.3,25.3247,25.22,25.31,1562,0
VRAI.US,60,20210405,210000,25.3629,25.3629,25.2844,25.2844,1678,0
VRAI.US,60,20210405,220000,25.255,25.41,25.255,25.41,4675,0
VRAI.US,60,20210406,160000,25.46,25.46,25.46,25.46,613,0
VRAI.US,60,20210406,170000,25.5224,25.5661,25.5224,25.5661,608,0
VRAI.US,60,20210406,180000,25.4504,25.5088,25.4504,25.5,3267,0
VRAI.US,60,20210406,190000,25.45,25.5,25.38,25.3992,1397,0
VRAI.US,60,20210406,200000,25.384,25.384,25.384,25.384,200,0
VRAI.US,60,20210406,210000,25.35,25.41,25.25,25.3939,4464,0
VRAI.US,60,20210406,220000,25.385,25.443,25.385,25.443,1009,0
VRAI.US,60,20210407,160000,25.44,25.465,25.44,25.465,436,0
VRAI.US,60,20210407,170000,25.3601,25.3601,25.297,25.297,1404,0
VRAI.US,60,20210407,180000,25.3183,25.32,25.265,25.265,1730,0
VRAI.US,60,20210407,190000,25.25,25.2773,25.24,25.24,1100,0
VRAI.US,60,20210407,200000,25.325,25.325,25.31,25.3155,1160,0
VRAI.US,60,20210407,210000,25.31,25.31,25.3009,25.31,572,0
VRAI.US,60,20210407,220000,25.3149,25.339,25.26,25.335,4479,0
VRAI.US,60,20210408,160000,25.26,25.26,25.25,25.25,299,0
VRAI.US,60,20210408,170000,25.275,25.275,25.275,25.275,234,0
VRAI.US,60,20210408,180000,25.275,25.275,25.275,25.275,165,0
VRAI.US,60,20210408,190000,25.315,25.3491,25.315,25.3491,585,0
VRAI.US,60,20210408,200000,25.3234,25.35,25.3234,25.3345,745,0
VRAI.US,60,20210408,210000,25.325,25.35,25.325,25.34,914,0
VRAI.US,60,20210408,220000,25.37,25.375,25.35,25.35,730,0
VRAI.US,60,20210409,160000,25.36,25.36,25.36,25.36,371,0
VRAI.US,60,20210409,170000,25.3,25.33,25.27,25.286,1564,0
VRAI.US,60,20210409,180000,25.325,25.3692,25.325,25.3692,277,0
VRAI.US,60,20210409,190000,25.3,25.3,25.2716,25.2716,537,0
VRAI.US,60,20210409,200000,25.26,25.26,25.26,25.26,359,0
VRAI.US,60,20210409,220000,25.27,25.2911,25.23,25.26,1325,0
VRAI.US,60,20210412,160000,25.21,25.21,25.21,25.21,1306,0
VRAI.US,60,20210412,170000,25.21,25.2615,25.21,25.212,1859,0
VRAI.US,60,20210412,180000,25.19,25.27,25.19,25.27,3611,0
VRAI.US,60,20210412,190000,25.275,25.32,25.2707,25.3,3097,0
VRAI.US,60,20210412,200000,25.23,25.27,25.23,25.27,299,0
VRAI.US,60,20210412,210000,25.19,25.28,25.19,25.27,3537,0
VRAI.US,60,20210412,220000,25.3,25.31,25.25,25.25,420,0
VRAI.US,60,20210413,160000,25.25,25.25,25.25,25.25,303,0
VRAI.US,60,20210413,170000,25.22,25.22,25.22,25.22,226,0
VRAI.US,60,20210413,180000,25.241,25.25,25.241,25.25,1927,0
VRAI.US,60,20210413,200000,25.265,25.2727,25.2649,25.265,1155,0
VRAI.US,60,20210413,210000,25.2885,25.3398,25.2885,25.305,2623,0
VRAI.US,60,20210413,220000,25.3366,25.36,25.29,25.29,464,0
VRAI.US,60,20210414,160000,25.29,25.46,25.29,25.44,4038,0
VRAI.US,60,20210414,170000,25.43,25.43,25.43,25.43,274,0
VRAI.US,60,20210414,180000,25.485,25.515,25.46,25.46,2858,0
VRAI.US,60,20210414,190000,25.475,25.475,25.475,25.475,112,0
VRAI.US,60,20210414,210000,25.38,25.38,25.372,25.38,547,0
VRAI.US,60,20210414,220000,25.3,25.33,25.29,25.33,2186,0
VRAI.US,60,20210415,160000,25.58,25.58,25.58,25.58,100,0
VRAI.US,60,20210415,170000,25.42,25.48,25.42,25.44,5846,0
VRAI.US,60,20210415,180000,25.535,25.54,25.535,25.54,943,0
VRAI.US,60,20210415,190000,25.5767,25.5767,25.5613,25.5613,2180,0
VRAI.US,60,20210415,210000,25.59,25.625,25.59,25.6132,800,0
VRAI.US,60,20210415,220000,25.6316,25.66,25.595,25.595,862,0
VRAI.US,60,20210416,160000,25.66,25.82,25.66,25.7899,1979,0
VRAI.US,60,20210416,170000,25.7,25.7,25.7,25.7,2300,0
VRAI.US,60,20210416,180000,25.74,25.74,25.74,25.74,227,0
VRAI.US,60,20210416,190000,25.78,25.7898,25.78,25.7898,1500,0
VRAI.US,60,20210416,200000,25.7017,25.78,25.7017,25.78,2220,0
VRAI.US,60,20210416,210000,25.78,25.78,25.78,25.78,118,0
VRAI.US,60,20210416,220000,25.83,25.87,25.7,25.7,3385,0
VRAI.US,60,20210419,160000,25.73,25.795,25.73,25.795,325,0
VRAI.US,60,20210419,170000,25.7503,25.7503,25.68,25.68,1035,0
VRAI.US,60,20210419,190000,25.63,25.66,25.63,25.66,711,0
VRAI.US,60,20210419,200000,25.65,25.65,25.57,25.57,1432,0
VRAI.US,60,20210419,210000,25.63,25.63,25.63,25.63,352,0
VRAI.US,60,20210419,220000,25.637,25.73,25.62,25.73,6096,0
VRAI.US,60,20210420,160000,25.74,25.74,25.7,25.7,1407,0
VRAI.US,60,20210420,170000,25.56,25.56,25.56,25.56,200,0
VRAI.US,60,20210420,180000,25.58,25.605,25.57,25.58,790,0
VRAI.US,60,20210420,200000,25.61,25.6692,25.6,25.63,1226,0
VRAI.US,60,20210420,220000,25.61,25.6558,25.6013,25.6558,1059,0
VRAI.US,60,20210421,160000,25.69,25.69,25.48,25.48,496,0
VRAI.US,60,20210421,170000,25.75,25.8,25.75,25.7826,1797,0
VRAI.US,60,20210421,180000,25.85,25.86,25.82,25.85,3271,0
VRAI.US,60,20210421,200000,25.8367,25.8367,25.8367,25.8367,387,0
VRAI.US,60,20210421,210000,25.88,25.8899,25.81,25.855,4828,0
VRAI.US,60,20210421,220000,25.86,25.89,25.84,25.885,4499,0
VRAI.US,60,20210422,160000,25.76,25.76,25.69,25.71,1974,0
VRAI.US,60,20210422,170000,25.7952,25.7952,25.6905,25.6905,922,0
VRAI.US,60,20210422,180000,25.741,25.741,25.741,25.741,102,0
VRAI.US,60,20210422,190000,25.775,25.775,25.775,25.775,296,0
VRAI.US,60,20210422,210000,25.575,25.64,25.56,25.64,8342,0
VRAI.US,60,20210422,220000,25.64,25.64,25.55,25.55,714,0
VRAI.US,60,20210423,160000,25.62,25.62,25.62,25.62,170,0
VRAI.US,60,20210423,170000,25.68,25.68,25.68,25.68,171,0
VRAI.US,60,20210423,200000,25.72,25.72,25.7109,25.7109,381,0
VRAI.US,60,20210423,210000,25.71,25.71,25.71,25.71,908,0
VRAI.US,60,20210423,220000,25.73,25.785,25.73,25.7573,3146,0
VRAI.US,60,20210426,160000,25.87,25.889,25.87,25.8758,4014,0
VRAI.US,60,20210426,170000,25.94,25.9595,25.91,25.945,3478,0
VRAI.US,60,20210426,210000,25.9188,25.97,25.91,25.94,6414,0
VRAI.US,60,20210426,220000,25.9445,25.9445,25.87,25.87,2572,0
VRAI.US,60,20210427,160000,25.85,25.85,25.82,25.85,3536,0
VRAI.US,60,20210427,170000,25.8,25.8315,25.8,25.8315,1052,0
VRAI.US,60,20210427,180000,25.85,25.93,25.85,25.85,8098,0
VRAI.US,60,20210427,190000,25.9,25.9,25.8726,25.8726,1094,0
VRAI.US,60,20210427,200000,25.81,25.91,25.8003,25.86,8658,0
VRAI.US,60,20210427,210000,25.92,25.92,25.92,25.92,200,0
VRAI.US,60,20210427,220000,25.85,25.8559,25.81,25.85,4334,0
VRAI.US,60,20210428,160000,25.98,25.98,25.93,25.93,878,0
VRAI.US,60,20210428,170000,25.89,25.89,25.86,25.86,1200,0
VRAI.US,60,20210428,200000,25.9,25.9,25.9,25.9,624,0
VRAI.US,60,20210428,210000,25.8601,25.95,25.8601,25.9491,12662,0
VRAI.US,60,20210428,220000,25.95,25.95,25.95,25.95,200,0
VRAI.US,60,20210429,170000,26.1,26.1,26.045,26.06,2738,0
VRAI.US,60,20210429,180000,26.08,26.09,26.0182,26.0182,3258,0
VRAI.US,60,20210429,190000,26.03,26.03,26.03,26.03,1000,0
VRAI.US,60,20210429,200000,26.03,26.06,26.03,26.06,402,0
VRAI.US,60,20210429,210000,26.08,26.13,26.0594,26.0908,4570,0
VRAI.US,60,20210430,160000,26.14,26.14,26.14,26.14,1186,0
VRAI.US,60,20210430,170000,26.1111,26.1111,26.1,26.1,662,0
VRAI.US,60,20210430,180000,26.075,26.11,26.075,26.075,4292,0
VRAI.US,60,20210430,190000,26.0552,26.12,26.0552,26.12,2380,0
VRAI.US,60,20210430,200000,26.11,26.11,26.11,26.11,400,0
VRAI.US,60,20210430,210000,26.09,26.1,26.045,26.08,3594,0
VRAI.US,60,20210430,220000,26.07,26.1,26.02,26.04,5964,0
VRAI.US,60,20210503,160000,26.34,26.34,26.31,26.31,455,0
VRAI.US,60,20210503,170000,26.23,26.26,26.21,26.26,983,0
VRAI.US,60,20210503,180000,26.2999,26.32,26.285,26.32,2783,0
VRAI.US,60,20210503,200000,26.37,26.4,26.37,26.39,714,0
VRAI.US,60,20210503,210000,26.42,26.43,26.42,26.43,365,0
VRAI.US,60,20210503,220000,26.4001,26.4292,26.31,26.31,781,0
VRAI.US,60,20210504,160000,26.6,26.6,26.26,26.26,3217,0
VRAI.US,60,20210504,170000,26.26,26.425,26.26,26.27,1735,0
VRAI.US,60,20210504,180000,26.279,26.325,26.195,26.325,1170,0
VRAI.US,60,20210504,190000,26.28,26.28,26.28,26.28,200,0
VRAI.US,60,20210504,200000,26.28,26.385,26.26,26.295,2112,0
VRAI.US,60,20210504,210000,26.29,26.38,26.29,26.33,1580,0
VRAI.US,60,20210504,220000,26.29,26.29,26.2359,26.26,877,0
VRAI.US,60,20210505,160000,26.42,26.42,26.22,26.22,822,0
VRAI.US,60,20210505,170000,26.14,26.183,26.13,26.1775,2108,0
VRAI.US,60,20210505,180000,26.18,26.26,26.145,26.26,2937,0
VRAI.US,60,20210505,190000,26.28,26.28,26.28,26.28,570,0
VRAI.US,60,20210505,200000,26.21,26.26,26.19,26.26,4577,0
VRAI.US,60,20210505,210000,26.217,26.3,26.217,26.29,7726,0
VRAI.US,60,20210505,220000,26.23,26.26,26.18,26.23,5273,0
VRAI.US,60,20210506,160000,26.14,26.14,26.14,26.14,383,0
VRAI.US,60,20210506,170000,26.17,26.17,26.15,26.16,3780,0
VRAI.US,60,20210506,180000,26.31,26.31,26.31,26.31,250,0
VRAI.US,60,20210506,190000,26.4,26.4,26.37,26.37,1027,0
VRAI.US,60,20210506,200000,26.39,26.39,26.385,26.385,311,0
VRAI.US,60,20210506,210000,26.4338,26.4338,26.39,26.39,3083,0
VRAI.US,60,20210506,220000,26.4592,26.5103,26.4592,26.5103,1509,0
VRAI.US,60,20210507,160000,26.46,26.46,26.46,26.46,183,0
VRAI.US,60,20210507,170000,26.62,26.62,26.62,26.62,300,0
VRAI.US,60,20210507,180000,26.627,26.627,26.6009,26.6009,2226,0
VRAI.US,60,20210507,190000,26.67,26.67,26.6,26.6,430,0
VRAI.US,60,20210507,200000,26.688,26.73,26.688,26.73,400,0
VRAI.US,60,20210507,210000,26.67,26.67,26.67,26.67,1524,0
VRAI.US,60,20210507,220000,26.69,26.69,26.69,26.69,102,0
VRAI.US,60,20210510,160000,27.62,27.62,26.97,26.97,2887,0
VRAI.US,60,20210510,170000,26.9473,27.05,26.92,27.05,2179,0
VRAI.US,60,20210510,180000,27.06,27.07,27.02,27.02,2789,0
VRAI.US,60,20210510,190000,26.976,27,26.97,26.98,2352,0
VRAI.US,60,20210510,200000,26.9992,27,26.97,26.9918,6043,0
VRAI.US,60,20210510,210000,27.01,27.01,26.84,26.85,866,0
VRAI.US,60,20210510,220000,26.82,26.82,26.81,26.81,400,0
VRAI.US,60,20210511,160000,26.62,26.62,26.46,26.52,1257,0
VRAI.US,60,20210511,170000,26.4973,26.4973,26.35,26.35,564,0
VRAI.US,60,20210511,180000,26.33,26.33,26.33,26.33,305,0
VRAI.US,60,20210511,190000,26.46,26.46,26.35,26.35,555,0
VRAI.US,60,20210511,200000,26.35,26.52,26.35,26.52,2359,0
VRAI.US,60,20210511,210000,26.45,26.458,26.45,26.458,251,0
VRAI.US,60,20210511,220000,26.46,26.46,26.405,26.45,1571,0
VRAI.US,60,20210512,160000,26.36,26.535,26.36,26.47,1039,0
VRAI.US,60,20210512,170000,26.5,26.51,26.445,26.45,1217,0
VRAI.US,60,20210512,180000,26.42,26.42,26.39,26.42,1475,0
VRAI.US,60,20210512,200000,26.3199,26.3199,26.3199,26.3199,310,0
VRAI.US,60,20210512,210000,26.21,26.21,26.21,26.21,100,0
VRAI.US,60,20210512,220000,25.96,25.96,25.96,25.96,136,0
VRAI.US,60,20210513,160000,26.48,26.48,26.03,26.08,10984,0
VRAI.US,60,20210513,170000,26.3,26.3,26.2,26.24,2757,0
VRAI.US,60,20210513,180000,26.195,26.27,26.1772,26.1772,1738,0
VRAI.US,60,20210513,190000,26.24,26.3,26.23,26.23,1807,0
VRAI.US,60,20210513,200000,26.21,26.22,26.21,26.22,600,0
VRAI.US,60,20210513,210000,26.245,26.265,26.245,26.265,840,0
VRAI.US,60,20210513,220000,26.31,26.31,26.31,26.31,100,0
VRAI.US,60,20210514,160000,26.32,26.51,26.32,26.51,1522,0
VRAI.US,60,20210514,170000,26.575,26.575,26.5009,26.5009,961,0
VRAI.US,60,20210514,180000,26.57,26.57,26.57,26.57,600,0
VRAI.US,60,20210514,190000,26.52,26.545,26.52,26.54,1345,0
VRAI.US,60,20210514,200000,26.6168,26.6168,26.61,26.61,258,0
VRAI.US,60,20210514,210000,26.58,26.6291,26.58,26.6291,310,0
VRAI.US,60,20210514,220000,26.67,26.67,26.59,26.61,2687,0
VRAI.US,60,20210517,160000,26.63,26.6494,26.515,26.515,1294,0
VRAI.US,60,20210517,170000,26.56,26.66,26.53,26.53,1420,0
VRAI.US,60,20210517,180000,26.57,26.62,26.57,26.62,1028,0
VRAI.US,60,20210517,190000,26.62,26.69,26.62,26.68,1379,0
VRAI.US,60,20210517,200000,26.71,26.78,26.68,26.78,2280,0
VRAI.US,60,20210517,210000,26.75,26.79,26.74,26.755,1990,0
VRAI.US,60,20210517,220000,26.81,26.81,26.78,26.78,1125,0
VRAI.US,60,20210518,160000,26.74,26.755,26.71,26.755,1577,0
VRAI.US,60,20210518,180000,26.75,26.785,26.72,26.785,4888,0
VRAI.US,60,20210518,190000,26.75,26.75,26.68,26.68,7690,0
VRAI.US,60,20210518,200000,26.76,26.76,26.76,26.76,516,0
VRAI.US,60,20210518,220000,26.76,26.76,26.63,26.63,2169,0
VRAI.US,60,20210519,160000,26.3,26.32,26.3,26.32,436,0
VRAI.US,60,20210519,170000,26.18,26.25,26.172,26.25,2700,0
VRAI.US,60,20210519,180000,26.28,26.31,26.28,26.31,1200,0
VRAI.US,60,20210519,190000,26.32,26.39,26.32,26.39,3484,0
VRAI.US,60,20210519,220000,26.29,26.39,26.29,26.36,2279,0
VRAI.US,60,20210520,160000,26.36,26.42,26.36,26.42,1789,0
VRAI.US,60,20210520,170000,26.49,26.49,26.41,26.41,508,0
VRAI.US,60,20210520,180000,26.525,26.56,26.49,26.56,982,0
VRAI.US,60,20210520,200000,26.51,26.5619,26.51,26.55,767,0
VRAI.US,60,20210520,210000,26.585,26.585,26.58,26.58,391,0
VRAI.US,60,20210520,220000,26.58,26.63,26.58,26.61,1496,0
VRAI.US,60,20210521,160000,26.76,26.77,26.75,26.75,615,0
VRAI.US,60,20210521,170000,26.71,26.71,26.68,26.68,409,0
VRAI.US,60,20210521,180000,26.59,26.59,26.59,26.59,1115,0
VRAI.US,60,20210521,200000,26.59,26.59,26.55,26.57,1393,0
VRAI.US,60,20210521,210000,26.6,26.646,26.59,26.646,2295,0
VRAI.US,60,20210521,220000,26.6307,26.6307,26.6307,26.6307,164,0
VRAI.US,60,20210524,160000,26.63,26.675,26.63,26.675,2999,0
VRAI.US,60,20210524,170000,26.71,26.71,26.71,26.71,4177,0
VRAI.US,60,20210524,180000,26.745,26.745,26.745,26.745,105,0
VRAI.US,60,20210524,190000,26.69,26.8,26.69,26.77,1056,0
VRAI.US,60,20210524,200000,26.8,26.825,26.775,26.825,1320,0
VRAI.US,60,20210524,210000,26.78,26.86,26.78,26.86,2400,0
VRAI.US,60,20210524,220000,26.85,26.87,26.85,26.87,1000,0
VRAI.US,60,20210525,160000,26.77,26.77,26.64,26.71,1592,0
VRAI.US,60,20210525,170000,26.71,26.71,26.66,26.66,1471,0
VRAI.US,60,20210525,180000,26.65,26.66,26.615,26.615,945,0
VRAI.US,60,20210525,200000,26.66,26.68,26.61,26.61,6189,0
VRAI.US,60,20210525,210000,26.67,26.675,26.59,26.59,1964,0
VRAI.US,60,20210526,160000,26.7,26.7,26.7,26.7,101,0
VRAI.US,60,20210526,170000,26.58,26.6901,26.58,26.6901,2555,0
VRAI.US,60,20210526,190000,26.75,26.7684,26.75,26.7684,374,0
VRAI.US,60,20210526,200000,26.73,26.735,26.73,26.735,565,0
VRAI.US,60,20210526,210000,26.72,26.72,26.715,26.715,305,0
VRAI.US,60,20210526,220000,26.73,26.73,26.73,26.73,117,0
VRAI.US,60,20210527,160000,26.795,26.795,26.795,26.795,278,0
VRAI.US,60,20210527,170000,27.055,27.055,26.72,26.72,1154,0
VRAI.US,60,20210527,190000,26.71,26.71,26.71,26.71,223,0
VRAI.US,60,20210527,200000,26.75,26.75,26.7,26.74,1417,0
VRAI.US,60,20210527,210000,26.7406,26.7406,26.7406,26.7406,440,0
VRAI.US,60,20210527,220000,26.74,26.74,26.62,26.62,300,0
VRAI.US,60,20210528,160000,26.7226,26.76,26.7226,26.76,495,0
VRAI.US,60,20210528,170000,26.76,26.76,26.72,26.72,287,0
VRAI.US,60,20210528,180000,26.74,26.74,26.74,26.74,334,0
VRAI.US,60,20210528,190000,26.73,26.73,26.73,26.73,1000,0
VRAI.US,60,20210528,200000,26.775,26.78,26.775,26.78,419,0
VRAI.US,60,20210528,210000,26.78,26.78,26.78,26.78,1000,0
VRAI.US,60,20210528,220000,26.765,26.8183,26.765,26.8,8514,0
VRAI.US,60,20210601,160000,27.11,27.12,27.11,27.12,375,0
VRAI.US,60,20210601,170000,27.02,27.07,27.02,27.07,2269,0
VRAI.US,60,20210601,180000,27.09,27.12,26.98,27.12,640,0
VRAI.US,60,20210601,200000,27.06,27.06,27.02,27.02,339,0
VRAI.US,60,20210601,210000,27.06,27.06,27.06,27.06,1596,0
VRAI.US,60,20210601,220000,27.09,27.15,27.09,27.15,863,0
VRAI.US,60,20210602,160000,27.06,27.1122,27.06,27.1122,1038,0
VRAI.US,60,20210602,180000,27.27,27.3166,27.265,27.3166,450,0
VRAI.US,60,20210602,190000,27.33,27.33,27.33,27.33,1511,0
VRAI.US,60,20210602,200000,27.31,27.31,27.31,27.31,532,0
VRAI.US,60,20210602,210000,27.32,27.325,27.32,27.325,362,0
VRAI.US,60,20210602,220000,27.31,27.36,27.3,27.36,2187,0
VRAI.US,60,20210603,160000,27.11,27.11,27.06,27.06,365,0
VRAI.US,60,20210603,170000,27.2234,27.2234,27.2234,27.2234,304,0
VRAI.US,60,20210603,180000,27.27,27.27,27.25,27.25,518,0
VRAI.US,60,20210603,190000,27.21,27.21,27.21,27.21,187,0
VRAI.US,60,20210603,210000,27.235,27.29,27.235,27.29,1507,0
VRAI.US,60,20210603,220000,27.205,27.29,27.205,27.288,4664,0
VRAI.US,60,20210604,160000,27.13,27.3,27.13,27.3,3219,0
VRAI.US,60,20210604,170000,27.21,27.24,27.2,27.24,5800,0
VRAI.US,60,20210604,180000,27.25,27.25,27.175,27.2035,453,0
VRAI.US,60,20210604,190000,27.16,27.25,27.16,27.16,1231,0
VRAI.US,60,20210604,210000,27.25,27.25,27.25,27.25,170,0
VRAI.US,60,20210604,220000,27.255,27.255,27.24,27.24,322,0
VRAI.US,60,20210607,160000,27.29,27.42,27.27,27.42,540,0
VRAI.US,60,20210607,170000,27.36,27.36,27.36,27.36,196,0
VRAI.US,60,20210607,180000,27.33,27.39,27.33,27.39,934,0
VRAI.US,60,20210607,200000,27.42,27.48,27.42,27.465,902,0
VRAI.US,60,20210607,210000,27.47,27.47,27.47,27.47,291,0
VRAI.US,60,20210607,220000,27.48,27.48,27.34,27.35,809,0
VRAI.US,60,20210608,160000,27.27,27.27,27.27,27.27,535,0
VRAI.US,60,20210608,170000,27.31,27.47,27.31,27.47,962,0
VRAI.US,60,20210608,180000,27.38,27.38,27.38,27.38,533,0
VRAI.US,60,20210608,190000,27.39,27.53,27.39,27.455,1735,0
VRAI.US,60,20210608,200000,27.4112,27.55,27.4112,27.42,1147,0
VRAI.US,60,20210608,220000,27.48,27.48,27.48,27.48,674,0
VRAI.US,60,20210609,160000,27.22,27.41,27.22,27.41,867,0
VRAI.US,60,20210609,170000,27.55,27.55,27.54,27.54,600,0
VRAI.US,60,20210609,180000,27.545,27.545,27.545,27.545,2100,0
VRAI.US,60,20210609,190000,27.52,27.565,27.52,27.5567,620,0
VRAI.US,60,20210609,200000,27.62,27.62,27.52,27.575,695,0
VRAI.US,60,20210609,210000,27.63,27.63,27.53,27.53,521,0
VRAI.US,60,20210609,220000,27.495,27.495,27.42,27.42,382,0
VRAI.US,60,20210610,160000,27.46,27.69,27.46,27.69,906,0
VRAI.US,60,20210610,170000,27.64,27.64,27.635,27.635,216,0
VRAI.US,60,20210610,180000,27.555,27.555,27.52,27.52,2134,0
VRAI.US,60,20210610,190000,27.54,27.66,27.51,27.66,3918,0
VRAI.US,60,20210610,200000,27.625,27.68,27.57,27.68,686,0
VRAI.US,60,20210610,210000,27.625,27.7,27.6,27.6,1311,0
VRAI.US,60,20210610,220000,27.58,27.5998,27.56,27.56,458,0
VRAI.US,60,20210611,160000,27.7,27.7,27.57,27.57,1717,0
VRAI.US,60,20210611,170000,27.565,27.57,27.565,27.57,232,0
VRAI.US,60,20210611,180000,27.505,27.505,27.505,27.505,247,0
VRAI.US,60,20210611,190000,27.5271,27.55,27.5271,27.55,2334,0
VRAI.US,60,20210611,200000,27.505,27.505,27.505,27.505,875,0
VRAI.US,60,20210611,210000,27.495,27.495,27.495,27.495,331,0
VRAI.US,60,20210611,220000,27.45,27.6,27.45,27.6,3884,0
VRAI.US,60,20210614,160000,27.34,27.565,27.34,27.56,1204,0
VRAI.US,60,20210614,170000,27.59,27.59,27.47,27.47,313,0
VRAI.US,60,20210614,180000,27.53,27.53,27.41,27.415,1986,0
VRAI.US,60,20210614,200000,27.39,27.43,27.39,27.43,1300,0
VRAI.US,60,20210614,210000,27.36,27.36,27.36,27.36,169,0
VRAI.US,60,20210614,220000,27.405,27.51,27.36,27.4,789,0
VRAI.US,60,20210615,160000,27.36,27.49,27.36,27.37,595,0
VRAI.US,60,20210615,170000,27.35,27.35,27.35,27.35,1605,0
VRAI.US,60,20210615,180000,27.315,27.3619,27.315,27.3619,525,0
VRAI.US,60,20210615,190000,27.2,27.205,27.2,27.205,657,0
VRAI.US,60,20210615,200000,27.26,27.38,27.26,27.38,600,0
VRAI.US,60,20210615,210000,27.3,27.37,27.3,27.33,1653,0
VRAI.US,60,20210615,220000,27.395,27.43,27.34,27.4,1441,0
VRAI.US,60,20210616,160000,27.19,27.35,27.19,27.212,2690,0
VRAI.US,60,20210616,170000,27.285,27.285,27.28,27.28,553,0
VRAI.US,60,20210616,180000,27.45,27.45,27.45,27.45,748,0
VRAI.US,60,20210616,190000,27.411,27.411,27.24,27.24,1500,0
VRAI.US,60,20210616,200000,27.3288,27.3288,27.32,27.32,901,0
VRAI.US,60,20210616,210000,27.02,27.21,27.02,27.21,1184,0
VRAI.US,60,20210616,220000,27.09,27.22,27.09,27.1,1101,0
VRAI.US,60,20210617,160000,26.91,27.091,26.91,26.9899,2125,0
VRAI.US,60,20210617,170000,26.87,26.87,26.815,26.815,2172,0
VRAI.US,60,20210617,180000,26.77,26.77,26.61,26.6308,3585,0
VRAI.US,60,20210617,190000,26.63,26.63,26.63,26.63,300,0
VRAI.US,60,20210617,200000,26.621,26.621,26.56,26.56,459,0
VRAI.US,60,20210617,210000,26.56,26.56,26.54,26.54,598,0
VRAI.US,60,20210617,220000,26.55,26.72,26.55,26.58,689,0
VRAI.US,60,20210618,160000,26.5,26.5,26.37,26.37,339,0
VRAI.US,60,20210618,170000,26.358,26.358,26.358,26.358,175,0
VRAI.US,60,20210618,180000,26.38,26.4481,26.38,26.4481,538,0
VRAI.US,60,20210618,190000,26.47,26.48,26.415,26.415,2220,0
VRAI.US,60,20210618,200000,26.38,26.38,26.22,26.22,3024,0
VRAI.US,60,20210618,210000,26.26,26.275,26.26,26.275,473,0
VRAI.US,60,20210621,160000,26.01,26.14,26.01,26.11,3219,0
VRAI.US,60,20210621,170000,26.3201,26.3201,26.3201,26.3201,256,0
VRAI.US,60,20210621,190000,26.42,26.425,26.42,26.425,200,0
VRAI.US,60,20210621,200000,26.52,26.52,26.52,26.52,300,0
VRAI.US,60,20210621,210000,26.526,26.56,26.5,26.5,1105,0
VRAI.US,60,20210621,220000,26.6,26.6,26.51,26.51,1341,0
VRAI.US,60,20210622,160000,26.42,26.49,26.42,26.49,1909,0
VRAI.US,60,20210622,170000,26.43,26.43,26.43,26.43,300,0
VRAI.US,60,20210622,180000,26.58,26.58,26.4999,26.4999,749,0
VRAI.US,60,20210622,190000,26.38,26.49,26.38,26.49,2313,0
VRAI.US,60,20210622,210000,26.54,26.5799,26.44,26.5799,2594,0
VRAI.US,60,20210622,220000,26.48,26.48,26.48,26.48,291,0
VRAI.US,60,20210623,170000,26.645,26.645,26.6023,26.6023,462,0
VRAI.US,60,20210623,180000,26.565,26.565,26.565,26.565,143,0
VRAI.US,60,20210623,190000,26.53,26.55,26.53,26.55,1122,0
VRAI.US,60,20210623,200000,26.58,26.58,26.5734,26.5734,1615,0
VRAI.US,60,20210623,220000,26.53,26.54,26.48,26.48,6012,0
VRAI.US,60,20210624,160000,26.66,26.66,26.66,26.66,132,0
VRAI.US,60,20210624,170000,26.48,26.48,26.45,26.45,1000,0
VRAI.US,60,20210624,180000,26.42,26.4488,26.35,26.376,3206,0
VRAI.US,60,20210624,190000,26.46,26.46,26.37,26.372,2804,0
VRAI.US,60,20210624,200000,26.43,26.43,26.43,26.43,103,0
VRAI.US,60,20210624,220000,26.45,26.56,26.4,26.44,4315,0
VRAI.US,60,20210625,160000,26.73,26.73,26.58,26.61,2579,0
VRAI.US,60,20210625,170000,26.63,26.66,26.52,26.59,4027,0
VRAI.US,60,20210625,180000,26.59,26.62,26.555,26.6,3193,0
VRAI.US,60,20210625,190000,26.6,26.65,26.59,26.62,3300,0
VRAI.US,60,20210625,200000,26.62,26.63,26.57,26.63,3400,0
VRAI.US,60,20210625,210000,26.63,26.66,26.57,26.65,2432,0
VRAI.US,60,20210625,220000,26.63,26.698,26.63,26.66,1566,0
VRAI.US,60,20210628,160000,26.48,26.57,26.39,26.41,1690,0
VRAI.US,60,20210628,170000,26.41,26.41,26.35,26.35,889,0
VRAI.US,60,20210628,190000,26.27,26.27,26.27,26.27,200,0
VRAI.US,60,20210628,200000,26.25,26.28,26.25,26.28,1658,0
VRAI.US,60,20210628,210000,26.3,26.3,26.27,26.27,5006,0
VRAI.US,60,20210628,220000,26.201,26.28,26.201,26.28,745,0
VRAI.US,60,20210629,160000,26.26,26.42,26.26,26.305,721,0
VRAI.US,60,20210629,170000,26.26,26.27,26.26,26.27,1100,0
VRAI.US,60,20210629,190000,26.28,26.28,26.28,26.28,2761,0
VRAI.US,60,20210629,210000,26.23,26.25,26.2,26.2,998,0
VRAI.US,60,20210629,220000,26.1,26.17,26.07,26.17,1304,0
VRAI.US,60,20210630,160000,26.29,26.29,26.29,26.29,239,0
VRAI.US,60,20210630,170000,26.27,26.27,26.27,26.27,261,0
VRAI.US,60,20210630,180000,26.26,26.28,26.1514,26.28,2272,0
VRAI.US,60,20210630,190000,26.3299,26.3299,26.3299,26.3299,500,0
VRAI.US,60,20210630,200000,26.275,26.275,26.2598,26.2598,1156,0
VRAI.US,60,20210630,220000,26.22,26.3,26.22,26.3,695,0
VRAI.US,60,20210701,160000,26.22,26.4,26.22,26.3207,1244,0
VRAI.US,60,20210701,170000,26.41,26.42,26.38,26.38,3900,0
VRAI.US,60,20210701,180000,26.43,26.49,26.43,26.49,1302,0
VRAI.US,60,20210701,190000,26.525,26.6,26.525,26.594,1844,0
VRAI.US,60,20210701,200000,26.55,26.57,26.51,26.51,2300,0
VRAI.US,60,20210701,210000,26.48,26.515,26.48,26.515,671,0
VRAI.US,60,20210701,220000,26.52,26.57,26.47,26.52,2132,0
VRAI.US,60,20210702,170000,26.34,26.45,26.34,26.45,726,0
VRAI.US,60,20210702,180000,26.45,26.45,26.44,26.45,1912,0
VRAI.US,60,20210702,200000,26.5,26.521,26.44,26.45,1292,0
VRAI.US,60,20210702,210000,26.5082,26.5082,26.48,26.48,570,0
VRAI.US,60,20210702,220000,26.59,26.59,26.45,26.45,1440,0
VRAI.US,60,20210706,160000,26.43,26.43,26.34,26.34,1920,0
VRAI.US,60,20210706,170000,26.1101,26.2,26.1101,26.2,1250,0
VRAI.US,60,20210706,180000,26.17,26.17,26.15,26.15,2516,0
VRAI.US,60,20210706,190000,26.13,26.13,26.13,26.13,321,0
VRAI.US,60,20210706,210000,26.14,26.31,26.13,26.2,2807,0
VRAI.US,60,20210706,220000,26.23,26.3,26.22,26.25,2944,0
VRAI.US,60,20210707,160000,26.09,26.22,26.09,26.22,705,0
VRAI.US,60,20210707,170000,26.16,26.215,26.16,26.215,340,0
VRAI.US,60,20210707,190000,26.23,26.2894,26.23,26.2894,933,0
VRAI.US,60,20210707,200000,26.35,26.36,26.29,26.36,4102,0
VRAI.US,60,20210707,210000,26.35,26.35,26.29,26.29,1000,0
VRAI.US,60,20210707,220000,26.29,26.29,26.28,26.28,1234,0
VRAI.US,60,20210708,160000,25.88,26.05,25.88,26.05,253,0
VRAI.US,60,20210708,170000,26.01,26.01,26,26,200,0
VRAI.US,60,20210708,180000,26.2,26.2,26.2,26.2,300,0
VRAI.US,60,20210708,190000,26.26,26.26,26.14,26.14,1269,0
VRAI.US,60,20210708,200000,26.1804,26.19,26.06,26.12,2023,0
VRAI.US,60,20210708,210000,26.065,26.12,26.065,26.0857,867,0
VRAI.US,60,20210708,220000,25.98,26.03,25.98,25.985,591,0
VRAI.US,60,20210709,160000,26.41,26.41,26.22,26.22,425,0
VRAI.US,60,20210709,170000,26.4031,26.44,26.4031,26.44,698,0
VRAI.US,60,20210709,180000,26.34,26.39,26.2801,26.34,5520,0
VRAI.US,60,20210709,210000,26.39,26.52,26.39,26.42,3321,0
VRAI.US,60,20210709,220000,26.44,26.53,26.43,26.44,1112,0
