<TICKER>,<PER>,<DATE>,<TIME>,<OPEN>,<HIGH>,<LOW>,<CLOSE>,<VOL>,<OPENINT>
ARES_A.US,D,20160615,000000,24.97,25.17,24.97,25.06,292433,0
ARES_A.US,D,20160616,000000,25.05,25.07,24.985,25.04,127830,0
ARES_A.US,D,20160617,000000,25.04,25.12,25.036,25.04,262605,0
ARES_A.US,D,20160620,000000,25.1,25.13,25.06,25.08,210091,0
ARES_A.US,D,20160621,000000,25.1,25.1,25.07,25.09,190513,0
ARES_A.US,D,20160622,000000,25.1,25.13,25,25.1,231099,0
ARES_A.US,D,20160623,000000,25.11,25.17,25.11,25.14,158089,0
ARES_A.US,D,20160624,000000,24.69,25.04,24.67,24.87,217959,0
ARES_A.US,D,20160627,000000,24.87,24.98,24.75,24.96,183263,0
ARES_A.US,D,20160628,000000,25.04,25.27,25.03,25.24,288092,0
ARES_A.US,D,20160629,000000,25.32,25.44,25.26,25.43,330103,0
ARES_A.US,D,20160630,000000,25.46,25.68,25.33,25.61,230047,0
ARES_A.US,D,20160701,000000,25.7,25.9,25.66,25.71,212559,0
ARES_A.US,D,20160705,000000,25.85,25.92,25.65,25.86,150184,0
ARES_A.US,D,20160706,000000,25.86,26.025,25.83,25.95,180669,0
ARES_A.US,D,20160707,000000,25.96,25.97,25.76,25.84,145037,0
ARES_A.US,D,20160708,000000,25.81,25.98,25.81,25.98,211558,0
ARES_A.US,D,20160711,000000,25.95,26.04,25.9435,26.02,512928,0
ARES_A.US,D,20160712,000000,25.94,26,25.83,25.89,281748,0
ARES_A.US,D,20160713,000000,25.9,26,25.7601,25.81,239941,0
ARES_A.US,D,20160714,000000,25.75,25.82,25.52,25.57,252849,0
ARES_A.US,D,20160715,000000,25.6,25.72,25.45,25.72,974245,0
ARES_A.US,D,20160718,000000,25.68,25.8,25.62,25.8,134783,0
ARES_A.US,D,20160719,000000,25.81,25.86,25.7416,25.86,123436,0
ARES_A.US,D,20160720,000000,25.88,25.95,25.85,25.91,66869,0
ARES_A.US,D,20160721,000000,25.89,25.91,25.831,25.91,72606,0
ARES_A.US,D,20160722,000000,25.91,26,25.8,26,87031,0
ARES_A.US,D,20160725,000000,26,26.179,25.87,26.06,145653,0
ARES_A.US,D,20160726,000000,26.17,26.3,26.02,26.11,85895,0
ARES_A.US,D,20160727,000000,26.1,26.2,26.05,26.1,64273,0
ARES_A.US,D,20160728,000000,26.14,26.15,25.95,26.11,108289,0
ARES_A.US,D,20160729,000000,26.1,26.1499,26,26.09,89190,0
ARES_A.US,D,20160801,000000,26.2,26.2499,25.9101,25.98,45687,0
ARES_A.US,D,20160802,000000,26.02,26.09,25.94,26.09,39808,0
ARES_A.US,D,20160803,000000,26.16,26.1674,25.97,26.01,48235,0
ARES_A.US,D,20160804,000000,26.07,26.095,25.9,25.98,69139,0
ARES_A.US,D,20160805,000000,26.07,26.1399,25.92,26.1001,48784,0
ARES_A.US,D,20160808,000000,26.17,26.24,26.13,26.24,47198,0
ARES_A.US,D,20160809,000000,26.26,26.39,26.26,26.27,70526,0
ARES_A.US,D,20160810,000000,26.28,26.42,26.2421,26.36,59707,0
ARES_A.US,D,20160811,000000,26.42,26.42,26.16,26.32,160463,0
ARES_A.US,D,20160812,000000,26.41,26.43,26.14,26.25,51049,0
ARES_A.US,D,20160815,000000,26.38,26.43,26.24,26.42,45735,0
ARES_A.US,D,20160816,000000,26.42,26.44,26.26,26.44,58431,0
ARES_A.US,D,20160817,000000,26.46,26.58,26.4401,26.56,30383,0
ARES_A.US,D,20160818,000000,26.64,26.69,26.45,26.6,55701,0
ARES_A.US,D,20160819,000000,26.6001,26.68,26.49,26.65,24222,0
ARES_A.US,D,20160822,000000,26.52,26.86,26.45,26.82,107381,0
ARES_A.US,D,20160823,000000,26.8416,26.9,26.6369,26.66,87561,0
ARES_A.US,D,20160824,000000,26.6,26.7577,26.56,26.73,71127,0
ARES_A.US,D,20160825,000000,26.7,26.89,26.65,26.75,46505,0
ARES_A.US,D,20160826,000000,26.75,26.99,26.74,26.9,60355,0
ARES_A.US,D,20160829,000000,26.83,27.2,26.83,27.05,106424,0
ARES_A.US,D,20160830,000000,27.0395,27.05,26.97,27.01,52693,0
ARES_A.US,D,20160831,000000,27.04,27.58,27,27.46,217450,0
ARES_A.US,D,20160901,000000,27.46,27.46,26.98,27.03,96566,0
ARES_A.US,D,20160902,000000,27.07,27.18,27.03,27.1,97048,0
ARES_A.US,D,20160906,000000,27.1,27.28,27.06,27.18,51122,0
ARES_A.US,D,20160907,000000,27.2154,27.2154,27,27,94626,0
ARES_A.US,D,20160908,000000,27.01,27.08,26.77,26.8,89342,0
ARES_A.US,D,20160909,000000,26.8,26.8332,26.23,26.35,90117,0
ARES_A.US,D,20160912,000000,26.35,26.46,26.3,26.45,37970,0
ARES_A.US,D,20160913,000000,26.08,26.08,25.66,25.79,122086,0
ARES_A.US,D,20160914,000000,25.72,25.98,25.54,25.98,53278,0
ARES_A.US,D,20160915,000000,25.8999,26.21,25.851,26.1001,47739,0
ARES_A.US,D,20160916,000000,26.1,26.13,25.92,26.02,11078,0
ARES_A.US,D,20160919,000000,26.0199,26.13,25.99,26.13,49134,0
ARES_A.US,D,20160920,000000,26.13,26.13,25.82,25.85,88353,0
ARES_A.US,D,20160921,000000,25.93,26.191,25.82,26.16,50650,0
ARES_A.US,D,20160922,000000,26.21,26.34,26.1,26.14,63654,0
ARES_A.US,D,20160923,000000,26.15,26.24,26.0701,26.2,23943,0
ARES_A.US,D,20160926,000000,26.1,26.3501,26.1,26.35,27700,0
ARES_A.US,D,20160927,000000,26.29,26.3965,26.12,26.24,77362,0
ARES_A.US,D,20160928,000000,26.2657,26.33,26.11,26.17,24612,0
ARES_A.US,D,20160929,000000,26.15,26.19,25.89,25.97,116276,0
ARES_A.US,D,20160930,000000,26.19,26.19,26,26,38095,0
ARES_A.US,D,20161003,000000,26.05,26.377,26.05,26.3,24047,0
ARES_A.US,D,20161004,000000,26.22,26.3486,26.01,26.01,38385,0
ARES_A.US,D,20161005,000000,26.15,26.19,26.0009,26.11,26629,0
ARES_A.US,D,20161006,000000,26.0401,26.1799,26.03,26.07,34322,0
ARES_A.US,D,20161007,000000,26.1508,26.19,26.01,26.01,20759,0
ARES_A.US,D,20161010,000000,26.0657,26.0657,25.905,25.96,14994,0
ARES_A.US,D,20161011,000000,26,26.099,25.89,25.99,63781,0
ARES_A.US,D,20161012,000000,25.96,26.01,25.93,25.95,34760,0
ARES_A.US,D,20161013,000000,26,26,25.8501,25.97,41601,0
ARES_A.US,D,20161014,000000,25.97,26.09,25.8944,25.8944,15818,0
ARES_A.US,D,20161017,000000,26.07,26.07,25.9,26.07,9904,0
ARES_A.US,D,20161018,000000,26.09,26.2481,25.91,26.07,51670,0
ARES_A.US,D,20161019,000000,26.05,26.27,26.05,26.114,16769,0
ARES_A.US,D,20161020,000000,26.2535,26.35,26.09,26.12,19300,0
ARES_A.US,D,20161021,000000,26.15,26.67,26,26.46,92018,0
ARES_A.US,D,20161024,000000,26.46,26.5558,26.05,26.09,46105,0
ARES_A.US,D,20161025,000000,26.09,26.28,26.07,26.28,15034,0
ARES_A.US,D,20161026,000000,26.65,26.65,26.2,26.33,20048,0
ARES_A.US,D,20161027,000000,26.39,26.45,26.0201,26.0201,21393,0
ARES_A.US,D,20161028,000000,26.16,26.22,26.11,26.22,8266,0
ARES_A.US,D,20161031,000000,26.1798,26.219,25.92,25.93,19930,0
ARES_A.US,D,20161101,000000,26.07,26.0799,25.64,25.725,38465,0
ARES_A.US,D,20161102,000000,25.7,25.8,25.51,25.51,23828,0
ARES_A.US,D,20161103,000000,25.524,25.6,25.4,25.52,73373,0
ARES_A.US,D,20161104,000000,25.55,25.7,25.402,25.64,24918,0
ARES_A.US,D,20161107,000000,25.73,25.82,25.57,25.57,20203,0
ARES_A.US,D,20161108,000000,25.61,25.87,25.6,25.7,10058,0
ARES_A.US,D,20161109,000000,25.54,25.624,25.01,25.08,34896,0
ARES_A.US,D,20161110,000000,25.19,25.22,24.39,25.08,112088,0
ARES_A.US,D,20161111,000000,24.95,24.9748,24.7748,24.8124,46374,0
ARES_A.US,D,20161114,000000,24.87,24.94,21.63,23.925,119926,0
ARES_A.US,D,20161115,000000,24.08,24.94,23.62,24.802,79666,0
ARES_A.US,D,20161116,000000,24.88,25.3,24.8418,25.2208,68911,0
ARES_A.US,D,20161117,000000,25.22,25.32,24.5,24.9679,81340,0
ARES_A.US,D,20161118,000000,24.98,25.06,24.5469,24.6705,42283,0
ARES_A.US,D,20161121,000000,24.85,24.85,24.6,24.63,70767,0
ARES_A.US,D,20161122,000000,24.7896,24.85,24.7,24.85,18493,0
ARES_A.US,D,20161123,000000,24.7,24.8499,24.5,24.66,39052,0
ARES_A.US,D,20161125,000000,24.7721,24.84,24.5697,24.5697,3329,0
ARES_A.US,D,20161128,000000,24.63,24.8,24.2205,24.63,23236,0
ARES_A.US,D,20161129,000000,24.4752,24.85,24.241,24.85,35245,0
ARES_A.US,D,20161130,000000,24.79,24.91,24.45,24.91,23798,0
ARES_A.US,D,20161201,000000,24.89,24.89,24.24,24.55,22451,0
ARES_A.US,D,20161202,000000,24.55,24.91,24.13,24.7085,28024,0
ARES_A.US,D,20161205,000000,24.8111,24.8111,24.55,24.6999,17723,0
ARES_A.US,D,20161206,000000,24.91,25.46,24.71,25.15,50270,0
ARES_A.US,D,20161207,000000,25.05,25.2999,24.8997,25,23892,0
ARES_A.US,D,20161208,000000,24.98,25,24.72,24.8859,26209,0
ARES_A.US,D,20161209,000000,24.96,25.1,24.85,25.02,49694,0
ARES_A.US,D,20161212,000000,25.1552,25.3499,25.001,25.2,23848,0
ARES_A.US,D,20161213,000000,25,25.2,24.9994,25.1502,31032,0
ARES_A.US,D,20161214,000000,25.11,25.23,24.611,25.05,81720,0
ARES_A.US,D,20161215,000000,25.05,25.0756,24.57,24.68,34237,0
ARES_A.US,D,20161216,000000,24.8529,24.8696,24.59,24.8,18126,0
ARES_A.US,D,20161219,000000,24.8,24.9151,24.65,24.8207,79397,0
ARES_A.US,D,20161220,000000,24.82,24.931,24.72,24.9,26278,0
ARES_A.US,D,20161221,000000,24.92,25.2,24.9,25.2,35880,0
ARES_A.US,D,20161222,000000,25.11,25.41,25.1,25.165,26825,0
ARES_A.US,D,20161223,000000,25.07,25.3442,25.07,25.21,11069,0
ARES_A.US,D,20161227,000000,25.2,25.278,25.13,25.13,21195,0
ARES_A.US,D,20161228,000000,25.12,25.14,24.87,25.0251,22874,0
ARES_A.US,D,20161229,000000,24.92,25.37,24.92,25.28,26576,0
ARES_A.US,D,20161230,000000,25.49,25.49,25.05,25.05,32893,0
ARES_A.US,D,20170103,000000,25.3224,25.46,25.1001,25.35,20158,0
ARES_A.US,D,20170104,000000,25.49,25.75,25.35,25.75,49755,0
ARES_A.US,D,20170105,000000,25.7,25.773,25.42,25.45,34762,0
ARES_A.US,D,20170106,000000,25.5,25.67,25.4146,25.44,14456,0
ARES_A.US,D,20170109,000000,25.8,25.85,25.3914,25.5,23375,0
ARES_A.US,D,20170110,000000,25.1,25.88,25.1,25.6,14094,0
ARES_A.US,D,20170111,000000,25.75,25.75,25.5,25.5,21015,0
ARES_A.US,D,20170112,000000,25.61,25.63,25.4324,25.4807,16208,0
ARES_A.US,D,20170113,000000,25.36,25.49,25.33,25.3998,47514,0
ARES_A.US,D,20170117,000000,25.46,25.54,25.408,25.4599,18707,0
ARES_A.US,D,20170118,000000,25.38,25.68,25.38,25.62,22242,0
ARES_A.US,D,20170119,000000,25.7,25.7,25.04,25.14,32255,0
ARES_A.US,D,20170120,000000,25.15,25.49,24.93,24.93,36574,0
ARES_A.US,D,20170123,000000,25.08,25.389,25.08,25.2,42999,0
ARES_A.US,D,20170124,000000,25.22,25.38,25.04,25.1,42209,0
ARES_A.US,D,20170125,000000,24.99,25.15,24.9201,25.1,45276,0
ARES_A.US,D,20170126,000000,25.1,25.62,25.1,25.4644,39181,0
ARES_A.US,D,20170127,000000,25.5,25.59,25.3232,25.335,13525,0
ARES_A.US,D,20170130,000000,25.44,25.8824,25.27,25.6992,20230,0
ARES_A.US,D,20170131,000000,25.8,26.1,25.63,25.93,52166,0
ARES_A.US,D,20170201,000000,25.98,26.05,25.8501,26.04,29475,0
ARES_A.US,D,20170202,000000,26.0001,26.25,26,26.09,38947,0
ARES_A.US,D,20170203,000000,26.04,26.2,25.79,25.81,19262,0
ARES_A.US,D,20170206,000000,25.83,25.908,25.67,25.78,51306,0
ARES_A.US,D,20170207,000000,25.72,25.94,25.72,25.91,8274,0
ARES_A.US,D,20170208,000000,25.85,26.12,25.84,26.09,28285,0
ARES_A.US,D,20170209,000000,26.0953,26.0953,25.83,25.95,22049,0
ARES_A.US,D,20170210,000000,25.94,26.06,25.75,25.96,32288,0
ARES_A.US,D,20170213,000000,26.06,26.06,25.9101,25.97,16748,0
ARES_A.US,D,20170214,000000,25.8883,26.295,25.8883,26.25,33613,0
ARES_A.US,D,20170215,000000,26.1,26.2199,25.93,25.99,27728,0
ARES_A.US,D,20170216,000000,26.01,26.17,26,26.17,24933,0
ARES_A.US,D,20170217,000000,26.0701,26.2146,26.0701,26.19,18835,0
ARES_A.US,D,20170221,000000,26.19,26.19,25.96,26.129,15991,0
ARES_A.US,D,20170222,000000,26.0394,26.071,25.95,25.96,10783,0
ARES_A.US,D,20170223,000000,25.98,26.19,25.98,26.1,26647,0
ARES_A.US,D,20170224,000000,26.07,26.3,26.05,26.27,56902,0
ARES_A.US,D,20170227,000000,26.26,26.26,26.13,26.23,11454,0
ARES_A.US,D,20170228,000000,26.06,26.29,26.06,26.23,45645,0
ARES_A.US,D,20170301,000000,26.2,26.2199,26,26.0959,20377,0
ARES_A.US,D,20170302,000000,26.11,26.1701,26.01,26.17,32568,0
ARES_A.US,D,20170303,000000,26.02,26.33,26.02,26.33,21571,0
ARES_A.US,D,20170306,000000,26.2928,26.33,26.14,26.14,25555,0
ARES_A.US,D,20170307,000000,26.14,26.2776,26.12,26.12,12698,0
ARES_A.US,D,20170308,000000,26.12,26.1999,25.93,25.96,27816,0
ARES_A.US,D,20170309,000000,25.94,26.05,25.76,26,50880,0
ARES_A.US,D,20170310,000000,25.8006,26,25.8006,26,20620,0
ARES_A.US,D,20170313,000000,25.499,25.65,25.4756,25.65,15274,0
ARES_A.US,D,20170314,000000,25.4792,25.69,25.41,25.68,45168,0
ARES_A.US,D,20170315,000000,25.68,25.8814,25.5,25.7,35043,0
ARES_A.US,D,20170316,000000,25.74,25.92,25.67,25.92,31986,0
ARES_A.US,D,20170317,000000,25.81,26.02,25.81,25.88,28353,0
ARES_A.US,D,20170320,000000,25.88,25.9973,25.88,25.9,29571,0
ARES_A.US,D,20170321,000000,25.833,25.9494,25.67,25.8802,74115,0
ARES_A.US,D,20170322,000000,25.86,26.05,25.76,25.98,18955,0
ARES_A.US,D,20170323,000000,25.99,26.05,25.9426,26,11590,0
ARES_A.US,D,20170324,000000,25.92,26.13,25.919,26.13,27669,0
ARES_A.US,D,20170327,000000,26.03,26.2,26.03,26.1303,12890,0
ARES_A.US,D,20170328,000000,25.99,26.23,25.96,26.13,50204,0
ARES_A.US,D,20170329,000000,26.07,26.3,26.07,26.1464,23490,0
ARES_A.US,D,20170330,000000,26.24,26.4,26.14,26.3,30633,0
ARES_A.US,D,20170331,000000,26.4,26.4,26.08,26.26,30564,0
ARES_A.US,D,20170403,000000,26.2095,26.37,26.0863,26.1933,29979,0
ARES_A.US,D,20170404,000000,26.1,26.3,26.05,26.18,36173,0
ARES_A.US,D,20170405,000000,26.11,26.2499,26.08,26.13,22532,0
ARES_A.US,D,20170406,000000,26.04,26.3,26.04,26.2,45342,0
ARES_A.US,D,20170407,000000,26.2,26.2,26.1001,26.1824,12765,0
ARES_A.US,D,20170410,000000,26.12,26.1832,26.02,26.086,34812,0
ARES_A.US,D,20170411,000000,26.03,26.063,25.9183,26.04,27940,0
ARES_A.US,D,20170412,000000,26.0101,26.05,25.91,26,33167,0
ARES_A.US,D,20170413,000000,25.99,26.1,25.9,26.1,23302,0
ARES_A.US,D,20170417,000000,26.06,26.15,25.91,25.93,61206,0
ARES_A.US,D,20170418,000000,25.96,25.97,25.61,25.69,44792,0
ARES_A.US,D,20170419,000000,25.71,25.85,25.64,25.8026,32453,0
ARES_A.US,D,20170420,000000,25.77,25.9,25.74,25.8,78964,0
ARES_A.US,D,20170421,000000,25.8,25.97,25.7997,25.97,28916,0
ARES_A.US,D,20170424,000000,26,26.01,25.9325,26.01,15987,0
ARES_A.US,D,20170425,000000,25.99,26.09,25.99,25.99,34068,0
ARES_A.US,D,20170426,000000,26.07,26.1799,26.0109,26.16,33728,0
ARES_A.US,D,20170427,000000,26.1757,26.2,26.04,26.18,24338,0
ARES_A.US,D,20170428,000000,26.2,26.2,26.07,26.2,26537,0
ARES_A.US,D,20170501,000000,26.15,26.28,26.0901,26.1,50666,0
ARES_A.US,D,20170502,000000,26.07,26.2,26.05,26.11,13506,0
ARES_A.US,D,20170503,000000,26.08,26.1,25.98,26.08,22269,0
ARES_A.US,D,20170504,000000,26.05,26.17,26.05,26.16,20820,0
ARES_A.US,D,20170505,000000,26.18,26.25,26.1542,26.25,42540,0
ARES_A.US,D,20170508,000000,26.1531,26.24,26.1531,26.23,32469,0
ARES_A.US,D,20170509,000000,26.28,26.3489,26.25,26.25,26699,0
ARES_A.US,D,20170510,000000,26.2899,26.29,26.11,26.15,26755,0
ARES_A.US,D,20170511,000000,26.14,26.35,26.14,26.32,57991,0
ARES_A.US,D,20170512,000000,26.3839,26.5,26.23,26.48,23936,0
ARES_A.US,D,20170515,000000,26.35,26.35,26.21,26.27,28000,0
ARES_A.US,D,20170516,000000,26.2752,26.3,26.2235,26.2899,10276,0
ARES_A.US,D,20170517,000000,26.32,26.4799,26.25,26.4799,18978,0
ARES_A.US,D,20170518,000000,26.66,26.67,26.26,26.3,15954,0
ARES_A.US,D,20170519,000000,26.3,26.42,26.2295,26.38,16427,0
ARES_A.US,D,20170522,000000,26.38,26.51,26.2101,26.25,13214,0
ARES_A.US,D,20170523,000000,26.375,26.46,26.3297,26.46,5430,0
ARES_A.US,D,20170524,000000,26.4,26.47,26.27,26.3,39248,0
ARES_A.US,D,20170525,000000,26.39,26.5,26.28,26.48,27559,0
ARES_A.US,D,20170526,000000,26.2963,26.4999,26.2963,26.32,26440,0
ARES_A.US,D,20170530,000000,26.4558,26.47,26.25,26.47,14006,0
ARES_A.US,D,20170531,000000,26.43,26.85,26.3588,26.8404,49429,0
ARES_A.US,D,20170601,000000,26.88,26.99,26.61,26.83,20955,0
ARES_A.US,D,20170602,000000,26.9,26.9,26.53,26.7,54336,0
ARES_A.US,D,20170605,000000,26.65,26.66,26.53,26.54,14351,0
ARES_A.US,D,20170606,000000,26.52,26.649,26.52,26.54,19888,0
ARES_A.US,D,20170607,000000,26.54,26.6399,26.54,26.57,17342,0
ARES_A.US,D,20170608,000000,26.61,26.629,26.52,26.59,16956,0
ARES_A.US,D,20170609,000000,26.609,26.609,26.54,26.55,6871,0
ARES_A.US,D,20170612,000000,26.5,26.579,26.43,26.47,22976,0
ARES_A.US,D,20170613,000000,26.1,26.2,26.08,26.2,29480,0
ARES_A.US,D,20170614,000000,26.25,26.34,26.2201,26.29,25946,0
ARES_A.US,D,20170615,000000,26.16,26.3388,26.13,26.13,12427,0
ARES_A.US,D,20170616,000000,26.19,26.269,26.1274,26.24,17694,0
ARES_A.US,D,20170619,000000,26.1313,26.31,26.1313,26.19,27836,0
ARES_A.US,D,20170620,000000,26.2399,26.2399,26.05,26.081,36968,0
ARES_A.US,D,20170621,000000,26.0953,26.1,25.99,26,83992,0
ARES_A.US,D,20170622,000000,26.011,26.09,26.011,26.03,20004,0
ARES_A.US,D,20170623,000000,26.05,26.14,26.04,26.14,27949,0
ARES_A.US,D,20170626,000000,26.131,26.2499,26.13,26.15,51180,0
ARES_A.US,D,20170627,000000,26.209,26.3799,26.1541,26.3,86060,0
ARES_A.US,D,20170628,000000,26.36,26.6,26.3,26.6,35155,0
ARES_A.US,D,20170629,000000,26.56,26.61,26.379,26.6,41833,0
ARES_A.US,D,20170630,000000,26.65,26.69,26.5224,26.6799,18503,0
ARES_A.US,D,20170703,000000,26.7,26.77,26.675,26.77,10682,0
ARES_A.US,D,20170705,000000,26.65,26.84,26.65,26.84,22542,0
ARES_A.US,D,20170706,000000,26.84,26.84,26.62,26.7501,32811,0
ARES_A.US,D,20170707,000000,26.79,26.99,26.55,26.99,40448,0
ARES_A.US,D,20170710,000000,26.9,26.9,26.57,26.6599,29123,0
ARES_A.US,D,20170711,000000,26.65,26.8,26.5672,26.62,10323,0
ARES_A.US,D,20170712,000000,26.76,26.968,26.55,26.8,32833,0
ARES_A.US,D,20170713,000000,26.84,26.94,26.82,26.895,16307,0
ARES_A.US,D,20170714,000000,26.93,26.939,26.7,26.87,27620,0
ARES_A.US,D,20170717,000000,26.918,26.9399,26.84,26.9,8458,0
ARES_A.US,D,20170718,000000,26.7807,27,26.7273,27,17535,0
ARES_A.US,D,20170719,000000,26.92,27.43,26.9,26.96,35573,0
ARES_A.US,D,20170720,000000,26.97,27.1049,26.89,26.979,9436,0
ARES_A.US,D,20170721,000000,26.98,27.19,26.89,27.18,12458,0
ARES_A.US,D,20170724,000000,27,27.04,26.74,26.89,20390,0
ARES_A.US,D,20170725,000000,26.76,26.9,26.75,26.79,10934,0
ARES_A.US,D,20170726,000000,26.74,26.9667,26.74,26.8238,27700,0
ARES_A.US,D,20170727,000000,26.79,26.99,26.79,26.977,14323,0
ARES_A.US,D,20170728,000000,26.95,26.98,26.9152,26.98,8660,0
ARES_A.US,D,20170731,000000,26.98,27.15,26.95,26.98,25643,0
ARES_A.US,D,20170801,000000,26.9406,26.98,26.75,26.98,13795,0
ARES_A.US,D,20170802,000000,27.06,27.2129,26.9101,27.0447,20980,0
ARES_A.US,D,20170803,000000,27.15,27.23,26.91,26.91,5797,0
ARES_A.US,D,20170804,000000,26.91,27.19,26.91,27.11,3077,0
ARES_A.US,D,20170807,000000,27.14,27.2,26.67,26.97,34874,0
ARES_A.US,D,20170808,000000,26.83,26.929,26.75,26.75,52328,0
ARES_A.US,D,20170809,000000,26.72,26.85,26.42,26.77,42183,0
ARES_A.US,D,20170810,000000,26.6,26.62,26.34,26.53,28962,0
ARES_A.US,D,20170811,000000,26.59,26.5971,26.33,26.41,20557,0
ARES_A.US,D,20170814,000000,26.63,26.7399,26.476,26.5198,11188,0
ARES_A.US,D,20170815,000000,26.53,26.9199,26.53,26.78,19105,0
ARES_A.US,D,20170816,000000,26.7525,26.89,26.63,26.89,17658,0
ARES_A.US,D,20170817,000000,26.7743,26.816,26.5799,26.75,8181,0
ARES_A.US,D,20170818,000000,26.529,26.639,26.51,26.51,2017,0
ARES_A.US,D,20170821,000000,26.747,26.747,26.4601,26.55,5913,0
ARES_A.US,D,20170822,000000,26.55,26.889,26.53,26.63,10142,0
ARES_A.US,D,20170823,000000,26.54,26.9499,26.47,26.93,25204,0
ARES_A.US,D,20170824,000000,26.94,26.96,26.5,26.66,55800,0
ARES_A.US,D,20170825,000000,26.7799,26.85,26.7316,26.79,11191,0
ARES_A.US,D,20170828,000000,26.85,26.8554,26.65,26.79,8436,0
ARES_A.US,D,20170829,000000,26.63,26.8,26.62,26.75,10151,0
ARES_A.US,D,20170830,000000,26.7861,27,26.688,27,18310,0
ARES_A.US,D,20170831,000000,26.928,27.18,26.928,27.18,11579,0
ARES_A.US,D,20170901,000000,27.0962,27.35,27.0962,27.34,20847,0
ARES_A.US,D,20170905,000000,27.32,27.32,27.09,27.27,8277,0
ARES_A.US,D,20170906,000000,27.2465,27.34,27.2465,27.25,6396,0
ARES_A.US,D,20170907,000000,27.3387,27.3387,27.051,27.21,3682,0
ARES_A.US,D,20170908,000000,27.26,27.26,26.88,26.88,7242,0
ARES_A.US,D,20170911,000000,26.91,27.23,26.85,27.1101,54424,0
ARES_A.US,D,20170912,000000,27.05,27.19,27.05,27.05,15354,0
ARES_A.US,D,20170913,000000,27.0099,27.31,27.0099,27.1,27922,0
ARES_A.US,D,20170914,000000,26.72,27.0875,26.65,26.87,17396,0
ARES_A.US,D,20170915,000000,26.839,27.0999,26.839,26.92,5258,0
ARES_A.US,D,20170918,000000,26.8,27.13,26.79,26.83,58119,0
ARES_A.US,D,20170919,000000,26.85,26.89,26.8205,26.85,11235,0
ARES_A.US,D,20170920,000000,26.84,26.9,26.72,26.8276,15095,0
ARES_A.US,D,20170921,000000,26.79,26.79,26.6101,26.779,10604,0
ARES_A.US,D,20170922,000000,26.7333,26.77,26.6,26.62,6499,0
ARES_A.US,D,20170925,000000,26.65,26.83,26.65,26.83,41144,0
ARES_A.US,D,20170926,000000,26.78,26.7999,26.67,26.72,8130,0
ARES_A.US,D,20170927,000000,26.64,26.7595,26.4379,26.6,14052,0
ARES_A.US,D,20170928,000000,26.64,26.7,26.5695,26.7,25217,0
ARES_A.US,D,20170929,000000,26.79,27.12,26.75,27.12,9694,0
ARES_A.US,D,20171002,000000,26.84,26.99,26.84,26.91,5427,0
ARES_A.US,D,20171003,000000,26.86,26.86,26.77,26.83,12031,0
ARES_A.US,D,20171004,000000,26.74,26.8263,26.72,26.75,9414,0
ARES_A.US,D,20171005,000000,26.75,26.84,26.66,26.75,14664,0
ARES_A.US,D,20171006,000000,26.57,26.67,26.465,26.57,17947,0
ARES_A.US,D,20171009,000000,26.5256,26.5256,26.42,26.5,8934,0
ARES_A.US,D,20171010,000000,26.5,26.8,26.5,26.548,11504,0
ARES_A.US,D,20171011,000000,26.62,26.86,26.62,26.85,9249,0
ARES_A.US,D,20171012,000000,26.8,27.05,26.75,27.05,30895,0
ARES_A.US,D,20171013,000000,26.97,27.1,26.858,27.1,6076,0
ARES_A.US,D,20171016,000000,27.08,27.08,26.92,26.92,11206,0
ARES_A.US,D,20171017,000000,26.9056,27.0574,26.821,27.04,16764,0
ARES_A.US,D,20171018,000000,26.9,26.95,26.83,26.9,3773,0
ARES_A.US,D,20171019,000000,26.9043,27.02,26.8,26.8,26315,0
ARES_A.US,D,20171020,000000,26.82,27.2,26.82,27.2,43886,0
ARES_A.US,D,20171023,000000,27.19,27.19,27,27.04,10344,0
ARES_A.US,D,20171024,000000,26.95,26.97,26.81,26.83,15811,0
ARES_A.US,D,20171025,000000,26.45,26.7212,26.45,26.62,24542,0
ARES_A.US,D,20171026,000000,26.6142,26.8,26.52,26.54,8840,0
ARES_A.US,D,20171027,000000,26.5783,26.7,26.54,26.54,20566,0
ARES_A.US,D,20171030,000000,26.6,26.6834,26.56,26.56,7235,0
ARES_A.US,D,20171031,000000,26.6,27.25,26.59,26.82,67755,0
ARES_A.US,D,20171101,000000,26.8476,26.8476,26.61,26.65,23352,0
ARES_A.US,D,20171102,000000,26.65,26.69,26.32,26.45,36501,0
ARES_A.US,D,20171103,000000,26.45,26.46,26.3335,26.42,28602,0
ARES_A.US,D,20171106,000000,26.5,26.5,26.44,26.48,31073,0
ARES_A.US,D,20171107,000000,26.45,26.465,26.38,26.38,46091,0
ARES_A.US,D,20171108,000000,26.39,26.66,26.39,26.54,50081,0
ARES_A.US,D,20171109,000000,26.51,26.58,26.46,26.58,7276,0
ARES_A.US,D,20171110,000000,26.4906,26.64,26.4906,26.64,15259,0
ARES_A.US,D,20171113,000000,26.55,26.61,26.55,26.6,5026,0
ARES_A.US,D,20171114,000000,26.57,26.57,26.46,26.5,8113,0
ARES_A.US,D,20171115,000000,26.44,26.57,26.41,26.5379,12223,0
ARES_A.US,D,20171116,000000,26.5,26.65,26.5,26.65,13249,0
ARES_A.US,D,20171117,000000,26.67,26.79,26.6228,26.79,13117,0
ARES_A.US,D,20171120,000000,26.83,26.91,26.774,26.78,16191,0
ARES_A.US,D,20171121,000000,26.87,26.99,26.8562,26.93,15101,0
ARES_A.US,D,20171122,000000,26.83,26.99,26.83,26.94,7113,0
ARES_A.US,D,20171127,000000,26.99,26.99,26.77,26.7901,12952,0
ARES_A.US,D,20171128,000000,26.74,26.8499,26.66,26.66,10688,0
ARES_A.US,D,20171129,000000,26.65,26.75,26.54,26.6822,16847,0
ARES_A.US,D,20171130,000000,26.75,26.84,26.62,26.62,14451,0
ARES_A.US,D,20171201,000000,26.67,26.68,26.53,26.65,11476,0
ARES_A.US,D,20171204,000000,26.67,26.8,26.65,26.8,22914,0
ARES_A.US,D,20171205,000000,26.7932,26.83,26.71,26.76,10541,0
ARES_A.US,D,20171206,000000,26.83,27.02,26.81,27.02,10657,0
ARES_A.US,D,20171207,000000,26.85,26.88,26.67,26.74,34452,0
ARES_A.US,D,20171208,000000,26.75,26.89,26.69,26.72,29261,0
ARES_A.US,D,20171211,000000,26.7479,26.7816,26.67,26.7,12406,0
ARES_A.US,D,20171212,000000,26.6808,26.71,26.63,26.7,16293,0
ARES_A.US,D,20171213,000000,26.67,26.689,26.62,26.66,26058,0
ARES_A.US,D,20171214,000000,26.2,26.33,26.19,26.26,13891,0
ARES_A.US,D,20171215,000000,26.3,26.39,26.24,26.24,30245,0
ARES_A.US,D,20171218,000000,26.3,26.46,26.2536,26.42,18790,0
ARES_A.US,D,20171219,000000,26.37,26.42,26.26,26.42,90741,0
ARES_A.US,D,20171220,000000,26.42,26.44,26.31,26.31,30868,0
ARES_A.US,D,20171221,000000,26.3663,26.44,26.32,26.42,39166,0
ARES_A.US,D,20171222,000000,26.34,26.43,26.34,26.4,8852,0
ARES_A.US,D,20171226,000000,26.42,26.48,26.35,26.45,15267,0
ARES_A.US,D,20171227,000000,26.4009,26.48,26.37,26.45,21470,0
ARES_A.US,D,20171228,000000,26.42,26.45,26.35,26.37,11684,0
ARES_A.US,D,20171229,000000,26.37,26.64,26.37,26.5,76951,0
ARES_A.US,D,20180102,000000,26.55,26.68,26.11,26.45,31723,0
ARES_A.US,D,20180103,000000,26.32,26.45,26.14,26.39,13770,0
ARES_A.US,D,20180104,000000,26.4,26.52,26.32,26.39,22701,0
ARES_A.US,D,20180105,000000,26.37,26.49,26.36,26.42,20250,0
ARES_A.US,D,20180108,000000,26.43,26.6,26.339,26.4801,13068,0
ARES_A.US,D,20180109,000000,26.55,26.69,26.35,26.65,51944,0
ARES_A.US,D,20180110,000000,26.6,26.62,26.45,26.48,19376,0
ARES_A.US,D,20180111,000000,26.61,26.66,26.49,26.66,21346,0
ARES_A.US,D,20180112,000000,26.6185,26.65,26.51,26.62,17710,0
ARES_A.US,D,20180116,000000,26.5852,26.66,26.53,26.55,11784,0
ARES_A.US,D,20180117,000000,26.65,26.66,26.5101,26.66,12972,0
ARES_A.US,D,20180118,000000,26.57,26.95,26.57,26.92,51219,0
ARES_A.US,D,20180119,000000,26.92,27.09,26.65,27.07,55048,0
ARES_A.US,D,20180122,000000,26.98,27.15,26.8966,27,10633,0
ARES_A.US,D,20180123,000000,27.09,27.27,27.01,27.27,19069,0
ARES_A.US,D,20180124,000000,27.18,27.25,27.055,27.15,78272,0
ARES_A.US,D,20180125,000000,26.96,27.06,26.89,26.95,8665,0
ARES_A.US,D,20180126,000000,27.12,27.12,26.77,26.77,8742,0
ARES_A.US,D,20180129,000000,26.79,26.79,26.17,26.22,49111,0
ARES_A.US,D,20180130,000000,26.15,26.19,25.37,25.58,47930,0
ARES_A.US,D,20180131,000000,25.78,25.95,25.7415,25.95,21695,0
ARES_A.US,D,20180201,000000,25.83,26.05,25.55,25.82,56474,0
ARES_A.US,D,20180202,000000,25.86,25.95,25.36,25.6,25066,0
ARES_A.US,D,20180205,000000,25.69,26.0899,25.39,25.97,62450,0
ARES_A.US,D,20180206,000000,25.99,26,25.5301,25.8,8917,0
ARES_A.US,D,20180207,000000,26,26.15,25.95,26.02,29102,0
ARES_A.US,D,20180208,000000,25.95,25.95,25.68,25.68,32100,0
ARES_A.US,D,20180209,000000,25.86,25.89,25.86,25.86,14083,0
ARES_A.US,D,20180212,000000,25.87,26.5328,25.6011,26.39,29429,0
ARES_A.US,D,20180213,000000,26.16,26.16,25.8,25.8,5742,0
ARES_A.US,D,20180214,000000,25.68,25.68,25.68,25.68,12104,0
ARES_A.US,D,20180215,000000,25.57,25.8,25.46,25.72,30392,0
ARES_A.US,D,20180216,000000,25.72,25.88,25.6939,25.71,10189,0
ARES_A.US,D,20180220,000000,25.71,25.8499,25.71,25.71,21459,0
ARES_A.US,D,20180221,000000,25.71,25.9,25.7,25.8,23122,0
ARES_A.US,D,20180222,000000,25.85,26.37,25.85,26.12,27558,0
ARES_A.US,D,20180223,000000,26.1733,26.23,26,26.23,95993,0
ARES_A.US,D,20180226,000000,26.1301,26.32,25.96,25.96,19405,0
ARES_A.US,D,20180227,000000,26,26.13,25.9331,26.09,9451,0
ARES_A.US,D,20180228,000000,26.15,26.25,26.14,26.24,15706,0
ARES_A.US,D,20180301,000000,26.165,26.37,26.165,26.37,22174,0
ARES_A.US,D,20180302,000000,26.22,26.32,26.16,26.32,32099,0
ARES_A.US,D,20180305,000000,26.16,26.16,25.91,26.07,93109,0
ARES_A.US,D,20180306,000000,26.08,26.13,26.03,26.11,38149,0
ARES_A.US,D,20180307,000000,26.13,26.6,26.01,26.56,34449,0
ARES_A.US,D,20180308,000000,26.64,26.82,26.64,26.82,7084,0
ARES_A.US,D,20180309,000000,26.64,26.705,26.41,26.49,18476,0
ARES_A.US,D,20180312,000000,26.45,26.73,26.3748,26.45,80476,0
ARES_A.US,D,20180313,000000,26.54,26.7111,26.38,26.42,78873,0
ARES_A.US,D,20180314,000000,26.17,26.61,26.17,26.32,177643,0
ARES_A.US,D,20180315,000000,26.32,26.44,26.281,26.38,12950,0
ARES_A.US,D,20180316,000000,26.3995,26.43,26.3413,26.42,5424,0
ARES_A.US,D,20180319,000000,26.42,26.5,26.25,26.25,25096,0
ARES_A.US,D,20180320,000000,26.25,26.4774,26.25,26.45,13985,0
ARES_A.US,D,20180321,000000,26.47,26.48,26.3,26.4184,16167,0
ARES_A.US,D,20180322,000000,26.44,26.49,26.2996,26.45,50990,0
ARES_A.US,D,20180323,000000,26.48,26.5,26.3841,26.3841,7007,0
ARES_A.US,D,20180326,000000,26.49,26.5,26.32,26.32,10890,0
ARES_A.US,D,20180327,000000,26.33,26.48,26.33,26.4215,15186,0
ARES_A.US,D,20180328,000000,26.33,26.3728,26.2216,26.2216,14162,0
ARES_A.US,D,20180329,000000,26.36,26.38,26.0738,26.13,33620,0
ARES_A.US,D,20180402,000000,26.31,26.42,26.22,26.23,37502,0
ARES_A.US,D,20180403,000000,26.23,26.62,26.0646,26.54,96436,0
ARES_A.US,D,20180404,000000,26.4,26.62,26.391,26.62,28971,0
ARES_A.US,D,20180405,000000,26.58,26.62,26.31,26.43,48431,0
ARES_A.US,D,20180406,000000,26.4057,26.5,26.31,26.5,6105,0
ARES_A.US,D,20180409,000000,26.33,26.48,26.24,26.24,31461,0
ARES_A.US,D,20180410,000000,26.39,26.5,26.2966,26.33,29433,0
ARES_A.US,D,20180411,000000,26.4,26.43,26.32,26.32,11037,0
ARES_A.US,D,20180412,000000,26.27,26.41,26.24,26.35,16481,0
ARES_A.US,D,20180413,000000,26.34,26.46,26.3,26.46,13474,0
ARES_A.US,D,20180416,000000,26.31,26.4,26.3,26.33,15774,0
ARES_A.US,D,20180417,000000,26.4,26.46,26.3,26.46,10822,0
ARES_A.US,D,20180418,000000,26.36,26.43,26.31,26.35,26155,0
ARES_A.US,D,20180419,000000,26.24,26.29,26.13,26.25,15486,0
ARES_A.US,D,20180420,000000,26.2301,26.42,26.15,26.42,20750,0
ARES_A.US,D,20180423,000000,26.37,26.39,26.211,26.39,5695,0
ARES_A.US,D,20180424,000000,26.39,26.39,26.12,26.22,29099,0
ARES_A.US,D,20180425,000000,26.11,26.1482,25.87,25.9,14129,0
ARES_A.US,D,20180426,000000,25.99,26.028,25.83,25.89,27003,0
ARES_A.US,D,20180427,000000,25.9418,26.03,25.92,25.92,5416,0
ARES_A.US,D,20180430,000000,26.05,26.05,25.93,26.05,5492,0
ARES_A.US,D,20180501,000000,25.95,26.14,25.93,26.14,21844,0
ARES_A.US,D,20180502,000000,26.07,26.21,26.01,26.12,6625,0
ARES_A.US,D,20180503,000000,26.07,26.171,26.07,26.1225,10373,0
ARES_A.US,D,20180504,000000,26.19,26.2854,26.16,26.23,8223,0
ARES_A.US,D,20180507,000000,26.1894,26.38,26.1894,26.35,12829,0
ARES_A.US,D,20180508,000000,26.39,26.45,26.36,26.42,15573,0
ARES_A.US,D,20180509,000000,26.29,26.49,26.29,26.37,49593,0
ARES_A.US,D,20180510,000000,26.47,26.47,26.3301,26.4589,7134,0
ARES_A.US,D,20180511,000000,26.5,26.63,26.4501,26.6,15025,0
ARES_A.US,D,20180514,000000,26.6299,26.69,26.5,26.69,15641,0
ARES_A.US,D,20180515,000000,26.52,26.64,26.52,26.64,5078,0
ARES_A.US,D,20180516,000000,26.6424,26.6843,26.6,26.68,3741,0
ARES_A.US,D,20180517,000000,26.64,26.8,26.64,26.8,16240,0
ARES_A.US,D,20180518,000000,26.71,26.7306,26.71,26.71,1817,0
ARES_A.US,D,20180521,000000,26.705,26.8,26.66,26.7099,33817,0
ARES_A.US,D,20180522,000000,26.62,26.71,26.62,26.71,6442,0
ARES_A.US,D,20180523,000000,26.73,26.7501,26.67,26.69,6176,0
ARES_A.US,D,20180524,000000,26.69,26.8,26.63,26.8,16751,0
ARES_A.US,D,20180525,000000,26.8005,26.8005,26.67,26.72,2907,0
ARES_A.US,D,20180529,000000,26.82,26.87,26.765,26.86,10329,0
ARES_A.US,D,20180530,000000,26.675,26.84,26.65,26.84,22928,0
ARES_A.US,D,20180531,000000,26.68,26.89,26.68,26.89,10156,0
ARES_A.US,D,20180601,000000,26.76,26.9,26.76,26.9,6855,0
ARES_A.US,D,20180604,000000,26.8148,26.87,26.8,26.85,19313,0
ARES_A.US,D,20180605,000000,26.86,27.14,26.86,27.14,19273,0
ARES_A.US,D,20180606,000000,27.14,27.2,26.98,27.1,22771,0
ARES_A.US,D,20180607,000000,27.15,27.18,27,27.12,23242,0
ARES_A.US,D,20180608,000000,27.23,27.25,27.07,27.24,14477,0
ARES_A.US,D,20180611,000000,27.21,27.23,26.85,27,33708,0
ARES_A.US,D,20180612,000000,26.94,27.1246,26.9,26.9,22787,0
ARES_A.US,D,20180613,000000,27.07,27.07,26.92,27.03,43568,0
ARES_A.US,D,20180614,000000,26.542,26.71,26.542,26.71,5583,0
ARES_A.US,D,20180615,000000,26.64,26.7,26.572,26.7,4810,0
ARES_A.US,D,20180618,000000,26.7,26.7,26.5707,26.5752,2944,0
ARES_A.US,D,20180619,000000,26.55,26.66,26.54,26.54,4601,0
ARES_A.US,D,20180620,000000,26.64,26.75,26.605,26.61,17943,0
ARES_A.US,D,20180621,000000,26.61,26.81,26.61,26.81,5120,0
ARES_A.US,D,20180622,000000,26.7,26.85,26.7,26.85,50638,0
ARES_A.US,D,20180625,000000,26.7652,26.79,26.69,26.71,8118,0
ARES_A.US,D,20180626,000000,26.7271,26.77,26.72,26.7251,2609,0
ARES_A.US,D,20180627,000000,26.71,26.8,26.71,26.72,5952,0
ARES_A.US,D,20180628,000000,26.71,26.83,26.7,26.83,21231,0
ARES_A.US,D,20180629,000000,26.83,27.04,26.72,26.72,16481,0
ARES_A.US,D,20180702,000000,26.84,27,26.7706,27,13656,0
ARES_A.US,D,20180703,000000,26.95,27.2849,26.95,27.24,13967,0
ARES_A.US,D,20180705,000000,27.2708,27.2708,27.09,27.21,19452,0
ARES_A.US,D,20180706,000000,27.21,27.27,27.2,27.2,21651,0
ARES_A.US,D,20180709,000000,27.16,27.28,27.135,27.21,31801,0
ARES_A.US,D,20180710,000000,27.29,27.29,27.13,27.13,21996,0
ARES_A.US,D,20180711,000000,27.2099,27.2099,27.14,27.16,9952,0
ARES_A.US,D,20180712,000000,27.0174,27.15,27.0174,27.14,9689,0
ARES_A.US,D,20180713,000000,27.1,27.1,26.8408,27.06,9336,0
ARES_A.US,D,20180716,000000,26.89,26.9913,26.76,26.82,15975,0
ARES_A.US,D,20180717,000000,26.81,26.94,26.81,26.82,5226,0
ARES_A.US,D,20180718,000000,26.888,26.888,26.81,26.81,505781,0
ARES_A.US,D,20180719,000000,26.9223,26.94,26.78,26.85,6987,0
ARES_A.US,D,20180720,000000,26.83,27.1,26.7501,27.1,28817,0
ARES_A.US,D,20180723,000000,26.93,26.96,26.84,26.89,11290,0
ARES_A.US,D,20180724,000000,26.78,26.9,26.78,26.79,11506,0
ARES_A.US,D,20180725,000000,26.86,26.91,26.8,26.91,3251,0
ARES_A.US,D,20180726,000000,26.956,26.98,26.9,26.94,12806,0
ARES_A.US,D,20180727,000000,26.8403,26.9222,26.84,26.8793,6072,0
ARES_A.US,D,20180730,000000,26.83,26.89,26.77,26.82,5365,0
ARES_A.US,D,20180731,000000,26.8,26.9499,26.8,26.8,30956,0
ARES_A.US,D,20180801,000000,26.8515,26.8515,26.745,26.75,8708,0
ARES_A.US,D,20180802,000000,26.84,26.89,26.641,26.75,124295,0
ARES_A.US,D,20180803,000000,26.78,26.91,26.7748,26.91,10260,0
ARES_A.US,D,20180806,000000,26.8,26.8564,26.71,26.85,14844,0
ARES_A.US,D,20180807,000000,26.81,26.81,26.7602,26.81,8317,0
ARES_A.US,D,20180808,000000,26.812,26.875,26.8032,26.81,18266,0
ARES_A.US,D,20180809,000000,26.8356,26.94,26.71,26.94,10598,0
ARES_A.US,D,20180810,000000,26.89,26.89,26.841,26.841,1480,0
ARES_A.US,D,20180813,000000,26.8,26.89,26.79,26.85,8865,0
ARES_A.US,D,20180814,000000,26.807,26.8923,26.807,26.85,3901,0
ARES_A.US,D,20180815,000000,26.8868,26.915,26.8001,26.89,9369,0
ARES_A.US,D,20180816,000000,26.84,26.97,26.77,26.84,17244,0
ARES_A.US,D,20180817,000000,26.93,26.95,26.895,26.91,6862,0
ARES_A.US,D,20180820,000000,26.92,26.9648,26.8401,26.94,32473,0
ARES_A.US,D,20180821,000000,26.9062,26.9151,26.82,26.89,12018,0
ARES_A.US,D,20180822,000000,26.94,26.96,26.8033,26.88,9375,0
ARES_A.US,D,20180823,000000,26.87,26.87,26.7,26.8,11441,0
ARES_A.US,D,20180824,000000,26.88,26.96,26.775,26.9,10457,0
ARES_A.US,D,20180827,000000,26.9,26.91,26.75,26.88,26228,0
ARES_A.US,D,20180828,000000,26.8647,27.07,26.8225,27.07,20104,0
ARES_A.US,D,20180829,000000,27.08,27.09,27.035,27.04,34427,0
ARES_A.US,D,20180830,000000,27.08,27.16,27.05,27.16,9749,0
ARES_A.US,D,20180831,000000,27.16,27.16,27.12,27.14,6706,0
ARES_A.US,D,20180904,000000,27.0926,27.16,27.03,27.03,5333,0
ARES_A.US,D,20180905,000000,27.07,27.19,26.84,26.9,13486,0
ARES_A.US,D,20180906,000000,27.0363,27.0363,26.76,26.8599,42724,0
ARES_A.US,D,20180907,000000,26.8,27.05,26.7379,26.89,42059,0
ARES_A.US,D,20180910,000000,26.87,27.07,26.86,26.92,5536,0
ARES_A.US,D,20180911,000000,26.92,27.07,26.92,27,20532,0
ARES_A.US,D,20180912,000000,26.95,27.13,26.9,26.9,44731,0
ARES_A.US,D,20180913,000000,26.64,26.73,26.5778,26.73,24457,0
ARES_A.US,D,20180914,000000,26.67,26.71,26.52,26.54,12920,0
ARES_A.US,D,20180917,000000,26.54,26.55,26.4301,26.44,13108,0
ARES_A.US,D,20180918,000000,26.58,26.63,26.45,26.481,7418,0
ARES_A.US,D,20180919,000000,26.56,26.56,26.27,26.39,15754,0
ARES_A.US,D,20180920,000000,26.27,26.412,26.27,26.29,9677,0
ARES_A.US,D,20180921,000000,26.29,26.58,26.29,26.49,14917,0
ARES_A.US,D,20180924,000000,26.58,26.73,26.4511,26.65,13358,0
ARES_A.US,D,20180925,000000,26.71,26.71,26.3001,26.32,16306,0
ARES_A.US,D,20180926,000000,26.55,26.56,26.4335,26.55,4412,0
ARES_A.US,D,20180927,000000,26.5292,26.54,26.5,26.5099,6957,0
ARES_A.US,D,20180928,000000,26.63,26.66,26.46,26.46,14172,0
ARES_A.US,D,20181001,000000,26.47,26.54,26.38,26.38,34779,0
ARES_A.US,D,20181002,000000,26.45,26.5,26.16,26.26,24277,0
ARES_A.US,D,20181003,000000,26.12,26.3792,26.12,26.36,32165,0
ARES_A.US,D,20181004,000000,26.22,26.22,25.8,25.98,52938,0
ARES_A.US,D,20181005,000000,25.8,26.27,25.8,25.9,48281,0
ARES_A.US,D,20181008,000000,25.91,25.91,25.7601,25.84,10637,0
ARES_A.US,D,20181009,000000,25.87,25.9348,25.799,25.91,10135,0
ARES_A.US,D,20181010,000000,25.97,25.97,25.5009,25.83,20755,0
ARES_A.US,D,20181011,000000,25.8701,25.93,25.56,25.755,12849,0
ARES_A.US,D,20181012,000000,25.89,25.89,25.65,25.695,13940,0
ARES_A.US,D,20181015,000000,25.76,25.84,25.59,25.75,31116,0
ARES_A.US,D,20181016,000000,25.84,25.84,25.71,25.73,19241,0
ARES_A.US,D,20181017,000000,25.7953,25.8,25.69,25.75,10067,0
ARES_A.US,D,20181018,000000,25.83,25.89,25.7481,25.89,14704,0
ARES_A.US,D,20181019,000000,25.89,26,25.79,26,18685,0
ARES_A.US,D,20181022,000000,26,26.0287,25.98,26,4378,0
ARES_A.US,D,20181023,000000,26,26.08,25.8335,26,10699,0
ARES_A.US,D,20181024,000000,25.96,26.04,25.95,25.95,20607,0
ARES_A.US,D,20181025,000000,25.9962,26.13,25.93,26.06,12469,0
ARES_A.US,D,20181026,000000,26.035,26.1082,25.9,25.9,6359,0
ARES_A.US,D,20181029,000000,25.95,26.15,25.92,26.15,5663,0
ARES_A.US,D,20181030,000000,26.08,26.08,25.9705,26.04,5477,0
ARES_A.US,D,20181031,000000,25.99,26.0922,25.99,26.02,3106,0
ARES_A.US,D,20181101,000000,26.1,26.1,25.95,26.04,19029,0
ARES_A.US,D,20181102,000000,26.04,26.07,25.9801,26.01,5832,0
ARES_A.US,D,20181105,000000,26.11,26.16,26.01,26.16,14277,0
ARES_A.US,D,20181106,000000,26.09,26.18,26.09,26.17,13123,0
ARES_A.US,D,20181107,000000,26.205,26.27,26.205,26.23,13221,0
ARES_A.US,D,20181108,000000,26.27,26.3008,26.2414,26.26,3886,0
ARES_A.US,D,20181109,000000,26.2698,26.39,26.25,26.3,2993,0
ARES_A.US,D,20181112,000000,26.3344,26.44,26.21,26.23,6880,0
ARES_A.US,D,20181113,000000,26.4309,26.4309,26.2537,26.4309,1708,0
ARES_A.US,D,20181114,000000,26.24,26.43,26.15,26.43,7983,0
ARES_A.US,D,20181115,000000,26.22,26.33,26.1224,26.32,37918,0
ARES_A.US,D,20181116,000000,26.23,26.29,26.17,26.18,3142,0
ARES_A.US,D,20181119,000000,26.32,26.32,26.02,26.02,6201,0
ARES_A.US,D,20181120,000000,25.9,25.9,25.52,25.64,30202,0
ARES_A.US,D,20181121,000000,25.76,25.84,25.64,25.84,9361,0
ARES_A.US,D,20181123,000000,25.72,25.7509,25.6842,25.7097,1609,0
ARES_A.US,D,20181126,000000,25.62,25.7541,25.47,25.6,13976,0
ARES_A.US,D,20181127,000000,25.54,25.74,25.54,25.73,13463,0
ARES_A.US,D,20181128,000000,25.61,25.8,25.5556,25.7985,46579,0
ARES_A.US,D,20181129,000000,25.7084,25.85,25.7084,25.7727,12801,0
ARES_A.US,D,20181130,000000,25.68,25.7194,25.44,25.45,16349,0
ARES_A.US,D,20181203,000000,25.68,25.68,25.47,25.55,16022,0
ARES_A.US,D,20181204,000000,25.5,25.65,25.42,25.575,37645,0
ARES_A.US,D,20181206,000000,25.48,25.8391,25.32,25.7872,53101,0
ARES_A.US,D,20181207,000000,25.88,25.98,25.86,25.91,31674,0
ARES_A.US,D,20181210,000000,25.97,25.97,25.6665,25.89,18121,0
ARES_A.US,D,20181211,000000,25.98,26.25,25.8983,26.16,67077,0
ARES_A.US,D,20181212,000000,26.24,26.3,26.13,26.15,43482,0
ARES_A.US,D,20181213,000000,26.29,26.3251,26.01,26.01,28783,0
ARES_A.US,D,20181214,000000,25.7,25.83,25.5057,25.51,20350,0
ARES_A.US,D,20181217,000000,25.48,25.7425,25.2483,25.32,25805,0
ARES_A.US,D,20181218,000000,25.4466,25.4466,25.17,25.24,16420,0
ARES_A.US,D,20181219,000000,25.19,25.3461,25.17,25.27,29516,0
ARES_A.US,D,20181220,000000,25.2,25.37,24.64,25.02,60819,0
ARES_A.US,D,20181221,000000,25.25,25.43,25.08,25.3,151711,0
ARES_A.US,D,20181224,000000,25.4,25.4,25.0501,25.33,43516,0
ARES_A.US,D,20181226,000000,25.1871,25.39,25.15,25.39,17863,0
ARES_A.US,D,20181227,000000,25.26,25.299,24.95,25.16,57088,0
ARES_A.US,D,20181228,000000,25.4,25.58,25.2118,25.55,26462,0
ARES_A.US,D,20181231,000000,25.85,26.11,25.6,26.02,46731,0
ARES_A.US,D,20190102,000000,25.9,26.1576,25.9,26.1,20955,0
ARES_A.US,D,20190103,000000,26.05,26.27,25.7417,26.27,49322,0
ARES_A.US,D,20190104,000000,26.25,26.31,26.15,26.24,26727,0
ARES_A.US,D,20190107,000000,26.1,26.35,26.1,26.2,6964,0
ARES_A.US,D,20190108,000000,26.45,26.45,26.0821,26.25,10013,0
ARES_A.US,D,20190109,000000,26.1301,26.27,26.13,26.24,34670,0
ARES_A.US,D,20190110,000000,26.2,26.345,26.1412,26.15,809671,0
ARES_A.US,D,20190111,000000,26.2,26.29,26.13,26.25,13438,0
ARES_A.US,D,20190114,000000,26.25,26.27,26.06,26.09,11434,0
ARES_A.US,D,20190115,000000,26.05,26.1825,26.05,26.14,19287,0
ARES_A.US,D,20190116,000000,26.179,26.25,26.06,26.25,16984,0
ARES_A.US,D,20190117,000000,26.12,26.25,26,26.04,24595,0
ARES_A.US,D,20190118,000000,26.04,26.32,25.96,25.96,17308,0
ARES_A.US,D,20190122,000000,26.0538,26.25,26.0538,26.1,11887,0
ARES_A.US,D,20190123,000000,26.0971,26.19,26.0101,26.05,5970,0
ARES_A.US,D,20190124,000000,26.03,26.3,25.91,26.3,21079,0
ARES_A.US,D,20190125,000000,26.35,26.59,26.35,26.4287,15489,0
ARES_A.US,D,20190128,000000,26.52,26.58,26.27,26.5,13079,0
ARES_A.US,D,20190129,000000,26.4408,26.63,26.4408,26.62,10359,0
ARES_A.US,D,20190130,000000,26.53,26.7399,26.43,26.54,26879,0
ARES_A.US,D,20190131,000000,26.63,26.825,26.5,26.81,194762,0
ARES_A.US,D,20190201,000000,26.81,26.83,26.5535,26.65,13504,0
ARES_A.US,D,20190204,000000,26.6087,26.6521,26.55,26.62,13081,0
ARES_A.US,D,20190205,000000,26.72,26.8,26.5857,26.69,12511,0
ARES_A.US,D,20190206,000000,26.53,26.78,26.53,26.77,50030,0
ARES_A.US,D,20190207,000000,26.79,26.79,26.55,26.65,41323,0
ARES_A.US,D,20190208,000000,26.574,26.65,26.54,26.65,1227,0
ARES_A.US,D,20190211,000000,26.51,26.675,26.51,26.6,15499,0
ARES_A.US,D,20190212,000000,26.7503,26.84,26.56,26.6,25472,0
ARES_A.US,D,20190213,000000,26.54,26.6624,26.54,26.63,80335,0
ARES_A.US,D,20190214,000000,26.6036,26.72,26.54,26.54,4920,0
ARES_A.US,D,20190215,000000,26.6,26.73,26.46,26.73,10688,0
ARES_A.US,D,20190219,000000,26.59,26.8005,26.59,26.68,4390,0
ARES_A.US,D,20190220,000000,26.87,26.87,26.45,26.6,8503,0
ARES_A.US,D,20190221,000000,26.48,26.69,26.437,26.5,20229,0
ARES_A.US,D,20190222,000000,26.44,26.4931,26.33,26.3542,9746,0
ARES_A.US,D,20190225,000000,26.32,26.4373,26.31,26.31,13733,0
ARES_A.US,D,20190226,000000,26.63,26.63,26.28,26.31,20265,0
ARES_A.US,D,20190227,000000,26.424,26.48,26.29,26.48,7959,0
ARES_A.US,D,20190228,000000,26.3,26.4899,26.3,26.4,18450,0
ARES_A.US,D,20190301,000000,26.5,26.5,26.3687,26.43,22950,0
ARES_A.US,D,20190304,000000,26.42,26.49,26.3101,26.44,8506,0
ARES_A.US,D,20190305,000000,26.43,26.43,26.31,26.43,12116,0
ARES_A.US,D,20190306,000000,26.38,26.56,26.3632,26.48,20234,0
ARES_A.US,D,20190307,000000,26.4,26.4904,26.4,26.487,6222,0
ARES_A.US,D,20190308,000000,26.47,26.55,26.47,26.47,7760,0
ARES_A.US,D,20190311,000000,26.48,26.6,26.41,26.57,10248,0
ARES_A.US,D,20190312,000000,26.52,26.65,26.47,26.47,14936,0
ARES_A.US,D,20190313,000000,26.62,26.64,26.5015,26.64,33895,0
ARES_A.US,D,20190314,000000,26.25,26.5,26.13,26.47,37179,0
ARES_A.US,D,20190315,000000,26.36,26.58,26.34,26.38,26966,0
ARES_A.US,D,20190318,000000,26.45,26.7399,26.45,26.69,15553,0
ARES_A.US,D,20190319,000000,26.7,26.73,26.52,26.65,16913,0
ARES_A.US,D,20190320,000000,26.65,26.65,26.37,26.5825,33435,0
ARES_A.US,D,20190321,000000,26.62,26.65,26.469,26.52,14054,0
ARES_A.US,D,20190322,000000,26.57,26.65,26.5,26.57,30109,0
ARES_A.US,D,20190325,000000,26.55,26.62,26.4759,26.62,10188,0
ARES_A.US,D,20190326,000000,26.56,26.6188,26.4856,26.5,13925,0
ARES_A.US,D,20190327,000000,26.5882,26.676,26.32,26.53,44684,0
ARES_A.US,D,20190328,000000,26.6373,26.6373,26.37,26.37,30069,0
ARES_A.US,D,20190329,000000,26.37,26.5599,26.2,26.2,91508,0
ARES_A.US,D,20190401,000000,26.3,26.42,26.21,26.388,36942,0
ARES_A.US,D,20190402,000000,26.28,26.45,26.28,26.315,21839,0
ARES_A.US,D,20190403,000000,26.35,26.58,26.35,26.398,72656,0
ARES_A.US,D,20190404,000000,26.44,26.53,26.4,26.43,24168,0
ARES_A.US,D,20190405,000000,26.41,26.56,26.41,26.48,12877,0
ARES_A.US,D,20190408,000000,26.51,26.57,26.49,26.5,3101,0
ARES_A.US,D,20190409,000000,26.5,26.54,26.4001,26.54,11224,0
ARES_A.US,D,20190410,000000,26.54,26.78,26.5,26.78,26193,0
ARES_A.US,D,20190411,000000,26.6947,26.74,26.65,26.65,6662,0
ARES_A.US,D,20190412,000000,26.68,26.84,26.6355,26.6355,11676,0
ARES_A.US,D,20190415,000000,26.6829,26.7471,26.665,26.6776,18884,0
ARES_A.US,D,20190416,000000,26.63,26.69,26.59,26.6206,12122,0
ARES_A.US,D,20190417,000000,26.48,26.55,26.4363,26.4363,16762,0
ARES_A.US,D,20190418,000000,26.4481,26.4817,26.34,26.47,12644,0
ARES_A.US,D,20190422,000000,26.36,26.48,26.33,26.33,10687,0
ARES_A.US,D,20190423,000000,26.355,26.4791,26.355,26.38,14021,0
ARES_A.US,D,20190424,000000,26.39,26.5,26.3801,26.4,36017,0
ARES_A.US,D,20190425,000000,26.38,26.5036,26.3791,26.38,16957,0
ARES_A.US,D,20190426,000000,26.38,26.49,26.33,26.34,9219,0
ARES_A.US,D,20190429,000000,26.3888,26.5199,26.36,26.39,9543,0
ARES_A.US,D,20190430,000000,26.44,26.44,26.22,26.22,63306,0
ARES_A.US,D,20190501,000000,26.35,26.64,26.24,26.64,52344,0
ARES_A.US,D,20190502,000000,26.58,26.62,26.538,26.62,3606,0
ARES_A.US,D,20190503,000000,26.64,26.78,26.57,26.78,4544,0
ARES_A.US,D,20190506,000000,26.61,26.74,26.61,26.74,3403,0
ARES_A.US,D,20190507,000000,26.7224,26.74,26.61,26.74,8470,0
ARES_A.US,D,20190508,000000,26.74,26.77,26.6536,26.7,7842,0
ARES_A.US,D,20190509,000000,26.69,26.72,26.57,26.69,5027,0
ARES_A.US,D,20190510,000000,26.66,26.735,26.5978,26.71,5461,0
ARES_A.US,D,20190513,000000,26.56,26.56,26.42,26.42,24671,0
ARES_A.US,D,20190514,000000,26.4,26.69,26.4,26.53,12782,0
ARES_A.US,D,20190515,000000,26.55,26.65,26.51,26.57,13423,0
ARES_A.US,D,20190516,000000,26.65,26.76,26.6372,26.76,7852,0
ARES_A.US,D,20190517,000000,26.63,26.76,26.58,26.64,2604,0
ARES_A.US,D,20190520,000000,26.58,26.64,26.44,26.44,10856,0
ARES_A.US,D,20190521,000000,26.45,26.59,26.43,26.54,3963,0
ARES_A.US,D,20190522,000000,26.5,26.64,26.49,26.57,13578,0
ARES_A.US,D,20190523,000000,26.5367,26.74,26.44,26.72,12369,0
ARES_A.US,D,20190524,000000,26.79,26.835,26.55,26.8,12452,0
ARES_A.US,D,20190528,000000,26.9,26.9,26.75,26.8,6916,0
ARES_A.US,D,20190529,000000,26.79,26.95,26.75,26.84,23576,0
ARES_A.US,D,20190530,000000,26.77,26.9,26.77,26.87,13818,0
ARES_A.US,D,20190531,000000,26.87,26.87,26.58,26.59,65902,0
ARES_A.US,D,20190603,000000,26.695,26.84,26.62,26.82,9022,0
ARES_A.US,D,20190604,000000,26.7,26.98,26.7,26.92,14633,0
ARES_A.US,D,20190605,000000,26.9415,27.294,26.88,26.89,17389,0
ARES_A.US,D,20190606,000000,27.0651,27.18,26.8631,27.08,12787,0
ARES_A.US,D,20190607,000000,26.8809,27.01,26.8809,26.94,16797,0
ARES_A.US,D,20190610,000000,26.93,27.04,26.85,26.89,15022,0
ARES_A.US,D,20190611,000000,26.85,27,26.81,27,28652,0
ARES_A.US,D,20190612,000000,26.9,26.999,26.88,26.95,39623,0
ARES_A.US,D,20190613,000000,26.41,27.55,26.34,26.98,51432,0
ARES_A.US,D,20190614,000000,26.82,27.27,26.78,27.11,62489,0
ARES_A.US,D,20190617,000000,26.98,27.47,26.9426,27.34,28312,0
ARES_A.US,D,20190618,000000,27.31,27.54,27.01,27.04,31246,0
ARES_A.US,D,20190619,000000,27.061,27.48,27.061,27.26,71673,0
ARES_A.US,D,20190620,000000,27.315,27.48,27.07,27.33,40728,0
ARES_A.US,D,20190621,000000,27.2336,27.58,27.2336,27.25,15269,0
ARES_A.US,D,20190624,000000,27.1,27.3025,27.09,27.1,18864,0
ARES_A.US,D,20190625,000000,27.15,27.24,26.91,26.96,18706,0
ARES_A.US,D,20190626,000000,26.9138,26.9138,26.46,26.65,24297,0
ARES_A.US,D,20190627,000000,26.74,26.76,26.45,26.46,48998,0
ARES_A.US,D,20190628,000000,26.54,26.55,26.41,26.46,50517,0
ARES_A.US,D,20190701,000000,26.62,26.77,26.57,26.71,27332,0
ARES_A.US,D,20190702,000000,26.77,27.07,26.7572,26.99,15279,0
ARES_A.US,D,20190703,000000,26.9113,27.09,26.9113,27.09,12675,0
ARES_A.US,D,20190705,000000,27.1164,27.17,26.8388,27.14,13201,0
ARES_A.US,D,20190708,000000,26.9,27.076,26.87,26.93,6338,0
ARES_A.US,D,20190709,000000,26.925,26.97,26.77,26.85,13311,0
ARES_A.US,D,20190710,000000,26.9324,26.98,26.72,26.76,28794,0
ARES_A.US,D,20190711,000000,26.76,26.99,26.76,26.94,6784,0
ARES_A.US,D,20190712,000000,26.8724,27.07,26.78,27.05,4293,0
ARES_A.US,D,20190715,000000,27.03,27.03,26.55,26.88,140926,0
ARES_A.US,D,20190716,000000,27.02,27.06,26.85,27.06,82611,0
ARES_A.US,D,20190717,000000,27.05,27.1,26.89,27.01,9350,0
ARES_A.US,D,20190718,000000,27.07,27.2,27.03,27.07,18010,0
ARES_A.US,D,20190719,000000,27.0189,27.09,26.94,27.08,10424,0
ARES_A.US,D,20190722,000000,27.1,27.1,26.93,26.94,4042,0
ARES_A.US,D,20190723,000000,26.9705,26.99,26.93,26.965,9581,0
ARES_A.US,D,20190724,000000,27.0708,27.1332,26.93,26.94,14978,0
ARES_A.US,D,20190725,000000,26.9359,26.9819,26.83,26.83,69391,0
ARES_A.US,D,20190726,000000,26.9662,27.1,26.9662,26.99,8522,0
ARES_A.US,D,20190729,000000,27.17,27.17,26.97,26.97,26880,0
ARES_A.US,D,20190730,000000,27.15,27.15,26.78,26.78,16124,0
ARES_A.US,D,20190731,000000,26.79,26.934,26.7,26.7,108262,0
ARES_A.US,D,20190801,000000,26.81,26.9562,26.72,26.86,28391,0
ARES_A.US,D,20190802,000000,26.84,26.89,26.8,26.86,13725,0
ARES_A.US,D,20190805,000000,26.79,26.79,26.4067,26.48,26560,0
ARES_A.US,D,20190806,000000,26.58,26.82,26.58,26.82,41308,0
ARES_A.US,D,20190807,000000,26.75,26.7891,26.61,26.7311,7340,0
ARES_A.US,D,20190808,000000,26.64,26.83,26.64,26.78,11938,0
ARES_A.US,D,20190809,000000,26.83,26.83,26.6888,26.755,17836,0
ARES_A.US,D,20190812,000000,26.73,26.822,26.73,26.822,3167,0
ARES_A.US,D,20190813,000000,26.75,26.99,26.75,26.99,12848,0
ARES_A.US,D,20190814,000000,26.85,26.98,26.75,26.87,11418,0
ARES_A.US,D,20190815,000000,26.9228,27,26.7944,26.95,11845,0
ARES_A.US,D,20190816,000000,26.9098,26.9165,26.813,26.91,4040,0
ARES_A.US,D,20190819,000000,26.94,26.94,26.775,26.79,3875,0
ARES_A.US,D,20190820,000000,26.85,26.94,26.7735,26.87,10700,0
ARES_A.US,D,20190821,000000,26.88,26.93,26.79,26.84,8026,0
ARES_A.US,D,20190822,000000,26.85,26.94,26.83,26.9,6715,0
ARES_A.US,D,20190823,000000,26.82,27,26.81,26.81,8896,0
ARES_A.US,D,20190826,000000,26.8444,26.9,26.81,26.85,8975,0
ARES_A.US,D,20190827,000000,26.83,26.95,26.83,26.87,15471,0
ARES_A.US,D,20190828,000000,26.83,27.05,26.83,26.89,9280,0
ARES_A.US,D,20190829,000000,27.05,27.09,26.85,26.86,15028,0
ARES_A.US,D,20190830,000000,26.86,26.95,26.73,26.73,65685,0
ARES_A.US,D,20190903,000000,26.9727,26.9727,26.85,26.88,11974,0
ARES_A.US,D,20190904,000000,26.9,27.2,26.9,27.18,17785,0
ARES_A.US,D,20190905,000000,27.23,27.3289,27.02,27.1944,11736,0
ARES_A.US,D,20190906,000000,27.15,27.15,27.1,27.14,19219,0
ARES_A.US,D,20190909,000000,27.13,27.15,26.996,27.13,37032,0
ARES_A.US,D,20190910,000000,27.12,27.2571,27.12,27.2,18522,0
ARES_A.US,D,20190911,000000,27.04,27.25,26.97,27.25,12484,0
ARES_A.US,D,20190912,000000,26.84,26.9,26.8,26.87,15350,0
ARES_A.US,D,20190913,000000,26.845,26.945,26.55,26.8281,17474,0
ARES_A.US,D,20190916,000000,26.75,26.9975,26.75,26.75,10953,0
ARES_A.US,D,20190917,000000,26.75,27.04,26.75,26.76,7560,0
ARES_A.US,D,20190918,000000,26.92,27.28,26.8842,27.096,19487,0
ARES_A.US,D,20190919,000000,27.25,27.25,27.03,27.12,4027,0
ARES_A.US,D,20190920,000000,27.05,27.19,27.05,27.19,5254,0
ARES_A.US,D,20190923,000000,27.19,27.3,27.11,27.24,11776,0
ARES_A.US,D,20190924,000000,27.5,27.5,27.1,27.11,6627,0
ARES_A.US,D,20190925,000000,27.295,27.43,27.11,27.28,17599,0
ARES_A.US,D,20190926,000000,27.38,27.41,27.0858,27.3353,8902,0
ARES_A.US,D,20190927,000000,27.34,27.38,27.05,27.15,23568,0
ARES_A.US,D,20190930,000000,27.14,27.17,26.95,27.02,63625,0
ARES_A.US,D,20191001,000000,27.2,27.2,27.075,27.19,21470,0
ARES_A.US,D,20191002,000000,27.0962,27.16,26.98,27.16,5977,0
ARES_A.US,D,20191003,000000,27.06,27.2,26.99,27.2,9505,0
ARES_A.US,D,20191004,000000,27.2,27.47,27,27.47,9833,0
ARES_A.US,D,20191007,000000,27.1033,27.37,27.1033,27.37,14324,0
ARES_A.US,D,20191008,000000,27.2579,27.35,27.15,27.31,8434,0
ARES_A.US,D,20191009,000000,27.34,27.55,27.1,27.55,20803,0
ARES_A.US,D,20191010,000000,27.4302,27.4302,27.2146,27.41,27156,0
ARES_A.US,D,20191011,000000,27.23,27.55,27.23,27.46,16240,0
ARES_A.US,D,20191014,000000,27.53,27.53,27.365,27.44,10375,0
ARES_A.US,D,20191015,000000,27.4078,27.5421,26.7,27.21,161290,0
ARES_A.US,D,20191016,000000,27.75,27.75,27.21,27.22,15136,0
ARES_A.US,D,20191017,000000,27.22,27.3,27.22,27.27,8297,0
ARES_A.US,D,20191018,000000,27.34,27.34,27.13,27.17,18419,0
ARES_A.US,D,20191021,000000,27.2252,27.25,27.06,27.07,4124,0
ARES_A.US,D,20191022,000000,27.01,27.954,26.85,26.85,20083,0
ARES_A.US,D,20191023,000000,26.97,26.97,26.81,26.83,28305,0
ARES_A.US,D,20191024,000000,26.83,26.96,26.7,26.86,82071,0
ARES_A.US,D,20191025,000000,26.88,26.909,26.805,26.85,9552,0
ARES_A.US,D,20191028,000000,26.9,26.92,26.77,26.85,13640,0
ARES_A.US,D,20191029,000000,26.81,26.91,26.7787,26.81,12034,0
ARES_A.US,D,20191030,000000,26.8572,26.8852,26.775,26.88,49712,0
ARES_A.US,D,20191031,000000,26.88,26.94,26.76,26.77,119081,0
ARES_A.US,D,20191101,000000,26.85,26.94,26.81,26.85,55816,0
ARES_A.US,D,20191104,000000,26.84,26.87,26.735,26.84,16553,0
ARES_A.US,D,20191105,000000,26.77,26.87,26.75,26.78,21403,0
ARES_A.US,D,20191106,000000,26.81,26.86,26.755,26.76,11416,0
ARES_A.US,D,20191107,000000,26.73,26.73,26.51,26.55,13973,0
ARES_A.US,D,20191108,000000,26.61,26.66,26.557,26.62,8016,0
ARES_A.US,D,20191111,000000,26.75,26.75,26.64,26.66,9824,0
ARES_A.US,D,20191112,000000,26.66,26.7704,26.6326,26.735,12580,0
ARES_A.US,D,20191113,000000,26.78,26.99,26.75,26.88,11023,0
ARES_A.US,D,20191114,000000,26.96,26.98,26.78,26.98,8572,0
ARES_A.US,D,20191115,000000,27.028,27.028,26.86,26.91,9245,0
ARES_A.US,D,20191118,000000,26.994,27.0052,26.8,26.87,9049,0
ARES_A.US,D,20191119,000000,26.85,26.98,26.7049,26.77,20494,0
ARES_A.US,D,20191120,000000,26.7948,26.87,26.7,26.8,9848,0
ARES_A.US,D,20191121,000000,26.8,26.87,26.65,26.65,9224,0
ARES_A.US,D,20191122,000000,26.68,26.85,26.68,26.75,8892,0
ARES_A.US,D,20191125,000000,26.8156,26.89,26.74,26.77,8829,0
ARES_A.US,D,20191126,000000,26.8246,26.905,26.745,26.791,15243,0
ARES_A.US,D,20191127,000000,26.95,26.95,26.69,26.7738,17177,0
ARES_A.US,D,20191129,000000,26.76,26.8028,26.62,26.65,39434,0
ARES_A.US,D,20191202,000000,26.7,26.8131,26.68,26.78,22658,0
ARES_A.US,D,20191203,000000,26.86,26.86,26.65,26.8,10643,0
ARES_A.US,D,20191204,000000,26.861,26.88,26.72,26.76,14334,0
ARES_A.US,D,20191205,000000,26.8,26.87,26.6,26.67,21858,0
ARES_A.US,D,20191206,000000,26.67,26.73,26.6,26.68,14885,0
ARES_A.US,D,20191209,000000,26.75,26.95,26.66,26.95,38206,0
ARES_A.US,D,20191210,000000,26.96,26.978,26.77,26.82,10211,0
ARES_A.US,D,20191211,000000,26.82,26.97,26.805,26.93,14559,0
ARES_A.US,D,20191212,000000,26.58,26.69,26.4744,26.64,15135,0
ARES_A.US,D,20191213,000000,26.55,26.74,26.4694,26.73,23487,0
ARES_A.US,D,20191216,000000,26.67,26.7119,26.61,26.64,9134,0
ARES_A.US,D,20191217,000000,26.7,26.772,26.61,26.71,33015,0
ARES_A.US,D,20191218,000000,26.64,26.709,26.6,26.64,15363,0
ARES_A.US,D,20191219,000000,26.64,26.7499,26.64,26.68,13480,0
ARES_A.US,D,20191220,000000,26.85,26.89,26.65,26.8,13082,0
ARES_A.US,D,20191223,000000,26.8,27.17,26.8,26.94,17760,0
ARES_A.US,D,20191224,000000,26.98,27.0578,26.77,26.996,6614,0
ARES_A.US,D,20191226,000000,26.93,26.9883,26.8398,26.89,7992,0
ARES_A.US,D,20191227,000000,26.92,27.15,26.92,27.15,18162,0
ARES_A.US,D,20191230,000000,26.82,27.15,26.82,27.04,19056,0
ARES_A.US,D,20191231,000000,27.1,27.1,26.923,27,33032,0
ARES_A.US,D,20200102,000000,27.1,27.24,26.99,27.05,21012,0
ARES_A.US,D,20200103,000000,27.22,27.31,26.98,27.12,25044,0
ARES_A.US,D,20200106,000000,27.25,27.25,27.1011,27.18,18319,0
ARES_A.US,D,20200107,000000,27.04,27.3292,27.0226,27.26,8997,0
ARES_A.US,D,20200108,000000,27.2669,27.345,27.2,27.23,25109,0
ARES_A.US,D,20200109,000000,27.29,27.39,27.1718,27.36,17890,0
ARES_A.US,D,20200110,000000,27.35,27.39,27.17,27.22,22151,0
ARES_A.US,D,20200113,000000,27.1,27.39,27.1,27.21,13879,0
ARES_A.US,D,20200114,000000,27.32,27.48,27.1039,27.23,29642,0
ARES_A.US,D,20200115,000000,27.22,27.49,27.22,27.43,20330,0
ARES_A.US,D,20200116,000000,27.3699,27.49,27.228,27.48,26926,0
ARES_A.US,D,20200117,000000,27.4,27.45,27.21,27.25,10555,0
ARES_A.US,D,20200121,000000,27.2794,27.35,27.21,27.279,10814,0
ARES_A.US,D,20200122,000000,27.29,27.39,27.2494,27.27,17933,0
ARES_A.US,D,20200123,000000,27.3654,27.3654,27.24,27.24,5660,0
ARES_A.US,D,20200124,000000,27.23,27.2622,27.05,27.2235,16245,0
ARES_A.US,D,20200127,000000,27.01,27.1675,27.01,27.1675,11953,0
ARES_A.US,D,20200128,000000,27.07,27.3,26.96,27.04,29203,0
ARES_A.US,D,20200129,000000,26.9871,27.02,26.93,26.98,12431,0
ARES_A.US,D,20200130,000000,27.01,27.05,26.9701,27.05,17461,0
ARES_A.US,D,20200131,000000,27.0261,27.065,26.92,26.92,27492,0
ARES_A.US,D,20200203,000000,26.97,27.1395,26.97,27.05,12888,0
ARES_A.US,D,20200204,000000,27.06,27.0688,26.994,26.994,14702,0
ARES_A.US,D,20200205,000000,27.03,27.03,26.95,27.02,6021,0
ARES_A.US,D,20200206,000000,26.96,27.09,26.96,27.0346,31989,0
ARES_A.US,D,20200207,000000,27.0381,27.1015,27.01,27.03,18403,0
ARES_A.US,D,20200210,000000,27.05,27.05,27,27,7405,0
ARES_A.US,D,20200211,000000,27.03,27.05,27.03,27.05,10518,0
ARES_A.US,D,20200212,000000,27.07,27.07,26.91,26.91,22262,0
ARES_A.US,D,20200213,000000,26.91,27.0468,26.91,26.9767,6443,0
ARES_A.US,D,20200214,000000,27.04,27.08,27.015,27.03,16647,0
ARES_A.US,D,20200218,000000,27.08,27.08,27.02,27.02,9689,0
ARES_A.US,D,20200219,000000,27.06,27.1029,26.85,26.85,16880,0
ARES_A.US,D,20200220,000000,26.94,26.94,26.87,26.94,16251,0
ARES_A.US,D,20200221,000000,26.97,27,26.86,26.9,71119,0
ARES_A.US,D,20200224,000000,26.65,26.88,26.51,26.69,26565,0
ARES_A.US,D,20200225,000000,26.74,26.8,26.25,26.73,53198,0
ARES_A.US,D,20200226,000000,26.54,27.01,26.53,26.72,36265,0
ARES_A.US,D,20200227,000000,26.72,26.89,26.2865,26.7672,19356,0
ARES_A.US,D,20200228,000000,26.6,26.83,25.8149,26.81,24624,0
ARES_A.US,D,20200302,000000,26.8,27.035,26.3814,27,19031,0
ARES_A.US,D,20200303,000000,27,27.15,26.3829,27.01,25333,0
ARES_A.US,D,20200304,000000,27.01,27.22,26.58,26.95,15369,0
ARES_A.US,D,20200305,000000,26.65,26.9199,26.5405,26.626,13227,0
ARES_A.US,D,20200306,000000,26.55,26.7122,26.02,26.25,24859,0
ARES_A.US,D,20200309,000000,25.52,26.17,23.57,25.9,56684,0
ARES_A.US,D,20200310,000000,26,26.16,25.5,26.16,30484,0
ARES_A.US,D,20200311,000000,25.77,26.15,25.51,26.1,28534,0
ARES_A.US,D,20200312,000000,25.3,25.3,21.18,22.21,81821,0
ARES_A.US,D,20200313,000000,23.59,24.134,22.82,23.79,46867,0
ARES_A.US,D,20200316,000000,23.04,24.39,21.2517,23.12,185212,0
ARES_A.US,D,20200317,000000,23.6,23.9034,22.99,23.5,57146,0
ARES_A.US,D,20200318,000000,21.72,22,12.7,14.75,85363,0
ARES_A.US,D,20200319,000000,14.7,18.5,13.5,17.833,167682,0
ARES_A.US,D,20200320,000000,17.71,23.24,17.71,20.04,206159,0
ARES_A.US,D,20200323,000000,18.07,18.7993,16,17,65738,0
ARES_A.US,D,20200324,000000,18,21.44,18,20.38,35150,0
ARES_A.US,D,20200325,000000,19.9,23.5,19.9,23,36024,0
ARES_A.US,D,20200326,000000,23,25.004,22.8876,25,50779,0
ARES_A.US,D,20200327,000000,24.74,24.74,23.04,23.87,26831,0
ARES_A.US,D,20200330,000000,24.2078,24.71,23.398,24.25,15337,0
ARES_A.US,D,20200331,000000,24.7,24.7,24.125,24.41,53095,0
ARES_A.US,D,20200401,000000,23.7,23.88,22.5,23.06,53318,0
ARES_A.US,D,20200402,000000,22.5,23,21,21.31,165559,0
ARES_A.US,D,20200403,000000,21.6,21.6,20.246,20.64,66759,0
ARES_A.US,D,20200406,000000,21.72,22.6052,21.16,22.07,42713,0
ARES_A.US,D,20200407,000000,22.79,23.28,22.33,23.28,42889,0
ARES_A.US,D,20200408,000000,23.49,24.68,22.9501,24.3018,45935,0
ARES_A.US,D,20200409,000000,24.7,25.4,23.5287,24.27,73995,0
ARES_A.US,D,20200413,000000,24.39,24.83,23.4,24.12,76870,0
ARES_A.US,D,20200414,000000,24.16,25.14,24.16,25.14,82930,0
ARES_A.US,D,20200415,000000,24.34,25.14,24.22,25.04,38089,0
ARES_A.US,D,20200416,000000,25.08,25.15,24.71,25.105,25401,0
ARES_A.US,D,20200417,000000,24.95,25.79,24.95,25.79,43587,0
ARES_A.US,D,20200420,000000,25.57,25.74,25.21,25.74,21159,0
ARES_A.US,D,20200421,000000,25.17,25.4665,24.671,25.24,13087,0
ARES_A.US,D,20200422,000000,25.43,25.69,25.04,25.05,19745,0
ARES_A.US,D,20200423,000000,25.06,25.535,25.057,25.33,15043,0
ARES_A.US,D,20200424,000000,25.29,25.72,25.29,25.35,5167,0
ARES_A.US,D,20200427,000000,25.5,25.71,25.21,25.25,19872,0
ARES_A.US,D,20200428,000000,25.34,25.6,25,25.26,32645,0
ARES_A.US,D,20200429,000000,25.4,25.94,25.28,25.7447,48595,0
ARES_A.US,D,20200430,000000,25.97,25.98,25.64,25.64,44183,0
ARES_A.US,D,20200501,000000,25.59,25.88,25.06,25.09,9632,0
ARES_A.US,D,20200504,000000,25.215,25.35,24.74,24.8,40489,0
ARES_A.US,D,20200505,000000,24.85,25.45,24.85,25.27,22643,0
ARES_A.US,D,20200506,000000,25.56,25.59,25.07,25.26,23088,0
ARES_A.US,D,20200507,000000,25.5,25.63,25.29,25.5236,29342,0
ARES_A.US,D,20200508,000000,25.64,26,25.375,25.87,26831,0
ARES_A.US,D,20200511,000000,25.86,26.0965,25.17,26.0965,13534,0
ARES_A.US,D,20200512,000000,26.13,26.1491,25.8586,26.09,11355,0
ARES_A.US,D,20200513,000000,26.09,26.19,25.7316,25.94,31959,0
ARES_A.US,D,20200514,000000,25.68,26.08,25.51,25.95,21091,0
ARES_A.US,D,20200515,000000,25.9481,26.14,25.78,25.94,18159,0
ARES_A.US,D,20200518,000000,25.915,26.2,25.38,25.9316,16314,0
ARES_A.US,D,20200519,000000,25.95,26.21,25.785,25.79,13599,0
ARES_A.US,D,20200520,000000,25.81,26.18,25.8,25.9188,21311,0
ARES_A.US,D,20200521,000000,25.9678,26.1533,25.782,26.06,8969,0
ARES_A.US,D,20200522,000000,26.21,26.21,25.7743,25.82,13438,0
ARES_A.US,D,20200526,000000,25.92,26.1,25.9,26,19966,0
ARES_A.US,D,20200527,000000,25.9,25.945,25.65,25.82,20639,0
ARES_A.US,D,20200528,000000,25.87,25.89,25.62,25.62,10312,0
ARES_A.US,D,20200529,000000,25.76,25.99,25.7,25.95,7886,0
ARES_A.US,D,20200601,000000,25.87,26.11,25.7874,25.83,16181,0
ARES_A.US,D,20200602,000000,25.85,25.89,25.818,25.89,8134,0
ARES_A.US,D,20200603,000000,25.66,26.053,25.66,25.81,18217,0
ARES_A.US,D,20200604,000000,25.885,26,25.81,25.85,14958,0
ARES_A.US,D,20200605,000000,26.04,26.04,25.8,25.85,25978,0
ARES_A.US,D,20200608,000000,25.82,25.95,25.78,25.85,23017,0
ARES_A.US,D,20200609,000000,25.77,25.84,25.705,25.84,10934,0
ARES_A.US,D,20200610,000000,25.9,25.9,25.53,25.8,18641,0
ARES_A.US,D,20200611,000000,25.57,25.624,25.35,25.48,28702,0
ARES_A.US,D,20200612,000000,25.55,25.73,25.2,25.27,29876,0
ARES_A.US,D,20200615,000000,25.37,25.47,25.25,25.36,12271,0
ARES_A.US,D,20200616,000000,25.65,25.73,25.34,25.56,10625,0
ARES_A.US,D,20200617,000000,25.57,25.76,25.42,25.42,26779,0
ARES_A.US,D,20200618,000000,25.4,25.52,25.21,25.52,19553,0
ARES_A.US,D,20200619,000000,25.58,25.76,25.35,25.42,15809,0
ARES_A.US,D,20200622,000000,25.64,25.72,25.325,25.5,45493,0
ARES_A.US,D,20200623,000000,25.64,25.73,25.552,25.7,23144,0
ARES_A.US,D,20200624,000000,25.73,25.89,25.36,25.48,21742,0
ARES_A.US,D,20200625,000000,25.58,25.69,25.42,25.5,31202,0
ARES_A.US,D,20200626,000000,25.55,25.55,25.29,25.45,10647,0
ARES_A.US,D,20200629,000000,25.45,25.68,25.315,25.53,19449,0
ARES_A.US,D,20200630,000000,25.7,25.7,25.34,25.34,78741,0
ARES_A.US,D,20200701,000000,25.5,25.55,25.43,25.48,39908,0
ARES_A.US,D,20200702,000000,25.6,25.62,25.51,25.54,36386,0
ARES_A.US,D,20200706,000000,25.81,25.81,25.41,25.6,101088,0
ARES_A.US,D,20200707,000000,25.55,25.58,25.515,25.54,65319,0
ARES_A.US,D,20200708,000000,25.54,25.59,25.52,25.58,14252,0
ARES_A.US,D,20200709,000000,25.6,25.6,25.46,25.57,41170,0
ARES_A.US,D,20200710,000000,25.51,25.72,25.51,25.7,29332,0
ARES_A.US,D,20200713,000000,25.72,25.77,25.59,25.59,48805,0
ARES_A.US,D,20200714,000000,25.59,25.76,25.59,25.74,19493,0
ARES_A.US,D,20200715,000000,25.74,25.77,25.64,25.76,25533,0
ARES_A.US,D,20200716,000000,25.68,25.96,25.68,25.88,12480,0
ARES_A.US,D,20200717,000000,25.94,25.94,25.77,25.78,17273,0
ARES_A.US,D,20200720,000000,25.79,25.93,25.79,25.8,18715,0
ARES_A.US,D,20200721,000000,25.92,25.94,25.81,25.82,11478,0
ARES_A.US,D,20200722,000000,25.87,25.9,25.81,25.89,12102,0
ARES_A.US,D,20200723,000000,25.92,25.92,25.87,25.92,7516,0
ARES_A.US,D,20200724,000000,25.94,25.94,25.865,25.89,16492,0
ARES_A.US,D,20200727,000000,25.91,25.97,25.8601,25.92,13380,0
ARES_A.US,D,20200728,000000,25.94,26.04,25.9001,25.9518,19591,0
ARES_A.US,D,20200729,000000,25.9,26.07,25.88,26.07,16293,0
ARES_A.US,D,20200730,000000,26,26.14,26,26.12,20323,0
ARES_A.US,D,20200731,000000,26.0101,26.28,26.0101,26.22,22633,0
ARES_A.US,D,20200803,000000,26.16,26.38,26.01,26.23,64705,0
ARES_A.US,D,20200804,000000,26.16,26.3,26.07,26.19,11178,0
ARES_A.US,D,20200805,000000,26.1384,26.24,26.12,26.13,14051,0
ARES_A.US,D,20200806,000000,26.17,26.35,26.1,26.31,27663,0
ARES_A.US,D,20200807,000000,26.18,26.34,26.18,26.3,29394,0
ARES_A.US,D,20200810,000000,26.2767,26.38,26.21,26.265,29727,0
ARES_A.US,D,20200811,000000,26.275,26.4,26.2,26.25,17382,0
ARES_A.US,D,20200812,000000,26.21,26.33,26.21,26.22,11392,0
ARES_A.US,D,20200813,000000,26.34,26.34,26.21,26.34,13422,0
ARES_A.US,D,20200814,000000,26.24,26.3791,26.24,26.24,12649,0
ARES_A.US,D,20200817,000000,26.37,26.37,26.2201,26.2201,20273,0
ARES_A.US,D,20200818,000000,26.255,26.37,26.22,26.36,11635,0
ARES_A.US,D,20200819,000000,26.3215,26.3346,26.22,26.25,20219,0
ARES_A.US,D,20200820,000000,26.25,26.31,26.25,26.31,9806,0
ARES_A.US,D,20200821,000000,26.26,26.345,26.21,26.26,5810,0
ARES_A.US,D,20200824,000000,26.302,26.35,26.26,26.3003,9046,0
ARES_A.US,D,20200825,000000,26.3,26.36,26.21,26.35,16108,0
ARES_A.US,D,20200826,000000,26.3102,26.449,26.3,26.44,46935,0
ARES_A.US,D,20200827,000000,26.2,26.53,26.2,26.52,19021,0
ARES_A.US,D,20200828,000000,26.4983,26.53,26.27,26.4,28675,0
ARES_A.US,D,20200831,000000,26.3,26.5,26.22,26.22,75855,0
ARES_A.US,D,20200901,000000,26.35,26.38,26.22,26.28,15939,0
ARES_A.US,D,20200902,000000,26.33,26.34,26.24,26.25,11212,0
ARES_A.US,D,20200903,000000,26.26,26.295,26.18,26.25,9573,0
ARES_A.US,D,20200904,000000,26.2,26.281,26.05,26.2,29086,0
ARES_A.US,D,20200908,000000,26.05,26.1748,26.05,26.1497,9911,0
ARES_A.US,D,20200909,000000,26.21,26.29,26.2,26.2479,13488,0
ARES_A.US,D,20200910,000000,26.22,26.44,26.22,26.265,20576,0
ARES_A.US,D,20200911,000000,26.27,26.3,26.2,26.22,9484,0
ARES_A.US,D,20200914,000000,26.13,26.14,25.9646,26,24675,0
ARES_A.US,D,20200915,000000,25.9905,26,25.95,26,16492,0
ARES_A.US,D,20200916,000000,25.91,26.14,25.91,25.91,19487,0
ARES_A.US,D,20200917,000000,25.84,25.99,25.81,25.8234,10280,0
ARES_A.US,D,20200918,000000,25.86,25.9045,25.77,25.81,12016,0
ARES_A.US,D,20200921,000000,25.75,25.82,25.65,25.82,17212,0
ARES_A.US,D,20200922,000000,25.82,25.82,25.66,25.82,14571,0
ARES_A.US,D,20200923,000000,25.83,25.83,25.56,25.57,31700,0
ARES_A.US,D,20200924,000000,25.68,26.03,25.56,25.79,19887,0
ARES_A.US,D,20200925,000000,25.8196,26.1,25.819,26.05,14962,0
ARES_A.US,D,20200928,000000,25.975,26.11,25.975,26.01,30494,0
ARES_A.US,D,20200929,000000,26.0066,26.04,25.945,26,6911,0
ARES_A.US,D,20200930,000000,26.06,26.06,25.8,25.8,38046,0
ARES_A.US,D,20201001,000000,26,26.08,25.9,26.0501,13214,0
ARES_A.US,D,20201002,000000,25.9,26.06,25.9,26.06,22261,0
ARES_A.US,D,20201005,000000,26.0232,26.14,25.99,26.1228,16876,0
ARES_A.US,D,20201006,000000,26.065,26.14,25.96,26.08,20051,0
ARES_A.US,D,20201007,000000,26.08,26.15,26.06,26.15,14834,0
ARES_A.US,D,20201008,000000,26.07,26.22,26.07,26.21,30393,0
ARES_A.US,D,20201009,000000,26.1528,26.38,26.1528,26.38,12402,0
ARES_A.US,D,20201012,000000,26.25,26.4475,26.19,26.42,13772,0
ARES_A.US,D,20201013,000000,26.295,26.59,26.295,26.45,13874,0
ARES_A.US,D,20201014,000000,26.32,26.3338,26.17,26.2,6121,0
ARES_A.US,D,20201015,000000,26.2,26.39,26.11,26.39,7670,0
ARES_A.US,D,20201016,000000,26.3268,26.55,26.19,26.37,98726,0
ARES_A.US,D,20201019,000000,26.18,26.18,25.9,25.95,32404,0
ARES_A.US,D,20201020,000000,25.96,25.96,25.9,25.93,11577,0
ARES_A.US,D,20201021,000000,25.93,25.94,25.79,25.91,16226,0
ARES_A.US,D,20201022,000000,25.91,26.04,25.89,26.0328,8795,0
ARES_A.US,D,20201023,000000,26.05,26.4,26.0402,26.36,31650,0
ARES_A.US,D,20201026,000000,26.15,26.23,26.128,26.128,8089,0
ARES_A.US,D,20201027,000000,26.02,26.179,26.02,26.13,7319,0
ARES_A.US,D,20201028,000000,26.08,26.18,25.95,25.95,36399,0
ARES_A.US,D,20201029,000000,25.97,26.11,25.91,26,11706,0
ARES_A.US,D,20201030,000000,25.96,26.0652,25.95,26.02,29348,0
ARES_A.US,D,20201102,000000,26.01,26.19,26.01,26.09,8459,0
ARES_A.US,D,20201103,000000,26.07,26.245,26.07,26.22,56408,0
ARES_A.US,D,20201104,000000,26.25,26.44,26.2,26.43,47882,0
ARES_A.US,D,20201105,000000,26.41,26.42,26.235,26.34,39384,0
ARES_A.US,D,20201106,000000,26.285,26.4,26.21,26.3,14855,0
ARES_A.US,D,20201109,000000,26.35,26.64,26.22,26.45,16797,0
ARES_A.US,D,20201110,000000,26.4,26.4,26.28,26.32,12665,0
ARES_A.US,D,20201111,000000,26.3,26.36,26.2301,26.26,7186,0
ARES_A.US,D,20201112,000000,26.19,26.38,26.19,26.25,9150,0
ARES_A.US,D,20201113,000000,26.2976,26.3434,26.26,26.3434,8763,0
ARES_A.US,D,20201116,000000,26.39,26.58,26.22,26.45,17467,0
ARES_A.US,D,20201117,000000,26.545,26.545,26.1,26.24,100327,0
ARES_A.US,D,20201118,000000,26.23,26.29,26.01,26.04,85344,0
ARES_A.US,D,20201119,000000,26.105,26.235,26.07,26.1,42806,0
ARES_A.US,D,20201120,000000,26.13,26.22,26.09,26.18,18276,0
ARES_A.US,D,20201123,000000,26.21,26.24,26.16,26.22,18866,0
ARES_A.US,D,20201124,000000,26.26,26.27,26.16,26.16,5358,0
ARES_A.US,D,20201125,000000,26.14,26.197,26.11,26.16,22461,0
ARES_A.US,D,20201127,000000,26.204,26.204,26.11,26.2,8691,0
ARES_A.US,D,20201130,000000,26.2,26.25,26.1,26.1,35547,0
ARES_A.US,D,20201201,000000,26.185,26.2195,26.11,26.13,11238,0
ARES_A.US,D,20201202,000000,26.14,26.25,26.14,26.24,22261,0
ARES_A.US,D,20201203,000000,26.2,26.28,26.175,26.27,8534,0
ARES_A.US,D,20201204,000000,26.22,26.33,26.22,26.32,9223,0
ARES_A.US,D,20201207,000000,26.34,26.34,26.23,26.3,17839,0
ARES_A.US,D,20201208,000000,26.24,26.4,26.24,26.35,33153,0
ARES_A.US,D,20201209,000000,26.32,26.44,26.31,26.435,29478,0
ARES_A.US,D,20201210,000000,26.33,26.44,26.33,26.43,13833,0
ARES_A.US,D,20201211,000000,26.3936,26.4175,26.35,26.39,11856,0
ARES_A.US,D,20201214,000000,26.14,26.14,25.9401,26.14,19649,0
ARES_A.US,D,20201215,000000,26.05,26.05,25.89,25.95,73935,0
ARES_A.US,D,20201216,000000,25.87,25.95,25.85,25.9,14967,0
ARES_A.US,D,20201217,000000,25.92,25.95,25.86,25.87,16312,0
ARES_A.US,D,20201218,000000,25.87,25.96,25.82,25.94,25309,0
ARES_A.US,D,20201221,000000,25.8283,25.98,25.8283,25.87,17185,0
ARES_A.US,D,20201222,000000,25.92,25.9566,25.805,25.805,10425,0
ARES_A.US,D,20201223,000000,25.8875,25.93,25.8,25.86,8422,0
ARES_A.US,D,20201224,000000,25.86,25.93,25.77,25.93,13821,0
ARES_A.US,D,20201228,000000,25.83,25.83,25.73,25.81,16031,0
ARES_A.US,D,20201229,000000,25.82,25.85,25.75,25.834,6213,0
ARES_A.US,D,20201230,000000,25.84,25.96,25.84,25.96,8332,0
ARES_A.US,D,20201231,000000,25.98,26,25.9245,26,23523,0
ARES_A.US,D,20210104,000000,25.9454,25.99,25.87,25.91,5071,0
ARES_A.US,D,20210105,000000,25.905,25.97,25.874,25.965,6637,0
ARES_A.US,D,20210106,000000,25.8,25.83,25.7168,25.8,14924,0
ARES_A.US,D,20210107,000000,25.7317,25.76,25.63,25.68,20584,0
ARES_A.US,D,20210108,000000,25.66,25.74,25.655,25.74,15542,0
ARES_A.US,D,20210111,000000,25.7,25.79,25.64,25.65,18704,0
ARES_A.US,D,20210112,000000,25.65,25.7,25.61,25.7,13689,0
ARES_A.US,D,20210113,000000,25.7,25.94,25.65,25.68,22782,0
ARES_A.US,D,20210114,000000,25.75,25.75,25.658,25.658,11282,0
ARES_A.US,D,20210115,000000,25.7423,25.82,25.65,25.69,31432,0
ARES_A.US,D,20210119,000000,25.8,25.92,25.7,25.92,23595,0
ARES_A.US,D,20210120,000000,25.88,25.965,25.785,25.8844,16777,0
ARES_A.US,D,20210121,000000,25.88,25.98,25.69,25.72,15374,0
ARES_A.US,D,20210122,000000,25.73,25.93,25.72,25.73,21969,0
ARES_A.US,D,20210125,000000,25.7798,25.7798,25.68,25.7,14196,0
ARES_A.US,D,20210126,000000,25.711,25.84,25.71,25.81,6255,0
ARES_A.US,D,20210127,000000,25.68,25.8144,25.64,25.78,25428,0
ARES_A.US,D,20210128,000000,25.85,25.85,25.68,25.7,7392,0
ARES_A.US,D,20210129,000000,25.79,25.91,25.7,25.84,34733,0
ARES_A.US,D,20210201,000000,25.8989,25.9,25.72,25.8,17014,0
ARES_A.US,D,20210202,000000,25.87,25.9,25.7478,25.82,11271,0
ARES_A.US,D,20210203,000000,25.9076,25.93,25.7,25.75,9933,0
ARES_A.US,D,20210204,000000,25.72,25.85,25.7,25.79,17632,0
ARES_A.US,D,20210205,000000,25.87,25.87,25.73,25.8,17840,0
ARES_A.US,D,20210208,000000,25.72,25.7865,25.68,25.7,12509,0
ARES_A.US,D,20210209,000000,25.63,25.7889,25.63,25.72,14209,0
ARES_A.US,D,20210210,000000,25.66,25.7399,25.62,25.7,19842,0
ARES_A.US,D,20210211,000000,25.6994,25.755,25.68,25.68,19374,0
ARES_A.US,D,20210212,000000,25.74,25.74,25.5901,25.6,11553,0
ARES_A.US,D,20210216,000000,25.6,25.68,25.5509,25.58,20189,0
ARES_A.US,D,20210217,000000,25.6,25.7288,25.58,25.58,14025,0
ARES_A.US,D,20210218,000000,25.55,25.6492,25.55,25.6,10450,0
ARES_A.US,D,20210219,000000,25.56,25.63,25.55,25.6,12800,0
ARES_A.US,D,20210222,000000,25.6476,25.6696,25.6,25.64,14848,0
ARES_A.US,D,20210223,000000,25.68,25.68,25.57,25.63,27815,0
ARES_A.US,D,20210224,000000,25.61,25.764,25.55,25.61,30040,0
ARES_A.US,D,20210225,000000,25.61,25.93,25.56,25.87,99134,0
ARES_A.US,D,20210226,000000,25.85,25.88,25.5826,25.8,33027,0
ARES_A.US,D,20210301,000000,25.81,25.88,25.701,25.84,32044,0
ARES_A.US,D,20210302,000000,25.9,26.38,25.7501,25.91,35228,0
ARES_A.US,D,20210303,000000,25.77,25.946,25.73,25.82,14738,0
ARES_A.US,D,20210304,000000,25.75,25.8862,25.73,25.78,26747,0
ARES_A.US,D,20210305,000000,25.93,25.96,25.75,25.83,66503,0
ARES_A.US,D,20210308,000000,25.97,25.9716,25.75,25.83,8775,0
ARES_A.US,D,20210309,000000,25.82,25.83,25.78,25.83,9722,0
ARES_A.US,D,20210310,000000,25.85,25.97,25.78,25.97,15066,0
ARES_A.US,D,20210311,000000,25.98,25.98,25.83,25.92,29524,0
ARES_A.US,D,20210312,000000,25.49,25.55,25.35,25.53,16012,0
ARES_A.US,D,20210315,000000,25.59,25.643,25.41,25.49,21891,0
ARES_A.US,D,20210316,000000,25.49,25.5946,25.4616,25.5709,24182,0
ARES_A.US,D,20210317,000000,25.58,25.6,25.54,25.59,6738,0
ARES_A.US,D,20210318,000000,25.62,25.62,25.4,25.45,22169,0
ARES_A.US,D,20210319,000000,25.4,25.6456,25.4,25.49,9705,0
ARES_A.US,D,20210322,000000,25.5,25.5793,25.47,25.47,17263,0
ARES_A.US,D,20210323,000000,25.51,25.574,25.4871,25.4871,6348,0
ARES_A.US,D,20210324,000000,25.525,25.66,25.52,25.55,19482,0
ARES_A.US,D,20210325,000000,25.55,25.62,25.49,25.4901,13342,0
ARES_A.US,D,20210326,000000,25.4736,25.69,25.4736,25.67,22873,0
ARES_A.US,D,20210329,000000,25.67,25.67,25.5,25.55,16895,0
ARES_A.US,D,20210330,000000,25.48,25.66,25.47,25.66,21298,0
ARES_A.US,D,20210331,000000,25.69,25.75,25.55,25.55,29784,0
ARES_A.US,D,20210401,000000,25.6,25.7247,25.5686,25.7,13558,0
ARES_A.US,D,20210405,000000,25.75,25.75,25.63,25.7,20349,0
ARES_A.US,D,20210406,000000,25.6312,25.765,25.6,25.6,37277,0
ARES_A.US,D,20210407,000000,25.55,25.7486,25.5,25.64,24024,0
ARES_A.US,D,20210408,000000,25.6197,25.68,25.55,25.62,21208,0
ARES_A.US,D,20210409,000000,25.56,25.7199,25.53,25.54,10294,0
ARES_A.US,D,20210412,000000,25.59,25.6692,25.59,25.635,7663,0
ARES_A.US,D,20210413,000000,25.63,25.715,25.6152,25.7,9494,0
ARES_A.US,D,20210414,000000,25.635,25.635,25.5,25.51,27614,0
ARES_A.US,D,20210415,000000,25.58,25.58,25.445,25.55,17408,0
ARES_A.US,D,20210416,000000,25.5,25.58,25.44,25.44,19586,0
ARES_A.US,D,20210419,000000,25.5,25.5,25.44,25.45,17858,0
ARES_A.US,D,20210420,000000,25.44,25.5049,25.36,25.4328,25048,0
ARES_A.US,D,20210421,000000,25.426,25.47,25.4,25.4499,9326,0
ARES_A.US,D,20210422,000000,25.4595,25.46,25.39,25.44,23098,0
ARES_A.US,D,20210423,000000,25.41,25.51,25.41,25.49,21393,0
ARES_A.US,D,20210426,000000,25.46,25.53,25.46,25.53,10183,0
ARES_A.US,D,20210427,000000,25.54,25.54,25.47,25.47,14171,0
ARES_A.US,D,20210428,000000,25.46,25.53,25.45,25.53,13347,0
ARES_A.US,D,20210429,000000,25.48,25.53,25.43,25.48,11196,0
ARES_A.US,D,20210430,000000,25.43,25.53,25.38,25.4,50824,0
ARES_A.US,D,20210503,000000,25.41,25.5193,25.41,25.47,13811,0
ARES_A.US,D,20210504,000000,25.475,25.57,25.47,25.57,10182,0
ARES_A.US,D,20210505,000000,25.58,25.59,25.51,25.56,6948,0
ARES_A.US,D,20210506,000000,25.59,25.59,25.47,25.59,9886,0
ARES_A.US,D,20210507,000000,25.59,25.7,25.47,25.7,17491,0
ARES_A.US,D,20210510,000000,25.623,25.65,25.47,25.49,16185,0
ARES_A.US,D,20210511,000000,25.48,25.52,25.42,25.43,11519,0
ARES_A.US,D,20210512,000000,25.42,25.55,25.4,25.4,17740,0
ARES_A.US,D,20210513,000000,25.4,25.69,25.4,25.69,8128,0
ARES_A.US,D,20210514,000000,25.69,25.7,25.47,25.7,9474,0
ARES_A.US,D,20210517,000000,25.7,25.73,25.6,25.71,13640,0
ARES_A.US,D,20210518,000000,25.67,25.7288,25.5329,25.61,11714,0
ARES_A.US,D,20210519,000000,25.54,25.7491,25.54,25.71,8914,0
ARES_A.US,D,20210520,000000,25.67,25.72,25.66,25.72,20516,0
ARES_A.US,D,20210521,000000,25.68,25.74,25.68,25.74,16132,0
ARES_A.US,D,20210524,000000,25.75,25.7696,25.4705,25.62,42882,0
ARES_A.US,D,20210525,000000,25.67,25.67,25.52,25.65,10645,0
ARES_A.US,D,20210526,000000,25.57,25.63,25.52,25.63,11843,0
ARES_A.US,D,20210527,000000,25.65,25.65,25.53,25.57,20320,0
ARES_A.US,D,20210528,000000,25.54,25.78,25.54,25.7,26411,0
ARES_A.US,D,20210601,000000,25.5,25.58,25.45,25.5,58687,0
ARES_A.US,D,20210602,000000,25.47,25.48,25.44,25.47,32873,0
ARES_A.US,D,20210603,000000,25.44,25.47,25.44,25.46,22782,0
ARES_A.US,D,20210604,000000,25.47,25.47,25.44,25.455,34729,0
ARES_A.US,D,20210607,000000,25.47,25.47,25.4,25.46,52291,0
ARES_A.US,D,20210608,000000,25.4162,25.445,25.4,25.4,13051,0
ARES_A.US,D,20210609,000000,25.4189,25.46,25.41,25.46,10178,0
ARES_A.US,D,20210610,000000,25.46,25.46,25.38,25.4,102005,0
ARES_A.US,D,20210611,000000,25.4,25.46,25.4,25.46,14596,0
ARES_A.US,D,20210614,000000,25.03,25.03,24.99,25.01,25675,0
ARES_A.US,D,20210615,000000,25,25.0023,24.99,25,20823,0
ARES_A.US,D,20210616,000000,25,25.01,24.98,25.01,21925,0
ARES_A.US,D,20210617,000000,25.005,25.01,24.97,24.97,58614,0
ARES_A.US,D,20210618,000000,24.97,24.99,24.97,24.99,37932,0
ARES_A.US,D,20210621,000000,24.99,25.25,24.9892,25.01,16794,0
ARES_A.US,D,20210622,000000,24.99,25.001,24.99,25,7389,0
ARES_A.US,D,20210623,000000,25,25.01,24.9945,25.01,41960,0
ARES_A.US,D,20210624,000000,24.99,25.01,24.99,25.0099,14285,0
ARES_A.US,D,20210625,000000,25.01,25.03,25.01,25.03,5922,0
ARES_A.US,D,20210628,000000,25,25.0162,24.99,24.99,33540,0
ARES_A.US,D,20210629,000000,25.02,25.02,24.99,24.99,21782,0
